0 6
0 7
0 15
0 19
0 20
0 26
0 30
0 32
0 37
0 40
0 44
0 49
0 51
0 54
0 56
0 64
0 65
0 67
0 70
0 72
0 74
0 79
0 88
0 89
0 93
0 94
0 97
0 101
0 102
0 106
0 112
0 114
0 115
0 117
0 121
0 122
0 125
0 131
0 133
0 134
0 137
0 138
0 142
0 143
0 146
0 149
0 152
0 154
0 157
1 4
1 6
1 7
1 26
1 30
1 31
1 32
1 35
1 37
1 38
1 40
1 44
1 45
1 49
1 51
1 52
1 54
1 56
1 64
1 65
1 66
1 67
1 68
1 70
1 72
1 74
1 79
1 83
1 86
1 87
1 89
1 94
1 97
1 100
1 101
1 102
1 106
1 112
1 114
1 115
1 121
1 129
1 130
1 131
1 133
1 134
1 137
1 138
1 142
1 143
1 145
1 146
1 152
1 154
1 157
2 7
2 20
2 26
2 32
2 51
2 54
2 56
2 64
2 68
2 72
2 74
2 75
2 79
2 89
2 101
2 106
2 125
2 130
2 131
2 133
2 137
2 138
2 142
2 146
2 147
2 152
2 154
3 4
3 6
3 7
3 31
3 32
3 40
3 44
3 45
3 49
3 51
3 54
3 56
3 64
3 65
3 66
3 68
3 70
3 72
3 74
3 75
3 79
3 87
3 89
3 94
3 97
3 101
3 102
3 106
3 114
3 115
3 125
3 130
3 131
3 133
3 134
3 137
3 142
3 146
3 147
3 149
3 152
3 154
4 1
4 6
4 7
4 15
4 18
4 19
4 20
4 23
4 26
4 28
4 30
4 31
4 32
4 34
4 35
4 37
4 38
4 40
4 42
4 44
4 45
4 49
4 51
4 54
4 56
4 57
4 58
4 63
4 64
4 65
4 66
4 67
4 68
4 70
4 72
4 74
4 75
4 79
4 83
4 86
4 87
4 88
4 89
4 93
4 94
4 95
4 97
4 98
4 101
4 102
4 103
4 106
4 107
4 111
4 112
4 114
4 115
4 117
4 121
4 122
4 125
4 127
4 129
4 130
4 131
4 133
4 134
4 136
4 137
4 138
4 142
4 145
4 146
4 147
4 152
4 153
4 154
4 157
5 1
5 7
5 31
5 34
5 37
5 38
5 40
5 45
5 49
5 51
5 54
5 56
5 65
5 67
5 70
5 72
5 74
5 79
5 89
5 94
5 101
5 112
5 114
5 115
5 125
5 130
5 133
5 137
5 138
5 142
5 143
5 146
5 152
5 154
6 1
6 4
6 7
6 15
6 17
6 18
6 19
6 20
6 23
6 26
6 30
6 31
6 32
6 34
6 35
6 37
6 38
6 40
6 42
6 44
6 45
6 46
6 49
6 51
6 52
6 54
6 56
6 57
6 58
6 63
6 64
6 65
6 66
6 67
6 68
6 70
6 72
6 74
6 75
6 79
6 83
6 86
6 87
6 88
6 89
6 93
6 94
6 95
6 97
6 98
6 100
6 101
6 102
6 103
6 106
6 107
6 111
6 112
6 114
6 115
6 117
6 120
6 121
6 122
6 125
6 127
6 129
6 130
6 131
6 133
6 134
6 136
6 137
6 138
6 142
6 143
6 145
6 146
6 147
6 149
6 152
6 153
6 154
6 157
7 1
7 4
7 6
7 15
7 17
7 18
7 19
7 20
7 23
7 26
7 28
7 30
7 31
7 32
7 34
7 35
7 37
7 38
7 40
7 42
7 44
7 45
7 46
7 49
7 51
7 52
7 54
7 56
7 57
7 58
7 63
7 64
7 65
7 66
7 67
7 68
7 70
7 72
7 74
7 75
7 79
7 83
7 86
7 87
7 88
7 89
7 93
7 94
7 97
7 98
7 100
7 101
7 102
7 103
7 106
7 107
7 111
7 112
7 114
7 115
7 117
7 120
7 121
7 122
7 125
7 127
7 129
7 130
7 131
7 133
7 134
7 137
7 138
7 142
7 143
7 145
7 146
7 147
7 149
7 152
7 153
7 154
7 156
7 157
8 6
8 7
8 19
8 26
8 31
8 32
8 40
8 49
8 51
8 54
8 56
8 58
8 64
8 65
8 66
8 67
8 68
8 70
8 72
8 74
8 79
8 87
8 89
8 94
8 97
8 101
8 103
8 112
8 114
8 115
8 117
8 129
8 131
8 133
8 137
8 138
8 142
8 146
8 152
8 154
9 1
9 4
9 6
9 7
9 18
9 19
9 23
9 26
9 32
9 35
9 37
9 38
9 40
9 44
9 45
9 49
9 51
9 52
9 54
9 56
9 57
9 63
9 64
9 65
9 66
9 67
9 68
9 70
9 72
9 74
9 75
9 79
9 83
9 87
9 89
9 93
9 94
9 97
9 101
9 102
9 106
9 107
9 115
9 117
9 121
9 122
9 125
9 129
9 130
9 131
9 133
9 134
9 137
9 138
9 142
9 143
9 145
9 152
9 153
9 154
9 157
10 1
10 4
10 6
10 7
10 19
10 26
10 30
10 31
10 32
10 35
10 37
10 38
10 40
10 44
10 45
10 49
10 51
10 54
10 56
10 63
10 64
10 65
10 67
10 68
10 70
10 72
10 74
10 75
10 79
10 87
10 89
10 94
10 97
10 101
10 102
10 106
10 107
10 112
10 114
10 115
10 117
10 121
10 125
10 130
10 131
10 133
10 134
10 137
10 138
10 142
10 143
10 146
10 147
10 149
10 152
10 154
10 157
11 1
11 6
11 7
11 15
11 18
11 19
11 23
11 26
11 30
11 31
11 32
11 35
11 37
11 38
11 40
11 42
11 44
11 45
11 49
11 51
11 52
11 54
11 56
11 64
11 65
11 66
11 67
11 68
11 70
11 72
11 74
11 79
11 83
11 86
11 87
11 88
11 89
11 93
11 94
11 95
11 97
11 101
11 102
11 106
11 112
11 114
11 115
11 117
11 120
11 121
11 125
11 127
11 129
11 130
11 131
11 133
11 134
11 136
11 137
11 138
11 142
11 143
11 145
11 146
11 147
11 149
11 152
11 153
11 154
11 157
12 1
12 6
12 7
12 19
12 26
12 31
12 32
12 35
12 37
12 40
12 42
12 44
12 45
12 49
12 51
12 54
12 56
12 64
12 65
12 67
12 70
12 72
12 74
12 79
12 83
12 88
12 89
12 93
12 94
12 101
12 102
12 103
12 107
12 112
12 114
12 115
12 117
12 125
12 129
12 130
12 131
12 133
12 134
12 136
12 137
12 138
12 142
12 145
12 147
12 149
12 152
12 153
12 154
13 4
13 6
13 7
13 20
13 26
13 30
13 31
13 32
13 37
13 40
13 49
13 51
13 54
13 56
13 64
13 67
13 68
13 70
13 72
13 74
13 79
13 89
13 94
13 101
13 102
13 114
13 115
13 117
13 125
13 130
13 131
13 133
13 134
13 137
13 138
13 142
13 146
13 147
13 152
13 153
13 154
14 1
14 4
14 6
14 7
14 15
14 17
14 18
14 19
14 20
14 23
14 26
14 28
14 30
14 31
14 32
14 34
14 35
14 37
14 38
14 40
14 42
14 44
14 45
14 46
14 49
14 51
14 52
14 54
14 56
14 57
14 58
14 63
14 64
14 65
14 66
14 67
14 68
14 70
14 72
14 74
14 75
14 79
14 83
14 86
14 87
14 88
14 89
14 93
14 94
14 95
14 97
14 98
14 100
14 101
14 102
14 103
14 106
14 107
14 111
14 112
14 114
14 115
14 117
14 120
14 121
14 122
14 125
14 127
14 129
14 130
14 131
14 133
14 134
14 136
14 137
14 138
14 142
14 143
14 145
14 146
14 147
14 149
14 152
14 153
14 154
14 156
14 157
15 1
15 6
15 7
15 19
15 26
15 28
15 30
15 31
15 37
15 38
15 40
15 45
15 49
15 51
15 54
15 56
15 63
15 64
15 67
15 70
15 72
15 74
15 83
15 86
15 89
15 94
15 100
15 101
15 106
15 112
15 114
15 117
15 122
15 125
15 130
15 131
15 133
15 137
15 138
15 142
15 146
15 149
15 152
15 154
16 6
16 7
16 18
16 19
16 26
16 31
16 37
16 40
16 49
16 51
16 54
16 56
16 64
16 65
16 67
16 70
16 72
16 74
16 79
16 89
16 93
16 101
16 102
16 115
16 120
16 125
16 129
16 133
16 134
16 137
16 138
16 142
16 146
16 147
16 149
16 152
16 154
17 7
17 26
17 32
17 38
17 44
17 49
17 51
17 54
17 56
17 67
17 70
17 72
17 74
17 79
17 89
17 100
17 101
17 114
17 121
17 133
17 134
17 138
17 142
17 152
17 154
18 1
18 6
18 7
18 15
18 19
18 26
18 32
18 37
18 38
18 40
18 44
18 45
18 49
18 51
18 52
18 54
18 56
18 58
18 63
18 64
18 65
18 66
18 67
18 68
18 70
18 72
18 74
18 75
18 79
18 86
18 89
18 93
18 94
18 97
18 101
18 102
18 106
18 111
18 114
18 115
18 117
18 125
18 129
18 130
18 131
18 133
18 134
18 137
18 138
18 142
18 147
18 149
18 152
18 154
19 1
19 4
19 6
19 7
19 15
19 17
19 18
19 20
19 23
19 26
19 28
19 30
19 31
19 32
19 34
19 35
19 37
19 38
19 40
19 42
19 44
19 45
19 46
19 49
19 51
19 52
19 54
19 56
19 57
19 58
19 63
19 64
19 65
19 66
19 67
19 68
19 70
19 72
19 74
19 75
19 79
19 83
19 86
19 87
19 88
19 89
19 93
19 94
19 95
19 97
19 98
19 100
19 101
19 102
19 103
19 106
19 107
19 111
19 112
19 114
19 115
19 117
19 120
19 121
19 122
19 125
19 127
19 129
19 130
19 131
19 133
19 134
19 136
19 137
19 138
19 142
19 143
19 145
19 146
19 147
19 149
19 152
19 153
19 154
19 156
19 157
20 4
20 7
20 19
20 26
20 31
20 38
20 40
20 49
20 51
20 54
20 64
20 65
20 66
20 70
20 72
20 74
20 79
20 89
20 97
20 101
20 102
20 114
20 115
20 117
20 125
20 130
20 131
20 133
20 134
20 137
20 138
20 147
20 149
20 152
20 154
21 1
21 4
21 6
21 7
21 15
21 18
21 19
21 20
21 23
21 26
21 28
21 30
21 31
21 32
21 35
21 37
21 38
21 40
21 42
21 45
21 46
21 49
21 51
21 52
21 54
21 56
21 57
21 58
21 63
21 64
21 65
21 66
21 67
21 68
21 70
21 72
21 74
21 75
21 79
21 83
21 86
21 87
21 88
21 89
21 93
21 94
21 95
21 97
21 100
21 101
21 102
21 103
21 106
21 107
21 112
21 115
21 117
21 121
21 122
21 125
21 127
21 129
21 130
21 131
21 133
21 134
21 136
21 137
21 138
21 142
21 143
21 145
21 146
21 147
21 149
21 152
21 153
21 154
21 157
22 4
22 6
22 7
22 26
22 31
22 32
22 34
22 38
22 40
22 45
22 49
22 51
22 54
22 64
22 65
22 67
22 70
22 72
22 74
22 75
22 79
22 87
22 93
22 94
22 101
22 106
22 115
22 117
22 120
22 125
22 130
22 133
22 137
22 138
22 146
22 147
22 152
22 153
22 154
23 7
23 26
23 30
23 31
23 37
23 38
23 40
23 44
23 45
23 49
23 51
23 54
23 56
23 64
23 65
23 66
23 67
23 68
23 70
23 72
23 74
23 79
23 83
23 89
23 94
23 101
23 102
23 106
23 114
23 125
23 131
23 133
23 137
23 138
23 142
23 146
23 147
23 152
23 154
24 6
24 7
24 15
24 26
24 28
24 32
24 38
24 40
24 44
24 45
24 49
24 51
24 54
24 56
24 57
24 58
24 64
24 65
24 66
24 67
24 70
24 72
24 74
24 75
24 79
24 89
24 94
24 101
24 102
24 103
24 106
24 107
24 114
24 115
24 125
24 129
24 130
24 131
24 133
24 134
24 137
24 138
24 142
24 143
24 145
24 146
24 147
24 152
24 154
24 157
25 1
25 4
25 7
25 19
25 20
25 26
25 31
25 32
25 34
25 38
25 40
25 42
25 44
25 49
25 51
25 52
25 54
25 56
25 57
25 63
25 64
25 65
25 67
25 68
25 70
25 72
25 74
25 75
25 79
25 83
25 87
25 93
25 94
25 97
25 101
25 102
25 103
25 106
25 111
25 112
25 114
25 115
25 117
25 121
25 122
25 125
25 129
25 130
25 131
25 133
25 134
25 137
25 138
25 142
25 146
25 147
25 152
25 153
25 154
25 157
26 1
26 4
26 6
26 7
26 15
26 17
26 18
26 19
26 20
26 23
26 28
26 30
26 31
26 32
26 34
26 35
26 37
26 38
26 40
26 42
26 44
26 45
26 46
26 49
26 51
26 52
26 54
26 56
26 57
26 58
26 63
26 64
26 65
26 66
26 67
26 68
26 70
26 72
26 74
26 75
26 79
26 83
26 86
26 87
26 88
26 89
26 93
26 94
26 95
26 97
26 98
26 100
26 101
26 102
26 103
26 106
26 107
26 111
26 112
26 114
26 115
26 117
26 120
26 121
26 122
26 125
26 127
26 129
26 130
26 131
26 133
26 134
26 136
26 137
26 138
26 142
26 143
26 145
26 146
26 147
26 149
26 152
26 153
26 154
26 156
26 157
27 6
27 7
27 26
27 31
27 34
27 44
27 51
27 54
27 56
27 65
27 67
27 70
27 72
27 74
27 89
27 101
27 102
27 106
27 125
27 130
27 133
27 134
27 137
27 138
27 142
27 146
27 152
27 154
28 1
28 6
28 7
28 19
28 20
28 26
28 31
28 32
28 35
28 38
28 40
28 42
28 44
28 46
28 49
28 51
28 52
28 54
28 56
28 57
28 64
28 68
28 70
28 72
28 74
28 79
28 89
28 94
28 97
28 101
28 106
28 115
28 125
28 129
28 130
28 131
28 133
28 134
28 137
28 138
28 142
28 143
28 145
28 149
28 152
28 154
29 7
29 26
29 31
29 32
29 37
29 38
29 40
29 45
29 49
29 51
29 54
29 56
29 64
29 67
29 70
29 72
29 74
29 83
29 86
29 89
29 93
29 101
29 106
29 114
29 115
29 117
29 125
29 130
29 131
29 133
29 137
29 138
29 142
29 143
29 149
29 152
29 154
30 4
30 6
30 7
30 15
30 17
30 18
30 19
30 23
30 26
30 28
30 31
30 35
30 37
30 38
30 40
30 42
30 44
30 45
30 46
30 49
30 51
30 52
30 54
30 56
30 57
30 58
30 64
30 66
30 67
30 68
30 70
30 72
30 74
30 75
30 79
30 83
30 87
30 89
30 93
30 94
30 95
30 97
30 100
30 101
30 102
30 103
30 106
30 112
30 114
30 115
30 117
30 121
30 122
30 125
30 129
30 130
30 131
30 133
30 134
30 136
30 137
30 138
30 142
30 143
30 145
30 146
30 149
30 152
30 153
30 154
30 157
31 1
31 4
31 6
31 7
31 15
31 18
31 19
31 20
31 23
31 26
31 28
31 30
31 32
31 34
31 35
31 37
31 38
31 40
31 42
31 44
31 45
31 46
31 49
31 51
31 52
31 54
31 56
31 57
31 58
31 63
31 64
31 65
31 66
31 67
31 68
31 70
31 72
31 74
31 75
31 79
31 83
31 86
31 87
31 88
31 89
31 93
31 94
31 95
31 97
31 98
31 100
31 101
31 102
31 103
31 106
31 107
31 111
31 112
31 114
31 115
31 117
31 120
31 121
31 122
31 125
31 127
31 129
31 130
31 131
31 133
31 134
31 136
31 137
31 138
31 142
31 143
31 145
31 146
31 147
31 149
31 152
31 153
31 154
31 156
31 157
32 1
32 6
32 7
32 15
32 17
32 18
32 19
32 26
32 28
32 30
32 31
32 34
32 35
32 37
32 38
32 40
32 42
32 44
32 45
32 46
32 49
32 51
32 52
32 54
32 56
32 57
32 58
32 63
32 64
32 65
32 66
32 67
32 68
32 70
32 72
32 74
32 75
32 79
32 83
32 86
32 87
32 89
32 94
32 97
32 100
32 101
32 102
32 103
32 106
32 107
32 112
32 114
32 115
32 117
32 120
32 121
32 125
32 129
32 130
32 131
32 133
32 134
32 136
32 137
32 138
32 142
32 143
32 146
32 147
32 149
32 152
32 153
32 154
32 156
32 157
33 6
33 7
33 26
33 31
33 32
33 35
33 37
33 40
33 49
33 51
33 54
33 64
33 65
33 66
33 67
33 68
33 70
33 72
33 74
33 89
33 94
33 101
33 102
33 106
33 115
33 125
33 129
33 130
33 131
33 133
33 137
33 138
33 142
33 149
33 152
33 154
34 1
34 6
34 7
34 18
34 19
34 20
34 26
34 31
34 35
34 37
34 38
34 40
34 45
34 49
34 51
34 54
34 56
34 57
34 64
34 65
34 67
34 70
34 72
34 74
34 79
34 87
34 89
34 97
34 101
34 102
34 106
34 107
34 112
34 114
34 115
34 117
34 125
34 129
34 130
34 131
34 133
34 134
34 137
34 138
34 142
34 143
34 147
34 149
34 152
34 154
35 1
35 4
35 6
35 7
35 18
35 19
35 20
35 23
35 26
35 30
35 31
35 32
35 34
35 37
35 38
35 40
35 44
35 45
35 46
35 49
35 51
35 52
35 54
35 56
35 57
35 64
35 65
35 66
35 67
35 68
35 70
35 72
35 74
35 75
35 79
35 83
35 86
35 87
35 88
35 89
35 93
35 94
35 97
35 100
35 101
35 102
35 103
35 106
35 107
35 111
35 112
35 115
35 117
35 120
35 121
35 122
35 125
35 127
35 130
35 131
35 133
35 134
35 136
35 137
35 138
35 142
35 143
35 145
35 146
35 147
35 152
35 153
35 154
35 157
36 1
36 4
36 6
36 7
36 15
36 18
36 19
36 20
36 23
36 26
36 31
36 32
36 35
36 37
36 38
36 40
36 45
36 49
36 51
36 54
36 56
36 58
36 63
36 64
36 65
36 66
36 67
36 68
36 70
36 72
36 74
36 79
36 83
36 88
36 89
36 93
36 94
36 97
36 101
36 102
36 106
36 114
36 115
36 117
36 122
36 125
36 129
36 130
36 131
36 133
36 134
36 137
36 138
36 142
36 143
36 146
36 147
36 149
36 152
36 154
36 157
37 4
37 6
37 7
37 26
37 30
37 31
37 32
37 38
37 40
37 49
37 51
37 54
37 63
37 64
37 65
37 66
37 67
37 68
37 70
37 72
37 74
37 75
37 79
37 83
37 87
37 89
37 94
37 97
37 101
37 102
37 103
37 106
37 114
37 115
37 117
37 125
37 130
37 131
37 133
37 134
37 137
37 138
37 142
37 146
37 147
37 152
37 154
37 157
38 4
38 6
38 7
38 15
38 18
38 19
38 20
38 23
38 26
38 30
38 31
38 32
38 35
38 37
38 40
38 45
38 49
38 51
38 52
38 54
38 56
38 64
38 65
38 67
38 68
38 70
38 72
38 74
38 75
38 79
38 83
38 86
38 89
38 93
38 94
38 97
38 101
38 102
38 103
38 106
38 107
38 112
38 114
38 115
38 117
38 120
38 122
38 125
38 129
38 130
38 131
38 133
38 137
38 138
38 142
38 143
38 146
38 147
38 149
38 152
38 153
38 154
38 156
39 1
39 6
39 7
39 19
39 20
39 26
39 28
39 30
39 31
39 32
39 37
39 38
39 40
39 45
39 46
39 49
39 51
39 52
39 54
39 56
39 63
39 64
39 65
39 66
39 67
39 68
39 70
39 72
39 74
39 79
39 83
39 86
39 88
39 97
39 101
39 102
39 106
39 112
39 114
39 115
39 117
39 122
39 125
39 129
39 130
39 131
39 133
39 134
39 137
39 138
39 142
39 143
39 145
39 152
39 153
39 154
40 1
40 4
40 6
40 7
40 15
40 17
40 18
40 19
40 20
40 23
40 26
40 28
40 30
40 31
40 32
40 34
40 35
40 37
40 38
40 42
40 44
40 45
40 46
40 49
40 51
40 52
40 54
40 56
40 57
40 58
40 63
40 64
40 65
40 66
40 67
40 68
40 70
40 72
40 74
40 75
40 79
40 83
40 86
40 87
40 88
40 89
40 93
40 94
40 95
40 97
40 98
40 100
40 101
40 102
40 103
40 106
40 107
40 111
40 112
40 114
40 115
40 117
40 120
40 121
40 122
40 125
40 127
40 129
40 130
40 131
40 133
40 134
40 136
40 137
40 138
40 142
40 143
40 145
40 146
40 147
40 149
40 152
40 153
40 154
40 156
40 157
41 1
41 6
41 7
41 26
41 31
41 40
41 44
41 45
41 46
41 49
41 51
41 54
41 66
41 70
41 72
41 74
41 79
41 87
41 89
41 101
41 102
41 107
41 112
41 115
41 117
41 125
41 131
41 133
41 138
41 149
41 152
41 154
42 1
42 4
42 6
42 7
42 18
42 19
42 26
42 30
42 31
42 32
42 37
42 38
42 40
42 44
42 49
42 51
42 52
42 54
42 56
42 64
42 65
42 66
42 68
42 70
42 72
42 74
42 79
42 87
42 88
42 89
42 93
42 94
42 101
42 102
42 106
42 111
42 114
42 115
42 117
42 120
42 125
42 129
42 130
42 131
42 133
42 134
42 137
42 138
42 142
42 143
42 146
42 149
42 152
42 154
42 157
43 1
43 4
43 6
43 7
43 18
43 19
43 20
43 26
43 30
43 31
43 32
43 35
43 37
43 38
43 40
43 42
43 44
43 45
43 46
43 49
43 51
43 52
43 54
43 56
43 64
43 65
43 67
43 68
43 70
43 72
43 74
43 75
43 79
43 83
43 86
43 87
43 88
43 89
43 93
43 94
43 95
43 97
43 101
43 102
43 103
43 107
43 114
43 115
43 117
43 121
43 122
43 125
43 127
43 129
43 130
43 131
43 133
43 137
43 138
43 142
43 143
43 146
43 147
43 149
43 152
43 154
43 157
44 1
44 4
44 6
44 7
44 15
44 18
44 19
44 20
44 26
44 28
44 30
44 31
44 32
44 37
44 40
44 42
44 45
44 46
44 49
44 51
44 52
44 54
44 56
44 63
44 64
44 65
44 66
44 67
44 68
44 70
44 72
44 74
44 75
44 79
44 86
44 87
44 89
44 93
44 94
44 98
44 100
44 101
44 102
44 103
44 106
44 107
44 114
44 115
44 117
44 122
44 125
44 127
44 129
44 130
44 131
44 133
44 134
44 137
44 138
44 142
44 145
44 146
44 147
44 149
44 152
44 153
44 154
44 157
45 6
45 7
45 15
45 19
45 26
45 30
45 31
45 32
45 35
45 37
45 38
45 40
45 44
45 49
45 51
45 52
45 54
45 56
45 57
45 58
45 63
45 64
45 65
45 66
45 67
45 68
45 70
45 72
45 74
45 75
45 79
45 83
45 86
45 87
45 88
45 89
45 93
45 94
45 97
45 101
45 103
45 106
45 111
45 112
45 114
45 115
45 117
45 121
45 122
45 125
45 129
45 130
45 131
45 133
45 134
45 137
45 138
45 142
45 143
45 145
45 146
45 147
45 152
45 153
45 154
46 1
46 4
46 6
46 7
46 18
46 19
46 20
46 23
46 26
46 28
46 30
46 31
46 32
46 34
46 37
46 44
46 45
46 49
46 51
46 54
46 56
46 57
46 58
46 63
46 64
46 65
46 67
46 68
46 70
46 72
46 74
46 79
46 83
46 89
46 93
46 94
46 97
46 100
46 101
46 102
46 106
46 107
46 112
46 115
46 117
46 121
46 125
46 129
46 130
46 131
46 133
46 134
46 137
46 138
46 142
46 145
46 146
46 147
46 152
46 153
46 154
46 157
47 7
47 26
47 34
47 49
47 51
47 54
47 56
47 65
47 67
47 68
47 72
47 74
47 79
47 94
47 101
47 115
47 130
47 131
47 137
47 138
47 142
47 152
47 154
48 1
48 6
48 7
48 26
48 32
48 38
48 40
48 44
48 45
48 49
48 54
48 63
48 64
48 65
48 67
48 68
48 70
48 72
48 74
48 79
48 89
48 94
48 101
48 102
48 112
48 115
48 117
48 125
48 133
48 134
48 137
48 138
48 142
48 146
48 147
48 152
48 153
48 154
48 157
49 1
49 4
49 6
49 7
49 15
49 18
49 19
49 20
49 23
49 26
49 28
49 30
49 31
49 32
49 34
49 35
49 37
49 38
49 40
49 42
49 44
49 45
49 46
49 51
49 52
49 54
49 56
49 57
49 58
49 63
49 64
49 65
49 66
49 67
49 68
49 70
49 72
49 74
49 75
49 79
49 83
49 86
49 87
49 89
49 93
49 94
49 95
49 97
49 98
49 100
49 101
49 102
49 103
49 106
49 107
49 111
49 112
49 114
49 115
49 117
49 120
49 121
49 122
49 125
49 127
49 129
49 130
49 131
49 133
49 134
49 136
49 137
49 138
49 142
49 143
49 145
49 146
49 147
49 149
49 152
49 153
49 154
49 156
49 157
50 6
50 7
50 18
50 19
50 26
50 30
50 31
50 32
50 34
50 37
50 38
50 40
50 42
50 44
50 45
50 49
50 51
50 54
50 56
50 63
50 64
50 65
50 67
50 68
50 70
50 72
50 74
50 75
50 79
50 83
50 86
50 89
50 93
50 94
50 97
50 101
50 102
50 106
50 111
50 112
50 114
50 115
50 117
50 121
50 125
50 129
50 130
50 131
50 133
50 136
50 137
50 138
50 142
50 147
50 149
50 152
50 153
50 154
50 157
51 1
51 4
51 6
51 7
51 15
51 17
51 18
51 19
51 20
51 23
51 26
51 28
51 30
51 31
51 32
51 34
51 35
51 37
51 38
51 40
51 42
51 44
51 45
51 46
51 49
51 52
51 54
51 56
51 57
51 58
51 63
51 64
51 65
51 66
51 67
51 68
51 70
51 72
51 74
51 75
51 79
51 83
51 86
51 87
51 88
51 89
51 93
51 94
51 95
51 97
51 98
51 100
51 101
51 102
51 103
51 106
51 107
51 111
51 112
51 114
51 115
51 117
51 120
51 121
51 122
51 125
51 127
51 129
51 130
51 131
51 133
51 134
51 136
51 137
51 138
51 142
51 143
51 145
51 146
51 147
51 149
51 152
51 153
51 154
51 156
51 157
52 6
52 7
52 19
52 26
52 30
52 31
52 32
52 34
52 35
52 37
52 38
52 45
52 49
52 51
52 54
52 56
52 64
52 65
52 66
52 67
52 70
52 72
52 74
52 79
52 89
52 93
52 94
52 97
52 101
52 102
52 114
52 115
52 121
52 125
52 130
52 131
52 133
52 137
52 138
52 146
52 147
52 152
52 153
52 154
53 7
53 26
53 30
53 31
53 32
53 40
53 44
53 46
53 51
53 54
53 56
53 64
53 67
53 68
53 72
53 74
53 79
53 83
53 87
53 89
53 93
53 101
53 106
53 112
53 114
53 115
53 120
53 125
53 129
53 130
53 131
53 133
53 137
53 138
53 146
53 147
53 149
53 152
53 153
53 154
54 1
54 4
54 6
54 7
54 15
54 17
54 18
54 19
54 20
54 23
54 26
54 28
54 30
54 31
54 32
54 34
54 35
54 37
54 38
54 40
54 42
54 44
54 45
54 46
54 49
54 51
54 52
54 56
54 57
54 58
54 63
54 64
54 65
54 66
54 67
54 68
54 70
54 72
54 74
54 75
54 79
54 83
54 86
54 87
54 88
54 89
54 93
54 94
54 95
54 97
54 98
54 100
54 101
54 102
54 103
54 106
54 107
54 111
54 112
54 114
54 115
54 117
54 120
54 121
54 122
54 125
54 127
54 129
54 130
54 131
54 133
54 134
54 136
54 137
54 138
54 142
54 143
54 145
54 146
54 147
54 149
54 152
54 153
54 154
54 156
54 157
55 1
55 4
55 6
55 7
55 15
55 18
55 19
55 20
55 26
55 30
55 31
55 32
55 35
55 37
55 38
55 40
55 45
55 46
55 49
55 51
55 52
55 54
55 56
55 57
55 64
55 65
55 66
55 67
55 68
55 70
55 72
55 74
55 75
55 79
55 83
55 86
55 88
55 89
55 93
55 94
55 97
55 101
55 102
55 106
55 107
55 112
55 114
55 115
55 122
55 125
55 130
55 131
55 133
55 134
55 137
55 138
55 142
55 147
55 149
55 152
55 153
55 154
56 1
56 4
56 6
56 7
56 15
56 18
56 19
56 20
56 23
56 26
56 30
56 31
56 32
56 34
56 35
56 37
56 38
56 40
56 42
56 44
56 45
56 46
56 49
56 51
56 52
56 54
56 57
56 58
56 63
56 64
56 65
56 66
56 67
56 68
56 70
56 72
56 74
56 75
56 79
56 83
56 86
56 87
56 88
56 89
56 93
56 94
56 95
56 97
56 98
56 100
56 101
56 102
56 103
56 106
56 107
56 111
56 112
56 114
56 115
56 117
56 120
56 121
56 122
56 125
56 129
56 130
56 131
56 133
56 134
56 136
56 137
56 138
56 142
56 143
56 145
56 146
56 147
56 149
56 152
56 153
56 154
56 156
56 157
57 6
57 7
57 18
57 20
57 23
57 26
57 31
57 35
57 38
57 40
57 45
57 49
57 51
57 54
57 56
57 58
57 64
57 65
57 67
57 68
57 70
57 72
57 74
57 79
57 94
57 101
57 102
57 106
57 112
57 114
57 115
57 125
57 129
57 130
57 131
57 133
57 134
57 137
57 138
57 145
57 149
57 152
57 154
58 1
58 4
58 6
58 7
58 15
58 19
58 20
58 26
58 30
58 31
58 32
58 34
58 35
58 37
58 38
58 40
58 42
58 44
58 45
58 49
58 51
58 52
58 54
58 56
58 57
58 63
58 64
58 65
58 66
58 67
58 68
58 70
58 72
58 74
58 79
58 83
58 87
58 89
58 94
58 97
58 100
58 101
58 102
58 106
58 107
58 111
58 112
58 114
58 115
58 117
58 120
58 121
58 125
58 127
58 130
58 131
58 133
58 134
58 137
58 138
58 142
58 143
58 145
58 146
58 147
58 149
58 152
58 153
58 154
58 157
59 4
59 6
59 7
59 18
59 19
59 26
59 30
59 31
59 32
59 37
59 40
59 49
59 51
59 54
59 64
59 65
59 67
59 68
59 70
59 72
59 74
59 75
59 79
59 86
59 89
59 97
59 101
59 106
59 107
59 115
59 117
59 125
59 130
59 131
59 133
59 134
59 137
59 138
59 142
59 145
59 146
59 147
59 152
59 154
59 157
60 7
60 18
60 31
60 32
60 37
60 45
60 54
60 64
60 66
60 72
60 74
60 79
60 89
60 101
60 106
60 115
60 125
60 133
60 138
60 149
60 152
60 154
61 1
61 6
61 7
61 19
61 28
61 30
61 31
61 32
61 40
61 45
61 49
61 51
61 52
61 54
61 56
61 57
61 58
61 64
61 65
61 67
61 70
61 72
61 74
61 79
61 83
61 89
61 94
61 97
61 101
61 102
61 106
61 107
61 112
61 114
61 117
61 125
61 130
61 131
61 133
61 136
61 137
61 138
61 142
61 146
61 147
61 149
61 152
61 153
61 154
61 157
62 6
62 7
62 19
62 26
62 31
62 32
62 35
62 38
62 40
62 49
62 51
62 54
62 64
62 72
62 74
62 79
62 87
62 89
62 93
62 94
62 101
62 102
62 106
62 131
62 133
62 137
62 138
62 143
62 152
62 154
63 1
63 4
63 6
63 7
63 18
63 19
63 20
63 23
63 26
63 30
63 31
63 32
63 35
63 37
63 38
63 40
63 44
63 45
63 46
63 49
63 51
63 52
63 54
63 56
63 57
63 58
63 64
63 65
63 67
63 70
63 72
63 74
63 75
63 79
63 83
63 86
63 87
63 89
63 93
63 94
63 95
63 97
63 100
63 101
63 102
63 103
63 106
63 107
63 111
63 112
63 114
63 115
63 117
63 120
63 122
63 125
63 129
63 130
63 131
63 133
63 134
63 137
63 138
63 142
63 143
63 145
63 146
63 147
63 149
63 152
63 153
63 154
63 157
64 1
64 4
64 6
64 7
64 15
64 17
64 18
64 19
64 20
64 23
64 26
64 28
64 30
64 31
64 32
64 34
64 35
64 37
64 38
64 40
64 42
64 44
64 45
64 46
64 49
64 51
64 52
64 54
64 56
64 57
64 58
64 63
64 65
64 66
64 67
64 68
64 70
64 72
64 74
64 75
64 79
64 83
64 86
64 87
64 88
64 89
64 93
64 94
64 95
64 97
64 100
64 101
64 102
64 103
64 106
64 107
64 111
64 112
64 114
64 115
64 117
64 120
64 121
64 122
64 125
64 127
64 129
64 130
64 131
64 133
64 134
64 136
64 137
64 138
64 142
64 143
64 145
64 146
64 147
64 149
64 152
64 153
64 154
64 156
64 157
65 1
65 4
65 6
65 7
65 15
65 18
65 19
65 20
65 23
65 26
65 30
65 31
65 32
65 34
65 35
65 37
65 38
65 40
65 42
65 44
65 45
65 46
65 49
65 51
65 52
65 54
65 56
65 57
65 58
65 63
65 64
65 66
65 67
65 68
65 70
65 72
65 74
65 75
65 79
65 86
65 87
65 88
65 89
65 93
65 94
65 95
65 97
65 98
65 100
65 101
65 102
65 103
65 106
65 107
65 111
65 112
65 114
65 115
65 117
65 120
65 121
65 122
65 125
65 127
65 129
65 130
65 131
65 133
65 134
65 137
65 138
65 142
65 143
65 145
65 146
65 147
65 149
65 152
65 153
65 154
65 157
66 1
66 4
66 6
66 7
66 19
66 20
66 23
66 26
66 30
66 31
66 32
66 34
66 37
66 38
66 40
66 42
66 44
66 45
66 46
66 49
66 51
66 52
66 54
66 56
66 58
66 64
66 65
66 67
66 70
66 72
66 74
66 75
66 79
66 83
66 87
66 89
66 93
66 94
66 95
66 97
66 98
66 101
66 102
66 103
66 106
66 107
66 112
66 114
66 115
66 121
66 125
66 129
66 130
66 131
66 133
66 134
66 137
66 138
66 142
66 145
66 147
66 152
66 153
66 154
67 1
67 4
67 6
67 7
67 15
67 17
67 18
67 19
67 20
67 23
67 26
67 28
67 30
67 31
67 32
67 34
67 35
67 37
67 38
67 40
67 42
67 44
67 45
67 46
67 49
67 51
67 52
67 54
67 56
67 57
67 58
67 63
67 64
67 65
67 66
67 68
67 70
67 72
67 74
67 75
67 79
67 83
67 86
67 87
67 88
67 89
67 93
67 94
67 95
67 97
67 98
67 100
67 101
67 102
67 103
67 106
67 107
67 111
67 112
67 114
67 115
67 117
67 120
67 121
67 122
67 125
67 127
67 129
67 130
67 131
67 133
67 134
67 136
67 137
67 138
67 142
67 143
67 145
67 146
67 147
67 149
67 152
67 153
67 154
67 156
67 157
68 1
68 4
68 6
68 7
68 15
68 17
68 18
68 19
68 20
68 23
68 26
68 28
68 30
68 31
68 32
68 34
68 35
68 37
68 38
68 40
68 42
68 44
68 45
68 46
68 49
68 51
68 52
68 54
68 56
68 57
68 58
68 63
68 64
68 65
68 66
68 67
68 70
68 72
68 74
68 75
68 79
68 83
68 86
68 87
68 88
68 89
68 93
68 94
68 95
68 97
68 98
68 101
68 102
68 103
68 106
68 107
68 111
68 112
68 114
68 115
68 117
68 120
68 121
68 125
68 129
68 130
68 131
68 133
68 134
68 136
68 137
68 138
68 142
68 143
68 145
68 146
68 147
68 149
68 152
68 153
68 154
68 156
68 157
69 1
69 4
69 6
69 7
69 15
69 18
69 19
69 20
69 23
69 26
69 30
69 31
69 32
69 34
69 35
69 37
69 38
69 40
69 42
69 44
69 45
69 46
69 49
69 51
69 52
69 54
69 56
69 58
69 63
69 64
69 65
69 66
69 68
69 70
69 72
69 74
69 75
69 79
69 83
69 86
69 87
69 88
69 89
69 93
69 94
69 95
69 97
69 100
69 101
69 106
69 107
69 111
69 112
69 114
69 115
69 117
69 120
69 121
69 122
69 125
69 129
69 130
69 131
69 133
69 134
69 136
69 137
69 138
69 142
69 143
69 145
69 146
69 147
69 149
69 152
69 153
69 154
69 156
69 157
70 1
70 4
70 6
70 7
70 15
70 18
70 19
70 20
70 23
70 26
70 28
70 30
70 31
70 32
70 34
70 35
70 37
70 38
70 40
70 42
70 44
70 45
70 46
70 49
70 51
70 52
70 54
70 56
70 57
70 58
70 63
70 64
70 65
70 66
70 67
70 68
70 72
70 74
70 75
70 79
70 83
70 86
70 87
70 88
70 89
70 93
70 94
70 95
70 97
70 98
70 100
70 101
70 102
70 103
70 106
70 107
70 111
70 112
70 114
70 115
70 117
70 120
70 121
70 122
70 125
70 127
70 129
70 130
70 131
70 133
70 134
70 136
70 137
70 138
70 142
70 143
70 145
70 146
70 147
70 149
70 152
70 153
70 154
70 157
71 1
71 4
71 6
71 7
71 15
71 19
71 20
71 23
71 26
71 28
71 30
71 31
71 32
71 34
71 37
71 38
71 40
71 44
71 45
71 49
71 51
71 52
71 54
71 56
71 57
71 58
71 63
71 64
71 65
71 66
71 67
71 68
71 70
71 72
71 74
71 75
71 79
71 83
71 86
71 87
71 88
71 89
71 93
71 97
71 100
71 101
71 102
71 103
71 106
71 107
71 111
71 112
71 114
71 115
71 117
71 120
71 122
71 125
71 127
71 129
71 130
71 131
71 133
71 134
71 136
71 137
71 138
71 142
71 143
71 145
71 146
71 147
71 149
71 152
71 153
71 154
71 157
72 1
72 4
72 6
72 7
72 15
72 17
72 18
72 19
72 20
72 23
72 26
72 28
72 30
72 31
72 32
72 34
72 35
72 37
72 38
72 40
72 42
72 44
72 45
72 46
72 49
72 51
72 52
72 54
72 56
72 57
72 58
72 63
72 64
72 65
72 66
72 67
72 68
72 70
72 74
72 75
72 79
72 83
72 86
72 87
72 88
72 89
72 93
72 94
72 95
72 97
72 98
72 100
72 101
72 102
72 103
72 106
72 107
72 111
72 112
72 114
72 115
72 117
72 120
72 121
72 122
72 125
72 127
72 129
72 130
72 131
72 133
72 134
72 136
72 137
72 138
72 142
72 143
72 145
72 146
72 147
72 149
72 152
72 153
72 154
72 156
72 157
73 1
73 6
73 7
73 15
73 18
73 19
73 20
73 23
73 26
73 28
73 30
73 31
73 32
73 35
73 37
73 38
73 40
73 44
73 45
73 49
73 51
73 54
73 56
73 58
73 63
73 64
73 65
73 67
73 68
73 70
73 72
73 74
73 75
73 79
73 83
73 86
73 87
73 88
73 89
73 93
73 94
73 97
73 100
73 101
73 102
73 103
73 106
73 107
73 112
73 114
73 115
73 120
73 121
73 122
73 125
73 127
73 129
73 130
73 131
73 133
73 134
73 137
73 138
73 142
73 143
73 145
73 147
73 149
73 152
73 153
73 154
73 157
74 1
74 4
74 6
74 7
74 15
74 17
74 18
74 19
74 20
74 23
74 26
74 28
74 30
74 31
74 32
74 34
74 35
74 37
74 38
74 40
74 42
74 44
74 45
74 46
74 49
74 51
74 52
74 54
74 56
74 57
74 58
74 63
74 64
74 65
74 66
74 67
74 68
74 70
74 72
74 75
74 79
74 83
74 86
74 87
74 88
74 89
74 93
74 94
74 95
74 97
74 98
74 100
74 101
74 102
74 103
74 106
74 107
74 111
74 112
74 114
74 115
74 117
74 120
74 121
74 122
74 125
74 127
74 129
74 130
74 131
74 133
74 134
74 136
74 137
74 138
74 142
74 143
74 145
74 146
74 147
74 149
74 152
74 153
74 154
74 156
74 157
75 1
75 6
75 7
75 17
75 19
75 20
75 23
75 26
75 30
75 31
75 32
75 37
75 38
75 40
75 42
75 49
75 51
75 52
75 54
75 56
75 57
75 63
75 64
75 65
75 66
75 67
75 68
75 70
75 72
75 74
75 79
75 87
75 89
75 94
75 95
75 101
75 102
75 103
75 106
75 107
75 112
75 115
75 117
75 120
75 121
75 125
75 127
75 130
75 131
75 133
75 134
75 137
75 138
75 142
75 143
75 146
75 147
75 149
75 152
75 154
75 157
76 1
76 6
76 7
76 26
76 38
76 42
76 44
76 49
76 51
76 54
76 64
76 66
76 67
76 70
76 72
76 74
76 79
76 89
76 93
76 94
76 101
76 102
76 115
76 125
76 130
76 131
76 133
76 137
76 142
76 147
76 149
76 152
76 154
77 1
77 4
77 6
77 7
77 18
77 19
77 20
77 26
77 30
77 31
77 32
77 34
77 35
77 37
77 38
77 40
77 44
77 45
77 49
77 51
77 52
77 54
77 56
77 57
77 58
77 63
77 64
77 65
77 66
77 67
77 68
77 70
77 72
77 74
77 75
77 79
77 88
77 89
77 93
77 94
77 97
77 101
77 102
77 111
77 112
77 114
77 115
77 117
77 121
77 122
77 125
77 129
77 130
77 131
77 133
77 137
77 138
77 142
77 143
77 145
77 146
77 147
77 149
77 152
77 153
77 154
77 157
78 51
78 54
78 64
78 68
78 72
78 74
78 79
78 101
78 154
79 1
79 4
79 6
79 7
79 15
79 17
79 18
79 19
79 20
79 23
79 26
79 28
79 30
79 31
79 32
79 34
79 35
79 37
79 38
79 40
79 42
79 44
79 45
79 46
79 49
79 51
79 52
79 54
79 56
79 57
79 58
79 63
79 64
79 65
79 66
79 67
79 68
79 70
79 72
79 74
79 75
79 83
79 86
79 87
79 88
79 89
79 93
79 94
79 95
79 97
79 98
79 100
79 101
79 102
79 103
79 106
79 107
79 111
79 112
79 114
79 115
79 117
79 120
79 121
79 122
79 125
79 127
79 129
79 130
79 131
79 133
79 134
79 136
79 137
79 138
79 142
79 143
79 145
79 146
79 147
79 149
79 152
79 153
79 154
79 156
79 157
80 6
80 7
80 19
80 20
80 26
80 28
80 31
80 32
80 34
80 35
80 38
80 40
80 49
80 51
80 54
80 56
80 64
80 65
80 66
80 67
80 68
80 70
80 72
80 74
80 79
80 83
80 87
80 89
80 93
80 101
80 103
80 107
80 112
80 114
80 115
80 122
80 125
80 130
80 131
80 133
80 134
80 137
80 138
80 142
80 145
80 146
80 149
80 152
80 153
80 154
81 4
81 6
81 7
81 26
81 40
81 45
81 49
81 51
81 54
81 56
81 64
81 65
81 67
81 70
81 72
81 74
81 79
81 101
81 102
81 103
81 106
81 107
81 114
81 115
81 125
81 133
81 134
81 137
81 138
81 142
81 149
81 152
81 154
82 1
82 19
82 26
82 31
82 32
82 37
82 40
82 45
82 49
82 51
82 54
82 56
82 64
82 65
82 66
82 67
82 68
82 70
82 72
82 74
82 75
82 83
82 89
82 93
82 94
82 101
82 102
82 106
82 114
82 115
82 125
82 130
82 131
82 133
82 137
82 138
82 142
82 146
82 154
83 6
83 7
83 26
83 30
83 31
83 35
83 38
83 40
83 45
83 51
83 54
83 56
83 64
83 65
83 67
83 70
83 72
83 74
83 79
83 89
83 93
83 94
83 101
83 102
83 115
83 117
83 122
83 130
83 131
83 133
83 134
83 137
83 138
83 145
83 147
83 152
83 154
84 1
84 6
84 7
84 19
84 20
84 26
84 28
84 31
84 35
84 40
84 46
84 49
84 51
84 54
84 56
84 63
84 64
84 65
84 67
84 68
84 70
84 72
84 74
84 75
84 79
84 83
84 86
84 87
84 89
84 94
84 95
84 97
84 100
84 101
84 102
84 103
84 106
84 107
84 111
84 112
84 114
84 115
84 117
84 120
84 125
84 127
84 129
84 130
84 131
84 133
84 134
84 136
84 137
84 138
84 142
84 145
84 146
84 147
84 149
84 152
84 153
84 154
84 157
85 1
85 7
85 19
85 26
85 31
85 35
85 44
85 45
85 49
85 51
85 52
85 54
85 58
85 64
85 65
85 66
85 67
85 70
85 72
85 74
85 75
85 79
85 86
85 94
85 97
85 101
85 102
85 103
85 106
85 107
85 115
85 117
85 121
85 122
85 125
85 131
85 133
85 134
85 137
85 138
85 142
85 145
85 146
85 152
85 153
85 154
85 157
86 1
86 6
86 7
86 19
86 20
86 26
86 30
86 31
86 37
86 38
86 40
86 42
86 45
86 49
86 51
86 54
86 56
86 57
86 58
86 63
86 67
86 68
86 70
86 72
86 74
86 75
86 79
86 83
86 89
86 94
86 97
86 98
86 101
86 102
86 103
86 106
86 107
86 117
86 122
86 125
86 129
86 130
86 131
86 133
86 134
86 137
86 138
86 142
86 147
86 149
86 152
86 154
87 7
87 18
87 19
87 26
87 30
87 31
87 32
87 37
87 38
87 40
87 42
87 44
87 45
87 46
87 49
87 51
87 52
87 54
87 56
87 57
87 64
87 65
87 67
87 68
87 70
87 72
87 74
87 75
87 79
87 83
87 86
87 88
87 89
87 93
87 94
87 97
87 101
87 102
87 103
87 106
87 112
87 115
87 125
87 129
87 130
87 131
87 133
87 134
87 137
87 138
87 142
87 143
87 146
87 147
87 152
87 153
87 154
87 156
88 4
88 6
88 7
88 19
88 23
88 26
88 31
88 32
88 34
88 37
88 40
88 44
88 45
88 49
88 51
88 54
88 64
88 65
88 66
88 72
88 74
88 79
88 86
88 89
88 93
88 94
88 95
88 97
88 101
88 102
88 106
88 112
88 115
88 117
88 121
88 125
88 129
88 131
88 133
88 134
88 137
88 142
88 143
88 147
88 152
88 154
89 1
89 4
89 6
89 7
89 15
89 18
89 19
89 23
89 26
89 30
89 31
89 32
89 34
89 35
89 37
89 40
89 42
89 44
89 45
89 46
89 49
89 51
89 52
89 54
89 56
89 57
89 58
89 63
89 64
89 65
89 66
89 67
89 68
89 70
89 72
89 74
89 75
89 79
89 83
89 86
89 87
89 88
89 93
89 94
89 95
89 97
89 98
89 100
89 101
89 102
89 103
89 106
89 107
89 112
89 114
89 115
89 117
89 120
89 121
89 122
89 125
89 127
89 129
89 130
89 131
89 133
89 134
89 137
89 138
89 142
89 143
89 145
89 146
89 147
89 149
89 152
89 153
89 154
89 156
89 157
90 7
90 26
90 31
90 40
90 51
90 54
90 56
90 64
90 65
90 70
90 72
90 74
90 79
90 94
90 101
90 106
90 115
90 131
90 133
90 137
90 138
90 142
90 147
90 152
91 6
91 7
91 26
91 30
91 32
91 37
91 40
91 42
91 45
91 49
91 51
91 54
91 56
91 58
91 64
91 65
91 66
91 67
91 68
91 70
91 72
91 74
91 79
91 83
91 86
91 89
91 94
91 101
91 102
91 106
91 112
91 114
91 115
91 125
91 130
91 131
91 133
91 137
91 138
91 142
91 147
91 152
91 154
92 1
92 6
92 7
92 18
92 26
92 32
92 35
92 38
92 40
92 44
92 45
92 49
92 51
92 54
92 56
92 57
92 58
92 64
92 65
92 66
92 67
92 68
92 70
92 72
92 74
92 75
92 79
92 89
92 93
92 97
92 101
92 102
92 106
92 112
92 114
92 115
92 117
92 125
92 131
92 133
92 137
92 138
92 142
92 143
92 145
92 146
92 147
92 149
92 152
92 154
93 4
93 6
93 7
93 19
93 23
93 26
93 31
93 32
93 37
93 38
93 40
93 45
93 49
93 51
93 52
93 54
93 56
93 57
93 58
93 63
93 64
93 65
93 66
93 67
93 68
93 70
93 72
93 74
93 75
93 79
93 83
93 86
93 89
93 94
93 97
93 101
93 106
93 114
93 115
93 117
93 125
93 129
93 130
93 131
93 133
93 134
93 137
93 138
93 142
93 146
93 147
93 149
93 152
93 154
94 1
94 4
94 6
94 7
94 15
94 17
94 18
94 19
94 20
94 23
94 26
94 30
94 31
94 32
94 34
94 35
94 37
94 38
94 40
94 42
94 44
94 45
94 46
94 49
94 51
94 52
94 54
94 56
94 57
94 58
94 63
94 64
94 65
94 66
94 67
94 68
94 70
94 72
94 74
94 75
94 79
94 83
94 86
94 87
94 88
94 89
94 93
94 95
94 97
94 100
94 101
94 102
94 103
94 106
94 107
94 111
94 112
94 114
94 115
94 117
94 120
94 121
94 122
94 125
94 127
94 129
94 130
94 131
94 133
94 134
94 136
94 137
94 138
94 142
94 143
94 145
94 146
94 147
94 149
94 152
94 153
94 154
94 157
95 20
95 26
95 31
95 38
95 40
95 44
95 51
95 54
95 57
95 64
95 65
95 66
95 67
95 72
95 74
95 75
95 79
95 89
95 94
95 101
95 106
95 112
95 115
95 117
95 125
95 130
95 131
95 133
95 134
95 137
95 138
95 142
95 152
95 154
96 7
96 26
96 31
96 42
96 49
96 51
96 54
96 56
96 64
96 65
96 66
96 67
96 70
96 72
96 74
96 79
96 89
96 101
96 115
96 125
96 130
96 133
96 137
96 142
96 147
96 152
96 154
97 1
97 4
97 6
97 7
97 18
97 19
97 26
97 28
97 30
97 31
97 32
97 34
97 35
97 37
97 38
97 40
97 44
97 46
97 49
97 51
97 52
97 54
97 56
97 57
97 58
97 64
97 65
97 66
97 67
97 68
97 70
97 72
97 74
97 79
97 83
97 86
97 87
97 88
97 89
97 93
97 94
97 95
97 101
97 102
97 106
97 107
97 111
97 112
97 114
97 115
97 117
97 120
97 121
97 122
97 125
97 129
97 130
97 131
97 133
97 134
97 137
97 138
97 142
97 146
97 147
97 149
97 152
97 153
97 154
98 1
98 6
98 20
98 26
98 30
98 31
98 32
98 35
98 37
98 38
98 40
98 42
98 45
98 49
98 51
98 54
98 58
98 64
98 65
98 67
98 70
98 72
98 74
98 75
98 83
98 86
98 87
98 89
98 93
98 94
98 100
98 101
98 106
98 112
98 114
98 115
98 117
98 120
98 125
98 131
98 133
98 134
98 137
98 138
98 142
98 143
98 145
98 146
98 147
98 149
98 152
98 154
98 157
99 1
99 4
99 6
99 7
99 17
99 18
99 19
99 26
99 30
99 31
99 32
99 35
99 37
99 38
99 40
99 45
99 46
99 49
99 51
99 54
99 56
99 58
99 63
99 64
99 65
99 66
99 67
99 68
99 70
99 72
99 74
99 79
99 83
99 86
99 89
99 93
99 94
99 100
99 101
99 102
99 106
99 112
99 115
99 117
99 121
99 125
99 130
99 131
99 133
99 134
99 137
99 138
99 142
99 145
99 147
99 149
99 152
99 154
100 1
100 4
100 6
100 19
100 26
100 31
100 32
100 38
100 40
100 49
100 51
100 54
100 56
100 64
100 65
100 67
100 70
100 72
100 74
100 79
100 83
100 89
100 93
100 94
100 97
100 101
100 102
100 106
100 112
100 115
100 117
100 120
100 122
100 125
100 129
100 130
100 131
100 133
100 137
100 138
100 142
100 147
100 152
100 154
100 157
101 1
101 4
101 6
101 7
101 15
101 17
101 18
101 19
101 20
101 23
101 26
101 28
101 30
101 31
101 32
101 34
101 35
101 37
101 38
101 40
101 42
101 44
101 45
101 46
101 49
101 51
101 52
101 54
101 56
101 57
101 58
101 63
101 64
101 65
101 66
101 67
101 68
101 70
101 72
101 74
101 75
101 79
101 83
101 86
101 87
101 88
101 89
101 93
101 94
101 95
101 97
101 98
101 100
101 102
101 103
101 106
101 107
101 111
101 112
101 114
101 115
101 117
101 120
101 121
101 122
101 125
101 127
101 129
101 130
101 131
101 133
101 134
101 136
101 137
101 138
101 142
101 143
101 145
101 146
101 147
101 149
101 152
101 153
101 154
101 156
101 157
102 1
102 4
102 6
102 7
102 15
102 17
102 18
102 19
102 20
102 23
102 26
102 28
102 31
102 32
102 34
102 35
102 37
102 38
102 40
102 42
102 44
102 45
102 46
102 49
102 51
102 52
102 54
102 56
102 57
102 58
102 63
102 64
102 65
102 66
102 67
102 68
102 70
102 72
102 74
102 75
102 79
102 83
102 86
102 87
102 88
102 89
102 93
102 94
102 95
102 97
102 98
102 100
102 101
102 103
102 106
102 107
102 112
102 114
102 115
102 117
102 120
102 121
102 122
102 125
102 127
102 129
102 130
102 131
102 133
102 134
102 136
102 137
102 138
102 142
102 143
102 145
102 146
102 147
102 149
102 152
102 153
102 154
102 156
102 157
103 1
103 6
103 7
103 18
103 23
103 26
103 31
103 32
103 37
103 38
103 40
103 45
103 49
103 51
103 54
103 56
103 57
103 64
103 65
103 67
103 68
103 70
103 72
103 74
103 79
103 86
103 87
103 89
103 93
103 94
103 97
103 101
103 102
103 106
103 115
103 125
103 130
103 131
103 133
103 134
103 137
103 138
103 142
103 143
103 146
103 147
103 152
103 153
103 154
104 6
104 19
104 26
104 30
104 31
104 32
104 37
104 40
104 45
104 49
104 51
104 54
104 56
104 64
104 65
104 66
104 68
104 70
104 72
104 74
104 79
104 93
104 106
104 114
104 115
104 130
104 131
104 133
104 137
104 138
104 142
104 146
104 152
104 154
104 157
105 1
105 4
105 6
105 7
105 15
105 18
105 19
105 20
105 23
105 26
105 28
105 30
105 31
105 32
105 34
105 35
105 37
105 38
105 40
105 45
105 46
105 49
105 51
105 52
105 54
105 56
105 57
105 58
105 63
105 64
105 65
105 66
105 67
105 68
105 70
105 72
105 74
105 75
105 79
105 83
105 86
105 87
105 88
105 89
105 93
105 94
105 95
105 97
105 98
105 101
105 102
105 103
105 106
105 107
105 112
105 114
105 115
105 117
105 125
105 127
105 129
105 130
105 131
105 133
105 134
105 137
105 138
105 142
105 143
105 145
105 146
105 149
105 152
105 153
105 154
105 157
106 1
106 4
106 6
106 7
106 15
106 17
106 18
106 19
106 20
106 23
106 26
106 28
106 30
106 31
106 32
106 34
106 35
106 37
106 38
106 40
106 42
106 44
106 45
106 46
106 49
106 51
106 52
106 54
106 56
106 57
106 58
106 63
106 64
106 65
106 66
106 67
106 68
106 70
106 72
106 74
106 75
106 79
106 83
106 86
106 87
106 88
106 89
106 93
106 94
106 95
106 97
106 98
106 100
106 101
106 102
106 103
106 107
106 111
106 112
106 114
106 115
106 117
106 120
106 121
106 122
106 125
106 127
106 129
106 130
106 131
106 133
106 134
106 136
106 137
106 138
106 142
106 143
106 145
106 146
106 147
106 149
106 152
106 153
106 154
106 156
106 157
107 1
107 6
107 7
107 19
107 20
107 26
107 31
107 32
107 34
107 35
107 37
107 40
107 49
107 51
107 52
107 54
107 56
107 57
107 63
107 64
107 66
107 67
107 68
107 70
107 72
107 74
107 75
107 79
107 89
107 94
107 101
107 102
107 112
107 115
107 125
107 127
107 130
107 133
107 134
107 137
107 138
107 142
107 143
107 147
107 149
107 152
107 154
108 1
108 4
108 6
108 7
108 15
108 18
108 19
108 20
108 26
108 28
108 30
108 31
108 32
108 34
108 35
108 37
108 38
108 40
108 44
108 45
108 46
108 49
108 51
108 52
108 54
108 56
108 57
108 58
108 63
108 64
108 65
108 66
108 67
108 68
108 70
108 72
108 74
108 75
108 79
108 83
108 86
108 87
108 88
108 89
108 93
108 94
108 95
108 97
108 100
108 101
108 102
108 103
108 106
108 107
108 111
108 112
108 114
108 115
108 117
108 120
108 121
108 122
108 125
108 127
108 129
108 130
108 131
108 133
108 134
108 136
108 137
108 138
108 142
108 143
108 145
108 146
108 147
108 149
108 152
108 153
108 154
108 157
109 1
109 4
109 6
109 7
109 19
109 20
109 23
109 26
109 28
109 30
109 31
109 32
109 35
109 37
109 38
109 40
109 42
109 45
109 46
109 49
109 51
109 52
109 54
109 56
109 63
109 64
109 65
109 66
109 67
109 68
109 70
109 72
109 74
109 79
109 83
109 87
109 88
109 89
109 93
109 94
109 101
109 102
109 106
109 107
109 111
109 112
109 114
109 115
109 117
109 120
109 122
109 125
109 127
109 129
109 130
109 131
109 133
109 134
109 137
109 138
109 142
109 143
109 145
109 146
109 147
109 149
109 152
109 153
109 154
109 156
109 157
110 1
110 4
110 6
110 26
110 31
110 37
110 38
110 40
110 45
110 51
110 54
110 57
110 64
110 70
110 72
110 74
110 79
110 86
110 89
110 94
110 101
110 103
110 106
110 121
110 133
110 134
110 137
110 138
110 142
110 146
110 152
110 154
110 157
111 1
111 4
111 6
111 7
111 18
111 20
111 23
111 26
111 30
111 31
111 32
111 35
111 38
111 40
111 45
111 49
111 51
111 52
111 54
111 56
111 58
111 64
111 65
111 66
111 67
111 68
111 70
111 72
111 74
111 79
111 83
111 89
111 94
111 100
111 101
111 102
111 106
111 114
111 115
111 117
111 121
111 130
111 131
111 133
111 134
111 137
111 138
111 142
111 143
111 146
111 149
111 152
111 154
111 157
112 1
112 4
112 6
112 7
112 18
112 19
112 20
112 23
112 26
112 30
112 31
112 32
112 34
112 35
112 37
112 40
112 44
112 45
112 46
112 49
112 51
112 52
112 54
112 56
112 58
112 63
112 64
112 65
112 66
112 67
112 68
112 70
112 72
112 74
112 75
112 79
112 83
112 86
112 87
112 89
112 93
112 94
112 97
112 98
112 101
112 102
112 103
112 106
112 111
112 114
112 115
112 117
112 121
112 122
112 125
112 129
112 130
112 131
112 133
112 134
112 137
112 138
112 142
112 143
112 145
112 146
112 147
112 149
112 152
112 154
112 157
113 4
113 6
113 7
113 18
113 19
113 20
113 26
113 28
113 30
113 31
113 32
113 34
113 35
113 37
113 38
113 40
113 42
113 44
113 45
113 49
113 51
113 52
113 54
113 56
113 57
113 58
113 63
113 64
113 65
113 66
113 67
113 70
113 72
113 74
113 75
113 79
113 83
113 86
113 89
113 93
113 94
113 101
113 102
113 103
113 106
113 107
113 111
113 112
113 114
113 115
113 117
113 120
113 121
113 122
113 125
113 127
113 129
113 130
113 131
113 133
113 134
113 136
113 137
113 138
113 142
113 143
113 145
113 146
113 147
113 149
113 152
113 153
113 154
113 156
113 157
114 1
114 4
114 6
114 7
114 15
114 18
114 19
114 20
114 23
114 26
114 28
114 30
114 31
114 32
114 34
114 35
114 37
114 38
114 40
114 42
114 44
114 45
114 46
114 49
114 51
114 52
114 54
114 56
114 57
114 58
114 63
114 64
114 65
114 66
114 67
114 68
114 70
114 72
114 74
114 75
114 79
114 83
114 86
114 87
114 88
114 89
114 93
114 94
114 95
114 97
114 98
114 100
114 101
114 102
114 103
114 106
114 107
114 111
114 112
114 115
114 117
114 120
114 121
114 122
114 125
114 127
114 129
114 130
114 131
114 133
114 134
114 136
114 137
114 138
114 142
114 143
114 145
114 146
114 147
114 149
114 152
114 153
114 154
114 156
114 157
115 1
115 4
115 6
115 7
115 15
115 17
115 18
115 19
115 20
115 23
115 26
115 28
115 30
115 31
115 32
115 34
115 35
115 37
115 38
115 40
115 42
115 44
115 45
115 46
115 49
115 51
115 52
115 54
115 56
115 57
115 58
115 63
115 64
115 65
115 66
115 67
115 68
115 70
115 72
115 74
115 75
115 79
115 83
115 86
115 87
115 88
115 89
115 93
115 94
115 95
115 97
115 98
115 100
115 101
115 102
115 103
115 106
115 107
115 111
115 112
115 114
115 117
115 120
115 121
115 122
115 125
115 127
115 129
115 130
115 131
115 133
115 134
115 136
115 137
115 138
115 142
115 143
115 145
115 146
115 147
115 149
115 152
115 153
115 154
115 156
115 157
116 4
116 6
116 7
116 19
116 26
116 30
116 31
116 32
116 37
116 44
116 45
116 49
116 51
116 54
116 64
116 65
116 66
116 67
116 70
116 72
116 74
116 79
116 87
116 89
116 94
116 97
116 101
116 102
116 107
116 115
116 117
116 125
116 130
116 133
116 134
116 137
116 138
116 146
116 147
116 149
116 152
116 153
116 154
116 157
117 1
117 4
117 6
117 7
117 17
117 18
117 19
117 20
117 23
117 26
117 28
117 30
117 31
117 32
117 34
117 35
117 37
117 38
117 40
117 42
117 44
117 45
117 49
117 51
117 54
117 56
117 57
117 58
117 64
117 65
117 66
117 67
117 68
117 70
117 72
117 74
117 75
117 79
117 83
117 86
117 87
117 88
117 89
117 94
117 95
117 97
117 100
117 101
117 102
117 103
117 106
117 111
117 112
117 114
117 115
117 120
117 121
117 125
117 129
117 130
117 131
117 133
117 134
117 137
117 138
117 142
117 143
117 145
117 146
117 147
117 149
117 152
117 153
117 154
117 157
118 1
118 4
118 6
118 7
118 15
118 18
118 19
118 20
118 23
118 26
118 28
118 30
118 31
118 32
118 34
118 35
118 37
118 38
118 40
118 42
118 45
118 46
118 49
118 51
118 52
118 54
118 56
118 57
118 58
118 63
118 64
118 65
118 66
118 67
118 68
118 70
118 72
118 74
118 75
118 79
118 83
118 86
118 87
118 88
118 89
118 93
118 94
118 95
118 97
118 100
118 101
118 102
118 103
118 106
118 107
118 112
118 114
118 115
118 117
118 121
118 125
118 127
118 129
118 130
118 131
118 133
118 134
118 136
118 137
118 138
118 142
118 143
118 145
118 146
118 147
118 149
118 152
118 153
118 154
118 157
119 7
119 26
119 30
119 32
119 37
119 49
119 54
119 56
119 72
119 74
119 89
119 94
119 101
119 106
119 107
119 117
119 125
119 131
119 133
119 134
119 137
119 138
119 154
120 7
120 31
120 32
120 37
120 40
120 49
120 51
120 54
120 64
120 72
120 74
120 79
120 89
120 101
120 106
120 115
120 130
120 131
120 133
120 138
120 152
121 7
121 26
121 31
121 40
121 44
121 51
121 54
121 56
121 64
121 65
121 70
121 72
121 74
121 75
121 87
121 94
121 101
121 102
121 114
121 115
121 122
121 125
121 129
121 131
121 133
121 137
121 142
121 146
121 152
121 154
122 1
122 7
122 19
122 26
122 30
122 32
122 40
122 49
122 51
122 54
122 56
122 65
122 67
122 72
122 74
122 93
122 94
122 97
122 101
122 102
122 112
122 114
122 115
122 125
122 129
122 130
122 133
122 137
122 138
122 142
122 147
122 152
122 154
123 26
123 40
123 42
123 44
123 51
123 54
123 56
123 67
123 70
123 72
123 74
123 75
123 97
123 101
123 114
123 115
123 131
123 133
123 137
123 138
123 152
123 154
124 6
124 7
124 26
124 38
124 40
124 51
124 54
124 56
124 65
124 70
124 72
124 74
124 75
124 79
124 101
124 106
124 117
124 133
124 138
124 142
124 147
124 152
124 154
125 1
125 4
125 6
125 7
125 18
125 19
125 20
125 26
125 28
125 30
125 31
125 32
125 34
125 37
125 38
125 40
125 44
125 45
125 46
125 49
125 51
125 52
125 54
125 56
125 57
125 58
125 63
125 64
125 65
125 66
125 67
125 68
125 70
125 72
125 74
125 75
125 79
125 83
125 86
125 89
125 93
125 94
125 95
125 97
125 101
125 102
125 103
125 106
125 111
125 112
125 114
125 115
125 117
125 120
125 129
125 130
125 131
125 133
125 134
125 137
125 138
125 142
125 143
125 145
125 146
125 147
125 149
125 152
125 153
125 154
125 157
126 1
126 6
126 7
126 26
126 28
126 30
126 31
126 37
126 38
126 40
126 44
126 45
126 49
126 51
126 52
126 54
126 64
126 65
126 66
126 67
126 68
126 70
126 72
126 74
126 75
126 79
126 83
126 87
126 89
126 94
126 97
126 101
126 106
126 111
126 115
126 121
126 122
126 125
126 129
126 130
126 131
126 133
126 134
126 137
126 138
126 142
126 143
126 145
126 147
126 152
126 154
127 7
127 30
127 31
127 45
127 51
127 54
127 56
127 64
127 68
127 70
127 72
127 74
127 79
127 89
127 97
127 101
127 106
127 117
127 125
127 129
127 130
127 134
127 137
127 138
127 152
127 153
127 154
128 1
128 6
128 7
128 26
128 31
128 34
128 35
128 37
128 40
128 44
128 49
128 51
128 54
128 56
128 64
128 65
128 67
128 68
128 70
128 72
128 74
128 75
128 79
128 89
128 94
128 97
128 100
128 101
128 102
128 106
128 114
128 115
128 117
128 125
128 129
128 130
128 131
128 133
128 134
128 137
128 142
128 146
128 147
128 152
128 154
128 157
129 1
129 4
129 6
129 7
129 15
129 18
129 19
129 20
129 23
129 26
129 28
129 30
129 31
129 32
129 34
129 35
129 37
129 38
129 40
129 42
129 44
129 45
129 46
129 49
129 51
129 52
129 54
129 56
129 57
129 58
129 63
129 64
129 65
129 66
129 67
129 68
129 70
129 72
129 74
129 75
129 79
129 83
129 86
129 87
129 88
129 89
129 93
129 94
129 95
129 97
129 98
129 100
129 101
129 102
129 103
129 106
129 107
129 111
129 112
129 114
129 115
129 117
129 120
129 121
129 122
129 125
129 127
129 130
129 131
129 133
129 134
129 136
129 137
129 138
129 142
129 143
129 145
129 146
129 147
129 149
129 152
129 153
129 154
129 157
130 4
130 6
130 7
130 19
130 20
130 26
130 31
130 32
130 37
130 38
130 45
130 46
130 49
130 51
130 54
130 58
130 63
130 64
130 65
130 67
130 68
130 70
130 72
130 74
130 79
130 83
130 89
130 93
130 101
130 102
130 106
130 111
130 112
130 114
130 115
130 117
130 129
130 131
130 133
130 134
130 137
130 138
130 142
130 143
130 145
130 146
130 147
130 149
130 152
130 154
130 157
131 1
131 4
131 6
131 7
131 15
131 18
131 19
131 20
131 23
131 26
131 28
131 30
131 31
131 32
131 34
131 35
131 37
131 38
131 40
131 42
131 44
131 45
131 46
131 49
131 51
131 52
131 54
131 56
131 57
131 58
131 63
131 64
131 65
131 66
131 67
131 68
131 70
131 72
131 74
131 75
131 79
131 83
131 86
131 87
131 88
131 89
131 93
131 94
131 95
131 97
131 98
131 100
131 101
131 102
131 103
131 106
131 107
131 111
131 112
131 114
131 115
131 117
131 120
131 121
131 122
131 125
131 127
131 129
131 130
131 133
131 134
131 137
131 138
131 142
131 143
131 145
131 146
131 147
131 149
131 152
131 153
131 154
131 156
131 157
132 7
132 19
132 31
132 49
132 51
132 54
132 56
132 64
132 65
132 70
132 72
132 74
132 79
132 89
132 101
132 114
132 125
132 131
132 133
132 136
132 137
132 138
132 142
132 147
132 152
132 154
133 1
133 4
133 6
133 7
133 15
133 17
133 18
133 19
133 20
133 23
133 26
133 28
133 30
133 31
133 32
133 34
133 35
133 37
133 38
133 40
133 42
133 44
133 45
133 46
133 49
133 51
133 52
133 54
133 56
133 57
133 58
133 63
133 64
133 65
133 66
133 67
133 68
133 70
133 72
133 74
133 75
133 79
133 83
133 86
133 87
133 88
133 89
133 93
133 94
133 95
133 97
133 98
133 100
133 101
133 102
133 103
133 106
133 107
133 111
133 112
133 114
133 115
133 117
133 120
133 121
133 122
133 125
133 127
133 129
133 130
133 131
133 134
133 136
133 137
133 138
133 142
133 143
133 145
133 146
133 147
133 149
133 152
133 153
133 154
133 156
133 157
134 1
134 4
134 6
134 7
134 15
134 18
134 19
134 20
134 23
134 26
134 31
134 34
134 35
134 37
134 38
134 40
134 42
134 44
134 45
134 49
134 51
134 52
134 54
134 56
134 57
134 58
134 63
134 64
134 65
134 66
134 67
134 68
134 70
134 72
134 74
134 75
134 79
134 83
134 86
134 87
134 88
134 89
134 93
134 94
134 95
134 97
134 98
134 100
134 101
134 102
134 103
134 106
134 107
134 111
134 114
134 115
134 117
134 121
134 122
134 125
134 129
134 130
134 131
134 133
134 137
134 138
134 142
134 143
134 145
134 147
134 149
134 152
134 153
134 154
134 157
135 4
135 6
135 7
135 19
135 23
135 26
135 30
135 31
135 32
135 37
135 38
135 40
135 44
135 45
135 46
135 49
135 51
135 54
135 56
135 57
135 64
135 65
135 66
135 67
135 68
135 70
135 72
135 74
135 75
135 79
135 86
135 87
135 89
135 94
135 97
135 101
135 103
135 106
135 111
135 112
135 114
135 115
135 117
135 121
135 122
135 125
135 129
135 130
135 131
135 133
135 134
135 137
135 138
135 142
135 146
135 147
135 149
135 152
135 153
135 154
135 157
136 4
136 6
136 7
136 19
136 26
136 30
136 31
136 32
136 34
136 35
136 37
136 38
136 40
136 44
136 46
136 49
136 51
136 54
136 56
136 64
136 65
136 67
136 68
136 70
136 72
136 74
136 79
136 83
136 89
136 94
136 100
136 101
136 102
136 103
136 114
136 115
136 125
136 130
136 131
136 133
136 137
136 138
136 142
136 145
136 146
136 147
136 149
136 152
136 153
136 154
136 157
137 1
137 4
137 6
137 7
137 15
137 17
137 18
137 19
137 20
137 23
137 26
137 28
137 30
137 31
137 32
137 34
137 35
137 37
137 38
137 40
137 42
137 44
137 45
137 46
137 49
137 51
137 52
137 54
137 56
137 57
137 58
137 63
137 64
137 65
137 66
137 67
137 68
137 70
137 72
137 74
137 75
137 79
137 83
137 86
137 87
137 88
137 89
137 93
137 94
137 95
137 97
137 98
137 100
137 101
137 102
137 103
137 106
137 107
137 111
137 112
137 114
137 115
137 117
137 120
137 121
137 122
137 125
137 127
137 129
137 130
137 131
137 133
137 134
137 136
137 138
137 142
137 143
137 145
137 146
137 147
137 149
137 152
137 153
137 154
137 156
137 157
138 1
138 4
138 6
138 7
138 15
138 17
138 18
138 19
138 20
138 23
138 26
138 28
138 30
138 31
138 32
138 34
138 35
138 37
138 38
138 40
138 42
138 44
138 45
138 46
138 49
138 51
138 52
138 54
138 56
138 57
138 58
138 63
138 64
138 65
138 66
138 67
138 68
138 70
138 72
138 74
138 75
138 79
138 83
138 86
138 87
138 88
138 89
138 93
138 94
138 95
138 97
138 98
138 100
138 101
138 102
138 103
138 106
138 107
138 111
138 112
138 114
138 115
138 117
138 120
138 121
138 122
138 125
138 127
138 129
138 130
138 131
138 133
138 134
138 136
138 137
138 142
138 143
138 145
138 146
138 147
138 149
138 152
138 153
138 154
138 156
138 157
139 4
139 6
139 7
139 18
139 19
139 20
139 23
139 26
139 30
139 31
139 32
139 37
139 38
139 40
139 44
139 45
139 46
139 49
139 51
139 52
139 54
139 57
139 63
139 64
139 65
139 66
139 67
139 68
139 70
139 72
139 74
139 75
139 79
139 83
139 86
139 87
139 88
139 89
139 93
139 94
139 97
139 100
139 101
139 102
139 106
139 107
139 112
139 114
139 115
139 120
139 121
139 125
139 129
139 130
139 131
139 133
139 134
139 136
139 137
139 138
139 142
139 143
139 145
139 146
139 147
139 149
139 152
139 153
139 154
139 157
140 6
140 7
140 19
140 26
140 31
140 32
140 38
140 45
140 49
140 51
140 54
140 56
140 57
140 67
140 68
140 70
140 72
140 74
140 79
140 88
140 89
140 94
140 100
140 101
140 102
140 106
140 107
140 114
140 137
140 138
140 142
140 149
140 152
140 154
141 4
141 6
141 7
141 19
141 26
141 32
141 37
141 38
141 40
141 44
141 45
141 46
141 49
141 51
141 54
141 56
141 57
141 58
141 64
141 65
141 67
141 68
141 70
141 72
141 74
141 75
141 79
141 87
141 89
141 94
141 97
141 101
141 106
141 107
141 112
141 114
141 115
141 120
141 121
141 122
141 125
141 127
141 129
141 131
141 133
141 134
141 137
141 138
141 142
141 146
141 147
141 149
141 152
141 154
141 157
142 1
142 4
142 6
142 7
142 15
142 17
142 18
142 19
142 20
142 23
142 26
142 28
142 30
142 31
142 32
142 34
142 35
142 37
142 38
142 40
142 42
142 44
142 45
142 46
142 49
142 51
142 52
142 54
142 56
142 57
142 58
142 63
142 64
142 65
142 66
142 67
142 68
142 70
142 72
142 74
142 75
142 79
142 83
142 86
142 87
142 88
142 89
142 93
142 94
142 95
142 97
142 98
142 100
142 101
142 102
142 103
142 106
142 107
142 111
142 112
142 114
142 115
142 117
142 120
142 121
142 122
142 125
142 127
142 129
142 130
142 131
142 133
142 134
142 136
142 137
142 138
142 143
142 145
142 146
142 147
142 149
142 152
142 153
142 154
142 156
142 157
143 1
143 6
143 7
143 20
143 26
143 31
143 32
143 37
143 40
143 49
143 51
143 54
143 56
143 57
143 58
143 65
143 66
143 67
143 68
143 70
143 72
143 74
143 79
143 87
143 89
143 94
143 97
143 101
143 102
143 106
143 107
143 112
143 114
143 115
143 117
143 125
143 129
143 130
143 131
143 133
143 134
143 137
143 138
143 142
143 146
143 152
143 154
144 18
144 26
144 31
144 40
144 51
144 54
144 56
144 58
144 64
144 65
144 67
144 72
144 74
144 79
144 101
144 115
144 133
144 137
144 142
144 152
144 154
145 1
145 4
145 6
145 7
145 15
145 18
145 19
145 20
145 26
145 28
145 30
145 31
145 32
145 34
145 37
145 38
145 40
145 45
145 49
145 51
145 54
145 56
145 58
145 64
145 65
145 67
145 68
145 70
145 72
145 74
145 75
145 79
145 83
145 86
145 89
145 93
145 94
145 95
145 101
145 102
145 106
145 107
145 112
145 114
145 115
145 117
145 127
145 129
145 130
145 133
145 134
145 137
145 138
145 142
145 143
145 146
145 147
145 152
145 153
145 154
146 1
146 4
146 6
146 7
146 17
146 18
146 19
146 26
146 28
146 30
146 31
146 32
146 37
146 38
146 40
146 44
146 45
146 49
146 51
146 52
146 54
146 57
146 63
146 64
146 65
146 67
146 68
146 70
146 72
146 74
146 79
146 83
146 86
146 87
146 89
146 94
146 97
146 98
146 101
146 102
146 103
146 106
146 107
146 112
146 114
146 115
146 117
146 121
146 125
146 129
146 130
146 131
146 133
146 134
146 137
146 138
146 142
146 145
146 152
146 154
146 157
147 1
147 4
147 6
147 7
147 15
147 17
147 18
147 19
147 20
147 23
147 26
147 28
147 30
147 31
147 32
147 34
147 35
147 37
147 38
147 40
147 42
147 44
147 45
147 49
147 51
147 52
147 54
147 56
147 57
147 58
147 63
147 64
147 65
147 66
147 67
147 68
147 70
147 72
147 74
147 75
147 79
147 83
147 86
147 87
147 88
147 89
147 93
147 94
147 97
147 98
147 101
147 102
147 103
147 106
147 107
147 111
147 112
147 114
147 115
147 117
147 120
147 121
147 122
147 125
147 127
147 129
147 130
147 131
147 133
147 134
147 136
147 137
147 138
147 142
147 143
147 145
147 146
147 149
147 152
147 153
147 154
147 157
148 7
148 19
148 26
148 31
148 32
148 38
148 40
148 51
148 54
148 56
148 63
148 64
148 65
148 67
148 70
148 72
148 74
148 75
148 79
148 83
148 89
148 94
148 101
148 112
148 114
148 115
148 117
148 120
148 131
148 133
148 134
148 137
148 138
148 142
148 147
148 149
148 152
148 154
149 6
149 7
149 19
149 26
149 30
149 31
149 34
149 37
149 38
149 40
149 45
149 49
149 52
149 54
149 56
149 57
149 64
149 65
149 67
149 68
149 70
149 72
149 74
149 75
149 79
149 83
149 89
149 94
149 97
149 101
149 106
149 107
149 112
149 115
149 117
149 129
149 130
149 131
149 133
149 134
149 137
149 138
149 142
149 152
149 154
150 4
150 6
150 7
150 19
150 26
150 30
150 31
150 32
150 35
150 37
150 38
150 40
150 44
150 45
150 49
150 51
150 54
150 56
150 58
150 63
150 64
150 67
150 70
150 72
150 74
150 75
150 79
150 83
150 88
150 89
150 94
150 100
150 101
150 103
150 106
150 114
150 117
150 129
150 130
150 131
150 133
150 134
150 137
150 138
150 142
150 145
150 146
150 147
150 149
150 152
150 153
150 154
150 157
151 1
151 4
151 6
151 7
151 18
151 19
151 20
151 26
151 30
151 31
151 32
151 34
151 35
151 37
151 38
151 40
151 45
151 46
151 49
151 51
151 52
151 54
151 56
151 58
151 64
151 65
151 66
151 67
151 68
151 70
151 72
151 74
151 79
151 83
151 86
151 87
151 88
151 89
151 93
151 94
151 97
151 100
151 101
151 102
151 103
151 106
151 107
151 111
151 112
151 114
151 115
151 117
151 121
151 122
151 125
151 127
151 129
151 130
151 131
151 133
151 134
151 137
151 138
151 142
151 143
151 145
151 146
151 147
151 152
151 153
151 154
151 157
152 1
152 4
152 6
152 7
152 15
152 17
152 18
152 19
152 20
152 23
152 26
152 28
152 30
152 31
152 32
152 34
152 35
152 37
152 38
152 40
152 42
152 44
152 45
152 46
152 49
152 51
152 52
152 54
152 56
152 57
152 58
152 63
152 64
152 65
152 66
152 67
152 68
152 70
152 72
152 74
152 75
152 79
152 83
152 86
152 87
152 88
152 89
152 93
152 94
152 95
152 97
152 98
152 100
152 101
152 102
152 103
152 106
152 107
152 111
152 112
152 114
152 115
152 117
152 120
152 121
152 122
152 125
152 127
152 129
152 130
152 131
152 133
152 134
152 136
152 137
152 138
152 142
152 143
152 145
152 146
152 147
152 149
152 153
152 154
152 156
152 157
153 1
153 4
153 6
153 7
153 19
153 20
153 26
153 28
153 30
153 31
153 32
153 35
153 37
153 38
153 40
153 44
153 45
153 49
153 51
153 54
153 56
153 57
153 58
153 64
153 65
153 66
153 67
153 68
153 70
153 72
153 74
153 75
153 79
153 83
153 86
153 89
153 93
153 94
153 95
153 97
153 101
153 102
153 103
153 106
153 107
153 111
153 112
153 115
153 117
153 125
153 129
153 130
153 131
153 133
153 134
153 137
153 138
153 142
153 143
153 145
153 146
153 147
153 149
153 152
153 154
154 1
154 4
154 6
154 7
154 15
154 17
154 18
154 19
154 20
154 23
154 26
154 28
154 30
154 31
154 32
154 34
154 35
154 37
154 38
154 40
154 42
154 44
154 45
154 46
154 49
154 51
154 52
154 54
154 56
154 57
154 58
154 63
154 64
154 65
154 66
154 67
154 68
154 70
154 72
154 74
154 75
154 79
154 83
154 86
154 87
154 88
154 89
154 93
154 94
154 95
154 97
154 98
154 100
154 101
154 102
154 103
154 106
154 107
154 111
154 112
154 114
154 115
154 117
154 120
154 121
154 122
154 125
154 127
154 129
154 130
154 131
154 133
154 134
154 136
154 137
154 138
154 142
154 143
154 145
154 146
154 147
154 149
154 152
154 153
154 156
154 157
155 7
155 19
155 26
155 30
155 32
155 37
155 38
155 40
155 45
155 49
155 51
155 54
155 64
155 65
155 66
155 70
155 72
155 74
155 79
155 86
155 87
155 88
155 89
155 94
155 97
155 101
155 102
155 106
155 107
155 112
155 114
155 115
155 117
155 121
155 122
155 125
155 129
155 130
155 131
155 133
155 134
155 137
155 138
155 142
155 146
155 147
155 149
155 152
155 153
155 154
156 6
156 7
156 31
156 32
156 37
156 38
156 40
156 49
156 51
156 54
156 56
156 72
156 74
156 79
156 83
156 89
156 94
156 97
156 101
156 102
156 114
156 130
156 133
156 137
156 138
156 152
156 154
157 1
157 4
157 6
157 7
157 15
157 18
157 19
157 20
157 26
157 30
157 31
157 32
157 34
157 35
157 37
157 38
157 40
157 42
157 44
157 45
157 49
157 51
157 54
157 56
157 58
157 63
157 64
157 65
157 66
157 67
157 68
157 70
157 72
157 74
157 75
157 79
157 86
157 89
157 93
157 94
157 97
157 101
157 102
157 103
157 106
157 107
157 111
157 112
157 114
157 115
157 117
157 121
157 122
157 125
157 127
157 129
157 130
157 131
157 133
157 134
157 137
157 138
157 142
157 145
157 146
157 147
157 149
157 152
157 153
157 154
158 4
158 6
158 7
158 18
158 19
158 20
158 23
158 26
158 30
158 31
158 32
158 34
158 37
158 38
158 40
158 42
158 44
158 45
158 46
158 49
158 51
158 54
158 56
158 58
158 64
158 65
158 66
158 67
158 68
158 70
158 72
158 74
158 75
158 79
158 83
158 86
158 87
158 88
158 89
158 93
158 94
158 95
158 97
158 101
158 102
158 103
158 106
158 107
158 112
158 114
158 115
158 117
158 120
158 121
158 122
158 125
158 129
158 130
158 131
158 133
158 136
158 137
158 138
158 142
158 143
158 145
158 146
158 147
158 149
158 152
158 153
158 154
158 157
159 4
159 6
159 7
159 26
159 31
159 35
159 37
159 38
159 40
159 42
159 49
159 51
159 52
159 54
159 56
159 57
159 63
159 64
159 65
159 66
159 67
159 68
159 70
159 72
159 74
159 79
159 86
159 87
159 94
159 97
159 101
159 102
159 106
159 112
159 114
159 115
159 117
159 120
159 125
159 130
159 131
159 133
159 134
159 137
159 138
159 142
159 146
159 147
159 152
159 154
159 157
160 6
160 7
160 15
160 19
160 26
160 30
160 31
160 32
160 38
160 40
160 42
160 44
160 46
160 49
160 51
160 54
160 56
160 63
160 64
160 65
160 66
160 67
160 70
160 72
160 74
160 79
160 83
160 89
160 94
160 97
160 101
160 102
160 106
160 111
160 112
160 115
160 117
160 120
160 125
160 129
160 130
160 131
160 133
160 134
160 137
160 138
160 142
160 147
160 152
160 154
161 1
161 4
161 6
161 7
161 18
161 19
161 20
161 23
161 26
161 30
161 31
161 32
161 34
161 35
161 37
161 38
161 40
161 45
161 49
161 51
161 52
161 54
161 56
161 57
161 64
161 65
161 67
161 68
161 70
161 72
161 74
161 79
161 87
161 89
161 94
161 97
161 100
161 101
161 103
161 106
161 112
161 115
161 117
161 121
161 122
161 125
161 130
161 131
161 133
161 134
161 137
161 138
161 142
161 143
161 147
161 149
161 152
161 153
161 154
161 157
