0 1 31.19332107905527
0 18 3.0498361185593854
0 24 1.0705553863791653
0 25 0.46435961130169395
0 35 4.186708802232557
0 41 3.0484526507303653
0 43 1.7280884001033252
0 50 0.6190861207397459
0 68 1.9029347271480277
0 70 0.36205629260160305
0 74 42.84183237332286
0 77 26.207751147991647
0 89 1.6387838966361084
0 93 1.9375537160345484
0 95 0.8007116023987725
0 97 5.355439332082934
0 98 3.1028739583227045
0 112 1.1993060391216182
0 114 0.17592268599763003
0 125 0.778935069203035
0 130 0.050141629272364915
0 133 2.327325552559477
0 138 1.2411396052312382
0 141 2.751538016713627
0 142 0.016222069857085224
0 146 0.1176159628633636
0 147 4.397285194954681
0 153 6.256885920752408
0 154 2.057523514158152
0 158 1.0920850189884896
0 161 0.13405306015466403
1 7 22.21417393172364
1 14 9.414091826101123
1 15 24.408222794455664
1 21 1.5648934639515606
1 26 76.18714293668705
1 33 0.5291656070562556
1 46 0.8167320100718247
1 51 29.759092635447402
1 52 1.2435213458673309
1 61 2.6267041397946977
1 63 31.31314249113362
1 69 0.7912581841590681
1 74 29.327285048649408
1 77 2.1433380780494082
1 79 109.85908231455784
1 80 1.5458232908411904
1 82 0.7463942520664973
1 84 2.0896525340421612
1 89 0.7226189619691386
1 91 1.1994859179879254
1 94 5.562389226052626
1 98 0.5540567343695748
1 102 2.40299767717493
1 103 5.196364477788279
1 104 0.12118661296055616
1 105 0.20617535284791313
1 107 3.4340198373930377
1 108 1.1958182302632019
1 109 1.2296211482742825
1 111 1.4454244533052636
1 113 11.01823921569821
1 117 1.7975368195834716
1 129 0.4586126379094577
1 130 0.9904134386999
1 131 0.42693499211212516
1 132 1.700701025074758
1 136 4.926229894805047
1 137 1.9789295571561552
1 138 0.25990601774417815
1 141 0.9961610207865158
1 142 21.247291492017887
1 146 0.3464219686046627
1 147 14.454714736568565
1 152 93.58666999402874
1 153 1.1224854738121999
1 157 57.42587488142137
1 158 1.2940401742859946
2 3 0.37177094988273457
2 5 1.7253460029236467
2 6 0.29693239344665684
2 11 0.2779149883337693
2 32 0.4477243109398525
2 46 0.2760778263708681
2 54 1.1248007183636852
2 61 0.2826417204359442
2 79 0.7241790962192693
2 80 0.12293146216128707
2 84 0.13981900343301473
2 91 0.780970048262809
2 96 0.6043928053867428
2 108 1.7665334258261527
2 109 0.2760072065777889
2 114 0.6971520786711735
2 115 1.3158720934173842
2 118 1.0732266210507866
2 125 0.6544158722526664
2 137 0.99027891653325
2 139 0.22778504263287452
2 143 1.0541727253955122
2 153 1.4665938709991073
3 7 2.5325456482006667
3 11 0.08389689772580293
3 19 1.0417093973533647
3 20 0.7800946753289725
3 28 2.689195270098348
3 29 0.5649975183329129
3 31 0.24078223831936618
3 45 1.2315656959264871
3 47 0.06044877960662101
3 52 0.2683048585752707
3 59 0.05890054843674053
3 72 0.41053101834693
3 74 0.09568787214665048
3 84 3.985269560625143
3 89 0.9154624202001463
3 92 0.4184712251714491
3 101 2.53776343482485
3 107 0.4440405692132754
3 109 1.1254421799581444
3 115 1.471525868350636
3 123 0.8210633709053848
3 128 0.27945990226661055
3 134 0.664673643700636
3 142 0.3188595433435937
3 147 0.4238036439713238
3 153 2.283605297018623
4 6 0.3812613840785098
4 10 0.1331776226550214
4 14 2.0576571004215167
4 17 0.415452736558525
4 20 0.35174570764814306
4 28 0.28003220097266546
4 32 0.5221012601620254
4 33 3.1023461405025414
4 35 0.7292612803876996
4 40 0.03269933290478531
4 41 0.1635140728782894
4 45 0.501469669385641
4 48 0.98805439892378
4 50 1.455668176591106
4 52 0.4922590691746918
4 57 0.03585377377289532
4 68 0.08772897776709637
4 69 0.7658465321293794
4 70 0.5370318209334121
4 74 1.2538650735233803
4 76 1.7559523549123695
4 80 1.254868411901617
4 83 1.6004650484338996
4 88 0.1297890456931178
4 91 1.2546937320651312
4 92 1.7148903145137817
4 93 1.2792913556258125
4 100 0.557714949527274
4 103 0.02936893747236288
4 106 0.8092907449013824
4 111 0.30545821733324496
4 113 3.069082457564048
4 117 1.8447279845556503
4 118 0.10890656884697793
4 124 2.567056847102913
4 133 0.05425175695483688
4 134 0.7662582274078787
4 138 1.0423130106100356
4 142 2.591571475288992
4 146 0.015650307000666955
5 7 0.43364690096895353
5 44 0.67282978308804
5 71 0.30453682357312933
5 97 1.430651165918251
5 152 2.377779164903346
5 158 1.0949622967896548
6 11 8.00599724395204
6 15 2.3537555075061922
6 16 0.1725584352641936
6 18 49.5648273552632
6 19 4.347364502754933
6 25 0.6977859535098216
6 26 22.996569321622715
6 30 1.5237452976374022
6 34 0.12072105820345858
6 42 0.06287899138663075
6 44 2.7872180218196854
6 53 0.6886567036691287
6 54 98.5876072873194
6 57 0.3345048647434491
6 58 0.37928831526075074
6 59 3.6368498788030075
6 67 2.0683982067442312
6 69 0.6484360718037316
6 72 16.96851867488493
6 83 1.1854458577853513
6 87 0.15099845743193485
6 97 7.571224294196769
6 110 0.06688795538330747
6 113 14.285533597184319
6 117 2.910162027799086
6 125 5.845668040285579
6 128 8.596862329753131
6 129 1.833575919435401
6 137 0.33811954923105947
6 141 2.1162187847771152
6 150 3.2140339939443887
6 151 3.3303477885685653
6 153 1.9049903092729161
6 154 15.494504216628078
6 158 0.5878263130828254
6 159 1.936411722782309
6 160 1.6130789027360393
7 15 0.2515276900255472
7 16 0.796746210605442
7 21 1.9995729707362278
7 28 0.2633031293566706
7 29 1.5649463636079757
7 30 1.9512287047065462
7 31 0.732334548915212
7 36 1.9833011909027773
7 38 4.453203918505822
7 40 1.0621591026420563
7 45 4.8919379936418075
7 47 0.955605136283969
7 52 0.9818879561533627
7 54 7417629.324991332
7 56 0.05662277427723683
7 64 9227285.148639996
7 68 0.23739044379479154
7 70 7.013997208553825
7 71 11.948689023210639
7 72 30425821.02087699
7 76 0.4100629302699262
7 79 37153271.01481307
7 81 3.1961572548021353
7 85 0.06932309054844052
7 88 1.1570203701368476
7 100 0.30031337421303644
7 101 14990129.786493124
7 102 0.6150651949690957
7 106 12.588153300987772
7 108 7.2337686134499934
7 110 0.20800331759906504
7 112 0.33266400918479233
7 113 20.85336214934681
7 115 9.192654313926045
7 117 2.895588547670711
7 128 5.2181583928523505
7 131 0.21863915147921772
7 133 0.8123300571546156
7 134 0.6377154678700027
7 139 0.24854906254283315
7 142 5.504918526028387
7 147 395342.88168561296
7 151 8.803965915568803
7 152 8991227.604530534
7 154 4641769.5300843725
7 157 4700681.248763775
8 23 0.7137673649551863
8 38 0.15180945215834962
8 96 0.38440890438317044
8 101 16.656008692103462
8 105 0.04399697117703317
8 110 0.6378319292418371
8 128 2.4241648037479497
8 138 0.20372886725327136
8 147 2.0490333429143877
8 150 1.1573531616748822
8 152 0.385649150239271
8 157 4.89747659620908
9 10 0.011608727783989725
9 11 2.2041769612644844
9 14 1.3398412156552462
9 27 1.1171320754047511
9 31 0.4428652020666275
9 33 1.6159755694641065
9 38 0.25238553261634267
9 43 0.3423610292416875
9 44 0.6269326784133629
9 51 0.7170725781781025
9 52 0.9916083959711866
9 58 0.25706534498448247
9 62 1.2008677257291622
9 63 0.12450066115071155
9 66 0.17505634066394613
9 71 1.1885887783059392
9 75 1.2862583019518241
9 77 0.15940566820614765
9 80 1.5082039744851246
9 82 0.02831862204891519
9 85 0.5070004234856816
9 87 0.2045859256367831
9 91 0.5613914418226693
9 96 0.4892433865511373
9 103 0.37797827406460943
9 109 0.6405863788592501
9 114 0.22227067369508716
9 115 0.055705169729313414
9 116 0.4822779865948246
9 125 0.2082218269011898
9 129 1.0375736749831752
9 137 0.08249452940118861
9 139 2.4622578717106873
9 140 0.17680009764148102
9 145 4.587094802500271
9 146 0.7232073580960928
9 151 0.8556491125064535
9 153 0.8976405300176262
9 157 1.7963755294304484
9 159 1.4164231707771304
9 160 0.5585919282909988
10 30 0.6483636121531627
10 32 0.6877216110406837
10 35 0.13438508132387142
10 40 0.7629623566774703
10 43 0.1883331732597562
10 46 0.7423098144869477
10 49 1.616930187689976
10 56 1.0481064092950598
10 61 0.18918009560793103
10 62 0.056121973933847664
10 63 0.4904860788876753
10 66 0.7068356401475617
10 70 1.3458039241123263
10 73 0.04310938345756615
10 85 0.2979241006716723
10 92 0.2934095108169664
10 96 1.0911106480450792
10 98 0.772801393192744
10 108 1.1986896330369066
10 109 0.3230272575911591
10 112 0.5134332465089115
10 118 0.20135195670017772
10 122 0.2310955167497323
10 125 0.8705616167255585
10 129 0.7642009445167446
10 131 0.059358164519268015
10 134 0.4478531405264444
10 139 0.26319619668344807
10 149 0.49865414087023013
10 151 0.055330564088435674
10 153 1.1984740351519514
10 157 1.6568885912361326
10 160 0.12557490965986104
11 12 0.4255296222665009
11 14 0.6771802426278468
11 17 0.6128534210973947
11 23 3.5536795260745455
11 31 0.5450143029832819
11 32 0.8084438785396973
11 34 0.44859641090433633
11 40 1.7329646495057665
11 43 3.765647482254925
11 46 2.102603537578791
11 49 0.29201080240177596
11 50 1.042124006813237
11 57 0.47258931045088115
11 60 3.368377091225591
11 61 3.7497880414519638
11 69 0.5667024417115696
11 72 11.619025949105321
11 73 2.3339167216945795
11 74 34.55394117063779
11 77 17.7871427699464
11 79 7.780791570097086
11 84 3.6845000754207957
11 90 6.5247466011645
11 92 0.36654227258869626
11 97 0.8411487465856354
11 101 14.160485292531188
11 103 1.096613855785735
11 105 1.8649889309501197
11 108 2.3933197857765602
11 109 0.4331546238027723
11 112 0.7079016800564977
11 115 2.894627033896288
11 125 0.3912263302321117
11 129 0.28889304378132047
11 130 0.031074318454589116
11 133 0.17776396873346395
11 134 0.2124622271124883
11 135 0.9789603078622179
11 136 1.843779580870083
11 138 0.5903968100616542
11 142 20.630248004687108
11 150 4.0107438371744575
11 151 2.1730229291226237
11 158 0.16913359747363688
11 159 0.18455230826023641
11 160 0.6239067357942172
11 161 2.264714678240473
12 14 2.569208641595307
12 26 0.6133142626859133
12 32 0.05215445684555244
12 34 1.3569047568013997
12 38 0.7489367109059304
12 39 0.02845728279902687
12 53 0.5289384190570233
12 59 1.2313937809756845
12 63 0.17451549958917575
12 64 7.8146342602736105
12 66 0.9071006194810752
12 70 0.4753312420983425
12 72 0.19724294585289356
12 89 0.43410249339050183
12 92 1.066090912091731
12 97 0.9471953242252372
12 101 3.8458327691784016
12 102 3.513458806352681
12 109 0.01414884002788074
12 110 0.02586899714141099
12 119 0.01459389317371762
12 125 1.8825335177961986
12 126 0.1053636699523596
12 134 0.04762686141060084
12 142 4.93579155694699
12 147 0.8915397238292422
12 154 1.4863145482486189
12 159 0.1623939367663658
13 24 1.066369810408785
13 42 0.47111564991293275
13 50 0.1468647541297695
13 54 1.9088171512995284
13 83 0.32131710977416444
13 84 1.0960279805131767
13 90 0.20692985707629444
13 102 0.3012523216421171
13 113 2.096030819753558
13 114 2.320972322865279
13 153 3.9968622439280668
13 154 1.6034750124694555
13 160 1.1052224180033636
14 18 11.97535000390894
14 20 0.5028742612849026
14 24 0.5545719965448922
14 30 0.236434713771245
14 31 0.13097400472679005
14 34 1.4896733850508337
14 35 0.12253544578932857
14 41 2.132335683123851
14 42 0.9965603267084938
14 46 0.08347044430246713
14 48 5.072505949791117
14 49 2.3841120709869954
14 50 2.0258313157203998
14 52 0.01717776794985149
14 56 4.865838570978927
14 58 0.421441563982875
14 67 0.3598478531368548
14 68 1.3110965368817353
14 69 1.9753500979119676
14 70 2.1828140311365005
14 71 3.482627567052972
14 73 0.03114624472140788
14 85 1.8294858020515061
14 88 0.5234914524511353
14 89 1.2014650349080909
14 93 0.932693373805192
14 94 0.33230133035332354
14 105 0.2879088864089654
14 106 2.8821242116247183
14 108 5.429762934287211
14 109 1.196748457920537
14 110 0.02096933297027515
14 114 0.054867001585406174
14 115 1.5097824583212345
14 117 2.4591702592075246
14 118 0.47052391214217454
14 134 0.9236720721182148
14 135 0.5485361178470146
14 137 0.23667613304717916
14 142 2.890410084712752
14 146 0.366701380755329
14 149 0.740115183145924
14 151 0.9701617957177033
14 152 1.6974032188226575
14 154 0.33373252463392983
14 155 0.9902867967649854
14 159 0.8792502126950423
15 19 27.146501283715168
15 20 1.436040142118001
15 23 22.803990676514374
15 35 1.4594480846403222
15 36 1.5151065110125679
15 38 7.5140613456648255
15 44 2.7396259552735747
15 45 1.9109438379298371
15 50 6.421849210885833
15 52 0.158150107020708
15 53 0.46159939143831386
15 56 7.23279104991633
15 68 1.5729988191596387
15 72 34.933808861570235
15 74 17.990481136682448
15 90 6.0605288905883485
15 98 1.214464722789567
15 106 16.797045050813452
15 118 1.2340164879330697
15 132 1.1119166000393388
15 135 0.08468479380480012
15 141 0.03183588983156128
15 142 9.919439318188637
15 147 8.620829511864974
15 151 3.209093783625458
15 157 18.495766619211384
16 19 1.3753510013245995
16 31 1.1952614346540256
16 32 0.5451392779215548
16 36 1.1738031629650194
16 38 0.0971678938842333
16 52 0.5562252804987794
16 54 0.12196392883679023
16 63 1.5460697591188475
16 77 0.6215203034290119
16 89 0.690538422630131
16 101 0.08151256318971842
16 111 0.12768655047274785
16 114 1.7561542057284105
16 116 1.2250994644015267
16 119 0.6850663908471345
16 125 1.2001978760397767
16 134 1.572233060155552
16 135 0.08696631605092368
16 137 0.16740786363760904
16 141 0.027710610248914205
16 144 0.6494141608354244
16 146 1.2738433285459998
17 31 5.064456639710824
17 36 2.4264929210814628
17 46 1.8702263412039553
17 51 0.08308973058956015
17 63 0.44113594403448286
17 69 0.8781544529297303
17 75 1.274913270773394
17 80 1.721765542959411
17 89 0.09374016850073362
17 114 0.23420979910999054
17 125 0.7873893334326957
17 127 0.9187646910449581
17 133 0.7428848840046656
17 135 0.12409267595891178
18 24 0.33482072610219654
18 26 5.955031395025244
18 29 2.0112093097515036
18 31 0.4506593395466341
18 35 0.7671271024920517
18 40 1.042150100932091
18 42 0.1478425909529481
18 43 0.19353500166321774
18 45 2.086499237436264
18 52 0.3597792255973781
18 54 115.6908949532491
18 57 0.04812949528582163
18 59 0.47268152943377056
18 60 5.221819360476094
18 64 10.514942056187165
18 65 14.498559636924343
18 70 0.7124888299297443
18 71 28.321932485641845
18 82 2.2728617128179005
18 98 0.9091628132641525
18 101 2.6440383060444526
18 106 0.02644056940835463
18 108 0.6142017456141302
18 110 0.6218467627573986
18 115 2.550784339979191
18 117 2.1980399911722097
18 118 1.337743988315547
18 119 0.6833903936988425
18 123 1.819609148612553
18 124 6.067714752876439
18 126 0.38543673702854825
18 127 4.302609807065643
18 128 0.1521243630563326
18 129 4.048966756488423
18 131 0.3889594612410318
18 133 0.6664104327578859
18 138 0.3471673313175775
18 139 2.950268767113671
18 151 35.241595777811106
18 154 16.80570526401483
19 20 0.7135103825398669
19 22 2.723559197133905
19 23 0.588889977530603
19 26 9529.722174362538
19 30 0.9647038329826708
19 33 0.8253740428404677
19 35 0.9554568528131212
19 36 0.7812993418575891
19 46 0.015707044796052894
19 47 0.7383175041834359
19 49 1.93618707191272
19 52 6.289616618469496
19 54 3199351.7227942944
19 59 0.5649626488608133
19 61 0.6421029782665691
19 63 45.32447734103933
19 65 9.929691336116925
19 67 10.447320743662553
19 69 7.850977083806188
19 71 7.419473810072527
19 77 5.22879328825039
19 79 1417622.6489167023
19 80 4.29836698356717
19 88 8.88488224818323
19 90 1.7578289243842669
19 92 0.09038189013956593
19 94 0.6224073209135337
19 99 0.7915088625881905
19 102 1.2138480125773505
19 106 6.160494491978383
19 114 0.030486155466760825
19 116 9.637265172926023
19 118 2.1853828800773925
19 120 1.4860509274680676
19 123 0.1242745756676328
19 132 0.9803191494376935
19 134 1.2607827657921589
19 136 2.2025374089951173
19 137 5.390876283554063
19 138 0.18655469539447805
19 142 3.2257616221726204
19 143 0.490010983857792
19 148 0.20423549378612676
19 149 1.4204023347154837
19 150 0.2268567896381139
19 151 13.53200991233097
19 152 10167119.634283446
19 153 7.389654172214791
19 156 1.0764615283876788
19 157 1213515.1228073135
19 158 0.46292155307778243
19 159 0.3207929390476892
19 160 0.6383749580140677
20 21 0.16966270508435477
20 27 0.13143763556538499
20 31 2.364569893518711
20 32 1.2423933666632707
20 43 0.5198362919468292
20 48 0.058143268107868656
20 52 0.5000153241004123
20 53 0.20369440799674673
20 54 1.9162094464846688
20 58 0.9979518547868955
20 59 1.073729088219846
20 64 5.135117288063255
20 70 0.43242398016656947
20 77 0.29714003884769846
20 79 0.4371879436941748
20 80 0.04031247547358324
20 83 0.6369568106442349
20 88 0.0987876639116687
20 106 0.16876452022342478
20 111 0.8201847349682616
20 125 0.6625672278295685
20 127 0.4610433546102711
20 128 0.6975656397241783
20 129 0.8862587657281034
20 131 0.09665495520052209
20 133 0.05988073713258923
20 142 1.3116352593173415
20 143 0.09286627127267158
20 144 0.6036766577248793
20 146 0.41842479669896804
20 150 0.3592110001994987
20 151 1.1052967984260482
20 158 0.41959179717553763
21 25 0.11490921118764122
21 27 3.4265882578714457
21 30 0.0372885864972418
21 31 1.8900262473566267
21 32 0.6141749063984192
21 36 0.4080731671430881
21 38 0.7209210734415766
21 39 0.9490934445977535
21 40 0.19187223355658492
21 41 0.5152465025128105
21 43 0.5918542651878745
21 44 0.22246631197927455
21 48 0.6823044946702902
21 49 0.42301924718207584
21 51 0.28602541559468914
21 52 1.8517807496987377
21 54 2.042506304628824
21 55 0.3099445480290117
21 61 2.7500718077606727
21 63 3.5574603041988953
21 64 1.422508191125227
21 65 1.1920428082619121
21 67 1.34777111218812
21 68 1.346738497269097
21 71 1.3401118247006967
21 72 3.0196010041902395
21 73 1.2070541329239255
21 77 5.552194024393884
21 78 0.14771702891612223
21 79 2.3373114676260487
21 80 4.5588099683833985
21 91 0.48189461348792184
21 108 3.144401994127565
21 110 2.0483473089959587
21 113 4.756703410965329
21 117 0.6992433491252772
21 128 0.562272664490573
21 135 0.11368048973731511
21 138 0.6863568658889279
21 139 0.023755283173152505
21 150 1.3384028030670727
21 151 0.22090894599678687
21 154 0.049199889825005415
21 160 1.377764179457984
22 30 1.4282783427703667
22 31 0.8438872249249222
22 41 0.9659921958369856
22 49 3.1976456771105597
22 54 4.729614089220391
22 64 3.528980433335742
22 66 1.9657885261754455
22 73 4.013091628181281
22 74 12.749499455931932
22 77 0.3789174868996495
22 80 4.0874859663627765
22 81 0.6957828324052951
22 94 2.404945235575522
22 97 3.60509109866671
22 98 1.935746735148959
22 115 9.128186979160681
22 117 0.8929062913526045
22 137 0.9658301264907819
22 145 0.592524647581995
22 146 6.968425869178754
22 149 0.06009506216721523
22 151 5.459169652105705
22 158 0.2974846444422116
23 48 1.6846034913207413
23 50 1.1313942754425181
23 63 5.943158759706528
23 68 0.4348658178198263
23 91 1.12966007711683
23 94 0.40867342484624314
23 95 0.00784297848201464
23 96 2.0883116507650232
23 107 0.9408490349601192
23 111 1.1043220247451857
23 114 1.1364947857701382
23 118 1.9796000296370269
23 125 2.698975934040503
23 129 1.8356904019055897
23 133 0.8000244783318969
23 147 2.9695624522115556
23 151 9.478243643758043
23 154 1.6722458708124264
24 30 0.02249236036269488
24 40 0.5544202670802113
24 42 0.870178904286877
24 44 0.802097911347424
24 45 0.9202143603510891
24 48 0.672923950765935
24 52 0.15497575642771078
24 54 2.093216779754865
24 55 0.3320262897607436
24 61 0.45419925281849755
24 66 1.238749223127131
24 68 0.04973120300603276
24 69 0.723585917558058
24 72 2.3579155297487997
24 79 1.6825320926146672
24 97 1.8530287197992752
24 99 0.8346305035122372
24 102 0.986355347100279
24 118 1.3768147465425582
24 131 0.4036357930285839
24 132 2.0487262933541337
24 133 0.39805778000701175
24 137 1.4094462525665445
24 152 1.2871543058450656
24 159 0.60496400872075
24 161 0.4193483581867596
25 28 0.4296149257748377
25 32 1.5780684838989054
25 38 1.101966271003076
25 43 0.8253054197548729
25 44 1.6965528361325901
25 51 0.7931073067585207
25 55 0.7386413681953314
25 59 0.985932871889851
25 66 0.6300108678034693
25 68 2.1590037364286667
25 70 2.4838161578445868
25 73 0.3958252963647622
25 77 1.7528393116337853
25 84 2.260121433927949
25 88 0.05417470392182734
25 89 1.6950722388577961
25 91 0.4012878299530504
25 101 1.328956606109122
25 106 0.8690745792155561
25 110 0.3057957151616968
25 113 1.375830211174944
25 114 1.7724795643390945
25 117 0.4596207739556398
25 125 0.5553058494225687
25 130 0.12864940156666854
25 138 0.46686934940041186
25 139 0.9271841395848178
25 142 0.42955662042018017
25 145 0.19592409651975654
25 147 0.1152690202528634
25 153 0.5771839452242743
25 159 0.10821025694332925
25 160 1.2242758066352002
26 35 1.3123121077764115
26 38 2.120533452231471
26 45 1.1284079153628819
26 47 0.7425342240193579
26 49 0.1586380255415191
26 51 6636.831970330245
26 54 68506.1104332677
26 64 6658.3188470815885
26 66 1.5280443295158006
26 67 1.3529332095582263
26 70 2.063639854760144
26 77 7.628891647047133
26 81 3.558075685724896
26 83 1.7908626949210802
26 84 4.445007875855369
26 93 0.6439174406844942
26 94 2.430353575502502
26 102 1.2367983382833745
26 105 0.0772799201482611
26 112 1.4416289105925786
26 114 0.5796206728024663
26 141 1.2612336847529584
26 143 0.7981430116126407
26 149 0.010138688272458452
26 153 6.050116082952445
26 160 0.10067621647916483
27 32 0.7605304201142769
27 46 0.5017364477140316
27 55 0.5348685641084193
27 61 0.5754328034927501
27 74 1.6049608291705408
27 87 0.04964429864021548
27 91 0.015808708547178564
27 98 0.9358910245746731
27 117 2.5708933950020754
27 119 0.11289849851467824
27 134 0.20553635260581488
27 135 1.3676562408673474
28 38 1.209288420604149
28 40 0.29097043818978036
28 45 2.5209351581004147
28 51 3.7496982521090576
28 52 0.4038550463124069
28 55 0.1694111048346573
28 62 0.6825113797473737
28 65 0.41083909275867825
28 69 3.561888564729544
28 74 3.4466549500054753
28 75 1.459140960670299
28 77 0.7886666890897996
28 78 1.169566712718335
28 85 0.4013287589446323
28 89 0.32646208602180676
28 100 0.24292879878096316
28 105 0.2684907853157136
28 106 1.5917940405538162
28 115 1.0102587176279794
28 122 2.4394310198563165
28 125 0.1901275473707086
28 135 0.17906079502334193
28 141 0.0966545156401072
28 142 1.6567411457155181
28 146 0.6735858966605602
28 153 4.405992019517833
28 161 0.6755601705117764
29 30 0.7306384157956182
29 35 0.29143134606706755
29 40 0.48384987876575153
29 50 1.1049687659321317
29 54 2.7332729768933612
29 55 2.4929370662068697
29 58 1.8036482108230323
29 64 4.073793916599491
29 75 3.0637312266745016
29 87 1.5188671816500128
29 93 1.794838961853871
29 104 0.40027502640711304
29 105 0.7465208833855577
29 122 0.7932191412154033
29 129 0.5299888913396545
29 141 1.6631964841944207
29 142 1.9300759566899903
29 146 0.11891834967340091
29 147 7.93939350001688
29 149 3.968268608084002
29 154 1.7053574131035443
30 31 0.281910355435833
30 36 0.011539801314764899
30 38 0.8609442979349923
30 40 0.64913377499548
30 50 0.8445767027136497
30 53 0.3194764160812403
30 58 0.10581485597869765
30 66 2.2545457673986635
30 72 1.0770227738485858
30 73 0.08114023292104956
30 77 1.6068285493543735
30 79 0.24819686544876168
30 84 2.0906889406105575
30 94 0.3583880145313456
30 97 2.0376753768136187
30 108 2.543653928018006
30 109 0.2071336884890027
30 115 1.1915988828347053
30 116 0.1697942386733431
30 117 0.08216589277256928
30 118 0.36537899697248344
30 126 0.6879760486326708
30 127 0.2902780476891373
30 129 0.9019132987135872
30 133 0.24036538008229513
30 138 1.1755391266705197
30 141 0.6774908100996132
30 145 1.2432673431848218
30 147 1.1380303819068807
30 151 1.5980430868754596
30 158 0.203604498509917
30 160 6.9470555147148145
31 32 0.4166360716400093
31 36 0.16229768036354159
31 39 0.3654645820544172
31 40 0.3610447696668944
31 44 9.830152711947017
31 45 0.330220865125942
31 48 1.2017787183669715
31 52 1.1944162865204426
31 54 184.20215143397868
31 58 0.2369840918710143
31 59 3.50424495586198
31 65 3.6606856605437907
31 74 24.91308447426954
31 79 31.373232952556606
31 89 2.1271767835812367
31 91 1.4072862956254761
31 94 5.520216390217402
31 97 1.8369982097020774
31 99 0.40976365551891764
31 100 3.1847736053824156
31 103 1.089260718577678
31 107 1.9208263870702316
31 108 3.3081615135156066
31 109 0.3068048757429431
31 113 10.44466800424001
31 114 2.9473738052414165
31 115 1.1848075076538866
31 117 1.0333820167620984
31 124 16.84577551092344
31 129 3.718339258824548
31 131 3.958309932257514
31 134 4.806505624483324
31 143 0.4312984604503976
31 146 3.156159184811543
31 151 0.9285377961019536
31 154 63.23641472722146
31 158 3.0545835792439
31 159 0.5216820422094783
32 35 3.078572219644715
32 51 1.3985857916174642
32 54 5.048747953034529
32 59 0.8330046060665385
32 62 1.2901667558761147
32 63 1.9284490013639437
32 69 1.5602819190701096
32 70 3.9798853858617003
32 71 2.319973380571311
32 72 4.053561248193564
32 73 0.45744042023871484
32 75 1.2069769158624568
32 83 0.2142591748487957
32 84 0.4000535457466922
32 85 0.6160509232904781
32 86 2.094345476087273
32 97 1.5685007340248132
32 99 0.8987726360936881
32 105 0.6320432627531437
32 107 1.5852008715926045
32 114 0.741599853791334
32 116 0.4208009413693399
32 122 1.1273863834872493
32 131 1.044572004706282
32 134 0.25416421331131345
32 136 0.745167406221724
32 137 0.303302598326069
32 138 2.448943496169778
32 142 0.0827327600325314
32 145 0.9918324022898403
32 152 0.21921405068394909
32 156 0.28589703261265437
32 158 0.180009487133961
32 160 0.01437437225910465
32 161 0.25098751104165906
33 34 0.1265554358000652
33 48 2.917028605479449
33 49 1.2476793175870602
33 53 1.4026596586534992
33 54 3.914853069053894
33 64 4.854740154368476
33 68 0.048880691107479814
33 73 0.27014795034383343
33 82 1.327394555617523
33 102 1.0307348063107815
33 104 1.3676995712490885
33 113 3.2082529066497534
33 115 1.4917154302872067
33 119 0.11800034185974716
33 125 0.6991401097833754
33 129 0.39725850018081543
33 133 0.4036853084382
33 135 0.0877953821021886
33 145 1.3213279529919333
33 146 2.0129441788841484
33 151 0.3447251481593543
33 159 3.1979528339843335
33 160 0.47203563481499394
34 44 0.17236920582721574
34 61 0.03163071362720439
34 62 0.18784339531175745
34 63 1.8103152971396048
34 66 0.34907008272394546
34 69 0.9959318153330547
34 72 1.2408887350766327
34 79 1.8986911808772085
34 94 1.6774479502651825
34 99 0.022280021658967614
34 100 0.35553685531281093
34 101 0.9428204487757905
34 103 2.3670834621148384
34 105 0.9935353027258043
34 113 2.7922270708931864
34 121 0.35867062301501207
34 123 2.0583341851872303
34 133 1.571494725738618
34 137 1.4315129427848228
34 142 0.4030225320579419
34 143 0.22460026560323626
34 148 0.018653240128728394
34 152 0.4754450178437848
34 154 0.17708852009645942
34 157 0.8687228988232294
35 39 0.0439099355180424
35 40 1.1687313184465595
35 44 0.4798252402126454
35 54 0.8202666625135018
35 55 0.22653641564726368
35 59 0.16925826109808959
35 63 0.31024344699696293
35 64 0.3225485263664593
35 65 5.366886238180661
35 67 2.0334154391829284
35 68 0.6839861117942815
35 70 0.48336512147992994
35 72 0.49722661658216594
35 73 0.5274753112929665
35 77 0.1934220758952978
35 78 0.955201405508619
35 89 0.6816302145493629
35 94 2.163653959980763
35 95 0.845324725446668
35 97 0.9320695003864091
35 99 0.8559536178149193
35 101 0.9079863996142252
35 102 0.2407898163781584
35 103 1.447082459117197
35 107 0.5122039289333036
35 109 0.09321251208945096
35 110 0.41970616643936365
35 113 3.0562168763084046
35 115 3.138438359256232
35 128 0.29019969569775617
35 129 2.1651964192993884
35 131 0.8975197358893697
35 135 0.3509481982614684
35 143 0.8510849535075602
35 146 0.5335192105638484
35 151 4.15503410392117
35 152 1.9618761449176838
35 156 0.13974001985912088
35 158 1.338937988322577
36 42 0.39146400850398405
36 43 0.34247059830845084
36 47 0.5904068545634162
36 50 1.001510678167654
36 54 1.067267052026668
36 59 0.5038492328128316
36 61 0.8486762749789722
36 64 2.3955525002588773
36 72 0.5367983531600942
36 73 1.5470142846576016
36 74 0.37312320886115863
36 84 2.1016303632235407
36 85 1.5294360546196508
36 92 0.14081149908354637
36 98 2.2478371163371476
36 100 1.7369087773549885
36 104 0.8398876566601954
36 105 0.8197465270892306
36 108 0.027873424856093537
36 117 0.29004574695012514
36 118 0.09545102441177414
36 120 3.584276378286891
36 131 0.14157949773383427
36 132 0.5945358007919632
36 136 0.7511014900836751
36 139 0.11247268375556134
36 141 0.1736817580554661
36 145 5.407674121745298
36 158 2.5444359055210377
37 41 0.9883852168193346
37 44 4.841073344087069
37 101 1.0257485224920808
37 106 4.0891839330449296
37 108 2.736893953738814
37 131 0.648799302351508
37 133 2.2004333314302356
37 134 0.8150217708935142
37 135 1.028040681259248
37 139 0.4801659842950136
37 141 2.0891430702058558
37 142 0.9900134131497456
37 150 3.433257384050218
37 158 2.1430782070407104
38 44 7.609135634172151
38 48 1.0491598737127377
38 49 0.8996697192351363
38 50 3.8058978698696766
38 52 1.1037765064746268
38 54 1.1338241510881437
38 55 4.5927902529305635
38 56 1.1203026415254747
38 57 0.7035532104873874
38 58 1.0405682735916824
38 63 0.22506081705395733
38 68 0.8262979969520876
38 69 0.04525578013617237
38 70 1.0264758940799055
38 72 0.7467432096308876
38 81 1.2244611563786842
38 82 2.800366227656168
38 84 0.8130567541771335
38 88 2.7725765946318943
38 91 1.2957517891336157
38 92 0.8487730974952528
38 93 0.14278537391916515
38 97 1.1116257146721065
38 103 0.2688839189318319
38 106 0.1689054320289737
38 111 0.17295055615469576
38 112 1.5185771882837475
38 118 2.212046871900425
38 121 0.8561280137988564
38 127 2.800131082960525
38 128 0.6098537331759556
38 131 1.4952943624240531
38 133 1.162469798529792
38 139 0.20192452550740797
38 146 0.8473270222727048
38 149 0.6962388211475864
38 154 4.779025923465815
38 159 0.41862601819673895
38 160 3.501046741298525
38 161 0.09673904887344036
39 62 0.8437048022395851
39 64 0.2159705349702759
39 68 0.09242068812891513
39 71 1.0529534743431777
39 72 0.47291243725267446
39 73 0.31214666515447986
39 74 0.39778330291410957
39 75 0.8664827129184542
39 80 1.4841174739300294
39 82 0.029473194103700757
39 96 0.4482103387129207
39 97 0.35483622867965087
39 98 0.1315876344195991
39 99 0.15431695972337967
39 102 0.8834080838456164
39 104 0.4481715657028125
39 109 2.9318717681525097
39 110 0.09296530153325873
39 115 0.2952559329167924
39 118 0.1293496416483111
39 132 1.2073691445818007
39 134 0.014727019284413393
39 159 0.7978956594159105
39 160 3.3828164458432743
40 42 0.10766083293185945
40 43 0.23488875983302315
40 44 0.1313261368048727
40 49 0.6500772382529034
40 50 2.155340227933194
40 51 5.19525178295366
40 52 1.4917667772914036
40 54 0.6796571905224646
40 57 0.7107576990269122
40 58 0.6673703643059504
40 62 0.9096846858511195
40 64 0.09594382436364043
40 65 0.9930180363661515
40 66 2.3910902984595417
40 69 0.4852127975478675
40 74 6.228261210571467
40 75 0.13513365885074624
40 77 0.4950737900402231
40 82 1.5345505072281542
40 83 2.0557626073980453
40 84 4.480027182032294
40 94 0.2724115960941443
40 97 0.9606425240395401
40 98 0.8670023380990259
40 102 0.3434535597852779
40 103 1.184114537652209
40 107 0.7425316332102045
40 111 0.5695833691792216
40 113 6.374114016153509
40 118 0.9714737296048664
40 129 0.27208264640121665
40 131 0.9397521863433883
40 138 3.1695980206456085
40 142 5.042516480426434
40 145 0.38275191669094666
40 149 0.066471232162065
40 151 0.5105133540245826
40 152 0.3255113957746211
40 154 1.9333684037974102
40 158 2.0312585311582656
40 160 0.8470744890213565
41 49 1.0940475568882835
41 51 2.754723517942883
41 56 0.6805894924830093
41 61 0.3555173868649432
41 75 0.4055881487906828
41 84 0.10215925754167098
41 92 0.7601351066629153
41 97 1.8894761191985114
41 102 1.7051242095878951
41 109 0.07310215790788396
41 112 2.748570978433655
41 113 5.234497003436625
41 115 1.9411851504680981
41 118 0.2170103799642911
41 129 0.8734608299439923
41 141 0.12952069123214022
41 156 0.259730936858407
42 50 0.2974924884130424
42 54 4.213141680249971
42 58 0.3406204661707667
42 60 0.35415538059570695
42 67 0.3358049480740605
42 70 0.7539167188657087
42 83 0.36273619974641663
42 87 0.028347821739342673
42 89 1.7818845271110075
42 94 1.1350106028328248
42 97 1.3688503600308206
42 100 0.07136199805563745
42 102 1.0407927313450474
42 103 0.5939007238407076
42 105 0.020053859414364085
42 108 0.8013353015934288
42 113 1.4738209303066823
42 114 0.3641473419260928
42 115 0.04851281622613211
42 120 0.723203519864855
42 125 1.7304500674455758
42 131 1.4469830743933794
42 134 0.3176322435345739
42 138 1.1809407413620117
42 146 1.4624977177708114
42 153 1.2466035831115139
42 157 0.43329688596998733
42 160 0.9304200435548209
43 44 2.4455643572327213
43 45 0.22262537122369497
43 52 0.15829293992905735
43 54 4.761563404807282
43 56 0.18792576203563707
43 65 1.5464955669064553
43 69 3.5763353133968474
43 72 0.43431825352643993
43 79 4.319041443345362
43 85 0.2610362179302283
43 89 1.044039715643974
43 94 0.5153182973090574
43 96 0.05153553704458659
43 101 3.48253243893081
43 106 1.6547662965629604
43 107 0.07200193494515753
43 108 3.9865153670829465
43 109 0.744645204556459
43 113 1.1605576380260454
43 114 0.6041500305454514
43 115 0.14054847371917806
43 122 0.14619897851335198
43 124 4.733093962832981
43 125 1.0438365031640375
43 131 0.4606966068669272
43 132 3.3951251265846
43 134 0.608625194020909
43 135 1.2415630476536184
43 142 0.7246328897721048
43 146 1.2277883944597208
43 147 1.9280126044007408
43 150 3.0114063073560535
43 157 1.5334566316115474
44 45 1.9628162929369763
44 54 16.73172163222801
44 56 5.392513502417337
44 57 0.02681103262501617
44 59 1.9892589386911004
44 63 5.786968680013895
44 68 1.1739689367262405
44 69 1.7064218074638773
44 70 0.35954821604660353
44 71 0.05106344225374847
44 72 4.350951540509615
44 73 1.101086018072444
44 75 0.10547432438265165
44 80 2.2413139112689326
44 85 0.06135168472177786
44 89 3.491007831556947
44 99 0.1504564463090081
44 100 2.521139494202097
44 102 0.20986291338752988
44 109 0.4558605807923823
44 112 2.1311683598306175
44 113 0.26520593872369835
44 114 0.7324750035581413
44 116 4.950010083889702
44 117 0.3168991361323478
44 123 1.3870883517241173
44 124 2.305718019864062
44 126 1.454276485830439
44 138 2.4382519830305798
44 152 1.3263809902043018
44 154 8.233481642077736
44 158 0.3897181947351667
45 46 0.017201286728079204
45 50 0.40072083860062035
45 56 1.5944141444859852
45 59 0.10701808996860049
45 63 1.1244075897962245
45 64 1.1706879190842843
45 67 1.157610875030688
45 71 0.019584863141844187
45 72 0.48021762795414136
45 78 0.23873199278012056
45 80 0.057008330766002716
45 83 1.9623779718077268
45 93 2.4683000609718984
45 94 0.6082676119718903
45 95 0.11816908722553325
45 99 0.07192389110783341
45 100 1.181415553940359
45 110 0.9025177133015019
45 111 0.9082084124575034
45 114 1.2080455076913796
45 117 1.8395519589434792
45 118 0.06518444161252873
45 123 0.6031509463627878
45 129 2.7524574055985727
45 134 0.29200353324159944
45 135 0.3661720183438811
45 138 2.483373413593814
45 139 2.792188994002045
45 143 0.6855691625100198
45 149 0.11257943712976709
45 152 2.724814858353643
45 154 1.9609032841755532
45 159 0.2783847033020835
46 51 1.2101281352340965
46 52 0.7518633997211246
46 58 0.07422658089940148
46 59 0.22797414379110564
46 64 0.3600432527000075
46 65 0.2247473848749541
46 66 1.0215912657412087
46 72 0.8988084450577855
46 73 0.6875352407288733
46 79 2.079195146613983
46 83 0.20167509631437705
46 87 9.196442369952262
46 88 1.1012082583980929
46 95 0.060256252924341634
46 99 0.814276041914377
46 101 1.3192528380429211
46 115 0.43344563582117285
46 131 1.0534426787676694
46 133 0.38704521906305356
46 135 1.5990065332544081
46 139 1.7913159008721231
46 145 1.3292370061466892
46 154 1.007022057706659
46 158 0.6922384728607632
46 160 2.0029142577230474
47 49 2.167396610366367
47 51 5.485030931194165
47 92 0.5892321915387451
47 97 0.21365899403602318
47 141 0.3325465911695605
47 147 0.16250074771781206
48 53 1.4665676155962941
48 70 1.3242227667019766
48 74 0.27076742900449713
48 80 0.39362276852595013
48 87 3.6649175345187137
48 94 1.6613052911272221
48 100 0.7149128402778683
48 107 0.8307645245835882
48 123 0.1573391070251681
48 134 0.2966137722627607
48 138 0.5304249766369729
48 147 0.579770811586376
48 149 0.8654307096490512
48 153 0.6458966940895999
48 157 5.41626654679332
48 160 0.019885854830099456
49 54 4.440328235648259
49 63 1.5635123065782621
49 64 0.2518806469137605
49 66 0.5469648397771718
49 68 0.4259180958354906
49 69 0.4435268762591022
49 71 3.7288431532963204
49 73 0.7610307571224141
49 74 0.5013548139215867
49 80 1.0998142706234664
49 97 0.13588000335216915
49 100 1.4407906534909485
49 101 2.7743198289708317
49 103 0.1874503517577448
49 106 0.4596864374323268
49 110 0.8388425174627294
49 112 0.3200944176616007
49 119 1.6777122287601263
49 124 0.6555018791586514
49 126 1.1136177841528456
49 129 1.3977540675721438
49 135 0.26072145984608885
49 137 2.642886506925772
49 139 0.5522517409851848
49 142 0.39170131569627153
49 143 0.04543384725729036
49 147 0.22263166639370058
49 148 0.8990042600615485
49 155 0.23705296990159172
49 159 1.155792573170763
49 160 0.2542198274963899
49 161 1.7195390501837031
50 51 0.4705617648843149
50 62 1.7235375153421564
50 67 2.788115732785946
50 70 4.732469916974884
50 73 0.5216998833084758
50 80 1.825541125368523
50 83 1.0820544885974552
50 87 1.3304068178456956
50 89 0.050260000017621376
50 102 2.4184761549557128
50 103 6.041422913202889
50 108 1.2740157110529602
50 109 0.20096530344268207
50 114 1.2138629600350235
50 124 0.8397748638383238
50 125 0.16473318273804852
50 128 0.11331803735736669
50 135 1.21060997792394
50 138 0.3160013324022024
50 141 0.6868905797730254
50 151 1.9629805296983966
50 157 6.798615373111913
50 161 2.2653463365861337
51 54 7722661.787369303
51 55 1.7542141752990215
51 56 1.1136304341115921
51 57 0.1492287727416216
51 58 1.7203108843961032
51 59 0.09474580245927215
51 63 10.10781573381382
51 65 3.23264466812319
51 68 0.21031091091872245
51 71 35.62126222401523
51 72 12859030.731399834
51 73 1.58896922232694
51 88 0.0844720790942928
51 98 3.0200210934762795
51 102 5.920483159156101
51 107 6.944724408576873
51 109 0.5259616717347405
51 113 34.4438372004857
51 118 2.40063520864713
51 124 5.301513352546378
51 129 5.049127200982918
51 131 0.6926981640705651
51 134 0.7585292599259955
51 136 9.727904506838708
51 137 2.282743344408397
51 145 2.094497940069564
51 147 394688.05493799987
51 148 0.4437367506748028
51 149 0.1562094960686601
51 151 0.5830794292780097
51 154 104074049.69265449
52 57 0.06758964614431637
52 64 1.2293645633332348
52 69 1.7457698774894843
52 73 0.01816032932402238
52 76 1.4148767306059349
52 77 2.3325568083482646
52 79 0.35191524199656843
52 80 2.2159117454459816
52 89 0.11592928689919037
52 92 0.296273977374507
52 93 5.097367874908616
52 94 0.6489111848714967
52 102 0.5843832116518447
52 109 0.12391608351205262
52 113 2.092338516348977
52 126 0.32425627091655734
52 129 0.2783680845250462
52 135 0.34650613277881087
52 142 2.84483877688386
52 149 1.477057847235111
52 159 4.535924791096501
53 61 0.6907729587862111
53 66 0.8987294138173184
53 72 0.8927615470390089
53 79 2.8367688253668284
53 80 0.9717297229730785
53 84 1.7871922661448878
53 87 1.184436120206935
53 91 1.065580537601311
53 100 0.5749890920054489
53 102 0.9356455398347737
53 103 0.11522012818442103
53 106 1.0763240790293547
53 109 0.15265407035788214
53 125 0.017494772938711475
53 129 0.4985690289571549
53 141 0.3609284507567813
53 143 0.5314922442029381
53 152 2.117008030157893
54 55 0.39422829886610844
54 56 3.126629579091423
54 61 4.098548658892028
54 62 15.213279270661065
54 65 1.2674631725080976
54 67 0.10220171834296556
54 69 5.039769673561762
54 71 14.935117258958586
54 72 74701395.52914047
54 80 1.6149787353724545
54 83 0.7646047741456767
54 84 3.549323405985746
54 87 14.397564893024375
54 93 0.41810403087501113
54 95 2.6567482110001
54 101 46812354.22235604
54 102 9.938837651827072
54 103 5.0634822096675505
54 105 0.8452533808196474
54 106 9.31482730515893
54 108 4.742417969926329
54 109 1.2059500391501836
54 117 4.4579454132948255
54 118 1.4705887203485337
54 129 1.318765862193399
54 132 2.9064554657401307
54 133 0.4745745705569676
54 142 33.9748409354623
54 147 112512.81949947267
54 148 0.4536264984303021
54 151 4.653329384118538
54 154 599852053.6811745
54 161 5.426391468459035
55 61 0.2593866892194805
55 66 0.3916777925135219
55 67 0.6482912814010136
55 68 0.04523776753727157
55 69 2.633011604234212
55 71 1.9485692256984974
55 75 1.7871604911584231
55 89 0.37565509108401474
55 91 0.10459308558665588
55 100 0.8823186211656907
55 101 3.9366676918923766
55 108 0.31104205391194845
55 109 0.49799518603244913
55 113 0.5660285659774003
55 114 0.2889065062630293
55 116 1.0459987501811303
55 117 0.8862219459979265
55 118 1.576383618851306
55 125 0.06694751588767787
55 128 2.070245963216707
55 131 0.7870685007188734
55 133 0.7279221415632356
55 137 0.57304570196705
55 138 0.2819677643404242
55 141 2.2352928136385133
55 146 0.4089803488239789
55 147 2.0122546131098495
55 151 1.617352884136677
55 154 2.4370438074319956
55 156 1.6356203670872749
55 157 0.290039346610595
55 158 0.235483873859357
55 160 0.5726021305909853
56 57 0.3306835352417027
56 58 2.0497484484626427
56 69 0.7192455967388605
56 71 2.410514229098779
56 74 4.5353838981798305
56 75 0.2433482185634071
56 77 2.728193566772365
56 78 0.11847905460823224
56 79 0.7684205186159013
56 84 2.821941164138967
56 86 0.3884194651174178
56 87 3.2355134868291606
56 88 6.745294689589322
56 94 0.41375281839957406
56 99 1.5906373130582814
56 104 0.5764773914468432
56 105 1.2511205822394744
56 106 2.442879052346137
56 108 1.4895824810992844
56 111 1.7472745459626915
56 112 1.858492503864524
56 113 12.956212142389056
56 114 0.8548073333843647
56 115 2.3873621913973753
56 122 3.340124473772503
56 125 0.6864372718797586
56 128 6.091064669606973
56 133 1.4781276464744055
56 153 2.1455504742000455
56 154 1.584842370178074
56 157 2.788378072739855
56 158 2.693063944888927
57 58 0.6330630939737159
57 60 1.6583094735336392
57 64 0.43976716410126043
57 65 0.614309246855364
57 70 2.760022912670212
57 85 0.47434448509499133
57 91 0.6475083971028708
57 102 3.9186696358014004
57 109 0.007141173878968522
57 110 1.1193986936488092
57 111 0.30974873278093334
57 114 0.29007432883434936
57 117 0.10676563859890909
57 121 2.539171020438129
57 134 0.419229842088531
57 135 0.5943840942459477
57 143 0.033897742188692355
57 160 0.15785951244859286
58 63 1.5121249857471857
58 64 1.739460145327287
58 67 0.5825546320241424
58 69 1.4964205228623708
58 70 0.8513026082037546
58 74 6.426743508665902
58 80 0.5648977641780752
58 82 0.4580527416979992
58 87 0.8040948578584998
58 96 0.5810171113475342
58 98 0.6311826451627852
58 100 0.5543918874952549
58 109 1.0924524451910842
58 110 0.06836769174768663
58 114 0.32355409150569725
58 116 2.6083284009161876
58 118 0.06381740131201646
58 125 0.6728958187692143
58 129 1.7901071952601533
58 132 0.7867638232888309
58 133 0.9067538195795501
58 137 0.4395935785595516
58 141 0.11214233555588081
58 149 0.40582460735684356
58 158 1.4308722599272377
58 161 0.3228749920242874
59 63 0.7461088320301211
59 64 2.5420078987129324
59 68 0.31696903550191385
59 74 0.2496111552966807
59 88 0.2500117071099808
59 93 0.7236960426369164
59 103 0.7212521408810192
59 108 0.41609866099106313
59 116 0.7412276529692341
59 117 2.2264093108128495
59 118 0.11491067744933683
59 127 0.594516177700478
59 129 1.2481513917378866
59 137 0.7103477850713451
59 138 0.24354099767566342
59 139 0.10340614342906462
59 142 0.46975883047318867
59 150 0.07117882611334737
59 153 1.7408436735548074
59 154 1.0864764710440755
60 63 2.489089921389423
60 66 0.6996687981057013
60 84 0.27497817757131215
60 114 0.10299409094225825
60 127 2.4091722566571567
60 129 0.1414947386787328
60 149 0.6998792354671848
60 152 0.10325883454202527
61 65 0.1055041341169251
61 70 1.9511843349187457
61 74 0.6548821329828878
61 77 1.2346691438651785
61 79 4.644550074407005
61 80 0.019252637324566377
61 92 1.0536845204966474
61 93 1.751292023372527
61 94 0.9657916836786276
61 102 1.4014111974530228
61 104 6.79367565764176
61 105 0.1770443571654728
61 107 0.90027858164793
61 108 0.7405180699837458
61 111 0.5444457943914692
61 115 3.23650928807307
61 135 0.40535027627645304
61 137 0.001489880749749353
61 145 1.3270489170582402
61 146 0.20227799835435073
61 147 0.1391599405241223
61 148 0.015823402843582177
61 154 0.03142919977737993
61 160 0.0703134079197231
62 65 3.46601219339897
62 66 3.3002072766606663
62 68 0.4357816012234038
62 83 1.5996750628082246
62 90 1.80097380412379
62 99 0.7406070812933231
62 112 0.6163272983078721
62 113 15.233983539756927
62 118 0.22019093892690125
62 129 0.6707163017638337
62 133 0.5051339407379419
62 134 0.017587371486538904
62 137 0.4642322899742882
62 145 0.7740172310133361
63 64 37.95080564727643
63 68 1.3706145577010225
63 69 0.46098776132859903
63 70 2.024718045760385
63 72 4.929771139384448
63 79 68.05372026508428
63 80 7.988941516338538
63 82 1.0128340634952633
63 89 0.5591531270658631
63 97 5.103678487061039
63 100 5.859310777946068
63 101 22.16783292060348
63 102 0.2839671283458346
63 105 0.4662343774634476
63 107 0.35485335775379606
63 110 0.6061599626291342
63 111 0.3144227518003391
63 115 1.7456602976167543
63 118 0.028354694137131924
63 119 0.8506403042276031
63 125 0.3489142078137607
63 126 1.2871844583795764
63 129 0.3348620050382847
63 130 0.05756127092734063
63 131 2.86423880448968
63 132 1.9041083008400355
63 136 9.648071397108092
63 138 1.4319676951743405
63 142 2.9573213666746048
63 146 0.4608646109118817
63 147 30.25063345510151
63 154 13.273043438292579
63 155 17.481065594434327
63 158 1.8570046629310837
64 67 6.6218039545050456
64 69 0.8990959156152095
64 72 5796813.638630991
64 74 38325105.942586094
64 84 2.4037855287849332
64 87 5.454984141630709
64 90 0.295023406921124
64 92 1.8091033468437347
64 94 10.274356561920706
64 103 10.085895649265662
64 105 1.6666609604715212
64 110 0.4071972187044496
64 111 0.07189023769778964
64 112 0.24839456602762092
64 114 2.1237564192973735
64 118 1.7390501366433002
64 121 1.8482246402837306
64 125 0.5240485986223448
64 128 1.9861801971691213
64 133 2.4242403768201353
64 135 0.9096018179230962
64 152 10456477.807789082
64 153 2.800143036990861
64 154 36669050.56681924
64 155 48.24384191305302
64 156 1.3214278866351963
64 161 3.9765999475883262
65 66 0.9071974258743686
65 69 1.0417909471093858
65 72 6.694564902173952
65 75 0.3610724547020479
65 79 0.1505352812319431
65 80 3.031706672781911
65 85 1.769709945652628
65 87 1.2872375666624993
65 89 0.8153026224080937
65 92 1.2276035140634667
65 96 1.9981104915203014
65 97 1.0132542344062514
65 98 1.1541915043315305
65 99 0.07355413648269411
65 102 1.0362862894523437
65 103 3.0766632011471615
65 104 7.603741465018358
65 105 1.149509162504569
65 107 0.8971481018995449
65 116 0.8694033780112546
65 118 2.233823264942409
65 127 0.8884779314769022
65 129 0.1463514344803532
65 131 0.008180439987781543
65 133 1.2827477020933067
65 134 1.0392048194269365
65 136 6.994492701564549
65 139 0.08094265941729181
65 144 0.770241861957689
65 145 3.8110375362696227
65 146 0.09567897603321719
65 149 0.41954287664620266
65 152 19.13680590075583
65 157 20.021453131299435
65 161 4.6547868685417235
66 71 0.6486639503760588
66 73 1.5386276566016839
66 76 1.4772725326858642
66 77 5.829602053177123
66 81 2.155462610480896
66 84 2.241385082795418
66 91 2.457176920596639
66 107 0.7061084813578615
66 112 0.2536764242982912
66 113 8.746009581607986
66 114 1.2687606986567868
66 120 3.214897242715673
66 127 6.58217594572738
66 129 5.552427741327165
66 131 0.5851856356752636
66 133 0.5200618793995536
66 135 0.28391571659414233
66 138 0.07233191907994362
66 139 1.502693759978886
66 142 5.249589368979463
66 145 2.4288556673781527
66 149 0.28252996408305125
66 152 1.1270798726533433
66 153 5.9230307212946425
66 156 0.40602423387876607
66 160 0.8351014108766737
66 161 4.184120311884693
67 69 0.2707203004355796
67 70 0.5017421813559865
67 72 4.871027567694232
67 84 0.2323665920453257
67 87 5.763200266861321
67 91 4.113503777850565
67 93 1.1308823791521632
67 99 2.782081735140388
67 100 1.5629038705147313
67 101 16.974654665044305
67 102 1.7626220794529188
67 104 0.21582266378779077
67 105 4.242639974264215
67 107 1.1740720027566596
67 109 0.2963167644592441
67 116 3.8260975054464743
67 117 0.01650400907795715
67 118 2.4673842083614814
67 121 0.21187046042745966
67 127 4.188234148334238
67 129 0.350387630743374
67 134 0.7688021302890766
67 135 0.21333637867541583
67 143 0.75567135097984
67 146 2.756788084962928
67 150 9.771339553829021
67 151 3.821418394621415
67 154 30.822007884463353
67 157 16.083752987855664
67 158 0.6318611685968396
68 69 0.5510060708655753
68 72 0.5030314628727454
68 80 3.579812458369137
68 82 0.5574257563513323
68 83 0.04770052216694076
68 88 1.3288863886505053
68 97 1.5304704515120957
68 99 0.33952582554641497
68 102 0.5691124479221034
68 106 0.4527236162693605
68 107 0.7285968514074058
68 117 1.3041253951902838
68 118 0.09553256921145281
68 129 0.08196727229317986
68 133 0.15433382539941307
68 134 0.063541237797585
68 136 0.08426034235980494
68 139 0.00615753602399186
68 142 0.6650974329256555
68 144 0.319744238215366
68 145 0.22132612919354117
68 146 0.1452018470838212
68 147 2.147454612847689
68 150 0.09022432715291827
68 157 1.432092122365579
68 159 0.22052138565975757
69 71 1.7237886461620866
69 72 0.5097864602128027
69 76 2.875743981534076
69 77 0.751229847195169
69 79 1.1487066459760094
69 83 0.04753072242845818
69 86 0.3028508747555856
69 89 0.15266865067115032
69 91 2.609256546800517
69 94 1.9375576265965306
69 97 2.510669197251892
69 101 0.6412907071883523
69 102 0.2648774473479896
69 105 0.26365651020446434
69 111 0.6856305871372622
69 113 1.1849562029761687
69 114 0.8721034638449372
69 118 0.2110061987763102
69 123 0.8890358286438849
69 128 0.7336639359629219
69 130 0.1053917332026257
69 133 0.19034104212420427
69 134 0.1741957103626912
69 136 1.5294016267995345
69 141 0.6681372104897424
69 147 8.69130213728018
69 151 0.8791368185740254
69 152 0.297995945607929
69 153 0.9617375360066416
69 154 1.8428224464840819
69 155 3.168736946338239
69 158 0.9158520226269258
69 161 1.0350626040152322
70 72 0.08672540279597456
70 83 1.818793489178762
70 85 0.04459667670080454
70 86 1.4563782282422213
70 89 2.034416080474458
70 93 2.6189208289480845
70 96 1.9673731905320797
70 98 0.05548011404718484
70 99 0.7271324690517756
70 100 0.7515585397411184
70 101 5.009380570076836
70 102 0.6124055012870375
70 103 0.10262232723599346
70 106 1.157623649065802
70 110 0.2350593180704298
70 111 1.0023000624319507
70 113 0.15481302990033213
70 114 0.26708406379154703
70 115 2.1337771049872956
70 116 1.6291065089903647
70 117 0.011561294039010142
70 118 2.294641666282422
70 124 1.9842992542224613
70 129 2.211124933145364
70 134 0.2635780073707623
70 135 0.20768299271767915
70 137 0.08968822272331718
70 139 0.005702259739977667
70 142 0.7941258634288331
70 149 0.3863416235684165
70 151 0.2270353102368954
70 152 5.428208942516469
70 153 0.005714133888771795
70 161 1.2646254912094355
71 74 0.13391088563847148
71 77 5.771162808093662
71 83 0.7237772728381212
71 87 0.6007095174875928
71 94 1.5692978265494046
71 105 0.5590899862757217
71 106 3.56840243326798
71 108 3.3157981740580116
71 116 2.1421113513364727
71 117 0.16462759594801563
71 127 2.4421077482363014
71 133 0.11206045201081972
71 134 2.5111787412533233
71 135 2.3348069877670894
71 142 10.695057755281693
71 143 0.2203198173924478
71 145 8.887172963823792
71 153 0.5677753809133562
71 154 32.46329503246778
71 158 0.559934272732274
71 161 4.123964809861576
72 79 602141.0897000134
72 85 0.9190914845053622
72 87 21.057205875799742
72 90 23.412143221577935
72 91 1.380255009298901
72 95 1.382883320170104
72 98 2.9785829041809206
72 101 5533640.028183629
72 106 11.63420504207156
72 107 0.8335995187353997
72 108 0.30625574436196457
72 111 0.8975707272666095
72 112 1.21242829954248
72 113 0.9046335754754612
72 114 0.5774692885984104
72 116 0.0837841406207557
72 117 4.4094456301895155
72 119 0.2383959577784407
72 121 0.4312861584237058
72 124 2.799251782154859
72 125 1.5261499462570658
72 130 0.8823297054739503
72 134 0.6350638822220238
72 140 8.16990661688377
72 142 4.311390620070495
72 145 3.663685804762629
72 149 1.163899161639072
72 152 782340.3791276686
72 153 1.5305785731193264
72 157 1736044.1119257167
72 159 0.005387519252488499
72 160 1.8997304517066802
73 77 2.367588960551912
73 79 1.782657796897859
73 81 3.1571611551942707
73 82 0.6794967730767872
73 86 0.27568870327641143
73 105 0.24987188788422687
73 106 0.3015524624429072
73 109 1.0016972497035923
73 110 0.17496075812481812
73 111 2.6245504162347792
73 115 0.15357813637372478
73 118 2.057139777666356
73 126 2.866265090809775
73 138 0.4065981550478925
73 145 1.7499858177652936
73 152 4.2725456576438665
73 160 0.8445191702666845
74 75 1.0398437075557119
74 77 10.54251335481203
74 79 40620485.95544456
74 83 1.4830938767359048
74 86 0.22499677945198118
74 92 0.08485507182390668
74 94 0.7578491206917362
74 95 0.7573399276724643
74 99 0.03626911454534613
74 100 0.9841189896858518
74 103 2.4655735144392805
74 106 16.871067303299064
74 108 3.5904562687503576
74 109 0.6933486985745712
74 114 1.020565409339568
74 115 43.29966422319453
74 117 0.12410828419289348
74 126 0.3514193130957653
74 136 4.536124819833865
74 141 0.6951469209998551
74 143 0.2264054170513048
74 151 15.117544729864663
74 152 182634005.42971677
74 160 3.5455873193407
74 161 1.352885114356498
75 79 1.9922793558258847
75 87 0.3495506962433946
75 90 0.7384187365816961
75 91 1.005469934737586
75 92 0.07705158644627551
75 97 5.811138580103113
75 103 2.118717556367986
75 106 0.3488864933753399
75 113 0.3426077599482198
75 118 1.6530212055625564
75 119 0.08142516550850441
75 129 0.3250362094966714
75 145 1.5688295887965895
75 146 0.7481292083463849
75 147 3.320580570895141
75 154 0.6139737100488663
75 158 0.9184975372597252
75 160 1.6854974619683114
75 161 0.7684013785428733
76 101 4.601582559062901
76 115 2.1807420647952376
76 145 5.387531742815462
76 148 0.854222586653725
76 155 2.9706067877937747
77 80 3.3075576242123885
77 81 0.194954728549852
77 84 4.094839357182919
77 87 0.8468617043248685
77 89 0.07401056968650153
77 92 1.370873664524032
77 95 0.49056967924105166
77 106 5.092377683382633
77 113 1.8884813547345682
77 114 0.5208351907609522
77 115 0.27145612643555705
77 117 4.216529104122576
77 118 2.6494851484348856
77 132 5.209350797853083
77 133 0.09994499935776643
77 135 1.6790779320913098
77 137 0.8349757443570421
77 138 0.0015071925972108804
77 141 1.2809012576429002
77 148 1.049627917358425
77 156 2.0235518576018694
77 158 0.050354324320014084
77 160 0.3713057594554591
77 161 1.3500064478845704
78 101 1.8895184565837986
78 108 0.09087742991454202
78 135 0.1418254144746882
78 138 0.5817320658936875
78 143 0.09138421480666852
78 153 0.7590109480036107
79 80 0.33623877550619935
79 82 6.099383146475999
79 87 0.3413217591917349
79 97 6.132034574466497
79 99 1.1585464058658395
79 100 3.8075326190514054
79 101 4749944.739783283
79 105 0.02846898570555303
79 108 4.438446591402631
79 112 9.841122322142624
79 113 52.9163148528777
79 118 0.22570750627839742
79 120 3.6060988620133236
79 125 1.723929409929494
79 128 2.4148449459369066
79 141 0.3522656468923958
79 142 56.43547579240298
79 146 0.06316453449602999
79 147 37886.78242933429
79 153 0.23880743264320667
79 154 14866337.253348274
79 155 202.33227712408737
79 156 0.8064190297208143
79 158 0.04828588958629196
79 159 3.0617588715613264
79 161 0.8624412734710125
80 88 4.859465158076371
80 93 0.07627174241012946
80 94 0.063532629962713
80 100 0.375019087061152
80 117 3.2475473580296934
80 124 0.2828061734907214
80 128 2.3217029692570654
80 130 0.9578577430044739
80 131 2.856819478114522
80 141 1.014084692542244
80 142 1.7592283606821084
80 143 0.11433074259489899
80 145 0.8393559305095168
80 152 5.585618670897689
80 153 1.0835745710480609
80 154 4.581970873063586
80 158 0.41920089799770005
81 90 1.1857198556458783
81 103 1.1493729793878422
81 115 0.15194332769739538
81 116 1.6419137181878263
81 117 5.091165250602776
81 133 0.5321101302347915
81 134 2.9084567761238507
81 136 2.5674643328867086
81 137 1.0484482669122162
81 151 0.03662874911055641
81 154 2.420499592701411
82 84 5.414210569804247
82 89 0.12215395600774519
82 90 6.104806357450742
82 91 1.2593572869141805
82 93 4.109221626970259
82 94 0.34676776804291704
82 106 0.5285945985985316
82 109 0.4835967456853045
82 111 2.34712712518774
82 115 0.04429953569234333
82 117 0.9654297901412754
82 127 0.6562847544170489
82 137 0.7896529802547814
82 139 2.8155112421662087
82 145 1.1796622827865477
82 152 2.5518652018511676
82 161 0.24345992648817777
83 100 0.43323891575573276
83 125 0.14031308582705598
83 126 2.179479402674928
83 131 0.1572412896163382
84 87 1.7621578690107216
84 96 0.4202511698241756
84 97 1.6540420889209029
84 103 8.944270407770446
84 108 0.4472011066965442
84 114 1.2898866360355137
84 115 6.357830195030877
84 116 1.848841343375113
84 117 2.6223984634957187
84 118 0.39877719257904237
84 122 5.70554197497411
84 125 0.6009603099175423
84 126 0.6886647033664226
84 129 2.630545535851606
84 131 0.34297142106863815
84 135 2.109662389892486
84 136 0.1636560935139547
84 137 0.8559790707825747
84 141 1.6449009454851717
84 145 1.2430957821402224
84 160 3.4665879297156756
85 97 0.6409166489553074
85 99 0.1398186922246988
85 106 0.19919787240834436
85 109 0.302935651985843
85 113 0.06470352242758594
85 124 0.42864544564713736
85 129 0.8678924370330248
85 134 0.4766943279292285
85 135 0.7126420334155985
85 136 0.5109121381848704
85 145 0.9186519736205706
85 146 0.0020281972781018764
85 152 0.8955122185753774
85 153 0.9660706085421874
85 161 0.5743302512234427
86 87 1.5202004341150566
86 89 0.685965279912592
86 98 0.05953689267180117
86 106 2.698457162914976
86 113 0.37255422921218806
86 115 0.020263157463598185
86 117 2.75141063673131
86 131 0.43769875408942316
86 137 0.31526623109452323
86 142 0.46092051121438365
86 143 0.800758436103072
86 154 0.7397923548155872
86 159 0.4087752706314429
87 89 1.393271953385888
87 91 2.7182784914221436
87 94 2.242256991885876
87 97 6.365791754144502
87 99 0.45824832923489595
87 101 2.9606940367924093
87 102 2.2183797301874124
87 104 1.3047691381553725
87 105 1.0258231669625126
87 107 0.0796353225293824
87 114 0.3895734109717002
87 115 6.707100500048915
87 116 1.6262767652820915
87 125 0.8800594718612096
87 126 3.216443585407717
87 132 0.5437536889167615
87 133 1.1315342191687772
87 151 3.630016486884774
87 153 1.6093628305053354
88 89 0.3744393803015566
88 96 0.12417850519955977
88 102 3.09158840822428
88 105 1.7680341547723453
88 106 0.8376585359926879
88 111 0.2743648313426204
88 113 3.0991427648996996
88 122 0.045247263484546545
88 125 0.5251837039789328
88 133 0.7375318999702636
88 138 1.2286117884392616
88 139 0.6586209491247191
88 148 2.6709674338636025
88 151 5.33490859604166
88 153 0.6911569355304646
89 91 1.0167168422739146
89 99 1.0974383941532704
89 102 1.5827981628830365
89 103 1.898303940713486
89 105 2.0132334435033887
89 108 0.8374786448263873
89 109 0.5321175458875254
89 111 2.046321276867487
89 112 0.02467553102390213
89 114 1.36905954121298
89 115 1.646088482154686
89 117 2.0971311390811302
89 118 0.6458800735255651
89 119 1.3342940770283722
89 129 0.010398403882607432
89 131 0.31670393255104623
89 133 0.06748571599745944
89 135 0.421995754528383
89 136 4.401228574728135
89 137 0.9536455922284157
89 142 0.616921363596095
89 148 0.24641022698746648
89 150 4.725778016580713
89 152 0.5211731147188898
89 154 2.473630431943886
89 156 2.413948681185197
89 159 1.2049709381655898
89 160 1.349794497960009
89 161 0.037590333031168655
90 94 3.8918529401151076
90 95 0.22544697780525375
90 101 0.9933402670096102
90 103 6.041594414784157
90 109 0.4000199115185992
90 112 1.3380772941859134
90 114 0.417662949253372
90 115 1.7436483137970824
90 128 0.19587278979517156
90 137 0.10796397930786189
90 142 1.631900604150593
90 145 0.9197327290278566
90 151 10.530035364798705
91 93 3.902409839337287
91 94 0.2995639632235345
91 95 0.4638083482829363
91 96 0.29075407090341343
91 103 0.447397625063766
91 116 0.9723131789557078
91 117 1.2554877025701021
91 130 0.7039004261085099
91 131 0.5633883158654801
91 134 0.07004749197207856
91 138 0.1499073441865551
91 144 0.21354448448045663
91 145 0.20714145851578486
91 147 3.0239048718974053
91 150 2.792030418901567
91 151 0.8040716684876599
91 153 0.33097068380298883
91 158 0.3296170491781684
91 160 0.28825320668999166
92 94 0.4538804758585361
92 101 0.317752724073028
92 105 0.041250875227761497
92 112 0.5448399832998904
92 129 0.30155285293567485
92 131 0.31140953304650265
92 132 1.9965182048163483
92 135 0.5708584164417139
92 138 1.1332144396326675
92 154 1.2441459849883745
93 94 1.4969852323384634
93 99 0.3964138557517056
93 100 0.7640841840475006
93 103 0.3827858226057055
93 111 1.3879023632568424
93 112 0.00861344767264144
93 120 0.89002416331135
93 128 1.2259536201961632
93 138 0.6073661575898337
93 139 1.651939565923044
93 149 1.8470619159530635
93 153 0.4458686040354318
93 154 4.550987134457803
94 97 4.8352435878040545
94 99 1.160959087562457
94 102 2.3294963569754223
94 104 0.8421367990821382
94 107 0.7854390206565435
94 108 0.9114309654523481
94 109 0.8933281034557168
94 112 0.25447667718307065
94 113 0.20128112635100867
94 117 1.8285718728190452
94 118 0.6616296971712744
94 119 1.212376947080668
94 122 1.4306604274689314
94 125 0.19465857787622196
94 126 1.2569821474233531
94 131 0.4940517149801668
94 133 1.9396613812046997
94 137 2.9231350005232555
94 142 6.373719217937995
94 144 0.5407591680474549
94 150 4.002268157563202
94 151 0.4004900560115941
94 153 1.1116285447737555
94 160 6.214622227041514
94 161 1.7299452775586248
95 100 1.2288862311164055
95 109 0.014490133827819569
95 117 0.6213607463057843
95 130 0.23507770343527276
95 136 1.9148011813979484
95 145 0.13142784819184714
95 146 0.061824113736274305
96 97 8.083994094786018
96 106 2.080554498195442
96 110 0.9667917784345144
96 125 0.17874771638048817
96 132 0.057196876258437335
96 136 3.301919414097031
96 138 0.02976451252558061
96 146 0.2730436087034418
96 147 0.1646405502003784
96 157 6.704818804473122
96 160 0.21116888513235857
97 100 0.5200485183681904
97 109 0.9914297041447361
97 112 1.8038726722029181
97 115 27.890824830784634
97 116 6.300284344723436
97 118 0.4693091407769288
97 125 0.02659252107677064
97 133 0.13854013691205316
97 134 0.1345602640883623
97 136 1.2303106092708993
97 138 0.7203783140200192
97 146 2.1791779610152187
97 147 4.491920328725249
97 153 3.5162899339536904
97 154 12.237384539633577
97 157 9.698358234305582
98 105 0.6707898938710061
98 106 1.0913962076258104
98 112 0.22652827584615828
98 113 0.47129061521944615
98 118 1.1787318802911302
98 126 0.4385612981715355
98 131 0.09470107687004645
98 137 1.9512438973563062
98 138 0.11089310489077278
98 150 2.768234685277458
98 152 1.3107826750175178
98 157 0.08965657591789482
99 102 2.88082208304368
99 105 0.16999501855931007
99 106 2.8668931513477585
99 115 0.42765870046946003
99 117 0.5564522026403856
99 121 1.8517631591617947
99 123 0.171311514954582
99 129 1.5489194624087672
99 147 0.5604045070887186
99 154 0.03868918610817586
99 156 1.4025142927356475
100 108 0.27548024315760977
100 113 1.4565764676299084
100 117 0.21476546994531237
100 118 0.5932354674157856
100 120 0.046959091974903916
100 122 0.023319626962572757
100 130 0.1300904591117151
100 133 1.345611397498636
100 137 0.9837498462723594
100 141 1.5725640604429676
100 142 1.733128673012254
100 150 0.11110530822735244
100 155 3.9551587429479467
100 158 0.6408526619820898
101 103 2.1281288762325907
101 109 1.1829551316179026
101 115 0.01649440205378994
101 116 0.3241923205890247
101 121 3.080469427059671
101 124 9.584350233981185
101 127 6.272079965910795
101 130 0.43918692854626956
101 135 0.6139390471130772
101 138 0.41006186710936
101 141 3.027246495886258
101 146 0.29687906885917004
101 147 219900.76298801386
101 151 31.83906009145918
101 159 1.0612414964556525
102 105 0.16339022917687343
102 109 0.7298530297000783
102 112 0.5372020586934678
102 114 0.5325694800130951
102 115 0.3818960664678357
102 118 0.41223971143313654
102 121 0.45575246354182325
102 124 3.3348582579893296
102 125 2.1444334803799037
102 131 0.11254630767715988
102 132 2.5411839441024293
102 133 2.596122596035684
102 134 0.5228224071312542
102 145 0.5706131743330481
102 146 0.9265405164015265
102 153 0.2327966508385114
102 157 1.831361819851868
102 158 0.6555297037026934
102 161 1.597811440534418
103 104 1.9710168567207793
103 110 2.902427012922605
103 111 0.06331834221063656
103 113 1.2031595540854654
103 118 0.4143952232478335
103 131 0.8285515879950067
103 139 1.3072508115335841
103 147 4.644546534155872
103 151 4.240295518145639
103 153 0.33998248353905114
103 154 0.9071823622323342
103 158 0.5956014134027123
103 159 0.17177197843646358
103 161 0.7537695857290739
104 115 1.6376759196127748
104 117 0.7380694624518671
104 119 0.34351779529872367
104 122 0.09410493274828592
104 127 0.88622518812786
104 129 5.030209119956853
104 131 0.44572782598967475
104 151 1.117629738381448
104 158 0.6482210251663274
105 109 0.07266673715739246
105 111 0.5209437083190097
105 112 0.3676957835971066
105 113 6.79297315954112
105 114 0.9944804780299542
105 115 2.4796406204390284
105 116 0.03276529776414568
105 118 1.3331734436725904
105 130 0.161560386915537
105 131 2.6283114859251056
105 136 2.423546178879236
105 141 1.4063231978333064
105 150 0.9152243961075686
105 153 0.989435208556424
105 161 2.06018823330335
106 107 2.5744209226834895
106 108 0.07091435046363223
106 109 5.0596221239021775
106 110 0.7696539572048645
106 114 0.7062905298865381
106 117 10.814972816315523
106 121 0.6878180017727165
106 126 0.36773881126266594
106 128 3.102374812410226
106 129 3.3122673129175255
106 131 0.15310977863356873
106 134 0.1509038574522124
106 135 0.2518661847844659
106 136 2.0715774608879016
106 137 1.676161502383303
106 139 0.17518873762387344
106 140 0.03431322345314827
106 142 16.772165294794437
106 150 7.739775462397833
106 152 4.63781130419377
106 153 4.335705401430327
106 156 0.7543670471237255
106 158 0.3446799991724224
107 110 0.2980093698667268
107 112 0.31828267421278755
107 114 0.40132227040488133
107 115 0.8770398803478499
107 117 1.6634763871697393
107 118 1.2353967525486984
107 119 0.06493495456846773
107 126 1.3789463902414847
107 128 0.7030007782767981
107 134 1.058962153808936
107 140 0.8728062624612215
107 145 1.866420619669515
107 156 0.8889650887156798
107 160 0.31444530854070657
107 161 0.454761079920108
108 111 0.01800768754230682
108 112 1.007559870688433
108 114 0.2826600340418343
108 115 2.769094147781442
108 117 4.75042487407791
108 118 1.009440854855034
108 125 2.144396112010922
108 133 1.8990432949957778
108 134 0.106201057949609
108 135 0.24758090666320362
108 137 0.10532142943738086
108 144 1.175317674740602
108 145 0.2649014158306044
108 146 0.12753401725570956
108 147 1.0349581786178874
108 151 2.7899735427893497
108 152 3.6173216562653074
108 153 0.11185549540104253
108 157 7.3598890637424725
108 158 3.6822424695408413
109 110 0.2030848133637793
109 111 0.5821769418791698
109 112 0.5274570670611064
109 117 1.3194573468174648
109 118 0.32473602311930444
109 126 0.36706577819349223
109 127 0.17104921253026625
109 129 2.834140102623443
109 135 0.2232145928251621
109 141 0.006278039835985716
109 142 1.3484761205631783
109 150 0.06432563309843521
109 151 0.8063562018446577
109 152 0.8173646835822908
109 153 0.6635066508643688
109 157 0.7632544399819156
109 158 0.8822455205633359
109 161 0.007707269199066794
110 114 0.3502608749534654
110 133 1.1810895190441082
110 134 0.540309388873575
110 140 1.7998831453678192
110 141 1.3313658746936574
110 142 1.2568007822672753
110 147 0.15525229169900212
110 155 0.023905137962563324
111 113 0.35818118243728564
111 116 0.44462054541999535
111 117 1.442053672576192
111 118 0.9577615060496075
111 121 0.4086222373337408
111 123 0.17050125443265654
111 125 1.6431404484688763
111 129 0.34185264232863544
111 134 0.13330224467018248
111 138 0.08319048010121172
111 142 0.2805619439130658
111 146 0.18725351917945476
111 147 0.022623268602472164
111 156 0.902105954569167
111 157 0.8373781904753467
111 159 0.46975541117806324
112 113 0.32932053220561197
112 114 0.04954691554957134
112 118 0.4832469267565789
112 119 0.10596208616929571
112 129 3.459008796670972
112 131 0.6155389019095925
112 142 0.1069860074608754
112 150 0.5545516107481144
113 117 3.131280944358722
113 119 0.09692059536748056
113 126 0.9683436645782635
113 128 1.374304858895079
113 129 0.2783755990062607
113 131 0.16432243411749076
113 133 1.0562314673083044
113 134 1.3075265160662217
113 135 0.06014722835211469
113 136 0.0689808660278194
113 137 0.21794891045294032
113 138 0.25393119650104296
113 139 3.0458260764594876
113 141 2.059198121999946
113 145 0.5557451441738731
113 149 0.29358079401165404
113 157 22.10669587551421
114 125 0.10706517118398012
114 131 0.3729380319549577
114 134 0.6048204411076876
114 135 0.38714540088735244
114 136 1.6650145118698494
114 137 1.753381133063512
114 138 0.2747439517300247
114 139 0.09488214622159721
114 143 1.7413378263832555
114 146 0.7097415402442399
114 148 0.2145379722919838
114 149 0.7574913984054324
114 150 0.18024826419898432
114 159 0.20320173245215983
115 117 2.06928019329877
115 118 0.016133134486043962
115 125 0.7757844506596725
115 129 3.1096575579765466
115 133 0.7566377889946602
115 135 0.030482472812336524
115 136 4.793803919444176
115 137 1.8325850964816033
115 140 0.34783736780352076
115 145 1.235273807369092
115 148 4.66495872539887
115 151 2.858564932151452
115 152 18.064543886793796
115 153 6.9003088144387155
115 160 0.31273362204182314
116 118 3.0213477034506497
116 125 0.34380300942249836
116 130 0.41330548835981934
116 133 0.23875469022243312
116 134 2.5868090521084968
116 141 3.580262352483265
116 142 6.966261698440412
116 151 0.7622222623505922
116 158 0.30625626721773586
116 161 0.7914835858480614
117 118 0.5102998830043756
117 121 2.5292385854995003
117 125 1.1820211520580106
117 126 0.19502234260723258
117 134 0.09545998339508358
117 135 2.55503648572685
117 136 1.2851139845504997
117 137 3.8946079737263934
117 142 0.9996261185276792
117 149 0.098010383351581
117 151 1.4685175131722557
117 152 1.9286425066611084
117 154 4.784886983630144
117 158 0.2607735222804491
117 159 1.5735470989918305
117 160 1.2158006677370916
118 124 2.5338614479874595
118 125 0.5711983060808633
118 131 0.6668571890463667
118 133 0.30815554724606237
118 135 0.12523332800154538
118 138 1.3578404454788167
118 139 2.1965122477903787
118 142 0.5724618476493968
118 143 1.4309310406188918
118 147 1.5223260673345056
118 149 0.29727901547577745
119 125 0.9714823175630226
119 127 0.038141985280099905
119 131 0.2337076609880413
119 141 0.14516196266923884
119 147 1.896065277906418
119 148 0.8266828900596267
119 152 0.6816070243462301
119 154 0.93846603290118
119 157 0.9347011688649254
119 160 0.02528716950555071
120 128 0.841410999319497
120 133 0.6540307932842545
120 137 0.04648774990114661
120 138 0.169095355101936
120 142 2.0523777371899383
121 129 0.6293806733239417
121 136 3.743267760492993
121 147 0.9711118578692411
121 152 0.546043573041882
121 153 5.475869820315074
122 129 1.5031867183022434
122 130 0.4175176574631083
122 133 1.2991357811006292
122 134 0.6119756775963078
122 135 0.3047545877346735
122 144 0.21265268813556673
122 151 2.8331438660588324
122 159 0.8457474004507789
124 131 0.6833857736015923
124 136 0.8409002562165813
124 149 0.8572811079398265
125 132 0.7231233004377369
125 134 0.530716035432508
125 136 0.02313310195178114
125 138 0.46037173768516865
125 143 1.3831131874167037
125 145 0.0015587625906213758
125 148 0.819410602310792
125 154 0.02720186763621273
125 157 1.5739253012333925
125 158 1.409861330868909
126 128 0.12895348257605188
126 131 0.3446917212284108
126 136 0.9712973306825171
126 142 3.176550909347203
126 149 0.3001007540103505
126 150 0.4096150963523212
126 152 1.8471978534221287
126 158 0.12577304859598268
126 161 0.010767298493388786
127 134 0.3303215060466008
127 146 0.6896449371011596
127 149 0.6081732007014078
127 153 0.7318990824240114
127 160 0.10633962962710236
128 129 2.2006254686514346
128 133 2.4146173149741257
128 134 0.9038430862950189
128 146 2.437355085792636
128 149 0.9345840454929456
128 151 0.1309942131554442
128 152 1.6028709602672486
128 153 0.2036430233245193
128 156 0.30537187823163753
128 158 0.030559433573665955
129 131 0.11522394924979719
129 133 0.19742848345545166
129 137 2.388418678513428
129 138 0.3247009855689514
129 143 2.062527862801792
129 145 0.5964007150543896
129 149 0.5388422458793819
129 153 2.7164359657571047
129 154 1.4610576093747987
129 156 0.40507278316020995
130 135 0.026598439011358718
130 136 1.5735097714992081
130 141 0.8392675752240044
131 139 0.2532718425972161
131 141 2.137805135943829
131 145 0.35406927605135086
131 147 1.9091519018543546
131 152 3.327582486335794
131 154 2.2835895072090957
131 155 0.35725709565248154
132 142 0.6057318680801416
132 151 0.07591746519040604
132 157 1.600042052475919
133 137 0.8518716652178532
133 138 0.6882537449041431
133 143 0.04060712925082092
133 145 0.18261816426731392
133 146 0.4874647203031465
133 147 0.25789716234467147
133 150 1.0764443960900334
133 151 0.730187749112831
133 152 1.4020995412466517
133 155 1.6035691597179444
133 161 0.022918094833427084
134 137 0.3784971025909257
134 138 3.668174904455437
134 139 1.824253756429226
134 140 1.092520092657605
134 145 0.25839965194594433
134 147 0.9888075538755939
134 148 0.20520394675632378
134 149 0.15491415832283567
134 155 0.863600573342626
134 158 1.4106866785041352
135 136 2.825016369557063
135 137 0.0013329758296261047
135 139 0.5165480575048156
135 141 0.32403411775766194
135 145 0.11388618138827093
135 147 0.895303785526363
135 152 0.18736698261311577
135 156 0.18372159224093795
135 157 4.4291040443112015
135 158 0.3347997631689936
136 141 0.7817555722719505
136 153 2.3961445449885725
136 158 0.4512795479558356
137 141 0.5729468985540123
137 143 0.3639400490267012
137 146 1.4488675656352619
137 147 1.0950023888979195
137 151 0.05458480320705107
137 157 0.899556460749711
137 158 0.049744119816376955
137 160 0.08616345972051533
137 161 0.03035539797813384
138 139 1.948729210821725
138 142 2.254657726049723
138 144 0.15105618575342333
138 146 1.267713358306206
138 147 2.1881434632503503
138 149 0.9205509822472445
138 150 1.4461444179846292
138 151 3.549667232712638
138 152 4.42956131154786
138 153 3.930811172587167
138 158 0.3742406014858051
138 159 0.17479057201015682
139 142 4.946628795735189
139 152 3.7258644079913705
139 157 0.05474176127966297
139 160 0.045603384824289155
140 154 8.848764553247467
140 160 3.262885195251748
141 145 0.2775642706505689
141 146 0.5559729817405382
141 149 1.544162345431285
141 153 0.49780183711203024
141 157 3.221813692631903
142 144 0.6152365934207324
142 149 1.0670307392928249
142 151 3.6315609281457673
142 154 27.91367848869195
142 158 0.7689695388222781
142 160 0.728914745286365
142 161 4.200805610641102
143 148 0.8316396532174459
145 147 2.8295229359574328
145 159 0.19159170287972396
145 161 0.500659190280732
146 147 0.2906392790597568
146 158 0.6780789564215484
146 161 1.113940773646498
147 149 0.13284977389087882
147 150 5.656714147501924
147 152 133400.33589446486
147 154 849628.2588037365
147 156 0.07034745238532296
147 157 307483.66831351357
147 160 1.0162659419799391
148 157 2.1037875102606547
149 151 1.7301435687722178
149 154 1.410671678295668
149 156 0.45849567421319803
149 160 0.10339953488158747
150 152 0.5112872450482868
151 158 4.1060737880034734
151 160 2.058205793145992
152 157 956569.7046155705
152 158 1.030612202355492
152 161 0.9112055992404104
153 154 7.064992200640484
153 158 1.6188859050519373
154 159 0.3065740859886283
154 161 3.564248358437986
157 160 0.0812440077824015
157 161 4.4004081617856246
158 161 0.25454225048805046
160 161 0.12054471223523316
