0 4 1.6518382552727113
0 10 0.031048708701582516
0 12 0.20988597110069712
0 14 0.521766141631473
0 17 1.3164100454599637
0 34 0.17211921651536116
0 35 0.08759797643874535
0 39 0.9692455522350639
0 41 0.21726877822936938
0 42 0.22743024098189474
0 52 4.181978835163772
0 54 0.6453070599379384
0 69 0.865901111334947
0 74 0.3887913612427272
0 85 0.4129847735503236
0 87 1.3286919703032123
0 89 1.8079982948950384
0 93 1.0952421578672773
0 98 6.5875318558316325
0 101 2.8120018502564466
0 103 1.115566980296254
0 109 0.9229775856335399
0 111 0.19340372320348925
0 113 0.43037535276036504
0 115 6.0665458767164315
0 117 1.6201440176316342
0 125 0.447777236056092
0 126 0.22354912531165513
0 138 1.3085206487076924
0 139 0.5844438240553793
0 143 1.211696207621707
0 145 0.8825903354641828
0 146 0.22910732924187627
0 152 2.7722820830407136
0 153 1.1835064951247314
1 4 4.1885464509539805
1 15 0.21929042879226301
1 17 0.06688333523896296
1 20 0.7642769138208035
1 21 0.8540236289765301
1 22 3.7407106997125585
1 26 2.1034340458575365
1 40 0.037506674501951685
1 42 0.6863097802763718
1 43 0.4791719390083973
1 44 3.1229339808072143
1 48 0.3667289759933684
1 51 2.392056912827599
1 54 0.5775274205082704
1 55 1.1043530980799536
1 68 0.189861504537217
1 70 2.3762339655459312
1 77 0.3636348847801372
1 84 2.902080418099763
1 85 0.5586115834580584
1 91 0.44987852270170525
1 94 3.014887008600095
1 98 1.0946351664172251
1 99 0.9552023331389221
1 100 0.7197188662416341
1 101 0.5784585129399059
1 103 0.43575737315535146
1 106 2.528666594942525
1 114 0.05447513679668689
1 116 0.22396794660838046
1 126 1.4941900934366503
1 136 0.08064964585513255
1 138 2.373072427272954
1 141 0.158350769994504
1 142 0.5460690050700342
1 145 1.347052663213745
1 146 2.2626278744609056
1 150 0.00268488332836214
1 152 18.403922952379542
1 154 8.933482810503406
1 158 0.6217858617550324
2 5 0.43585987823453676
2 6 0.15690807235970772
2 11 0.06995585109928402
2 17 0.17311981242304847
2 39 0.2994963909142947
2 52 3.2273417763824206
2 54 6.041992565503544
2 58 0.671201985335497
2 59 1.7023928554106789
2 68 0.003618692593689998
2 70 0.9659974914343554
2 71 8.704873011938222
2 74 1.8394175507063772
2 81 0.01983430614843812
2 84 5.432855200340184
2 90 0.41004344201817117
2 101 2.2786013703264403
2 105 2.9681767464464364
2 115 0.882699739643335
2 126 2.9242788770898716
2 133 21.56169119491227
2 134 0.9274516945628509
2 142 2.326973142835543
2 161 6.070503498453192
3 4 1.3063200595179323
3 11 0.085815317827868
3 19 1.2687518769718953
3 20 0.6189729097024994
3 26 2.146898433539275
3 29 0.5200886702368086
3 30 0.45707204480527175
3 32 0.4002131092912455
3 34 2.2782997984933773
3 45 0.3187644750725903
3 47 0.3490861519307616
3 51 0.6308176436627119
3 66 1.204847190393131
3 70 1.6526368670762965
3 83 0.4462437320067679
3 91 1.1639388886706166
3 94 0.1581917111665315
3 97 0.4242273398801205
3 98 2.4589092378208077
3 99 0.8556434677181038
3 105 0.6717508091808507
3 111 1.6766521289851242
3 115 1.993855815809819
3 146 1.3653047017478863
3 149 0.399016322587707
3 153 0.36987714594675364
3 159 2.451579181936343
3 161 4.975218702992365
4 8 1.1625464646136592
4 14 1.447102302682343
4 15 1.0525461269594387
4 17 0.06329192555778942
4 18 1.2114274224381814
4 19 1.3012805882693785
4 26 7.264867792360423
4 29 0.5639296240669922
4 37 1.3986764385675732
4 42 0.8186556299364939
4 43 6.8487959662833315
4 45 2.5081766411170254
4 46 1.1181156713488227
4 49 0.9709158357837252
4 50 1.8685887545459954
4 51 11.704967779816899
4 54 7.588395666333014
4 57 0.19079975990028225
4 58 0.07536215217203178
4 62 1.087384770856268
4 66 4.449769742980476
4 67 6.281959057242887
4 68 0.12234134306664596
4 70 2.484336796087879
4 79 1.8540800508389141
4 84 2.2034020539992203
4 87 0.31493264096687135
4 89 9.197107208833188
4 91 4.261238174665894
4 93 0.43850672531839413
4 97 2.2761377023431564
4 98 1.0418578059419104
4 99 0.402916908295487
4 100 0.32747867027244526
4 101 0.8335699570159619
4 102 1.1221364578308992
4 103 0.24165959442301962
4 104 0.5542782143512219
4 111 0.47389283566098117
4 113 0.6357027189398368
4 114 0.3568204766759294
4 115 0.1934029315850676
4 117 0.788600451096081
4 128 1.1491758259937386
4 129 0.5462874654921598
4 130 0.5130557668867013
4 131 4.677649011674736
4 133 1.7861689489195398
4 134 1.0765172882533316
4 135 5.155076406787078
4 137 3.038198860239324
4 138 3.212331991812652
4 147 1.685681313849761
4 152 0.1820887183474948
4 153 6.053799899330434
4 154 0.2416880395074385
4 160 0.3915760726101889
4 161 0.6408476282753766
5 13 2.0143124617441828
5 25 0.27188711379169295
5 36 2.5595181344275977
5 72 0.07493654730245959
5 74 3.7758484574457105
5 80 0.5048186881307544
5 93 1.362665014236533
5 106 0.38723486831306436
5 108 0.8968184818509206
5 112 0.3910811011456437
5 135 0.16052595031086306
5 147 1.2348706006270929
5 155 0.09181419011877114
5 158 0.14616874718388104
6 7 0.551261288710427
6 11 0.13018590972157543
6 21 1.4341538850212103
6 24 0.33579350769818
6 26 0.6560165976473055
6 28 0.9746267183992844
6 29 0.5718890344105453
6 31 3.524667554167208
6 32 2.757808098007014
6 36 1.2678540394043136
6 40 0.032677687320075276
6 43 2.0657897016589533
6 44 1.2797926562101358
6 45 1.2331080783153925
6 46 0.16545096973623138
6 51 1.4671323503984246
6 53 0.6737721844001504
6 55 3.140019152496613
6 56 0.33625619187584477
6 63 0.09319470916098324
6 64 0.8281309074151745
6 69 0.26678790349869025
6 70 1.526189827496758
6 72 1.4239310241766867
6 74 1.5287969648391388
6 77 0.11147009246527582
6 81 0.7028150713647717
6 82 0.9855311757435825
6 89 0.341760182460166
6 97 0.9424515723833612
6 106 0.3987096657758222
6 111 0.98000915544306
6 116 0.30445004280729626
6 117 0.1434235606107428
6 123 0.1605522160152406
6 125 0.4471744559206723
6 131 2.6878885892246895
6 134 1.141901213978374
6 136 1.0054236110578172
6 139 0.03375824705307846
6 147 0.0837108924320769
6 151 0.08144931658624911
6 154 4.860600494616957
6 160 0.16315228690030878
7 9 0.7053071665039405
7 11 0.8697779705210934
7 12 1.5185083274384388
7 15 0.7870937583745985
7 18 1.028406925253208
7 21 0.32341547742092036
7 25 1.7751273374123948
7 26 0.04326553406426062
7 27 0.246756651135648
7 30 2.9989434224123155
7 31 2.9953487778663965
7 33 1.4526347684972014
7 36 0.20667315407294187
7 39 3.9658779684260255
7 40 0.17991431727989327
7 43 0.4050980041986113
7 44 0.002573095127012907
7 46 0.04223033612736998
7 49 1.7218960922536017
7 56 0.7157574931067859
7 57 0.1278919394780641
7 61 0.003961595396223737
7 63 0.03928657854230245
7 64 0.6774498548663932
7 65 0.15689242474114823
7 71 0.6539812282616456
7 72 0.18646917424065856
7 77 0.6437804131066893
7 84 0.9215085151645995
7 87 0.6285122660969004
7 91 0.3914100314869644
7 94 0.07410197422481785
7 95 0.931592127307064
7 96 0.6707922693371852
7 97 0.1926545773299788
7 99 2.9831493744423785
7 105 1.335384428018442
7 106 0.02204345478761984
7 107 5.095232735617646
7 109 2.1068647500633726
7 110 1.2588114767344596
7 114 1.123323632607897
7 117 0.05959598626426417
7 118 0.2691322404611299
7 119 2.1316162597090114
7 125 4.143289898399798
7 126 0.2653585433124442
7 128 0.24423405592515393
7 129 4.115627055925807
7 133 0.048523006954166684
7 135 0.6495649481613648
7 137 0.07590566945603552
7 138 0.6972465271226209
7 161 0.43111979791789296
8 34 0.8009558639603118
8 40 0.9515408710656714
8 65 0.5035940671127085
8 66 2.6729003178784887
8 70 0.907846872500456
8 74 1.9074807092623314
8 75 2.225769200777667
8 97 8.84016004437873
8 103 1.4842462190237673
8 133 5.1201139074668935
8 134 0.4182517523555782
8 141 1.564338009311976
8 144 3.641948566288779
8 147 0.6932241254223633
9 10 6.563758700299636
9 11 0.8564023002397517
9 18 3.114648757847357
9 20 0.8009620938385404
9 28 1.5622484129097587
9 33 0.5230242124230663
9 49 0.972994066162881
9 50 2.2157291121497598
9 58 1.1815055473830085
9 62 3.2103294466472625
9 64 0.26200555680880866
9 70 0.9098292653764292
9 73 1.2570697708144685
9 74 0.9126132234483695
9 76 2.3155552202281715
9 82 0.49830650492990897
9 92 0.35963752221285644
9 98 2.763108799733267
9 100 2.270867372731716
9 101 2.3404769530333343
9 102 3.5674381645329376
9 105 7.051242650986703
9 107 0.4658568727025047
9 110 2.0048789517382355
9 111 0.009476769956114793
9 112 0.30644120183421475
9 113 0.3296678308647836
9 116 0.12494176801779079
9 118 0.825367988432724
9 129 2.305921035642224
9 132 0.9113475575643101
9 135 2.100641695408361
9 136 0.013217648121268417
9 139 0.2554465293958481
9 145 0.3392414347138764
9 148 2.812829287182531
9 161 1.0023374881068503
10 11 0.11182196292198487
10 20 1.1871827855416484
10 21 1.9574767905925514
10 24 3.1810479953914
10 29 0.7443962359721978
10 30 0.7874991091558217
10 37 0.8184869779635533
10 43 1.892315310604656
10 47 1.4087637534725492
10 54 1.2028453520208537
10 55 3.1247655560377687
10 62 0.3053653614852937
10 64 2.4372998843290983
10 65 0.17487544880808711
10 68 2.8256082354049057
10 73 0.6010337708804966
10 74 1.7876164667291687
10 76 1.3466065809584205
10 77 0.3785579894669651
10 87 0.1656943988426626
10 93 2.4603880797716133
10 94 2.4419386717226885
10 99 0.5848765167334004
10 104 3.0143243962599713
10 112 0.9111030332456087
10 115 1.3780290194750806
10 116 1.134051639043639
10 119 2.5648574413648118
10 122 0.08976613379592056
10 125 0.061458534497844476
10 128 0.6550879700882098
10 131 0.8497056879572097
10 132 0.3022176360224494
10 134 0.17228233307793586
10 139 0.03158919720879944
10 141 0.9746355629301564
10 147 1.0044024785469803
10 151 0.16033912721992818
10 152 5.996849874786931
10 154 0.1994265380671721
11 12 1.0602359905270387
11 18 0.25499646797361203
11 21 0.30396980328847745
11 22 0.03336415796336968
11 26 0.8385709150889991
11 30 2.6905078053853453
11 31 0.8185674754401133
11 36 2.607173114218048
11 38 0.6125587716661923
11 40 0.4888517015029135
11 43 0.4747817870612357
11 45 1.1247912597565335
11 49 7.635006614364006
11 50 2.904112158550604
11 51 3.3555155051338543
11 52 1.0121288595707825
11 55 1.0214650011261106
11 58 0.41080125561480435
11 68 0.006235109736714335
11 69 0.21626518736388098
11 71 6.471357445210469
11 76 0.9713612921093217
11 77 0.602362958648146
11 80 0.9320573288540687
11 83 1.7830533338617418
11 84 0.3535217005124077
11 87 0.7574395016505532
11 88 1.4096834544086356
11 90 0.9556054387966656
11 93 1.6287324567424197
11 94 1.1868630229148172
11 96 0.9108980214381375
11 102 0.5287068477669488
11 105 2.751280793490156
11 108 0.8965769681669603
11 113 0.5734250693655514
11 116 5.650490252934689
11 117 4.222658390159306
11 118 3.328285188042251
11 122 3.028441715242691
11 134 1.5954705639775364
11 135 4.05710369062045
11 137 0.11068811576983406
11 139 0.10817459585460705
11 143 0.39688084943754337
11 144 1.187977169133762
11 145 0.2567313157449337
11 146 3.826516692169972
11 156 0.6907332337063868
11 158 0.6480872964589791
11 159 1.7189658434498756
12 14 36.9861140968696
12 30 0.7499206395866077
12 31 34.32114817531523
12 34 0.9940807963618732
12 58 2.7353003306022714
12 62 0.5898933038595175
12 63 0.32750319769983116
12 66 2.8685708923921256
12 72 25.052420649273117
12 73 1.1489296101806021
12 74 5.841559856261054
12 79 5.399997706134553
12 84 1.6290520795772971
12 87 0.023625272231874186
12 89 1.1647939458222316
12 96 0.805251260530824
12 102 7.6566169713429435
12 108 0.29018758085425694
12 113 0.3363033576572549
12 118 1.3978121677704394
12 120 6.368563752099189
12 126 6.681246629834477
12 128 10.135517712704269
12 146 0.7817990797746636
12 154 5.107290390194514
13 38 0.5647525739943657
13 40 0.8121044259496145
13 42 0.7956067490715033
13 43 0.038482646726944035
13 71 3.895308905164894
13 73 0.055986609847182504
13 74 3.521073907873546
13 89 0.7718583462014217
13 102 2.424002685454586
13 105 1.7111621466132856
13 106 1.3510152395861237
13 127 0.4061687660825354
13 128 0.6724119933562815
13 137 0.6332001454803341
13 146 0.7693109881740683
13 157 1.0745020210119014
14 16 2.0775468196477256
14 19 10.705466344097182
14 21 14.065985697368397
14 24 1.1891864709869377
14 25 0.5667656373739185
14 26 4411231.842404717
14 31 248.64246264770645
14 36 1.460822941110523
14 37 5.059062850455302
14 38 4.001255052824337
14 44 3.157793720042656
14 45 0.31641967832112877
14 47 1.6006901083726288
14 51 31354477.686725028
14 54 13621920.62277429
14 56 2.0547562480067283
14 58 1.0190969574746658
14 65 2.7581245620250376
14 69 0.5763845222944667
14 73 0.3812468574264211
14 79 3.7070495513151074
14 80 0.8005376127895575
14 81 3.0399631752769114
14 91 1.6074531707017263
14 94 0.7370450221653673
14 102 14.941558175055091
14 103 0.9540552304208657
14 106 2.5867146575704467
14 110 13.760658405331245
14 112 6.368272208649075
14 113 1.2096534918238149
14 115 1.5515502649651194
14 118 26885550.522846505
14 125 3.7082056659597886
14 128 2.4986386187865284
14 129 0.4298019294389896
14 130 66.44798292284713
14 134 3.246716845546502
14 135 2.813719251698628
14 143 1.4634202992926915
14 146 0.3783253180006575
14 147 9.979136972973487
14 152 1294630.3823342284
14 154 9362777.280913139
14 157 2.725982453530746
14 159 2.7394360834540716
15 19 0.2907929210505316
15 21 3.8226639321250415
15 35 1.5280074225793792
15 37 1.4310225924896516
15 40 0.1257074416947336
15 58 0.6640014931701458
15 62 2.0874442508015
15 63 3.247427508078771
15 66 1.8755726138735147
15 68 0.1936875056412809
15 71 2.1197932209925594
15 76 2.348402684203153
15 87 0.6028710819153771
15 98 2.151660856517571
15 99 2.16041726253503
15 106 1.3004255904291493
15 109 2.36485164877965
15 112 0.24247974105417786
15 113 0.5277816693297889
15 115 3.4611189723729696
15 116 6.485794463543255
15 134 0.4736744131624049
15 136 1.1836928757795635
15 142 0.3744920927953016
15 145 0.07895278043360449
15 147 0.4441575896226889
15 149 0.010236536605727743
15 151 0.14375470713894029
15 154 0.6027173921332001
15 155 2.7013062554075122
15 157 3.6221289992217622
16 30 0.2830838662886342
16 32 0.5695511282352366
16 34 0.09668507103649501
16 50 1.926689583241522
16 51 1.695898124329932
16 54 0.5474126025557056
16 63 1.2480843240314774
16 66 0.6180903689486119
16 73 0.2739653186897355
16 75 3.381113588742669
16 87 0.49354819382502396
16 97 4.253425304119886
16 98 0.09416465937587622
16 106 1.0102008843032375
16 107 0.06444690735683961
16 127 2.0215116555151247
16 130 1.3458852247906408
16 138 0.03191739728112815
16 142 0.05453769455884258
16 152 1.8181385976787896
16 160 0.6175895248173318
17 34 0.33223560634031196
17 35 0.10390154792334924
17 44 0.11753883159656937
17 46 1.2245572109369893
17 49 0.22122355362304824
17 58 1.3904565648165388
17 73 0.4977441083903277
17 74 0.1481717292102972
17 91 2.0362045579835293
17 94 0.4121003417371741
17 112 0.4197816704409481
17 124 0.11103268182437127
17 135 0.2936486641342314
17 143 0.4303128225991444
17 149 3.2501907141138426
17 153 0.7909969957483578
18 21 0.2243061283160602
18 31 0.38702282767148766
18 32 0.2093468904272255
18 35 1.162541377075768
18 36 0.0052060304811723
18 38 0.0739473313844267
18 49 0.755951284216103
18 53 0.640390271745882
18 56 0.44478197374366196
18 58 0.12372423833690739
18 61 2.9084998620897045
18 65 0.046999869174275954
18 66 0.6536877501691237
18 68 0.2846298329946214
18 71 0.8483311603411059
18 84 2.114563792588308
18 87 0.6385228382239728
18 89 0.08624622569532915
18 92 0.06698477774467913
18 97 1.219334843635943
18 100 0.2726897248309414
18 101 1.2690039918443017
18 110 1.1900246782415511
18 111 1.4381438648271623
18 112 0.25250810350514663
18 113 0.05610567423737914
18 118 2.4062613915767006
18 119 0.04114552952852989
18 125 1.5111610392613033
18 127 0.3157477255755824
18 129 0.7546544074585978
18 131 2.393081931094731
18 134 1.0901896145115364
18 135 1.1073530237989535
18 138 1.357169354270441
18 139 1.1845882465852016
18 142 0.858356371507122
18 147 6.084361174638638
18 153 0.18586745954185954
18 160 1.0672419277750531
19 26 0.15733837772825762
19 30 0.0002073533783954924
19 31 0.8266634251704076
19 38 0.32495252754583115
19 40 5.141383976625476
19 43 1.1864756248972481
19 46 0.24990194178279057
19 49 0.09707460225798184
19 51 0.0014278114056452814
19 52 0.12794944506208109
19 59 0.7155005953911664
19 61 3.3471040079658656
19 67 0.392903439967689
19 69 0.022935775280489876
19 72 2.7295895493314855
19 73 0.4981196828545078
19 75 0.06865853518099999
19 78 0.9593741686041072
19 84 4.1754575658388475
19 89 0.27776861769625366
19 90 0.29183230667811516
19 100 0.09826856758040284
19 102 0.2620563168589
19 107 3.7448529671757385
19 112 2.203785501631468
19 113 0.23389333178657387
19 115 1.2904580457278414
19 117 2.5584998032074355
19 118 2.3118725038702017
19 121 0.47833761832350785
19 125 1.506578356645366
19 128 0.25755718906688996
19 134 1.4645082654827446
19 135 0.5518225959742866
19 142 0.07949678639955443
19 151 0.09022829494606716
19 153 0.5325328907255079
19 154 1.1589189466806897
19 161 0.3971288995309022
20 26 0.0048608339740485495
20 32 0.3701669544743334
20 36 0.5926874632734223
20 38 2.1049739542321655
20 40 1.836007579639027
20 42 0.13910847988468522
20 43 0.2027020032017751
20 44 0.14102251871207122
20 52 2.0362948245990715
20 61 0.5145845630280662
20 64 0.674742191963912
20 65 1.0064809505014787
20 79 0.5764238524668862
20 81 0.7298650859128336
20 90 1.8695006733821977
20 97 0.8592492936927204
20 102 1.658590924768448
20 103 0.6581558096751053
20 109 7.904549537859116
20 117 3.587329891593689
20 120 4.472563508175083
20 121 0.5745513022168167
20 132 2.87133925247839
20 142 0.3273258759606654
20 145 0.4989302708247529
20 146 0.20018161607145465
20 149 1.808627033340992
20 152 0.4690569531343814
21 23 5.529790832975155
21 25 1.1027873156242736
21 29 1.913160618400122
21 33 1.304461808607471
21 34 2.7185979451257434
21 43 2.393317074865659
21 46 0.14606721541737355
21 51 2.900831712856336
21 54 9.796109406003596
21 55 1.031398166853893
21 64 2.175310662473311
21 67 0.3194795317558742
21 74 0.021815504507732737
21 75 1.0569909751934954
21 82 0.39000477401860206
21 84 0.20046132006311665
21 85 5.104803221721416
21 86 0.8498671238805491
21 87 0.9166999844313262
21 88 3.323340081905413
21 89 0.22863245318515601
21 98 0.8696699577358287
21 99 0.1269402547659953
21 103 0.19349035129949793
21 108 0.6657639110116154
21 111 0.4173972370722186
21 114 0.4939172244065053
21 115 1.0137115349226145
21 116 3.0954265259494584
21 117 4.2811220023239285
21 125 0.4480138595882656
21 128 1.8454220097041953
21 132 8.166491101471037
21 135 0.34280535141635016
21 138 0.09709371590523716
21 142 3.776044292694693
21 147 0.48587792107297173
21 151 0.3343537250192009
21 157 1.0376575081854769
21 158 1.3411229841071597
22 23 2.697488169001263
22 24 0.2359901838171949
22 25 0.35111381432040417
22 32 4.366091643803987
22 34 1.9367865777767228
22 35 1.333350200030448
22 41 1.7648407121301992
22 45 0.7611342060712459
22 50 1.057927147838188
22 56 0.6243838076523394
22 81 1.0088025266667466
22 89 1.3595166583709175
22 113 1.3243074751564647
22 114 0.48811254149983796
22 129 1.5368242988708927
22 131 9.097119836018102
22 137 3.3253140244887556
22 146 0.2549682498761551
22 150 0.3229498213258152
22 158 0.8586387358571178
22 159 2.167880246896931
23 25 1.0387956681687487
23 42 0.03681277098601702
23 49 2.1637075378518613
23 51 5.9267551524952715
23 66 1.1822730562382269
23 70 1.3615743142037489
23 73 0.8100108593559041
23 79 2.485551363473788
23 92 0.15673215411832764
23 98 3.216505598635449
23 106 2.882268748338167
23 129 0.4035215978884412
23 135 0.9234287928169644
23 138 0.41821032604629343
23 146 0.6613692304385638
23 147 0.5124653580703061
23 152 3.5257041110282215
23 153 1.4743389822116224
23 158 1.5098086863936613
23 159 1.5104842555399283
23 161 1.7034807438353332
24 25 0.5644679278314274
24 26 4.706135362625152
24 32 0.34964611103820853
24 40 0.3616411103348097
24 52 2.7926015149178114
24 55 2.1602789194752696
24 59 0.9072366207816936
24 62 1.3496157048499327
24 63 0.8883811205746184
24 71 0.789615400740313
24 74 1.0371300812533186
24 88 1.0528408932587974
24 89 1.5027984130536545
24 95 1.8352170062074193
24 101 2.662086684367236
24 106 3.227771166972291
24 109 0.7568488852783576
24 112 0.14256362162051892
24 113 1.1422570872068216
24 116 1.87196176965962
24 117 3.852505592792283
24 125 0.11037380657996947
24 131 2.6054576177021778
24 133 4.401062540419995
24 134 0.8973181579637484
24 139 1.184536903953229
24 154 0.4459432080338569
24 159 0.18923082628239785
24 161 1.2344348504583398
25 26 1.4802632926789514
25 30 1.4528075831353524
25 32 0.040961951668382936
25 38 1.3424622634552337
25 43 0.20714268455690266
25 50 1.3783072658832154
25 53 0.5861392691517404
25 54 0.39534689164168696
25 59 1.8087608552539753
25 60 1.5359178076378457
25 65 1.0328311931418575
25 71 0.5281333991490452
25 74 2.898023783040407
25 84 0.6659551298621256
25 86 0.17800048297795873
25 94 0.025038568992539378
25 98 0.1682906567610002
25 101 1.3263639177642648
25 102 2.287835536771153
25 105 0.34725639081639853
25 108 3.2044828156218785
25 109 0.1505149319827966
25 110 8.070498244575445
25 113 0.8132827376599879
25 114 0.9500583743795198
25 119 0.5482269164466713
25 129 0.19452823413638395
25 131 0.7071643290587138
25 135 0.2938460314558188
25 138 0.5919617438697982
25 141 0.9634006434506193
25 142 0.007715551487477737
25 145 1.3489566083374214
25 147 1.0187516857503969
25 153 0.8286440793335063
25 156 0.07119826294915349
25 157 2.0086759044514073
26 34 2.3156047318270554
26 36 1.542967216584458
26 38 4.237771166492344
26 43 37.93714832674245
26 44 1.244697462339944
26 45 1.7414690527050651
26 48 1.6880940372863227
26 49 10.519540454066744
26 51 3108632.388880137
26 52 20.930782562534862
26 57 0.04905805860708511
26 58 2.0416819388662524
26 67 1296504.016002901
26 71 7277557.019926193
26 72 1406131.3048991226
26 81 4.2805799528229445
26 83 5.655026943578798
26 84 1.9733396718856178
26 85 7.574884435387171
26 86 3.250969299011535
26 87 0.9879832754276936
26 88 17.255394317167497
26 90 2.8724635611022133
26 97 7.893499236300077
26 98 11.451390427435038
26 103 0.4381942386825982
26 105 15.290568792343931
26 108 7.4958640157243845
26 109 5.531946835045185
26 110 0.787315371223866
26 111 1.0375960988726787
26 113 0.418738153915264
26 114 1.2002554614775696
26 118 10115462.999679478
26 119 6.833310087103534
26 129 0.7047137354017798
26 131 3.056074982069542
26 134 5.0501275060506385
26 135 0.5190462494572359
26 139 2.2400328190561067
26 146 0.8328425078339893
26 152 12731245.114721954
26 154 15323311.436146714
26 157 0.17095501437017144
26 161 1.9290534419844503
27 141 0.3718834276465209
28 38 0.729706207166315
28 39 2.4145291093156773
28 43 5.762424212862089
28 44 7.63412020597799
28 52 13.57858432456049
28 65 0.6095865246302272
28 70 0.4234823002612057
28 72 0.03600462510989567
28 73 0.7047790402100943
28 74 11.707358905783023
28 77 2.5359918166295654
28 88 0.5936779240877329
28 91 0.02081068323337186
28 93 0.5732096158508815
28 97 1.8207528717062424
28 105 1.8754526671615714
28 113 0.6373751245262592
28 115 0.58247330226545
28 129 9.260276452102005
28 154 26.005076597131374
29 34 3.434692285193659
29 45 1.0493215380615288
29 65 4.181669886642517
29 69 2.53372662878004
29 70 1.3017577993194365
29 84 1.301239312245746
29 91 0.2636393394601422
29 92 1.7452631392123055
29 94 0.43636272431964923
29 100 0.0028402712872771306
29 101 1.0418633059603541
29 109 0.5340893444181743
29 114 0.3168373810868597
29 118 4.107412847789165
29 129 0.14489413099172976
29 135 1.4266518730665243
29 156 0.2549589551944023
29 157 1.2602001409324761
30 38 1.1213029656080078
30 42 0.11866073494339743
30 50 5.608898306068946
30 55 4.635396758663459
30 57 1.1355619653040954
30 60 3.3123229553112377
30 64 1.5538012384923043
30 70 3.061822782053704
30 73 0.8268005263698383
30 79 0.13493162443187448
30 88 4.3026037757546325
30 89 1.3136219473578148
30 90 1.481000148239849
30 97 0.5129861082784842
30 107 2.7159289499000945
30 109 1.7286282484155184
30 112 3.67358079432732
30 118 3.68590326903372
30 120 0.47500246789495754
30 129 5.0979918553766375
30 134 1.9534643999173056
30 135 1.169592041635098
30 137 1.5263266912100752
30 141 0.024298474207538428
30 146 1.8884872588807846
30 149 0.6561312693136516
30 152 23.380340432433236
30 157 1.7341468592411522
30 158 1.9042735216664248
31 35 1.5601562529116273
31 45 0.7857897965960079
31 46 3.8196556899208143
31 55 0.2426582132010444
31 56 10.561870095391276
31 62 2.315530702689326
31 64 35.42171859858579
31 67 18.56276925988017
31 70 0.6617760125539256
31 72 268.42055105053885
31 75 13.171083552281653
31 80 1.5488887180326318
31 83 1.2356912437381362
31 88 4.0906005154667335
31 90 0.9349435065912283
31 93 0.07307758440968867
31 94 1.6547786692407875
31 96 0.8810562538123276
31 97 3.2195789496481857
31 100 1.4158984886387187
31 101 3.7548980402291563
31 102 3.5043751596165333
31 106 0.9004651411017587
31 107 511.62730339895245
31 108 4.366393948834921
31 110 2.926041646644556
31 111 0.9921037040529533
31 113 0.386674145079338
31 115 0.7304731687592657
31 118 194.39075400610608
31 122 3.832716580639876
31 125 3.5493266726394457
31 134 0.07977848570419928
31 135 10.068072901635093
31 138 0.12234793055950315
31 141 4.525468120378029
31 145 1.4112362667297784
31 152 462.2906075160324
31 153 3.875076613933927
31 155 6.1881698888083285
31 157 7.659627995661579
31 158 0.008914343840184902
31 161 1.3260709254936425
32 33 0.128460162756364
32 40 0.5806111190711322
32 41 0.5265274973148923
32 45 0.7667164668175657
32 49 0.5517591036392775
32 50 3.844307262245519
32 51 0.47677964516823695
32 52 0.5063795798990588
32 53 0.48510990250206487
32 57 0.5146156996423198
32 60 2.3454432009631696
32 63 0.07755389797741957
32 64 1.8226928355304546
32 69 1.5169625033058882
32 72 3.307327635220826
32 73 0.7045448447286964
32 74 6.308036902399961
32 75 0.06399165205486826
32 76 0.05209039812112596
32 80 0.38060358848936404
32 85 1.5899405482598588
32 87 1.4445364633344828
32 88 1.3504356051686346
32 89 4.301123469862716
32 99 1.1579004101069812
32 100 2.7709548493664147
32 102 1.700850380560665
32 107 0.41053348457519845
32 108 4.331645338614488
32 111 0.02657316314607187
32 114 0.6714890487440501
32 115 0.2945091855980367
32 117 2.145060076538766
32 125 0.02417354114698582
32 129 1.210659402959793
32 130 2.960048406214691
32 134 0.046146023511238
32 138 2.5797365301452464
32 139 1.4596177559768158
32 143 1.0860902554365712
32 146 0.006333568787876496
32 149 1.583566574440942
32 150 1.1738976226902933
32 154 9.011144701889215
32 158 0.6113503261153047
33 36 0.5784977249594967
33 41 0.2619854186794458
33 42 0.8643839696783028
33 50 0.5263043234381113
33 69 4.022751744449931
33 73 0.05485388951989084
33 89 1.0757389186986595
33 97 1.7274669457113854
33 115 1.5568738621977796
33 139 0.48530253154883407
33 141 2.2300630138398683
33 146 2.364771035762474
33 149 0.6898276032607469
33 154 0.6629842550222815
33 157 2.0836164673287856
34 43 0.3951663745031677
34 46 0.05708393682281734
34 49 2.2984595653934154
34 63 0.04305220182239009
34 65 1.2662292161829887
34 73 0.9057368839677226
34 77 0.3605991153103379
34 79 2.202468638358289
34 84 0.5009590009091424
34 93 0.11928028373511508
34 94 0.514350519860444
34 106 0.02978605885067903
34 109 0.14023018188925684
34 113 1.818581134810458
34 114 0.1757739630030433
34 118 3.0592096144377714
34 124 2.4417238505175787
34 125 0.7515037435668176
34 132 3.848956349837304
34 133 0.2393343224916187
34 135 3.7193727956077907
34 155 1.7557261468790306
35 36 0.5178941356462026
35 42 0.7256704402875613
35 43 2.332777921980554
35 46 1.0886208797987813
35 49 0.6381347485186978
35 50 0.4655804159928902
35 51 2.9400026071613494
35 54 3.442165724010541
35 58 2.3257921031585
35 64 3.1953896412783522
35 70 2.838364302431069
35 77 0.14360303511186945
35 80 0.41692416487030437
35 85 0.13582564374264727
35 87 1.2548458151417692
35 94 0.04427554431677725
35 101 0.22403160562512323
35 109 0.5576205284398967
35 114 0.046998834770334355
35 115 0.8379987908485318
35 116 0.304317675194645
35 117 4.480771270416984
35 122 3.442069434059973
35 126 3.9247921442824607
35 133 1.0655854919208054
35 134 0.690986693154066
35 135 0.9254957158874499
35 151 1.1920148118213498
35 152 3.498313056330822
35 153 1.044428002108902
35 155 0.7443722196518223
35 158 0.29529422627135393
36 40 2.7712844619707564
36 49 1.9096397327075993
36 53 1.921406991794039
36 59 0.6801408565797937
36 63 1.329178637049052
36 65 0.2673674338382998
36 68 0.8138722961132823
36 74 1.211452261858147
36 80 0.5434270332252019
36 91 3.886776123804671
36 92 0.19241673377469987
36 96 0.42457266431040686
36 98 1.1687876294303172
36 101 2.194519509773815
36 102 0.637889809958752
36 109 0.7262800207440608
36 110 6.828172535601377
36 111 0.4975453007197727
36 112 1.037957602962788
36 113 0.07778002497591921
36 117 8.742584695403233
36 125 0.6988326380047113
36 127 0.7054788983802682
36 130 10.913823736548615
36 135 4.736103063280984
36 147 1.347682205703443
37 45 0.13459633842017746
37 52 3.0924758633359724
37 56 1.7463937764464412
37 64 3.6782271473731605
37 69 0.9999317719784641
37 70 0.16618384482369053
37 80 0.3126535863452244
37 86 1.8803885945411736
37 88 4.336349343355117
37 89 0.25558611808462056
37 103 0.785490700149969
37 110 0.32954780710579445
38 39 0.37139911174748524
38 42 0.030472692626953662
38 46 0.714910634847885
38 50 0.49731409221593764
38 51 3.94174784192838
38 53 1.8144414535513613
38 58 0.13736940930039282
38 64 0.30066429835086694
38 70 0.08533892765141488
38 73 1.5914358493295302
38 75 6.669476090704029
38 78 0.8567792973549127
38 80 0.3291734455830763
38 85 11.865261271712907
38 89 5.156778003424286
38 90 0.7717474220292938
38 91 1.9442586277169767
38 94 0.1742124346278985
38 99 0.4335000379224619
38 100 0.42127887399828234
38 106 1.2158150894282667
38 107 3.1078143264105003
38 109 1.2920636569986235
38 112 7.432287916510204
38 114 1.103942361636508
38 117 7.650122258002381
38 124 0.2849761659044855
38 126 2.7080002516200508
38 129 2.5322254612449053
38 132 1.858828536039676
38 141 7.127242039727194
38 142 0.5572570913892727
38 149 0.8883631311435309
38 152 0.33974667073614073
38 161 4.615038962891379
39 40 1.0322198666547964
39 44 5.55951329885539
39 45 0.6753284692890357
39 52 7.1361759772045765
39 56 2.2832335425817565
39 58 1.722492840109282
39 61 0.6333551596412162
39 65 0.7089332813661771
39 72 21.67593103289236
39 75 5.430711563114648
39 76 0.5994565521903285
39 77 1.2073920879672744
39 84 2.645955659325165
39 85 5.139588301561534
39 89 3.650555417110539
39 102 6.885347013167479
39 105 1.7470134852563446
39 110 1.0348480007642324
39 113 2.944132266476332
39 114 0.7318651647988004
39 125 2.4558553183013823
39 126 7.336772130679766
39 129 1.1329160216290697
39 134 3.574004710212076
39 137 3.095698055909995
39 138 0.2545199570460378
39 139 1.741710823169957
39 141 7.158613459772869
39 145 2.3785828097637487
39 148 11.301262840975149
39 153 0.2741472933087929
39 157 2.4457617681879675
39 160 2.6269043956697424
40 41 0.1505251051341314
40 42 0.01520610029319939
40 43 1.1937761673719631
40 46 2.069274791124415e-05
40 50 4.568298976654947
40 52 3.6778940469932055
40 69 2.8574439129591784
40 74 0.1592339643986064
40 79 2.2449702865756325
40 84 0.18428591056715413
40 87 0.3598651577463443
40 88 3.1722378859403046
40 91 1.659384409074483
40 92 1.3437831592403993
40 96 1.1805028602632657
40 97 9.768208176442615
40 101 0.2755237187643031
40 102 0.589300847733837
40 105 0.46176627756066974
40 106 1.6364562618789833
40 111 0.5111922463128734
40 113 0.014210767970508869
40 115 0.16501587570896972
40 122 0.5692235142061283
40 126 1.8899119719231166
40 127 0.9243510138048051
40 136 0.3067027190114078
40 137 2.3341880182918184
40 138 0.9487747506399943
40 139 0.2764599943089691
40 142 1.2785625760609913
40 144 0.8483747803108602
40 147 3.6288104788297617
40 149 0.8915802430438408
40 151 0.15673662280898137
40 153 0.2650356310639207
40 156 0.5956389044709612
40 161 0.020426677642777637
41 44 1.1108628753483618
41 58 0.5999238939082622
41 59 0.03068382787021424
41 64 1.1815681454986917
41 85 1.3979778151107902
41 94 0.025350222024434887
41 104 0.822893220895071
41 105 0.04171510722445982
41 113 0.0027224270023108554
41 128 1.884270129284438
41 153 0.3056173602588247
42 43 0.2883175373660227
42 51 1.600821036515373
42 56 0.06596637754453681
42 65 1.6207625504020429
42 67 0.37325631901460193
42 69 1.216463398989313
42 70 0.30590931126682147
42 72 2.973137053916312
42 74 1.9398423791453494
42 75 1.356457527047849
42 79 1.7480351873457185
42 80 0.11538899362504643
42 90 0.3637493704648485
42 93 1.2363917854216866
42 94 0.03138469781480276
42 103 0.2563407281679444
42 109 0.1702915638067815
42 115 0.16671399685075755
42 125 0.6271097407664847
42 127 0.2639535482920858
42 128 0.21337981494218036
42 135 0.07987763820538801
42 137 0.9855131750957742
42 138 0.6776977501224424
42 141 3.693567028002677
42 148 2.741447264697698
42 153 0.7761367767497901
42 157 0.4781469680324057
43 45 0.027674150480432418
43 49 2.716283648320856
43 52 1.319603526900274
43 62 4.072630546979461
43 66 0.40846431126741367
43 68 0.522630276631901
43 70 2.518158508955921
43 71 18.75150573697533
43 74 3.8701060750846965
43 77 4.129439955499697
43 78 0.018247953132029426
43 83 0.9460200096901251
43 88 12.592830383387524
43 91 0.9132017973505292
43 97 1.3408668420151515
43 101 2.874828414856077
43 102 3.093188380579802
43 105 1.3956336137295182
43 109 0.2230708837909206
43 111 0.18888308317617541
43 112 3.304557889918271
43 113 0.6613334849790067
43 115 8.074207809167905
43 129 0.9928424563798663
43 131 25.085330604505515
43 133 31.916610090774498
43 135 0.5745991338783752
43 139 0.05029375574115408
43 141 0.30323609478143143
43 145 0.5477660053307234
43 159 0.6993694338927992
44 47 0.34435095550995515
44 52 0.5362127040084221
44 56 1.5895509735517128
44 62 2.6357730984953207
44 65 1.0247157346075795
44 72 0.20586287024142505
44 74 0.8748688096112814
44 77 1.4877071068465393
44 80 1.397138547117918
44 83 0.9543889183891486
44 90 0.1595377009420824
44 93 5.247230843132665
44 99 2.089955456215201
44 101 0.831566132801581
44 104 0.5117589386755733
44 110 1.66702734000065
44 113 0.25910887275448125
44 114 0.19330979019068142
44 115 0.42315007095331
44 125 0.6264047904388095
44 128 1.3835802270464026
44 131 4.200070861993938
44 133 0.7474479651080529
44 137 0.7256117410203798
44 142 2.727064831413126
44 143 3.0433863851865453
44 146 1.2420334565510347
44 151 0.9602886547191143
44 156 0.5222616230824338
44 159 0.11728183450869359
44 161 0.4769885417979277
45 46 0.1992609143533083
45 48 0.10312008121567438
45 52 0.7877099734460454
45 54 0.17500226615026074
45 56 0.9147603778859872
45 58 0.1298744674354774
45 74 2.0727357178112022
45 80 0.6839859248757506
45 88 8.64783606996044
45 94 0.41052890324769437
45 96 0.47116066428235126
45 97 2.4809129154424907
45 102 0.6826320384024509
45 105 2.4983997584703057
45 106 1.1886408451381127
45 109 0.07591114335288841
45 112 2.7961854116557374
45 114 0.36209435082345504
45 120 0.12369983186988764
45 121 0.22218685755827675
45 135 4.118855220710596
45 137 0.27299727190655104
45 138 0.36030698753655727
45 140 0.06032282215819973
45 141 0.796392794746805
45 144 1.213917814457635
45 157 0.026798145702527656
45 161 7.309861341063439
46 49 1.2555490139225367
46 51 0.5197783456449591
46 54 1.3482123141408797
46 57 0.09626586359438206
46 63 0.22903200749492125
46 65 0.3388746523799004
46 66 0.5263715214768956
46 68 0.24157236216332043
46 69 0.40919152127291547
46 71 0.03113361597811197
46 73 0.025542740910199414
46 89 0.495047477811081
46 96 1.5502015885678666
46 98 0.010200350053640972
46 102 0.9024624230141154
46 108 0.15544249926426643
46 112 0.448384500077259
46 115 2.4327252384470315
46 121 0.4065229702972888
46 124 0.7626467303314242
46 134 0.10960986264359612
46 137 0.275210043510447
46 145 0.8634665876851784
46 151 0.2861158205256138
46 157 0.4386559761718563
46 160 0.0010307419996370552
47 54 0.4579255140282374
47 58 0.3448929436515611
47 65 0.25503931287503756
47 71 0.2800325348052078
47 90 1.1792918609759535
47 100 0.7662669823693036
47 109 0.13094783104602453
47 114 1.009902822493809
47 131 2.1431098084724276
47 138 2.6968359492763354
47 141 0.13746356863360967
47 142 1.0985979809642996
47 153 0.4497110622748669
48 52 0.6490645529982584
48 58 2.1535662247510445
48 59 0.905558724346498
48 67 0.6131511221878552
48 87 1.2333498695421983
48 96 0.8227851948417606
48 103 1.4150568758715323
48 115 0.8518315124694975
48 129 6.238076754652928
48 133 3.476077933100975
48 141 0.7809346395074378
48 143 2.29393766685036
48 147 5.350175450306895
49 50 1.2873203344197828
49 51 1.9101594667063801
49 54 3.660793227226134
49 55 1.2334677302829724
49 58 1.6738155218702808
49 64 1.3988743470245466
49 69 0.009994312416108543
49 72 0.9224970551424592
49 73 0.6517971279480168
49 75 6.693887523858539
49 76 1.897425591863669
49 77 1.3362705351396063
49 79 0.28438946561120726
49 81 0.24831380075202278
49 82 0.9111800847890753
49 88 0.17066320412284466
49 92 0.5703977407001909
49 94 0.19736748500134715
49 97 4.188875994833739
49 99 1.5093948065154004
49 106 0.685485679636125
49 108 0.15522300962435095
49 112 6.854373677924297
49 113 0.1816787485431944
49 115 3.738672038943751
49 116 0.6748749256346641
49 117 0.055870163274523245
49 124 1.8309632960653959
49 133 14.130038591523341
49 135 1.4331133586194635
49 136 2.67188316270895
49 145 2.7280514155022884
49 147 3.8034113451961464
49 152 5.187584539984653
49 157 0.49370573112591476
49 161 0.7529521194661625
50 65 1.507938049098368
50 67 0.8504164597291388
50 68 1.7576204300373048
50 79 0.09470013008082412
50 80 1.2800868331471178
50 81 1.3428626762781675
50 84 3.608517485918544
50 87 0.37624434363306675
50 88 1.4393524431635636
50 98 1.4355370522372486
50 101 1.6197111335612684
50 111 0.5316048697712472
50 116 1.58946289507446
50 117 2.2105914925520684
50 125 2.609380622523106
50 126 2.178745079026099
50 128 0.42627330400217206
50 137 0.32128974528342635
50 142 0.31905940625698664
50 145 0.6103462368465202
50 152 0.4726085645849781
50 156 0.5844116163886074
50 157 0.5404399571506119
50 158 3.1774000579376214
51 54 19998285843.780056
51 56 9.041066571313841
51 58 2.7358786241093127
51 59 3.258738589898571
51 65 0.6143969338753861
51 67 3721882.9635850796
51 70 0.7425798000220186
51 71 3230299.321411538
51 73 0.024213105781260957
51 77 1.5992856909534572
51 81 1.3502959481309698
51 84 0.49668170506270426
51 85 5.6390604536506705
51 87 0.39358698070017456
51 89 3.2859577493344707
51 90 1.5163725213430437
51 94 2.8508778759448328
51 101 0.5421328228719138
51 104 0.6647367837301881
51 107 204855.4432889797
51 118 9131417385.493435
51 131 65.40466768296885
51 134 1.1404700764182198
51 137 5303028.66936327
51 141 3.503446034543774
51 145 2.2787783879343926
51 147 2.4395161635309885
51 151 0.42178007264489176
51 152 2144320.732713014
51 154 415078903.2873717
51 155 0.6925131845056477
51 158 2.9230890901323985
52 55 10.09981592175841
52 56 18.020933370543666
52 58 0.19750968372299577
52 60 3.082925293038403
52 66 1.2219078512009705
52 67 15.806413357993499
52 72 3.6057309130728985
52 84 2.6806852127109435
52 89 7.743931631506262
52 93 2.467942200629245
52 95 1.1847061672735668
52 98 1.9241428624977945
52 102 8.501080209995251
52 106 7.608929232972355
52 112 8.298193823369546
52 115 1.3291694933503506
52 118 0.0006409532014923201
52 119 1.6808967791327836
52 121 0.06771554016108346
52 125 2.091349334918271
52 151 6.396397917088317
52 152 7.576566034009837
52 157 0.16902659945529336
52 161 1.0799350789619335
53 56 0.5716330126240031
53 64 2.7419943427943885
53 68 0.8123200636087565
53 70 1.422815482222226
53 72 3.0027297178587546
53 82 1.2426541774348454
53 87 0.9534818143027416
53 88 0.619893069481382
53 89 2.0102186140414515
53 90 0.39624375444430415
53 96 4.277486832256654
53 97 2.044119637231588
53 103 1.8616037217208639
53 111 0.08596959981375779
53 112 0.3410345148197224
53 121 1.3210057709959993
53 142 1.7025028232818125
53 152 0.8237610492081627
53 153 1.7524781779470573
54 56 2.1781200306319213
54 58 4.068097374990508
54 61 0.4372350345397035
54 62 1.2722407524989068
54 65 1.968094393478729
54 66 4.870513568190805
54 67 5874874.881568963
54 68 0.9461271902563445
54 70 2.094071363923849
54 72 67121750.58794037
54 77 0.8591355702880005
54 83 1.0391366817841126
54 84 2.016915461490249
54 88 9.611336656384587
54 93 1.3508150329289688
54 94 3.2136045882697872
54 97 0.6006156676488601
54 98 0.36867809156061154
54 100 1.5022389818130044
54 102 0.6965832627195379
54 103 0.3228886750789656
54 105 8.089913184635016
54 106 1.3058503400198211
54 108 8.773196174759061
54 109 1.2528864336685819
54 112 1.8623633081132127
54 113 1.6563630343330764
54 117 32.86083422623808
54 118 416498428.37490654
54 122 0.8801598569313814
54 125 3.749650394130978
54 126 5.018620206665568
54 131 675.6349079028681
54 133 24040960.611516654
54 136 2.5935126003909987
54 137 8052034.22756137
54 139 0.14989987167885463
54 141 1.9429234580496797
54 147 2.081985562269058
54 153 2.372504561012512
54 154 52669564.29606014
54 160 0.23354620619460023
54 161 8.45732458014669
55 58 4.504020707901204
55 62 0.8730050476200492
55 63 1.2008954202582882
55 69 8.510760063630054
55 70 2.254728443688047
55 73 1.906322553776077
55 74 2.1792296473198127
55 77 0.6034185583649709
55 81 0.20121902560342897
55 84 0.9717371821372464
55 87 0.45257942374463134
55 95 0.3882244660223623
55 100 0.49135190806237344
55 101 3.442510362964895
55 103 1.84872671197912
55 104 0.5463880833332662
55 109 1.6834677032195284
55 113 0.36009547520102364
55 119 4.070519008526485
55 125 0.3508911646592891
55 138 0.26970418385784006
55 145 1.184576528101344
55 147 0.21603656950732428
55 149 0.18635835927300654
55 157 3.316102436466644
55 158 0.37872670084787735
56 61 4.0347099487250455
56 64 11.35554162994564
56 65 1.5852078118323094
56 71 23.89031116631236
56 73 2.7379289704268945
56 74 3.3531819640682596
56 79 4.349047303177394
56 85 4.6813824248965
56 89 0.9432588880211131
56 91 2.664099663024471
56 97 1.823856095803506
56 102 0.34319616949648785
56 106 0.28907871463521917
56 109 0.4038560652079133
56 112 6.331347022484593
56 113 0.18261946633459614
56 124 0.05618183399580137
56 131 1.6269315861883615
56 132 3.684652998554958
56 133 6.1199687526905375
56 134 5.449792167367892
56 136 0.5162655688553
56 142 0.4493378682125599
56 143 1.322755008078788
56 146 1.7770730396104826
56 150 0.7722870126884193
56 152 26.200039775392472
56 155 1.061970540194239
56 157 1.3187450580542177
56 158 0.0089904521417688
57 67 0.3717218977699167
57 68 0.6619302544347034
57 70 0.26696450674264277
57 84 0.7439994409987717
57 85 0.12631856774187164
57 88 1.96070725072186
57 98 1.1185360777152118
57 100 0.010693231622373109
57 101 1.298259697755369
57 102 2.1832077733724784
57 109 0.6606089313475284
57 119 1.2017981375690145
57 125 2.1271797936195944
57 129 0.7799290960931327
57 130 3.4526952073265234
57 139 0.06293364927733698
57 141 0.2729958977397672
57 158 0.7388164561375747
57 159 0.23873924369918056
58 60 2.1006652292864136
58 63 0.3916985186976789
58 64 4.094024544898704
58 65 0.4423717052341553
58 69 0.30944731100125267
58 70 0.5745437266546183
58 71 9.054017498096378
58 73 0.30664020574715045
58 74 5.019235727816848
58 75 5.504280213445377
58 79 5.331381037304737
58 81 1.906972555932948
58 84 1.8965723295478827
58 89 1.012734037382488
58 106 0.5616618274980745
58 109 0.016969360211333884
58 111 4.589827574571185
58 114 1.2207632197409313
58 127 0.3381852293708588
58 133 0.016449605930884757
58 135 1.6213363007034822
58 151 1.1681304678256657
58 153 2.3672147157595833
58 157 0.02332206913120407
58 158 1.395668679513426
58 161 1.5658863924877817
59 67 0.19835331226846425
59 69 0.45777436109229136
59 74 4.651542395898349
59 80 0.03372417045387937
59 97 0.34698515276131064
59 104 0.07384026562479422
59 110 0.01681506454354506
59 112 1.2286857002852467
59 127 1.0764805728510511
59 138 1.6123818444174618
59 139 0.26562460543445177
59 140 1.5070572772476998
59 145 0.1541093915917988
59 154 1.5088927952286644
59 157 0.1623814727467906
59 158 1.868636025902941
60 68 0.9828593918197089
60 102 1.883504182264752
60 111 2.3354453775819772
60 113 0.4063733196621405
60 115 3.017443619357345
60 131 19.49285806075869
60 161 2.762136254963432
61 64 1.444208962775627
61 65 0.5473159050164559
61 66 0.15241246424799587
61 73 1.429598006228379
61 77 0.04217408163904427
61 80 0.34796763966984334
61 89 1.8685082219225324
61 94 0.8618626760904039
61 105 2.0301783266493394
61 113 0.9036962224377731
61 119 2.2486926598029373
61 133 0.9081721158101655
61 138 0.6319050272495809
61 142 0.6609401581704104
61 146 0.6001162044605326
61 147 1.3406490743162558
61 152 2.173582466598526
61 154 3.753976862426053
61 159 1.061518360058023
62 63 0.07369907172840268
62 65 1.6762871948305869
62 67 2.097563608618849
62 71 5.533174513585318
62 73 0.16664960415539384
62 76 0.09474177554238206
62 85 0.5939507577951666
62 95 0.11484095043995235
62 100 0.9762039046779301
62 102 4.6830711019441456
62 106 1.6970548657295939
62 109 0.18076625554476086
62 115 1.4808796714537933
62 126 0.5066207799033505
62 129 1.1361399095412796
62 137 3.00784858112655
62 143 0.8835582278889945
62 150 0.6236186355527046
62 152 0.20072336688665438
62 157 0.02388708748546434
62 160 0.9812957503038874
63 67 1.3831543677166878
63 69 0.7485908189260958
63 72 7.208482897899071
63 74 0.355895993192914
63 79 0.7548240940648443
63 82 0.4071716967969067
63 85 0.26100729628138225
63 87 2.2409485097139603
63 89 0.1422921911838497
63 97 0.7698066809912533
63 99 2.5226721582027225
63 104 0.5973727574622087
63 106 0.2534703793250411
63 108 4.759089605136011
63 112 1.3715978451626694
63 114 0.9586092439709889
63 115 1.5442661224515914
63 119 1.7246895352418115
63 120 4.099482574198673
63 125 1.1626063664790987
63 126 1.9905329200580455
63 129 0.7811480008967582
63 131 0.2762250188988594
63 135 5.162736133710795
63 139 0.1949959715158969
63 141 0.7438293572982282
63 143 0.3983563012756287
63 147 2.4370823371124626
63 149 2.5390447474500415
63 154 1.6630647761575275
63 157 1.0288726698322477
63 158 1.4984193092809805
63 160 5.085681479806278
64 66 5.023489495297115
64 69 3.2462704897453922
64 70 0.22291638978084763
64 72 14049966.612179551
64 73 1.0504427861841301
64 74 5181529.848995006
64 82 1.5191666903714367
64 86 7.695325728111865
64 91 2.1940090132345924
64 97 1.3237799755779878
64 98 14.213446156860524
64 101 4.757572318271689
64 102 2.662043017932679
64 103 2.0141219727065836
64 106 1.9503056994873416
64 111 0.1788289943747496
64 114 1.9398580844092521
64 115 3.4872749213062906
64 121 2.0347962903975128
64 124 2.0225488158543157
64 126 0.1873213206784982
64 127 1.0262509572176743
64 129 1.087669912747492
64 130 1.547997118583474
64 133 49811636.896820664
64 134 0.878405955365112
64 137 1267553.4232642252
64 138 0.1765731686946255
64 140 4.4798864778891
64 141 0.444907147021256
64 142 0.2153423335304861
64 147 14.068059551659353
64 149 1.3640774294712779
64 153 4.265911268260069
64 159 1.0681502964575547
64 160 3.289358911737376
65 67 0.5965440493741045
65 69 0.45468054906332767
65 72 1.3938487473444123
65 73 0.37384865668137307
65 74 3.047130757574977
65 75 4.101051752239738
65 83 0.009595255158983037
65 85 2.6317366652726837
65 87 1.6383411386038256
65 88 1.4182455440562056
65 91 0.7355890417241057
65 92 0.2546056725349068
65 94 2.117341198509282
65 100 0.0029880530265575674
65 102 0.5302927674921224
65 108 0.21261700050132612
65 112 0.5558863016342624
65 114 0.05063803128791446
65 115 0.6173346382252094
65 124 0.13838726702307844
65 128 0.3821088841580395
65 136 0.6820875326872453
65 144 0.015949624673714056
65 146 3.395574725432975
65 149 0.3692520016664107
65 151 0.43215295836724044
65 161 0.23071724207722508
66 68 0.48853155236953194
66 72 0.3183991145683635
66 79 1.7910435801820555
66 80 0.5578475127826286
66 89 4.73188953849125
66 90 1.5473444007446129
66 91 0.08468666609674781
66 99 4.47119563381579
66 101 1.3147434348753522
66 107 1.9392712021027156
66 109 1.307770584951808
66 112 1.0430861779103462
66 113 1.516354068245237
66 117 0.14198974815907703
66 121 0.9467764031947657
66 137 2.815980619819482
66 138 1.58615476321012
66 140 1.939824808414514
66 143 0.11075894479223569
66 145 0.8524010375999342
66 146 0.7634802335317952
66 147 1.452052171483569
66 148 7.78313966245489
66 158 0.33534060157696854
67 72 9712232.279246245
67 82 0.48742443176815387
67 85 48.76438889983232
67 87 4.190308795910059
67 88 0.5435997471474103
67 89 1.2765405924624926
67 94 1.4439602320642004
67 101 2.9956918309104674
67 107 1777817.0603340564
67 108 9.760839842548238
67 112 6.607595718931686
67 113 10.51377664688445
67 115 0.034371670054033965
67 118 3048919.015547483
67 119 2.4538674249328207
67 121 0.8818813864400507
67 122 10.806240472189033
67 125 2.23723542443781
67 126 0.2566898707751475
67 129 3.3882032316936996
67 134 1.0025512809530106
67 138 1.284809936744516
67 141 4.209328925886313
67 142 2.4049326214793956
67 143 3.3979843882855865
67 146 1.1472619475144081
67 147 8.387216221841053
67 149 1.8822466526601764
67 150 0.891082003776642
67 153 0.948720429947169
67 154 7215931.2845091885
68 71 0.6371914726657639
68 72 0.6069896398570278
68 74 1.6032463659654994
68 77 0.19939414159854263
68 79 0.5180069058103582
68 84 0.3240065010769185
68 87 0.25455325608201873
68 90 1.6230088857789207
68 95 0.25978806558362294
68 96 0.5052944947055215
68 100 0.13326311717544867
68 103 1.3808967343413205
68 111 0.6563359184020208
68 112 0.8276020715650123
68 113 0.21360421122328047
68 118 1.8318754615651347
68 121 0.005040390274962468
68 125 0.05206218874495817
68 128 0.4297814509257367
68 131 0.5433060877083603
68 133 0.27139787608887944
68 135 4.872096162634337
68 141 0.5223139496834647
68 142 0.6425962964842321
68 145 0.7481712299327272
68 146 0.37612882776690376
68 150 0.02958179597881882
68 151 0.4449222543244198
68 152 0.3439612436371067
68 157 1.223616928449964
69 70 0.5955079606648176
69 71 5.607452067107063
69 73 0.23844793969404426
69 77 0.4704453851033927
69 80 1.0695521809676192
69 84 0.31269748770139666
69 91 0.2804770352553308
69 100 0.02191337340219152
69 101 2.036987659663869
69 102 1.024588244912231
69 103 2.181158001702443
69 106 2.6153219601501587
69 108 1.741770777930064
69 109 0.34547407218187853
69 111 1.2859898384733852
69 113 1.181000864120377
69 115 0.84449194705659
69 116 0.6434399922826745
69 118 6.583111573242417
69 128 0.8723204764123962
69 131 0.8183005112191178
69 133 1.419982679549199
69 138 2.334764269542378
69 139 0.18480016993238677
69 145 1.49456305516141
69 151 0.02686944402650631
69 152 4.668875188550512
69 153 0.5628079609777569
69 154 1.2199641526228866
69 155 2.9309207751681936
69 159 8.955000650073275
70 71 0.14816339470316808
70 75 0.09933430841609826
70 77 1.0080172796541846
70 79 0.1198020366501609
70 82 0.1087318048231583
70 83 1.415161304446107
70 86 2.9083372735046473
70 89 2.0230646299682697
70 92 0.5470125748310168
70 93 2.440227364447398
70 96 0.37229420783790024
70 100 0.10764911306536716
70 101 0.1193422218757903
70 103 0.10248813513431611
70 107 0.5275555529428231
70 127 0.0025076066723492985
70 129 1.0177813635732103
70 131 3.9609646199072084
70 134 0.07845860333319292
70 137 1.5892090603410127
70 145 0.5609881861842341
70 147 0.8185923493476536
70 150 0.28749252991527136
70 157 0.9111142217692564
70 160 1.6314385992585927
71 72 5032707.71197542
71 75 4.598555950817851
71 77 2.704586777621312
71 79 0.4923789699948087
71 80 0.42467639572987637
71 83 0.0048502751707944335
71 89 1.3740105567599445
71 90 4.881151012982435
71 91 0.8986940945596524
71 101 13.767677506557206
71 106 13.486604606597025
71 109 0.292497740797822
71 111 1.8348263213842726
71 113 3.9750218905316252
71 114 1.150210640261175
71 116 2.389147809675176
71 118 2700316.2588522797
71 133 8813069.040092124
71 134 2.99373561807844
71 135 12.85156493110731
71 138 3.7901656074756436
71 139 2.6550289520153023
71 142 1.4122410195252924
71 147 1.5122877313474783
71 149 0.7903341395321938
71 151 0.06485529414314785
71 160 0.6632250171833818
72 73 0.8194615374831025
72 75 44.719655236096514
72 89 24.72623654619911
72 92 1.6652591030802701
72 93 1.7386273885837034
72 96 0.605917911642146
72 98 2.2499200244199584
72 99 0.4723602873036518
72 104 1.3511488110781735
72 107 3498456.986037847
72 108 3.870317149097563
72 111 2.8810269120478895
72 112 3.4072991091709595
72 114 0.3680221258227737
72 115 16.794557283753335
72 116 6.620342099192402
72 117 26.905925330019176
72 126 0.6438085201617875
72 138 1.6894748833396733
72 141 0.34269821734003925
72 143 3.5779345787035317
72 150 3.4616713724257666
72 152 2686021.3414705456
72 157 1.547268200593757
73 75 0.03235181759140995
73 79 0.023736817346810657
73 87 0.0744612401107807
73 97 0.5499218800767527
73 100 0.08364990074599449
73 106 0.05957140363518771
73 108 0.8062942189777667
73 109 0.14347325978474304
73 110 3.3757556459449125
73 113 0.12217664509621622
73 124 0.051359019023811056
73 125 0.41735878626271383
73 126 0.34626698775880754
73 127 0.22189900027194
73 138 0.9326762951126855
73 145 0.39020633889664064
73 146 0.26512943555859514
73 151 0.4092870582136264
73 154 1.0528520481321213
73 157 1.5106075469938525
73 161 0.08695934787832928
74 76 0.6314782474309164
74 77 0.32363747024869094
74 83 5.29337544229397
74 88 9.154918250702917
74 89 0.06489495522404305
74 93 3.2815980492278545
74 95 0.22887933720722473
74 97 0.23703350287425787
74 98 2.969100608198386
74 101 1.7689252855921036
74 102 1.3497473072144501
74 106 1.0304765074390652
74 107 2621867.7373662833
74 109 0.22797008860506118
74 110 50.3894829767843
74 112 1.208590623408894
74 113 0.8679574205820508
74 114 3.965897551858946
74 115 4.356955139882604
74 118 298393335.43028027
74 121 0.4284691968543478
74 126 3.132440153119642
74 129 0.0040189205748525116
74 133 240824500.67325875
74 135 2.424069129688878
74 136 0.802185887167069
74 137 15577873.582181474
74 139 1.0307393375511418
74 144 0.626523700900044
74 147 5.054357485985204
74 148 2.1678205376317092
74 150 0.9530915308967828
74 151 0.37509757675346217
74 157 2.0261490033262586
74 158 0.18923084727350897
74 159 4.41804347778034
74 161 5.604163279704628
75 82 1.2646999099613958
75 84 0.8188475407052961
75 89 6.611625586282619
75 90 0.8866644849414009
75 105 1.1833618157485444
75 108 4.3325482431504545
75 116 0.010557091604778144
75 119 1.604908872049385
75 121 0.32543389818325424
75 127 0.8925313150156131
75 129 4.963748312363931
75 131 2.8850025339085077
75 133 10.14919257037186
75 137 4.411777529184496
75 143 1.4251630770051147
75 144 5.903828448463644
75 147 3.5133868429814386
75 152 13.350134040140718
75 158 0.186502948796969
76 80 0.38608639682155016
76 81 5.116758867429667
76 92 0.6500012593467087
76 93 0.9008265236677783
76 96 1.5992000321699311
76 105 0.2481853133191239
76 115 0.2916657031895915
76 138 0.6852722093805533
76 151 0.9695076954695245
76 154 0.06796273505140304
76 158 1.6162627745201625
77 84 0.46265815927935366
77 89 0.9801713883811575
77 96 0.1556553935416324
77 104 0.6845804665696441
77 106 0.3776935143498323
77 108 2.0479190155698785
77 118 2.289244991346058
77 122 0.5470065200568016
77 126 0.5259778830770426
77 134 0.2226220876328258
77 135 1.2347920240204315
77 139 1.520997501779884
77 141 0.804911810525006
77 144 1.8983053309909979
77 149 0.3105730671895167
77 152 0.11082569230597138
77 154 2.456775262335454
77 155 1.5348626793933833
77 156 0.7539608340417119
77 158 0.19702711092868921
77 161 2.0993351850397195
78 80 1.7844723767904354
78 129 1.6498681841175622
79 88 6.099856782385836
79 89 0.3370183789904899
79 90 0.29915158300349687
79 92 4.015343379469582
79 93 3.6784872987208717
79 94 0.5656075921260669
79 95 9.279871876718527
79 96 1.9935279560145565
79 97 1.3387074895737825
79 102 0.7279378098827292
79 105 6.24354026851505
79 107 1.7848097295604068
79 108 1.1200843669888954
79 111 0.37428589148417096
79 114 0.8011959679559266
79 117 3.385307971084856
79 119 1.208676681542959
79 127 0.9898591584024021
79 129 1.8660026937704874
79 133 8.798139457135717
79 134 2.988263892215715
79 141 3.519722707877388
79 146 1.3664900165955522
79 147 1.2400960694759569
79 151 1.7145783530448586
79 153 0.4621432821773037
79 161 3.0485681706960004
80 87 0.5749881136962846
80 90 0.2409249372855833
80 91 1.2488710747519525
80 92 1.7610385298278775
80 93 2.3170899037196384
80 100 0.14526301805269307
80 101 0.05966294502333002
80 104 0.35646581692583224
80 111 0.8871964992759822
80 112 1.15690682948362
80 113 0.10576025693314718
80 114 0.48176758930850616
80 131 0.48272677624723503
80 134 1.430561975107328
80 135 1.2621756790131051
80 137 0.7329199308236702
80 141 1.3552279222339352
80 143 1.4631050858238601
80 158 1.6733366475184515
80 159 1.7766841493383743
81 93 0.6769209668599813
81 107 2.267664217500494
81 112 1.3342025509076199
81 126 1.485291466674993
81 133 1.1104150336230176
81 134 0.3541743400947203
81 138 0.6937708436535436
81 152 0.5850118435796647
82 83 2.1492208294709765
82 87 1.426849340754519
82 88 2.7358609706759385
82 89 6.166148297398326
82 94 2.155093241986612
82 95 0.7545951494586176
82 101 0.5487213330830405
82 108 0.26258836131399327
82 110 1.5998589985837042
82 112 0.15340140305547506
82 127 1.0417048140212404
82 133 1.9120167050020709
82 134 0.9438240341629393
82 137 0.20225071925708143
82 141 0.44573050122630176
82 142 0.10884427258717178
82 147 0.9423038106226879
82 149 0.09870472157982534
82 154 0.005111602007188037
82 158 0.43349201157316575
83 101 1.1313432687091405
83 103 0.4818841929701372
84 89 1.3337357349772425
84 98 0.13766058626595276
84 102 0.8841155007044899
84 106 0.17757213612818973
84 107 1.067858146734864
84 109 3.0675315743764378
84 110 0.810316847754257
84 112 4.279163117244545
84 114 0.3799113165929026
84 115 3.7743457275297145
84 118 0.15818356228382485
84 119 1.8174617614116175
84 120 1.4840896966196655
84 126 3.390311798631582
84 129 0.489091241327426
84 132 0.4983195274854003
84 134 0.06772587577414857
84 135 2.274871412993041
84 136 1.9611709317949035
84 146 1.9597677510949751
84 151 0.783043833713642
84 153 0.8085526260883888
84 154 1.3476786045654172
84 155 0.23818455327879112
84 156 0.8155762456565128
84 159 0.6696689680320651
85 89 13.172736029902877
85 94 2.3550772984475756
85 102 1.2300342347999207
85 106 0.6575897323401427
85 108 2.7297316526017097
85 110 18.595957330182294
85 116 2.7088119326983797
85 125 5.409725879673762
85 134 1.6998744566018917
85 135 0.07149168186815266
85 142 0.2558343111389419
85 151 0.7407562718229328
85 152 28.526310132073178
85 155 4.520825179506399
86 99 0.39021547585655425
86 109 1.441701759653824
86 113 0.9279402972004527
86 140 0.39062329323086875
86 142 0.46972367928411823
86 145 0.7480550596118114
86 146 1.0333794083217223
86 154 0.7880545364024912
86 158 0.3651772006624518
86 159 1.4101479055882566
87 91 0.5581999018808367
87 92 0.0012468456247969495
87 94 0.6396945557731034
87 98 0.12397452432409509
87 99 0.2656606554306623
87 103 0.6250561544678114
87 109 1.1782178375504495
87 111 1.038757015283685
87 116 1.5042640817581932
87 117 0.23004520343748996
87 118 1.0990601191376341
87 120 4.334648169351378
87 129 0.14974748400133003
87 132 0.3868559405280566
87 134 0.8340769958089169
87 142 0.17558655443065735
87 147 1.1405738530911997
87 159 0.9368350674415373
87 160 0.43439427747368264
88 89 3.2762344039133136
88 102 6.221837536674371
88 106 10.541813223313055
88 129 0.9152375644238003
88 135 1.402342356866456
88 136 1.4313173009813318
88 137 40.49060464414404
88 145 1.8750634073084402
89 92 1.0623583852177458
89 93 0.5457150416976402
89 94 0.32957814310035016
89 96 0.22270063912930474
89 97 0.9367963673416431
89 99 1.3969049225412786
89 105 1.0106341864042758
89 108 0.7978634813533504
89 114 1.1370033940796163
89 116 2.1338872757905265
89 120 0.9015221318611761
89 121 0.9991636211480692
89 125 0.6570131839169213
89 130 5.76141546121537
89 131 4.53328488844084
89 133 1.621872563456881
89 134 0.3271699276345012
89 135 0.5648254054415209
89 137 0.7464049849283239
89 139 1.219691122966531
89 142 0.4910599032994369
89 143 1.7135803880096454
89 146 0.6378628405588304
89 151 0.08715099611272224
89 152 10.587850689345155
89 158 0.5677295139092169
89 159 1.8834490708623695
90 96 2.1688981744316935
90 101 2.6223829007933896
90 106 0.09249160737159366
90 107 0.07140790145424834
90 110 2.4637088241330707
90 111 0.15049306781903604
90 115 0.1181563014937819
90 117 0.07744630535624643
90 122 0.9926710849569276
90 126 1.657302456379928
90 134 1.8910051421266567
90 148 2.6461594891636318
90 158 1.353941126757365
91 94 1.2342217866008367
91 98 7.026432622591815
91 106 3.5649133729577116
91 110 8.752918683234075
91 123 0.8131590681519282
91 128 0.584037524929574
91 131 3.2957346381054675
91 134 1.3065970249573446
91 137 6.235344225081223
91 141 0.7529589415548514
91 158 0.8178968509474003
91 159 0.6408015063291344
92 96 0.5757703085771276
92 101 0.6331611672573213
92 107 0.013482165217613216
92 110 4.052301275768631
92 122 0.3859911298452786
92 125 0.07510907298972164
92 128 0.44203223932806823
92 132 1.80658394505675
92 138 1.0668462387563629
92 149 1.0207615108183494
92 158 0.9812789770225729
93 101 1.1514607231380176
93 116 0.6330768287215098
93 129 3.4128785305089635
93 139 1.54909886770321
93 141 0.9394154650612296
93 142 0.2116277176617441
93 152 7.539243103219776
93 154 0.3433660414290499
93 161 2.03452604181177
94 102 3.7119294829075247
94 103 0.8206306932146881
94 104 1.3881537742281467
94 105 0.3962731667864965
94 109 2.2094270146752724
94 115 2.1041799619154764
94 119 0.07377256939936631
94 122 0.4817920810150996
94 126 1.1012719319262005
94 131 0.31854595693638366
94 133 1.063773158122566
94 137 1.8650083000173985
94 139 0.12891430827262335
94 141 2.855867492908407
94 142 0.38432272142420054
94 146 0.051701535198841256
94 147 0.7201555617595509
94 149 0.8455926073422018
94 151 1.1897723911164904
94 152 2.766891913665165
94 153 2.315083799912874
94 154 1.461340834683383
95 99 3.246736700887895
95 115 4.8843998322792865
95 130 7.534533603248414
95 139 0.3144559582926826
95 146 3.6710556647770867
95 152 7.769256805105676
95 158 0.030232636303112837
96 100 1.1523518972200693
96 115 1.5165980092533722
96 118 0.19885859653045357
96 126 0.06410230912854789
96 131 3.5285750934492053
96 138 0.8108288586041043
96 153 0.6156287372628003
96 160 0.3639048188905867
97 106 0.709470363723335
97 111 1.2536526486496955
97 118 0.9965707850613491
97 120 0.1665025254963419
97 129 4.254159755858426
97 131 2.3050755687042823
97 135 2.316755893261811
97 136 5.061977299577885
97 138 0.5950467201005766
97 139 0.05766904374630217
97 142 0.24593767540242142
97 147 0.37053322741692585
97 152 10.866803400943056
97 153 1.6282039828853059
97 154 0.2662630753464928
97 156 0.18052067562354243
97 159 1.0136606228800162
98 111 0.30279799426334136
98 112 5.809031047424266
98 118 0.8455428630817186
98 134 1.656661860400306
98 141 0.8888381038928196
98 142 1.630270991552625
98 146 3.9663916216396946
98 148 1.3258683652952943
98 152 12.353792599991646
98 154 2.69145917118279
99 105 0.15810734572873295
99 107 2.513788304021334
99 116 0.6976964982753134
99 127 1.0114347084060589
99 129 0.8436663681116183
99 130 2.995231546015631
99 139 1.2531102352861891
99 141 2.2632005183650943
99 143 0.3543744752527066
99 152 1.512671958966128
100 105 0.8696189985271027
100 112 0.33371350217467216
100 115 0.19210927485954948
100 117 4.405888772025888
100 122 0.08733820456932673
100 129 0.3011197867238447
100 132 0.240354288733726
100 141 0.06321284972516063
100 145 0.7890517861573704
100 146 0.7078715368774251
100 148 1.3320431263873451
100 149 0.2892069040379046
100 150 0.914203152196085
100 151 0.45942394289765487
100 161 0.8842828024286947
101 102 1.154329638912706
101 107 2.592185275882617
101 113 2.25782692158653
101 115 4.182025510998054
101 120 6.676527833324509
101 121 0.24470195981494677
101 128 0.6202060858207434
101 129 1.2719376124440305
101 131 0.9445747571051542
101 134 1.3506338618855072
101 136 0.14975135147066743
101 137 1.0192210198820877
101 141 1.3559994943125258
101 142 0.5095248946424294
101 143 1.1365995638404993
101 146 0.2686752211928961
101 147 2.6834329343730308
101 153 1.5767780453411264
101 155 1.329484640904039
101 159 1.2259201428627529
101 160 0.8549257858324569
101 161 2.003639909186908
102 104 0.9374076389315773
102 105 1.4455882423036712
102 106 2.2096583585027694
102 115 0.9185846809167079
102 117 0.5624103716891893
102 120 2.814818579406138
102 127 1.1076024737666998
102 129 0.4937857028837896
102 134 0.3587412335583639
102 137 0.13278414884179707
102 140 1.2129979989501953
102 147 1.8078065472779916
102 153 2.6074268652145713
102 154 0.4156767305113927
102 157 0.32313161766967163
103 109 1.527063575619857
103 112 0.8918518488563961
103 113 0.0600640448135664
103 125 0.7991766151760328
103 129 0.3791415071280312
103 134 0.7187702026433441
103 135 0.4619686426995386
103 154 2.5950035920937906
103 158 0.05113108092008154
104 114 0.2730526088123982
104 117 0.7517058904018746
104 120 0.15821204326969393
104 125 0.48066828617026014
104 128 0.8046629977003734
104 137 0.7827247485419779
104 141 0.12518969861365267
104 145 0.9153744711324971
104 147 1.536812909678597
104 149 3.243622526293002
104 152 0.128106875441359
104 158 0.9493462601251108
105 108 4.587939346428069
105 109 2.5580686028288233
105 111 0.005805783807948697
105 127 1.3111253827467926
105 129 1.0178099116372439
105 133 0.35412571846136737
105 135 0.3880171586705634
105 141 3.8715622845488937
105 147 2.48134362384906
105 151 1.8150593347436461
105 154 2.313224463020643
105 157 0.86883814120282
106 107 1.4385025089610584
106 110 1.0924762077644201
106 111 0.49305752093971317
106 115 0.6811949218736788
106 125 0.661743530377182
106 126 0.33177573570944907
106 135 1.5547928177516332
106 138 0.7407816103073867
106 142 2.2258055118796216
106 144 0.12414884412084852
106 145 1.01341261918486
106 146 0.08938184095329911
106 159 1.6978180614508271
106 160 0.015487223489466198
106 161 0.8822769457457283
107 126 5.91142730908312
107 127 0.34056854877684023
107 128 0.030751475911785016
107 134 4.305404880067246
107 142 0.6331091831627147
107 143 4.274705163209817
107 153 5.0811707797674535
107 154 648225.2457738346
108 112 5.340680117610603
108 113 0.01268826615092112
108 115 6.914728903530255
108 125 1.2208845406268445
108 128 0.04847278547396115
108 129 1.5081452058927127
108 134 0.25048819647741766
108 137 0.49791795930375227
108 138 0.33852629342296076
108 139 2.550959543732308
108 140 2.3495283330503183
108 145 0.297013432763857
108 148 0.41161633224921496
108 149 1.0366957594053217
108 151 0.1785080557106914
108 154 2.9709395549762787
108 157 0.4690943579151376
108 161 3.7239877054074713
109 111 0.1893146251736575
109 114 1.209676179330773
109 118 0.17325430748862664
109 121 0.381318829688521
109 131 3.129238411707604
109 134 0.36718441632963417
109 145 0.8547287372491004
109 146 0.25491775156131735
109 149 1.5641247385914696
109 150 0.8744017199711557
109 151 1.0227056550772546
109 153 4.43849488825201
109 154 0.79292749714264
109 161 1.0494091322453005
110 121 0.5134808088065428
110 129 0.18814209722156836
110 132 2.0200424687406464
110 133 21.497460081985675
110 137 0.7932112452232118
110 138 0.7490766532357795
110 142 0.05845536988321279
110 146 4.233567370649576
110 158 0.8336477945014377
110 159 1.747345081674656
110 160 2.191958294331698
111 117 1.0531475975435485
111 118 1.090902997439014
111 130 0.8286296458613465
111 143 1.7768815705614733
111 145 0.31152448866397137
111 158 0.6387166830316466
111 159 2.495584440822545
111 160 1.4966292980259452
112 121 0.2579858002634011
112 127 0.5490621283444598
112 134 2.06566698018483
112 137 8.257930257757732
112 139 0.6277989310912264
112 146 1.020199772940887
112 147 6.093049486631924
112 151 0.11843103205732854
112 153 5.152344439288894
112 154 4.535782582965374
112 157 0.3476954269791727
112 161 0.9911781009422609
113 114 2.843646875813051
113 116 2.396964291477453
113 117 0.5030060050467943
113 118 0.36628673349894947
113 121 0.9759324921422378
113 125 0.8992159067526914
113 126 0.8401427999568243
113 129 1.135224936038982
113 131 0.3263828952061467
113 135 2.606408047565131
113 145 0.2293014330540808
113 146 1.9268518517917856
113 147 0.11614814729049468
113 149 1.150457066596402
113 150 0.627426787951951
113 153 0.005872200524565248
113 156 0.8875451326926853
113 157 1.0609710124011915
113 160 0.45308042344090904
113 161 0.23458200933654846
114 117 3.1565325162677293
114 118 0.5559816647241507
114 122 0.11221504798701312
114 125 0.1867042571237079
114 128 0.06978613727295227
114 129 0.4368547521301931
114 134 0.007526076410423144
114 138 0.5444578492206738
114 139 0.622750209249156
114 141 3.2465766971952665
114 142 0.6431656651489661
114 147 1.9365653339694697
114 148 0.1710276569161814
114 149 0.11636626572786755
114 152 1.9522521221654667
114 154 0.7619355595540858
114 155 0.06306099997092762
114 161 1.733269153774737
115 116 0.09039049612911813
115 118 11.124784765238394
115 125 3.5699295619946843
115 129 2.160031374043951
115 131 1.3200113282192119
115 134 0.6432446940246166
115 139 1.1680715535943789
115 142 0.09566212985188183
115 144 2.2460069752577647
115 150 2.3017559516380386
115 151 0.2170881859324194
115 153 0.6130501319761709
115 154 0.10183936669980843
116 118 0.08978390084131047
116 130 0.12674746822628438
116 131 1.057769969966793
116 134 1.8142696788143908
116 141 0.838030176778694
116 146 0.14885674278289893
116 147 2.763064438510052
116 153 1.7961231891566594
116 154 0.698254133558551
117 119 0.6501492145910766
117 120 10.455740800577914
117 121 0.6789858387207429
117 128 3.674397141435448
117 131 22.12063665045352
117 132 13.318812953761709
117 136 1.4245554213492815
117 137 9.687613417783954
117 141 6.411039145918365
117 142 0.925966354952952
117 149 0.45514597596066786
117 153 2.3082558853659805
117 154 3.620786881113342
117 158 1.8894067572714186
117 159 1.9539200785557063
118 122 8.249456175501155
118 131 51.467870114026525
118 132 50.65739630137968
118 135 17.203829026265982
118 142 1.3150436936283345
118 147 2.2202389929589783
118 151 4.161252310494144
118 154 147083435.79875112
119 133 0.7370992869188787
119 138 2.532674346849301
119 142 0.5602310746576203
119 147 0.4829456673904228
119 156 0.10725649449292393
120 137 9.92318742896215
120 139 0.9972562534977433
121 125 0.9599229426936857
121 129 0.30964196398985033
121 138 0.3152572607630717
121 145 0.243791861428958
121 154 0.2970109028676927
121 157 1.0590333413876336
122 128 0.14560739086779556
122 129 0.6747649783968098
122 133 6.759266908791728
122 135 1.0831134609487518
122 140 0.8502420043768483
122 154 8.782974703791181
122 157 1.0757937697139592
122 159 0.9526744062340625
122 160 3.9210541732637387
123 125 0.38528459460503234
123 126 5.282513711561219
123 147 0.22498155924065277
124 151 0.05876731061580026
124 155 2.1851236050746334
125 126 1.8035765741669594
125 129 2.347909526529722
125 130 1.994222179929338
125 143 0.9947367165315105
125 144 0.6219459359291298
125 149 0.9493213588753122
125 150 0.109627859627954
125 151 0.8831152999230946
125 152 3.0449936857825457
125 153 1.3118077972513373
125 158 0.08171942709847133
126 129 0.463645256039927
126 133 0.04810621996658808
126 139 1.6260798198042756
126 149 1.103544175640337
126 152 7.742593279098598
126 156 0.7156633776720525
127 137 0.08299523312795806
127 142 0.7114748704079658
127 151 1.5317886672627616
127 160 0.0227189335379746
128 129 3.3527258598602274
128 134 0.2508025553660842
128 137 1.542664372507951
128 138 3.9148869043032337
128 139 0.855786711908935
128 142 1.6352085723738274
128 145 0.18839986074046114
128 147 0.5595636731681577
128 154 1.7549896229621584
128 161 0.8235986121891369
129 131 0.2292768888053567
129 133 0.9219972319044958
129 134 2.3997241246989485
129 136 0.571642220770146
129 141 0.4216354273484703
129 147 2.2889721071944638
129 149 2.6037827718113373
129 154 1.0929120125184115
129 157 1.1176800259198638
130 137 2.095795405042696
130 145 1.3733161608207107
130 146 0.8068860058104331
131 133 8.394334589516642
131 134 4.1827951190725665
131 135 1.0208985154997254
131 136 4.544270107373419
131 141 1.0460049038701658
131 143 0.738744747687266
131 147 0.3963366946691941
131 153 1.629278497483028
131 154 69.34568278440628
131 157 2.92609573908738
131 158 0.35760324853116765
131 161 5.4663023948922245
132 147 2.7080280438922997
132 153 2.341062736242152
132 161 14.918421066439286
133 134 3.7968363903997653
133 135 7.627433271553708
133 137 261785.78288530488
133 138 1.123270156390882
133 139 1.7290978346454158
133 142 1.9814094882173574
133 148 1.6160433563047873
133 149 1.0280309483145562
133 152 9621825.471438125
133 156 0.9900040510799447
133 159 0.5455375948132353
134 135 0.3766347908596381
134 137 1.0126426232558656
134 139 0.198770654318019
134 145 0.3897245907032727
134 146 0.0344941565179342
134 151 0.6033422068149122
134 155 0.035601856651998574
134 156 0.695726944220931
134 161 0.03816281049247834
135 136 0.4329225374049274
135 144 0.04495301426445287
135 146 0.8493235155400721
135 153 3.0506409236545062
135 154 1.4276057096930357
135 157 1.394129890569719
135 160 1.1157245620982181
136 139 1.242808887568714
136 149 0.678478113001423
136 157 2.564349283821382
137 142 1.3352036865521593
137 143 0.6147633003142254
137 147 0.03376477159915148
137 154 11225251.694813088
137 158 0.2089284478973871
138 141 0.6757837663501497
138 142 0.9696181018185651
138 146 1.226208341923772
138 147 1.3475502246631141
138 151 0.49753784925201244
138 152 2.652350608994118
138 156 0.0184688770293765
139 143 0.5050574127074836
139 147 1.5173276529372908
139 152 2.1131616374610553
139 157 0.6340005671234976
139 160 0.480240134635099
139 161 1.0520440168254908
140 149 0.22920302020588215
140 157 0.5349688151420473
141 142 0.3230214782932129
141 145 0.7555611767501178
141 146 0.3841738444161318
141 147 2.068630448209376
141 152 1.859063973924169
141 154 3.9729633853828754
141 159 0.7711959687211111
141 161 0.33973630837069885
142 143 0.03706125891001565
142 145 1.061685299104369
142 147 0.6437027340184199
142 149 0.23683580154686754
142 161 0.2574688160128257
143 146 0.5045234499824358
143 154 1.0892759085236856
145 149 0.4499156027395254
145 152 4.590312690191468
145 153 2.4667882410567756
145 154 0.5590833259196996
145 159 0.6095182368179429
145 161 3.9516782234798806
146 147 0.5340782036506204
146 150 0.09222232486294381
146 152 3.186345790651162
146 154 0.23067534226131173
146 158 1.5441014141107692
146 161 2.3872739335877524
147 151 1.1906824107437641
147 154 8.088151125561605
147 157 0.96301138857491
147 160 3.3224587443186575
147 161 1.0854454139103056
148 154 1.426498977198021
149 151 1.3413325092584276
149 153 0.003255775615218423
149 161 0.30009742735286776
150 151 0.6969623369126132
150 158 0.6279182196862758
151 155 0.6314652656011865
151 158 0.3329059871349155
151 161 0.5407707901787226
152 158 0.7963450978458759
152 159 7.532354398114179
152 160 1.382130073019551
152 161 1.7916495920873357
153 157 1.0156645049790187
153 160 0.36662916116781846
153 161 7.8027175214615045
154 157 0.5226390820141819
154 158 0.30739405700865097
154 161 10.03007464653607
158 161 1.5253879464404132
159 160 1.561399599253533
