0 6 0.5867027971302944
0 11 0.47965357468337655
0 14 0.379734272657148
0 15 4.1094111812462595
0 21 0.6293344923901216
0 22 7.104568815049359
0 36 2.1337442648081257
0 40 2.8537661747716743
0 44 0.42452534346356563
0 45 0.34643533566177603
0 46 0.08271416159066752
0 55 1.296008491881196
0 56 0.8578024214674942
0 59 0.46072114852200935
0 61 0.9412233911751993
0 72 1.3498015923126283
0 75 7.455260404344737
0 91 0.9197872729303481
0 108 0.057584033296897603
0 114 0.03948091430844056
0 116 1.4746566714912306
0 122 1.1795928895125036
0 125 0.21163585328785323
0 128 0.7454144485059515
0 133 3.1111806376053104
0 135 0.8298759674852598
0 137 2.613218921002699
0 138 0.7948683349026417
0 141 1.8723254466170653
0 147 2.4328436976610255
0 150 0.00932343928898585
0 152 0.5724865382528045
0 158 0.11579942502047844
0 161 0.8112515613415592
1 6 0.2334221372653186
1 11 0.08490707915880019
1 13 2.6371361053123112
1 14 0.45516600186936296
1 18 0.2428463175765708
1 19 4.0392811905692
1 21 1.8818847116733897
1 30 4.5625407696710525
1 38 1.5883534345298396
1 44 0.8972105294012761
1 50 2.958271376087499
1 52 2.0058848188804324
1 59 1.0849054163410898
1 61 0.9285922388960387
1 64 12.787129802175809
1 65 0.8350984298827235
1 69 0.09683991895060416
1 74 0.6246985484418155
1 75 1.9915803061373858
1 79 1.7677201334365804
1 81 2.4657985744617936
1 88 1.8285409814113276
1 91 0.18388747736615743
1 94 0.2613843032597625
1 98 0.322686420131166
1 102 1.282062464578011
1 107 1.1756024450575981
1 109 0.08102247072683665
1 127 0.2499064747151483
1 130 1.1807002262125679
1 131 4.405569651477169
1 137 0.3796958706524922
1 138 0.49243748635692675
1 141 0.5276470663588205
1 142 0.623586937909005
1 145 0.5427380818845476
1 151 0.8038182643937629
1 153 1.217628002216261
1 157 0.6676420892750254
1 161 1.3377522031823945
2 7 1.5605785596338733
2 21 0.44143530289131233
2 31 10.834708442431277
2 45 1.5293802873407987
2 49 6.155751223994289
2 50 1.1414917120714105
2 51 1.6365555892831947
2 65 0.08587642552765734
2 74 8.890206756800351
2 75 5.3968129706360335
2 77 1.1768893669680833
2 113 1.7141562491051603
2 129 1.1286957461787477
2 133 0.015715576578113517
2 143 1.9656135647136401
2 147 1.165617757734969
2 157 1.325298505405188
3 4 2.7621416858634733
3 8 1.1568316848490974
3 9 0.4920531579370699
3 10 1.7348426806415167
3 17 0.29731369812430203
3 26 0.3158965407399597
3 36 0.8143725139678649
3 38 0.5099713592878811
3 42 0.4706132539979547
3 46 1.1521635837675535
3 52 1.7705612038184153
3 54 2.402900260099689
3 59 1.9744620055148066
3 62 0.9809333473127251
3 68 0.7823501456578406
3 73 0.9218039319442612
3 79 1.2022320757231009
3 80 0.02222003861192378
3 82 2.2887605103371187
3 89 0.6941171131674011
3 94 1.2092313129745849
3 100 0.25118752018995727
3 101 5.325058847672203
3 111 0.21318920971760844
3 113 2.2861242171400145
3 131 2.7370606459660065
3 138 2.4520447700618697
3 151 0.21296022507301146
3 152 0.7141236738017916
3 158 0.7578307851659456
3 160 0.40094828979747366
4 18 1.8557614279558179
4 26 3.142263495735241
4 32 1.7187620246850877
4 34 1.0072517794415445
4 35 1.0729495614934639
4 43 0.03540927176630354
4 44 3.6503772761107065
4 45 0.10647190612076399
4 48 0.7616645465920671
4 49 0.2959821131859525
4 50 1.6784512493572483
4 52 3.5599657904518565
4 61 5.261561571060457
4 62 1.8099260773101487
4 63 0.6348329934343216
4 67 1.9269461651800721
4 68 0.21765089280539743
4 71 1.2992605444871685
4 75 5.906576293809411
4 78 0.5558014223939789
4 81 0.36262404902859807
4 82 1.1246399367993591
4 83 1.4920890104053974
4 84 1.7011277773007336
4 85 2.099281413729058
4 88 2.267931911776026
4 90 3.0056389631475704
4 98 0.26793029030259646
4 103 0.8651729683938962
4 109 0.297433497909864
4 110 2.7954155571272463
4 113 0.31717873430744686
4 118 0.4111029058996845
4 125 1.7509788063987808
4 126 0.428485254611603
4 130 3.8477222840602177
4 132 2.6629759807329405
4 133 4.678324014640815
4 134 1.7276149330412829
4 137 0.28345026070825297
4 145 0.7660094087380352
4 147 4.815255161541874
4 149 0.21004629022179014
4 152 1.4033862951243548
4 154 0.8397758405650135
4 155 2.2193439274652804
4 158 0.04595894108403333
5 6 1.3028429604639735
5 58 1.1469898796846019
5 61 2.6850563490807144
5 67 5.550058555495348
5 68 1.0193326891244203
5 77 1.039136935808039
5 88 0.44124580920327994
5 105 3.9274706197506113
5 108 4.280078869985497
5 115 0.13758366862602497
5 135 2.001466287843689
5 138 2.23655281937348
5 142 0.4651048637655182
6 7 0.09714766304893578
6 10 1.7025337789228743
6 14 0.6319172112729817
6 16 0.29996049307918243
6 17 1.4167416523183003
6 29 0.8633664394793201
6 30 0.5496021059984546
6 34 0.9329330951989443
6 37 0.04925059278138912
6 38 0.33196311235796466
6 40 0.8493463756141633
6 44 0.4514202709450657
6 49 1.0036799916642032
6 51 1.0873709839820462
6 52 0.05587064578037382
6 54 1.8110628720359598
6 56 0.07670876734528365
6 60 0.6033308319824691
6 64 2.74390371370499
6 65 1.582500268627949
6 66 0.36362801585945154
6 67 1.573842007760007
6 68 0.6711143509174679
6 71 0.6990123464839705
6 72 0.49979963781464776
6 74 0.12201234131910839
6 76 0.2554671615446125
6 79 2.388215209719936
6 80 0.46834182405639097
6 81 0.8836244070825015
6 84 0.4676393459624292
6 85 1.5859055851845754
6 87 0.1990495062701488
6 89 1.522695425238402
6 90 0.24056090559587548
6 92 0.3335631666846175
6 94 0.9177582873546452
6 99 0.009718077793929506
6 106 0.5740463657754449
6 107 0.0016313968119404353
6 108 1.5337080778822423
6 114 0.6626647238678341
6 121 0.9030729439648607
6 122 0.9173366996512563
6 124 0.3392217710643881
6 130 3.947479011331968
6 132 0.8797009563433731
6 133 0.2457858270073849
6 134 1.9928568843757557
6 135 0.09998352886978248
6 138 0.004260671176728038
6 139 0.16028057849085622
6 142 0.11027282594246829
6 145 0.6133836656392929
6 149 0.7269784247588644
6 152 0.29498652683709686
6 153 0.5520316364339454
6 154 3.353573023763214
6 157 0.24905211267896596
6 158 0.8707396233557554
6 161 1.558279288096847
7 14 1.0374385537974147
7 20 0.4383315199994719
7 21 0.3885956112341261
7 23 0.18177286306061144
7 26 3.156978768762532
7 30 1.2064272448438438
7 31 0.013812996535928719
7 35 0.0026488683820254546
7 39 0.15794451775661147
7 43 1.1590780781180974
7 44 0.5909566017256987
7 46 0.7186331126071259
7 49 1.6433812673417783
7 51 0.00014182647895556532
7 55 0.8873645489102192
7 58 0.4473147517898079
7 63 0.2412371691787392
7 65 0.3159219399526118
7 66 0.7456839896850634
7 70 0.02040222888346741
7 73 1.8331671851364613
7 74 2.091838674916013
7 77 0.05785135407651245
7 80 0.21528703130409663
7 81 0.21891688508264198
7 87 0.15762547099588536
7 94 0.2621880612222889
7 96 1.6587511296032305
7 97 0.009367508414179104
7 98 1.5418925750959471
7 99 0.2223216353212819
7 101 0.8783154629264214
7 104 1.776928343571257
7 105 0.5455359929712006
7 106 0.6540998300199031
7 108 0.450701590585678
7 110 2.3308891863960848
7 112 3.707442966642087
7 114 0.3149882171214654
7 116 0.5960554275407473
7 118 0.44963513834476937
7 119 1.7927527288586242
7 121 0.08789765141872881
7 124 0.3978708074593966
7 126 0.8575697803136568
7 127 0.12027702226330725
7 128 0.7420765934430297
7 129 1.6998129474221506
7 131 0.6594752768796679
7 133 1.7276523228886074
7 134 1.0264308847240664
7 135 0.25011695463962114
7 137 0.06266496506710134
7 141 0.18271302238639925
7 142 0.38209466106146345
7 147 0.07029139017871132
7 153 0.17877693385053284
7 154 1.348553813511829
7 157 1.2241420792818023
8 14 16.25225202625405
8 43 16.19701660033683
8 58 0.49206650436266136
8 97 0.0025586502173287765
8 103 1.0178480708018678
8 113 2.1528196603020566
8 124 0.1158443416040198
8 131 3.839360948008659
8 141 5.263626943898762
8 157 1.702157563605759
9 18 0.034464964716216365
9 19 0.09730201941395165
9 25 2.8637915884982506
9 31 0.6199827994306925
9 37 0.28336885730826566
9 40 0.3019907627093029
9 44 0.7570376072925042
9 45 1.9193347940617436
9 50 2.3748816966308395
9 51 4.046215629995683
9 52 0.8956607247523141
9 54 0.21790598810349396
9 56 0.1297459960044821
9 63 0.5781671479498522
9 64 1.6182198193580692
9 79 3.8330570389990317
9 80 0.9206294404879171
9 84 0.29789581011087224
9 85 7.778005582101759
9 94 2.1177285752548505
9 96 1.9393236182295848
9 98 3.416189190800551
9 100 0.06499359820452576
9 106 12.34950994239767
9 107 0.42619902610220345
9 110 5.565799261298727
9 113 0.7238843031673897
9 125 2.674583313786768
9 128 0.5210413793653751
9 134 0.30876117523257196
9 135 2.482317239626218
9 141 0.3939631306806707
9 142 0.6938971453139285
9 154 0.6538136360882233
9 159 1.9124242459135121
9 160 2.5753222544483227
10 11 0.6584666208430828
10 25 1.3752746117623533
10 30 1.929179505502642
10 31 3.5438752528584305
10 35 1.57481896225372
10 36 4.608534980166886
10 40 1.8181628001657004
10 44 0.7410480074898056
10 45 1.0963932997313606
10 51 1.2288192144308638
10 56 0.7831164924246395
10 60 0.907103401342855
10 62 3.2741901122010053
10 69 1.2744570670761823
10 71 1.2351733053618046
10 73 0.9793043572475493
10 74 1.229138353417762
10 79 3.64779748262416
10 93 2.0760031749178167
10 94 0.3244324318224068
10 96 0.06005945519429033
10 98 0.03198088944995897
10 100 1.5705407641689333
10 102 5.777256004326397
10 105 3.464909976147093
10 112 2.612111713482146
10 114 0.5689283105353637
10 125 0.35846596923998375
10 128 0.5689164549202179
10 134 0.29626466989334693
10 142 0.6459271617896732
10 145 2.5642494667633247
10 146 0.8823440798575277
10 147 0.6535277707496417
10 151 0.5934752462649618
10 154 2.5579234026504167
10 160 0.26321202164513163
10 161 0.2873475206321421
11 14 0.8537430391530808
11 15 1.3860711198424922
11 21 0.43885073596654
11 25 1.003586253210412
11 26 0.08585484912527236
11 35 0.37372070336838753
11 38 1.7632759157538684
11 45 2.3230278031055414
11 50 0.28453526177455857
11 60 0.7950835219261039
11 61 1.3980027020653365
11 62 0.7215271388070508
11 63 1.8604029897511796
11 64 1.4062622317359457
11 65 1.613578911920556
11 66 0.22101403800313252
11 68 2.3098806518809507
11 69 4.29435569531908
11 72 2.427942765969528
11 80 0.24002502513257726
11 87 0.27057285998663494
11 94 1.5941711934387839
11 96 0.2626196615421138
11 97 0.8627762170726303
11 102 2.539349951699919
11 108 2.8070008211559765
11 116 1.410525252455063
11 118 1.4328769737406821
11 120 0.24511772984039976
11 125 1.9863465710117472
11 128 0.5110611497912516
11 129 1.8072940927139582
11 131 2.5905007269049203
11 134 0.40097764124917457
11 137 2.0445826504926448
11 147 0.2724026359533728
11 160 2.9927881459603616
11 161 4.278565770312384
12 14 30.778633260043684
12 21 5.203422727524419
12 43 23.875266080205922
12 58 0.05985766390915464
12 59 3.7944078914571135
12 70 7.387993771805729
12 81 3.444333085831294
12 83 2.9800822677208907
12 84 0.6573232932638391
12 85 24.580306372629938
12 88 5.857455911889281
12 99 2.012164342951911
12 101 0.532591343957285
12 107 12.889591294802003
12 110 3.716570183922711
12 113 0.23087482721806335
12 115 0.8891288998016127
12 120 1.779773061868688
12 133 10.302646491270025
12 134 1.0576381522058693
12 138 0.218702357301249
12 140 0.24223137631491026
12 141 2.444434286296754
12 144 0.4539443312486634
12 146 0.6559924081113373
12 147 3.981180425618686
12 150 0.4740769123354321
12 152 5.3929650995686025
12 153 4.416304701787896
12 154 4.892988355293119
13 18 0.3973240525636512
13 19 0.26252494610928206
13 30 3.1380994861822304
13 51 0.5633594614741698
13 54 1.1088256922103732
13 77 1.4570503865785633
13 82 0.0701376254808098
13 99 0.11350292628031755
13 102 1.6459218478946886
13 115 5.961117313885125
13 131 0.9382846214992254
13 137 0.4670305137538284
13 138 1.3130061342232289
14 20 3.8954986594258814
14 21 3.2985535309227476
14 24 0.8883857048743502
14 26 5146789.585852062
14 30 2.4317480642008746
14 31 562.5645739001465
14 32 0.4136822525198194
14 35 3.3717006841077635
14 37 3.9551651129117613
14 44 1.6803545524180783
14 45 11.83011909597119
14 46 1.304896544291385
14 56 1.1956256235891165
14 64 10255725.505975595
14 65 1.3613311327979007
14 67 149728.0970781954
14 70 0.6294298984027186
14 71 535117.1045394005
14 77 0.6586907325592293
14 84 1.3144284937648454
14 92 0.03888517110575803
14 93 2.2441936128110695
14 103 1.106252168518436
14 106 1.3271416308945538
14 111 4.906511341248019
14 113 2.075411940579749
14 117 0.6122824569017276
14 125 3.773618820085835
14 128 2.6481992251474513
14 130 5.525195253823387
14 131 669.222880644495
14 133 6800949.515725548
14 135 3.776386634563776
14 137 3676560.4739979533
14 139 1.4526542845073587
14 141 0.6867912913633301
14 142 1.2490974765496108
14 152 5490301.31918898
14 160 5.643924852319676
15 21 0.5081099795384585
15 32 2.7807722076658203
15 36 2.678973492153151
15 38 1.2261830247629317
15 45 0.20517779253970217
15 51 2.2518438865281727
15 57 1.060800033683598
15 62 1.0858477752431008
15 68 0.03369864731824617
15 69 0.3938499636897887
15 72 0.0042253351940483635
15 73 0.16983034466296806
15 82 0.7030561402714497
15 90 0.8767057048956126
15 98 0.9042767180403825
15 103 2.3738042405972726
15 106 1.994191228277855
15 113 0.31305030173318155
15 114 1.301677414347272
15 125 0.38240592258541156
15 131 0.007462637284425926
15 133 9.911669442601537
15 134 1.152283739168304
15 138 2.889050003581479
15 148 0.2653465488695009
15 152 0.129097799132672
15 154 11.521751991582507
15 157 0.04133179863241037
15 158 0.5756909372267722
16 35 0.24616070387744624
16 38 1.2822275919758992
16 40 0.07433990035939508
16 57 0.5602776159107871
16 58 0.6968425324209824
16 63 0.1937657420600911
16 69 1.718298672963485
16 73 0.26789966967618767
16 106 1.2987632403800011
16 115 3.071638597987811
16 116 0.9437536553494548
16 129 0.6988394420535955
16 131 1.3713595018639226
16 134 1.1559656449372082
16 152 0.7911552200486663
17 20 0.01543852337163505
17 22 0.254095767530372
17 24 0.07743843359825386
17 32 1.8439270465098845
17 45 1.085474719200584
17 57 0.16393714389539232
17 66 0.5089796403518226
17 68 0.9195514151010917
17 75 0.43258175254810355
17 89 0.5695399963839591
17 90 0.39993580291067576
17 97 0.3910611557636858
17 108 0.07950268571737237
17 109 0.8219936776179726
17 114 0.37480072448609647
17 118 1.0681445066929647
17 119 0.3953949349940749
17 134 0.8128605809560502
17 136 1.6396833584320616
17 138 0.06428407847173244
17 141 0.5315861285706948
17 142 1.3451001784832874
17 161 2.1730520284563135
18 21 0.7463906476134532
18 23 0.06720943535742213
18 26 0.13636931125078086
18 30 0.2466792036344481
18 32 0.2657143108287047
18 40 0.04631735757942289
18 53 0.5937061679687672
18 55 0.41453365766658473
18 56 0.07669070816040535
18 66 2.815108333671827
18 67 2.338716954132662
18 68 0.3605654764976493
18 69 0.7396509102591671
18 72 2.1819555215265076
18 98 1.583531033547128
18 99 3.0403549652688957
18 103 0.1590528925777613
18 106 1.7933297312420315
18 108 0.6812639208956562
18 116 1.9082740428991016
18 118 1.3003807006956438
18 129 0.35886353055905146
18 133 2.821552997524898
18 134 0.20922708799383122
18 137 0.6730464807493453
18 139 0.0040024178246010015
18 141 0.7025097452560387
18 143 0.2901667536615992
18 145 0.39066950076064244
18 146 1.0215251817033129
18 149 0.5065101375886419
18 150 2.286618445340836
18 153 0.05923111338489952
18 157 0.23668245598472737
18 158 0.27646699580367595
19 20 3.180920800901708
19 23 0.2625151956934446
19 24 1.1118716462457845
19 28 0.387506577591376
19 30 0.6550196636380039
19 32 0.5597776826611683
19 35 0.5932793782067911
19 42 0.42736942679969225
19 43 1.0082284032375644
19 49 2.986325721888898
19 51 0.2535398284284754
19 59 0.9276562997695667
19 62 1.0768319407203486
19 65 0.5931945076846067
19 72 3.761115404745504
19 73 0.6529662443907063
19 75 3.454018743445232
19 79 0.9986146318312268
19 80 1.4558615765415996
19 82 0.7554879358054553
19 89 0.18855969116790555
19 94 0.2711024109385712
19 100 0.6266732418727285
19 102 0.057271229463209984
19 105 2.6309766883435066
19 106 0.8820181797626594
19 113 0.04237866722195961
19 122 0.3828128765243491
19 127 0.11031501890317069
19 129 1.2641615607210412
19 134 0.9424135788179101
19 137 0.7405815242762304
19 139 0.09841042221967844
19 141 0.595362980509713
19 146 0.4883921120642493
19 151 0.2685948445201411
19 154 0.6641183461191036
19 156 0.5569354417208028
19 157 1.4031310695875407
19 159 0.3043617746856932
19 161 0.2587796855984973
20 22 0.2788533438762125
20 25 1.0309660168984338
20 29 1.4098620215766045
20 32 2.3720999827899667
20 35 0.18817598838012672
20 40 0.9590257990936175
20 42 1.1032566566052113
20 45 2.4961518459840786
20 49 1.0807120020311238
20 67 4.276737338408795
20 68 0.46788807436884644
20 70 1.2663467483177668
20 72 0.3367006218853832
20 77 0.24579098982149877
20 79 0.07505756262795338
20 93 1.107488708569333
20 97 0.2403455269442968
20 100 0.5179156846687658
20 107 3.136848497452572
20 110 2.9570989133577674
20 112 1.0226730559560966
20 117 1.5983899213715667
20 121 0.113520325669486
20 127 1.8249738747050646
20 137 0.464722283616852
20 142 0.2637235150783769
20 146 0.4134577906610719
20 147 2.4629873689565707
20 160 3.035019319104257
21 22 4.938843326623582
21 23 0.6020622089367075
21 25 0.02247389527464528
21 30 11.171538669369966
21 32 0.23910780274921892
21 34 5.940492044748704
21 35 0.07810427759189094
21 37 3.1932863502915625
21 39 2.051544610719467
21 41 0.5729127741930992
21 42 0.22392574398627477
21 43 2.717416147226085
21 44 0.4971478357623351
21 45 0.8622667455966595
21 47 1.5245802891905205
21 50 4.936981061274328
21 51 7.205709635710033
21 72 4.53996312129704
21 73 0.4344950259412349
21 75 1.1770028049525973
21 81 0.07884747181519453
21 94 0.23961496684189798
21 97 5.841620376358751
21 99 0.008331638734966156
21 101 3.638670081525438
21 103 1.5854182330944313
21 105 0.8622270576488094
21 106 2.8515643158189685
21 107 3.551242440681339
21 108 0.33919530491598154
21 109 1.489808339928318
21 110 3.4922528412361413
21 111 0.43729831910427014
21 112 0.9992625896862798
21 113 0.10474713937635116
21 115 3.776894002940681
21 116 0.5327936863427467
21 120 8.20038734728729
21 125 0.1456000065508515
21 131 1.6050541112080592
21 135 2.032345487679076
21 137 0.18421468999295568
21 138 1.4256169080514118
21 139 0.7781853993039595
21 142 0.7988277151092305
21 145 0.46245883115630165
21 160 9.401149054142836
22 32 3.4173641696246277
22 44 0.9889919122589743
22 56 0.9470175175689993
22 71 36.12464615755303
22 72 1.1953887441868092
22 74 2.0514763773951086
22 75 17.00264594229199
22 85 4.348426712634409
22 87 1.07184247864065
22 90 0.04611405990422418
22 103 0.8763550908426201
22 108 0.5298634743864384
22 109 1.4379919795732985
22 118 37.18201288088785
22 126 1.144466651527178
22 127 0.33548301317476126
22 131 11.454067469318563
22 133 2.80884498897327
22 137 3.15415259150131
22 147 1.8351387194063913
22 149 0.2982035933615964
23 24 0.7684107969820386
23 26 0.7557850214294007
23 30 1.0673453161565356
23 36 1.919576311031705
23 39 0.1706940127709656
23 40 0.8474365285439383
23 49 0.45379569039756523
23 55 2.366450562652968
23 63 4.097807905222955
23 65 1.8735406040758404
23 68 0.9260353430074653
23 73 2.352503613659797
23 80 0.6370485271883183
23 94 0.5893166864428612
23 97 2.1247327752643126
23 99 1.0820620177838254
23 102 0.6231231202030603
23 125 2.2010316369147427
23 128 1.4379520721013586
23 133 7.012872079791167
23 135 0.9067999791467405
23 136 0.08927070577961403
23 145 1.3010152632891117
23 147 0.3339123833111288
23 159 0.563275448360582
24 31 1.6876725713866727
24 32 0.29120241347355574
24 40 0.13666812005977566
24 50 1.1904031039989358
24 60 0.5769530311136466
24 72 0.1690257995640567
24 73 0.43109235371855625
24 75 0.7232018897566587
24 79 0.06690317210762119
24 82 0.04063500076522584
24 83 0.313709223609862
24 85 0.27176651450065076
24 97 0.23565344866832802
24 98 1.9855256606238714
24 101 0.3497430214043792
24 104 0.23002984842497728
24 106 1.2146696476757282
24 107 0.3624874312899778
24 109 0.917467043734757
24 111 1.0055076428347902
24 115 0.15442519480847788
24 120 2.0824396270385304
24 136 0.09284118271932836
24 137 3.5223057042095136
24 145 0.6655486697125271
24 146 0.16781194303042038
24 157 1.789326385344786
24 161 2.2912202585718693
25 26 0.5823326364616717
25 28 0.765647105295325
25 36 0.9236222532622597
25 38 1.6952418774733422
25 40 0.030465124299438588
25 43 0.23197624101825864
25 45 2.403218891865252
25 49 0.6040391627134594
25 52 4.278176967620938
25 55 0.20519906370264404
25 56 0.015550169796288805
25 61 0.4698570325300499
25 63 0.7266964196040371
25 65 0.051571068341094935
25 66 0.2867657337863584
25 69 1.0040913566430103
25 73 1.0798789933283488
25 74 0.7343555288398192
25 84 1.3723313319210517
25 87 0.9165763308726788
25 111 0.3869708607064059
25 113 1.0037012978563875
25 134 1.208357299929917
25 138 0.6784476216984852
25 147 0.09373438952045342
25 149 1.2219413940277994
25 152 1.9162382797547306
25 154 0.49946247444174086
26 30 5.712280030028039
26 33 1.013447299679865
26 34 12.075569167325812
26 40 9.741573555032362
26 43 8.827409400602104
26 44 0.42274858083200717
26 46 0.11306813356027397
26 52 4.2961370884054215
26 55 9.396641382488436
26 56 13.260235165929808
26 57 2.4102621193190745
26 60 4.372095299640435
26 61 2.375634601022462
26 63 0.9628351691406075
26 64 12806590.16747588
26 65 0.39533086295167574
26 67 2184578.5134933246
26 68 0.9480725755743247
26 69 2.215306668185965
26 70 0.04544668510906548
26 73 0.7517697711747198
26 79 1.3679590227057559
26 80 0.2530377783485896
26 85 143.9373574383746
26 97 0.5028663661218798
26 99 0.8127409795048477
26 100 0.809369051831287
26 101 0.10805258073653931
26 106 2.2031404457179
26 108 5.777373364438415
26 112 0.6068805352659875
26 113 6.480817646334801
26 118 13543620.758649413
26 134 0.06994918402681678
26 137 7539132.9830738185
26 138 5.218749029279142
26 139 0.0159331451895318
26 143 1.9219773481595717
26 149 0.27525237890731863
26 153 0.03374915491413151
26 154 3750561.3173170066
26 157 3.3272653826717526
26 158 0.9786015198701309
27 31 2.7126857210244726
27 65 0.3417270985514546
27 69 0.16303635987567092
27 72 2.4363328595420457
27 100 0.08828278057681359
27 101 0.7283671552030035
27 108 0.9317837944605
27 129 0.622006973308371
27 143 0.051347582573856985
27 151 1.2311707307961168
28 31 26.493271240668868
28 36 8.936351761188583
28 65 1.3822639132017356
28 94 0.7145932872609733
28 102 9.197803377582048
28 103 1.7137949241104333
28 107 8.86068258845363
28 129 5.310094660215586
28 138 1.0078453951015292
28 141 1.2041448518193327
28 157 0.17962835777647723
28 159 1.036432635931814
29 32 1.5501807985442417
29 49 1.3121687337733774
29 51 17.242148352093324
29 52 1.9087305356023359
29 65 2.5039492727029886
29 66 0.08209617540601286
29 68 2.273556038446808
29 79 0.043792397433179975
29 87 0.5503382380283675
29 96 0.531106861180386
29 103 0.48949808205166695
29 107 1.6087440059399454
29 108 0.6392577901212666
29 110 1.5911897300444147
29 117 12.02344002525215
30 31 0.41608342083544014
30 32 3.740199698744414
30 36 2.066140682973551
30 38 1.9792216826288507
30 41 0.46589233914335404
30 44 1.9867777339590829
30 45 0.5933292891120677
30 46 0.13976270827542941
30 51 1.9775883947470096
30 58 1.0554728060771077
30 67 1.0757800909564348
30 70 1.1431866232031325
30 72 8.891075440820927
30 74 0.31627794300913054
30 77 3.5173132445764868
30 79 2.8947981444440893
30 80 0.02885333909665024
30 84 2.6310011610762305
30 91 0.6888902444850632
30 98 0.39127353225359934
30 100 0.02628504410675212
30 112 2.0706430699818057
30 114 1.0567005864575112
30 116 5.642812343516901
30 117 5.150056201844984
30 125 1.927534593305505
30 128 0.9756459242929557
30 129 2.2482727416154917
30 131 5.08980198478002
30 133 1.8660137051243033
30 134 2.4179626886587835
30 135 3.0939782362735215
30 137 3.326063789343856
30 140 0.580748302633512
30 141 0.021553873780576084
30 143 0.4608033879274654
30 145 1.307695410703268
30 147 2.559756135949151
30 148 2.2417131328956605
30 153 0.19292090557854905
30 157 0.9783066562492246
31 32 3.6791986681435613
31 35 0.7350584958200168
31 40 13.413082894852302
31 42 0.7340238007050102
31 44 0.7030855003473884
31 51 54.4440356351587
31 52 1.3418663665566177
31 55 0.5971304706089214
31 60 1.354715765520501
31 61 0.24666957533472214
31 64 238.00494860149107
31 66 3.0865269527508534
31 68 0.22604034018689548
31 74 786.5681183339021
31 75 15.831994101779927
31 82 0.8640036854984195
31 88 0.834610148440091
31 91 0.3188693695814374
31 93 3.7410736033816696
31 97 12.719419821520772
31 99 5.0902307567557425
31 101 2.9569657309248307
31 105 11.665432493441088
31 106 2.453814871545083
31 109 0.7699603638089468
31 117 48.22685108004709
31 125 1.2560316361830817
31 128 1.0284051428751464
31 136 0.8722752647710951
31 142 3.546850135062662
31 146 3.477860915779714
31 149 0.6627364288590335
31 150 3.442367787034759
31 153 1.7131741048174927
31 154 71.77594589614043
31 160 2.699973951552341
31 161 6.362311601285866
32 36 0.25035692454641345
32 38 0.09005507630483876
32 46 0.6387508248426778
32 53 1.5562724287381748
32 54 2.4175154561353427
32 57 2.3152133003637654
32 61 1.9600920878808474
32 66 0.7573449893089882
32 68 0.05980511809108351
32 71 0.3658683174185022
32 79 0.1598871465429164
32 80 1.001084366652231
32 83 0.4192124725832408
32 88 8.143916106607668
32 96 0.47752484102877374
32 101 1.6948268035445944
32 102 0.7102763709596137
32 104 0.24021226222459635
32 105 1.184378425126668
32 106 0.4193458446509649
32 109 0.1180872566246546
32 112 1.9185038781168409
32 114 0.22236501196179032
32 115 0.1377374690271485
32 125 0.4502133486517667
32 126 1.467088999281864
32 128 0.35031384566114077
32 131 1.585040601679614
32 133 13.51995645053414
32 134 1.8861809885536664
32 137 5.240973712867542
32 142 2.5133055764307026
32 152 3.523504537060139
32 154 2.8248314754913926
32 157 0.6342336535092538
32 159 0.9325969171466255
33 40 1.7975403192187773
33 48 0.45816364507621854
33 51 1.3108936593004101
33 54 0.5824604869218177
33 66 1.5966629331437239
33 101 0.5697828639897421
33 117 1.4645834886641247
33 129 0.1650320332044635
33 132 4.653677526494861
33 141 0.24030890095312646
33 150 0.9263315405783847
33 151 0.019667531336588908
33 158 3.0472308262061727
33 159 0.028352762772267524
34 35 1.6484067203502015
34 43 3.3067690613317104
34 62 1.7070802389213897
34 63 1.0006776575850707
34 75 1.2086284549063786
34 79 0.0802709931429418
34 84 0.7206523801344322
34 94 0.7678317607215489
34 100 1.0025740802565934
34 102 5.472701761589208
34 105 1.720958823954064
34 108 0.5280820074738212
34 109 2.111954919749299
34 111 2.133849650266338
34 115 0.45449245745551137
34 116 1.056874623849469
34 117 3.2041401873542807
34 118 6.612262428019016
34 138 2.7418418327444773
34 144 1.0333519205000283
34 145 2.7449677978774636
34 149 1.3620159879727096
35 37 2.0090480016332006
35 38 1.3038271841514706
35 42 1.5739018171217456
35 46 0.10524262186084701
35 49 1.6504103646310748
35 53 0.9179895996652522
35 54 6.751760319680318
35 55 2.6560691883889374
35 56 5.459753335186949
35 57 0.6540530363693787
35 59 1.614403592893966
35 63 1.727555668387136
35 65 1.1380334563473478
35 70 0.5034407351095548
35 73 0.5175326187228841
35 74 0.6005945187796197
35 81 1.623115341412373
35 84 1.0475332766109897
35 85 1.8045111579174078
35 89 1.3284671897552214
35 90 1.0383413002220088
35 93 3.1633870757498905
35 99 1.3603720300975217
35 102 0.45880142502833393
35 104 0.42636824463628153
35 106 1.6218731021375166
35 107 0.05787344909322011
35 112 1.7045315360072992
35 114 1.9022926160476004
35 115 0.4709002728654193
35 116 0.41173725570583697
35 121 2.4901174234968524
35 126 0.4233009958493527
35 127 0.06885600477416602
35 129 0.8318382837158872
35 131 0.18187285229090053
35 132 4.106958026134729
35 133 2.466537364260403
35 134 1.005768158292693
35 135 0.32100449950567844
35 137 1.37196076443894
35 141 0.12609352594330034
35 146 2.579232386523553
35 148 0.8208678332294075
35 158 0.6742679377754908
36 45 1.2174638338433952
36 46 2.2233131477885077
36 49 1.3794077088154613
36 53 1.8213373824171764
36 56 12.990046744897288
36 59 3.3084624738507373
36 61 2.1277618671179535
36 63 1.1607984987099116
36 66 0.27351597213242745
36 72 10.857479633192245
36 76 3.1692262380734753
36 78 2.2963432333539533
36 86 0.5459832039156872
36 90 2.2369125817552256
36 93 0.5254893427441871
36 98 2.3826710586113
36 101 4.996666066248012
36 106 1.0779890392842422
36 110 3.3883334059073467
36 113 2.69406472914869
36 114 4.5278511253972775
36 115 9.67097721602735
36 122 4.172041923524827
36 123 2.7512653401466833
36 126 4.325306118535975
36 128 0.3183743647274338
36 129 5.70037935193461
36 134 0.42688085270872617
36 136 0.25723826841094655
36 137 1.1433526809987298
36 139 2.633388771084702
36 142 0.38529371738670654
36 146 1.1902931292818117
36 149 2.2031311021714934
36 151 0.3660250144244995
36 154 2.46014121809775
36 157 0.27427570769200654
36 161 2.676983993362072
37 57 0.7841305539576284
37 65 0.11538490226963377
37 71 1.4379895726263174
37 109 0.736705264660145
37 148 5.013304213616819
37 158 2.5036809569958773
38 41 1.8777312169592544
38 44 0.6759563195454946
38 51 0.2602771333011782
38 66 2.961968409099875
38 69 2.6599290042252264
38 70 0.14259611917076315
38 77 0.20073198706827117
38 78 0.830656388782767
38 83 0.1991632752521871
38 84 2.2472228472908014
38 94 1.6198213382356148
38 102 1.09764916949571
38 106 1.073979248291372
38 112 5.260586340589075
38 114 0.0651059088664838
38 115 1.4786879685163474
38 117 2.1266603096017573
38 125 0.41768703972928967
38 129 3.635798788429787
38 130 1.7628954680469822
38 134 0.23501225852775925
38 141 4.632196445941542
38 147 1.9065501439137358
38 153 1.203569455094689
38 156 0.24239639769688087
39 44 1.5001247963392779
39 45 0.023194185987272575
39 50 0.20671387174300285
39 55 4.912052050129677
39 61 2.960152346958157
39 68 0.11198579156779019
39 69 1.6574327266690276
39 77 1.874944641298241
39 78 0.8760483958254509
39 85 22.53034567521886
39 90 1.008746437689449
39 91 0.22470376487358312
39 94 0.40713825017191824
39 96 2.488519593584202
39 97 0.027884398572087646
39 101 3.1743949045014315
39 105 13.610812500926318
39 124 0.9395836170591578
39 127 3.354630718584014
39 129 0.9791898637734098
39 132 7.745483916799394
39 137 12.268083892230992
39 138 0.6750017601565343
39 139 2.095753472885936
39 140 1.5462984377276459
39 145 0.620484086063831
39 151 0.6860012599431832
39 152 15.673978492345437
39 153 3.438436446998177
39 154 10.118255302898605
39 155 0.12681934378204684
39 158 1.3896268271713916
39 159 0.06051107756631001
40 43 0.41884780364087265
40 44 1.9177513909184871
40 47 4.203780522370761
40 61 0.42515022748247516
40 64 0.6963095139391863
40 65 0.26917590141503184
40 67 0.7252421678116759
40 70 2.936491664689872
40 74 0.11075984063164315
40 80 0.29732353051131716
40 84 0.6078592891288523
40 87 0.2196648147094548
40 91 0.6204307811777482
40 93 4.950606046179107
40 94 0.1047105456575837
40 98 0.6120181388061106
40 99 0.26600383179612147
40 100 0.2747742022209535
40 107 5.827635500150828
40 111 0.030789586793577926
40 113 2.0019149748115583
40 115 0.253425363259997
40 117 6.76146356076241
40 118 0.66845562262174
40 120 1.9874231517391219
40 122 2.509445641846266
40 131 5.546778420681038
40 132 1.9907289770636576
40 133 1.2767933620954128
40 139 1.823783120887247
40 145 0.9492582533023789
40 146 0.664365738454308
40 147 0.26654288448028746
40 148 7.287354995715519
40 152 1.4300083057643338
40 154 1.6387241200882727
40 158 0.3769535002107706
40 159 3.5384474600772
41 52 0.9966811291837391
41 55 0.31809415607373703
41 69 1.961317779833369
41 80 1.1928813114062766
41 88 0.4519467834364753
41 89 0.5892621303131671
41 90 0.20898190858544946
41 114 0.42032036026196823
41 116 0.7510673496396576
41 146 0.6107959967386583
41 154 0.02482941862818036
41 158 0.3489357120555056
42 44 0.45897892890469855
42 61 0.32958790998372645
42 63 0.6021666900358192
42 64 0.16819143398414774
42 67 1.1810485478549155
42 72 1.2794192468765162
42 84 2.9006707551904776
42 85 0.8010803059401765
42 89 0.26340562742076723
42 93 0.10209069460533432
42 97 1.7471321315291781
42 104 0.5101727601401622
42 105 0.4418062494395039
42 107 1.2820145089763553
42 108 0.1405604361165269
42 109 1.6216991544117856
42 112 1.7133691743804138
42 115 0.12278626618602444
42 120 2.5051336032362608
42 121 0.08165472472158974
42 133 0.9362531698591096
42 134 0.18751330373042066
42 139 0.5617695366407948
42 147 1.624534354680135
42 158 1.0322452828461663
42 160 1.2046897177063107
43 47 0.11439780401757249
43 59 0.9210393998817304
43 64 14.723775587031835
43 68 0.19670780949290578
43 73 0.45199026425819966
43 75 12.125750266542083
43 79 1.235217179577012
43 80 2.308115935369558
43 84 1.435894784536329
43 86 3.1636761001020353
43 91 8.6862769045196
43 102 4.068813106308139
43 104 1.6283538411293161
43 105 1.0306601502294082
43 106 1.1326930914166873
43 114 0.8646840733657102
43 115 2.567870138885748
43 124 0.7879520338030299
43 125 1.2349273855584715
43 127 4.072077056749927
43 133 6.201284405813143
43 137 5.340309570745163
43 141 0.4316446056696728
43 143 1.8777759214025136
43 146 4.861879402337533
43 150 2.3019703281438355
43 152 35.04983149422643
43 157 5.18038566552931
43 161 1.4210339878828335
44 45 0.03739648597695202
44 48 1.1429986280495086
44 63 0.8323132915245275
44 64 1.435770492576995
44 70 0.778488113320731
44 73 0.3214644850625928
44 74 0.1754394871633764
44 79 2.208495758935761
44 80 1.4339440471284008
44 84 0.6995083232546369
44 85 1.4601508494771676
44 92 4.9314211277737225
44 94 0.10828464222259782
44 97 1.1656389622426815
44 100 0.376761597270184
44 101 5.39340236319999
44 102 1.0483849686381714
44 105 1.3457461795748524
44 106 0.025680127295255897
44 107 2.184939700429649
44 109 0.19699375585842113
44 110 0.26574037431552244
44 114 0.4154040329815165
44 124 0.2377340158824132
44 129 0.0034192557622919205
44 130 4.730983715822266
44 135 1.1272288212792985
44 136 0.23134690428277
44 137 2.2559735512292107
44 147 1.6077904992280487
44 148 0.1725944155404079
44 154 3.431121353263562
44 161 0.6505196377866735
45 49 0.3799621505851357
45 50 2.8645824281808583
45 51 0.5990357713304629
45 52 0.8824007307928678
45 56 2.1902772684349574
45 58 2.2753727715276053
45 59 0.8241632554953798
45 61 2.0321607193187234
45 63 0.06213532809462228
45 64 0.8117809069909531
45 65 1.0979775673014174
45 71 5.4966819675388985
45 74 0.001870177802644594
45 77 0.5894435970901905
45 79 3.8418690211996567
45 80 0.2876674360074354
45 81 0.4223200041096439
45 84 1.7900292581399453
45 93 0.9022167368156654
45 105 0.20392687086964525
45 113 1.291225321318307
45 114 0.2541339395653359
45 116 0.1246523028493112
45 117 0.3057841224594789
45 121 0.207635068145627
45 124 6.476943639661727
45 125 0.6813217900151549
45 127 1.057299707873199
45 132 0.23771784130613113
45 145 0.23434205276797063
45 157 0.4095309321268648
45 159 1.57170231855831
46 54 0.1943959295217761
46 56 1.4137102144483078
46 58 0.2841977531402007
46 61 1.0693898033295155
46 68 0.4015382750402952
46 70 1.2593939787160697
46 72 0.1874420259428326
46 75 0.13747486829569633
46 78 0.13648874688548995
46 80 1.514836996586734
46 93 0.16116581948371322
46 101 0.81389918669431
46 102 1.9555767368568764
46 108 0.13664920531183528
46 110 2.3227833798407382
46 120 0.8856287407218042
46 121 0.03207697873365228
46 134 0.12977920231503554
46 138 0.7119096652794197
46 142 1.0311564751053628
46 147 0.3924208611491544
46 152 0.31329850391930786
47 53 1.3992125798376691
47 54 0.8520016442253471
47 56 2.3685544801425773
47 57 2.190572757076767
47 65 0.6246601691491065
47 70 0.7240664559875277
47 71 1.5705654724346412
47 72 0.25568115356295423
47 73 1.0435506041640312
47 82 0.1334805630788468
47 90 0.1908711062491819
47 101 1.220001805427137
47 102 2.016219139746657
47 108 0.6140429175766439
47 114 1.3496944680987166
47 133 1.015347259733139
47 139 0.36380404411157846
47 143 0.3615167679174588
47 145 0.37600605412556426
47 156 1.5218422954325375
48 53 0.682838558126123
48 65 0.7455365362874419
48 80 1.6777733020037247
48 90 0.6391219917236947
48 125 1.6733692705555332
48 131 3.134205943240329
48 135 3.633626352638259
48 159 0.1532767247126775
49 50 0.25052573517359755
49 51 4.429641830099232
49 56 4.509536644743406
49 57 0.5947000116168638
49 58 2.2504692011301963
49 59 2.0899789388696544
49 61 0.1450488864775548
49 62 1.0315186052285163
49 67 0.8716217606706599
49 69 4.74238227869852
49 70 1.1703395768957352
49 74 0.6353749205314455
49 75 1.3259471399715583
49 84 1.3938886972519162
49 90 0.4780555630876797
49 93 2.213328797884673
49 97 0.3859916209275082
49 98 0.10214256304333708
49 99 0.3017020998351643
49 102 0.6042505329527009
49 103 0.5424035696635464
49 111 0.5867974709619855
49 112 7.417722400674933
49 114 0.3526554062217889
49 121 0.737371306073765
49 126 0.03449779280503101
49 129 5.282915533650474
49 132 0.139929845931725
49 133 1.0447004738854648
49 138 0.3600724113082454
49 139 0.1549028548423646
49 143 0.9849854292564567
49 146 1.180647897299752
49 147 0.7699980377427006
49 148 2.2669648072227777
49 149 1.207449841936842
49 152 1.3702916110601513
49 153 1.2295988118161223
49 154 1.140286014415275
49 157 1.066021468489408
50 51 0.3479306241291897
50 53 3.6252868099294964
50 54 0.6937011518874524
50 68 1.6900725408633226
50 69 3.915977786211763
50 70 5.486079864462046
50 78 0.30895518987263415
50 93 2.804266087916028
50 94 0.09576692611448323
50 95 1.9721783315721138
50 102 0.2776037919182823
50 106 8.354903461792986
50 107 1.3379205418286333
50 111 0.10734558284571921
50 112 5.410578584848642
50 114 1.1224940331296192
50 115 3.369534048166744
50 123 0.9683924931633109
50 129 0.7151955714839339
50 132 9.684504258337006
50 137 3.849871585056322
50 139 4.617232428748591
50 144 4.475795955666893
50 147 1.8333896213087115
50 151 0.6115088583853042
50 160 3.6285360082305935
50 161 2.859757188144586
51 55 2.0695299903932596
51 57 0.7330476186036978
51 59 0.11780018760029534
51 64 8403980.726377597
51 65 2.7128653313177256
51 68 0.8134938568094688
51 69 7.036817480709837
51 70 4.723757542446692
51 72 82415414.91797897
51 77 1.2527624148452727
51 79 1.321806121458586
51 82 1.9587558291409666
51 83 4.935025484429588
51 85 2.0445862362934473
51 92 0.7692782235828401
51 93 0.40811701448762605
51 96 5.979346758904479
51 97 2.2892019551208445
51 98 1.5830335544468315
51 99 0.08770001229728572
51 105 1.010318294629047
51 106 0.6848815869417096
51 107 551255.8826814981
51 112 16.42576502883547
51 113 1.9734444873730068
51 114 0.509910166303031
51 116 0.30460704421587376
51 118 518773880.9672171
51 119 1.8284126126680784
51 122 4.720446315270825
51 124 2.2937208886824436
51 126 4.374334348046257
51 127 0.18834081740617625
51 131 720.6183111631052
51 132 11.751637710000226
51 133 34058358.22354636
51 134 1.5617081301623736
51 137 12111311.92736475
51 138 7.174286405016234
51 139 0.700220981246999
51 143 0.22532473438174885
51 145 2.8684158651155007
51 147 2.0216514341215652
51 151 0.47228293128903726
51 152 5414449.624656097
51 153 11.885771375776418
51 159 9.821430800393328
51 161 0.9714045686047651
52 57 0.4574853914875556
52 58 0.2973136677676173
52 66 0.2098888512385301
52 67 1.7895419625808633
52 69 0.656820559079727
52 74 6.6383479309045565
52 76 2.1315161686798465
52 79 1.288528694101075
52 89 2.095835283997508
52 94 0.069523893220139
52 96 0.8615396091838252
52 97 0.39510758486002406
52 98 3.9286258433425303
52 102 1.48046704861453
52 113 1.3637475160717545
52 118 19.742077197919308
52 125 3.7920325394389467
52 134 3.163106363328547
52 137 1.9113036101567693
52 146 2.0555013591799254
52 150 1.1931744291920594
52 157 1.1020406975109391
52 159 2.6393519506346705
53 62 0.08653830428879884
53 66 0.9674023501557173
53 67 1.0414836721913627
53 73 0.11535692966833262
53 81 0.03667791661265881
53 96 1.4170852031274694
53 99 5.356516450446481
53 101 0.3842506947640915
53 102 3.376462182988429
53 111 0.20929161528320786
53 127 1.704191688786266
53 129 2.698173639281495
53 137 3.528383417689491
53 143 0.46477219252597296
53 146 0.29933196387037464
54 60 2.2200553172609547
54 69 1.9089358439931552
54 73 0.9685544861094435
54 74 50438759.4202966
54 75 4.491389345163842
54 79 0.03950321143273226
54 80 0.06428134408039274
54 88 54.44803609761864
54 90 0.19930725811049654
54 96 1.5537822548115197
54 97 1.219737567630175
54 98 9.329570251045164
54 100 0.09057643381040777
54 102 2.11225633034878
54 104 1.504737203790378
54 106 7.2986205641263835
54 115 1.3380782411828236
54 116 0.6005548570755951
54 125 2.0290865425320885
54 126 0.014337789613343262
54 128 1.5093042804225847
54 132 1.9505331468382432
54 133 31364933.85915587
54 134 0.03665606105396512
54 137 19770696.575705968
54 138 0.03075614755679326
54 141 3.221124298788643
54 142 0.09298259985068517
54 151 0.5897911394400559
54 152 2920920.3301130943
54 157 1.5161075802676363
55 58 2.4898318508232666
55 62 2.219888703561013
55 63 1.2285971515774001
55 67 1.8449178509122124
55 68 1.1900720952775592
55 75 1.2823644700376693
55 80 0.1271353025632871
55 89 1.870673657847864
55 97 1.96759759782043
55 102 5.084955555205585
55 103 1.321727988295339
55 105 3.0640870026649276
55 106 0.9692357126819766
55 113 0.21655653669030858
55 115 1.7564992829720727
55 118 0.14248391847025038
55 125 0.9163338943878618
55 128 0.9618088306715409
55 138 0.747578552006964
55 141 0.7545205966646371
55 142 0.2755595638542604
55 146 0.8978123705335567
55 152 1.9100911923901378
55 153 1.7194097573877634
55 154 4.788920622483934
55 157 1.3972901884679385
55 159 2.043457074428715
56 57 1.6489581700744584
56 62 2.260612102406682
56 64 17.383142211436102
56 66 4.4262639646217705
56 67 3.819788381362043
56 68 0.919762583175495
56 70 0.8126231311721723
56 71 3.7828041559005574
56 72 16.94026968860645
56 73 0.0602228443446915
56 74 16.739464879349313
56 77 0.6538433637643128
56 83 1.251141377527488
56 85 3.15817286751045
56 87 0.1393601219180949
56 90 0.20686027308921257
56 94 1.532930084505456
56 97 3.2348222392429804
56 98 1.84690694078685
56 101 0.13772890277766883
56 104 1.3090807060932537
56 107 7.991907747547012
56 113 0.5231938104743258
56 114 0.04233061438640877
56 123 0.23419356765448812
56 126 1.3077532183784382
56 132 1.3582162780808464
56 135 0.8557727918301219
56 138 3.280314471883627
56 142 0.7196052087791089
56 145 0.3349112764815386
56 146 0.9031786799062472
56 154 0.9069252620623887
56 157 0.14736025401551875
57 64 1.3697033569304344
57 70 0.6782525033015762
57 91 1.241196519690226
57 92 0.6808435513752533
57 102 2.176465327416069
57 111 0.6778980042427486
57 115 0.9679865289664634
57 118 0.38908417209498536
57 133 1.1804312896851028
57 141 0.9454556057577189
57 142 1.3040245961175245
57 151 0.9215178032825555
57 154 3.0874935001082204
57 157 4.054579909080567
58 63 4.374608008853206
58 65 0.9370852966638064
58 66 0.045531732790689214
58 70 0.7182456626022734
58 72 7.260865711277607
58 73 1.443969690840576
58 74 0.8531813829996406
58 75 3.948447593008762
58 77 4.175341431187987
58 82 1.4784483591882494
58 87 0.16475776546011706
58 89 0.03279688897375219
58 97 0.008144368651839741
58 99 0.1270480056445073
58 105 0.7999644467639001
58 106 3.9976457582030918
58 108 0.7675288077122033
58 114 2.97445237670076
58 125 1.2314095203733868
58 128 0.3864000069112317
58 129 1.9418449174712136
58 131 1.7218424164565245
58 134 0.6257416780891147
58 143 1.8079120477665316
58 145 0.004932567794694737
58 146 2.7087796525097763
58 147 2.1525736969178473
58 152 2.690622918018082
58 160 1.1928257303180958
59 61 0.024803596085214315
59 63 0.047945366929467485
59 65 0.2262279323132336
59 80 1.39731876538903
59 94 1.4112747254814344
59 96 2.2875253008303695
59 103 0.018667775019013722
59 108 0.6017664630505097
59 114 1.7666381699498925
59 116 0.007801939296821863
59 117 4.0735742899493435
59 120 0.6093167103925681
59 126 0.973923479970923
59 130 1.2138294197554589
59 134 0.26480108724834406
59 143 0.9589002221272943
59 153 1.3755697582129676
60 70 0.15988794764594574
60 81 0.5862224224197568
60 84 4.700909978736521
60 105 7.922002191441539
60 108 0.5444760977855455
60 126 0.009645575463200155
60 132 11.540678089224986
60 137 0.8559052263948506
60 154 4.437138760207886
61 67 1.5824738717386668
61 74 2.403116313116784
61 75 0.15541551980488524
61 77 2.8308337483835566
61 80 0.5960227953003738
61 87 0.16739266999382063
61 95 0.5791839897368107
61 99 2.8035331625059183
61 108 0.9769984520998624
61 111 2.4975910688522713
61 112 0.005982948601231772
61 125 1.342220400279549
61 131 1.4707326900182396
61 135 3.838678914033453
61 151 0.571569729983973
61 159 2.5478703069382616
61 160 3.240036706143335
62 64 0.706774866492513
62 65 0.46510737464971014
62 66 0.40270234421120493
62 72 1.3286182202001942
62 73 0.11383353546409974
62 74 5.861170104438872
62 89 0.1490449909646548
62 91 0.5822713245161376
62 93 0.8743814061061562
62 94 0.37655868913185
62 104 0.7053541427878748
62 110 0.013535574390243957
62 111 0.097674350054011
62 112 0.5911056439214564
62 115 1.344239988536221
62 122 2.4289736681755483
62 128 0.6819352678014414
62 145 0.8390479971025964
62 147 2.140841897386616
62 157 0.5605294495431735
63 66 2.471115058442006
63 67 11.004094851388166
63 70 0.3075007562552201
63 73 1.1268714390169225
63 74 0.21532679192864207
63 79 0.8577788114313051
63 82 0.3783748252061356
63 85 0.5394364034958002
63 88 2.785282055481522
63 92 0.5718652007722564
63 94 0.025824251668410098
63 96 4.463677389932288
63 101 1.8441470069649708
63 104 0.802796095075657
63 106 0.5042342429021377
63 108 0.28843653572895794
63 109 0.057019723878935516
63 111 0.12418046999738656
63 112 0.2069533903084854
63 114 1.4245364288297073
63 120 0.6363298380758285
63 125 2.2502852951710945
63 126 1.824392723533979
63 127 0.8053343641626736
63 132 1.23791803805332
63 142 0.1439529067464274
63 148 2.766344552741856
63 151 0.30888787870693285
63 153 2.7589614516795624
63 155 2.0482533745639375
63 156 1.2002406563949353
63 157 1.4399973728378916
63 161 0.6949282959321684
64 65 1.0131830299438496
64 66 0.9933657472421811
64 68 1.4981855421044776
64 73 0.5476438117014499
64 74 12636140.56503418
64 77 0.31591675013793824
64 80 2.5463867124664668
64 89 1.3658117235212879
64 91 0.06817059187234792
64 101 0.7390167627666985
64 102 0.80719509257255
64 103 2.445204427673427
64 106 0.3348452366358555
64 107 426873.09492239193
64 108 1.863587186088185
64 109 0.48204665289103593
64 112 5.479665401070761
64 113 2.436871178123174
64 116 2.4053529493402404
64 117 53.84562092243568
64 125 10.038386504893788
64 127 0.2779032141555501
64 130 3.1415233240856724
64 134 3.773249070043949
64 135 0.17025344771718626
64 138 2.6772258044033257
64 143 0.004000894817847104
64 144 0.9426408280554742
64 146 0.3884908554741545
64 147 9.84119703558569
64 152 880645.0459804671
64 154 8291306.80947112
64 160 0.9540605026899008
64 161 0.39076419519212335
65 69 0.7596609848703512
65 70 1.820490142627149
65 71 1.6323204407715075
65 80 0.5690554041728717
65 81 0.09158465462192474
65 84 0.24776822249079575
65 85 2.9870956462310985
65 90 0.651136987353786
65 91 1.9311875924688697
65 94 0.021955660220454084
65 97 0.5795161396846619
65 98 1.097147939495261
65 102 1.74932597948459
65 108 1.013033153503032
65 111 0.32903650236598964
65 112 0.4196440854111939
65 114 0.30187853365652434
65 117 1.1290857829280179
65 131 0.036595189966876863
65 134 0.6618348764540403
65 136 1.249220971126155
65 139 0.6678823048683915
65 141 0.022254531162728276
65 145 0.3464247102471574
65 147 0.18311638089607318
65 157 1.594790410319006
66 67 4.112894583632472
66 69 1.6107693294346712
66 73 0.42148873628733136
66 74 3.8726607337932197
66 77 2.9174633998746877
66 84 9.429456690445905
66 89 2.087332486537157
66 92 0.3861221369542049
66 94 1.584270007963321
66 96 3.4668337624199426
66 97 1.4641001831763951
66 98 2.121866596538428
66 102 1.5264732795534088
66 106 7.30858688010398
66 107 3.5967746525986017
66 114 0.20240286990813935
66 115 1.1659446727006737
66 118 3.190890201049526
66 119 0.9197950230737741
66 126 1.185654977101862
66 129 3.5301123193213715
66 135 0.8656413834700959
66 136 0.7505198087970307
66 138 0.24319963621463053
66 147 0.18634437403122225
66 151 3.1187067451713495
66 152 1.5433900779224459
66 154 1.7222158314277214
66 158 1.8150345602584739
67 69 0.7696935305696715
67 72 1954011.0555322294
67 75 2.0855318401413636
67 77 0.4481330933957626
67 88 23.952603285886518
67 89 4.8065765662779265
67 93 5.23690152549422
67 94 0.9901977492065637
67 97 0.9547552972278177
67 105 0.07114336592260331
67 106 1.8008698895071995
67 108 0.8332059797848684
67 111 3.369442603420631
67 112 7.8635899540991705
67 114 2.4669851522587956
67 117 50.50663047581454
67 122 4.718603006398206
67 125 0.6323143293631432
67 127 0.639885886569745
67 128 0.04308517353511114
67 129 2.510884354070411
67 131 252.9037005235913
67 133 52716.73077690917
67 137 1647705.669486305
67 147 3.2948243834370072
67 149 0.16020590167736934
67 152 1137463.0897822652
67 155 2.398765903344311
67 159 3.572437119030267
67 160 1.3317902536917254
68 72 0.4505296990519425
68 74 1.6046061775901677
68 80 1.770847153911099
68 84 0.02185066591693625
68 87 0.5850352197785647
68 91 0.11177805803543994
68 93 0.3784154661845224
68 97 0.511003149763715
68 105 0.21825712094784505
68 112 1.0120675478016523
68 113 0.49559104935523585
68 122 0.013954288334329126
68 127 0.3614269185127513
68 130 0.4817124438474987
68 133 0.24110918590353034
68 134 0.6951119955492931
68 135 0.4572764325080977
68 137 2.4793240547767943
68 138 3.146984163814794
68 139 1.701009141242081
68 141 1.3551894003908742
68 142 0.38422814892113294
68 146 0.5748261343261507
68 147 1.018098326079687
68 151 0.2401234157580696
68 153 0.6588616692806896
68 157 0.016088981076844998
68 158 0.04968356189804443
69 71 2.818245128262164
69 73 0.14386828895001627
69 74 0.29251745484965347
69 77 0.09189064955656394
69 79 9.563620519409925
69 83 2.2170146007972633
69 84 0.5989824405468892
69 85 1.2161975487500523
69 88 0.5533223840485672
69 92 0.9113669428431164
69 94 1.7664773026908946
69 102 1.1945553754239595
69 114 0.13713022630016283
69 115 0.037089377670926287
69 116 0.7896870547324403
69 118 2.2100078001614443
69 120 0.7696177404427733
69 126 0.1607564176438666
69 127 0.9196047561212078
69 131 0.34103356232918614
69 134 0.6366457518900857
69 137 2.015140579062365
69 142 1.8017436482439166
69 143 1.240080144780002
69 147 2.666401972269813
69 157 5.55080203607166
70 74 0.8739250567178429
70 77 0.10205221034232627
70 79 2.7473223514997445
70 80 1.4377874879240158
70 85 1.5778243118680628
70 88 0.6158671643082586
70 89 0.2151992726810416
70 91 1.7108499178212337
70 96 2.447686596123253
70 97 0.39124825519507894
70 98 2.1489433906149706
70 100 0.028555588965540658
70 102 0.5435791966479139
70 106 0.9124242873642533
70 107 0.5273612598164287
70 111 0.7759203186196789
70 116 0.6234041530152542
70 117 2.3843108248611746
70 122 0.07937344040313837
70 125 0.7152856367539858
70 126 0.3150322988019108
70 130 2.03185478477997
70 131 1.2096016644130698
70 133 8.284962044129278
70 134 2.104410241977099
70 136 0.4788638669111644
70 137 2.7914166867546535
70 138 0.018863070042340044
70 139 0.9422045618429089
70 140 2.0683139264570736
70 142 1.4417494994928364
70 151 1.047798612666365
70 152 5.987217471583742
70 153 0.4640064176765634
70 155 0.41973304389247634
70 159 0.025780463896368493
70 160 0.7209905458675203
71 78 3.120088157309776
71 79 2.2012728689686125
71 87 3.6015625124308235
71 88 0.4481123370563644
71 89 2.2602609000951155
71 101 1.3628975844772424
71 102 2.338295684267053
71 106 0.09241251081676216
71 108 5.362846571333961
71 109 0.10085950033333649
71 110 10.378145370758284
71 113 8.479386611604538
71 114 0.9529265028908378
71 118 13696515.0096939
71 121 1.0171221581070193
71 122 15.534779265145609
71 128 4.18210528147426
71 129 0.8115668229479006
71 131 386.2879738697019
71 133 10332036.479946958
71 135 0.6073078686957942
71 142 1.0745532873933001
71 143 0.3938500892866954
71 146 2.2508685622523643
71 147 2.1451222813788875
71 150 0.7463502326638269
71 153 8.71955534332196
71 154 14176551.912067046
71 156 0.0053694546680398605
71 157 0.6555718942053287
72 73 0.056450490400079885
72 77 0.11173914023135317
72 87 0.6304996543785999
72 88 21.66731667205223
72 98 1.1890894652888453
72 100 1.440748241368314
72 105 10.108922465120182
72 106 0.7026847173083733
72 114 0.5058942143391841
72 115 8.486123888524421
72 118 24206269.19937782
72 124 2.863362482180234
72 125 4.657672865047502
72 131 87.43403064544752
72 135 3.263475861607084
72 141 6.512987021352593
72 147 7.1788813284505855
72 150 1.936292046391284
72 152 13109096.835548133
72 153 1.29134623196251
72 154 149464315.25677365
72 156 1.1581570907018603
72 158 1.2996326548430017
72 159 4.709240881978808
72 161 2.5069739363830137
73 77 1.6524681838798099
73 82 0.11516843386318869
73 84 0.5177023841422016
73 90 0.622747067268481
73 91 0.5596512364801174
73 93 1.0946181590341526
73 94 2.137656184666394
73 96 0.24954460473406756
73 97 1.4919897609853459
73 101 1.6623392937628554
73 103 0.5791833337944021
73 106 1.247499190477904
73 107 2.225417923090338
73 108 1.1121101552863133
73 109 0.5686271752988495
73 112 0.22084633666650727
73 115 0.720943763317944
73 121 0.15849679529798621
73 125 0.01906883554800207
73 126 0.6805128407749339
73 130 1.0659642188903649
73 139 0.22344941143320649
73 144 1.8712712819089612
73 145 1.0005559490551217
73 154 1.009503008758263
74 75 6.882092337980668
74 77 0.9922639359402621
74 79 14.936240748520829
74 84 5.944877135214349
74 87 1.3012257437514578
74 90 1.123696622378567
74 94 0.002527828693887669
74 98 4.454570340091321
74 104 1.1444465062858296
74 105 4.247662704216227
74 112 1.497659099611289
74 117 21.111898804662978
74 118 81681544.23124796
74 120 1.1238262339348886
74 129 0.3012393797163911
74 132 13.648674470461163
74 133 15504556.399804167
74 137 373789.50026481977
74 138 1.004943723037486
74 145 0.36694978932485517
74 146 1.0885392102455738
74 149 0.1935436494900431
74 151 0.35924549956214963
74 154 2131907.5374083966
75 77 6.0733274971118725
75 79 9.769695773478034
75 83 0.7836328792725806
75 84 1.1573892150994016
75 87 0.1263017744418782
75 93 1.674748278164907
75 98 10.175477383918526
75 99 1.2646945169366546
75 103 0.775705593123433
75 104 1.5452455168896908
75 108 1.6012448266139379
75 113 1.8371415939843887
75 114 2.1057474348195044
75 115 1.5469543619449677
75 117 8.984509403682967
75 125 16.5971038516115
75 129 3.014511408093142
75 131 7.869492648367662
75 133 6.0963023913407435
75 135 0.7292104711171523
75 137 5.597537841188393
75 139 0.24509522648174714
75 147 2.474370634751305
76 91 0.4948992580220921
76 111 0.44488763826393496
76 131 0.18373880450032226
76 139 0.742472454863461
77 80 0.5696174675319806
77 81 0.34452801620068524
77 83 0.018378483770054316
77 87 1.1585251846140519
77 89 2.8730387297314675
77 93 0.11625285445839015
77 94 0.2738254846181181
77 95 0.35994655809419274
77 100 0.06484504051778935
77 109 1.998966466820818
77 110 0.7663899801575769
77 115 1.297844059804724
77 118 2.8707312262599105
77 127 1.0671232161543338
77 131 0.14994943675091668
77 133 3.499023410232402
77 135 0.21953540015334283
77 136 1.5716779645164567
77 140 2.9904287004439394
77 141 1.4357591233603084
77 143 0.8989544675931778
77 146 1.5959905205981193
77 148 1.3209975109665077
77 151 1.112301601124365
77 152 0.36177669310905813
77 157 0.9013081734289098
77 158 0.06853697346319847
77 161 0.37752895131179387
78 105 0.6484989480285804
78 111 0.36140453101218545
78 113 2.3520410075654055
78 134 0.01396901477062453
78 147 0.677972732730481
79 85 6.166795337642678
79 87 1.711698120702548
79 89 4.1296461255520125
79 91 0.06536441941648387
79 92 0.3312738404759229
79 94 0.10238113909812717
79 97 1.7690114891412103
79 100 1.906628209362262
79 102 2.6078985923013955
79 108 0.2972621533475716
79 109 1.2200042423830921
79 110 6.777394516137957
79 116 1.1724864870395388
79 120 0.24881710968177945
79 124 0.991455347133986
79 125 0.3740751917596378
79 133 5.405697736415619
79 146 0.05759520995354239
79 149 0.2183414999498165
79 154 2.0532303108343504
79 158 1.1681058630632926
79 159 6.718859175434857
80 88 1.6133824820268035
80 90 0.39572635330055567
80 96 3.6679550934643848
80 97 0.22192869646670507
80 101 1.554247352243353
80 104 0.27354196711785145
80 110 0.2578177032948065
80 111 0.44095771035281744
80 112 0.4109307150858617
80 118 7.347631801434363
80 125 1.4536863596184797
80 126 0.1812240176315407
80 129 0.03292396075370304
80 131 2.447043502001893
80 137 2.548961809273526
80 149 0.2927312335981711
80 151 0.716207739229525
80 155 1.3186169972649042
80 157 0.3696335567062739
81 87 0.27862361401852853
81 95 0.5654288216645739
81 149 0.267914610061764
81 157 0.8887706065349404
81 159 0.9832688048443041
82 85 0.5857785867824218
82 87 0.14461221081366105
82 88 0.20704780818955446
82 89 0.4215833207956121
82 94 0.8136011108822268
82 97 0.687049348797078
82 99 0.15335270875291326
82 102 0.0076703152644528585
82 106 0.14690665596713717
82 108 1.1316766537030414
82 109 0.16549894992449796
82 117 1.3755044883404974
82 118 0.020702759033100305
82 125 1.6038260154959223
82 137 3.2003755355576144
82 141 1.4801910701785757
82 143 0.6465563347435105
82 147 5.257325884923802
82 154 1.467960393507629
82 158 0.08006718207655225
82 159 0.20331183772354344
83 89 1.7698197908634687
83 97 3.2072244787616566
83 106 0.37009888467085705
83 115 0.06437622773605507
83 117 1.809280627282303
83 120 0.3903319899253112
83 134 1.0392246486844894
83 135 0.8294369871865753
83 137 3.8089062300230254
83 139 0.541733902031632
83 142 0.4577481285544022
83 150 0.5202390345836182
83 161 2.1522177974047927
84 99 3.72963879248892
84 100 0.3441876332622448
84 104 1.4142855752754608
84 106 1.5485841359083297
84 107 7.017348293978802
84 108 0.29395486461783854
84 109 0.742425219802768
84 113 2.271532119096912
84 115 5.142945999662192
84 118 8.57560285381933
84 121 1.1862568101304534
84 127 1.0821018220643532
84 131 11.276154395054471
84 135 1.1188214627053026
84 138 0.706913145495185
84 141 0.37151727577748966
84 145 0.23131606579572633
84 151 1.05738327805148
84 152 5.763258708019647
84 153 5.58515738830763
84 154 8.366901501746147
84 159 1.9753985367287983
85 95 10.68197973165361
85 96 2.608686470805879
85 102 2.1361308000206565
85 109 3.004346436667209
85 112 0.09020864307042786
85 113 6.391408595383459
85 114 0.27246231879905786
85 121 0.9186961947995065
85 128 2.5152810617966086
85 129 1.545532944070225
85 130 10.321314114815678
85 134 3.716916732366641
85 137 96.54059979410528
85 141 2.1126978387348396
85 145 2.189162508639358
85 151 0.2334601906646798
85 158 0.20382104244982513
85 160 2.3515560653043517
86 87 0.0609044635212713
86 88 2.028333718552946
86 101 0.45284336607650366
86 107 2.1717360395265963
86 114 0.46629542532830726
86 115 0.8519095706623131
86 125 0.838674024466321
86 155 0.10237621701463656
86 158 0.5288311671747071
86 160 4.426040018657243
87 92 1.301510985997003
87 97 1.5654251315154508
87 99 0.15977231922989324
87 101 0.3110503965572893
87 106 0.03766761894471474
87 108 0.17554820297410406
87 112 1.1865431554998938
87 113 0.18857473079159512
87 114 0.00851282289790368
87 143 1.0100348925988898
87 145 0.9237000719461188
87 149 0.783039044859064
87 153 3.1469407216624745
87 155 2.0610882594212607
87 157 0.20770307311091452
87 159 0.456016077591592
87 160 1.1019616550072142
87 161 0.3855486277629031
88 97 5.211326201271749
88 102 0.23126447298502717
88 104 0.7178086362773576
88 111 0.3350927216200019
88 120 1.5464364778221271
88 121 1.032376515109972
88 122 2.0014343103053345
88 138 3.751855789729451
88 139 0.3638476213470638
88 151 1.2954971306577898
89 91 0.9307776112787285
89 94 0.09706766041111176
89 95 7.20536857494296
89 98 2.2792571613860035
89 101 2.0535154148177805
89 102 1.8747414438197216
89 106 0.4428852927948783
89 108 0.5705897970675899
89 113 10.272601971558062
89 114 0.04266713652726074
89 117 4.097164696865689
89 125 0.15860937128566485
89 127 0.22944272828812623
89 131 3.5068631092096973
89 132 0.4390400923555306
89 134 1.8631786296721495
89 135 1.4392496776083317
89 137 6.160152726620702
89 146 2.4089343233102745
89 151 1.906838313330151
89 153 0.6176581306795549
89 161 3.2500400229741166
90 93 0.7105147344530897
90 94 0.24280950368625234
90 97 0.021614818134837045
90 103 0.5021767368320113
90 105 0.6675801555393062
90 113 0.49351344858690543
90 116 0.5738977774346447
90 117 1.4182031404161746
90 131 0.5103339668029077
90 133 2.254892801643853
90 136 0.2958164718116098
90 137 0.06872672844007328
90 143 0.012414122748685322
90 145 1.3618088281905727
90 149 1.2374016511578099
90 151 0.05881368666139317
90 152 1.1765054893633844
91 100 0.14820249413291525
91 101 1.9775765216182428
91 104 1.4932031793088583
91 105 7.137076299783393
91 107 0.028249755307461617
91 108 0.8205781656416669
91 109 0.16600696030566098
91 112 1.6183452008551615
91 113 1.1824676951466404
91 117 0.6727855163727351
91 118 2.196235430481477
91 129 5.1290192799888255
91 131 4.568583375706384
91 134 1.0899223373644336
91 136 0.06669060631844233
91 138 0.13688583061278864
91 146 0.1126526497364086
91 153 0.9868769472847057
91 154 1.7587468706433271
91 157 0.38337211837710383
91 158 0.7192026417249217
92 100 0.6257523082786833
92 102 0.16576018327931147
92 109 0.9527639708436975
92 113 0.1230696129505676
92 115 0.2881231372258609
92 120 1.2541724016289246
92 133 1.8131335182711814
92 138 0.030567333818142188
92 139 0.7558386205641218
92 142 0.32243961015470657
92 147 1.5763654513603425
92 156 0.94129838960358
92 157 0.8753392507530589
93 94 3.3632401098162843
93 99 0.10977222567475249
93 103 0.21629804032395206
93 114 0.8803925877099114
93 126 0.05028709909826808
93 135 4.448524287294513
93 141 0.07724811175135297
93 149 0.06321004794293106
93 154 1.6865689695550865
93 157 1.801091850868068
93 158 0.032463754919174005
93 161 0.17816919914020773
94 96 0.038470783557038854
94 97 0.5943373887669599
94 100 0.27708777601169227
94 101 0.9350838620226944
94 103 0.3193831715305386
94 105 5.96242699965201
94 108 2.2685291456966397
94 111 0.08117782932564323
94 113 2.1816062122136333
94 114 0.31177464376362707
94 116 1.363369047226353
94 118 0.383354777845019
94 125 3.9524078901684905
94 126 1.6228711946844732
94 131 1.9543919020065497
94 133 1.6238083169361899
94 135 0.01609735105968224
94 141 0.7342469650554645
94 142 0.14997700143850876
94 147 0.7537611097706106
94 151 0.016569275730109707
94 152 4.9251584684096334
94 154 3.030829153162568
94 155 0.004579570974996034
94 156 0.6944730228222039
94 158 0.06007552892285461
94 159 0.08112519192920574
95 105 5.755703850783883
95 115 2.2659447552401364
95 133 19.118951186940556
95 136 0.17136254464679423
95 141 4.07157810929707
96 98 1.4693526471484841
96 100 0.2553270009169121
96 101 1.2338411559652667
96 103 0.03965105039425928
96 104 1.0526756987699357
96 105 1.9115934601796891
96 114 1.626005997513761
96 118 5.840171991957741
96 122 5.214889496588025
96 131 5.571069677704063
96 148 0.2764598149441129
96 153 0.39456842911722634
96 161 2.8719498895399758
97 98 0.5047305722111209
97 100 0.48234517268674776
97 101 0.5618507289470296
97 106 1.397849471245137
97 108 1.478343930286005
97 110 1.1813469785336475
97 112 6.923945925316105
97 116 0.14167238716728836
97 121 0.961432263557772
97 124 0.6747098784671933
97 126 3.5802706046928963
97 129 0.48316122282813306
97 131 0.11107890847808284
97 136 0.7952986592593648
97 139 1.1545956609324188
97 143 0.11754993509128245
97 153 0.786961686941103
97 157 0.7348687150110226
97 158 1.808349072209225
97 159 0.78754948878602
98 99 0.20127249580953366
98 101 2.001616941275214
98 102 0.31217374112306806
98 103 1.4086608346021086
98 105 11.26747666838472
98 106 0.7075491039461579
98 113 8.009218270423805
98 117 4.275790960919555
98 124 2.3167607421608025
98 125 1.6121290145664613
98 126 1.3275930939088234
98 132 18.290741635674976
98 141 2.2085194356552003
98 142 0.7140230625535952
98 151 1.0916308865202222
98 159 4.467511401963625
99 100 0.7864669227094171
99 102 0.3085824206198512
99 106 1.8162666403412313
99 115 0.7318491150959334
99 117 7.322857275386217
99 120 5.2789631669351085
99 128 0.22975757848855605
99 137 0.8753263757824212
99 139 1.9104858456160774
99 142 0.7382271819097376
99 143 0.13271229742710905
99 147 0.07261687220170218
99 153 0.32484713317138825
99 159 0.531374644412915
99 160 1.9907691141286608
100 102 0.8440392875962707
100 104 0.5203729376766697
100 105 1.3537660992293876
100 106 0.9883593103796567
100 109 0.44445702329813663
100 110 2.331357065343505
100 111 1.544033509673929
100 116 0.7668570709356252
100 118 0.5392830321999272
100 131 0.2090700617280158
100 133 6.274980350473584
100 142 0.11928413420334402
100 152 2.00767636998393
100 153 3.2805039857554483
101 102 0.6960337962220823
101 103 2.4813205097343105
101 106 0.11210348524860626
101 113 1.5904393489393305
101 114 0.2110247584329105
101 115 4.388696948972616
101 116 1.9328899327198892
101 117 1.886934537116483
101 124 2.5516388901164926
101 126 0.8209082262801971
101 133 4.885758956219185
101 134 0.2562463089336708
101 137 1.6254831337869404
101 150 0.5785563043784168
101 152 5.742844899713669
101 154 7.16511892689826
102 105 2.9579803647251026
102 106 0.9137525082523394
102 107 3.847194314325744
102 113 2.049693982547752
102 114 1.0142562281167022
102 115 2.9479762221349
102 117 0.41574361643354674
102 129 0.7275295125332681
102 130 8.770299465302429
102 134 1.3229962536225186
102 136 1.364890568615435
102 137 1.9466286367201302
102 138 1.5364769920442427
102 142 0.4423813906695764
102 143 0.6942583631854844
102 147 0.18550148119616797
102 154 2.42378282052791
102 156 0.1390249045253754
102 157 0.6953341051198318
102 158 0.6481281218007665
103 105 0.39112947952410904
103 110 0.16288452970709524
103 115 1.8794419062622445
103 124 0.8178738795151803
103 125 0.06742705708991838
103 126 2.8416141833701816
103 128 1.1976407461302934
103 138 0.5998089406714379
103 145 0.6678104221611043
103 153 0.16589324035903316
103 161 1.418902405325548
104 111 0.6822583511224707
104 117 2.046673834040271
104 128 0.4268632416804562
104 143 2.8440022716733897
104 144 1.056246178789868
104 145 0.427873792361283
104 157 0.3331256923133993
104 159 0.11247294215486119
105 106 1.2968512241439003
105 109 1.5502099844623067
105 112 0.11337294004771874
105 114 0.20025197920904952
105 117 8.761261939687493
105 118 4.516552840572228
105 125 2.1295670532307773
105 135 3.96893309946816
105 138 5.081178038375411
105 146 4.825026376480425
105 148 3.878054928428746
105 150 0.229774059461029
105 153 2.100373379587026
105 160 4.104940917433889
106 109 0.25549238499491017
106 112 1.8728726765483092
106 114 0.24662693607481045
106 117 0.2841671303309643
106 118 24.363465121485685
106 120 1.342541094543002
106 125 0.36637247181506205
106 131 7.150929904965524
106 134 2.2091930618807574
106 135 2.276292729482758
106 138 2.5176585612280364
106 142 1.8468068861669333
106 143 0.2357603423165087
106 147 4.111820049736086
106 148 4.121325633446664
106 153 0.437436657762075
106 154 1.7457666430829886
106 157 6.880455231382596
106 158 0.46839179094209316
106 159 0.05527797266676059
107 109 4.389766765155744
107 110 55.38200624149982
107 112 4.04687562470078
107 113 0.9937061097638137
107 115 4.317880743565702
107 118 63130.94634005446
107 125 1.2468444147020372
107 134 0.2731540167556762
107 136 0.4136576361158434
107 147 6.178683624215371
107 152 979075.1460740059
107 156 1.0899710647641883
108 111 0.6949155100706755
108 113 7.836267024040701
108 114 1.8045329507838632
108 116 2.182244934557121
108 117 0.5413042803848954
108 118 3.470986865170794
108 122 0.22456285546472474
108 129 2.0194981989219816
108 135 1.1123059357599971
108 137 5.554270242270397
108 144 2.1426805682071093
108 145 0.23175775370078536
108 146 0.9325696407199052
108 151 0.2419301358450623
108 154 0.3374902029372247
108 159 2.284868412559236
108 160 4.045374831397557
109 110 2.125515277763861
109 112 1.187606476187374
109 113 0.05865242007211249
109 114 1.6584588876737192
109 115 0.9528864679729752
109 116 0.2845481685618289
109 122 1.110047197641212
109 125 0.9950154635537221
109 126 6.01726423165743
109 127 0.6963801192063217
109 130 0.4201185272775633
109 133 1.7409834287525578
109 145 0.48173783863977493
109 148 3.0039594174317386
109 151 0.2559550320828556
109 154 0.42699288861302787
109 158 0.053768765296278984
109 159 1.1209774984045195
109 161 1.7451214335182692
110 114 1.754468585678786
110 147 3.991964632513843
110 152 12.265087447105872
110 154 0.11999010281077059
111 116 0.6708751154753444
111 131 0.016207639143584737
111 136 0.7303208324761971
111 141 0.7864182764231091
111 143 0.12665407680449642
111 147 1.857409072725954
111 150 0.2227300525392327
111 151 0.6723647431672933
111 154 3.433455422745072
111 159 1.0243932333663872
112 115 2.5993134518713727
112 124 1.5808681382292167
112 127 0.5297984255803972
112 128 0.028513443462795555
112 131 16.865161201600856
112 139 0.851580759052177
112 142 1.5781968860011522
112 143 0.7097110122597012
112 146 2.4237477198021056
112 150 0.40226670678274856
112 151 0.9637834971768567
112 154 0.35880040402830155
112 155 2.7768233711346473
112 157 2.3349971363543713
112 158 0.6834649312076362
112 161 1.3909076324444685
113 114 0.06032766876952855
113 126 1.8418971702545814
113 129 0.39464124914029286
113 137 3.51598775316088
113 138 0.46834494522312436
113 139 1.8816966722409534
113 141 2.5391004469621334
113 145 0.2374843119627672
113 146 0.15608210820916693
113 147 1.796432031048052
113 149 1.6833961134260569
113 153 2.595069996276986
113 154 4.0860278518354365
113 155 1.3667285631859534
114 117 3.2951505107313497
114 119 0.25069467391660094
114 120 0.4015937910318585
114 125 1.0474551246637425
114 131 0.3812555501047573
114 133 0.4341982586830909
114 135 0.05283479988818932
114 136 0.5912514048369999
114 137 1.5067697306200516
114 139 0.3084794939263957
114 141 0.09444045945278108
114 145 0.45019435863215335
114 150 0.16805406661526975
114 151 0.2920171536473572
114 152 2.1601196890795538
114 159 0.3336590127647253
115 117 4.00230327164656
115 129 0.7294609197521551
115 133 5.654054172822613
115 135 0.05248946463964671
115 137 4.665708212808226
115 138 0.24871308073552978
115 140 1.7382267344539877
115 147 2.026509624813877
115 157 0.5832084684017885
115 158 1.0667190176237833
115 160 0.7315587398284594
115 161 0.9127085734494876
116 117 1.3028494086159133
116 123 0.7512101665966164
116 124 0.3754967875068828
116 126 0.2893302451253149
116 127 0.12086561869909121
116 129 2.0793257129238873
116 140 0.5688984994304354
116 141 0.8793265215033722
116 144 0.20571549593875632
116 152 2.404011153047402
116 156 1.120636934648291
116 157 1.212000998632264
117 119 0.443213340264858
117 120 14.934504130752341
117 126 6.966284002327634
117 129 0.5312334597882742
117 135 0.6627153823316917
117 139 0.1378385910428063
117 142 0.04165074295087033
117 148 1.123565464420336
117 149 0.16838622546198012
117 154 19.24271863343201
117 158 0.07887331486199599
118 119 0.5865408047732912
118 125 6.87848647223295
118 126 1.6412221947479617
118 133 7338494.029754194
118 135 3.8755225266239623
118 137 9713483.564420603
118 139 2.073136103291012
118 141 5.301159683981285
118 147 2.7567709855741276
118 149 0.8864188308378641
118 150 0.09807654451094414
118 152 1028379.3118937246
118 153 1.3499729675232275
118 154 119058426.27745922
118 157 2.475474873779316
119 129 3.4779698709068745
119 135 2.560456355415811
119 142 0.0004695700010399767
119 145 0.49068513790109825
119 149 1.1111537823227453
119 153 0.8931192796228508
119 156 0.843577326978262
120 125 0.03595010173567823
120 158 2.624681331080226
120 159 3.1840095111532265
121 129 0.43882491143774294
121 141 0.15491549303067564
121 151 0.5013971130066848
122 131 1.4095789246964425
122 151 0.5022353232461958
123 136 1.076578871456692
123 141 2.202896005814915
124 137 5.127880630437522
124 141 0.3866151475114315
124 147 0.3263640552359409
124 161 0.4569427882582252
125 138 0.6155347651788707
125 139 0.49286689411581897
125 142 2.563401683827531
125 144 1.8493365323482596
125 146 0.39346490239872156
125 147 1.5705797837745188
125 149 0.3760699898556616
125 150 0.4001296934309422
125 152 7.501728366016257
125 153 0.9198651262352739
125 154 1.0524593060137195
125 156 1.3582990471913685
125 159 3.6495337215924066
125 160 0.5072505414703711
126 129 1.6082470812811154
126 135 2.2426837406620392
126 139 2.440144373845523
126 141 0.32004528422847756
126 150 1.7827329176320859
126 154 3.030089795109618
126 161 0.048960521397931445
127 158 0.04337172742294411
128 129 0.08362258645875706
128 130 0.9801236755874079
128 131 0.5594758403303042
128 133 0.0031670367603117413
128 142 2.2246434700793087
128 145 0.9457285442967804
128 154 2.6516046543226146
129 132 4.0956205401292305
129 133 0.393627965079117
129 136 0.014289870190860107
129 137 7.864957794401508
129 140 0.37907086323554445
129 142 1.25894682446605
129 143 0.30810152903831095
129 145 0.7390900843549494
129 146 0.8650844963516009
129 151 0.8599276874065764
129 152 0.33955791970597093
129 154 0.2737729075584358
129 157 1.845563046540717
129 161 2.035350475020281
130 139 5.766064902718185
130 146 0.3287656983880255
131 134 2.389613028092508
131 137 385.91402370357673
131 138 0.6151125714011131
131 141 1.8536034763295965
131 147 2.2162427749601346
131 149 1.6671555337390853
131 153 14.708925800020376
131 156 0.21746564449049116
131 157 0.22230270374363514
131 160 2.845820435024807
132 134 2.076594767782522
132 136 0.802072899514141
132 137 65.23955940110292
132 140 0.6691744134727701
132 142 0.4895377472409602
132 149 1.9660114316805875
132 160 2.7009826736756044
133 134 0.22717773223991564
133 138 0.23536085170688942
133 145 0.5872241581681008
133 146 3.1080709630548005
133 147 8.4500993341641
133 148 12.336708650633659
133 152 420190.99878203624
133 153 4.189078474372477
133 154 5059654.646107557
133 158 0.7186239125558288
134 139 0.5238773845915978
134 142 0.9392646816416524
134 146 2.576362171770049
134 150 1.3759756339931828
134 154 2.9514520614566453
134 157 0.5412843526516535
134 158 0.915128775022537
134 160 1.6659924704040263
134 161 0.06591001555198645
135 137 3.0446290491583174
135 138 0.0005312717191045556
135 142 0.6437427600247768
135 143 1.0858082875254949
135 146 0.2894258881120006
135 147 2.6687971394075802
135 153 1.538558754040167
135 159 5.986302969590221
135 161 1.501241525468016
136 151 0.7142288701349738
136 152 2.860399010447873
136 157 0.17445594990799967
137 140 1.1309303978967753
137 143 0.3882910813628168
137 144 3.39845513378447
137 145 1.0903624841096446
137 146 1.1181074424632826
137 150 1.6778333774636929
137 156 0.29798171011069946
137 158 0.2542236611751058
138 146 0.33110877590383775
138 147 0.4351981895182444
138 151 0.025995342052356908
138 154 0.10547954787445263
138 155 1.1096909716975045
138 157 0.17685382940010747
138 160 0.9896752740523838
139 142 0.2788296918778196
139 158 1.2597674400110415
139 160 0.509237825894171
141 142 2.1890120766960757
141 145 0.38661155846001244
141 153 0.40104628876861365
141 154 1.4962809728546977
141 161 1.245781846601435
142 146 0.45795692711590363
142 147 1.0047689535825233
142 160 0.8277896177870283
143 144 1.0293238841354913
143 147 0.03227057382729516
143 153 1.6469375940750277
145 152 0.27904893926411367
145 154 1.2144937688930468
145 157 0.2732109681111576
146 147 0.14835852061924806
146 158 0.7646310327893124
147 150 0.05399702599823804
147 151 0.7678656072696254
147 152 7.020886769171841
147 155 1.5862426674324048
147 158 3.2809629937920888
147 161 0.7396380294367904
148 152 2.8428122910478137
148 157 2.903602803091713
151 152 1.4966742747413488
151 154 1.3296499387913019
151 159 0.6443268632354405
152 153 0.004735941783089975
152 158 3.9177751084343337
152 160 2.603629104224749
153 155 0.39778388530102765
153 159 0.3978058679181326
153 160 2.3611224384124356
153 161 3.658019439554284
154 157 1.3898254162525459
158 159 2.430649428145148
158 161 3.483543830483312
159 161 2.622266662477024
