0 3 1.2468272509079008
0 6 0.13983844035801185
0 12 0.06063555104974028
0 14 2.5865945300413293
0 31 6.413917756998125
0 33 0.0894342162476895
0 36 2.499065857567737
0 51 8.167773062661725
0 53 2.0191114252920626
0 54 0.19765756639180207
0 55 3.7973861712344052
0 58 1.0495531007422791
0 63 0.09322623415905197
0 65 0.1387959173011581
0 68 0.13738938712795465
0 69 0.23090995092534258
0 70 0.0921228127288474
0 72 0.16023844531350223
0 73 1.4329662586073888
0 75 2.280297931508443
0 77 2.3802239887305836
0 79 0.2639744766100958
0 84 0.12327851219477168
0 87 0.3291291366940686
0 116 0.2558338202836469
0 125 0.9082285824301176
0 138 0.04974599961519679
0 139 0.47732233923170236
0 145 0.2567690198734893
0 153 0.25472335589748873
0 159 1.8452818419300927
1 16 1.0962264991828776
1 20 0.6655605684734963
1 21 4.206503421542959
1 26 0.677996649864463
1 42 0.48773439982564554
1 43 2.003322544112081
1 46 1.3635490631657718
1 49 0.31161178564558223
1 53 1.147968854593988
1 58 0.8195389258429941
1 59 1.1097112837848637
1 63 1.3972951891695358
1 64 2.713644927749289
1 66 2.237808573906443
1 75 2.589427899121481
1 78 3.835586163411922
1 88 2.4477833136345164
1 91 0.9771364990672678
1 97 0.3913882466429091
1 99 0.5582971152066534
1 100 0.328366351543813
1 109 0.5213026985552542
1 115 0.4193125180941908
1 118 2.0008694886851273
1 125 0.5565668090104414
1 129 0.5843873939783395
1 134 3.3103118524171573
1 136 0.2356855506345743
1 137 3.253610316257597
1 139 0.42431943255343124
1 145 0.5703895030289344
1 147 1.298578265928464
1 149 0.584880373645548
1 153 3.6089852497158286
1 154 0.8795777917441439
2 3 2.314564377073529
2 7 0.403618606143623
2 9 0.11795125338922896
2 11 1.1869867302302355
2 25 1.1143534336093395
2 30 2.0637956301808322
2 35 1.0699009357002789
2 63 0.979341491499014
2 65 0.2558081946843388
2 69 3.0752183249945775
2 79 1.07880766396825
2 86 0.7491756055897127
2 105 3.106129007018497
2 106 0.0005724029752248506
2 109 1.7979994870993143
2 115 2.1938812845101734
2 129 2.884190617109234
2 133 4.0626604075860016
2 134 2.062030965412195
2 138 0.14870603405125743
2 139 0.010023104889399859
2 142 3.1532035234375075
2 144 0.6149364345219418
2 154 0.869631196770264
2 159 1.8240806715408593
3 9 0.19373534026660064
3 10 1.087790165423873
3 13 0.2773949653954903
3 14 4.121314948956665
3 18 1.0253764835922063
3 22 0.12102305282007605
3 28 6.5687997889268175
3 35 1.0652062704435579
3 44 5.813586858402622
3 49 0.4524980641535353
3 55 1.823296915926562
3 56 0.32982210118278693
3 59 1.239011398805908
3 61 1.6130578784876912
3 64 3.7391195982224708
3 65 1.1394087996261835
3 69 1.0492789363266213
3 72 0.4354428675962301
3 74 1.3772074716255778
3 77 0.40677966360809087
3 80 0.47174538402079447
3 88 3.958351588165026
3 97 1.9618931047855694
3 102 0.591468265086264
3 105 0.5078680827912376
3 108 2.7819960246276274
3 112 0.5882597295431748
3 113 1.802622954972786
3 118 6.159442481710266
3 125 2.437918369379452
3 131 0.4529501543120101
3 132 3.1128280924234204
3 135 10.987561523939537
3 146 0.8730696374189115
4 11 2.156159384864431
4 12 9.037860388895309
4 14 7.853669389692592
4 15 2.3674623227224507
4 17 1.0272382330276402
4 18 0.16911227387520897
4 19 1.6011789794164315
4 29 1.271642515468865
4 30 11.171383640157638
4 33 2.8357706950410853
4 35 0.30705959146629785
4 37 2.749014833701248
4 38 2.2403907922909028
4 41 0.34069501583976886
4 44 1.1050639101268247
4 48 3.6898554666183
4 49 1.7315792505943668
4 55 0.34820193876783934
4 56 0.24987350104201403
4 57 1.0060518951866158
4 58 3.4753668958805513
4 61 7.148905179718183
4 65 0.21488373617727413
4 67 5.064510050650779
4 72 0.05123931592854793
4 77 1.0768058442677315
4 79 3.448969083258627
4 80 0.4355699716467743
4 83 0.09350083981078727
4 89 0.6107590982620198
4 97 0.7356418670606558
4 99 0.9848499561981597
4 102 0.8928643392514017
4 104 1.2535068193594832
4 109 0.606180865653101
4 111 1.3634098355065956
4 112 8.738100671043085
4 115 7.030023781330156
4 119 0.6846286708858085
4 122 0.007420460396739511
4 125 2.1009598947261625
4 126 2.4411065572562336
4 129 1.570265018497302
4 133 0.7761316581579785
4 136 0.252787994896163
4 137 1.1670606062973823
4 138 1.1864009160856162
4 141 0.894599244113563
4 146 1.0622585292400486
4 147 6.2227470413447055
4 151 0.17077538260693967
4 153 0.36120113978258056
4 154 1.6416110113802656
4 157 2.7621915690419585
4 159 0.432362307937406
5 19 3.368940343542903
5 40 0.06973104742472888
5 43 0.6137884831493069
5 49 3.5688680885007997
5 51 2.349636103504932
5 62 0.26435251834001655
5 63 1.1695450045482532
5 67 1.237282063509389
5 72 3.864910115565941
5 74 1.137542018009412
5 94 0.16147055383086953
5 99 0.7691222065108629
5 101 0.04404815620772517
5 129 0.6499073222883222
5 131 3.01495252790008
6 7 0.3451242361382079
6 8 0.22264996080534868
6 9 1.2008872972104039
6 11 0.4122479058114028
6 14 0.857090395391777
6 15 0.5563324952432718
6 17 0.44164549700574995
6 18 0.8625877193808176
6 19 2.754699233360036
6 20 0.5175942890699181
6 26 0.287568793271839
6 27 0.2282475084050861
6 30 0.2807425447422686
6 31 0.10824301770875232
6 32 0.4928479283424791
6 34 0.7161377137339474
6 37 0.8130827708998631
6 43 0.14568170953711979
6 46 0.7566659552063231
6 50 1.7037321960785023
6 53 0.5848726598870386
6 55 0.5079251253766779
6 65 1.200334727940391
6 67 1.7149647443334355
6 68 0.6746644260545687
6 69 0.6769475609391163
6 70 0.13054829118739036
6 72 0.2789326962676392
6 73 0.17385007475794587
6 74 0.2583521518153774
6 78 0.7026471920497821
6 79 0.5956399543613383
6 83 0.9425428564198508
6 84 0.1062333128152716
6 86 2.62611419696297
6 88 0.4010404115472882
6 89 1.3623200948195036
6 91 1.1876847749509025
6 95 0.6159443900860312
6 100 2.5595682641117823
6 101 0.23616762042255723
6 102 3.7730382356926575
6 103 0.13854883524963316
6 104 1.1174659514679455
6 106 0.04218168015430477
6 111 0.8897282491559515
6 113 1.2146266147708786
6 114 0.5933537835781774
6 117 2.535683632785372
6 118 3.019380056814159
6 125 0.2707521024294485
6 126 0.5612777958384362
6 127 0.6318163208385132
6 128 1.5215966260837877
6 131 1.3784717083296008
6 138 1.7735433848481477
6 143 0.7883495221723531
6 152 2.9606155911464644
6 154 2.838107178073217
6 160 2.0557231381890038
7 8 0.13564096364941386
7 11 0.45579813970281063
7 12 1.715389623077114
7 14 1.7609350729520898
7 20 0.2458802725328782
7 24 0.2577423873094397
7 25 0.1579226840708334
7 27 0.6939271656291423
7 30 1.3246398459970423
7 31 0.36838222702307377
7 35 0.09081307063646196
7 36 1.3498028537183397
7 42 0.40345140747485936
7 47 0.0646505626708646
7 51 2.1403486438032955
7 52 0.6709820224722663
7 56 0.07207730977909114
7 58 1.1074068021459367
7 61 1.4091900374317117
7 63 4.675691222731182
7 64 0.3010059560310278
7 66 1.2013472413900188
7 67 1.3827534917510538
7 69 2.5584904246962696
7 73 1.0616332622928846
7 74 0.2269062093059828
7 79 0.48059871933226833
7 80 0.7665028914494729
7 87 0.7450463872544206
7 94 0.06411082731287145
7 96 0.3878129973130605
7 98 1.1800835668143346
7 101 1.8372763525927451
7 103 0.07675769898358827
7 106 0.1441518794819532
7 108 1.1073805688994316
7 113 0.5456339931592924
7 115 0.8290268072570209
7 116 0.557560200029852
7 117 0.9946460178368628
7 118 3.9620602550529345
7 124 0.26762118976938426
7 125 0.4750393196323814
7 129 1.2526641619336616
7 132 0.5083133077099601
7 139 0.17678661644363552
7 144 3.304767494862315
7 146 0.49543470890423685
7 147 2.442211694870926
7 158 0.23624507447577348
7 160 1.1610703232272683
8 21 5.947663694396247
8 62 0.6196112249862724
8 77 0.10005586872975038
8 92 3.394136313540581
8 96 5.105607028527477
8 102 0.018720696515812568
8 105 5.4008092548082764
8 115 1.133935159926038
8 117 0.10840895788958838
8 133 24.863999364914502
9 13 0.09862360060088488
9 15 1.0042035482809124
9 16 0.20741312851577146
9 19 1.0121304991416007
9 24 1.0223533299789858
9 25 0.2622697922620902
9 31 9.387652749459564
9 49 0.8437878911253246
9 58 0.32235393019686065
9 59 0.3421716678423649
9 63 0.35045639633329423
9 64 0.7081383599996305
9 69 0.8697249435755473
9 72 2.4049286113133648
9 77 1.4045774971325873
9 79 1.1987499919868703
9 87 0.32917307015928987
9 89 8.461150784420397
9 91 1.7425477406014713
9 95 11.979147322817093
9 97 0.8265604196744184
9 100 0.14513936809015934
9 102 0.11393151431864731
9 108 0.09186464863278042
9 109 0.5508504258444131
9 113 0.09241305845426875
9 114 0.17244103208347922
9 115 0.10528933488257845
9 143 2.5234246410373777
9 151 0.004107545729841608
9 152 3.681840585708585
9 154 5.9917012108450995
10 12 0.7329758656972535
10 14 0.37274333793246883
10 18 0.206945344771134
10 21 0.3846881386946125
10 23 0.009536351963257842
10 24 0.17554447801123632
10 25 1.6654931241337227
10 35 1.2835290694824484
10 36 0.9853542386882922
10 44 0.21919759765567576
10 45 0.5640538108441032
10 46 0.9784129519114542
10 49 0.03379239306347677
10 50 3.236077858008403
10 55 5.57739827267918
10 66 1.3712327566723777
10 69 5.121952354638227
10 95 2.736651414117863
10 97 1.958781237792125
10 102 0.17082891954427834
10 104 1.2457811408105683
10 105 1.1791013850742484
10 108 0.6009639057496635
10 109 1.8150652418911328
10 111 3.1477657542275734
10 126 3.8067019034369856
10 129 1.5916192382607586
10 133 5.117920348661919
10 135 2.7663718462296516
10 136 1.0279470454487543
10 139 0.32319469815713503
10 142 0.009127876579091079
10 143 1.1972809879457273
10 154 3.56581660230926
10 155 0.7634781738348924
10 160 0.9663558289360739
11 18 0.3428740823118726
11 19 1.4604441166500124
11 21 1.1879223889915411
11 23 0.7385325896149738
11 25 1.3404002555735424
11 29 2.0694396216733923
11 31 1.2265674915785771
11 36 0.05050951982843351
11 39 2.6493767947271865
11 40 0.9623050084469722
11 41 1.2543572400049894
11 43 2.5327971121245914
11 45 0.4484857575042268
11 46 0.657899794030056
11 55 0.2169283686890845
11 56 0.5375821905583733
11 60 1.5927307956094172
11 62 0.47169552791012714
11 68 1.2431493559804303
11 73 0.4313747712695882
11 74 6.599348328123933
11 80 0.06178842267279555
11 90 0.06402921799912514
11 93 0.008766338864417564
11 99 1.793477150685137
11 100 0.5007795380037212
11 102 1.1151680924831373
11 104 1.2686010402925556
11 105 1.3210852377244342
11 108 3.931311521696978
11 109 0.19909334419876318
11 111 1.7762374981670748
11 114 1.7768607350133627
11 116 0.16389087286309467
11 117 0.2720397088322437
11 118 0.3082608649436852
11 120 3.2635540855273146
11 125 2.78130486698154
11 126 0.2243095101926412
11 131 3.1407749906548705
11 133 4.194405385438227
11 134 1.329267071260551
11 138 0.6265124075218476
11 139 0.3978780259850568
11 141 0.3576714738995667
11 149 0.11537238313147245
11 153 3.3118986449241308
11 154 0.08454977885418047
11 157 0.6763643375711472
11 158 0.1270214061476207
11 161 0.2273657467414906
12 16 3.094082552681681
12 18 0.5604691604274125
12 21 0.23228336900793287
12 24 2.02596531514746
12 30 2.9690644713845065
12 35 0.4549984864075434
12 43 7.931333778516465
12 45 0.35473349858153536
12 51 3.9015683237792365
12 65 0.576539487215201
12 77 3.2623298861876573
12 80 1.7099683267463053
12 83 4.55587893044797
12 84 3.4060709888402356
12 87 2.866192776646855
12 93 4.03927633846947
12 105 3.732473648585818
12 108 1.3118154536923257
12 112 11.129841844318777
12 113 0.6369005293987137
12 115 5.017975059873474
12 120 0.48395698526128633
12 128 0.5764570043237606
12 136 0.6215963509894146
12 137 7.287656380144442
12 138 2.096159780321266
12 141 4.886425347854912
12 146 0.9393746119999786
13 21 0.3520530295151745
13 24 0.42410165386312904
13 39 3.191192225811334
13 46 0.01802835664187506
13 49 0.6365814228449351
13 55 2.324581412035127
13 76 0.7611836872744303
13 79 4.008140552544751
13 87 0.41096644095672974
13 88 0.25255522602384683
13 106 1.420022794382839
13 108 1.0017344736964322
13 118 6.551045666044849
13 131 1.8167121524323246
13 144 0.4597490930998077
13 149 0.21019080159904988
14 16 0.6379925800730829
14 18 1.062734099212116
14 19 1.226881315958063
14 26 973969.8071109947
14 29 1.4147566682269128
14 37 1.0991739227167014
14 38 15.39636327600934
14 40 0.4822311820670322
14 43 36.65291539577058
14 47 0.3795349669252613
14 51 35711090.283103935
14 53 1.334501158684686
14 62 0.863835949619987
14 65 0.891313685716515
14 70 3.6527413335229717
14 72 125375.36088970315
14 73 1.0708340342244809
14 74 51280193.99951271
14 75 119.6600174229458
14 76 0.8086839744592857
14 77 0.30728046666397624
14 79 1.189878836955599
14 84 1.4292322530210169
14 87 0.9691554921134656
14 89 0.3191761597160689
14 90 2.28100400746855
14 94 1.4481920729287732
14 97 2.3515716645626945
14 99 2.9389830781050166
14 107 4361720.246632917
14 108 1.4882259692845734
14 110 19.31090037594115
14 111 0.191863108183308
14 113 4.37346967131742
14 114 1.4497128888085902
14 116 1.1581186298184472
14 118 60045986.545508094
14 125 1.8143280886535522
14 133 32443842.926322278
14 137 10503370.383164471
14 138 2.135538663740351
14 139 0.3381560195961619
14 144 7.315340773616149
14 147 0.001742088927419252
14 154 23174784.518678647
14 159 3.274596487456741
14 161 3.276985216946231
15 23 1.7275546467935188
15 25 0.19344716728875333
15 34 1.912893812839268
15 39 0.3382654900778211
15 40 1.9160454418875992
15 43 2.0287682804674763
15 46 1.4153354759144483
15 49 0.32672208083957394
15 51 6.079645987603206
15 61 0.10328415536378718
15 62 1.334390829377137
15 63 1.1157073708821383
15 66 2.445781179651556
15 67 8.372431259090439
15 68 2.405911318947411
15 72 13.3072850352065
15 74 3.4908755260584075
15 89 0.1520250826029388
15 94 0.7920969824140972
15 104 2.963940255816092
15 106 2.5987675943173816
15 112 1.329262730153568
15 154 2.469428121826737
16 17 0.3171453526225898
16 35 0.08807135540385297
16 42 0.31960799316341915
16 49 2.561458615991456
16 50 0.03018044719238082
16 58 0.05311681953556157
16 71 5.692649916543495
16 72 0.3236980710160998
16 73 0.2115027234887204
16 97 4.355245435081541
16 102 1.1080026596211077
16 105 1.9396161138072152
16 127 0.9495438689974927
16 139 1.3674239504434167
16 145 0.7536455772344949
16 152 0.7996650819133488
16 154 0.42858355118836317
17 18 0.17451707035247055
17 24 0.2114068178162057
17 32 2.448850515806704
17 36 1.1629771797809028
17 39 5.939623088136402
17 42 1.3643068664472349
17 43 0.03133506535011471
17 44 0.5623095173285444
17 49 0.8315947651416044
17 51 1.070975326329346
17 55 1.1971325731035836
17 58 0.058365774452519906
17 66 1.8619456954397438
17 89 0.09710309742415602
17 94 1.5099807589356955
17 102 0.8085658648795833
17 106 1.9460916691341885
17 129 0.026992913017898978
17 137 1.43101654183558
17 139 0.3796885430021676
17 152 0.9620523767530027
17 153 0.0057317139276366865
18 19 0.27911672360410583
18 25 0.9871553661281773
18 36 1.0517670048822318
18 40 1.235081377502446
18 41 0.25486344532993516
18 44 0.6522102491326063
18 49 1.5001114849282895
18 52 0.12594006860048942
18 54 0.33598192119845943
18 63 0.8429819207412121
18 64 0.20417854635375307
18 68 0.3544319472292838
18 69 1.0936655366560057
18 70 0.19690942194458658
18 71 0.4580697995476136
18 72 2.255352858208752
18 75 2.745654017580107
18 79 0.41292546620091497
18 83 1.0163657414449259
18 91 0.2388092692343115
18 99 1.2225085874216843
18 101 0.7281999142059045
18 102 0.8845579949944048
18 110 0.46482695131991736
18 112 0.9223847961677192
18 113 1.8798247549731368
18 124 0.614302414551418
18 131 0.3121805430808707
18 134 1.0342584053328698
18 147 0.3173096913669163
18 152 0.19363232949541964
18 153 0.598643737543809
18 154 1.8791171795819182
18 157 1.5913061786057354
19 22 2.1860401932843683
19 29 0.15637943283588468
19 30 0.020568828413017683
19 46 0.19656034555269689
19 49 1.5440520020916033
19 50 0.7523530356968368
19 51 0.6893315679201157
19 56 1.8722896770807633
19 57 0.5487512919928761
19 58 2.1510836880868975
19 65 0.2343365007084411
19 67 2.418667252648244
19 68 1.4718264085287842
19 69 0.3165465866949028
19 70 0.10961016096776448
19 73 0.19690768804289002
19 79 0.7994798960730449
19 83 1.6871736422279922
19 87 0.3776393211783095
19 88 0.05190797731689186
19 93 0.6251783028045177
19 94 0.2824060536824113
19 96 0.11416854795125692
19 97 0.5801149394817293
19 106 0.09148430384884323
19 108 1.8896764261384988
19 109 1.0851800768133428
19 110 0.23883717569677282
19 112 1.4139400857413618
19 113 0.028701847659280973
19 115 4.004804242245709
19 117 0.5862385483779619
19 118 4.3645475781218215
19 119 2.026446710215628
19 120 0.11045407608827679
19 122 1.9370459497683357
19 125 0.5094364456763925
19 127 0.3757280471338355
19 128 1.2502040033078639
19 134 0.4039305370562625
19 141 0.6456173950592904
19 146 1.2890670268987316
19 147 1.045194686266433
19 150 1.9679396464851653
19 153 2.0124346930964236
19 158 0.18714290471692563
19 159 0.37833458481018556
20 24 0.8705895416030724
20 36 6.970062221532463
20 53 2.624348091673067
20 54 4.052265487707349
20 55 0.7821966913315536
20 57 0.14418919011164447
20 58 0.2952475545832845
20 61 0.5953596669681777
20 65 0.3907439023938091
20 69 1.583922367095931
20 70 0.35975137776775334
20 71 0.7144048155071041
20 73 0.620047516513189
20 75 2.926623013361151
20 79 0.05226254184083983
20 80 0.6657702336475747
20 88 0.513464802876963
20 93 6.069997683619973
20 94 0.3574948463446638
20 95 0.20191038183391638
20 97 2.1020764292452463
20 100 1.4775721290867776
20 111 0.2478227863005056
20 113 1.5258150288646797
20 118 0.5102796903024106
20 125 1.7550737638148506
20 141 1.5384562257307655
20 142 0.5181337281695304
20 155 1.4623890210993964
20 156 1.1663988741019855
20 160 0.6663644855505911
21 30 4.003297866653936
21 32 2.3901506626772564
21 38 2.623816153924194
21 45 1.1190882538480984
21 48 5.384041589227536
21 49 0.1550333994607633
21 50 5.475588982827736
21 51 9.301127289732229
21 52 3.1854562399307413
21 56 1.092132590966309
21 57 0.5435555976642958
21 62 0.37947908230225696
21 63 1.3536993422692276
21 65 0.20812854271511427
21 67 1.9283674292086885
21 68 0.9499712403896308
21 73 0.4451614792965226
21 85 4.6611760236488795
21 88 6.031734770534441
21 90 1.03809656740116
21 91 1.320045558271439
21 94 0.6198691953356604
21 95 2.2074346483539595
21 98 2.179958155020409
21 103 3.254969659075135
21 104 0.22956241978967884
21 106 1.408044099504465
21 108 2.0274426107215615
21 111 3.0624023012377366
21 113 0.30365376442690833
21 115 0.20510777093785373
21 118 3.7043527860371905
21 122 1.5292387937256036
21 126 1.100395439358073
21 127 0.4339234851793854
21 130 0.9265656367038827
21 137 9.914980397756471
21 141 2.5739600915947576
21 142 4.907622893237578
21 158 0.2424422399959031
21 159 3.4908905234217857
21 161 0.7390364356276851
22 25 1.0011649976115866
22 31 26.659378188219065
22 33 0.5157202460252257
22 34 5.480308851598491
22 35 0.859992449075493
22 36 2.0052714125735958
22 38 8.960672853948127
22 51 3.8460045012611563
22 54 5.047136013067732
22 59 3.132922288230069
22 62 0.9583342088235498
22 71 1.431402405260989
22 75 2.492815719599502
22 90 0.46599239967030737
22 92 0.9430660688895957
22 103 0.4174828079245256
22 106 3.117898078812531
22 112 6.682915929144578
22 127 0.19493395531499252
22 131 2.399312971202831
22 159 4.414037209986245
23 26 3.3464075909877984
23 54 3.592428916122011
23 57 1.4415045905890211
23 71 1.7175300770020905
23 73 0.5963511743736039
23 84 10.024049917491437
23 92 0.39602979431391
23 93 0.36520017861275106
23 95 2.4472670617306824
23 102 1.3108540663678983
23 104 0.12875536308825938
23 105 1.364426867618531
23 115 1.3297084442827034
23 134 0.3269610728429249
23 137 0.8827499076541852
23 145 1.4783944095738886
23 161 2.6864672301028993
24 36 0.03276114345679252
24 43 0.9866408115247037
24 48 4.479762495668334
24 51 0.7094183095119033
24 59 1.7968813953530196
24 77 0.534898707755102
24 78 0.06921687074323545
24 87 0.09691918038427283
24 88 0.12528742060106313
24 91 2.8520602735227794
24 99 0.15538279886264153
24 113 0.6492764362914994
24 118 0.27068157596552495
24 123 0.3848602808931521
24 125 0.030750310867946055
24 136 0.4191681581501931
24 137 0.6116748541350527
24 149 0.5636040733662208
24 155 0.32197949074701804
24 159 0.280226611460809
25 30 0.6597396301166213
25 34 3.0981965170784584
25 36 1.5265106612104258
25 43 0.3290837978232813
25 54 2.1242723537542396
25 58 3.3487432815507283
25 66 1.2700056555618622
25 67 1.706819043895431
25 71 0.30632629419221497
25 73 1.1103435259207837
25 76 0.39836145001144796
25 79 0.1117502129870854
25 88 1.2325457196365064
25 94 1.1443501238204437
25 95 1.1458215351204477
25 97 1.3972924806260136
25 98 0.8382232295463716
25 99 0.1438795220934808
25 100 0.6812524937140183
25 107 0.4598620446478941
25 111 1.1513456432014475
25 114 0.38900447962839446
25 115 0.12076352858329846
25 116 0.093118570639652
25 142 0.22347332899121422
25 150 0.1638609559216555
25 153 2.0446686393374565
25 158 0.2627550110987243
26 27 0.28370029907569705
26 29 2.7640944049418943
26 31 54.505726605020314
26 32 2.971866635936957
26 33 0.3662685591254235
26 36 7.673460055555918
26 39 22.321244020508768
26 40 1.299878136733989
26 50 5.26592878680869
26 52 7.34463329705056
26 55 0.2873351323605219
26 59 1.3472105206007365
26 66 4.341425351843153
26 67 1757989.5493192654
26 68 0.38189235495118673
26 69 9.118913451617718
26 72 24305.946465801517
26 80 0.6361778138352897
26 82 0.4456724175856315
26 84 1.4252085498261176
26 86 0.9288656883805654
26 89 1.4845400321589721
26 91 1.7698463513947404
26 99 2.6975246137439655
26 101 7.664052188721199
26 102 1.2238221231483866
26 103 0.006411118176614048
26 104 1.4945192286867532
26 106 1.8299208923599857
26 108 11.339417367065744
26 109 0.763888609989866
26 113 1.5343417825002619
26 115 2.305527129871921
26 118 21210615.193206113
26 129 4.745364261276942
26 130 58.62189698043894
26 131 284.6782816163022
26 134 0.571592072115545
26 135 1.0189922123016943
26 139 2.6196522075389175
26 141 0.05234966807793539
26 142 0.3311584512229151
26 147 4.8768323146158
26 148 0.48893305737970016
26 153 2.5921539428284883
26 157 1.5287211473203128
26 160 1.5544442676155998
27 30 0.948975658690955
27 32 1.147172078532931
27 35 2.497752001205144
27 54 4.311051534223236
27 67 2.360867971587614
27 68 2.4846540399783477
27 98 3.649238686348881
27 108 0.637872290686708
27 109 0.6477284916064834
27 112 0.08112667032584284
27 122 0.10241157240196011
27 137 1.0123050033118512
27 154 0.9448009075576909
27 160 1.164484693256559
27 161 1.4101106684319753
28 29 8.323391939532375
28 36 14.271793275167726
28 42 0.24733617178104983
28 53 1.5842844500958138
28 67 15.274307922083658
28 68 0.9840333117792321
28 69 0.006855105916403154
28 73 0.4594658137681204
28 79 1.7435314882413075
28 92 0.4544673132821259
28 94 0.26708412491265043
28 101 13.038549225959503
28 111 0.3332566760264405
28 115 3.6122700291723215
28 120 0.19789403869941788
28 121 0.06075750267752705
28 125 0.39833256902399006
28 131 31.575438634396434
28 134 0.0670315712356192
28 142 1.9132599546315239
28 151 1.4117687883159922
28 158 1.0569376412133415
28 161 4.511378686587593
29 43 9.726666234994063
29 49 0.13351595478360212
29 50 0.038576108495333834
29 57 1.9194363016747968
29 65 0.31476464596335346
29 89 0.01494502854330426
29 100 1.5167240888456437
29 102 1.5350004086413676
29 108 1.6085002755502642
29 137 2.4538361843892127
29 147 5.667387313141815
29 156 2.6957021113017507
30 32 0.9671206435643864
30 40 0.3713927352038448
30 42 2.011017185324052
30 43 0.20252434772802208
30 44 0.6872468291392626
30 47 0.48278432143893596
30 48 0.3300364026252823
30 49 4.8882654425116066
30 51 7.096120323834875
30 54 2.966044385847852
30 59 0.6901129182519087
30 61 0.06932347936404679
30 62 0.7965249827276872
30 64 2.8187283790106306
30 65 1.9013080347523472
30 68 0.28684470444277094
30 70 0.6639072668015503
30 71 3.7967390235109844
30 79 8.74323669872104
30 83 1.3145167868838306
30 84 0.4913118948993523
30 88 2.6209886817399695
30 89 5.540499102582509
30 93 1.2936373049998942
30 94 0.6417999599721219
30 99 0.5158857208544889
30 103 0.5537938676366259
30 106 1.7309256995542852
30 107 6.756291497021826
30 111 1.7917040028221063
30 112 0.015300988465557212
30 114 1.6709096189620993
30 118 2.965356358921455
30 120 0.6131996202192793
30 121 1.4697220572629486
30 125 0.4945981838804242
30 126 2.426632855787806
30 127 2.5189936874216876
30 129 1.836074567760675
30 131 0.3410905478973796
30 135 2.062528887487382
30 138 0.6510618295771405
30 139 1.1178668852524645
30 142 1.4201771559482208
30 143 0.47298374647175495
30 153 0.20399694845668118
30 155 2.906593504697385
31 40 2.149899811956401
31 43 31.963282762494707
31 44 2.7127707636821383
31 49 0.4776166142074458
31 50 6.0024512549486255
31 52 13.045585199733537
31 59 0.518265061867215
31 61 5.203026910292055
31 62 2.1947238190913727
31 63 0.10098070041324884
31 64 203.7477663198683
31 65 1.1261588562992038
31 66 0.7854146359704309
31 67 78.3377501902959
31 68 0.013118054416673046
31 71 106.3457272053579
31 77 1.792303818555812
31 84 2.1021156593023886
31 85 58.029669677722914
31 89 10.683221500331909
31 90 0.8090116702643053
31 91 0.008068165759730832
31 94 0.3085355762057679
31 95 0.3003128692171009
31 98 9.401569343171348
31 101 1.7562895210595326
31 102 3.3686005921372755
31 110 29.87922348723459
31 112 0.3003103756345967
31 113 0.20448904249498398
31 116 0.7825080049215883
31 118 97.4298030666675
31 121 4.551322333050048
31 125 1.830259121919085
31 129 0.46553662221536707
31 131 52.223083369532105
31 133 36.07540793881193
31 135 0.21035267529227694
31 138 0.20065710316624266
31 139 0.46148345487696635
31 141 1.8923583387513507
31 146 1.5735970810013544
31 151 0.29889342007156233
31 154 143.78660284752553
31 155 13.881795479826009
31 157 2.7527653785096855
31 159 0.9387013924832055
32 35 0.4187727894684705
32 36 0.5343231044287351
32 40 0.6846562869328154
32 44 0.16994016302257328
32 50 0.5783765585483988
32 52 7.744649752464756
32 57 0.7629061007338822
32 58 2.570087390244864
32 65 0.5674463502957073
32 68 0.11415383222621209
32 71 2.6720767113335495
32 74 5.77324298598147
32 77 0.06036191647641872
32 80 0.5976841516218273
32 87 0.8111616221171424
32 88 0.716863294267722
32 94 0.48043942421088376
32 97 0.23767676015152708
32 106 2.4501353879366
32 107 0.017565865108867894
32 109 2.611552047696165
32 115 0.9353108727453789
32 118 3.5799079313768023
32 129 0.5386178163959152
32 135 4.90014175770611
32 138 0.8166708701608263
32 141 0.08080608816305095
32 143 1.4835085172456348
32 144 1.4367450112657696
32 146 2.1845267315786443
32 148 0.6481042505390444
32 153 0.7207886443283645
32 158 0.7086637839015603
32 161 1.2903927651202247
33 35 0.39241367973146773
33 42 2.0501666030585737
33 58 0.26933505490534754
33 79 1.5599054475645
33 84 0.9959560458549618
33 85 0.3024171518150238
33 87 0.2435703769320136
33 93 1.0518083025132
33 135 1.5177032001933217
33 152 0.29406659080419767
33 154 1.032691719759952
34 44 1.844653660743999
34 49 0.1875778772281271
34 54 0.9918421430443437
34 56 0.2614550594955555
34 66 2.712477597727041
34 68 0.007877080780344338
34 70 1.8699296363586708
34 73 0.6344796350771328
34 74 0.34522881460568
34 75 4.685003666668162
34 100 0.30489212546845873
34 107 1.5762527312743537
34 108 0.9432969233883028
34 112 3.139942492712789
34 114 0.8261337568657149
34 115 0.004329859303367203
34 117 4.552134923484826
34 118 12.045400929974056
34 120 7.294051614250379
34 128 1.4378562663102867
34 137 3.120719417487889
34 146 0.938630498247016
34 149 0.12789252372710766
34 152 5.058286387848442
35 38 0.6318640794548622
35 39 0.1919029904231457
35 44 0.03613738699135733
35 48 0.6423627393606313
35 49 0.24469808736328819
35 51 0.2446175386015821
35 52 1.2248295734407453
35 55 1.032038855400551
35 58 1.025646974593541
35 63 0.43378022368434344
35 69 0.6769549039578033
35 70 0.30972385913524886
35 71 0.5059588244035418
35 72 2.4197569817796407
35 74 3.0277373608031284
35 82 0.06868510693096785
35 87 0.07692955451789976
35 93 0.36747708640246673
35 98 3.6676357155128843
35 99 0.6919331008993487
35 101 2.4107952325556075
35 103 0.3397532311861803
35 105 0.28055291548114136
35 112 0.9647623170216639
35 114 0.39330049260033195
35 116 0.1969540653702649
35 120 1.9652885076432332
35 125 2.5575678369985697
35 131 0.16415060606455587
35 134 0.0038489218815250664
35 137 1.1772146851948
35 138 0.14428885279968415
35 139 0.21611523986756276
35 140 0.5833186731342748
35 142 0.3754159874669595
35 143 0.04242883600005224
35 151 0.8313033835902423
35 152 1.501047829581339
35 154 3.3303059547847047
35 155 0.6844607719735935
35 158 0.1799164223817495
35 161 0.283237503250944
36 41 0.8441606007144111
36 43 3.315475028679495
36 45 2.3400261123939723
36 49 5.315508039606431
36 56 5.576193758793204
36 62 1.0695890780719282
36 67 4.417448545229236
36 70 3.7162995927610583
36 72 0.7651228236185125
36 73 0.28300221234570894
36 79 0.20228418160810568
36 87 0.027198661242056648
36 94 5.077489393047861
36 96 0.1282822405822231
36 97 3.621860756779692
36 99 1.797558742494344
36 100 1.3268415984247248
36 101 1.9434587646516677
36 106 2.031048230641527
36 112 1.6105359863223097
36 116 2.747721678630706
36 129 1.4151489500137933
36 131 6.36028491967286
36 138 1.044470907856819
36 139 2.1869341213476634
36 141 8.068404049373305
36 143 3.1112457111295724
36 144 2.904083434743698
36 145 0.33072552279412637
36 146 0.15630559188549495
36 147 0.04681316689882808
36 152 0.2553867554007301
36 153 4.08774489957823
36 157 1.0541345099234671
37 53 0.16345325237373445
37 55 0.42937550896194504
37 64 0.7044566571665097
37 68 0.015622411688696065
37 81 2.1674454628100697
37 101 1.5047004987128465
37 108 1.1736595591801893
37 131 1.7996653686608706
37 137 4.782409877508478
37 138 2.278997221272107
37 139 0.44867515425372156
37 141 0.7366756557141169
37 145 0.6812585212289031
37 153 1.2955985722339645
37 158 1.4705796527190584
38 48 0.21362776309469142
38 49 2.183627989761365
38 54 1.1177017409093244
38 55 0.7548304410026392
38 56 0.5699212942342455
38 58 1.6321474561652511
38 59 0.6759043296129084
38 63 1.0207973710528755
38 69 3.5592795729931814
38 72 15.232081581055684
38 73 0.5586452314903367
38 77 0.5570473156341067
38 79 0.07833500765183626
38 83 0.05478544551352719
38 84 3.8873149167277283
38 87 1.6160185818270103
38 92 0.23254984188687766
38 101 1.6988395623632475
38 103 2.476522524480472
38 110 0.09269393488543187
38 111 1.9100315104294443
38 113 0.04607067739895005
38 114 1.1010162140095365
38 120 4.985346779259461
38 133 6.1817826543730945
38 135 3.008801088133493
38 148 6.251632649883376
38 149 5.198101448059055
38 151 0.09067146522356524
38 152 1.7336632049954939
38 153 0.27112450227704954
38 158 0.059449373099727025
39 40 2.5816203263128203
39 58 3.5016805887924756
39 61 0.5764591729926745
39 62 0.3133342316274567
39 63 0.4937151161352825
39 64 8.549191485060957
39 66 1.1560413836120684
39 67 6.076124366776486
39 68 1.9810041418982913
39 72 2.6655451792850533
39 76 0.5595458559733923
39 79 3.0941741266921814
39 88 2.3190499987086883
39 109 0.9872281410651761
39 126 0.7841846607433505
39 133 0.11733259728611545
39 135 1.0916866322024998
39 142 2.9197240667934676
39 143 0.7679048651769687
39 147 1.064055760236613
39 151 0.034807189949426526
39 152 7.673847556428007
39 153 9.876808506361488
40 43 1.2086026378099197
40 45 1.1797277485304267
40 51 3.0114024033443116
40 56 7.44066911845691
40 63 2.056270742550169
40 65 0.16679965032205418
40 66 2.179645913922935
40 68 0.013402975536831329
40 70 0.5191945285479769
40 71 9.877903957089671
40 72 1.3770801131259833
40 73 0.9169612738520833
40 79 0.17345766832358286
40 80 2.0204027624343324
40 81 0.9748566017509848
40 87 0.1351126099860526
40 89 0.4262863728482058
40 90 0.041398789976479465
40 91 6.8606981372751745
40 100 0.24404386783342982
40 101 0.30734902949174486
40 102 2.585944767427986
40 105 3.0133432883922473
40 106 1.920365349107929
40 108 1.0239870376757518
40 112 2.620736058432265
40 118 3.820788282670857
40 119 2.8642127802319046
40 124 0.8186686645050062
40 125 2.236957959499565
40 127 0.4594964904043051
40 129 0.2502381237534675
40 133 0.3545273432443365
40 134 2.7938446352340334
40 135 0.26275823050796226
40 136 0.6684610498303211
40 138 0.077896333480117
40 142 0.11872406687658214
40 143 0.6957915146290814
40 145 0.32689728869738405
40 146 0.14472406180704417
40 150 0.030677396832547048
40 156 0.7620146974431861
40 157 2.2914652608298343
40 158 0.3251103831870899
40 159 0.1668778939907316
41 62 0.35069873369762117
41 67 0.6852257167298647
41 77 0.5688323176857569
41 94 0.4427023153372705
41 117 0.5612920034793042
41 136 1.389462786021841
41 138 1.2728664836589625
41 142 0.42644611282509504
41 158 0.35011373689530845
41 159 1.7420882306546148
42 49 0.8337576502087211
42 52 1.3767873802642816
42 73 1.397637552077153
42 80 0.5123880228113319
42 87 0.007832803825039442
42 88 3.974340791209898
42 105 1.3556359333719399
42 106 0.4628520856557089
42 117 0.22860221820477217
42 120 7.59164213914676
42 132 0.4461784822983554
42 138 0.8959254785481342
42 142 0.22313431653163598
42 143 0.5947523584916548
42 146 0.7987915612314566
42 153 0.19081068501984438
42 154 1.0400703790991663
42 160 0.18880638644251288
43 45 5.536899313203375
43 52 11.013739700486662
43 54 23.996325050486114
43 56 2.4558036282651567
43 58 0.3880570295093245
43 63 2.634578479676091
43 69 2.1981871414013887
43 71 11.176584821648133
43 72 25.932989636129882
43 73 1.3095651828300447
43 77 5.701503429220433
43 81 0.38289729493139774
43 82 0.21703560537878835
43 84 0.9171804141995137
43 85 7.96480998881864
43 87 1.120487553153629
43 90 0.03309000480320553
43 97 3.347782311220386
43 98 2.090552515500851
43 101 0.6772324771693761
43 105 5.015632057242278
43 106 2.259816295370602
43 110 27.250586358622446
43 111 0.3680918766430361
43 114 0.4216327443259676
43 115 4.292941503468786
43 119 4.249613516096535
43 139 2.6084981331574597
43 140 0.006247713697421033
43 142 0.2699409131108233
43 154 0.7345853502904487
43 157 0.23768054635845398
43 158 0.6376809229119131
43 161 5.03357077758481
44 49 1.2463055756741421
44 50 2.5980346282377615
44 51 4.093803849923211
44 55 0.48560578837495355
44 59 3.167319572117109
44 60 0.8827544062644512
44 61 3.4038308381664844
44 65 0.5703129632184667
44 67 6.319291791934133
44 73 0.870206979540226
44 74 3.2918593504143634
44 75 1.2543827166426547
44 80 0.49694089552078546
44 81 0.2618024533470747
44 82 1.7149317279974996
44 87 0.835799523402761
44 89 3.13636363844747
44 90 0.49355107270508497
44 92 2.849028229351872
44 96 2.429509698315016
44 98 1.1536376097742755
44 102 0.4656800808110388
44 103 0.754319461318237
44 105 0.08707280945080355
44 106 1.6828447895910708
44 108 1.741681709425642
44 109 4.179994263676689
44 112 1.8656079050314747
44 115 0.23025612612614563
44 126 0.3400526739754695
44 127 3.4625898223730514
44 131 2.1045365885446667
44 132 0.9627689679567174
44 134 3.011573662591061
44 139 1.3094162834429126
44 143 1.2083518664742983
44 146 0.9064472491847437
44 149 0.1163720288347526
44 154 0.7727699295396405
44 158 1.4862033397961707
44 160 0.5305894006546812
45 46 0.09241374752058988
45 51 0.9085189869654895
45 52 0.7112579812225102
45 54 1.0923768934994833
45 55 1.445592268498072
45 56 2.485210766958787
45 58 1.4509496377031348
45 59 1.7981988805809561
45 65 1.147238398591465
45 67 4.582679771044996
45 73 1.0038494407411358
45 80 1.1995726138039045
45 85 1.1139309303238367
45 87 0.6087372217393725
45 89 1.3908822389016458
45 92 2.0857263103300734
45 99 0.20128457237374558
45 101 0.9033302474329143
45 104 0.6470876637296776
45 105 2.4290313549906037
45 107 0.17030477347907066
45 111 0.2056556709834869
45 112 1.501880428138553
45 113 0.19689754891984712
45 114 0.4543784574201182
45 118 0.14586300770835364
45 119 0.3956545893954488
45 125 0.41941683274935904
45 126 0.5487123826599036
45 129 1.3982440381318313
45 131 0.14814497362764079
45 135 2.2607898104288604
45 137 0.25410991165652114
45 142 0.24049354873686699
45 146 0.5015837427353043
45 147 0.37371214045125234
45 151 0.27974838232646204
45 152 3.4327736083665616
45 153 1.3263699658311408
45 159 0.47664065629521574
45 161 1.3168362177420925
46 51 2.6522253411810097
46 59 0.5749429912859032
46 66 0.6320289798840322
46 70 0.5638393667421655
46 72 0.18408015177780396
46 74 0.5393354788576331
46 76 0.4673850452198899
46 79 1.041589971042225
46 84 0.23519108210264805
46 86 0.4784273164377889
46 87 0.3480287053479418
46 88 0.39770723661797147
46 89 3.3768290543530943
46 94 1.297787903744893
46 98 0.02080010663106256
46 102 0.24834764441011323
46 103 0.6744707839295906
46 105 0.041954647813765504
46 106 0.3701321173440135
46 108 0.15547664676746104
46 109 0.1431253007624359
46 110 0.8563425685480358
46 111 1.5959018011345278
46 113 0.7137257295515431
46 132 0.6089280568966375
46 133 0.22940748666149244
46 137 0.6762933307150466
46 143 0.5083521679851459
46 147 0.9880930870665361
46 156 0.5399033398430821
46 160 0.03823528915073753
47 49 1.5252022121313207
47 58 3.1419202891819804
47 64 1.1552387865840532
47 67 1.8706628293628025
47 70 2.3436196051139526
47 80 0.6537481359113887
47 82 0.13869154061276995
47 87 0.09174094774419966
47 91 1.1338910533753137
47 104 0.735232416635763
47 113 0.6225528030726227
47 134 0.5124034233969825
47 137 1.7376300629940482
47 149 1.3935619330088347
48 53 3.101201298611533
48 58 0.6494746099484987
48 63 0.3322350630423723
48 64 2.079686679771087
48 72 2.540656456212275
48 97 2.2410699027325873
48 99 0.10898212975257715
48 101 0.6979506237999848
48 110 8.163150736061006
48 128 0.6278603478052198
48 131 1.5613352484975935
48 133 0.5521083247365032
48 138 0.5814953937502605
48 143 0.4532860099480248
48 152 4.557552189754223
49 50 0.31985102275273475
49 53 5.215222439636982
49 55 0.8063550928494546
49 58 1.7100167597437208
49 63 1.5676029669444336
49 66 0.3159888447806008
49 68 0.5388459850558039
49 75 3.589294408760406
49 77 0.2797528075848115
49 88 1.830513332799484
49 93 4.329433814953711
49 98 13.527028341490098
49 107 2.293454773690532
49 108 3.884088066642332
49 110 1.0740386473622354
49 116 0.8267053278788267
49 124 0.9179874527371501
49 128 0.24875282341898045
49 129 4.556348892477603
49 131 4.659099733044004
49 132 5.289052666099069
49 142 0.25552956511939445
49 147 3.6211906817277573
49 149 0.6872343963563211
49 154 10.155008060583013
49 160 3.4179292366987473
49 161 5.046708668287348
50 51 1.1029380354682619
50 57 1.9890606243899984
50 58 0.14727927216787767
50 63 1.2286230424225653
50 64 2.0989301572116776
50 65 2.9287452142676282
50 68 2.7236523773016867
50 70 0.7575127403849392
50 71 1.2774623166373542
50 74 12.154477835877744
50 79 1.6654845011487243
50 82 1.8556026886178143
50 83 0.718705388510604
50 84 2.0810432938683485
50 85 1.7949672868586901
50 94 0.40854455458377303
50 97 0.5857125384390297
50 101 0.15003122083380538
50 103 1.0338079810609182
50 105 3.011627160511996
50 108 0.43684421280133967
50 109 0.8689004067605557
50 114 1.7106706547643862
50 127 0.8799943987433211
50 133 4.088218719304821
50 135 0.21806454193626862
50 142 0.051202751496467566
50 147 1.2226628600233131
50 158 0.3520260260869704
51 56 10.836254276973078
51 62 0.12343854510072207
51 64 774984.1000288893
51 65 0.6329002769207822
51 74 261576376.6027905
51 87 0.209824484329858
51 89 4.826145541778283
51 93 0.029252322722784635
51 97 2.5117585170176833
51 101 2.51746567332108
51 102 7.320837884398276
51 104 0.6545272005813626
51 105 6.6334677221715745
51 106 3.924238888325006
51 125 0.9888807010334628
51 130 32.94339445857828
51 134 0.8647602836820876
51 139 0.6953668460147839
51 146 0.7555039091933792
51 147 1.0249408086224836
51 149 1.5315947688362286
51 154 130358570.047937
51 156 3.417768593213617
52 54 9.605099232287575
52 55 0.9061963220745953
52 58 2.954518872879249
52 61 0.48551076859822734
52 65 0.34556786425272196
52 69 1.0323529512745098
52 71 11.850199391833801
52 72 5.3177056500338304
52 75 2.025158405073056
52 77 3.073498635425257
52 79 6.169739965831355
52 84 3.4893322443035952
52 85 8.55461382693131
52 87 0.6700624687557373
52 91 0.059746856993533146
52 92 2.6695646617850834
52 99 0.009197032145943407
52 102 11.036693651686415
52 103 3.739649760860293
52 105 2.805404061006757
52 106 0.500483777088826
52 108 0.7393857973550046
52 117 3.452513954862032
52 125 0.07616777896597027
52 127 0.66066616249695
52 131 4.403082547925933
52 134 1.5409159405649144
52 135 1.7755827695198774
52 138 0.9784497835604249
52 140 2.079929958911028
52 145 0.6771679739053555
52 146 1.5805791751887766
52 147 5.033471828409781
52 151 1.2121916090681806
53 56 0.5484850309277165
53 65 0.4480132840209866
53 73 0.20650211273922428
53 75 1.8888603963822883
53 79 0.3231103034593219
53 85 0.0873294382269123
53 87 1.7664824732408853
53 98 1.1025626293369906
53 102 4.9322283317925795
53 112 0.24295613385583825
53 113 0.4292897203044975
53 116 1.695135067301798
53 117 1.0071672169977752
53 118 0.6537869705418199
53 122 4.098809663838643
53 126 0.06859016631527597
53 137 0.5899335702331668
53 142 1.0933527920705464
53 151 1.8025744598220932
54 55 8.229188001864037
54 57 3.0526570966211546
54 65 0.9202147620517425
54 69 2.291073818579733
54 71 658295.551303753
54 72 85343857.28366652
54 75 19.4340778918655
54 79 0.3705830382349905
54 84 1.064736082251112
54 87 2.018289112247091
54 89 7.8662515840480225
54 91 5.296092348207551
54 93 4.592993330347176
54 101 1.3346176698164298
54 103 0.06828605233578475
54 109 6.945594180454682
54 114 0.639547432557016
54 115 2.4898020348009315
54 124 0.2811368470895649
54 125 1.9985094417263105
54 126 5.988167980114541
54 128 0.7886274982790062
54 130 15.491052006324614
54 134 1.1187065981165993
54 146 0.3018191614127061
54 151 3.452846287032956
54 153 0.7600764365860478
54 154 72306025.40191506
54 157 4.361142059741
54 158 0.975333008593816
54 159 1.141637810208285
54 160 0.5489979155537895
55 63 0.3910285947630003
55 65 1.0861884178174113
55 68 0.06598916090835293
55 72 1.1779416173233506
55 77 0.09827332062764434
55 78 0.9762110981641726
55 89 12.502620846396491
55 90 1.2739736151319214
55 91 0.5435705679279766
55 101 0.17313092277815148
55 103 3.5755866142739476
55 107 0.7472238425463742
55 109 1.9342438269170374
55 110 3.271478543378432
55 111 1.201708474533048
55 112 0.5605333037114409
55 113 0.18443437824366976
55 115 0.3135364747449
55 117 0.8181201137506515
55 118 3.015711731513678
55 133 1.1971867657471478
55 134 0.36494102526520383
55 135 1.2139461542194163
55 137 17.01648229911195
55 138 0.25395041732968476
55 140 0.014309947992625182
55 141 0.67878009030341
55 143 2.7418967687914986
55 149 0.9423091166612597
55 159 1.2907194480751336
55 160 2.8911228101843984
56 58 2.1795118743961353
56 59 0.2214169016976324
56 61 1.9727315853786085
56 64 5.823459706368251
56 66 3.9781753245764038
56 67 5.2974409107919085
56 70 4.010870655069543
56 73 0.12355718654104407
56 77 0.7660630400918771
56 78 4.024492683712918
56 80 2.707701721198261
56 84 2.114041900498363
56 90 0.7115929915810189
56 92 1.1632389725366041
56 97 2.5905687902301864
56 104 0.10800375786426288
56 105 5.115095238667782
56 106 6.388811332669719
56 111 2.2127370479184387
56 115 1.4943696005475022
56 116 2.2665156448320776
56 120 11.79331009630009
56 122 0.47873999332804384
56 126 0.8666863999845072
56 130 8.045492039241642
56 131 2.7209660427681706
56 133 2.7203883483987754
56 137 13.758970658437011
56 139 0.9131778537169053
56 146 1.4105205674341366
56 147 0.13564489128766447
56 154 4.326819030090738
56 155 4.598112876629221
56 158 0.26029334019724054
56 160 1.206155670931127
57 68 0.5458697791061348
57 72 3.5111859702584653
57 79 0.9210112153460968
57 92 1.4667934188820564
57 93 0.044932751539422375
57 105 0.813245955128977
57 112 0.4722305711472358
57 113 1.3641543851573747
57 117 1.1911368027873657
57 129 0.29214657873966937
57 130 0.49990967676127124
57 133 0.5342877341303136
57 134 0.9172455786450522
57 138 2.0771592361232982
57 145 1.6312205531350634
57 161 0.29895147021853735
58 59 4.008789811359628
58 69 1.005486981995684
58 74 1.555898431859267
58 75 1.2394692288861713
58 76 0.4865031718865499
58 84 0.6377703278341268
58 88 1.6997904859792434
58 91 2.8874878085828097
58 94 0.27869128033016416
58 102 2.157859548138985
58 105 2.607426172234624
58 106 1.8223474145733007
58 110 1.566489436197877
58 111 3.034911804768347
58 114 0.5355056066336399
58 116 0.5242923814950625
58 117 4.364338634550573
58 118 2.060318726185435
58 121 0.003077862269676386
58 131 2.2023589544671522
58 134 0.8670192243040988
58 138 1.3641507727530982
58 146 0.11169788342874366
58 154 0.6723564954906415
58 156 1.0138453275239696
58 157 1.3530143085603454
59 63 4.076789242866159
59 67 0.10375481088961362
59 74 1.8430289340098829
59 75 0.5880969294491538
59 76 0.23293719659127557
59 79 1.5574722351215573
59 80 1.3585117638424438
59 85 0.04136279277414958
59 89 2.2375728031426236
59 91 0.48795756056547246
59 94 0.8138634560462076
59 96 0.6340497246636296
59 104 0.05248752112918812
59 108 1.8276502993348185
59 113 2.0875006058378127
59 116 0.007729248632984219
59 129 0.4157086795670905
59 131 3.0796986884623694
59 158 0.17732116321582772
59 160 2.705165865159424
60 96 1.6288873697183686
60 97 2.560507916536139
60 98 2.4315824271912554
60 101 0.253297734472129
60 104 2.1945280292402085
60 150 1.7626256161492104
61 68 0.7409879805174511
61 74 0.2501649563882893
61 87 1.0562642458868152
61 88 1.1488197217465104
61 96 0.7272386703486601
61 106 4.191482013866439
61 112 0.10362283781994724
61 117 5.881652362494662
61 131 0.10522782523845214
61 136 0.26261819991965846
61 146 0.7741903832903034
61 150 1.0629401512947836
61 161 3.3688689708699915
62 64 0.8610043545133205
62 65 0.1884142481322176
62 71 3.1215430020348096
62 79 0.38965356309709526
62 83 2.9687777743006434
62 87 0.6680102201925551
62 98 3.7275902962853698
62 108 2.3078745811496817
62 109 1.2848923678971895
62 115 0.8146275757069285
62 117 0.1022468239385057
62 120 5.9837939411223084
62 129 0.624663046514813
62 134 0.007951795541034604
62 137 3.283131770239561
62 151 1.1090100176735103
62 153 0.1897181679661336
62 157 0.8542368877231183
62 160 0.3114974726684786
63 64 0.7106609382288976
63 66 0.3754777941813306
63 68 1.6864822306016265
63 70 1.199083654971481
63 74 0.7742051824340046
63 87 0.7030347004479216
63 89 0.6089309903349408
63 99 2.162554879162877
63 108 1.3552304148581256
63 115 2.1030033273091493
63 121 1.7673541783025994
63 126 0.0011771938144292337
63 129 1.2949549196152759
63 131 0.9995689310789379
63 136 0.31369777748149397
63 137 6.056309257420657
63 139 0.06362283929296937
63 142 0.3960533150093724
63 144 0.34666332032770236
63 145 0.34624331273604203
63 148 1.5457132838084406
63 149 0.010830647241795275
63 152 5.954540335945142
63 153 1.1425697866324696
63 154 0.3844427690633081
63 161 0.37303530925097017
64 65 1.5357773295520527
64 66 0.07248109409232789
64 67 2715901.205926499
64 68 3.3331428549073827
64 69 1.8535985213835255
64 70 0.7110483548931158
64 72 64979618.81055182
64 73 2.7287474532507625
64 79 2.8201665271305183
64 85 57.162546688396944
64 87 1.7284951296007796
64 94 0.5186638540901847
64 101 13.827545077808635
64 102 0.8364430373743752
64 105 7.782811357390846
64 108 3.5611823649083987
64 109 5.3400695926715915
64 111 1.1939625965357648
64 114 0.8945279417906334
64 121 2.293055223762062
64 128 0.27684610453049097
64 132 17.20481130218682
64 133 1273551.0659820535
64 135 11.12431395620253
64 138 1.5912292698498207
64 139 0.11401482081753209
64 144 13.706456831469097
64 146 1.445728759784842
64 151 7.507416439339504
64 153 5.731184421522859
64 154 65333685.0102762
64 156 3.0836406875979456
64 158 1.566350169657023
64 159 1.9671928753631893
65 66 0.05897674096712231
65 74 0.991064272266015
65 77 2.668310680113181
65 80 0.3101415271967464
65 84 1.9762879458942493
65 89 0.1535251195857919
65 100 2.481501397792454
65 103 0.21630989169502324
65 107 0.6630474113636226
65 109 2.2213807346367833
65 112 0.23862009916410323
65 113 4.0767746401333715
65 114 0.27373221637277845
65 115 0.8672728844608467
65 122 0.29051872287130304
65 128 0.30441415146306444
65 130 0.09880525204662621
65 132 0.5469219369702433
65 134 0.2993035330284045
65 136 0.8054579351965699
65 138 0.003831146257237633
65 145 1.5064228792155592
65 152 0.6657017360079799
65 157 0.28708479375941387
65 158 0.21063033191534422
65 159 0.290731275553343
66 68 0.31033559195741445
66 74 7.89965424185246
66 76 2.197696819915734
66 77 2.6062105525368815
66 80 0.9385426688095575
66 82 2.6119694601968377
66 84 1.3558542360471852
66 97 6.924513618550924
66 106 0.3783195894907828
66 115 1.073754069562719
66 116 0.32128751398751243
66 117 0.46323072404550103
66 118 1.1047244031723757
66 120 2.1765137801668155
66 126 1.2102738526275711
66 129 0.24857886945761645
66 131 6.507896989225417
66 132 1.9996482450148387
66 135 0.5516904378773306
66 137 1.6579797781881733
66 138 0.7814156930291057
66 141 1.1704101509480653
66 142 0.6701730723854743
66 143 0.042426009905870594
66 146 0.2671156076948823
66 151 0.1288704789084847
66 157 0.18120961282605003
66 158 1.299875655397246
67 72 792101.4915663563
67 77 0.9149581987875457
67 85 0.5880143581311982
67 86 1.2001877758112764
67 87 0.748997238034607
67 88 2.5892061407516795
67 92 1.2290127084514892
67 94 0.24148673153914804
67 99 0.4689369902220039
67 101 19.115648402363885
67 106 2.544637996414145
67 111 0.34991217442393024
67 116 1.7325742594466638
67 117 5.0242672363439675
67 120 13.044290701269546
67 125 0.8111005115649452
67 129 7.236760020532367
67 133 17292776.969650086
67 136 0.13418826299982287
67 137 448490.3980388655
67 141 6.507678291515698
67 142 0.5534486268296898
67 143 0.7137625906596022
67 146 3.817110886709978
67 147 3.46630259464738
67 151 0.8366783452572981
67 153 2.0272419757409277
67 154 1093041.7338881935
67 156 0.3844736603432144
67 158 1.5912901595815292
67 160 0.22132029974814707
68 69 0.2972496690736775
68 70 0.4939577161591805
68 71 1.2535273456825982
68 73 0.5531214628448032
68 74 1.3483290388942701
68 76 0.6333162235178078
68 77 0.09770009527765015
68 78 0.34247186393701706
68 79 1.6436219058889752
68 82 0.0931280406718742
68 85 0.1945157421516541
68 87 0.06787195858215633
68 88 0.1550938727435949
68 91 0.2119801264104599
68 92 0.6440971570251645
68 93 0.25012797018913546
68 96 2.015907447928738
68 97 0.41875030775885724
68 106 1.7331808857835795
68 107 1.528821672473494
68 114 1.189617015611477
68 117 1.3262615627719097
68 125 1.4946134049280622
68 126 2.1503798183381457
68 128 0.6759149799342741
68 129 1.4012379146969483
68 131 0.21451521612001517
68 134 0.67606190619482
68 135 0.3358715801103381
68 136 0.23870235818148897
68 137 1.0155237607146246
68 139 0.6746728748027201
68 141 0.41293395611108413
68 151 2.3422626545773357
68 153 0.5290628050187383
68 154 2.294472128871577
68 161 1.7027224183313798
69 70 0.2260018754524983
69 71 7.049753966553615
69 72 1.4611290809387874
69 75 0.8464090904433434
69 81 1.5120058148658293
69 84 2.6683898833471247
69 85 1.8836821046778525
69 92 1.7415213245956105
69 94 0.11660865865397758
69 101 0.8092864654416267
69 109 0.24626371582351525
69 111 1.026109782742799
69 112 0.4861881255425952
69 113 4.4374811876517315
69 114 0.8492523567754532
69 116 0.21949623160666876
69 118 2.755889376686966
69 125 1.9914757132832057
69 126 1.0240227641218067
69 129 1.570258705709119
69 131 9.08688602959756
69 133 0.20553118970127388
69 134 0.07166582488907454
69 142 0.4286365777562005
69 146 1.1908950174787152
69 150 2.1829118194402906
69 151 0.2408691963265912
69 155 2.9043073221481452
69 157 4.5543863425354445
69 160 0.04237871974976427
70 71 1.566001579083632
70 74 1.3306097768699443
70 75 1.5449155740183904
70 79 3.2747102885240653
70 85 0.20983005467642712
70 97 0.1793287394291647
70 102 1.5212891643369186
70 108 0.1902698241669465
70 110 1.4958676315981
70 114 0.021374949150174224
70 117 1.12811397076486
70 131 1.4150526289835916
70 134 0.4826452435344889
70 136 3.083076067773109
70 137 0.7349826157513768
70 142 3.040725841184833
70 143 1.8438944751655582
70 146 0.5157331426202615
70 147 0.13717039876407944
70 150 0.3798619439539257
70 151 1.63044641147915
70 153 0.36284243648919134
70 159 0.11308835462809634
70 161 0.4604819902598422
71 72 11114608.26477983
71 73 5.061198883927006
71 74 457766.9005736292
71 75 6.783903571105504
71 77 0.045023070462990325
71 82 0.46408590034373975
71 91 0.7801501939005234
71 94 0.21986200155019228
71 96 4.619699126169626
71 99 1.0867323716406112
71 108 9.313639092613123
71 109 0.5082160111752307
71 111 4.311791290579982
71 112 2.4595228721259974
71 113 7.272430597914902
71 121 0.5288205546260561
71 124 1.1135062788199788
71 127 1.3804179313164735
71 129 1.1902435462869339
71 134 3.745385181277368
71 138 1.6799601025052036
71 142 0.6603479030608308
71 143 2.0496941146169947
71 145 0.3473205519300008
71 146 0.22662585430078497
71 149 0.5603531352383333
71 153 10.284885912048809
71 154 1050726.6559167998
71 157 4.328920879037092
71 160 0.823825948127942
71 161 7.736404440135858
72 74 126981458.68384248
72 77 1.556832831504797
72 79 4.493686616600234
72 84 1.329378145058079
72 96 3.611013617181514
72 99 0.52997392465559
72 101 4.2761759900561715
72 105 2.236430711741163
72 106 1.4607508971971963
72 107 1394651.1233310485
72 109 1.7309263902359686
72 113 2.1872008566542296
72 117 21.7959419073543
72 131 471.14628555824675
72 134 0.989090282607727
72 137 12221859.687634924
72 139 2.217119167388949
72 141 3.1327446719815017
72 144 2.1325583570393283
72 145 1.0188615190329924
72 146 2.209397723738346
72 151 1.4847385203148644
72 153 0.8468786513664338
72 154 10137560.004495397
72 160 3.3821824298596876
72 161 9.804028293001624
73 77 1.6185572964516342
73 87 1.1346671656399336
73 88 0.3679345751986644
73 90 1.292596734359579
73 92 1.6251180242421215
73 94 0.5775995309249268
73 96 0.7030732805628083
73 97 1.2044447826989622
73 100 0.26173921587327514
73 102 0.7192000197337542
73 104 0.17418259502090055
73 106 1.4686859636158451
73 109 0.16694704830200333
73 110 0.29727988956793416
73 111 0.5321698151539097
73 113 1.616140606211334
73 115 0.1794215324338434
73 119 2.7760088018758147
73 125 1.9035877752327142
73 129 0.8977550115719076
73 132 1.390246834327166
73 134 1.8474143379639751
73 135 0.4293185261143424
73 137 0.7836677933254184
73 138 0.13724525954355307
73 139 0.30184908474540256
73 143 0.2741879440878236
73 144 0.3666480719231012
73 145 0.04939988990876599
73 157 1.016184136751071
73 158 0.3462692799822101
73 161 0.20594414002168546
74 80 0.29130065764681634
74 87 0.5174489959820336
74 91 3.798531541217695
74 92 0.6583415240483341
74 97 7.075035450429106
74 98 4.126105258137783
74 100 2.0025608909064743
74 103 1.3079621626895237
74 109 1.396760932397102
74 113 2.5346573457965946
74 114 2.045702282578467
74 115 3.1397925185387043
74 125 4.543218024133886
74 132 2.6158732913590397
74 133 7669360.611846272
74 135 1.588143257625659
74 139 0.04445414078108499
74 141 0.09784019495221953
74 149 1.031259718506922
74 151 0.14173954898012936
74 152 11382175.479179772
74 155 2.129534766576672
75 76 1.0677196102350488
75 88 7.461251235681549
75 91 0.09105227596970812
75 92 2.455632217346487
75 93 4.4530697674120745
75 97 3.765526966076263
75 104 0.10052892874502879
75 111 1.1157306453862388
75 113 1.3436311697679102
75 115 1.6805069227526284
75 128 0.42275959801753726
75 129 0.8718083503830149
75 131 14.848639955255406
75 138 1.4434980920280958
75 139 0.5653279976501054
75 150 1.8991437268284923
75 151 1.2544741831065565
75 152 8.541194419869889
75 154 6.361262884645247
75 157 0.9730088540827209
75 158 0.8022870747995114
75 160 7.814392725886497
76 82 0.165579065371137
76 109 0.5243981639155684
76 110 0.911163241139956
76 111 0.4024978248079966
76 115 0.8188504589076806
76 119 0.5968209106981642
76 147 0.6477632068170124
77 82 0.05511554454639772
77 85 0.8795617025406466
77 88 1.8348829430566378
77 89 1.5269709488906034
77 91 0.500940633617374
77 99 1.9897303497773406
77 102 0.041378625524841874
77 105 0.18127479346915007
77 107 4.16679132029488
77 110 1.2517143568159776
77 112 0.9744703553969513
77 114 0.22960301604399774
77 117 1.049192357014617
77 118 0.9604491494280507
77 125 0.9544958381128721
77 126 0.13827205365436726
77 129 0.022576986880257242
77 130 1.7804382708348419
77 133 2.5033902375155197
77 141 1.0026910428085594
77 145 0.7747531974182869
77 147 1.0577591072520376
77 154 0.08675635606765868
77 157 0.05930659754954955
77 161 1.074454495895159
78 101 1.024743451663469
78 122 0.604623768636875
78 146 1.1789456394093725
79 87 0.3030991685802678
79 89 5.102076252123074
79 92 1.2148171677292603
79 93 2.074693036566444
79 94 1.9808342539325237
79 99 0.18112496372510475
79 101 0.7306050935539894
79 102 1.5802191314293252
79 106 1.6894553916988357
79 107 7.938586109707951
79 110 0.19868914843058444
79 117 0.253324121410807
79 118 2.4983488434224803
79 120 5.891462865400712
79 124 0.571180019668939
79 126 0.4857662259196234
79 133 4.795504944110118
79 135 1.6216127580854047
79 138 0.029616989014221773
79 139 4.87664763320689
79 145 0.7685215684066699
79 146 2.6803630238365197
79 147 0.2050266977978623
79 152 11.297287268216694
79 157 0.6521914587043629
80 89 1.0595824382248737
80 91 0.07915163614109644
80 92 0.432247345787928
80 94 0.2902452607834605
80 98 0.24377674720320966
80 100 0.3057191017955184
80 107 1.703770079855766
80 108 2.075158627050106
80 110 0.09904359787288013
80 111 0.8856934184373786
80 114 0.38112777521358937
80 115 1.8224460633001247
80 118 0.21994522835469768
80 128 0.9645437327172903
80 134 0.05288202903645434
80 139 0.6874128503048452
80 149 0.4341636839906198
80 152 4.172921707013655
80 153 0.182839461113904
80 154 1.2093296530975595
80 158 0.26341304732030196
80 161 0.6605260916476215
81 84 4.049276925611901
81 86 0.2827181889171617
81 89 0.3368706209507359
81 94 0.1605128768994355
81 135 1.958539109798023
81 147 0.09377443670670467
81 152 3.589634991228609
82 91 0.4530771028882736
82 101 0.5374164500812435
82 126 1.8560697106145667
82 131 4.274313336664304
82 133 0.8844324918747033
82 144 0.6234616565923062
82 145 0.8601812202138517
82 152 1.332320389220674
82 156 1.0742618370255965
82 158 0.199346371593123
83 101 0.030487995897332566
83 109 0.3750717388342757
83 116 3.9612792278456523
83 117 0.30360879364620297
83 133 3.313923881054152
83 134 4.506607043748368
83 146 0.04132651084015497
84 97 3.483628505665944
84 98 4.6651499788798985
84 105 1.170020778204136
84 107 0.13423750246067997
84 109 0.5089927222585378
84 111 1.1721448080547432
84 113 0.02731327939032447
84 119 8.24525949852324
84 125 0.12270354165634109
84 126 1.4583978966562685
84 131 2.293418595239496
84 133 0.7202228087822281
84 134 0.5219177324194293
84 137 12.39979058045416
84 138 5.414151711086632
84 139 1.444480955953578
84 141 2.8338146549774987
84 143 0.3999961275757404
84 144 2.1035813701510615
84 145 1.4532322611100361
84 146 0.39363761777965356
84 147 1.0457234494127265
84 153 1.8349518424821327
84 154 2.3855903108646785
84 157 2.2628494648030055
84 158 2.303098587276025
85 94 1.6914173648877888
85 99 1.5206100525055046
85 119 3.6469603152706136
85 120 11.361177233869533
85 134 4.010275401881208
85 137 15.62423232947073
85 146 0.19640395441758304
85 152 10.536119000370805
85 154 17.518536451101788
85 157 0.5100735070910489
85 158 1.0690189683954445
85 161 3.6558317622268603
86 88 3.725542968696947
86 90 0.04278242935927006
86 99 0.1391675899805189
86 109 0.10895939925876921
86 114 0.2529071381548901
86 125 3.5729753622964844
86 128 0.12097331423136497
86 147 3.044999565812475
86 151 0.23578735296928485
87 98 0.6008517149502686
87 99 0.03008368636122625
87 100 1.1542810372829895
87 102 0.9583644272840836
87 103 1.267860472522856
87 104 0.4098269240727679
87 105 0.24761884275698456
87 107 0.5471932937648475
87 114 0.982063824624343
87 115 1.0519266183710088
87 118 0.16133779168806245
87 126 0.13541369638479248
87 131 0.012750734830292338
87 134 0.34070355415478376
87 135 0.2523199650374195
87 137 0.3334025162194526
87 138 0.4530419260962486
87 141 3.9515299112256015
87 153 0.01274226372722526
87 154 0.4027773319412651
87 157 0.8914027565470621
87 158 0.1097116164045589
88 90 1.5232750068573184
88 93 5.499396911295071
88 101 0.17124311804708062
88 104 0.38543625040369234
88 107 37.60788636162273
88 111 0.4348700484610553
88 115 0.33570858427448186
88 127 0.2742291432538284
88 133 2.749924052902897
88 149 1.997553654430255
88 154 1.3135318094485988
88 157 0.14625603568427847
88 158 0.01274381692755492
88 159 1.4434379461320153
89 94 0.5846436028787274
89 97 2.15708231028331
89 99 2.1675659182747333
89 101 0.37794079809213416
89 102 0.5997728022754228
89 109 0.430393390302232
89 111 0.5809805649288308
89 114 0.22989841708885886
89 115 1.0657132536340699
89 116 2.176089080709135
89 117 3.035842109098468
89 118 8.56462992598342
89 127 0.6466472193166373
89 129 0.3904364235250827
89 134 1.1565310491043999
89 135 1.8741996459727355
89 139 0.7498348911248146
89 147 1.134356296641389
89 151 1.9790083396742157
89 152 3.5889877297847814
89 153 1.5621190770851021
89 154 13.009267952740023
89 155 1.884851090279514
90 98 0.5883379235043102
90 103 0.676574921713439
90 108 0.05978775133783979
90 111 0.9140805078397478
90 115 0.8689802214666509
90 131 0.3464329146260942
90 137 0.29715603003869795
90 147 1.5471437264791732
90 149 0.37715867971837835
90 153 2.5287483161899327
90 155 0.7914934575109875
90 158 1.5458125554298252
90 161 1.1364902707541713
91 95 0.7954230512901754
91 97 1.955651799189178
91 100 0.09334797606282162
91 115 0.04858161328821521
91 130 1.7884427641696605
91 133 1.7826097359775495
91 138 0.5222468828370704
91 141 6.499033079739511
91 145 0.1482213841057561
91 146 1.3739908215159367
91 152 3.5622453572565482
91 157 0.203724815472077
92 95 2.037636891745298
92 100 0.20680303511761344
92 115 0.061936982741420635
92 128 0.9767430403501473
92 151 0.9541846309630422
92 155 1.3553367223408948
92 160 1.1221643954129044
93 97 1.8084251258418491
93 99 0.9575276101161455
93 106 3.6411783787381884
93 116 0.6364651058632255
93 117 0.9413183017851398
93 118 15.609252201941345
93 125 0.6205778913821022
93 149 0.36381264526539325
93 152 23.136935048190207
93 153 0.09638924438141373
93 156 1.053925109739207
93 161 0.7718944148348174
94 95 4.910009140443495
94 97 0.03436355520078971
94 98 1.0077526441717493
94 102 0.036433406295249
94 103 0.07742175599067942
94 104 0.13488195378140116
94 108 0.3602980743782253
94 111 1.7085117988812542
94 112 1.3702767306893275
94 113 0.08182450947182827
94 115 0.5722984283143406
94 116 1.5300034377865113
94 118 0.865747263414317
94 127 0.04256502154044216
94 129 2.7169875531963212
94 130 1.1026401906841228
94 132 0.44476702132531715
94 133 0.3689409206098081
94 137 2.1829595927697385
94 139 0.05771900523937867
94 142 3.794412980592709
94 147 1.004748716244743
94 149 0.2937836852926055
94 153 0.9735693063585622
94 154 0.9887692100361359
95 98 2.7201085617000906
95 101 0.4413206874915409
95 109 0.3616114971135975
95 122 4.046438685664597
95 125 4.9678942672174635
95 138 0.32561934294755507
95 142 0.08761140893801735
96 98 2.0187151055275057
96 129 0.31982581846010394
96 134 2.9724410331328093
96 136 2.526918805202719
96 161 0.2550780360979019
97 98 0.531548626353157
97 101 0.3446742951082508
97 104 1.8905622816315777
97 105 0.7532293017795683
97 107 18.687759666244705
97 109 0.6940794745712606
97 114 0.6992490088788531
97 115 4.0310058091910195
97 116 1.0832062733213492
97 118 0.3040004601857984
97 125 1.7696603787092036
97 127 0.5854111280535087
97 130 0.09049184584359399
97 133 5.119553602659545
97 138 0.1852253231147717
97 141 0.8697850672728947
97 142 0.9300516727611419
97 145 0.43556887887278767
97 146 1.8598588775321157
97 147 1.5494360597535703
97 152 0.9061853859766077
97 157 0.24954343240404317
97 160 0.13461480731745123
98 99 1.3414292508501802
98 101 18.98811262414928
98 106 0.06658131311149007
98 107 2.922672146639271
98 112 0.5825252062333329
98 113 0.30792110704527437
98 114 0.6535027510828566
98 117 0.15101259520328766
98 118 44.912313231978715
98 129 0.40649381916081484
98 131 5.241591630819613
98 132 0.634747825077237
98 134 0.10602849953478308
98 136 0.1320914612197554
98 145 0.006173705514149149
98 146 3.4639600104619084
98 150 0.46608202016639305
98 157 4.289262672681625
98 158 2.901978211743999
98 160 0.25739698314273324
99 101 0.9269201249836309
99 105 2.896101434837331
99 113 0.8532604228431158
99 115 0.9386036869700721
99 118 0.02796605176133618
99 121 0.2771067427222837
99 124 0.6890421162931225
99 126 0.2823387399673294
99 129 0.03593938618963991
99 133 3.45820266476415
99 134 1.7322039951408374
99 136 0.25685734710893326
99 137 2.5506841346779097
99 140 0.2769132212939476
99 142 3.060502988625217
99 146 0.07935468464326931
99 147 0.0966035788087523
99 152 1.7601830132687177
99 158 3.0796160994238018
99 159 0.6430078554270212
99 160 0.7165050476347015
100 102 2.827455971634144
100 121 1.316954510139569
100 126 0.3953620693450822
100 127 1.2008548955730143
100 128 0.1932529350143045
100 133 0.07548650526778136
100 137 1.8061714595826086
100 147 0.5027623178681694
100 151 0.49694037481760645
101 105 0.29382223404254765
101 108 0.39214407186093136
101 112 0.13829239069371246
101 113 0.05680252728136292
101 114 2.3445345885323525
101 115 2.1709443950262624
101 118 0.8249071616852167
101 119 2.891148355563297
101 122 9.317464659159883
101 132 0.5846951994207459
101 133 2.614707419140988
101 134 0.8900957575449302
101 135 0.5275980582670876
101 139 1.4548603046264579
101 141 0.7623682956772809
101 145 3.2980074940682913
101 151 0.07432574019225514
101 154 1.7435574880077838
101 155 0.3940771589550282
101 158 0.9350302383850065
101 159 5.72273711086518
101 160 2.587950776314189
102 110 0.03551772909340557
102 115 0.6569338728489639
102 117 1.7745725696688617
102 126 0.7722784015766336
102 127 0.19465203127769676
102 129 3.1897912453161976
102 134 0.13635547347704846
102 135 2.336438300452205
102 137 4.556289968806691
102 139 1.0994406187277668
102 148 6.567308523180981
102 150 0.5794075731243536
102 153 0.01690169756488871
102 154 2.1400505192640606
102 158 0.9790688122537287
102 159 3.275835178029437
103 105 0.3661922960437393
103 107 1.7788112264897884
103 110 1.3369036755472459
103 112 1.322875539460217
103 117 0.3097342814110062
103 125 0.5993280204947095
103 128 1.1753520572477143
103 129 1.6189138574235218
103 130 1.9559252067239457
103 131 0.256673631700458
103 133 0.21289494054117078
103 146 0.2351936396934137
103 147 0.9247746536703159
103 159 0.9055628764513604
104 106 0.16579106951446282
104 111 1.1723345865824653
104 116 0.2773343438912341
104 130 0.6179402801769223
104 131 0.6585940176930392
104 134 0.012043388488613242
104 139 0.2736781926429343
104 140 0.7307230945028651
104 144 0.530751946264877
104 145 0.8653074107257188
105 111 1.4931337512284002
105 117 0.8898468920094191
105 124 3.197059854865149
105 126 6.825658089219306
105 134 0.4834338144012324
105 138 0.19343078862370042
105 139 0.4312428991069645
105 142 0.07985598537955894
105 143 1.8787205214902463
105 144 1.6560389045770993
105 145 0.09517524077167909
105 147 3.554748970422714
105 150 0.14436411674249675
105 161 1.5905996010839205
106 111 2.438452256402226
106 113 1.082673168266973
106 122 0.8449098393958144
106 131 1.6344802284088968
106 136 0.030708588776503877
106 137 4.684689357335275
106 138 0.37840584741898065
106 142 0.2631703475824085
106 144 3.9140060142760427
106 147 2.3573400853893958
106 149 0.13696382881361244
106 151 0.5516252717591036
106 152 3.8399610006704594
106 153 1.6381500423397488
106 154 5.501378827309391
106 157 0.4012943294667933
106 160 2.216476079292312
107 109 0.30538007036311404
107 133 530239.8597537043
107 138 1.5821657080061342
107 142 1.4876749499663728
107 143 1.0573747507777669
107 146 0.2008112830326925
107 147 2.367558213264206
107 152 1387879.770134
107 154 1212629.5416454508
108 109 1.281409624670265
108 113 0.41875063885844316
108 115 0.019150432448089342
108 118 4.076677832799259
108 120 0.2096948691591515
108 123 0.9255744786979375
108 125 0.4834436567711077
108 127 0.4060094834639035
108 129 1.0024648187421425
108 131 3.2688409857910328
108 132 2.304945245460416
108 133 6.8466493063341805
108 137 1.5729792769024697
108 139 0.014209311857552791
108 141 1.274005229647526
108 145 1.9084445785348807
108 149 0.2734756473914757
108 150 0.5778891839777902
108 152 2.8136339842617626
108 157 4.4077706712937355
109 113 1.269849892504738
109 123 3.526313452064714
109 126 0.9517736489386208
109 129 2.3087639038367698
109 135 2.191810037756352
109 137 1.8714762965492089
109 145 0.4919414725301167
109 147 1.9751286893213604
109 149 0.2789000110416725
109 151 0.027964016444122126
109 153 1.4177637614711651
109 157 0.25730816768890646
109 159 0.4377015086751378
109 160 0.599594670165747
109 161 2.2510109555404894
110 116 2.7417185684187695
110 117 2.23159862261744
110 139 1.7053954929826811
110 146 1.606506222307164
110 153 1.9215983355878568
110 154 53.56497835958663
110 155 0.5584309592173948
111 114 0.12932169176270014
111 115 7.046988770683239
111 122 1.966714652127475
111 127 0.22656605960160678
111 133 3.358649829880874
111 142 0.39485669921187244
111 151 0.21641819075269647
111 158 0.0972386188237014
112 115 3.149079591180169
112 117 2.5997451185863247
112 121 2.655412539521203
112 122 5.018003202722478
112 124 2.8176920017027496
112 125 1.0526536760971035
112 127 0.2743193187895608
112 129 5.415434271661411
112 135 5.842581948703627
112 136 0.9458160604537807
112 138 3.1181747430562403
112 139 0.26334640563520345
112 142 1.354488023703439
112 143 0.4732021312639596
112 150 2.599497693229679
112 156 0.13236307890397336
113 114 0.17864042181756978
113 115 0.1579839872617147
113 122 0.27313929249735586
113 133 1.512413549745097
113 136 0.2549112889903474
113 140 0.09220519014614341
113 142 0.38714066364841354
113 147 2.4401566127421974
113 150 0.6274845146242928
113 158 1.4925643311414452
113 160 1.9193767199612801
114 115 4.61135629298561
114 118 0.2804678513948959
114 121 0.131812326309264
114 125 1.1889021103480453
114 126 0.2931359974220594
114 129 0.4954707247660196
114 131 1.8922829091868194
114 135 3.6179502957675655
114 137 1.210889540952117
114 141 0.009049471922283494
114 146 0.1742668558177347
114 147 0.10610050099249965
114 149 0.14813504928532018
114 151 0.11768586621610524
114 153 0.5103693110950114
114 154 1.0105105961297431
114 157 0.470033273186893
115 118 0.36818132190794317
115 125 2.4420605532861552
115 129 2.0324020087288805
115 137 3.272652891516677
115 143 0.5658013427636728
115 146 0.05098926556538594
115 152 4.214817543567595
115 153 1.4453316694077283
115 157 0.43222554537986396
115 159 2.6922507882310436
116 118 1.9254482922270904
116 121 2.232409038992298
116 127 0.5173521620697191
116 128 1.300187141592011
116 132 1.2696834157505754
116 137 0.48088567269055865
116 138 0.4802963329739293
116 141 1.14923843853423
116 142 0.6176620366087854
116 143 0.8866782211010651
116 147 0.02985188327533997
116 157 1.8790387883782713
116 161 1.2211114202045843
117 118 1.283593650571898
117 129 0.4078384124648859
117 135 4.261443305590628
117 142 0.7213315474628619
117 145 0.050469578132297854
117 146 0.07562124068504437
117 150 1.7582622424418324
117 157 0.4621152305653267
117 160 0.2672135653259197
118 119 4.37567374187399
118 123 1.092214652979936
118 131 1.7715893546093135
118 132 7.0037174286497
118 144 0.203684131816223
118 145 0.8430605583168174
118 147 7.960612994631863
118 148 21.36067668503491
118 149 0.2556392356851406
118 152 250690.92080145358
118 153 6.138080944899011
118 154 72515833.22008857
118 156 1.2617490974279237
118 158 0.5479377036839066
118 160 3.597831952196087
119 134 0.4763417003888988
119 140 0.6760271419645038
120 135 2.587115676570171
120 147 3.8105521551907056
120 158 0.8333001007796869
121 125 1.0749787076949688
121 129 0.35402225121415765
121 138 1.1904509507380592
121 139 0.6688483324161707
121 146 0.15937870799438814
121 147 0.2226917798013839
121 150 0.2938492484366532
121 154 2.7304788980920573
121 160 0.17678309870473652
122 130 3.135902664656372
122 133 2.136586481214518
122 134 0.665566488562907
122 137 9.925621104681305
122 154 1.6481849943786326
122 160 6.959347157097995
123 153 1.00673801786092
124 141 0.4294262020663236
124 150 1.119626220236934
124 154 1.3709363506069854
124 156 0.608467526898299
124 158 0.4447075363502312
125 133 1.5619315293555494
125 134 1.4504909128684862
125 135 2.0922652437199547
125 137 4.009628120527233
125 139 0.7627738279646327
125 142 0.04202625086398083
125 147 0.6352539802515557
125 148 0.9451209357416657
125 154 0.16894305179840666
125 156 0.13384659056925563
125 157 1.252339304605272
126 127 1.1273005925075528
126 129 3.7327377350714275
126 131 1.5560898291352878
126 137 1.1501990691505612
126 142 2.2561687971003677
126 156 1.6868852820048355
126 159 2.041259204954078
127 138 0.4779128936684816
127 141 0.5068745677300047
127 142 1.687662336640321
127 146 0.26443837401794373
128 137 6.808852970626754
128 138 0.32491372769390287
128 141 0.723655370615328
128 145 0.042621119309462274
128 160 0.21761462954604752
129 131 1.9755572807166042
129 133 1.179126939703021
129 134 3.082264513056269
129 136 0.4620892345950684
129 144 0.320339744250386
129 153 1.53584763133509
129 160 0.4466483579521235
129 161 0.06531274871708626
130 133 67.36584560252294
130 146 0.8894563001231166
130 157 1.7076352328368722
131 132 8.607988240556338
131 135 3.8234900388593283
131 136 15.329480577423075
131 137 139.2249462355261
131 138 0.46159032911295944
131 141 2.343415879348284
131 147 2.96768706265465
131 151 0.6587731562224959
131 153 1.596195846783111
131 154 170.6282392647634
131 156 0.23368157315600407
131 158 0.8266414220854769
131 159 5.521456286593596
132 133 13.52297609692649
132 147 6.459511125043026
132 150 0.3780383384247329
132 152 24.22521467951143
132 157 0.6393526455661722
133 134 0.2853994081921721
133 136 2.2354899450733376
133 143 0.026076563853627367
133 145 0.14398762637136064
133 147 1.3856717513659516
133 151 0.4727847619778951
133 152 9596244.933007125
133 154 42403339.83676429
133 161 5.481210551380975
134 137 5.324144775074722
134 140 0.05135130117613189
134 151 0.7573553445518654
134 156 0.6158521904210095
134 157 2.6500447230216584
134 159 3.072138311011355
135 137 4.715981008530772
135 141 0.7203350398805913
135 142 0.4223086240172339
135 151 0.07576636254743087
135 152 16.39574361343662
135 153 2.743262743963613
135 157 1.4330785996976707
135 159 1.55392880520311
135 160 0.5156964165020975
136 139 0.8042581823757408
136 150 0.24588931562435648
136 151 0.4164040228338758
136 152 0.9932394928768962
136 153 0.37289694752087776
137 142 0.5599091993178559
137 147 1.2690278478406736
137 149 0.6377632321381088
137 151 2.6610435720821477
137 153 3.4783393501639797
137 158 0.3317929454023753
138 144 0.6314243591202808
138 153 0.8760956427103628
138 154 3.3883878769813633
138 157 0.1600210436790127
138 159 0.08103693630912102
139 143 0.21907252975042707
139 146 0.4767346727482518
139 154 0.1392862101859986
139 157 0.7599881870870888
139 160 1.9002829217537944
140 147 1.2798551360865875
140 154 0.6117394052210694
141 143 2.3870927294969393
141 145 2.0690251881041593
141 149 0.3464566758137589
141 154 0.0291740775180122
141 157 1.0658497583826163
141 160 0.7498800260843355
141 161 4.321391075908916
142 145 2.5279527028152478
142 146 0.19832641371716986
142 150 1.05176667083648
142 153 4.301507505849282
142 157 0.22886735426421823
142 158 0.2740002115647963
143 152 1.0492321414261774
143 155 0.6583319026375222
144 147 1.0169931422247516
145 147 0.25165853653429204
145 148 0.031711694783015026
145 152 0.9902492716842483
145 153 1.6357188519002357
145 156 0.18322214817326885
145 157 1.9520362701650789
145 159 0.5947134160346309
145 160 0.4160826931730753
146 148 2.385290569565915
147 152 5.35406042370502
147 153 2.115662724873082
147 156 0.8515144245161976
148 161 3.0547924528981163
149 153 0.3077910095671892
149 158 0.03800475208148166
150 161 2.320455566569626
151 154 0.9624273677935816
151 157 0.08835575597999484
151 158 0.5615983739884749
152 157 1.1161155641586373
154 159 13.101996448162362
155 158 0.49578430268548884
158 159 0.06798679866046703
158 161 0.3777495219117774
