0 4 4.54361632970695
0 11 0.11704731505227464
0 18 37.70428510867567
0 24 2.208744762877005
0 25 0.8322098032882964
0 26 23.043161069268102
0 31 49.41961740628582
0 32 0.2323396893773179
0 41 12.57583334229202
0 44 8.526222120168468
0 46 1.2645320918781515
0 50 3.5943277451575586
0 63 6.842789974704132
0 66 0.40542275965202434
0 67 1.8000764642942875
0 72 39.6052230534863
0 73 1.670219079877131
0 74 35.61362157662784
0 89 0.9872794854578798
0 94 0.8156083337302471
0 97 2.260641039712588
0 103 3.815089259035376
0 104 0.9715684773479373
0 106 5.916862536327121
0 118 1.1533279174318507
0 119 0.3906001519312548
0 127 1.956509183827531
0 133 2.564396154163471
0 134 3.031937331193873
0 135 1.1653389014058368
0 139 0.8561760192619791
0 146 1.1137722583435967
0 152 14.089094684849085
0 153 2.550982630586162
0 158 0.5765007568770667
1 9 0.5118558099904043
1 19 36.02938226743745
1 26 94.99346750148217
1 27 3.6232202746799214
1 33 1.8802651606625729
1 35 0.870822086085626
1 40 1.409551161886372
1 41 1.0899925032653048
1 43 6.938959649626891
1 45 1.3116949337962782
1 47 6.698063495396908
1 52 0.7161106151950719
1 66 9.607592715784305
1 70 1.345643029329737
1 72 81.47674201880787
1 73 1.4924560511616642
1 80 4.5822054552104685
1 83 1.020464056761243
1 88 5.924720213705415
1 89 4.126578457095263
1 94 3.0549451403995542
1 96 0.24391008529181016
1 102 1.9402164289733674
1 105 0.7422844581934923
1 106 3.844467729982718
1 111 0.36709789377441093
1 116 1.5712981806081694
1 118 1.164279227071201
1 125 1.634222323780325
1 135 2.0725703512892513
1 136 0.2604822422278905
1 138 0.09772395947830657
1 152 159.24709429147532
1 153 3.4207446914277204
2 7 2.138653866689678
2 10 0.449035850146248
2 11 0.17427467092364532
2 22 0.5580194315341601
2 26 0.22343200037631572
2 36 3.1979972598399318
2 38 0.403492699826706
2 39 0.9706936983286001
2 40 1.2407438805817512
2 42 0.14260887831118577
2 51 0.2351999684676018
2 54 0.8801073258363067
2 56 1.2184676407319586
2 65 0.6207753096010911
2 71 1.1406968296914552
2 74 2.454151051146889
2 75 0.48291744776915724
2 89 0.08414428395327045
2 90 0.041551497899970584
2 103 0.8831544127649353
2 105 0.5912770463978172
2 114 2.1323228214955603
2 125 0.8979884760065167
2 129 1.4828869116827057
2 134 2.3108920199020333
2 147 0.5686989111469635
2 159 0.3045087712021277
3 5 0.19673072584703305
3 7 0.4673128754447968
3 14 0.09861720723237725
3 29 2.3494543753325465
3 36 1.885819252732299
3 38 0.19639034920589146
3 41 0.20901019858252176
3 42 1.4807778648579273
3 54 1.8207413310279468
3 61 2.18671607931695
3 62 0.6494905898436322
3 65 0.5142527927688509
3 68 0.01656550436332124
3 69 2.7768529306309797
3 75 0.2817472914590745
3 85 0.24740524263502897
3 86 1.407004315354316
3 89 0.025287103896824745
3 97 1.7358850705476983
3 101 0.42692289126891975
3 103 1.1473819993806187
3 109 0.024277131436611248
3 128 0.045698657348609055
3 134 1.869779127978362
3 135 1.7234372640228408
3 138 0.04387773227611868
3 142 2.265036845282222
3 147 2.1585918342319705
3 152 1.0367599300423076
3 157 1.315013295888346
3 158 0.6013636663079635
3 160 0.054367144072772815
4 7 1.5794999416906514
4 9 0.20757208986291056
4 12 0.9738860995240198
4 14 1.3672668363145988
4 19 0.9171639742960999
4 20 0.656208970102636
4 23 3.1662296110053187
4 25 0.3976196539106227
4 30 0.30225757924542757
4 31 2.5119105588296455
4 34 0.3279310389212075
4 37 0.17769595990039494
4 43 0.031505433431529103
4 44 0.7567958174298486
4 46 2.7945967246957566
4 47 0.33928371042732497
4 49 2.035395537540865
4 52 1.1143313042563385
4 54 0.6127569255715993
4 55 0.013347815246606526
4 56 0.3979897286388596
4 61 0.16744991711399657
4 62 0.024737076298472462
4 65 1.1848872050000543
4 68 2.0404365732736167
4 71 1.510179581966416
4 74 1.0811926780521306
4 77 7.753029236043706
4 84 2.3731468898994983
4 85 0.7046605369769642
4 87 0.13154827589964602
4 89 0.513699079845295
4 95 0.30003280221670936
4 98 1.496491919259054
4 101 9.626258216302483
4 102 0.7996777468557901
4 105 0.31686871949069734
4 106 1.1460301639764916
4 107 0.08484748486708836
4 111 0.328254950982093
4 112 1.0656460801347531
4 115 0.21988980528433316
4 118 1.4402306765068065
4 122 0.0242078845104417
4 125 0.311354906936146
4 135 0.01785738694620608
4 136 0.15525995738398735
4 137 0.5534806882553249
4 138 0.8726089632702078
4 142 1.21881339890641
4 144 0.2796230424174602
4 147 0.8171590868046047
4 153 0.43255602857898284
4 154 0.44175816606146673
4 157 0.5415498127682218
4 159 0.18199739282352018
5 6 1.1421292841759136
5 26 0.28550068648104576
5 29 1.4522105176093922
5 40 0.05639340263301347
5 47 0.9652645041706355
5 49 1.1504700148244753
5 54 5.1916506567581715
5 67 0.11864619743000647
5 70 2.9521780787614706
5 72 0.07260585194460113
5 79 0.951412951889894
5 87 0.014026349656296327
5 90 1.2168093922781038
5 91 1.0559462750019244
5 106 1.46796969904109
5 135 0.09166438045357252
5 160 0.27724609766074626
6 7 66.10840514556836
6 9 1.9590642695585483
6 11 6.345231866180942
6 14 0.9592683928203583
6 15 4.532931997192816
6 31 29.937677095393692
6 36 3.365833811171151
6 37 2.688607427561302
6 38 0.33047925511308046
6 40 0.6605311649869741
6 41 3.0109890475423122
6 43 2.4996140542857597
6 46 3.2050078714824504
6 50 0.9347715684286301
6 52 2.479806019362998
6 54 8.695590542905935
6 55 0.0010189589046652905
6 58 3.822376231091918
6 59 0.20829686389303573
6 65 14.605381932800768
6 66 9.029451195740045
6 71 4.8015429517029204
6 72 76.27807464212844
6 80 11.910589601560396
6 95 0.7854194868120973
6 99 0.23852151609305422
6 101 99.36190944984955
6 102 3.1397368355148303
6 103 0.687780895553328
6 109 2.417165560553685
6 112 0.3690382892807465
6 113 0.12177715425676411
6 114 1.7300603589631107
6 125 0.6120981788948789
6 126 0.07124248179079834
6 129 0.15234381970068
6 131 1.309247835626888
6 134 0.748509738111175
6 135 0.8592539311417832
6 136 0.09586694510978191
6 139 2.217949980623703
6 141 1.5316089268306812
6 142 29.591228189488508
6 145 5.129674518518906
6 146 4.777608656961125
6 147 115.74685162515422
6 148 1.7330338118232722
6 151 29.028797806488853
6 152 25.949647924930677
6 154 57.946907262187715
6 156 1.967419124184191
7 15 63.617236419076725
7 16 2.1325754077689223
7 21 2.4025518022009016
7 26 18453.793431494458
7 27 0.04210412347019021
7 36 0.07248111844787138
7 44 21.163640116842537
7 47 1.2431727744926981
7 49 0.7929331654837174
7 50 1.8568338517824121
7 52 0.13903364655193268
7 55 0.1082387302381893
7 56 8.553704767688165
7 63 12.516146845689104
7 68 0.9834490826875397
7 74 31277096.63649984
7 77 3.7062083572727316
7 79 13824842.606487619
7 80 6.538687933857942
7 87 11.678444341723885
7 88 1.63609442968914
7 91 7.268022119939243
7 92 0.7644219769793725
7 93 1.920940832210474
7 94 5.428747039452608
7 95 0.7244868801960525
7 97 6.944099923014109
7 107 0.026143441735832988
7 108 1.3985868985734702
7 112 1.3200144856768639
7 116 4.425081145241736
7 118 0.6426773985707103
7 120 0.7615335825502224
7 125 0.2324907856339668
7 126 0.5923152219218062
7 127 2.3476944754872884
7 130 3.823748641952984
7 133 0.7757444993193828
7 136 11.304211627651043
7 137 0.08482578991659027
7 142 58.83260002934973
7 144 1.6188605792010928
7 145 2.4429314067987797
7 147 116673.91721946855
7 149 0.1724407135070747
7 157 3519363.8704960886
7 158 3.6074436747302316
7 159 0.8230590330294256
8 30 0.02285571430579717
8 33 1.6972406236713016
8 36 2.424672916596577
8 40 1.6506679131396835
8 44 10.725973319407782
8 45 1.6882778884949825
8 47 0.0038747038424569347
8 58 0.5789033675811219
8 63 5.488768793793054
8 109 1.718803462048391
8 112 0.9919459547129967
8 117 1.6164886909892209
8 121 0.6217877176194342
8 132 1.4864611748680958
8 134 1.6939487742225678
8 138 0.999066524415545
8 152 1.17641850784024
9 10 1.768755595731418
9 13 0.05930778619799515
9 19 0.28192251833604015
9 21 0.23075724365554826
9 22 0.3343427015870555
9 24 0.4358631866806998
9 25 0.14515140082566252
9 29 0.01642965544696116
9 31 0.7417733166012247
9 32 0.01794670403409972
9 34 2.2224814308533394
9 36 0.5910088340247053
9 38 0.19688295823206564
9 40 0.37655995348233673
9 41 1.4169469629985474
9 44 0.12641912183958146
9 46 0.10766192305186778
9 48 0.8461340275378842
9 49 1.1034287872488386
9 51 2.1215656910203413
9 56 2.1088072458999765
9 58 0.3335684715270425
9 59 0.053090604654656946
9 62 1.610259435715875
9 65 0.4430470809163441
9 68 0.7493924738934811
9 72 0.06404630875291559
9 73 0.039721092920427595
9 74 0.37044743540588787
9 79 6.047872152390276
9 82 2.396921636349894
9 87 0.43584489042636015
9 89 0.7046537419704615
9 90 0.9288286043253775
9 91 0.5009252632765017
9 94 1.049230129262046
9 101 0.5380593798662406
9 102 0.780890845150222
9 106 0.8362985768043159
9 115 0.28374752538711145
9 122 1.2465275322118818
9 128 0.3805449592745059
9 129 0.1827424890833424
9 131 2.6771025088291696
9 134 0.6219484723091893
9 136 3.215532488147187
9 137 0.38028834147331836
9 141 0.26481413062649567
9 147 0.11954802515743895
9 150 0.3531816598140548
9 153 0.31961529474672495
9 156 1.9808182072898501
9 160 0.46119815903162137
10 18 0.018220309370868673
10 20 1.2710114915594881
10 24 0.7949306636224157
10 26 3.2872953376405984
10 39 0.875052259129438
10 40 4.42896549160631
10 45 0.8517231174497618
10 46 0.435037888158852
10 48 0.4590614049612058
10 51 0.5069245237144504
10 54 0.9711788155170148
10 57 0.17345568208761414
10 62 0.011340001673720545
10 64 0.8937133439839479
10 67 2.1457346137319027
10 69 0.8752591439540279
10 88 0.0033409150616084404
10 89 0.5439108917555718
10 90 2.515318821674515
10 102 0.2562744297666689
10 106 0.5978264784876444
10 107 0.9411705716001936
10 111 0.06684150365250126
10 113 3.5163298215063876
10 131 0.09717539538929075
10 132 1.0515388797193848
10 133 0.05712385926110288
10 134 0.06275544501973891
10 135 0.34486182043305924
10 136 0.41433234949197323
10 138 0.22148485376237992
10 149 0.2019324986912037
10 152 0.8374931219988359
10 154 0.3699591721673856
10 158 0.3861848209213226
11 15 0.821050216653663
11 21 0.8021415406653181
11 30 1.4638465165607353
11 33 0.4782399029027615
11 38 0.26122218642438877
11 44 0.2259328278611805
11 47 0.04705583278229542
11 49 0.2082452093920094
11 53 0.6401411345431818
11 55 0.5606644784745047
11 61 2.5646349500947903
11 62 3.404816167986645
11 63 3.5319789211143853
11 70 2.2054316906448825
11 72 5.984441225835819
11 73 2.6498803001413793
11 74 7.696133403599798
11 75 0.10049379530883693
11 81 0.6269511972769253
11 83 0.06292754744903198
11 84 0.030468037527368395
11 85 1.069146050342486
11 87 7.027011367808569
11 88 4.018896827379076
11 89 0.32040258236554153
11 90 1.057582080629264
11 91 1.3382649865246892
11 97 0.9617321047285261
11 99 0.5915650846531246
11 105 2.1108977953075714
11 106 0.6091096356866608
11 108 1.472511269486837
11 116 0.7406033120210679
11 119 1.3213272683538486
11 125 0.20115048104854624
11 127 6.189106687950534
11 130 1.3122406422605635
11 133 0.8130822494119025
11 135 0.08479417398281246
11 137 7.930070275585384
11 152 0.03659779995676376
11 154 3.147619075103297
12 18 2.183819287770139
12 23 1.1970765686648739
12 24 0.09807904259235238
12 28 0.5076686211946984
12 30 1.3103025551464997
12 32 1.2365934472687892
12 33 0.3688396036176598
12 36 1.4429760859637686
12 55 0.4683589982925047
12 61 0.028173410409177247
12 64 1.1069476656468624
12 68 0.2603591183067484
12 69 2.6356056405262756
12 74 2.2417847343247166
12 77 0.946813477189213
12 92 0.4437001329896659
12 100 0.18215660295914973
12 106 0.2191822719066987
12 109 0.45019051120457715
12 113 0.08729672521833136
12 120 1.0504671338144058
12 129 0.80531601171261
12 133 0.12475749787078817
12 134 0.07460460269252148
12 135 0.5475321049832618
12 137 0.6117300405313459
12 141 2.117990879485552
12 158 0.0021356720544235034
13 14 6.947283401936375
13 24 1.9174399507094877
13 30 2.9225938077322273
13 35 1.8134715345580745
13 39 0.1425049651567798
13 43 3.020975385905619
13 51 0.9501300952699705
13 54 0.15640679398762702
13 66 3.601907816434337
13 82 1.0504361407823906
13 97 3.1920187030653127
13 107 0.7912157302102627
13 110 0.08557913019571077
13 112 0.18060406498782564
13 131 0.11151016904401705
13 143 0.580681802667555
13 147 2.559887460554249
13 150 2.1587304512204266
14 18 7.494886765910503
14 24 0.8103490244031886
14 26 2.5571891157779088
14 32 1.7049257489686238
14 35 0.1674172101545641
14 38 2.855191555744271
14 40 0.06903420891033435
14 46 0.5858828730603998
14 47 0.6071703767101603
14 49 0.4533991146063842
14 51 2.486341373205808
14 56 1.4905692381912565
14 58 0.9542194104797723
14 59 0.4757860857038513
14 65 0.17406963772251025
14 66 0.6340209090840891
14 68 0.6917236832268613
14 69 0.12059548291279855
14 70 0.405547252498532
14 71 0.08145624000664813
14 73 1.3561333397136304
14 74 7.5685499729595005
14 75 0.6098788548591216
14 78 0.24486769978205072
14 82 6.266227392121372
14 87 3.4243863037631646
14 88 0.051343217970673656
14 91 2.6625858091048453
14 92 2.3208492450574383
14 99 1.4493218428689225
14 103 0.08424929045688034
14 105 1.9467389957283479
14 107 0.48842135929233843
14 108 1.2470921638329562
14 111 3.2413096704549167
14 122 0.6905915927312586
14 125 3.7215110095055413
14 131 0.6774828865493666
14 132 3.081941055530186
14 133 0.9305058594082697
14 135 0.22550988033272282
14 137 1.020302498880485
14 139 0.5653272840978061
14 140 1.380279879090855
14 141 0.9239772043454959
14 147 3.0185575599778818
14 148 0.4735384527511328
14 149 1.7916419290607655
14 150 2.33337342801363
14 151 2.165329999908471
14 159 0.5205006519536715
14 160 0.6873851802142414
14 161 0.9827147922943509
15 17 0.7031973566842904
15 18 27.614696956862005
15 20 0.3489934954603466
15 24 0.2617873474348506
15 31 4.765653738226399
15 32 1.319149194348299
15 36 2.5888024856335456
15 40 1.7209484348240558
15 46 1.7941885473874695
15 58 0.3585551540651181
15 64 42.103713546019286
15 82 4.859600465100584
15 84 1.3229177266807626
15 93 0.14601487678945593
15 95 0.5768933871583906
15 103 3.421370095441122
15 107 0.3508311649603386
15 108 0.43677057901807814
15 117 0.16500798036242914
15 118 2.326331009662952
15 121 0.2592062887385653
15 145 2.773987382558421
16 27 0.754380089476276
16 52 0.19059922322796213
16 53 0.5983255891536621
16 54 0.5388054062753452
16 55 0.33441131917812533
16 63 1.1301558393394526
16 64 1.640920038338027
16 67 2.77808381869098
16 69 0.0812786154162357
16 70 0.43759091256561355
16 74 0.3781943113713049
16 79 0.16085776605647487
16 95 0.037386094264959424
16 96 0.4612906647667132
16 97 1.7452462840940322
16 98 1.6132105208545902
16 105 0.33626582251708587
16 106 0.39343153113218804
16 109 0.19016806632527106
16 114 1.4520520241113681
16 128 0.11553698303211568
16 133 0.33778276352865144
16 135 0.27921961759347347
16 157 0.08651887877777713
17 42 0.30484748624036667
17 46 1.9274820157355976
17 54 1.2421990844268338
17 85 0.8971711873228503
17 90 0.02537411274468073
17 95 0.3517578878115203
17 125 0.38684465142922575
17 128 1.1112457691689264
17 138 1.1387945038601148
17 160 0.10071136814326352
18 30 2.1786098709736033
18 32 0.03048003281329651
18 35 0.469371509171508
18 39 0.9593560962526007
18 44 10.313007202286554
18 45 1.0572452948318016
18 48 2.346645417582891
18 49 0.7937781833830992
18 52 1.1577246390214238
18 53 6.021166339663846
18 64 26.869808389449847
18 65 18.83856223384208
18 70 2.572354257321105
18 71 5.180585791216221
18 87 3.3423012185818033
18 91 7.0359526246676936
18 95 0.022316006265005264
18 97 16.159725257655694
18 98 0.03400995633026793
18 106 2.186088604358866
18 113 1.7356258487335259
18 115 15.418301282839222
18 116 2.2989258664193573
18 121 0.41149288037210663
18 123 0.18372815211503343
18 125 0.5444473398024231
18 133 0.9533726481402826
18 141 2.029309181517782
18 142 18.084221890383855
18 147 65.4989882623724
18 152 50.58105386131102
18 159 2.380994502705371
19 23 12.56056129677689
19 24 6.537691869854268
19 26 80925.41537892491
19 28 0.6240434731628943
19 29 11.641616788750191
19 38 0.3766403232674877
19 43 10.801656364182259
19 45 1.1988150659661854
19 48 8.796569199604221
19 54 6610271.982168056
19 56 0.8626910242717861
19 58 0.05130726374117567
19 62 8.622052278974145
19 63 7.709951134953985
19 66 2.7531736452751563
19 69 2.422308179435927
19 70 5.602129193195172
19 73 2.9139759254384554
19 81 0.6517648974075209
19 84 0.4773711779665046
19 88 0.7760572507601631
19 91 3.3557072355957343
19 93 0.2243703107345785
19 94 10.820295840220076
19 97 60.34647967458647
19 108 6.245191115567048
19 110 0.20574876401076148
19 114 0.6484008402206654
19 116 0.3548653408036807
19 118 0.14890434881020329
19 124 6.718034773846793
19 129 4.594938900573684
19 134 1.4703477556154234
19 137 0.4696995442957672
19 138 0.8875286488851586
19 142 35.19569217600097
19 147 87116.09525305792
19 153 0.04677130152630457
19 154 21399148.6906858
20 28 0.21142422200612324
20 34 0.003592311264450145
20 40 1.0971378294801852
20 43 0.43376756938404787
20 45 0.017097256118488523
20 51 0.918203071329619
20 66 1.0947701255142797
20 71 0.18778226310542792
20 75 0.15977873494383862
20 84 1.0071518649236075
20 85 0.8014807635132873
20 87 0.5393150944711932
20 89 0.47621654900255117
20 91 0.160331550278214
20 105 0.2639673786654617
20 106 1.0558097031674654
20 108 0.29549386153617135
20 109 0.32694402463818606
20 115 0.9438258115141936
20 118 0.8003944030546725
20 119 0.5553481241935532
20 120 0.302377786309277
20 137 1.0616870454154796
20 139 0.1764817846637435
20 141 2.268141356591805
20 143 0.1841416828469946
20 147 0.04204817633907759
20 151 0.20451026889835916
20 152 3.7253198108969126
20 153 0.1468857884623623
20 154 2.184270773448568
20 157 1.81974282733214
20 159 0.624151139677018
21 22 1.2086956631176564
21 23 1.718490100800071
21 25 1.3149905478364368
21 30 0.6159583414766123
21 34 0.29092911747166117
21 42 1.4424593623586135
21 44 0.1470650487582975
21 45 0.263565691245106
21 51 0.868654466513612
21 55 1.0285260220293602
21 56 2.1611058628882764
21 61 2.190417905727037
21 63 2.08756882911816
21 71 0.24689041650288548
21 73 2.3132740630207955
21 74 3.4918419144268036
21 75 0.17710067687177145
21 77 3.144381025221529
21 79 2.051326446685399
21 85 0.07403970905763059
21 101 4.756795652762782
21 102 0.7258575046535342
21 106 1.3678030626102686
21 108 0.6925504221979049
21 111 0.17082894612636343
21 126 0.08014028612040372
21 136 2.7836380988403207
21 137 0.30794369952447753
21 138 0.7424817826489698
21 142 0.35256003624782606
21 144 0.8740248531965132
21 145 2.692923134066933
21 152 2.260086449044062
21 156 1.1959652932971352
21 161 3.867278302928096
22 23 8.509103666578552
22 26 6.743327405099419
22 31 2.7820979359327738
22 32 0.31180307543182434
22 37 1.2785414854179968
22 42 0.3909442412872996
22 43 2.037603620612388
22 45 0.3022907031803044
22 61 2.3982129920102038
22 62 2.7257214255871434
22 65 1.8095072884117174
22 72 2.1961550170167157
22 75 0.3351840974949303
22 77 0.9602379196587927
22 87 10.224394183827162
22 89 1.164627464378528
22 102 0.8027391126071618
22 107 1.3106271755235712
22 108 5.3334796919006475
22 111 0.14976662965195123
22 112 0.5188965124215753
22 129 4.491973438761865
22 131 0.3103740304700529
22 135 0.2171224038877014
22 145 3.143618664221495
22 147 5.6109080651161385
22 153 1.0018020905561071
22 154 11.019668495447144
22 161 0.015171244722244159
23 30 1.0771805854513996
23 36 1.8223693171724828
23 44 0.6483284737846285
23 45 2.1744486079817325
23 50 1.6870531113316063
23 54 1.1936246901928982
23 60 0.6272901192107341
23 71 4.234015767958257
23 72 9.624095026293064
23 74 6.094731637251443
23 80 1.5046283189632603
23 87 1.75394569538048
23 91 11.327098650865626
23 99 1.144675325225387
23 105 0.9503126012949887
23 106 2.609925756919618
23 108 1.5301213301840302
23 114 3.0694564320941775
23 118 2.745662092581337
23 121 1.6185936519909416
23 125 3.675355914059671
23 128 0.4387377362096087
23 131 0.19250277611821745
23 134 0.6071125581011514
24 30 0.6026011649777078
24 32 0.6089511700498024
24 45 0.33193610008330776
24 49 0.26495730951784907
24 52 1.644757856857653
24 56 0.3889690610334919
24 64 1.3982341402948606
24 65 1.692660842013778
24 69 0.00038292593970557014
24 88 0.3587981410186773
24 89 0.03213986135793209
24 97 2.5746906187435297
24 98 2.974925186422611
24 103 0.8050047484352307
24 105 0.201740081020025
24 109 1.170412486328167
24 110 0.3197120132486378
24 111 0.30640093417477926
24 112 0.8147683108089858
24 115 1.4104355219419193
24 116 3.634369256132001
24 118 0.01788806999504372
24 119 0.24167743033871747
24 123 0.29247651364736493
24 126 1.4622950502792322
24 134 1.2562520416782677
24 139 0.5413640259904532
24 141 1.1227677873228703
24 154 0.5098967923519402
24 155 1.1926928885561212
24 161 1.5073822350021715
25 32 0.8564265722095215
25 40 0.3537039642175818
25 43 0.2608226614204351
25 45 0.9756300949628774
25 51 1.2257582115720334
25 53 2.951813643053016
25 58 0.048709799442791434
25 62 2.338813389317781
25 63 0.056297049111433725
25 75 0.2242800259915124
25 84 0.2494134328128433
25 89 2.819368908156569
25 91 1.8441126698495671
25 98 0.1335059159620627
25 103 2.019121222634581
25 105 0.08706588273967499
25 113 1.351868467467725
25 114 0.34429961462470426
25 119 0.7724237676214929
25 131 0.15914953410374894
25 151 0.29073421932808613
25 157 0.2916580772789824
25 161 0.2333042886239801
26 28 2.86477220834284
26 30 0.24143282733378882
26 34 0.63765216989537
26 35 1.0323780951450703
26 37 10.03037887295992
26 38 1.2903192164293436
26 39 2.412737301877174
26 43 0.7354104566611265
26 45 10.310544393313544
26 47 4.1626204984399555
26 53 3.144231119000934
26 54 5036.380884530909
26 56 5.572968194676923
26 57 1.0665371644676138
26 63 26.009162087807475
26 64 3393.715152900946
26 66 3.0280364950106153
26 67 6.319872990594497
26 68 2.845847435179683
26 69 1.4004183767747553
26 70 3.3344822512430214
26 72 23305.544775828173
26 73 2.965095825590943
26 75 2.122684554290885
26 79 5670.487573241342
26 81 0.8146623216511599
26 84 11.617073358717386
26 89 2.579817201763625
26 96 1.0032247241274015
26 99 0.6102265004003845
26 101 15722.526273684887
26 102 1.5355285516354422
26 103 0.68337704978459
26 105 0.292351931472598
26 110 0.3265297288946444
26 113 12.756598524776257
26 114 1.79559149559437
26 115 12.209024451588036
26 116 2.644948906631522
26 117 6.29010194715221
26 121 3.2345859148905673
26 129 1.488805899132064
26 132 0.07089123613905395
26 137 0.3556998583850441
26 138 1.080675639451898
26 143 0.5501536246875197
26 147 25742.037020132968
26 149 0.25507395328841026
26 151 1.7177673982375157
26 153 16.487945171633392
26 154 50001.42992515945
26 156 1.7207726279641793
26 161 2.3212257022428218
27 48 0.8108677495977522
27 52 0.43155160604876447
27 61 0.9401005302550869
27 64 1.2912652664125561
27 68 0.18212537793526704
27 79 0.5702452023709509
27 82 2.135729757198512
27 86 0.26328898967701914
27 118 1.515758073430378
27 136 2.13930060487889
27 137 0.7134432033341206
27 141 0.5088114809380719
28 30 0.7176933248775396
28 40 0.6212194162601968
28 45 1.2577248174879552
28 47 1.0209096396332695
28 62 0.248553002207046
28 65 1.3553838597369818
28 97 1.1760262880402996
28 101 1.600327016586192
28 102 0.22249249172738003
28 104 3.0930554215684927
28 106 1.2466626633479994
28 110 1.1193482991909893
28 118 0.012114593019594652
28 131 0.7778495538361383
28 134 0.7186165453302199
28 136 1.467430143995239
28 138 0.1811635558374623
28 147 3.5711169395451594
28 151 0.1058437441638389
28 153 0.5758010275028719
28 154 1.8997171230765626
28 157 3.521424971024186
29 36 4.109394374355078
29 41 6.757947272670477
29 43 1.001871243419903
29 62 0.23692536750058435
29 64 5.089220586700408
29 67 6.204937777601863
29 73 2.3562041317003652
29 80 0.29182361949666835
29 93 4.801949282135185
29 98 0.6802484188011613
29 103 0.02620815629890913
29 113 3.9724124649763644
29 129 1.8344336654567177
29 136 0.49900436261123954
29 141 0.8253340834731522
29 149 1.1229965194889866
29 152 2.975234715298112
29 157 2.3630437781723574
29 159 0.04418060847148873
30 32 0.023881208362839267
30 35 0.7233969972912291
30 36 1.4228459176922823
30 39 0.2518682146812375
30 42 0.2914989346726154
30 52 0.16815276499428702
30 56 0.16037391020626052
30 63 1.3192860604476526
30 64 1.6882884427132716
30 65 1.4007792407048028
30 69 0.02101424151849806
30 74 0.16003955842735806
30 89 0.6084469603723648
30 90 0.0791409643802779
30 91 1.8972110344786617
30 94 0.5070801467623929
30 98 0.21181905474860094
30 99 1.2263694011128823
30 100 0.8119618520826031
30 102 0.11622043350012673
30 104 0.43499982580500957
30 107 0.24984525120617726
30 111 0.03951429626988603
30 113 0.3764490967110808
30 115 0.9165815251655874
30 116 0.16510798742430452
30 117 5.164295137918192
30 118 0.06718292904443865
30 120 0.6322798523191153
30 122 0.6751312065626912
30 126 0.19871887088703138
30 128 2.3973098054730366
30 129 0.8965769238428247
30 134 1.8512498805237847
30 136 0.017888345557562656
30 138 1.1240572513427858
30 142 0.14056181290635572
30 150 0.4882144648156631
30 152 1.6667355660626382
30 153 0.32057440113456154
30 154 0.2877880162022496
30 157 0.6133886452218031
30 160 0.7928704842257336
31 39 0.06076245496911814
31 43 9.430590439872892
31 45 4.183018354714652
31 50 1.079725533257031
31 54 53.8818630795604
31 55 2.166050378783239
31 56 1.6731018514637193
31 59 1.77924376150244
31 66 1.3098777247387874
31 67 13.26541925491677
31 68 2.507974570447774
31 80 1.09115526789429
31 81 2.809582779730487
31 82 2.2263662901057195
31 84 2.3731451460195965
31 85 1.680623096571708
31 87 5.243792823448644
31 89 1.242761656356577
31 94 3.5899799927058003
31 100 0.8359946519964587
31 102 2.3090080391242895
31 105 0.1582848424562517
31 107 0.29589493854308196
31 109 0.8671847051294779
31 112 0.5256249358148878
31 113 9.641286671331734
31 115 4.350450993763776
31 118 1.8726052632720143
31 119 1.329392298142754
31 122 1.4719719597670788
31 125 0.3558304975362214
31 127 9.571573222308873
31 128 2.708368875095426
31 129 13.09646987944712
31 131 2.242313684913974
31 132 0.8264704792943794
31 136 1.552410958196354
31 139 1.361053649969051
31 141 1.340148922158751
31 143 0.7227481866276834
31 153 0.481776122229184
31 154 4.910995506885847
31 157 0.9339212799395704
32 33 3.596018376897834
32 34 0.7490395740820858
32 38 2.3921654416828755
32 40 2.3140891443694698
32 42 2.088088742829436
32 49 0.465333529690398
32 51 1.0908337969811561
32 53 1.169203628138678
32 54 0.32120224376589324
32 56 1.445669725177802
32 65 0.26073695409805464
32 68 0.7358373761959482
32 70 1.3008263508182079
32 73 2.452440140803839
32 74 0.6205682271447321
32 77 0.2187549762917861
32 82 4.209742068721652
32 88 0.7546466685751277
32 93 0.42975969316127327
32 99 0.5002403573689763
32 101 3.2431468189355934
32 103 1.4405761501975722
32 106 0.529699181435285
32 108 2.4131450725815395
32 109 0.30396505554924014
32 110 0.7290125411980598
32 111 0.053069750711420054
32 112 0.22407755617388997
32 114 0.29490967441994254
32 115 0.45403508453546243
32 116 1.8678653221056196
32 124 3.5406448714118377
32 129 0.745750067032233
32 146 1.8996027654058882
32 150 0.7737423949664516
32 152 1.6323684867822836
32 159 0.4488582154763632
33 40 3.1801982612353235
33 44 0.6422477884862601
33 68 0.5151310498748585
33 69 1.3597703185259586
33 70 0.8402723246684978
33 74 0.5133461986034898
33 76 0.32638692977548345
33 79 3.7983310842749463
33 89 0.5328746348460733
33 94 2.131668441212
33 99 0.2339600321368929
33 105 0.5317885439759883
33 112 0.3586603049287716
33 121 1.5731770230843134
33 129 0.994853530606603
33 134 0.7142164369246417
33 138 0.3332457608990392
33 142 0.8802733350474506
33 145 0.16199748302849598
33 153 2.1719703965351704
33 159 0.41465984334403744
33 161 0.324250687955457
34 40 0.3370278837351123
34 48 0.7716417573140373
34 52 1.3628418580151005
34 53 1.3863649061542849
34 54 0.4074957476269004
34 64 0.2357882586568784
34 69 2.093953975441614
34 72 5.076987770383056
34 87 1.14996484771763
34 93 0.4800065813314295
34 97 0.2472580425308646
34 114 0.22102517202893002
34 129 0.04057077419895586
34 133 1.0360070829384884
34 135 1.652344616108732
34 137 0.5138426865629733
34 138 0.15229791579332005
34 139 0.715001062088928
34 145 0.4412872541789019
34 152 1.0866174787613345
34 154 0.7852582412799418
34 157 1.2477438395367337
35 36 1.0018333626459128
35 37 2.2725434758624568
35 38 3.4621412052671197
35 40 1.1355060955169176
35 44 0.47164173599476145
35 46 0.8387490498135416
35 49 0.44251220256050416
35 51 0.40271913906112244
35 64 0.7384398941937654
35 65 4.898907628029585
35 69 0.37101451229771926
35 70 0.549253546592594
35 71 0.18527322416654216
35 72 3.2616950018731634
35 74 7.481798401083039
35 78 0.6658094926110035
35 80 0.10850071536842451
35 83 0.07370100814955939
35 85 0.8480298375535863
35 87 1.752453900180966
35 90 0.6904276036490322
35 94 0.6195398905465622
35 100 0.026457018044012664
35 101 0.3503890797423366
35 102 2.2118985003769644
35 105 0.7705610667674742
35 106 1.9543191485921574
35 111 0.008471837863057061
35 113 0.3755450640486458
35 114 0.179648251870923
35 117 2.5107987042098143
35 131 0.0071952937539074766
35 134 0.19996034174465596
35 137 0.0890191196410254
35 138 0.5874642683364486
35 148 0.002120135741865511
35 151 1.4409350975060382
35 153 3.2696687451091986
35 157 0.23139698974545694
35 159 0.0894208838818556
36 43 6.282830020574936
36 44 2.444633280299162
36 45 0.7598566978470163
36 49 0.21927376070991658
36 55 1.234311897806381
36 56 6.205685629667505
36 58 0.028893916433380712
36 64 4.3150543401163075
36 68 1.3818918682447288
36 70 2.18084998208588
36 73 2.486046028603208
36 74 2.0373912554671367
36 77 1.3490184833018615
36 79 0.9142722680656742
36 80 0.056739213754580624
36 93 0.4139404186027942
36 98 0.15291931856759336
36 106 0.4931566539714813
36 112 0.23499467990335327
36 115 0.32948076215562233
36 121 0.6661435465766316
36 123 0.5093152422986703
36 137 0.6677126576985222
36 141 0.310764852900676
36 147 6.293834109550617
36 152 1.144329183917778
37 39 0.6064993300843415
37 49 0.1565056485911952
37 80 4.580766620014898
37 96 0.5252928357716694
37 117 0.31555123557914266
37 147 3.009105047408278
37 158 0.7222270232434155
37 160 0.5645425102718851
38 46 2.3049494694172736
38 49 4.114074504391132
38 51 7.1879957803201995
38 56 0.15043888551483622
38 59 2.1442738910684556
38 60 1.191679567828446
38 68 0.440119331828941
38 69 0.3200554929645265
38 74 2.3204743939882633
38 80 1.5973660435574701
38 88 1.3149385594698624
38 104 0.9175725543219381
38 105 0.23868437098158804
38 106 1.2694496939231399
38 110 0.20910837120953585
38 112 0.022525282505421636
38 117 2.568685499620518
38 119 1.7158011070691572
38 133 0.2516889486509326
38 141 1.0064871269613145
38 143 0.21908632190876945
38 150 3.510036486594376
38 154 0.31771023926926006
38 157 0.8320240896709
38 160 0.2465015821263398
38 161 1.8972209755000844
39 40 0.3365776954926994
39 43 0.6332076516759978
39 51 0.052404107902328655
39 55 0.2788870300031312
39 56 0.29351158508774017
39 61 3.0857771677561545
39 63 0.02126109160389477
39 66 0.6045390158065886
39 70 2.190145913933351
39 76 0.17938901794611556
39 87 1.7545044465869095
39 89 0.1903296630264545
39 91 0.6358534176099223
39 97 0.9636787524359746
39 99 0.19829038637892563
39 101 2.222383416810223
39 104 0.6076720074558826
39 108 0.14432668851060293
39 110 0.16289889721872022
39 112 1.34234414781448
39 114 0.8140158055458381
39 117 2.016500650960177
39 118 0.21463129622127247
39 134 1.212022610689579
39 136 0.4171128858672039
39 139 0.07658110378616215
39 161 0.24001461914697164
40 49 0.0695382532967516
40 54 0.4889474536239399
40 55 1.754361295984111
40 61 1.3213113737133186
40 66 1.9127374540993853
40 70 0.8801462963440538
40 71 2.7015941984755383
40 72 0.46536689485881977
40 75 0.2556800293475375
40 79 3.363628274342745
40 83 0.7161934701342585
40 85 2.465922235028959
40 89 0.9196962446220319
40 93 0.03981926190819348
40 94 0.25770850295077136
40 99 1.088154615740353
40 100 0.4893017884905472
40 102 0.1394067771162114
40 105 0.009730857538628434
40 108 1.3947498256507762
40 114 1.1901316635787742
40 125 0.7541082269158439
40 126 0.008747363103374312
40 131 0.005720723207531092
40 132 1.0696969564700791
40 134 2.3176355199418834
40 135 0.059349002300000175
40 138 0.3542052539727352
40 139 0.20225118147123508
40 142 0.41980234839014297
40 144 0.05437688357996147
40 147 0.13025203494376816
40 149 1.5894586763765834
40 151 1.0623301628086153
40 154 0.11610497062921507
40 155 0.011372830835542852
41 49 0.42741400270698504
41 58 0.17611476752204558
41 65 2.3833344677471753
41 67 3.481371833122007
41 77 0.7239308540312954
41 87 1.3024400652032637
41 94 0.04483162831510728
41 98 1.697911439139031
41 114 0.570171241358258
41 115 5.350298342091374
41 135 0.0433893161718045
41 158 0.208950347160649
42 50 0.4289555353546407
42 52 0.16873576291591455
42 55 0.20599786162615502
42 57 0.23497389213776876
42 62 0.1455178955906028
42 63 1.3908290501911786
42 69 0.5492154220281252
42 75 1.5258172813825874
42 77 1.0639729071897426
42 80 0.18364750022280718
42 98 0.17886839378497835
42 109 0.3106036996780163
42 116 0.9215198091081098
42 119 0.31073120524260583
42 120 3.6926548065284557
42 122 0.14101994194537842
42 130 0.24004553252678237
42 131 0.7083632351819993
42 135 2.0126457410901297
42 136 1.1669784001362118
42 148 0.8284789438606436
42 151 1.1075957204910263
43 52 0.37075194986260707
43 53 0.23715641909477442
43 64 1.5928296150148538
43 65 1.530171718227992
43 74 1.494066719360216
43 86 0.5922641405382801
43 89 2.646794900084587
43 102 2.281896521481839
43 108 0.8084616350373863
43 113 0.5196072932158791
43 115 2.7881738665556464
43 126 0.3779727676168832
43 129 0.29311889447671513
43 132 0.7206174905166401
43 133 0.5954431300640052
43 134 2.5201553810982977
43 139 1.2944682856710574
43 142 1.263312102792633
43 143 5.86979233161723
43 147 8.627588927156804
43 151 0.25815687618531186
43 157 6.87806790329739
43 159 1.2113294786164348
44 49 0.2981928633933078
44 51 22.065959568197087
44 55 1.1705403462120485
44 56 3.20063926159094
44 58 6.117731440310499
44 62 1.8141187005377233
44 64 21.838841090778875
44 69 0.5433687512960708
44 70 0.8603019882541426
44 84 6.503671554908412
44 86 0.9283327559563873
44 87 0.6095987113786536
44 90 0.21743301698907172
44 93 9.109667267261816
44 94 2.1584170419686304
44 98 1.0770150099830142
44 102 3.0347015133929225
44 105 0.4445539863102674
44 106 2.8937487181849755
44 112 0.141433280500742
44 115 1.021109955793094
44 117 9.545773510579787
44 126 0.49252683676983056
44 129 3.064782997232199
44 131 0.9706929033156525
44 134 0.05667516252454098
44 138 1.2164110276975115
44 143 1.9375208178451662
44 145 2.15526512665078
44 150 0.6246178551308545
44 157 5.314373682055543
44 159 0.2490920752448984
44 161 1.5562913037085297
45 46 0.16768062327538652
45 48 1.2665673529960058
45 53 0.27855513075554383
45 54 0.047732122506878645
45 58 1.071617803260249
45 59 1.4603727229106362
45 65 4.769478430283072
45 67 0.4369393033092027
45 69 0.934312898625893
45 71 2.416889225187671
45 79 1.0948126846358552
45 85 0.5352288237946157
45 87 0.8651433012657588
45 89 0.31491888563603654
45 92 2.2774482011189146
45 94 2.9556392205039015
45 96 1.7660246484728157
45 103 1.7265717435607855
45 112 0.4226244432283898
45 114 1.1900672851574468
45 127 0.11796901203238101
45 132 3.7646126203180135
45 133 0.29316725074696925
45 140 3.0147858620955414
45 143 0.6813226834583646
45 146 0.728714117931064
45 147 1.7360215734388849
45 151 1.3598954494556588
45 152 2.2817098706087964
45 160 1.3324451811821938
45 161 0.2854400134116348
46 50 1.5329614609479756
46 52 0.05468636297522322
46 54 0.1519960863165618
46 65 0.6123848154105253
46 70 2.1008915032885724
46 75 1.5459800887097996
46 77 0.003176970218410167
46 79 3.4131440024428112
46 94 0.8597057524675508
46 100 0.3678095482313596
46 101 5.542173151377117
46 108 0.7448845004162007
46 110 1.2639548541223877
46 114 0.5060502248053909
46 122 0.7593079237932734
46 134 0.7921107254728942
46 135 0.031681994596466305
46 137 0.8727864441791607
46 141 0.023272051585182616
46 151 3.1045242308627548
46 153 1.596883740958468
46 158 0.09069768454655826
46 161 3.5396376568665806
47 63 0.015344235429827704
47 68 0.011930989655486326
47 69 0.6422764425383343
47 77 0.7661093274973829
47 86 2.7480312619496714
47 93 0.21774300613549646
47 94 1.5446103026223417
47 100 1.627282329263322
47 104 0.6545279067725472
47 107 0.1382030260374639
47 133 0.6135265020512001
47 151 0.7088762650340792
47 156 1.8231517000080522
48 49 1.0292454480608824
48 53 0.6492855206118996
48 66 4.95111520973797
48 72 0.08793767670831334
48 79 5.212160975916142
48 84 3.9299307637335463
48 90 0.21690793232743463
48 98 0.9799571040765376
48 113 5.601015252790508
48 118 1.6240104860463802
48 126 0.4726645602332487
48 127 0.21609644383331486
48 131 0.39303236623472915
48 146 0.15846794668603273
48 147 1.936595228525298
48 156 0.8997691198696829
49 52 0.7896501307218567
49 53 0.3065742517425338
49 58 0.44551334453540475
49 62 6.4568639798173315
49 70 0.2555884015190115
49 74 0.9662554009231384
49 77 3.149329950986579
49 78 0.17372965241043792
49 79 4.439634567142267
49 80 0.20499011812585866
49 82 0.06476385469979207
49 84 0.11642858361580175
49 85 1.6088642058608318
49 87 0.5758719896608391
49 89 2.0537059304914407
49 90 3.5075974669716783
49 93 0.0408818531054269
49 94 0.059926961068826126
49 97 0.6006589386881953
49 99 0.4754395459042428
49 101 3.2966680229309153
49 103 0.9582045433491523
49 106 0.5456282351662358
49 107 0.7305097775584548
49 110 0.2691181708715118
49 116 0.6613642769019095
49 117 0.30379238270310355
49 118 0.13359936906229844
49 125 0.2471357589561751
49 126 1.246078255052823
49 129 1.40882889525623
49 131 0.2988296536836193
49 145 2.7171775548718555
49 147 2.4924848176572665
49 152 1.7418661090320449
49 157 1.2430786959362383
49 161 1.2418399568677883
50 51 1.434359295193223
50 52 0.16954855328655644
50 54 2.1715954720088075
50 58 1.599131708347027
50 66 0.11287921599757236
50 68 0.18067952114937613
50 70 2.2385229705483103
50 72 0.06532780402690647
50 74 0.520719787541131
50 77 4.2280979348370185
50 79 3.6075860815227134
50 83 1.7388157275433815
50 87 0.8910341174434524
50 93 0.32926938058157385
50 100 3.3320568811431697
50 109 0.2170188319125926
50 112 0.40745406482109264
50 113 0.0633882639408929
50 114 0.7034266590988392
50 118 0.11398299335414297
50 129 1.8270115705748349
50 138 0.6555368901621175
50 139 0.24358372382312188
50 147 3.0706568125678957
50 149 0.8847453398241054
50 150 0.25605746241430866
50 152 1.3748590180901452
51 59 3.4976548115142148
51 62 8.373820483011533
51 65 3.8375796776685793
51 67 27.606108782530637
51 70 2.5265772611884483
51 73 1.5366195205275874
51 83 0.06364244025065798
51 86 0.484098641803046
51 87 2.2984636455640555
51 92 0.3627848610275902
51 96 0.9774968647145912
51 99 0.046916352228148474
51 100 1.0760555213556675
51 102 4.073569828106149
51 105 0.7956472979580858
51 110 0.02428857876360485
51 114 0.5644139973353044
51 115 4.647884179346658
51 134 1.2932999188469676
51 141 10.223660720121488
51 147 432791.2664101645
51 151 32.027326474633966
51 153 3.778455168049472
51 154 25314115.85847192
51 161 0.8582897800123259
52 54 0.37679756022217403
52 55 1.0085442506382647
52 58 0.7239846929961634
52 66 0.9870580644313568
52 69 1.1896825065562846
52 72 2.728048579836922
52 73 0.9400261651596874
52 75 1.6392920497670127
52 79 0.8450000706435089
52 84 0.6884391782747155
52 91 0.7688663628112615
52 102 0.8290776244455756
52 105 0.9039218290430927
52 112 2.7774968031628657
52 118 0.23550920143183973
52 120 0.5047349605614752
52 129 1.2294336453547758
52 132 0.7118472716924261
52 134 1.7522838667770877
52 135 2.6310287300257458
52 142 1.677125421719729
52 146 1.257229896951039
52 153 0.17585117660577776
52 154 3.0012393807159206
52 159 1.1147454836752806
53 59 0.05313667711019873
53 63 1.2159354531328472
53 66 1.5173689838685906
53 69 3.1499479907373993
53 90 1.6601023941765125
53 91 0.0650016978885653
53 96 2.0945179514160532
53 100 0.2063313299967578
53 103 3.47178349896084
53 112 0.7399472391113967
53 115 0.1179577707313207
53 119 0.08615982630137911
53 129 0.16998477058141986
53 138 0.8349066340397384
53 146 1.0260449409508792
53 151 1.8375968348554994
53 153 0.7579177843111331
53 159 1.8980377265975363
53 161 0.6743619875698336
54 55 0.23521508601667326
54 62 8.057487681944288
54 64 23679794.67100346
54 69 4.679011562689231
54 70 4.03028185913506
54 71 1.9871670509016819
54 72 17697757.515114702
54 73 0.5558006516964242
54 80 0.7285939991915393
54 87 10.578618539578807
54 88 1.467090561336094
54 90 15.528344826212617
54 100 1.4596624393382454
54 103 1.5337024897018712
54 105 1.2149783945813066
54 107 3.996035037213097
54 110 0.7987291776863695
54 112 0.06331675237404137
54 113 13.967411432059627
54 114 0.06172723989290361
54 119 0.07415138157222298
54 120 1.2058278034460639
54 125 0.2603972019185691
54 129 2.3365165761460123
54 133 1.9603663811038279
54 134 6.022705752336861
54 143 0.8007713340962512
54 147 440301.5364793488
54 149 0.4930420887963807
54 150 13.605198087399746
54 153 7.671546952681138
54 159 2.232355159551159
55 59 0.5306092353916304
55 60 0.7758996722199882
55 63 1.3294221176401944
55 65 0.11862274825320673
55 67 0.7247404205783005
55 73 0.5179367199461343
55 75 0.28341300448723306
55 77 0.8929144567637513
55 79 0.46759873087724646
55 84 0.17698887423911197
55 86 0.034919364201338746
55 87 0.1385786049303068
55 92 0.1548315439714823
55 100 0.4176677824372892
55 109 0.17818170669891506
55 110 0.19616035498956436
55 112 1.7142711019366192
55 113 0.24335556863663008
55 117 2.825228735878565
55 122 0.747178744844174
55 127 2.442315855132803
55 133 0.5349823893751303
55 137 0.44178963709792124
55 140 1.0775060703019503
55 146 1.589361915657576
55 148 0.25116840089327985
55 149 0.4032061410361796
55 152 1.7069938075732085
55 153 0.4622971569265909
55 156 0.2048098993284348
55 159 0.9513407082304921
56 60 0.1645031444666721
56 63 1.4116616243370843
56 64 7.294914804910623
56 65 3.3888171034468466
56 67 0.6301475781697232
56 68 0.3612269813370675
56 69 0.1810127057420479
56 70 2.0139885024473085
56 71 2.512546369485673
56 73 0.7654813362614451
56 80 4.599936088432897
56 87 1.7943118021471296
56 88 2.9666865009697716
56 90 1.2009117650732442
56 91 11.744349894005307
56 92 3.1183243780551213
56 93 1.904875098219381
56 94 0.8365491470591697
56 96 2.6839552538486893
56 102 0.6162640647749976
56 103 0.9914882672177173
56 104 3.9435443085555804
56 105 1.8784168946709188
56 110 0.3911510849697808
56 111 1.517752653096296
56 112 1.684088670861323
56 113 7.506708582583161
56 116 1.2585169507421736
56 117 3.7069005191460374
56 121 1.086584640468154
56 129 1.0481300344889173
56 131 0.9038024137915516
56 133 0.1969068517331952
56 137 0.1864917038766665
56 139 0.875414009318293
56 143 0.7134658153020379
56 146 1.5411327196609776
56 150 13.524364776858281
56 151 0.050904265832115346
56 152 1.0274863715870233
56 153 2.9883905719062147
56 159 0.5186076921484863
57 67 1.4629525967302255
57 69 0.8400011415871633
57 70 0.7949275454908472
57 77 0.714336020988191
57 108 0.3809007327904897
57 112 0.46707557523049914
57 128 1.536649209555401
57 129 1.437385890631337
57 131 0.06863171948306962
57 133 0.447686496144185
57 136 1.517918253500743
57 143 0.7538028027523123
57 149 2.576621809991224
57 154 2.6418131759823846
57 157 3.104406421627389
58 61 0.3351601665200371
58 63 0.17803977004640384
58 68 0.7696438238063045
58 69 1.9528843610835707
58 73 0.00031833458363577706
58 74 1.4299460398673824
58 85 2.6342256376739197
58 89 0.1045479734087813
58 99 0.8615145803906556
58 102 0.8214594286602013
58 103 1.2311413367192663
58 108 1.4864800589998002
58 109 0.6112132500351177
58 111 0.7232256221174339
58 113 0.830874225633349
58 115 1.360552484353947
58 116 0.9015361231911673
58 122 0.1532848998461253
58 127 0.706334972188606
58 132 2.027169030003506
58 134 0.8247403119989213
58 138 1.7319503424709781
58 139 0.11389670545715588
58 140 1.2804815206708315
58 147 1.8440274647095334
58 152 1.169611306507166
58 161 0.08525162076503708
59 65 0.6549607751077363
59 67 2.474362738477469
59 71 0.6160176821050964
59 74 0.8362407058255574
59 80 2.7967857493569905
59 82 0.31789687372333175
59 88 0.1612696047587536
59 91 0.3470944598154288
59 99 0.43093201980360546
59 100 1.005447908611536
59 103 0.5112977694361209
59 104 0.8469875996877146
59 105 0.35210446902235915
59 108 0.05705780113611352
59 110 0.27537985181436103
59 113 0.11733792293910957
59 115 1.4841871519254355
59 117 1.7666287733756378
59 121 0.30583764890809256
59 122 0.4333056889437238
59 125 1.7975551246224368
59 126 0.1698237129692593
59 134 0.020013400236787552
59 135 0.4532452861276755
59 136 0.30197718983004046
59 143 0.5645005087927679
59 145 0.0688122690994682
59 151 1.5328513741415668
59 157 1.9090304953622994
60 66 2.6491189441323204
60 72 0.024101009177933147
60 74 1.11232323410614
60 97 0.7728079335697317
60 112 0.5228964008314457
60 122 1.3148042241240494
60 125 0.09808453282554534
60 146 0.7836176380022118
60 157 0.6080290506344602
61 63 0.8825149113865776
61 66 0.5418654252554068
61 68 0.28415446891121954
61 103 1.149210819824175
61 106 1.412335065953556
61 111 0.03830371297204065
61 115 3.5011931958102664
61 125 2.451189504242773
61 129 1.1475497994950814
61 130 0.4889089914384058
61 131 0.12273049534715452
61 134 1.6897558192161226
61 138 2.6764103870618023
61 140 11.296047597652361
61 141 2.422441444699596
61 152 0.4648246042214762
61 153 4.620025146724587
61 155 3.8405970152713103
61 157 0.39867726326094804
61 158 0.15412881319431204
62 63 10.816113556711487
62 69 1.7607068545828928
62 74 3.2528166230326563
62 77 4.407956641551751
62 79 0.5256905315622925
62 89 0.37451880335955146
62 102 3.2621757833551914
62 115 2.0157812565500244
62 122 0.4062216924991813
62 135 4.07331771602778
62 143 1.3782685424585084
62 147 7.029743118156379
62 149 1.320876089730286
62 153 7.138804058823174
62 154 5.420440956693047
62 157 18.600605423594033
63 66 1.1839475365900665
63 69 3.502782493495966
63 72 10.829702284481568
63 73 4.909463088539399
63 79 11.68677386385625
63 80 0.7329578303395722
63 84 9.106720867225617
63 90 6.453053375574837
63 93 0.712477482293042
63 96 1.1064599103805361
63 103 0.15356912070021692
63 106 8.980523603264476
63 108 5.682415674752422
63 109 0.16649713618607226
63 111 0.32087076499766903
63 114 0.6972634979562472
63 115 0.23697965618604389
63 116 0.3180759834936585
63 117 1.752264515704349
63 118 0.5491063400945428
63 122 0.5833377200177133
63 130 0.16390281633089868
63 134 2.9371352771946997
63 136 0.11722677804718329
63 145 3.085212293127356
63 146 0.01938055806060302
63 147 14.609050801954899
63 150 0.5645061292270529
63 155 45.17037662296696
63 157 36.167486158776
63 161 1.454378063481386
64 65 3.7376796625596915
64 67 5.780442988722374
64 69 0.3811076991379354
64 70 5.8876701745078295
64 73 1.9160007348448957
64 74 18617780.64624174
64 75 0.6818571162160789
64 80 2.466778019901642
64 83 2.076785537010916
64 87 11.69350318282273
64 95 0.7626527244848738
64 96 0.6697157146197866
64 106 38.02644547646224
64 110 0.04401486664681665
64 112 0.9445907062877775
64 114 0.716008439743776
64 116 6.701687728635832
64 117 0.9358787755700042
64 129 4.330882899605334
64 131 0.5088653106432454
64 133 0.48745459119231216
64 134 0.10735840860215982
64 138 1.112069197422648
64 141 2.147424425630756
64 142 27.842299910911162
64 143 1.0668542004905655
64 145 3.482126859152819
64 147 239502.36222387923
64 153 1.7506001602110535
64 161 1.5384687175911915
65 67 8.209149096521001
65 68 0.24987460266809305
65 70 7.223313068234723
65 71 0.33553877189026116
65 84 2.54343981156739
65 87 0.4314888793067251
65 89 0.08601236979837559
65 91 7.3157278836768365
65 92 0.7848630307260605
65 94 5.848009940794755
65 95 1.0187525977604048
65 97 2.0210215576096533
65 98 7.263892087624772
65 105 0.22119708321369627
65 106 0.2993685346356046
65 107 1.4291746115322246
65 111 0.2293256910341625
65 114 0.13876388051934546
65 115 0.21857233174908514
65 116 0.06395764858490477
65 117 1.3855750109200216
65 119 0.4509566044526518
65 122 0.5918241095664412
65 127 2.6579011398633052
65 128 1.780971102380864
65 138 2.6453594626705246
65 145 4.06204980623404
65 146 0.265863082736047
65 147 8.819778869528275
65 150 8.469325201481025
65 154 3.0667837094255077
65 157 2.2277054674168504
66 71 1.5713497227750444
66 72 8.132836260309247
66 74 0.6590366487522896
66 75 0.30763448831051704
66 79 1.8556671902573727
66 83 0.11711599227248322
66 87 7.432049618630565
66 91 1.5580120087091565
66 93 0.2515244170685798
66 97 1.0093370897505252
66 101 0.6614738721655063
66 106 7.439173323771072
66 111 0.0521748683345767
66 112 1.0556391311309028
66 115 4.147549211243202
66 117 0.0865266180211491
66 118 2.367759824903191
66 121 0.744188771931111
66 123 1.579845992547523
66 127 5.292637931964888
66 134 1.2892364225666215
66 135 0.21292945017967696
66 136 4.851556767214285
66 139 1.3414098869142748
66 142 5.786807244133027
66 149 1.8400674518425961
66 161 0.04616553347328232
67 68 0.010333138986746197
67 74 0.15399813522146238
67 79 2.865324080950342
67 85 0.013280420269484304
67 89 0.5149470758283548
67 97 2.5623795831643377
67 114 0.0037560219466810283
67 119 1.9375450392136233
67 121 1.2397388553601754
67 126 3.948133596785583
67 132 2.151512047210943
67 133 1.130895265864824
67 134 0.4961893231635646
67 135 0.5892993853728594
67 138 0.36664101672436444
67 139 1.660852485512356
67 141 2.427320919656578
67 147 12.248576611602642
67 158 0.2964468708840647
68 69 0.588876604845232
68 80 1.440297151466746
68 86 0.036129288658012244
68 91 1.7578056077323911
68 92 0.03986905862965307
68 96 1.5831016576487023
68 98 0.049296023411530776
68 100 0.4116538167486933
68 101 2.1663129602985407
68 102 0.3791838889574358
68 103 0.15549676534247026
68 104 0.40671396930776404
68 106 1.5247910560932612
68 111 0.7296240189455279
68 113 0.6965683564550049
68 115 1.0241238191120228
68 117 1.3347290228080817
68 122 0.3645072556058763
68 125 0.8076842217366125
68 131 0.7549496200602616
68 134 0.6279372954733328
68 136 0.31812499429441515
68 139 0.21026683250849862
68 145 0.46723132052511784
68 146 0.2916439117254984
68 149 0.3175258683061267
68 152 3.1712174223182723
68 154 3.480461051417083
68 155 0.8372365404507968
68 158 0.8038027000302133
68 161 2.8900349850822167
69 73 0.39102978139002265
69 74 0.32292881413995667
69 75 3.8757981409421975
69 77 1.5720514983418257
69 84 1.0467839198335942
69 86 0.35414406808920407
69 89 0.07783799291836051
69 94 0.7550914498604175
69 95 1.9461088109630813
69 105 0.07549718193880543
69 106 1.2921536286854682
69 107 0.1288478726167113
69 114 0.8906398177819298
69 115 4.117191099289078
69 117 0.08911161653619296
69 123 0.8955987549059556
69 129 0.9585505626885596
69 131 0.05725761409681545
69 132 0.18806050376301017
69 133 0.26812599277935184
69 137 0.6399996604318509
69 139 1.9071019825239517
69 144 0.7580636308525198
69 145 3.1587074822180243
69 147 0.5372016980597744
69 158 2.363190884943405
70 72 2.5163599018403495
70 74 2.9921811780371796
70 77 0.2497723744461992
70 80 0.056226555554075644
70 83 0.07051933950685639
70 84 1.553983632963416
70 85 0.08719077547575267
70 95 0.690790914369553
70 97 0.2766504533447514
70 100 0.6266243758687202
70 103 1.342744298437108
70 109 0.9425720908489491
70 112 0.10834572632996442
70 113 0.6897190344313276
70 114 1.6925906708588094
70 115 2.5977474734647164
70 117 0.9990497450845104
70 118 1.7367556992134412
70 119 0.5958308220974557
70 131 1.2695937798086698
70 137 1.937629013679729
70 138 0.44042985666402246
70 139 0.4499126186692164
70 142 6.649733468527474
70 149 3.1752630104245076
70 152 0.6545363635347791
70 153 0.7948505264488402
70 160 1.5562921543186035
71 72 35.790315269564694
71 76 0.1878326488613083
71 80 2.9262317917914937
71 81 0.40849070086770084
71 92 0.44641253842953443
71 103 5.732994351920116
71 104 0.69664105332157
71 107 0.5014943415821008
71 108 7.413058622858497
71 110 2.2406277188358006
71 111 0.8900760209880426
71 114 3.9506674537035082
71 120 2.0917173852628683
71 131 1.0642306516287374
71 136 2.36856267001399
71 145 8.178435374900557
71 147 11.96644860580759
71 150 6.430041489399945
71 151 3.4651940255604936
71 154 29.87233756754118
71 161 0.8924266431756138
72 79 969190.3129987393
72 84 11.01023969373
72 89 5.054897210154618
72 91 0.5516366788880709
72 92 1.0094286576387492
72 96 0.4951020826908696
72 97 28.2309132160861
72 101 3208633.3077205527
72 102 7.585008937697451
72 105 0.9968882421623834
72 106 8.297593180528795
72 111 3.4408310409646163
72 112 2.4371554268781717
72 115 0.22690099812530815
72 117 16.020887095612927
72 118 1.132537499783262
72 128 0.8516400398942076
72 129 2.284775038156434
72 133 1.1891946936457347
72 138 1.1015696241923558
72 141 0.1350372430341482
72 147 234295.03461096113
72 149 1.4410581643955271
72 152 70147268.76478115
72 157 5852163.480063486
73 74 0.4144596068130237
73 75 0.336510970742722
73 77 0.23229826994805414
73 84 1.7597464752217917
73 89 1.0165675227644269
73 94 0.00702564915813165
73 96 0.32124422966620086
73 97 0.4870329074727786
73 99 0.19070930633287103
73 107 0.6619252637368551
73 108 1.4892127505619568
73 109 0.7667520526476301
73 112 2.159791818048332
73 113 1.5155625222614404
73 115 0.29920546456874836
73 118 0.6259974262801513
73 128 1.0264350250358785
73 131 0.379848151797753
73 139 1.4608735519421672
73 141 0.5787517097695598
73 142 0.026236922591963932
73 143 0.2832534973014238
73 144 0.7480967169241778
73 145 0.7503424021781927
73 152 0.14214029435482348
73 153 0.7778836115681012
73 154 1.2109114260332094
73 159 0.10145472334942944
73 160 0.4841863007214686
74 79 41343240.464855984
74 84 11.403167315745225
74 88 0.10820365545742566
74 91 1.0500158783779652
74 93 0.4204835815880734
74 94 4.689468873114908
74 95 0.9648331838922098
74 98 0.5636225411560437
74 101 10377321.363196092
74 106 11.799914945996496
74 107 0.2745479707588379
74 111 0.013175467463935837
74 112 2.6362495844009737
74 115 21.13852859406466
74 117 2.7233780762725903
74 125 0.3168979608683138
74 127 0.565046280993648
74 128 0.0009211194089346847
74 138 1.673452277449613
74 141 0.8091960712502708
74 142 4.322394434651371
74 143 2.3023745154371067
74 147 249505.1193196165
74 151 11.335668601393538
74 153 2.3845219624756715
74 155 38.69459010768075
74 158 0.3334401137016023
74 159 7.653627838599566
74 161 1.535954755475028
75 78 0.8055380051871088
75 83 0.2234132181813761
75 88 0.2764299268202624
75 90 2.7842549808854122
75 91 0.2900060253637513
75 101 1.827388494026939
75 104 0.564196911283288
75 107 2.1208809521002436
75 111 1.0811179696123125
75 113 5.2577152215225205
75 114 0.030952038485045533
75 118 0.06821857003734036
75 120 0.5117182689117029
75 121 0.49893841241454445
75 125 1.4047371398432105
75 128 1.0711164992987727
75 131 2.8602159876325883
75 134 0.8956714849801524
75 139 0.9874581081059857
75 142 4.342701829733999
75 143 0.13172183195459466
75 144 0.7437076549230497
75 152 4.278867354238443
75 155 0.12407617254711473
75 156 0.1896405102397395
76 91 1.6717773900895234
76 95 0.6533143682071587
76 101 5.536381746780295
76 102 1.5529248180705766
76 129 0.1215613158687744
76 142 0.5796663676504359
77 78 0.6117642579793839
77 82 7.665606166743399
77 87 2.462621432383836
77 89 4.436018258912147
77 98 0.9562213598213952
77 101 8.963813725030086
77 103 4.582374382321427
77 105 0.29110657480548524
77 106 6.954438359070098
77 108 4.016038439783477
77 109 1.170995075309737
77 112 0.2978862192001745
77 118 0.14985675452870775
77 131 0.5077675788226552
77 135 1.3517569422305664
77 137 4.010794843645523
77 142 1.3681312683687643
77 145 0.341705367945792
77 147 9.301257947192902
77 151 11.951287204044585
77 158 0.09152423818693599
78 106 1.4902300657651548
78 108 2.365742831496109
78 118 0.3784481765033471
78 131 1.3451949081605228
79 81 1.8968139636369017
79 83 0.07460293166449875
79 84 0.7311641411500989
79 89 1.5173574893195427
79 102 10.91900305737056
79 105 2.2040634208599355
79 107 2.4451819619642774
79 109 0.005146107204404215
79 110 0.61637679511378
79 111 5.742140442388167
79 112 1.0656437837464583
79 113 9.719819089850931
79 116 8.999983163598095
79 131 0.8745358025197203
79 133 3.007620343510432
79 134 1.095577794942086
79 135 0.9133642687903853
79 136 7.75066500266039
79 137 0.8401937502180112
79 138 0.4432631042193379
79 139 0.39249317141885726
79 141 9.728795932018185
79 145 0.3987383563863488
79 152 11717092.484138602
79 154 15787583.06985078
80 88 1.2113030234682796
80 99 0.05406799677467616
80 100 8.471679809540447
80 102 0.18554695603342014
80 105 1.0264381817294483
80 108 3.0729218204144386
80 116 4.068948597278878
80 128 0.5366725804029318
80 134 0.08346788871506972
80 136 0.12215725152995106
80 141 0.11859273623475648
80 151 3.8644185737957484
80 152 19.425814550812788
80 153 0.4464311685130796
80 157 0.5448985692569468
80 158 0.5762833651951804
81 93 0.5788584417906701
81 99 0.45995008667369264
81 114 0.7553620062179369
81 133 1.762372114749081
81 134 0.5969173135438784
81 148 2.734501875009669
81 159 0.018522338227439625
82 96 0.8784226294890339
82 97 11.09988480209768
82 101 3.5514176288566603
82 116 1.0485331744778301
82 118 0.8839295996543101
82 125 1.7969637445177764
82 131 0.4484346919761427
82 138 2.542779177669257
82 145 0.8501511601927663
82 146 0.20649238814545248
82 149 0.11427877764189949
82 153 3.35902834511821
82 159 2.752475066808035
82 160 0.15278910655185887
83 84 1.121453441989511
83 105 0.6847499989805129
83 113 0.2236206663647041
83 114 0.004931334375056875
83 135 0.006708280424790678
83 151 0.4798410904371918
83 152 0.7003682474322932
83 154 0.9903880081362127
83 161 0.30741326807967617
84 88 0.20074297578511713
84 93 1.8461011125946507
84 94 0.8913936594374541
84 97 0.7110266621665154
84 98 1.8830553211890493
84 99 2.201047756889327
84 101 3.953031271453556
84 109 0.137495680683834
84 111 0.012109349397506863
84 115 2.0822197376813545
84 119 0.7407246760309959
84 125 2.3631493955803236
84 128 0.13244670718908633
84 129 2.0190598554899726
84 130 1.4295003149734073
84 132 0.620571255061525
84 133 0.5267726077062569
84 135 0.464374775525123
84 136 0.2981931292690642
84 146 0.20876148678527165
84 151 2.6136423450795245
84 152 5.6723730300951045
84 157 9.41634430192853
84 161 0.9564491406091776
85 89 0.9827005273237904
85 94 0.10035937270748835
85 95 2.304727885601119
85 98 0.14545165640771113
85 103 0.12748741172279257
85 108 1.367305109976381
85 118 0.04516863537254036
85 125 0.5369982540310971
85 126 0.7291074346120242
85 129 0.026555743518538164
85 160 0.6890474213486663
85 161 0.3275542638483937
86 95 0.21727367125903108
86 105 0.42327759624240446
86 106 3.8401366229870058
86 108 0.7346684027998599
86 115 2.657040050476708
86 117 0.7575531529217951
86 146 1.392311119051687
86 152 0.3596411821315617
87 95 0.36618460255784047
87 97 1.8225144779361124
87 100 1.3673708302583598
87 101 2.202592320794267
87 104 0.7940251237515457
87 109 6.005544167182247
87 115 1.1640386796897788
87 125 0.4104978836979699
87 129 1.300489066015376
87 131 3.5566429019769408
87 134 0.18307435595742277
87 137 0.10618592426149183
87 141 5.06542732099898
87 152 4.265189037424675
87 157 4.027079996233834
87 159 1.293534427893208
88 89 1.855504286467682
88 93 1.6398708496696
88 98 0.3331660880061254
88 102 0.7138369418755048
88 105 0.9573331214585935
88 114 0.2105538373144977
88 135 0.23836107129225906
88 139 1.9618263389660633
88 143 0.3512343295509011
88 154 1.2203772873630623
89 95 0.18737353529065262
89 97 3.5563077072113223
89 99 0.16441021268543762
89 106 0.03470553621833684
89 108 3.9714513132294122
89 109 1.8367626823975478
89 111 0.09685619437212918
89 113 0.4514454144284233
89 114 0.30733432695716023
89 117 0.9631580370038527
89 125 0.3173204880185424
89 126 0.007896502963540157
89 129 2.1479919057910344
89 131 0.3620591990044188
89 137 0.36716137840426294
89 138 0.7436653602481572
89 139 1.8585969221636496
89 147 0.8575096927847193
89 151 0.25421313172026383
89 152 1.1742840892673803
89 153 2.8919702274571883
90 99 0.2067216739371069
90 100 1.7549392097335126
90 103 5.613568680208367
90 108 0.43910791754725803
90 109 0.7133780660566735
90 111 0.9309155408696337
90 113 2.720976821795403
90 118 0.7156931331321125
90 132 0.7141104410964022
90 133 2.414748480945621
90 140 6.161668440660347
91 93 0.4897740455895582
91 111 0.09370694791851314
91 118 1.9288258033357875
91 119 1.307464567778814
91 121 0.3909353001775829
91 125 0.5490002106712588
91 131 0.8555584944252737
91 133 2.66783126531889
91 138 0.24796014610354677
91 146 0.05213005486168979
91 153 5.916113811947909
91 158 2.4999687327180284
92 99 0.2817010708402404
92 108 0.027720490708491117
92 112 1.9099618082095013
92 118 1.2969542721818232
92 134 0.2896988519034053
92 141 0.7019388560684371
92 146 0.6478617532785808
93 98 0.6067620980150363
93 108 1.061440280263151
93 109 0.02296973924302913
93 111 3.5822081995714594
93 113 0.8104539280638698
93 115 0.08673377977038109
93 118 0.3349801452452647
93 123 2.519720981429711
93 126 1.2249838511261055
93 129 0.21676465930248817
93 136 0.2228366688683581
93 142 0.9089746288222077
93 156 0.7933149925451485
93 160 0.5053858452803678
94 97 1.2960189318548248
94 98 0.2014493880629452
94 99 2.233004100376008
94 103 0.319534530308707
94 106 0.7672778149699679
94 112 0.020097839971292174
94 113 2.466780464152144
94 115 1.9199602794721984
94 116 2.215724871921364
94 118 1.8803082294853306
94 119 0.23331448837519178
94 122 0.1031467764446509
94 124 0.4035186070864842
94 125 0.2338069254609226
94 126 0.3290434423737256
94 133 0.6981632642662208
94 139 1.065710241853727
94 145 2.276773967015303
94 147 3.5862266258048616
94 148 0.836897920057164
94 149 0.3846589090063243
94 151 7.90339955977805
94 155 3.3974816356813626
94 157 0.5914684325367032
95 106 0.9489016116988355
95 114 2.185762988117258
95 132 0.12841201935041172
95 153 3.9236709467288295
95 157 0.2754706320704778
96 98 0.6953119183601697
96 114 0.08843926340509586
96 117 4.534295184526705
96 127 1.7856443088670606
96 133 0.14548493009961855
96 135 0.5491746658624155
96 137 0.7686053317264848
96 146 0.895710497564147
96 152 2.614141315812777
96 157 3.206185968715459
97 102 0.5190458088103805
97 106 2.061916216117719
97 109 0.9891729231092379
97 110 3.4100522908301647
97 111 0.07342032598471641
97 114 0.26177123918082146
97 117 1.6904561470769466
97 126 0.13282209011910578
97 133 0.8459428034616019
97 134 0.6875141544048687
97 137 1.022283400680597
97 139 3.860293919609919
97 142 2.70881848708496
97 143 1.9296780452420108
97 146 1.2509646852232719
97 147 1.0782805220886778
97 150 1.5001509565255078
97 158 0.4295508220433516
97 160 0.09540623035282883
97 161 0.6436903237152503
98 99 1.4780235872948513
98 105 0.6679197722079944
98 108 0.6477670994605793
98 112 0.4376609927288671
98 115 0.7183011427804665
98 120 0.23128265113774008
98 129 1.7854191608664345
98 131 3.3483855516656664
98 134 1.4966788828794242
98 135 0.6368633814982828
98 138 0.037618812409614844
98 146 0.05016674082947558
98 147 0.6838535391010521
98 159 1.1893488860090347
98 160 2.054826588958297
99 101 2.096954296537116
99 103 0.8845335280386825
99 104 0.8583197151920591
99 107 0.198039687889509
99 108 0.2827218267042844
99 111 0.18377335489019042
99 115 2.022345519764706
99 117 1.6155526031430736
99 125 0.1175820888472254
99 127 0.14210867639164299
99 129 1.0639155276846624
99 131 0.09559760181695072
99 133 0.014363088279735935
99 137 0.5115703726478882
99 139 0.755228222771754
99 152 1.9247877486923777
100 104 0.6375864760224697
100 106 0.8293777090157552
100 111 0.40992699263481186
100 117 0.9152560227378944
100 130 0.5954481840482909
100 138 0.5529336673865454
100 145 0.5700238010490903
100 152 2.1208437815162213
100 153 1.6092982023504172
100 154 1.7763174471343872
100 155 2.4703028765244044
100 158 0.29058879108835395
100 159 2.556431416491919
101 102 2.5977812802273363
101 107 0.2729066797693848
101 113 1.3915821672623219
101 114 0.40678165409953326
101 115 4.476718555936789
101 118 0.9257313245992785
101 120 2.529584902810525
101 121 0.9232011289518995
101 129 1.9661691557401244
101 130 1.3918112914912946
101 133 0.0743431176207341
101 136 1.6300990733643952
101 141 1.609210859660124
101 142 9.70030558007349
101 154 6978209.52600722
101 157 1783568.0412735902
101 158 0.420109610338257
102 103 1.4086254375012077
102 104 0.26211937053805145
102 105 0.9999402883296805
102 106 2.984897558021796
102 107 0.040502497460178734
102 113 6.293535045885564
102 115 3.5023350702174096
102 116 1.5977901393122043
102 119 3.6365352524996344
102 121 0.2032485529434553
102 122 0.6517996786795096
102 124 1.591710363735828
102 126 0.144019209682458
102 128 0.9429767521630433
102 129 0.11882022485009885
102 138 0.5769641000004269
102 143 0.5275661155324766
102 147 0.852477541300283
102 150 7.646893004442306
102 153 0.9887220333324952
102 154 2.598008256379583
102 158 5.3109233681198535
103 105 0.7253342774719085
103 106 7.926297783205774
103 113 2.516965401843452
103 114 0.3130726099590366
103 118 1.9030405727662147
103 121 0.7982718288344843
103 129 2.6512019421553363
103 133 1.850765533386253
103 139 0.5033266179626821
103 141 1.5008372481713081
103 142 4.78716963781945
103 146 0.8814078700624896
103 147 4.474861448104114
103 149 0.06860493419379589
103 151 0.7835479511658039
103 152 0.05977548562772949
103 160 0.2323384576376346
104 107 0.6595660803976434
104 109 2.0259987471308762
104 117 1.0714858236952793
104 125 0.9311180381321488
104 130 1.6410829996811291
104 133 1.6897392844502301
104 143 0.9003338805227742
104 151 1.4852279213125006
104 153 1.0868409643230335
105 113 0.3768347289412355
105 114 0.9942198938234246
105 118 0.38153670048468835
105 119 0.4062160082768678
105 122 0.3109866450822417
105 128 0.5038226846939605
105 141 0.38860461871836877
105 149 0.05120527585827005
105 152 3.6045987123357186
105 160 0.5347694098613941
106 109 1.785023394857736
106 111 0.21229397173146575
106 112 0.26210630763921977
106 117 1.6902324352437592
106 118 1.4966701955237798
106 125 0.0021221315471364388
106 137 1.9049411702680694
106 138 0.6723525561138838
106 139 0.5409111187141762
106 149 2.5147646269310404
106 153 9.474653264790616
106 158 1.4662679662662594
106 159 1.3517897142558883
107 109 0.31503817202645684
107 111 0.06117887361323648
107 117 0.6278863782333715
107 125 0.8426368741739588
107 129 0.030559320751207163
107 137 0.9228221563664845
107 138 0.007326232931332687
107 143 1.2585478883180299
107 145 0.6179851951066112
107 146 0.9412094985000504
107 149 1.1130808138290806
107 160 0.5083566449360463
108 109 0.09831710952175048
108 112 2.412069829741154
108 113 2.1320825439984805
108 115 0.22138077656005836
108 116 3.2540172610289737
108 118 0.10649855942026232
108 129 1.5459617862144253
108 131 1.3115025697191676
108 132 1.5520604584514233
108 133 5.369850695326636
108 137 0.0011234426219589426
108 138 0.05656307384277715
108 141 1.6589657781398062
108 143 1.3095088786526128
108 144 1.9930632922880922
108 146 1.272912088174861
108 149 0.4954878947496574
108 150 1.5435061481714907
108 152 0.019218563682085965
108 154 9.709038064130848
108 158 0.09430956035751734
108 160 0.43973217686300686
108 161 1.758942378126969
109 111 0.6538176628010575
109 113 0.010149464288390909
109 118 0.06403544680527895
109 125 0.6616031239533973
109 127 0.3388365224757377
109 129 0.40498072079676617
109 135 0.620171757348903
109 136 0.31596770729621443
109 137 0.8022274969619814
109 140 0.3025606898202241
109 149 0.05715016939011057
109 151 3.7941110103407722
109 152 0.27492725743546303
109 154 1.3203814440893276
109 156 1.7115319277819498
109 157 3.162292244127953
109 158 0.5451914377084542
110 112 0.06706384660084284
110 114 0.41677590348938304
110 115 0.07329497542662645
110 127 0.4942017270729179
110 131 0.017131244303534195
110 135 1.1306944158838392
110 136 1.0907399774685969
110 138 0.7631536458970078
110 141 0.754629927208235
110 149 0.20490026123163751
110 152 2.2801496769825245
110 157 1.4220546363272
110 159 0.011761882609558254
110 160 0.24847489089105176
111 115 0.01464944729975475
111 120 0.2857712853149605
111 121 0.26580952445495676
111 125 0.4747198050645833
111 129 0.20400110732896645
111 131 0.008214072205452658
111 132 0.7927855724698191
111 134 0.20705665741744594
111 140 2.826487748262237
111 141 0.008129144684766554
111 145 1.2864348695204562
111 146 0.5762430875178952
111 147 2.663699612795633
111 151 1.3300860827639216
111 153 0.4453749807476712
111 154 2.319836754107188
111 157 0.3720491282298275
112 117 0.7544761056647628
112 118 0.5914693264113818
112 119 0.32112498777480236
112 128 0.2776997234548318
112 132 0.15043740863457125
112 138 0.8668355988684511
112 139 1.0023417620339845
112 142 0.1432778920152584
112 148 0.5557167943294735
112 150 1.3287192738123064
112 152 0.19067965534108652
112 154 0.5338947265863518
112 155 0.5000386647038435
112 156 1.2084901347696997
112 160 0.46230385966033627
113 114 2.8965587296741147
113 118 0.14684226827848215
113 119 0.3532094947046947
113 120 3.83875197943531
113 125 0.13003201948699544
113 129 5.3914230531435186
113 131 1.1839367987883276
113 133 0.9063111403610263
113 134 0.5740112597432403
113 142 1.2333464526375233
113 149 2.449288353012302
113 150 6.685393769088054
113 153 3.6822819412898937
113 161 0.6243302570396979
114 115 0.03548577404133632
114 119 0.6890963416498469
114 122 0.03430202171738723
114 126 0.9659065799838953
114 128 0.07274587342502421
114 135 1.2284936144691616
114 136 0.5388387715085636
114 137 1.6215079280567064
114 143 0.3556689245763099
114 145 0.013610733175401811
114 147 0.26090705706468603
114 153 0.47469037672530695
114 157 0.22304485954879694
115 116 5.669233129566939
115 117 1.7115224038012353
115 118 0.8551667932182779
115 119 2.000951938739224
115 128 1.2678583223808464
115 129 1.198002644641651
115 130 1.6543828566684262
115 131 0.4452880194335992
115 132 1.0383292375165838
115 133 0.6321262631301005
115 134 0.6666185507120101
115 136 7.577027765884201
115 139 2.659075219616929
115 141 0.7492137478639952
115 142 10.635471565147391
115 147 9.102909597157522
115 152 10.522637748124152
115 153 1.064385520147473
115 154 3.818115591075796
115 155 0.8803445646175798
115 159 0.8032138821446895
115 161 0.9358763065978339
116 117 0.9292067365060814
116 120 0.2694353719079245
116 122 2.2906029568955972
116 124 0.338035764747105
116 131 2.547926218360569
116 132 0.008030495837612388
116 133 0.6097133418278897
116 136 0.3148757777049256
116 137 1.2228241079334252
116 143 1.0394307996399825
116 153 1.7565420221872354
117 118 0.1429558499493884
117 119 0.23689557622067586
117 126 0.6174922937146897
117 129 6.337719363133693
117 131 3.4047305318891508
117 132 0.8024431021867547
117 135 0.42664612413382264
117 136 3.670744998568752
117 137 0.18154342389607087
117 142 6.288548995092954
117 148 0.18112690250671845
117 149 0.35137114984540935
117 151 3.839707998973248
117 153 6.649224013473748
117 154 3.7451249771366
117 157 22.058077032148844
117 159 0.008316062867444428
117 161 0.07343435183378472
118 119 0.4273376355715849
118 133 0.9881846652486371
118 135 0.09999426702090372
118 137 0.21501752957249756
118 138 2.1046663794998106
118 142 0.8276585424403619
118 144 1.5950345412964644
118 145 1.2241215494504876
118 146 0.07126802335029982
118 152 0.21550226572434275
118 160 1.5934191861352067
118 161 0.7392451301609343
119 121 0.03411662863551737
119 129 0.36193815928903195
119 142 0.359353463514958
119 147 1.5137448969055844
119 149 0.3609718842269022
119 154 2.2757701703317563
120 126 0.7619792822505252
120 133 0.007010829374006393
120 137 0.9768260642502606
120 142 0.7075192881056255
120 151 5.121137457429272
120 157 0.4325159372099034
121 134 0.5849098491407683
121 137 1.5579187076360963
121 145 1.11686126972454
121 150 0.2612042668116545
121 160 0.8344937256556644
122 139 2.4941445131530005
122 152 0.7266055067941809
123 131 0.05392499437287265
125 129 0.17727011441500062
125 134 0.5306353597712661
125 136 2.5742283657566736
125 142 1.2329785724604547
125 145 1.3869560500514402
125 151 0.8934222293906535
125 157 0.6300354043108318
125 158 0.4964144270506117
126 128 5.053504576081146
126 131 2.30468486160967
126 133 0.3138992168589228
126 136 0.253075603663651
126 138 0.2391794925568485
126 142 1.0996966499396095
126 145 1.01336247835548
126 151 0.7965172315098739
126 154 2.2605744389123767
127 132 0.8853576123459335
127 133 1.1203099744509417
127 134 0.7931352909707582
127 148 1.4365699547053783
127 151 0.843951149143727
128 129 0.36487612402412617
128 131 0.0008209104031101151
128 134 2.7128896662386177
128 139 0.257153305633668
128 147 2.2374233017312677
128 153 4.2845708477104205
129 135 1.8913516837325821
129 137 2.2743790982615137
129 138 0.5406080285520823
129 142 2.401757705090153
129 143 0.0808249892348346
129 145 2.50865543016235
129 146 0.8360845601509571
129 148 0.11074677262508847
129 151 2.7332785933097794
129 153 1.0599417882088737
129 158 0.5213985722880884
129 159 2.648173713547927
129 160 0.46878753219313446
130 133 2.7002277164814856
130 137 0.06843349420969065
130 153 0.30477823770016615
130 154 0.004624585867208188
130 158 0.45201098493423847
131 141 1.5742987845812657
131 143 1.199167766574981
131 152 1.3826031482310535
131 156 0.07855612450601573
131 160 0.3454419604901839
131 161 0.8062121933619463
132 139 1.3843380893576458
132 144 1.233907913123642
133 135 0.019774035621683585
133 137 1.12921832769032
133 138 0.2925614986900662
133 144 1.0757433772837246
133 151 1.0132491815174878
133 156 2.1606734263954595
133 161 0.17045087856482266
134 143 0.22698317459550357
134 147 0.3648165028764015
134 152 1.3527515498162326
134 154 0.27956498391504847
135 137 0.1528217932246402
135 138 0.6492371170990978
135 139 0.021162365383164447
135 143 0.43844880640361855
135 149 0.36387087761697096
135 153 0.07035486049373806
135 154 1.366727512789209
136 137 0.5560005902736169
136 145 1.5251159830523942
136 152 4.358748034792823
136 161 0.2782065108672909
137 138 0.438368446421972
137 141 0.02489139974638951
137 142 0.9076710709748544
137 147 0.06565543950480224
137 151 0.3649146821683702
137 160 0.7203109099249513
138 150 0.8252396115164597
138 151 3.1774796066229234
138 153 0.7460506276661159
138 154 0.703425084916019
138 158 1.7828590238201545
138 159 0.226997310564975
138 160 2.0047277953096287
138 161 2.2720332770187763
139 141 0.4481287140263599
139 142 1.862807209753403
139 143 0.2993987028946088
139 158 0.10603885877681608
139 159 2.8443781349740007
139 160 1.0848523234680088
140 143 1.5444689658584996
140 160 0.15969163540899847
141 142 0.8737564610175144
141 145 0.8890644281340141
141 147 1.3100081525601577
141 151 1.5939202117962246
141 153 0.16072090553955262
141 158 0.062490026615831196
142 152 85.12296255526579
142 156 2.535317511756065
142 157 6.994362361227132
142 159 1.655921467526743
142 160 0.5161537581040706
142 161 3.485774963920547
143 146 0.6182561415563768
143 147 2.519473896983
143 149 1.1608715471642834
143 157 1.086571009046714
144 151 0.5730831869634195
144 160 1.3786664587503519
145 147 0.17065908018011178
146 147 3.0459474616052873
146 149 0.5046631868774238
146 152 0.07624666176548273
146 160 2.766018544174504
146 161 1.3204933811929151
147 149 1.6184535179521375
147 150 8.277000384361683
147 151 3.5742455181104313
147 152 19765.975485408253
147 153 14.875870758571367
147 158 2.708801239861766
148 157 0.4390998030823563
149 151 0.6860970246217769
149 152 0.43626689723153284
149 161 0.7876475068923275
150 157 7.28017205321158
151 152 10.225936587442504
151 154 0.6944039829687148
151 158 2.2271694889143454
151 159 1.6890606134841175
151 160 0.6481539771699113
152 153 3.3891307143322247
152 154 239411996.34691134
152 158 2.24915493747755
152 159 1.5298903038791047
152 161 2.3602486601159596
153 157 16.447376109648133
153 158 1.2341884282303957
153 160 0.07874015202689712
153 161 0.9817890622365205
154 155 196.3665030453024
154 157 1659552.7096423763
154 159 0.4969753072004575
154 160 1.7449021416251684
154 161 0.1804900319915618
157 161 0.861186825238781
158 160 2.1321408943255347
160 161 1.903360696467934
