0 1 15.712842417382468
0 4 5.555332631955951
0 6 14.234980261494755
0 9 3.4691108704602596
0 13 0.4170809727534689
0 21 2.162843225099914
0 25 0.5829734259875832
0 35 0.2561893995966467
0 46 1.8586745518592498
0 50 0.6686346051658374
0 61 4.3601264652010885
0 70 1.181362012331394
0 71 1.9131653881989754
0 75 0.8142834678170219
0 89 1.8311852470924455
0 92 3.4726122184268564
0 96 0.9863660846097134
0 97 6.355591426998082
0 101 20.766707897271726
0 104 4.181916753729801
0 114 0.6264165296057786
0 115 15.251639209312135
0 123 1.6001728040804302
0 128 3.3783751633019254
0 131 1.0869364393648335
0 135 1.2316576012871738
0 140 5.2464114541793805
0 141 1.50372346359866
0 143 0.9089011805675029
0 147 1.325281654780448
0 151 6.181692704007213
0 152 22.90889559821989
0 160 0.688171325236184
1 6 34.579274579409024
1 7 31.786622512723437
1 9 0.36523299580767876
1 11 2.973782168493234
1 31 1.198224884253206
1 32 5.331774237241942
1 42 0.8594292012631637
1 51 34.183358467495275
1 52 0.6442043505376193
1 54 15.03527806848754
1 56 15.791862634027424
1 62 0.7028529549619926
1 64 26.71730244386346
1 70 3.2021007529630947
1 74 20.176519529064546
1 77 3.6337096891361966
1 80 1.4363869538225233
1 81 3.356910653903837
1 87 6.375673674670731
1 89 2.764129070197051
1 94 0.4896115889843158
1 101 64.3587698340704
1 102 4.478682200556762
1 106 16.06256850405022
1 109 2.12774614660594
1 113 0.025424805141051773
1 117 4.657083007915323
1 134 0.7442390941184126
1 142 33.258938763244814
1 151 7.2940060988808995
1 152 251.55106511327844
1 154 49.467308577602125
1 161 0.7892267195078811
2 11 2.140823380704796
2 18 0.33108156445973114
2 28 1.517169151719172
2 49 0.27775461235839993
2 50 0.05761408685372112
2 51 0.5811234372183173
2 52 0.5650032660846575
2 56 0.49849258507425526
2 69 0.3283111882271515
2 70 0.9314519031023629
2 71 1.1207467255727364
2 74 0.28739181084126086
2 76 0.5115630786135142
2 108 0.9746457409102411
2 111 0.009129798012673348
2 114 1.4166574044721911
2 121 0.20568650977209155
2 131 0.5039036734647081
2 134 0.754976629150452
2 138 1.4690989997995727
2 147 0.18676694323187745
2 151 0.7724831557793357
2 155 0.3844965133726838
2 161 0.14503894951606508
3 17 0.15328132130375993
3 19 1.7479362765011979
3 26 1.1581953962399953
3 37 0.18908239225238033
3 40 2.6029621494048985
3 46 1.4841299403643535
3 49 1.854899449803019
3 51 0.4649305472128168
3 55 0.16399755764607468
3 56 0.3856299617167985
3 69 1.8814738933779427
3 70 0.3084520958140085
3 75 0.18882357228622362
3 80 0.05555034441237168
3 89 1.7807071923405495
3 97 0.7533140183722711
3 102 0.4577716382712071
3 104 0.8832407705127222
3 111 1.4718956249061523
3 117 1.9358975618242904
3 129 0.1398069070619523
3 137 0.23087724290303918
3 139 1.0281523412243792
3 141 1.240780369979044
3 146 0.46675805452880637
3 152 0.39269463557662726
3 153 0.7615901086020462
3 154 0.07311916140061465
3 159 1.069717620406523
3 161 2.6458273404161003
4 6 1.6290395014235226
4 10 0.3411272032114717
4 15 2.0028195738523884
4 18 3.865155415458471
4 21 0.2559225780604622
4 23 0.6808591510399158
4 25 0.9642543414731712
4 27 0.10796180261712088
4 30 0.29015443200873314
4 34 0.5382202728705265
4 35 0.9264528276415467
4 36 0.09763468679255517
4 38 0.8234533394675223
4 40 0.37383359912320757
4 42 0.7681973911427548
4 43 3.386518271294604
4 44 2.6150184958084055
4 45 1.2314802201186248
4 47 1.0611047732824772
4 53 0.13007839929087314
4 55 0.5360663555152434
4 58 0.37277879029478217
4 61 0.11815352824999818
4 62 1.3473322741970333
4 63 0.20478439722704372
4 75 0.2674985769287658
4 80 0.6812515284385335
4 84 0.05596203082895868
4 86 0.5140161995666497
4 87 0.5866205033444115
4 89 2.9043575483131536
4 92 0.8036675827308983
4 95 0.3833949306393267
4 99 0.06688031532843539
4 101 8.343130731987051
4 102 1.3179640219848678
4 103 0.14210533193641178
4 113 0.6740118602505073
4 117 0.005962115210247251
4 118 0.5180544867981359
4 128 0.2295345076213991
4 129 0.028964164651138356
4 131 0.682679744178742
4 134 0.8083800682402202
4 135 0.23342714162022224
4 141 0.12713718596302215
4 142 1.010506738774723
4 144 0.676458753079189
4 145 1.341687410642379
4 153 2.116695252473331
4 155 1.051210344110033
4 157 2.7403898039791237
4 161 3.373157453712534
5 7 1.8786897720994107
5 34 0.773949492549785
5 46 0.13053911204468244
5 55 0.8100234619753777
5 65 2.9880452947363603
5 66 1.2897084425078371
5 73 0.06741263460851915
5 84 0.10282256498372304
5 87 2.0415538863901923
5 93 0.2817409700411981
5 110 1.0923434251026691
5 115 2.8715999697125296
5 127 0.07313546736000281
5 128 0.6127527493583562
5 141 2.4673150114503066
5 153 1.4628042094455658
6 7 10.763674958542316
6 11 3.8267166867875875
6 18 66.54786639514158
6 19 73.3717094730021
6 30 0.43291499145106244
6 34 1.5864199317441905
6 46 3.3057204680317156
6 51 10.882976765879807
6 52 0.7133774602646198
6 58 3.255020531121207
6 67 4.280122776183032
6 70 1.3087371877900196
6 76 1.5681753456367535
6 79 233.8024706087554
6 80 0.7873104081556095
6 86 0.9280843997583732
6 88 1.2556458792772678
6 98 1.0585407962143547
6 109 0.8281411959046348
6 110 3.2781922285552234
6 112 0.04505886061031256
6 113 18.727897142454385
6 114 0.5011023538374008
6 115 12.918015134452302
6 117 12.84967952341685
6 129 3.4865505199401485
6 130 1.5724754547673105
6 150 0.92921999863228
6 151 1.0095603411663594
6 152 22.901849538617892
6 153 3.3039804098412406
6 154 82.05958824463623
6 158 0.05262570100883237
7 9 0.03502269032030533
7 10 2.7564915126437484
7 14 1.235659000357898
7 18 69.81213863892009
7 21 4.98075871834718
7 26 2117.541441255503
7 30 0.2399125494108643
7 45 1.3889753241701752
7 50 4.31936865613051
7 51 21254038.676977687
7 53 1.1139387643667509
7 55 0.09723270403487283
7 56 12.337934568417525
7 66 1.2338367563936996
7 69 1.5297143477419288
7 70 1.5538405064886482
7 73 1.621604237538874
7 75 0.6019283583218167
7 77 1.9270552763464894
7 82 4.233009678278155
7 86 4.986350780514798
7 89 2.064509961520225
7 94 1.4861068391024503
7 95 0.01315450395072133
7 98 1.1158292275721022
7 101 19457953.692142732
7 103 1.5976281918866386
7 105 0.5921504981007419
7 107 1.3184093017951812
7 113 2.9206656025019817
7 116 6.862325480359095
7 118 0.5576257497906053
7 128 1.282706554875747
7 132 1.5926336776923282
7 133 0.5145496964429491
7 134 0.318541156299464
7 138 0.3886659602530536
7 142 20.220194579402694
7 146 0.8102984896322963
7 147 93863.33002754307
7 148 7.3978577507507985
7 152 6855981.29260509
7 155 472.37758275619734
7 157 1424335.1777567721
7 159 0.8937227371037915
8 21 0.10952232291425872
8 33 0.06717825022334463
8 36 0.2609015827435629
8 69 0.45221691405796743
8 75 0.4624032962390358
8 79 0.0272208757443577
8 80 1.089526814940193
8 108 5.4371619561606
8 112 1.1414555129097206
8 130 0.5079693569070529
8 131 0.032522907219100346
8 133 1.368836572145127
9 11 0.7663396940224212
9 19 1.3651573653359912
9 21 1.3931719850695699
9 31 1.805377899216091
9 53 1.5605044684261926
9 55 0.3374413618329908
9 58 0.8790876568962909
9 62 0.02703804769947891
9 64 0.17619902781118987
9 66 0.34901489963549254
9 69 0.08823778164503002
9 70 0.34438473524048135
9 72 0.3273589145003593
9 73 1.036046211816322
9 77 0.6645747856895463
9 80 0.4457096211945958
9 89 0.47307811588839993
9 91 0.9570518954296563
9 95 0.18823775395749065
9 96 0.4947856212046924
9 98 0.6633764290115717
9 100 0.976460063868694
9 101 0.6631140695162595
9 106 1.0517706240868523
9 108 0.43128122081534
9 111 0.27467815962705133
9 112 0.40556034075445146
9 113 0.9430782305169665
9 115 1.0909381567009468
9 121 0.5422184657371556
9 122 0.3358316992948719
9 129 1.1168946661112227
9 133 0.3700662912611125
9 134 0.461667459550801
9 135 0.5761556137303462
9 142 2.8899776120801244
9 147 0.8495114274387436
9 154 0.6491280912389009
9 156 0.1919299873338219
9 161 0.9371233100813878
10 11 0.6916752390915457
10 21 0.06507742991702224
10 23 0.5323298476901832
10 26 1.2937327066027766
10 28 2.380011538857809
10 30 0.12411441053180663
10 31 0.9653853338065802
10 32 0.10419997168384124
10 34 1.176960026806296
10 38 1.0280530846096276
10 45 0.46858834533387733
10 47 0.18449680890032197
10 50 0.5931710820396355
10 53 0.12649221581595513
10 56 0.11645594353295302
10 58 0.46181865336630173
10 60 0.09280255236689582
10 61 0.6678006407450934
10 63 1.3781329001698785
10 68 0.3594366267005003
10 71 0.5078064960367294
10 91 0.9318006459228786
10 104 0.388857056435884
10 107 0.5237982972862993
10 108 1.1395604648055526
10 109 0.5540189202721415
10 116 0.22136380599214034
10 120 0.08097225067548444
10 131 0.021229447727348087
10 135 1.790052769312366
10 137 1.8362709394814312
10 141 0.1410428452304505
10 142 0.08953475340324174
10 143 0.17107505260684244
10 151 1.045003582241488
10 155 2.8258717505435196
10 158 0.1627902919586528
10 160 0.14471416716419017
11 13 1.265970130912913
11 17 0.024284622880509085
11 19 3.0450298385992554
11 22 1.8176377945717639
11 24 0.23490992140528022
11 26 1.8198017668494533
11 31 15.459140841223848
11 38 0.7502559773580503
11 51 8.756214341127516
11 66 3.243290245047804
11 67 2.434254399478179
11 68 0.3684359115461696
11 69 2.0255132039084645
11 84 2.3187875150736743
11 88 1.098387749443415
11 91 5.2783693035226635
11 92 1.2876891789802447
11 95 1.7739826983464153
11 98 4.456259924702466
11 106 3.0953114699927013
11 107 0.2578600514879847
11 110 1.9215654911834956
11 114 1.2724376219187987
11 126 0.16263152820810842
11 134 1.1152224212040185
11 137 0.4473131421121899
11 138 0.23724598720034962
11 142 29.810221671050137
11 145 2.883530076698099
11 146 0.8000584133885094
11 156 1.3530805826878747
11 158 1.4449516335186434
11 159 0.2558047533074304
12 13 0.7847910851186044
12 14 2.4190615771099133
12 21 0.40727916511895484
12 28 1.6395965041395695
12 30 1.6880050549968535
12 40 0.03519950122682556
12 43 2.565597662754703
12 45 0.3875201280873996
12 49 1.412402478826369
12 56 0.18674046651395118
12 58 1.5882822726158023
12 61 1.2054040424463093
12 68 0.25606885817863206
12 69 1.1531861793648392
12 70 0.17076675955317586
12 72 0.8270386000341932
12 87 0.07435751602957383
12 99 0.2899248697596291
12 102 2.163225749501456
12 103 0.04431718218037285
12 112 1.483589659555031
12 116 1.955081092503418
12 124 1.7127167409648671
12 126 0.5811970167741664
12 128 0.2957249381053528
12 129 0.23351257161841352
12 131 0.1860786509341863
12 141 1.350676780282218
12 153 0.68586858975925
12 155 4.308153680867525
12 157 1.5771290846719173
12 159 0.507201730110886
12 161 0.30636775535747707
13 14 0.3858263929499895
13 16 1.9238568818490305
13 17 0.01887491471957962
13 20 2.0336651870856777
13 34 0.20257768915210914
13 53 5.728149872693555
13 64 2.8463488358128637
13 66 0.2789073849023719
13 94 3.4310313170870006
13 112 1.2735038165352839
13 116 0.9026184514622959
13 125 0.0191337367099061
13 136 0.5684325082023132
13 138 1.1611348313983438
13 146 3.1543360562295635
13 152 3.335194971206324
13 157 3.675108790600903
14 16 0.6884475064037292
14 18 0.398599121671812
14 22 1.3080708632560794
14 25 0.7889086194286432
14 29 1.7822986844449002
14 31 3.776241180666335
14 32 2.719123393981974
14 39 0.3475579797709767
14 40 1.0461850575510039
14 44 1.4181562470952938
14 48 1.1515361849273793
14 49 0.20305798236373485
14 50 2.436991259203071
14 51 5.988769010149986
14 56 3.9035797559834915
14 66 4.366478999792189
14 67 1.7905898774460756
14 68 0.395875018804568
14 69 0.04265144977777838
14 71 2.825495169731137
14 75 0.2068407166078091
14 77 3.0370577884001526
14 79 3.3187616134569744
14 87 1.6597353646402528
14 93 2.2790550177527957
14 94 0.22878593388068552
14 99 0.7351678200539024
14 100 0.3198116928326276
14 102 1.6096218960237345
14 105 0.12793796407205923
14 108 1.2884180206028997
14 109 0.3692664628812851
14 118 1.38537052866214
14 120 0.0853507248273004
14 125 0.3833328183742715
14 129 0.6907432831081962
14 132 0.9317667592181049
14 135 0.44436307030151995
14 136 2.2177961633371353
14 141 3.7526240690553485
14 142 6.522255158851026
14 143 0.2661119176428703
14 146 1.5216536159866325
14 154 4.1757221676780585
15 38 3.665672972628473
15 42 3.459956951971748
15 44 1.4953603867264404
15 52 2.5800413522688963
15 54 6.345930906024159
15 59 1.2015884811595097
15 64 0.31168412520661454
15 65 10.321980417128293
15 70 0.5530354635386034
15 71 0.19932577809430224
15 72 0.5066827521531847
15 73 0.48990462631111636
15 79 25.601374404145613
15 85 2.513406249222165
15 94 3.7315617730480115
15 97 28.996081462811286
15 98 8.046496327169615
15 106 7.997863665932419
15 110 0.17796438325329547
15 114 2.2721377729457735
15 115 1.0549853558557485
15 126 1.42120511594887
15 138 0.5248092280351943
15 140 0.2260790461943103
15 147 62.979858178677965
15 148 0.22373140216555015
15 153 3.6646096208553893
15 157 14.082113360112256
16 18 0.2913550658191027
16 45 0.3758144577383539
16 51 0.7747924512400999
16 52 0.8074990296357033
16 59 1.1259739356232066
16 64 3.2632675876720123
16 72 2.2448232406325683
16 74 0.30239009267892014
16 75 0.36757260902538064
16 77 1.177452199383543
16 90 2.6319681859407424
16 95 0.4264960600550606
16 105 0.9792658113947107
16 107 0.21685068656539677
16 108 2.0330990164983116
16 109 0.9294394050137914
16 125 0.14811755159064804
16 133 0.11591399114959608
16 134 0.25532986832721777
16 138 0.07220234257939472
16 145 1.2476248109755785
16 147 2.9459045871286906
16 148 1.7162966807929545
16 149 0.058116404834634164
16 152 0.34452408802513873
16 158 0.40436751352150824
17 23 3.0735501561212346
17 32 0.3061672775945159
17 49 0.5618090524706318
17 61 0.9424123254311475
17 73 0.4275879834809202
17 89 0.4098680278031839
17 113 0.07566212828069893
17 125 3.7339747311696403
17 146 0.052570227722127376
17 149 0.318440345851123
17 157 0.17155030236743332
18 19 69.77094453286293
18 20 0.0024418988232910856
18 21 1.6043491825028695
18 31 0.41801066240265766
18 36 0.6456008080810082
18 40 0.40536711666066894
18 43 1.4611759483790996
18 49 5.3237456788135855
18 50 0.1568610847632403
18 54 36.8103638511193
18 56 12.648869403551934
18 63 5.290465619889992
18 68 0.04938205245337055
18 73 0.5800053953259567
18 79 47.13568883562536
18 88 4.281712579035895
18 97 11.322175926191077
18 102 2.7915134349004638
18 108 5.21858628623741
18 110 1.816882367982417
18 111 1.138239391236036
18 113 3.5384962817901613
18 122 3.4079337280932887
18 128 0.6647765183463633
18 130 0.9926479612545187
18 132 0.4653990590585641
18 135 0.4134173525250378
18 136 12.049983348074033
18 139 0.4871752790690338
18 146 1.1198680802784355
18 149 1.0739706619089209
18 156 0.0427579411561477
18 158 3.5952541105196403
18 159 0.2542218357899562
19 21 0.5529185694623439
19 24 1.175297989925941
19 26 44566.05429747588
19 28 0.590775626968734
19 32 2.5598414532197964
19 36 0.09731999274302985
19 40 0.2162714732855677
19 52 0.6926116125490229
19 55 0.7733809738274923
19 63 11.782370735029778
19 65 2.778529767157583
19 68 0.6400023978708036
19 69 5.676045024996253
19 73 0.14286886272997854
19 75 0.8244199186855026
19 77 2.0545528117239633
19 79 17698059.81919657
19 84 0.4022981622328526
19 85 4.4599610306486275
19 88 0.976427180873223
19 89 2.6377229626428624
19 94 2.860058965896074
19 99 0.6125919360900189
19 101 9468584.776851801
19 104 5.202052412877629
19 106 20.91489801850654
19 107 4.061926185034857
19 113 3.769004470518508
19 114 1.9443120467245256
19 115 24.9542502842449
19 117 8.197635676037324
19 126 0.3390719790176796
19 133 1.9906264763762318
19 142 45.204092727131325
19 143 0.5799200720120432
19 151 16.91903851773445
19 152 6105282.666092339
19 154 44102031.70933963
19 157 3967639.0705734673
19 158 0.5624284607998772
20 24 0.8834480331398864
20 27 2.030231149304966
20 34 0.33061383133758043
20 40 0.4930521586154931
20 50 0.255460397323944
20 52 0.37836487064852803
20 64 0.5925831389846541
20 68 0.43084730098918617
20 79 0.4763853616223493
20 84 0.26137813369897217
20 88 0.36992015728063365
20 89 1.2364290477576783
20 95 0.5321649517850674
20 100 0.10631892733485196
20 105 0.27190811633286305
20 108 0.7527460243282709
20 109 0.45865014718834024
20 115 2.03377863924709
20 116 0.16442637511019503
20 117 0.11617508882616003
20 129 0.6489230792379695
20 133 0.09064395340153782
20 151 2.630018037477568
20 153 0.9410678898918456
20 156 0.8396711716250653
20 159 0.3540621849733005
21 22 0.5318975611663656
21 23 0.5871324455005095
21 31 3.4048733920358907
21 32 2.9612939912843297
21 36 0.18378948476469995
21 43 0.07249386703717599
21 44 1.0429955531093191
21 45 0.3227101952702164
21 48 1.6979802560136172
21 52 0.17861619113514363
21 53 0.2913784691694485
21 55 0.28722109437475263
21 62 1.42275468249576
21 63 2.588040923671936
21 64 1.0811143291837275
21 66 1.278244559687982
21 69 1.4290380216041592
21 70 0.24787211570893694
21 71 2.33620779632481
21 76 0.37734851143481246
21 77 1.4343082010355857
21 78 1.2385342418177872
21 79 3.0275962797362914
21 80 0.45524053613785403
21 83 0.2610070291328726
21 85 0.04336655044068112
21 88 0.07446447962619639
21 90 0.5739039635786146
21 91 0.20027838790866986
21 94 3.05838943247389
21 99 0.9321157736299195
21 100 0.9380778214556764
21 102 0.04546848860749183
21 103 1.2041540459344298
21 105 1.257519385283638
21 108 0.6052503452035789
21 111 0.0033426800258730136
21 114 0.050692925003384785
21 119 1.2861271856849108
21 128 0.6072628664964806
21 130 1.2736132825101012
21 131 0.33210501014227495
21 132 1.3273636821113977
21 133 0.5364788936547169
21 134 0.20494270033476536
21 135 0.8343527959910844
21 138 0.43695836258003534
21 141 0.4520303790934174
21 142 3.109856921257664
21 151 3.6314657610291072
21 157 2.801261473835364
21 158 0.8551228670129912
21 160 1.2856341083841654
21 161 0.39665063053337407
22 32 1.8575940651983391
22 36 0.0701707004298339
22 43 0.9292320506851626
22 51 8.013515347468218
22 55 1.419085982132205
22 65 4.376279840331813
22 79 4.901901313572314
22 97 4.589927723678535
22 103 1.8881186820393854
22 106 2.3890009763150424
22 111 1.1643077884759327
22 117 10.931459554796113
22 118 2.187068519452248
22 121 0.0688669315710121
22 130 0.187031523589959
22 133 2.3623345503678954
22 141 1.9209709348733814
22 160 1.427393396947871
23 34 2.944973505669073
23 36 1.2261608916049678
23 40 1.1856087730199283
23 43 0.0911028318994204
23 48 2.4762590774186957
23 51 24.405260927463853
23 54 7.859290842154622
23 61 0.5759923351000679
23 70 3.5172578794839073
23 74 8.042873181264081
23 106 14.020598742051195
23 110 1.451517919120475
23 117 1.1355442543412977
23 118 0.568483710109749
23 137 0.6832337157690935
23 140 1.2348135000059137
23 147 26.143657708859557
24 35 2.130245394924121
24 42 1.6357007017249376
24 44 2.0263645066291485
24 45 1.4684242163963082
24 62 0.7489603510663762
24 66 0.5820130573963298
24 74 0.5119995370826184
24 79 0.3228254797503199
24 81 4.075827484394533
24 84 0.13308945668753538
24 85 1.3649942244203246
24 111 0.5714358120626513
24 125 0.5815117136838228
24 131 0.19849712026458138
24 133 2.4000498005134
24 134 0.4702656430792873
24 135 0.3510550428292465
24 138 0.5216519952681437
24 146 2.1485962808069936
24 153 0.0299270434961052
25 26 0.5481457307741164
25 29 0.6371702579139786
25 36 0.2711658259242629
25 49 0.11684700935764598
25 51 0.2318695169768693
25 54 0.4422607767831251
25 63 0.7378062942142519
25 64 0.16941332882224436
25 67 0.06382907173135409
25 68 0.04547121828441303
25 79 1.4907742781028277
25 82 0.7238683348068836
25 90 0.3710209291458537
25 96 4.511719932558376
25 105 0.10893836987902447
25 115 1.113044329441976
25 118 0.16814855585387573
25 119 0.049948973425577387
25 123 0.19384302036040083
25 127 0.9565707960240718
25 131 1.508490388752531
25 132 0.5707267396694837
25 133 0.7004305463463718
25 136 0.5874845355763975
25 141 1.3976783742962202
25 148 2.0459960745839174
25 153 0.4519670896306186
25 157 0.9597281289564388
25 158 0.36080938578156296
25 160 1.089594698829029
26 34 1.9763085460291092
26 39 0.44180775007250295
26 45 3.5650607749286776
26 49 0.4746279502485452
26 53 0.3335237599695564
26 54 38248.048483407045
26 56 11.014241844518736
26 59 0.013603681105382449
26 64 45952.29082735493
26 65 6.82001404874227
26 69 1.6289693050675136
26 71 18.976796915997397
26 74 37141.851978638544
26 77 7.958095058234777
26 85 0.04657606455584134
26 86 4.510226360623391
26 89 2.3937278644150015
26 98 2.485549384515017
26 100 0.5490173914864769
26 101 73452.59644951175
26 102 7.5788977799618875
26 104 0.8633838056238061
26 106 14.334242861566516
26 109 2.654041685760997
26 113 3.334698915512789
26 114 0.2905746844457163
26 121 0.20070858124321603
26 125 0.7827643016126022
26 133 0.030077242395545156
26 134 2.2358154002384025
26 135 2.059872915588748
26 136 0.2820042655651377
26 141 1.035129241086155
26 142 10.791940290661389
26 149 0.9639969599928225
26 150 21.51916258250641
26 151 10.115595819947313
26 153 1.4465819130299602
26 154 72234.93667702105
26 158 0.06881300977336095
26 160 0.02992378532150753
26 161 4.358930469289594
27 30 1.1285654833052134
27 32 1.1084980333710832
27 41 0.36740068752174515
27 70 1.600021172562504
27 73 1.5438070630894654
27 77 4.709181928379627
27 79 1.0257953514318394
27 87 0.954721126929128
27 112 1.2872696001104593
27 139 0.7702289236003677
27 142 0.006950508906994341
28 38 1.6737969613039274
28 45 0.9411187972257152
28 49 0.5993508244129593
28 55 0.7443493086644192
28 63 0.4581909111599972
28 64 1.63681738239142
28 66 0.9163462829582151
28 67 4.9857452906272215
28 70 0.7912321962795144
28 79 3.1146629013182436
28 84 0.06686002326251325
28 85 0.0486793109996141
28 106 2.2180664760373645
28 128 2.732678479133581
28 143 1.2728944228990557
28 153 7.102620087776029
28 154 1.5133519603257384
28 156 0.39114691296822923
28 158 0.020841201343243035
29 33 2.018936182462323
29 44 5.3165484647697125
29 61 0.49531296122762436
29 62 2.2010131063169758
29 64 0.4427212415769883
29 71 3.2966095742652315
29 72 2.8684971318424513
29 74 1.1490745973044132
29 86 3.2942588881446206
29 113 4.565034541868277
29 115 0.1954782373905743
29 126 0.5153791623719685
29 131 0.11597970630333904
29 133 0.19920704334820125
29 137 0.1703106835162926
29 141 2.464702996105632
29 144 0.21266315211667458
29 147 0.8662356765688108
29 150 10.100217527998572
29 151 4.348226971705326
29 152 1.9912429060560861
29 153 7.185529510104675
29 156 0.4792992131856181
30 31 3.010668152082606
30 33 0.17221184971114678
30 36 0.14045814394906192
30 38 0.6696372781161228
30 39 0.6942535728344182
30 43 0.4676880929621468
30 51 0.4082189738854081
30 57 0.11690085705278318
30 58 0.46096083540751065
30 64 0.3552640017097446
30 67 0.0876158603854352
30 70 0.16765463220259236
30 71 0.25588381752683004
30 73 0.15200830963363549
30 79 0.5061578038607074
30 80 1.3898503698600997
30 87 3.036946649703239
30 97 0.6857258414407921
30 98 0.2365246493529523
30 99 1.3721417509111993
30 101 0.3788332696329616
30 105 2.4555345650616447
30 106 0.05749090373641662
30 109 0.43454119539311814
30 110 0.32342294224807583
30 113 0.5918095221325954
30 116 1.1255878755877404
30 117 0.4378887290841943
30 118 0.7563750617500584
30 129 2.147642852238166
30 130 0.31135333408732874
30 131 1.8607611028274025
30 132 0.0033313194323996197
30 134 0.7413427429405856
30 135 0.0879387471920828
30 137 0.13598986521350903
30 147 0.5782845372150531
30 154 0.9477047992406015
30 157 0.06684369306630226
30 159 0.19246715546932422
30 160 0.12739199858673655
31 32 2.6751360721978434
31 38 0.6782872116660087
31 39 0.6258428852257675
31 41 1.619947237073506
31 42 1.1219401414346326
31 44 12.846702333985048
31 45 5.06439173782348
31 49 1.3655979255345745
31 55 0.33801675711230383
31 57 0.6361859139577989
31 58 0.2940333614429008
31 67 13.12354453775031
31 72 6.3925612046616145
31 75 0.5569310168161613
31 77 2.9857239221450316
31 79 47.967709751780845
31 80 0.4902120458035338
31 81 0.8139013832712093
31 84 28.617123149185662
31 87 2.3472434065687477
31 88 1.0028456134976744
31 92 0.024237359935980952
31 94 2.7370959485355058
31 95 0.3141305501089266
31 96 0.04645118128494669
31 97 1.1189056369084396
31 98 6.42747996792462
31 100 0.7039343745485851
31 101 12.023751836737429
31 102 4.52587183865181
31 104 3.491554453599348
31 105 7.839981958334031
31 107 0.0044984789603281046
31 108 1.8916158233846652
31 114 0.8904673027229376
31 115 0.6065361460645096
31 116 0.8752872144008387
31 118 0.717509510407417
31 122 0.24012668497586925
31 129 3.434548512792797
31 149 1.6350641458477235
31 151 10.677951858788271
31 154 49.75713141003583
31 161 2.2968112746568914
32 33 0.47582361021208275
32 36 1.254488951177918
32 39 0.2528829335588145
32 40 0.37259082651106823
32 42 0.9340092036788084
32 43 0.2020766210391171
32 44 0.009120814344779349
32 50 1.2524246015145295
32 51 1.1520111972987603
32 57 0.029337603963843564
32 58 0.3042907057948907
32 60 0.2843992106155857
32 63 2.5131450987648325
32 65 2.2697882639659936
32 66 0.7545106674692857
32 69 0.9990026722465896
32 70 1.3513091781549191
32 75 1.0290594766987504
32 84 3.56301613585069
32 86 1.2622735583522486
32 87 0.495707132669654
32 89 0.12210490433398603
32 91 0.11034568815495867
32 99 0.1597360214703736
32 100 3.088142581663311
32 101 0.3919695949849844
32 103 0.1863627841766213
32 107 0.8847007549697006
32 109 1.1423591001046265
32 112 1.264795186454885
32 113 1.116333793747434
32 117 1.3702422929866063
32 119 0.09591148592118587
32 125 0.7621853809192214
32 129 0.495171616056641
32 131 0.6001398135285603
32 134 0.09101916376052624
32 137 0.6205474750772391
32 138 0.22183407847155662
32 142 4.8351949657372835
32 146 2.6931630894753904
32 147 3.2673751535287625
32 149 0.4180941464019858
32 157 1.0369967516067824
33 44 1.201950708294835
33 66 1.5682791500126687
33 70 0.8198267382931241
33 75 2.2074529636452085
33 85 0.5554151753859677
33 94 1.1722699524076394
33 97 0.44138449220293674
33 110 1.5945485295784823
33 125 0.04436741100828575
33 143 0.20903526141034603
33 145 1.8161272801874282
33 152 2.399939729227817
33 158 0.7690983057688099
33 159 1.3160436507749975
34 42 0.21489823379507372
34 43 0.20062523850037015
34 46 1.2131209310179034
34 49 1.432654391235091
34 51 0.19307919891381659
34 57 0.08911336609919511
34 65 0.6542191266375146
34 70 0.5410558676330173
34 72 0.5843358068658449
34 74 0.9172263842203575
34 79 0.16430528792156168
34 82 0.7465309674751018
34 92 1.276678505749718
34 97 1.2702135815502171
34 98 0.2724355099551251
34 99 0.11528938356565725
34 102 0.7258640810488597
34 104 1.5122943256387558
34 105 0.09662712084758789
34 114 1.4020850422231939
34 119 1.0300651497630542
34 122 0.49582461481652357
34 126 0.635843933911458
34 129 1.02096094545125
34 139 0.5495029039634085
34 141 0.08737713527802816
34 153 0.8876676866232487
35 38 0.81890981216054
35 39 2.095197778549065
35 45 3.2578443958777594
35 51 0.49382973893975723
35 52 4.7306604721158365
35 65 3.355961837465814
35 68 0.08460090343888783
35 71 1.6004573545283771
35 72 2.1260985732445055
35 73 0.5252117131379093
35 82 3.58065475338769
35 84 1.185677519633818
35 86 0.58385307388773
35 88 0.2469597823267317
35 89 0.17738002455441612
35 94 0.3710292856951261
35 99 1.2738637371245303
35 102 0.2993240922421592
35 105 1.4213108254936586
35 113 2.7651645192554875
35 115 0.3376473886892921
35 117 0.0423431129705537
35 118 0.32763998087779145
35 125 1.0543567071823816
35 128 1.932690440385383
35 139 0.6189295092134954
35 141 0.028129536958741642
35 149 0.1605715092940072
35 155 6.5380019710320605
35 160 0.133457865866772
36 40 0.033459661310468305
36 43 0.5070626538789588
36 45 0.4030983667292339
36 49 1.702831186542191
36 61 0.4365418092818545
36 63 1.025755374758546
36 65 0.8936733766338831
36 67 0.6783423683351272
36 73 4.214922782010338
36 75 0.02407540969139055
36 80 0.6210848634681614
36 81 0.5209470128238816
36 84 1.7743436442346536
36 88 0.13861061997530594
36 91 1.1804805356075254
36 93 2.013739904897347
36 96 0.9798905928858596
36 98 2.005458913214414
36 102 2.2959275708385083
36 103 0.2736395901727923
36 104 0.3316017759840868
36 106 2.9400352636262457
36 112 0.2549697786395844
36 113 0.6389270755886812
36 117 1.621743101811546
36 119 1.3520359233062742
36 120 0.6941025483474366
36 124 2.1791135551543723
36 134 0.020050074462752587
36 139 0.7822601934796393
36 141 1.0964465145049707
36 142 3.6216707417435674
36 145 1.6088858275935178
36 147 0.5239235843915028
36 153 0.3295419952168103
36 159 0.03643846161114049
36 161 0.8700402303216468
37 38 0.2944255559780474
37 43 0.5153139462752738
37 52 0.1338301497220369
37 87 2.552284599267459
37 91 2.5209621768042214
37 114 3.1720179351392255
37 128 2.5514863718297267
38 41 1.0701959692002907
38 44 1.1395123928769704
38 50 4.124479358111834
38 51 1.6054493996466754
38 54 1.159622116458553
38 56 2.026843747847247
38 58 0.018841184755812635
38 64 0.8781651832097968
38 67 1.494026631796347
38 71 10.142370031672991
38 73 1.4408051501785708
38 74 12.458058798057849
38 87 1.2704249628816349
38 89 0.8923026838237755
38 93 2.1500632742052947
38 97 0.6291111219125358
38 99 0.791533253604906
38 100 1.0501744947506912
38 103 0.11795841719251224
38 105 0.7294442910080757
38 106 0.26808856696248773
38 107 1.3130764655543345
38 108 1.7084976017471942
38 111 0.00481830686612786
38 112 1.067302125938752
38 117 0.805203094575695
38 128 0.0874483666218219
38 129 0.7438949612940717
38 134 0.2851553974305539
38 139 0.41885209434960263
38 141 0.8957116837626621
38 142 0.16063800775558268
38 146 0.007259970656703451
38 149 0.6782968616175284
38 157 4.659634432430132
39 46 0.18558518049692915
39 49 0.16751176625587294
39 55 0.14057664965541966
39 58 0.16078432220014122
39 59 0.013050167289640547
39 68 0.027170927816768067
39 69 0.7192848679372169
39 70 0.1580503492178747
39 83 0.032051126301923194
39 84 0.7334604065616633
39 89 0.5884828886130442
39 97 0.1861820013278067
39 102 0.3192062215184959
39 108 0.8929219031001098
39 109 0.2530032371238115
39 115 2.1886467085773846
39 116 0.8734751496553373
39 117 0.7937184556767641
39 118 0.030035230146940633
39 124 0.43954550446885826
39 129 0.2826964168016834
39 131 0.14103905662399166
39 132 0.6141297703278565
39 135 0.4722668160780078
39 136 0.9310481911204167
39 145 0.46036864350490775
39 146 0.1496751108615211
39 147 1.338460817865587
39 151 1.0185903290724219
39 159 0.6305149479182391
39 160 0.5285623439799192
39 161 0.3034257605992001
40 44 3.611059135101159
40 45 2.659039520998358
40 49 1.9523306395146938
40 55 0.005557064947667651
40 58 0.9876140784564075
40 65 0.2797860769772747
40 67 0.7000606649481036
40 68 1.5803621548227702
40 69 1.0620499729106785
40 72 1.887019029706698
40 73 0.923343653723156
40 74 3.5942720289076693
40 76 0.29985062380551136
40 79 1.1215464001141258
40 88 1.0604359638083851
40 92 0.828621322332337
40 97 1.5582420825017644
40 106 2.0348961532264638
40 108 0.59595507685567
40 112 0.19126011380956076
40 113 3.03488070985805
40 114 0.11734289340012802
40 116 1.547069440800128
40 117 0.08357540241733814
40 120 0.21785899751075302
40 123 0.34875478969773543
40 124 1.0914335504466919
40 128 0.14124299502582394
40 134 0.7276769419807622
40 135 1.2608232940968322
40 139 4.711817500647018
40 141 1.1202536072605223
40 142 2.657834029470613
40 143 0.47662861578150767
40 154 3.616372485076118
40 158 1.0077337176970964
41 42 1.0212860537554407
41 50 1.9381882579286214
41 61 1.7484403196478977
41 63 1.3352041091206397
41 64 2.4454088490805925
41 80 2.367855706229198
41 91 2.868097220003245
41 96 0.9662660842456587
41 106 2.598243246284313
41 118 0.47983834218555543
41 119 1.3944877609448447
41 131 1.0249487217678652
41 142 1.8661621765271947
41 143 1.3738332523014585
41 145 1.9425252075662647
41 152 1.761396731130204
41 159 1.9853888639568416
42 44 1.882624396123537
42 50 0.04148983272470543
42 51 4.282321107617717
42 52 0.8554673316926252
42 56 0.8632110622432745
42 67 1.4606257698018597
42 74 0.21813921674542364
42 75 0.4034263379733921
42 82 0.42710152896549913
42 85 0.12124152145296563
42 87 1.0798420562748352
42 88 0.14158635489746854
42 96 0.44630870440829457
42 105 1.444980756926088
42 111 1.5562053984761508
42 114 0.5298977635506955
42 117 0.4908203416905574
42 131 1.1659072557127008
42 136 1.4128125508116478
42 140 0.7029001432240486
42 144 0.12341342351373608
42 146 1.019783051895098
43 50 3.3487580409782765
43 56 0.4537789096044885
43 61 4.87044713109324
43 62 1.7616408156105825
43 64 4.292527693652425
43 66 0.1559044342754507
43 70 0.4575590163356504
43 72 7.792471554810592
43 74 0.007311904602653457
43 78 2.3395708609308086
43 84 1.8975906505346356
43 90 1.501733942678303
43 92 1.5018673375262077
43 99 0.10276487959588256
43 101 6.661383297010272
43 105 1.0570235102311305
43 113 0.14020962683874277
43 114 0.27304734510302286
43 118 0.1822464485388852
43 126 2.6854146361400844
43 128 1.2229554680455683
43 131 0.1399221152207909
43 142 6.862200607938327
43 146 0.1916725788167352
43 147 0.6409759196292112
43 151 2.658274093243292
43 152 1.1507012312786087
43 158 0.9818132456790762
44 48 4.162483722999
44 55 0.3853026475962308
44 64 28.16401493620284
44 69 2.6882091049211105
44 70 1.5365551260727275
44 71 7.9116650349000865
44 74 4.03038065724104
44 77 1.7537814562651897
44 94 1.186420916873624
44 97 12.17232987815716
44 98 0.4081543002818617
44 99 0.1356192388454426
44 101 5.438963561398832
44 106 1.7051388489384889
44 108 0.8967132016131655
44 111 1.019254248400307
44 113 1.274780313411878
44 114 1.8807591264095234
44 123 2.431922264472842
44 125 0.643275640060768
44 126 1.287075647841223
44 129 0.2366310923186481
44 137 0.41324690990974783
44 142 7.275605879957608
44 145 2.293820014336003
44 146 3.1338168956878136
44 153 4.579227269789556
44 154 4.723938015288516
44 160 1.293204282642234
45 48 0.5677767308142821
45 52 0.3203234999780822
45 53 0.9207104555935534
45 54 5.447880178887613
45 58 4.795672305935231
45 59 0.35922095522464614
45 70 0.31379941868409056
45 73 0.27929725154758744
45 79 3.026085923684038
45 80 0.3643743657860809
45 83 0.08264817772738718
45 88 1.6663851559075789
45 89 0.4746620169235912
45 96 2.0575397515004306
45 99 1.104440661526084
45 101 1.2586717181905962
45 102 0.2198621932079077
45 103 3.2166634916068397
45 104 0.0828296449862404
45 106 0.9670816959582704
45 115 6.644055891727027
45 116 1.0194886016677551
45 119 0.03433993606730608
45 125 0.4104105953516856
45 137 0.4472677278018246
45 138 1.0185994014469901
45 140 0.7155711316324894
45 142 1.5471062293043887
45 145 3.006272530404542
45 151 1.7923656467632691
45 152 3.424635243420193
45 154 0.525844020441902
46 49 1.3965954617586178
46 50 1.0974612849034349
46 52 2.6815731831342804
46 53 3.842423809692342
46 57 0.6396393460454048
46 63 0.10115282371822985
46 65 3.383897110475453
46 70 2.1285879173904596
46 74 1.9714945440283371
46 75 0.706588390708723
46 77 2.604098098324923
46 87 0.2659021667367627
46 97 1.0355704218452255
46 100 1.313836378444013
46 106 1.7277563793471729
46 112 0.8645432234726057
46 115 0.46609579556707786
46 118 0.39738642135539776
46 125 0.8017661253141992
46 126 0.4725391354168153
46 127 0.5062145872073541
46 134 1.1078117087421782
46 139 0.3312376070948583
46 141 1.6331390548127718
46 142 0.1309922994691282
46 145 6.2589926934886435
46 149 1.8100941171679283
47 49 0.33426419521265477
47 53 0.11026370525184309
47 55 1.0334389482359203
47 64 1.5629731666132751
47 71 1.0442940779342278
47 74 0.7898821952795959
47 77 0.6035947973317064
47 79 0.3304335957870247
47 86 1.0457431574555884
47 89 0.0025713223559565433
47 101 0.0631144697114934
47 102 0.4549756616024145
47 108 0.17682739892192523
47 109 1.2409359187484539
47 125 0.29181407700087947
47 138 2.9906881552323124
47 139 0.08924968177312467
47 142 2.9504605502805705
47 145 3.7726118772282327
47 154 0.7592870778589559
47 159 2.3023232517011496
48 58 1.9047239181070226
48 59 0.0664676548842923
48 64 5.779749027928908
48 66 1.566549899070387
48 67 5.104425009898696
48 75 0.9533172552255982
48 80 1.706583895723798
48 84 1.384388962751766
48 97 1.219356935000412
48 108 0.36373624042319475
48 112 1.2969226312282507
48 113 3.2684742017907773
48 114 1.8446951752492622
48 116 0.22928322362594913
48 127 2.056122454174666
48 138 0.12056248413642137
48 142 8.65176217506534
48 154 1.1505568837399514
48 160 0.5183924424905326
48 161 1.1543418941903931
49 51 3.320215773027705
49 52 0.6078032495575402
49 54 2.1616299255704674
49 62 0.4929563202179456
49 64 0.2246565637792756
49 65 1.180173069432012
49 66 0.9990832585535321
49 67 0.2890705700259324
49 68 2.2833639264460355
49 70 2.2248334044103446
49 71 0.7904544574585943
49 75 0.7970631787372957
49 78 0.2995346739965037
49 80 2.75751939673879
49 88 1.5877384829875667
49 92 0.3809825862305832
49 94 1.524158622104097
49 99 1.0702896312932286
49 101 0.9781679633515434
49 102 1.077473830501399
49 103 2.5079845828985565
49 106 0.0906101994839417
49 109 0.6845400844622317
49 112 0.4874626619594302
49 114 0.6361193681626801
49 116 0.9216745441252402
49 118 0.0918824616876602
49 141 0.13402036574458587
49 142 0.7305234875328276
49 145 0.6985501022005516
49 154 0.2175561231055463
49 160 0.9755163933171354
49 161 0.47284916532289584
50 51 0.14750973335996545
50 55 1.4374965661015753
50 66 0.5300877259787673
50 68 0.36068157348881125
50 70 1.6959829449036992
50 77 0.22870854522598177
50 79 0.05522886059554755
50 80 0.7588739778630906
50 85 0.636426816545361
50 89 0.7227998623732966
50 93 1.271741879370491
50 97 3.5902312867887844
50 106 0.058109667050947014
50 108 0.11176644028106078
50 110 0.7566910274781292
50 113 0.7024082640467465
50 115 2.292443158756323
50 119 0.47616818532389643
50 122 0.250022507352327
50 126 0.37809009492515094
50 128 0.08090973493992343
50 129 0.3423637392244705
50 131 0.6080212892545528
50 134 0.3955983285034903
50 137 0.3898088064451284
50 143 0.05698605171944063
50 147 4.020932925675368
50 151 0.35177776600282856
50 157 5.1506874443530215
50 158 0.17108198748821699
50 159 1.1778062555570528
51 53 1.3266014796690648
51 58 6.797981381017271
51 62 1.1571800938667274
51 63 9.069742676368614
51 72 3051034.9682849958
51 73 0.1895403154586384
51 74 68892081.59320234
51 82 1.934090691071872
51 83 0.010572812963041644
51 84 2.1917216268327753
51 85 3.169069275707156
51 88 5.212390805722346
51 104 3.6896020315243345
51 107 0.2887924169482455
51 113 7.880465836354094
51 116 0.3427873652843756
51 118 2.4420365507909123
51 124 0.7246209559882205
51 126 0.10583109094013814
51 129 0.3860162118719573
51 133 0.9640971612032704
51 134 0.20102544691985766
51 150 2.83421312937952
51 157 2408913.6627233485
51 158 0.2096317531652025
52 60 1.119070836270532
52 68 0.9836670211885992
52 70 2.4825015674148045
52 72 5.250869761414814
52 74 2.3391283858581353
52 75 1.237029082346158
52 77 3.175186775411674
52 85 0.09666000630503624
52 95 1.4606404761377656
52 98 0.8765756009972899
52 101 0.07448422287247382
52 113 0.783608737723738
52 114 0.04778484118085772
52 117 1.1905354616253059
52 118 0.14010484611442625
52 129 0.19568585387314508
52 134 0.3853740235571972
52 136 1.60613612553445
52 137 1.4338037203028575
52 157 1.5796220987761787
53 63 1.3769751579769989
53 66 1.628131930380411
53 68 0.018756447805046914
53 74 4.267729004642045
53 84 0.2995525672179347
53 87 5.783161554733175
53 89 0.03122929683951646
53 96 0.5873415379028696
53 102 1.3600053398951057
53 105 0.08442521883432566
53 119 0.04813336631112563
53 127 0.05016718835480087
53 135 0.21839950471868588
53 138 0.22962119067605782
53 141 0.3160503199159414
53 146 1.0755105270732064
53 151 0.881993761566416
54 56 5.135893964764803
54 61 3.533711728574814
54 62 12.04627505063824
54 64 51808827.28614148
54 65 12.266047223822445
54 66 11.090587802638346
54 67 10.952255414440192
54 72 46328333.90974021
54 81 0.1220837643169478
54 83 0.5277235742265203
54 92 0.8283789799978704
54 96 0.8137671507227032
54 97 3.73493563966016
54 99 0.31081686799895886
54 102 1.7765807728402407
54 106 8.89980915718055
54 107 1.3622204600713281
54 114 0.2281829396241765
54 116 1.4229648720361106
54 117 6.410854588933906
54 118 0.09590553009678882
54 122 3.6342067848756447
54 129 5.48549318962375
54 131 0.15716554149280432
54 136 2.6192047467256763
54 145 8.490830523708684
54 148 0.44190892211344296
54 151 18.95131684205068
54 153 7.4561208367133505
54 154 210403953.59678462
55 56 4.671753407101613
55 57 0.10599249628958404
55 58 0.6897221493452785
55 64 1.3739683391954394
55 66 0.2108198807083902
55 71 2.3992639989022413
55 77 2.8700966821758738
55 84 2.4133831046179903
55 89 1.2929589248528437
55 90 2.8346478149081658
55 95 0.07450396248424815
55 98 0.4731895803519907
55 99 0.04977892966678126
55 106 0.855627055581553
55 108 0.12268300272641106
55 109 1.8075736863752787
55 116 0.5264282450965181
55 125 0.5006305355725438
55 133 0.5725451959667247
55 134 0.09380565930357594
55 136 0.28673331851713724
55 142 0.1753052381268007
55 154 0.5994373481345459
55 160 0.6142994015778139
55 161 0.7513144329144602
56 62 1.653483665753983
56 66 2.474101146232769
56 67 3.3027550044964453
56 68 2.091625336782117
56 72 15.637912496673128
56 73 0.3300192711770773
56 77 2.0329848340362746
56 81 2.5046627407030453
56 82 2.447165987523167
56 87 2.8417544658777363
56 88 1.0556108034398966
56 90 3.910821620532377
56 95 0.7843661154518449
56 101 12.471704594476218
56 102 9.926522185178444
56 105 6.073854801573118
56 108 2.705659201017674
56 109 2.757159322912415
56 111 1.0685171815546628
56 114 2.720879388924269
56 115 9.672088800265293
56 117 1.469076045986145
56 118 0.02428374105090791
56 121 1.4647981278061648
56 125 2.0336579999439786
56 131 2.164696783229026
56 134 0.7577692757709553
56 137 0.512600972435218
56 138 3.492169737604566
56 142 6.061286158870124
56 145 2.135860244852808
56 147 12.603233580641215
56 148 1.875486237468028
56 150 5.394799478191852
56 156 2.4023661522592312
56 157 1.026707715191739
56 158 0.9958330003779702
56 159 0.10286937657546145
56 161 4.217132522382629
57 58 0.11124211513516427
57 70 1.5222216592200557
57 80 0.13642475538212165
57 86 0.7609950683773166
57 89 0.7244041552268605
57 91 2.1598864250599443
57 97 0.7743951725544542
57 99 0.9226202640993731
57 108 0.3883320447618675
57 115 0.016579331153690802
57 129 0.09335356187171638
57 135 0.3717993594453529
57 154 0.7833848403705838
57 160 0.2925515200766097
58 69 1.0053180214066288
58 70 0.0238650605366678
58 72 1.7523816500772
58 73 0.8784778445480599
58 74 1.8219558460635228
58 80 2.4643728538841563
58 84 0.11357086483430007
58 93 0.9937827816460423
58 97 0.1349180710797467
58 102 3.6427304033764836
58 106 0.06855246021360252
58 107 0.6853288973479825
58 108 5.209253330065808
58 110 0.01248158228395731
58 113 0.0801299978852055
58 114 0.19426775433394636
58 120 0.677822516777767
58 121 1.4223750345359798
58 125 0.12201509353320329
58 129 0.679744717428346
58 136 1.761473097803049
58 137 0.4325038613015646
58 142 2.9628171386688833
58 143 3.031390863399021
58 145 1.4866373106028659
58 152 0.9728779585012369
58 154 3.6966688968485304
58 157 1.2213019180994082
58 159 0.5204735085478278
58 160 0.09329437532601212
59 65 0.06259608494340008
59 70 0.0745837160372825
59 73 0.8778254680691838
59 74 1.9447012562982204
59 75 0.08248182015546365
59 77 0.7125151902118626
59 79 0.8502344916350578
59 80 1.2490887508395512
59 82 0.7196072834761204
59 84 1.2676857593611313
59 85 0.561895391956283
59 93 0.31511057046807966
59 94 2.3117700002139836
59 100 0.3743870977433513
59 103 1.2947805711577267
59 104 0.13117296857523839
59 109 0.9475281724797161
59 111 0.9262757582812412
59 114 0.9043517387916001
59 119 0.684511762179332
59 120 0.23664327955180095
59 124 1.6364827805455513
59 138 2.408602919785939
59 139 0.059808821432544415
59 141 1.3324511143471367
59 142 0.6388242201764583
59 146 0.9571448792445505
59 147 0.5954966993534453
59 158 0.673435289229313
59 161 1.4340612562734296
60 66 1.9707302876721629
60 75 0.651802241487243
60 99 0.05963905991173084
60 125 1.279598410136976
60 135 1.4206910442080962
60 138 1.7196769189334733
61 64 3.2774723033215527
61 68 0.63364985273102
61 70 1.5172962317963354
61 72 6.448023209746808
61 77 0.7557079934987891
61 79 7.007265818086696
61 84 2.0996150677417926
61 87 0.7846090230662716
61 88 0.2652546289633681
61 89 0.5046798682188633
61 96 1.1254049033251476
61 99 1.2982122414162534
61 101 6.842087152156131
61 104 0.605743648856448
61 114 0.6988364598062456
61 117 1.984472266851355
61 119 0.5132763585278526
61 123 0.3114539560461144
61 142 5.99596597950264
61 145 0.4700799952430368
61 146 0.23927454315509852
61 151 2.167882075526579
61 157 9.034227706402675
61 160 3.1739155129503187
62 65 2.278259356997268
62 66 0.1087200681126315
62 72 2.0402082553893046
62 73 3.115560270954254
62 89 1.759807341178323
62 108 1.5827941595349337
62 112 1.645238522090926
62 113 4.361951727404163
62 115 0.5243302517691522
62 116 1.6009390953544589
62 130 1.4112900099207213
62 131 2.4620235508509585
62 133 0.3621142004158523
62 153 1.479747685042074
63 66 4.545528344018296
63 71 4.626856996164073
63 73 0.9818126429154111
63 74 1.2350851733239183
63 76 0.4769693227672905
63 77 10.917568535012348
63 82 3.7273905839925305
63 88 2.3489220816156795
63 89 0.03369114095981695
63 90 3.7668536239076005
63 96 4.102022053312104
63 104 0.9162525873912861
63 105 0.23625140195457175
63 109 0.6860448135492383
63 113 6.289329778563333
63 116 1.0717406274445982
63 119 0.5241646443159875
63 121 0.3291897220019509
63 129 2.720386077401842
63 131 0.2986849045747697
63 134 3.264313664932827
63 141 0.5113224902183776
63 154 65.0685824525517
63 157 51.452893923507304
64 65 23.139164309034353
64 66 13.800611609737846
64 67 3.6476648625887775
64 69 1.313541487920866
64 73 3.494977141275533
64 74 217154.52771880428
64 76 5.021674874007647
64 77 0.025863023276008038
64 79 12989439.817088708
64 82 24.774441594853855
64 84 3.542971516708646
64 85 5.261332005920479
64 88 2.097998767657106
64 89 0.5632756641110251
64 92 1.2678246560651656
64 94 2.0580503368975505
64 98 0.1627718770696485
64 100 1.9403813210456575
64 104 3.0276810641335707
64 107 0.5562088571864868
64 112 0.519196483462233
64 113 1.192872915219818
64 114 3.2607093875430464
64 118 0.7173305235187568
64 119 0.061592466044053135
64 125 1.0509292645977037
64 127 6.105444689658154
64 137 0.37819923380891235
64 139 1.9058947550768834
64 141 2.298102836552047
64 147 273214.87165730516
64 148 0.03638819381710017
64 149 1.0576721080771698
65 68 0.9230746657136434
65 72 12.34679333985132
65 79 1.2445359276627654
65 82 5.910484654744875
65 85 0.5843154749021103
65 86 2.025529068353585
65 89 1.1576615871676499
65 94 0.18705905510886536
65 97 8.880510286004666
65 98 1.5789004732849612
65 99 3.6029190249850678
65 100 2.9708497158485314
65 101 2.4377085539222523
65 108 0.11023032761848583
65 111 0.24327648336710123
65 112 0.17033072709591646
65 113 1.3971764009327838
65 117 0.30136908257429706
65 120 0.38327377474803104
65 129 4.711092078579463
65 130 0.41784807397153956
65 131 0.6277690271991854
65 133 0.3404433930732434
65 141 4.8990597735046455
65 145 5.821884206777251
65 146 3.1071402834839894
65 147 6.021123217941856
65 151 3.179555835165462
65 152 0.4473165852660047
65 154 3.684511514720472
65 160 1.7776989834044459
66 68 0.37215428678092405
66 70 1.6840590025824782
66 73 0.5637231331027128
66 74 32.513740030671926
66 80 0.7265472924001865
66 82 5.805074480617559
66 91 0.1701164943125347
66 93 7.7500452844505965
66 99 0.626490688725053
66 102 2.2960567757680566
66 103 4.155812845096266
66 108 2.1175366212799354
66 109 0.14186876882567961
66 111 0.6546415268901316
66 116 7.62934034220812
66 117 6.97519612166959
66 125 0.4386897354539904
66 127 0.7394108704343668
66 137 0.4000015052785599
66 139 0.8577289186957865
66 141 0.5173056921693135
66 149 0.2207397699472434
66 150 6.879950250311637
66 152 10.673025589529617
66 154 2.3655755546093666
66 159 2.7204833872150678
66 161 0.04633908614560196
67 68 0.6018310227078666
67 71 21.100675593283686
67 73 3.6045551817800137
67 74 29.744754481963138
67 76 0.8589806177910067
67 77 0.7549825927624908
67 84 2.129866612278292
67 85 2.6734442475762066
67 89 2.7512686455455455
67 93 2.000197720296809
67 97 4.941414537619436
67 101 3.4788722142482
67 104 2.0869481931913274
67 105 1.270767634743248
67 106 8.408699711534044
67 113 2.1590776984887383
67 117 2.713958019560744
67 120 0.7377401780760257
67 122 3.822361866002931
67 129 0.06868579730424651
67 133 1.9070251173401875
67 134 0.8439553024139
67 139 0.9370972945388365
67 141 0.10024166924379332
67 142 1.9587759510160205
67 145 3.338915169645752
67 146 0.5497105222146867
67 149 0.8200368752949359
67 152 15.862552756941394
67 154 4.874261159918472
67 156 0.2120944473588659
68 71 1.5402419371979177
68 73 0.03564251746465963
68 77 0.527293323554952
68 89 0.13473324777043433
68 105 0.9613265800929466
68 108 1.0355791515793926
68 109 0.9574011870821957
68 111 0.15451676054673444
68 112 0.9056775312408241
68 113 4.456351915350782
68 114 1.0697575992805235
68 116 0.08941817779801674
68 117 0.34577424654401384
68 128 0.004229664715726684
68 135 0.8886664730954211
68 139 0.7789981576223224
68 143 0.2292813952136948
68 147 0.7077477581543904
68 149 0.07083684581868606
68 150 0.05048535516685298
69 70 1.1320500932855178
69 73 0.4130733008957703
69 74 5.711134219690793
69 79 1.7967657935375545
69 82 0.17549309631871313
69 87 3.986288278402696
69 93 1.2951482090047386
69 98 0.36770812620843046
69 99 0.041080057260934895
69 101 4.029871333024987
69 103 1.1344497310193105
69 105 0.1413646381850205
69 106 2.2220641872677223
69 111 0.20156860540272054
69 113 6.359280566588627
69 114 0.10951292478414663
69 116 2.0520957810595015
69 118 1.0122992960412613
69 119 0.8550846718332346
69 121 0.3482497928894883
69 133 0.16510157591338803
69 134 0.5486998908994377
69 135 0.6624344008942636
69 138 0.7466055086246713
69 139 1.719474664090101
69 145 1.794220751840077
69 149 0.25253766599406613
69 150 0.4889897133048652
69 153 1.6740074237196394
69 157 3.5471143137543706
69 160 2.0552655003133746
69 161 1.4428340138868454
70 71 6.400646909830359
70 72 3.0869985142730685
70 74 6.280515675511089
70 79 4.870192201355345
70 88 2.952363442949791
70 89 0.6675537852965904
70 92 2.1092835660538345
70 98 0.10502349858866329
70 106 3.262642846793717
70 108 0.7355283285361796
70 109 0.989545992353617
70 114 0.3082161952959031
70 118 0.14919193933865538
70 120 2.0303752609590173
70 121 2.0240112971285873
70 127 0.3177132077643922
70 128 0.45525280608779106
70 135 1.506277381512333
70 137 1.7409837900236942
70 138 0.18215495953553076
70 139 0.5918074062115515
70 142 1.5711869798432805
70 147 0.9876592142265087
70 149 0.14628898063286486
70 150 2.802830352933595
70 152 7.365343901586101
70 156 1.2082473645437577
70 157 6.920632522566752
70 161 0.04987970777466628
71 74 2.2652958309856697
71 77 4.290173407233092
71 80 1.7058664990479566
71 82 2.363680781698964
71 84 3.2069438167072337
71 94 1.9927350228042358
71 96 0.051828953983558426
71 97 6.473151701466706
71 103 3.6147229163029753
71 105 1.0734003992754801
71 108 5.660916571566164
71 109 0.19849296859211318
71 116 13.118924121949377
71 117 7.050228092949143
71 123 0.4644348380056955
71 128 2.0507167131687294
71 132 4.317572631880083
71 134 0.2804274356963506
71 136 5.614263681792094
71 137 2.427282844660909
71 145 1.9228128247641756
71 151 10.530331147921888
71 153 1.5900634137551857
71 159 0.5064289417811929
72 73 10.228608705615747
72 75 0.4072175452378055
72 82 2.158526610596205
72 87 3.303507777339936
72 94 0.9552822715295254
72 99 0.2831536283121759
72 102 2.5431729221116077
72 103 3.422097904056464
72 104 3.237943792183584
72 108 2.6383283213711963
72 109 1.443032872124337
72 110 0.13555387380268893
72 117 4.758779454934654
72 124 0.5157302288635216
72 125 0.10464034447822777
72 126 0.8311593381550061
72 127 2.234497219693597
72 131 2.1991770221080107
72 133 0.7077288843356292
72 135 2.8041323020973246
72 142 76.13768375084342
72 147 12541.203807469852
72 150 0.9886893873434623
72 151 0.6590479866611061
72 157 538060.9861057291
72 158 0.090683436483541
72 161 2.542520108695715
73 75 0.1932662578334348
73 83 0.2237511815503303
73 84 0.4351112593900886
73 85 0.6590583528673706
73 88 0.43763948030499333
73 93 3.184469950646457
73 94 0.458585177079273
73 97 3.5731494103572095
73 103 0.7802740916280703
73 104 0.4484675609545151
73 109 0.07942544843078755
73 111 1.2161475760747367
73 112 0.305823636404558
73 114 0.463948878151221
73 117 0.3623581671584261
73 126 0.3067543244990799
73 129 0.9260425520907961
73 131 0.12831140425476742
73 134 0.12117032980010815
73 135 0.07413394082801333
73 139 1.4897422248748837
73 142 1.3024072500962065
73 147 0.05672170049281689
73 151 1.9931256693290493
73 152 0.3997640053355435
73 153 1.2719078963857937
73 158 0.0657629676123476
73 159 2.394422691600798
74 75 3.2110748786823464
74 79 2756835.0303817587
74 81 1.7514794510887493
74 84 0.6965713158824294
74 94 3.6881764573414615
74 97 2.9842016199481445
74 98 0.861517501358648
74 101 17161003.295442343
74 105 1.446166537242177
74 106 8.998949931193852
74 108 2.946478281879511
74 109 3.4768565718301945
74 110 2.830674936922707
74 111 0.6951041608458323
74 113 1.2298721402483446
74 115 11.97812104827758
74 118 1.4786316177392003
74 121 1.253331110109245
74 122 1.302377447050077
74 126 2.9307993443590026
74 127 0.9680900442007675
74 129 2.698758959204185
74 131 0.898590596544795
74 137 0.5842417237397902
74 147 539052.8690781016
74 154 7509694.546982562
74 155 142.51616017089222
75 77 1.135237620275441
75 78 0.8100674624465509
75 87 0.787841964400967
75 89 1.0480160178545443
75 91 1.338963007132203
75 93 0.9982467556923414
75 94 0.6677398926254813
75 97 1.1176301481863495
75 102 1.7341367084076469
75 106 2.01200117841565
75 110 0.45735958560430057
75 112 0.5101695974474576
75 113 1.0046477345183968
75 114 0.07913149771867556
75 117 0.37449104653571014
75 119 0.6954537681195425
75 126 0.1967538027998759
75 127 0.2620564790187088
75 131 1.0966637542900064
75 133 0.36206224097182943
75 134 0.2023425343179157
75 137 0.07651891257576987
75 138 0.193356103458574
75 139 0.024531218980567374
75 140 0.7699361063802455
75 147 3.5868416414983906
75 150 3.534494969659227
75 151 1.43045251368128
75 153 1.18992432487304
75 155 2.128584600990541
76 84 5.45573780265815
76 93 0.2433198953955584
76 98 2.88831182435688
76 102 1.2183720955505666
76 105 0.30071846718865347
76 131 0.6549059968645312
76 134 0.29090797665813756
76 141 1.631354075338633
77 83 0.765169830788658
77 93 6.0121874456449875
77 96 0.4245415030809119
77 97 2.6274580174337596
77 98 2.01488088701308
77 102 1.78934968621028
77 104 7.81549329694755
77 108 0.2345282420406283
77 113 2.1461841656333682
77 114 0.23733777321631927
77 117 7.47175113338893
77 118 2.1722551997867146
77 126 3.4582060425971686
77 127 3.0849421733781734
77 130 0.01045636684232334
77 131 0.535321333179892
77 134 0.11519328811799617
77 135 0.7658905877056201
77 136 3.0199217667536242
77 143 1.4909929666927992
77 146 2.7694701955368686
77 147 13.056100806526386
77 151 6.7493947167589505
77 152 8.233425102814648
77 153 4.368887419169243
77 157 11.253132982540555
77 158 2.2983337902376304
77 159 1.8456241053529003
78 130 0.6484532022098148
79 82 29.331275046483178
79 83 0.3605433487923112
79 85 0.0011944405611580863
79 88 0.10363802596687016
79 91 2.2004517490785607
79 98 1.1786670423169827
79 100 0.17731695666262245
79 102 3.7367320113122102
79 107 0.4243467249852882
79 108 4.3478980577977575
79 112 0.10689182682584325
79 114 0.14873088897743866
79 116 4.980444074222475
79 118 0.07779903150692322
79 126 0.44539123754099796
79 127 0.1943580325762837
79 128 6.6881144229065255
79 129 0.845162750250204
79 131 0.0014346636933667
79 133 1.0718714710008022
79 135 0.8544428798287125
79 137 0.9967648870604618
79 139 1.9244720870412473
79 147 353161.10538693925
79 152 33080513.75592593
79 154 5890313.728106595
79 155 0.6637853607426111
80 82 9.442382788020605
80 85 1.33728909187626
80 92 0.34816262957168
80 94 0.21004999593093643
80 99 0.32710305296595327
80 101 1.2940642159487885
80 111 0.3666280791857206
80 115 0.16020231467919027
80 116 1.4699540823825845
80 117 5.0346601007021
80 133 0.18821512584489689
80 136 1.478278042836625
80 137 1.5687810094352754
80 138 1.7597529377452943
80 139 0.16993674481299584
80 145 0.00014022198962330602
80 158 0.4092935903580355
80 161 1.6218603487675942
81 91 0.9925479183763007
81 138 0.02220463810528563
81 139 0.3164068825113355
81 143 3.7939847602450407
81 150 1.2277568522899105
82 86 0.9071599578213574
82 93 2.176008419777402
82 97 1.5721045873560753
82 112 0.006350740024218104
82 115 0.8069049106687913
82 126 2.308763578859614
82 129 0.5142899087248127
82 138 1.046927699662987
82 140 3.8351367113927273
82 146 0.19160684824122787
82 158 0.002328023360876589
83 87 0.10211488587166982
83 88 0.20894392061667402
83 94 2.55849631991539
83 101 0.19673823163384777
83 102 0.7104576474987467
83 129 0.8852164124153975
83 142 0.7899280443467502
83 158 0.16121425862292008
84 87 5.400415736210128
84 98 0.1854172900596563
84 100 0.49931354057314414
84 103 1.4415811102588434
84 107 0.47305779901025563
84 108 1.9706211715220567
84 111 0.5410910312550028
84 112 0.44237492689780117
84 115 0.9978753054240819
84 117 0.564023573034661
84 126 1.2868573191437205
84 127 5.580922912032535
84 130 1.4207737592909062
84 131 1.198862618008173
84 134 3.228507261820992
84 136 1.0359435881758308
84 137 2.11319678212879
84 147 6.7046936608802055
84 148 1.2810780113774063
84 150 6.7613381194479
84 152 0.6780987218341186
84 155 2.028323673842559
84 157 1.9477950410020306
85 89 0.08746736315022262
85 90 1.5243976608341694
85 96 2.6194019505340957
85 97 0.04303832448300833
85 98 0.6204055886840452
85 102 0.24335742090515836
85 103 1.196098965858481
85 107 1.1990798681941977
85 109 0.04471487559003762
85 112 0.2827956836691925
85 115 1.1901017367605138
85 117 1.1859865871317852
85 129 0.3761749581429654
85 134 0.3206097173943601
85 138 2.549079541662079
85 145 0.7973151531720453
85 150 0.055305291840373076
85 151 0.5969866573203427
85 152 2.6086388753007275
85 154 0.35683296720974755
85 158 1.1795121422372734
86 91 1.2009398993075031
86 113 0.8408292883100825
86 125 1.4229060137413398
86 141 0.11705820326202224
86 154 0.1292417248964278
86 158 0.8552485851596755
87 88 1.9635798379959213
87 90 1.2668296487375719
87 94 0.31935140384473704
87 100 1.6464413834237315
87 101 8.266400439999382
87 103 1.2337190955998212
87 108 1.4382649477203682
87 114 1.1788644732096374
87 116 0.18161783386205493
87 118 1.5136839448441999
87 127 1.5807789879834189
87 128 0.0463292391363021
87 129 7.946087388174521
87 134 2.082386159222475
87 137 1.2069739914163753
87 138 1.697801848572488
87 142 4.43727678883632
87 147 9.705235872388805
87 152 0.22377959178443602
87 158 1.2931813406662345
87 161 2.2920346246917775
88 89 0.5636654170601998
88 91 1.8503117105325826
88 93 3.8451462365547036
88 113 0.1540185621699397
88 115 4.322105021220306
88 121 1.4106742212316963
88 129 3.592646767510825
88 131 0.5420318290629633
88 134 0.9167671457391201
88 143 3.371095619724432
88 147 0.6804337438615401
88 148 1.099677327931093
88 154 7.273639362123505
88 155 2.798935026321103
88 157 0.3931675006398289
88 159 2.0079650254364423
89 92 0.523627553917885
89 96 0.9249035466795293
89 100 0.3965944894155259
89 108 1.1866037421510387
89 113 1.4609331456560564
89 114 1.1412162834418063
89 115 0.4982660685396947
89 118 0.41876258814158535
89 120 0.4975596967169084
89 125 0.07390835323740058
89 137 0.2892689815974697
89 139 0.2169621276843154
89 142 1.332970044289859
89 147 0.4160380993351971
89 152 0.14817694714882204
89 154 0.3361094749082434
89 157 1.1471498703684426
89 160 3.0440735685371365
90 94 0.1214395619998245
90 100 0.9000244044758096
90 103 2.004222146232601
90 118 0.1847760029168438
90 120 0.265446905368996
90 129 2.3893464083960083
90 133 1.7646342094958118
90 134 0.4851893034880542
90 142 5.280269811098699
90 144 0.41929670267393887
90 151 1.4014098066733616
90 153 1.25513668278036
90 158 2.7180476380576795
91 102 1.6687021626188001
91 105 0.4987246116874463
91 108 0.8829221110178573
91 109 0.05546085525037904
91 113 5.207689836140219
91 117 2.9949994643412587
91 118 0.28956325846578257
91 121 0.08610631913397769
91 124 1.449750640304147
91 127 2.348024781472623
91 137 0.65309796453393
91 141 2.114590896835571
91 142 1.1793139862061721
91 151 0.27984063849476076
91 152 0.2384473558599218
91 157 0.9858583584355385
92 95 0.01000435491534231
92 96 0.36102108978537956
92 103 2.4304466394240016
92 105 0.04671908589235821
92 107 0.08698738740867551
92 108 0.11399820322173128
92 113 0.7847349232401519
92 115 4.030287925605339
92 117 1.0518390774176414
92 119 0.10525368044504116
92 136 1.0975364509710503
92 138 0.9589688006101077
92 147 0.499006007125658
92 152 0.2493105263357866
92 154 2.362724475184435
92 160 1.2996825746523057
93 98 0.0278864493517935
93 99 1.9093402129761876
93 102 2.258032698816286
93 108 0.6896091895198878
93 116 1.103825287121249
93 117 8.643295323879233
93 118 1.6759609674179545
93 131 1.3835290667994133
93 133 2.501396559430203
93 135 2.2349810889655197
93 151 8.993812178776572
93 158 0.35624815909874347
93 160 3.3767837456996865
94 102 4.648693646243645
94 104 1.473155908536761
94 106 4.3251936597992415
94 109 0.583219477493727
94 113 5.397853683761427
94 114 0.8438922132503164
94 121 1.5926673240441804
94 126 2.3350055328836303
94 128 1.647234133049793
94 129 2.7803655358113453
94 131 0.6749011484457758
94 137 0.6527541240135304
94 143 1.0664598054965235
94 149 0.16483548418380897
94 156 1.0687048894478555
94 159 2.690915823643731
95 97 2.2326850941570773
95 113 0.16464972653257776
95 131 0.9981934750379503
95 138 0.9118602322134759
95 146 0.23739545128235012
96 97 0.6911293097091274
96 100 1.2305958866142095
96 102 0.3064335968339968
96 105 0.8863326761168633
96 110 0.7210094786016893
96 114 0.08771234510146275
96 121 2.2412249796102777
96 125 0.852237131163063
96 129 1.0414950669270264
96 133 1.0427511100391174
96 135 0.46248599349752445
96 144 0.09052745237762262
96 147 2.467972200372864
96 149 0.12592351007771105
96 157 3.1799616852031827
96 160 0.19229028638581444
97 100 2.5194233738467244
97 101 49.78809672478113
97 103 4.489280838926049
97 107 0.9208665030996759
97 111 0.67161570584509
97 113 3.897663053028538
97 117 5.9569898727075214
97 127 3.866368886699556
97 129 2.7007608796907214
97 139 1.4035436516798148
97 142 23.46657799867482
97 149 0.9451817776929474
97 151 4.9845494878364915
97 156 1.2167822348070862
98 102 1.3074297841683118
98 106 1.7223326317886436
98 107 0.38042239936451944
98 113 0.11142511779001718
98 114 0.3962850873109278
98 121 1.327418380736896
98 125 0.034973764244760376
98 127 0.557410821950744
98 133 1.4559271426846743
98 138 0.2686193402717307
98 140 0.6147854927037926
98 146 1.2333778966032092
98 147 1.3730643249557835
98 149 0.07503155204610298
98 154 0.33772360862946865
98 157 5.624929546826601
98 158 0.13185768779882082
98 159 1.2684797698010726
99 102 0.775661584334391
99 109 1.0409580027073777
99 113 1.2344759527087075
99 118 1.9481275993122453
99 128 0.4351561770653946
99 134 1.2435215242697943
99 138 0.16491391226740945
99 144 0.21968902790983416
99 149 0.00790803294073189
99 154 1.0724639865667207
99 157 0.02467166449763314
99 158 1.073529874521376
99 161 0.7942476273620234
100 113 0.8804759741173276
100 114 1.357670606069263
100 117 2.322016301993312
100 118 0.21846379428328716
100 131 0.05899720674343913
100 138 0.44645586714048074
100 139 0.6515660101350019
100 143 0.07798873850069117
100 144 0.987168261314377
100 147 0.625821168600402
100 153 4.75168888819874
100 159 3.7326349045733047
101 102 5.3627448112700895
101 108 1.8806169829673904
101 111 0.0007653223299011366
101 113 9.749764531423248
101 114 0.19129285716338848
101 117 4.591072339250216
101 118 2.3567051233900314
101 119 1.339158314916528
101 124 1.304463398133831
101 126 2.0179332085948887
101 127 4.363574392338586
101 129 1.4956444170368135
101 131 2.0767427688592703
101 134 3.532727009360383
101 135 1.6286836183576725
101 137 0.11339162625890956
101 138 3.196031229413366
101 142 19.818531025309092
101 149 3.7422925223991848
101 152 5721637.977557244
101 153 2.507059181106729
101 154 12756248.97118047
101 158 0.38007448663530524
101 161 2.2449744956592386
102 108 1.4671088880366243
102 109 0.4210395549635512
102 110 0.5722736534486604
102 111 0.916881589723033
102 112 1.2812875167896096
102 114 0.1919130057105397
102 118 2.5060572730418964
102 122 0.7642862497608872
102 131 1.1712096664041458
102 133 1.0768560416811597
102 135 0.01866465826236204
102 137 2.2125990287100414
102 142 1.6476134289041742
102 143 2.812866739019137
102 144 0.5730704932566548
102 147 0.20078543866200446
102 151 1.0299036376529138
102 155 0.5562427579758964
102 157 6.411082216545555
102 160 0.8010635665585374
103 105 0.41683080644583753
103 106 4.343036073497373
103 114 0.488932246850842
103 117 5.940736324790173
103 125 1.1298519472759405
103 126 0.1513525046536204
103 128 2.7475544183628418
103 131 0.9025911943211614
103 146 0.21515031497544382
103 147 2.1511869435039723
103 152 6.773119195326773
103 153 1.3955673891743114
103 154 2.880751751055614
104 108 2.1012534298123535
104 114 1.0110234602692065
104 125 0.7777864767906449
104 129 1.2685442560516156
104 130 1.2573672411574008
105 106 0.7344670677392388
105 112 0.23364563993933912
105 113 6.599437807248749
105 122 0.6699692468082366
105 139 1.0646209277325003
105 141 0.2929288592364076
105 142 0.6897133609245322
105 145 0.306991090948654
105 153 0.7903423157316628
105 155 0.8118048811784994
105 157 4.5361668076807
105 158 0.8633105547592984
105 161 1.5470706549572415
106 108 2.2031876064214413
106 109 0.4412876381777224
106 111 0.22152103503553178
106 112 0.16929043876218217
106 116 0.38184197652950563
106 125 0.290682729744544
106 128 2.1905901855319714
106 129 0.7493940925065599
106 131 0.9165935705753462
106 135 0.4534649672768604
106 136 0.11304626932154445
106 137 0.3264887263057131
106 139 0.23651585410010575
106 155 8.355964654546108
106 158 1.435053000120386
106 160 2.441717034035859
107 113 0.8186191677567511
107 125 1.5926742306267234
107 129 0.0016176585328471502
107 138 1.3008849602576635
107 149 0.47660806273080336
107 157 1.489994571754028
108 111 1.0029468643282444
108 114 0.9094777682338254
108 116 0.49019117202304685
108 117 0.3325061532368788
108 131 0.31627982739436583
108 134 0.05463120009551352
108 138 0.3773903111623827
108 139 0.33538035559568286
108 147 5.766085698460332
108 152 0.2676419411449154
108 158 0.797225773574121
109 113 0.4581766707466272
109 116 1.1715135299029025
109 118 0.09597725516338618
109 121 0.6280288521439977
109 122 0.14610143940703904
109 127 0.5631656948149691
109 128 3.4217706023301133
109 137 1.8102554433995615
109 142 1.3566932451539677
109 147 2.344345481401034
109 149 0.44212853250764533
109 153 0.94027875396439
109 154 1.5493533365881422
109 157 6.788459871791043
109 158 0.655840599532004
110 112 0.7429086869337255
110 115 1.3214436145392865
110 117 0.1350641153975851
110 129 0.039633121798691016
110 131 0.06642953714208885
110 133 0.5292434768257516
110 134 0.071701016845203
110 142 0.7619185445520633
111 115 0.17745273850879217
111 116 0.4608099849157072
111 117 0.2050098264901519
111 119 0.3941707145132383
111 124 0.45847435459217045
111 131 0.41581386487357663
111 134 0.18368223956241106
111 135 0.5090118355951415
111 137 0.022672305308093322
111 138 0.6367570389333839
111 146 0.03662089452075061
111 147 4.204866950264954
111 149 0.27529747828669565
111 151 1.475341423606696
111 160 1.6114469928218123
112 113 0.8705591020947032
112 116 3.644367105848777
112 141 1.1763816357405896
112 145 0.6158420150872438
112 146 1.3113062288248931
112 149 0.05519716527365138
112 161 1.2304900225329936
113 117 0.5909234327407792
113 118 0.5938352719956473
113 128 0.9578273113104949
113 131 5.148656355346825
113 133 1.6525213216086794
113 135 0.5370404903983029
113 142 2.6592254993197746
113 145 0.276015101356557
113 153 5.094951890692204
113 161 1.9593767734365055
114 115 4.596887976398301
114 118 0.03322762012218593
114 125 0.039831535074569914
114 129 1.0433084072369685
114 131 0.13505035853522185
114 136 2.3327819833511847
114 137 0.38344920846176644
114 138 0.011683882130463124
114 141 0.21957239752132357
114 142 4.37887966013179
114 145 0.058851291717272776
114 152 0.17277484127931372
114 153 1.4597000673250593
114 159 0.2940781273267051
115 116 1.779965183097022
115 125 1.5902836392888693
115 129 0.6066940271418657
115 131 0.5733413628622894
115 134 0.2988425212964379
115 135 0.9647548839204128
115 136 5.180682987370345
115 142 11.660329997964759
115 144 6.309310210397833
115 154 27.81382909326384
115 157 4.0914932762181335
116 117 4.343008161995369
116 118 0.4133622251115277
116 121 0.7152655551808091
116 133 0.6219445067155052
116 134 0.05197064688584209
116 136 5.533557742061698
116 144 0.3922936751633427
116 149 1.8737066008050307
116 157 4.479312129666933
117 125 1.179712257868939
117 128 2.217788749535021
117 132 0.202009355699676
117 136 1.5245269465790592
117 138 1.2213715948992487
117 141 0.07314898647454125
117 147 0.21458040995526723
117 149 0.252585362004223
117 158 0.9034710998533009
117 159 1.3424819068571163
117 160 0.5965534557049563
117 161 2.777964300448113
118 120 1.140751487768161
118 125 0.5799442965910993
118 129 0.3823747014742025
118 141 0.4833059345361836
118 142 2.838045258915136
118 143 0.09416904975390171
118 146 1.5986201843337786
118 147 1.520786279044943
118 151 0.549606155882963
118 153 0.10143654598538067
118 158 0.06464661102425057
118 161 1.49353317044852
119 129 0.21661311152340254
119 137 0.2607322414081224
119 160 0.6706840466048778
120 122 1.0084824986620253
120 142 1.4239151467626467
120 158 0.22941102774502853
121 139 0.9046838536206545
121 141 1.3597135178132862
122 129 0.6336866918112539
122 137 0.0340214564021341
122 143 0.9318912071941167
122 151 1.5226543500178589
122 153 0.2695392217067722
122 154 2.413587808273856
122 155 0.8606093422656231
123 134 0.6338513229033063
123 157 0.27804184863757475
124 129 1.0187242627608328
124 142 11.932828539671899
124 146 1.2056494288674562
125 129 1.238507342676944
125 134 1.2921533331137014
125 136 1.0025240943547042
125 138 0.030555790550409766
125 139 0.007858326302766548
125 142 0.1043361220934959
125 151 1.3711881975353206
125 153 0.06542914492728699
125 154 1.3005757857375975
125 156 0.06147669901741923
126 134 1.7157162862525472
126 137 0.4336369633974481
126 139 0.2797186339151087
126 148 1.6104749871639978
126 152 4.216878581554995
126 157 6.18774909872762
126 161 0.3333161417128127
127 137 2.2895954836002845
127 138 4.373925804531329
127 153 6.44092240329006
127 154 0.8550588706413692
128 140 1.0116158107500282
128 147 4.475533501061187
128 154 14.975974020101049
128 158 0.04168390989273071
129 131 0.17251637616148272
129 133 0.06310626777706625
129 134 0.5665021357908161
129 137 0.8352493986859651
129 146 0.18596014910477612
129 149 1.6263090589183715
129 153 2.7098230413096416
129 161 1.1852990556178509
130 133 0.5262517689759527
130 142 0.8215681380638659
130 145 2.4508185757689867
130 147 0.20083470632264236
130 158 0.5283420226194795
130 159 0.6219669152321908
131 135 0.12298930628289959
131 138 0.020167085903798135
131 140 0.8203994883658869
131 141 1.6130636235232527
131 144 0.12912883973117625
131 145 1.774589963134422
131 146 0.031987363724465936
131 147 0.3440413207852412
131 157 0.09746727383232465
131 158 0.3900645010204423
131 159 0.05447265235721157
132 134 0.03763874079131934
132 146 0.45809149790508713
132 151 0.12214149567484045
132 161 0.8217991495041149
133 135 1.48074495172442
133 137 1.4139773190063725
133 138 0.33086640874168505
133 141 0.057386767565481896
133 142 2.083631116034747
133 143 1.4249111024526055
133 144 1.640895021620607
133 147 4.996010748874708
133 149 0.1763058368688044
133 151 0.34225982603346594
133 153 0.9102916540916833
133 157 3.170755102571808
133 158 0.09677992624240359
133 159 0.9326211675878552
133 161 3.489896070329387
134 136 0.7822299706839925
134 137 0.640581673262496
134 138 0.7809291658884757
134 145 0.8737377744474875
134 149 0.04732848879026635
134 150 0.6001664699985422
134 152 0.32863425025066134
134 153 0.9610411179952965
135 141 0.12069038667590393
135 142 1.482702893356436
135 146 0.11430788798619379
135 149 1.3217330766918995
135 152 0.3143687867551881
135 154 1.1150023148686687
136 154 15.411703481890614
136 160 0.3528525105269186
137 142 0.411829209859906
137 145 0.30300360554855377
137 147 0.8781774449663167
137 157 2.6045361131917697
137 159 0.26912911333792594
138 142 4.594380731976618
138 143 0.26867318095002757
138 149 0.7187563847051913
138 150 3.7605929429175746
138 152 0.6594971979729697
138 156 0.4285495561396657
139 142 5.351235726261025
139 145 3.226016440939731
139 149 0.6440814735329577
139 154 0.6457478834290784
139 159 2.4509985587401153
139 161 1.3457339040721257
140 143 4.334070584667115
140 153 0.31666499907671586
141 142 3.6294174975011617
141 143 0.7693492875174841
141 146 0.25035088395163424
141 147 5.482286635599973
141 152 0.5539062072246955
141 154 0.04299392224156699
141 161 0.7717939065068289
142 143 0.3953679797695037
142 146 0.8271588382699419
142 148 0.940116853279259
142 150 6.417135319960457
142 151 7.7212178351162715
142 161 0.16551072003311026
143 146 0.020429422142428474
143 158 0.7277583444861011
143 159 0.23426000303181313
144 154 0.6160663807793185
144 158 0.3429205564425216
144 161 0.04985331665983189
145 149 0.538928496065713
145 153 3.3024943106625884
145 154 6.419360533965638
145 155 1.1921361587295354
145 158 0.4537959526924025
145 160 0.5594488533692197
146 152 3.5579125793146837
147 150 1.0553852203783958
147 151 15.472793493006963
147 154 541594.4075386114
147 155 131.6196800074897
147 157 970.5801224824024
147 159 0.16163699072995835
148 149 0.08119087657103775
149 152 2.9543540047821564
149 153 0.6158337058936602
149 159 0.44049899396001707
150 153 0.5553757139768659
151 153 8.97817805820164
151 154 6.010949769609031
151 157 5.951562985851376
151 158 0.38004897528644
153 158 0.938640439127394
156 157 0.035723945839418125
157 158 1.8593402213753618
158 161 1.4885638179163712
