0 7 0.8296253245684067
0 14 5.217784537748473
0 15 0.7249770464535051
0 19 1.8226190155066453
0 21 0.5100955622920353
0 22 0.8921273244662269
0 28 0.7528401506798662
0 35 0.392417116520825
0 39 4.563592426770364
0 40 0.0366595433201881
0 47 0.34561474908996215
0 51 1.728908434545506
0 58 1.0742039086722472
0 62 0.3011716768512642
0 65 0.4706701181162969
0 67 2.643788705012228
0 69 0.38578252656048423
0 72 3.738480970520515
0 73 0.27619443747362044
0 84 3.1843841939078117
0 86 1.7151841000051848
0 88 5.203896746579228
0 101 0.3285656387334153
0 106 0.5537328295716244
0 108 0.13640039633513987
0 110 1.6219571295626183
0 115 2.260968480415453
0 125 0.14405081869078692
0 126 1.6352846598315296
0 127 0.7581883152210829
0 132 0.08237828510578457
0 137 3.355368933318872
0 139 0.5184094770377604
0 151 2.233745303201143
1 3 3.66007370130712
1 4 2.770147152784911
1 17 1.0412701795009085
1 21 0.1263721512519871
1 22 0.7333749669499052
1 34 1.2136274902315405
1 45 0.41017676027321087
1 49 0.7898519545845464
1 50 1.5088078322450122
1 52 1.4576986416104445
1 54 3.5732398310242353
1 55 0.4095806301865498
1 64 3.1949041870577064
1 65 0.9942248863398374
1 67 0.5407308010493151
1 70 2.1191945546390576
1 72 0.2229218106780427
1 73 0.6009432370069908
1 74 0.06116485708020448
1 76 1.5192921319564854
1 77 1.20926299619347
1 82 0.32544636914089287
1 84 1.2716941552302792
1 96 1.5493905880180343
1 98 3.5427015247714304
1 99 0.4320906572166068
1 101 0.1915682969601827
1 102 0.7567870211689889
1 105 2.88058028166252
1 106 4.8931460654625845
1 107 0.23570239336134008
1 115 0.48120467524200927
1 125 1.513024121717587
1 126 1.3245738784995382
1 129 1.0254022115119046
1 136 1.206020733871854
1 137 2.350110704552536
1 141 5.194081464138959
1 142 0.5636999980948195
1 145 1.9642527374438168
1 151 0.35661894045395676
1 152 1.1046698989010808
1 154 2.0461493624787295
1 160 0.09066895717548985
1 161 0.958617713834378
2 11 2.796453997205779
2 16 5.359075533675968
2 19 0.31944562415353145
2 21 0.9677738258692562
2 25 1.8359420931949295
2 43 4.061113259828828
2 45 1.8404607223649678
2 61 0.746879066409936
2 62 2.0979360737873716
2 63 1.8002377198685053
2 65 0.010519067066091695
2 66 1.1534664362178744
2 71 2.4811799176257083
2 85 1.919943954208028
2 87 1.0093484201067366
2 99 0.5485167566220092
2 100 1.9662122244921165
2 102 7.63850238635956
2 106 1.1886434710957328
2 110 10.133013366289969
2 121 1.7551358075188728
2 122 5.306505123869333
2 128 0.5018331405343357
2 131 3.9075701086069494
2 135 1.212935277302294
2 136 2.8216016086163647
2 137 0.6165262904708175
2 141 0.07642071059069248
2 147 2.952692883943905
2 150 0.726188848960008
2 152 9.442120050972786
3 10 0.7648819353888525
3 11 0.6028296917952144
3 12 0.2974974989167178
3 16 0.12230772329591848
3 19 1.226553366354522
3 37 1.015021126047479
3 42 0.7000837617404919
3 44 0.47895389150762036
3 55 1.4954752416598758
3 68 0.5122180446845592
3 74 6.2414174244445935
3 87 0.34190646531308144
3 89 2.826147202432994
3 90 0.052188151476274015
3 93 0.8700311647323814
3 101 1.2301781583175293
3 108 1.1925041659252795
3 110 1.0355241165339757
3 111 0.22885732449067084
3 112 1.3213857242511726
3 113 3.7374174418689585
3 115 1.580890121817491
3 121 0.7165358248774548
3 135 1.490165080586106
3 142 1.0213443104935767
3 152 2.2190882520119586
3 160 2.1697325173955084
4 12 3.454745746836513
4 14 9.80333089384381
4 17 0.4815348717271729
4 18 0.37938815118948843
4 19 0.7931523702217588
4 22 2.7897643941142287
4 23 0.14358383609844674
4 24 0.6467209493877061
4 34 0.8546114933745019
4 35 0.14779526605522095
4 38 0.41171173261554084
4 41 2.7749131710889796
4 42 0.7907331847784766
4 44 1.6880221166481613
4 45 0.5294561656980702
4 46 0.4945724199804668
4 54 1.0231728170494205
4 55 8.07639885227644
4 56 0.38614557472732225
4 58 1.0041737893707232
4 63 0.7928387404888674
4 64 2.0267319484767605
4 66 0.740628213171821
4 67 3.148459816235824
4 70 0.8208285496476773
4 71 2.525276664510465
4 72 4.198371248493731
4 79 3.279288111452083
4 81 0.674331584357922
4 88 2.450377278195139
4 89 0.6276756952970103
4 91 0.9944754919395677
4 94 1.6492350433000782
4 98 2.5691192384692543
4 101 0.1938494736355473
4 106 2.4823627808415365
4 109 1.950049358137486
4 111 0.9771554807435859
4 113 0.02490514427774376
4 114 0.5695248913454186
4 117 0.1717776367917044
4 118 1.1498934750801135
4 119 6.032773520878603
4 122 8.433707160435828
4 125 0.5209424056834433
4 126 1.8257968180474218
4 128 0.04296524831570129
4 131 1.4917329645584694
4 133 1.150799382110403
4 137 0.7477226805964943
4 138 2.971172127798742
4 146 0.21121290621090005
4 147 0.26397366115833654
4 151 0.05886760050524204
4 155 3.48262679879192
4 160 1.4125674662702674
5 7 1.2466013439931898
5 14 4.176852583579931
5 26 1.0568583729814311
5 49 0.46184767993837883
5 54 0.9998749778828231
5 63 0.06521768614178487
5 67 1.0396767260938249
5 74 3.593641041293381
5 99 1.269081276035393
5 101 1.240270793686641
5 108 1.8480985786620057
5 116 1.9914823196142573
5 137 10.046557003726065
5 149 0.43711034017848227
5 155 3.812710272000721
5 161 0.8560543149358192
6 7 1.0821615085521623
6 9 4.4203708604217615
6 21 0.5376119868085367
6 23 1.9845103448258876
6 24 0.29827759577328794
6 25 1.1632723706283326
6 26 9.950052030174554
6 30 1.1382872493230118
6 36 0.19655678400709908
6 39 1.3837272876264695
6 42 0.8916387384887733
6 43 1.1664468840656534
6 46 1.182292825246047
6 49 0.5843062172419968
6 51 0.48127747889849587
6 53 1.7631569467238577
6 54 0.24402339152839228
6 56 1.0222181946326352
6 58 1.7339228361346426
6 62 0.5505837522122095
6 64 2.296834145410994
6 66 0.05920377163039155
6 68 1.5194652638164927
6 72 0.32816750593268856
6 73 2.031000710139715
6 79 0.21660237950627412
6 85 1.2149062157050772
6 87 0.39218971399953323
6 89 3.1515206621118703
6 94 0.02407926530154535
6 97 0.7266839833756997
6 98 0.11717021721572336
6 100 0.19876816500872302
6 101 0.4817509229344399
6 102 1.1125201531198567
6 103 0.025768788730627493
6 105 1.9450044617024849
6 106 0.3941297741695482
6 108 2.299521106389044
6 113 2.466751584834591
6 114 0.037120306543478754
6 115 0.5320413422108827
6 118 0.8152581301701299
6 120 2.3215912608820637
6 121 0.6004391269831191
6 123 3.7533806619036922
6 125 1.0802974047127498
6 126 2.019071195840944
6 127 0.419026510322259
6 129 0.46674968961727337
6 133 7.2284073025052304
6 139 0.05779703692981296
6 141 1.8883779090445092
6 145 0.39220718662919263
6 152 0.914962496266689
6 153 0.8422058503717306
6 154 0.46961525865410053
6 160 0.24337934096122799
7 9 1.239311784341554
7 10 1.3653498442555094
7 11 0.8965518829469523
7 21 0.13456393489713148
7 29 0.554011149413486
7 32 0.5479115236403329
7 36 0.4355951350707116
7 39 1.3766296975915822
7 41 0.47085919260468007
7 44 0.33558676462899134
7 45 0.4502311711738319
7 51 3.359151710568912
7 52 2.3984550755047533
7 54 0.22035398716413768
7 56 0.22959533192288065
7 63 1.0512403361124834
7 69 1.010741269439799
7 70 1.243155690843475
7 77 0.9005968660410244
7 78 1.5689682186228295
7 85 3.704352694796887
7 88 0.13543962835842055
7 90 2.1182404656640115
7 95 0.6162024066751354
7 97 2.304021924964001
7 108 0.5956346634219502
7 109 2.6634819801032594
7 113 0.41735804409084
7 115 1.3909356961886314
7 116 2.127143991630385
7 117 0.04538730284010628
7 120 0.9582055132970879
7 125 3.477483618532705
7 128 0.36768281068660874
7 131 1.3952447132331767
7 134 0.6680121387829955
7 142 0.45867978712868207
7 145 0.4975391819054549
7 160 0.0873273244345468
8 31 1.3660041613263285
8 42 0.7858752578445545
8 50 2.7065858495088206
8 54 1.870590890091762
8 56 0.11699585200428018
8 71 8.000128304712684
8 97 0.4713375188321807
8 100 1.2258165623484363
8 113 2.3267270027703097
8 125 2.6039235482487615
8 131 2.880313619238107
8 138 2.2544074867333976
8 147 3.627297003355726
8 161 3.487524291670663
9 10 1.2045783767830995
9 14 4.491778795603002
9 17 1.211091872520118
9 19 1.8454849483215272
9 21 1.875844400676854
9 25 0.6094085550374869
9 26 0.7058612321412743
9 29 3.016359337325033
9 32 2.6585245909796438
9 39 1.422392836296971
9 49 4.182371269153268
9 51 0.347057388191377
9 58 2.433420715894033
9 64 4.922177571195263
9 66 0.06689035785015959
9 67 3.5236765654065065
9 70 0.48361523329576833
9 78 0.23384351963913258
9 80 0.08821553801278058
9 91 3.483014431671366
9 92 0.35897577055116664
9 98 0.4639860761982341
9 107 3.3292451480615615
9 108 2.67193765542117
9 109 0.020566831272708717
9 116 0.9661685309378835
9 126 3.4830143668210747
9 129 3.1556192914272008
9 130 1.423871194852452
9 137 1.9091090219001459
9 138 3.5760158866150022
9 142 0.7337822954754589
9 145 0.850578498630079
9 147 0.08479579115912693
9 149 1.5003107634648178
9 155 0.9460269873498065
9 156 0.5468690234037984
9 157 0.018098259592930318
9 158 1.9887348604049113
9 159 3.1337041330103297
9 161 0.45387034220844025
10 11 0.6287556392467316
10 12 0.05961581886628991
10 13 1.2011294220757096
10 20 0.9498883054471194
10 22 0.6469804487545343
10 29 0.03343764395194331
10 31 9.039323486232904
10 32 0.008100206642941398
10 35 1.9407862083570109
10 40 4.373428173520734
10 46 0.5593046408375651
10 49 0.6470924225822037
10 54 6.784533851144509
10 63 0.21851377678913253
10 65 0.17038282647494832
10 67 4.273209347589481
10 70 0.5734219654530249
10 73 1.0476775223755284
10 75 0.46335421366765694
10 80 0.03969564315830916
10 85 2.4329560632833296
10 87 1.0357259562330199
10 91 0.627013265575874
10 92 1.3166187194886743
10 97 1.2872103020246985
10 101 0.5681344454352916
10 103 3.888620444526223
10 111 2.9174442224257664
10 116 0.5549950918845786
10 130 0.7406610907332926
10 131 1.2664779122523706
10 134 0.3545904402104145
10 137 0.13718864717766294
10 138 0.2545928294400528
10 140 1.0478396538099393
10 141 0.9938134071243189
10 142 0.030948001937170733
10 149 0.3237993071937762
10 150 0.03660728145365183
10 153 1.4700415116969705
10 158 2.4958649186200232
10 159 1.454699478942648
10 160 4.89672333707364
11 14 1.135833589265241
11 19 0.6507934146884116
11 20 0.09373815817360226
11 23 0.2911696271343743
11 24 3.106118644254657
11 25 0.3954783514602535
11 26 7.529125931429462
11 27 1.18287803162706
11 30 2.661091993523056
11 36 8.381660333679989
11 40 3.4592390949028475
11 44 0.27775616753953974
11 45 2.8603440297218734
11 46 0.4442313435198811
11 47 0.4472129592321949
11 53 1.0812742838427536
11 67 2.332098285558581
11 68 1.2619811039341657
11 71 6.744290667502877
11 79 2.8868456917465983
11 82 1.4592231422065165
11 83 0.06839792695767538
11 84 3.93984555731719
11 87 0.5104435193866331
11 88 1.2736812046100214
11 91 0.2198476785372698
11 92 4.461427698699314
11 93 0.9414721762204885
11 100 0.0696990272613444
11 101 0.9227142738833292
11 102 3.4154284822523033
11 108 0.9029492713399995
11 109 1.590335158205824
11 117 5.433943901944637
11 118 4.968463786252625
11 120 2.941413606837068
11 123 1.2854120793082355
11 126 0.04204278874638252
11 129 1.1525882691455862
11 146 0.19729155501532997
11 157 3.8586276676670024
11 160 0.9719312041981276
12 21 0.7104840182921272
12 26 1.9716276685453098
12 32 5.176533307151356
12 35 0.0011373127433576909
12 36 2.5027052990447083
12 38 8.933936703574755
12 40 2.6365454572938036
12 45 1.713163842037039
12 46 0.2389410191429089
12 56 0.6393069259560186
12 73 0.6497421754110227
12 74 12.241948336737615
12 75 2.9613152050856417
12 87 0.2435733892541173
12 96 0.8692773997067238
12 107 11.805084566071596
12 108 6.551554899631423
12 109 2.3207378329836232
12 126 8.090527251956196
12 129 0.23128350610470558
12 131 32.368560623671335
12 135 2.1109656778921564
12 137 4.039798359440372
12 139 1.0610051192616852
12 141 1.821126445643832
12 143 0.4037735910052577
12 146 1.3608697604186193
12 149 0.0898692761733802
12 153 3.37937823215967
12 157 0.03384223085303556
12 161 16.166750810724565
13 32 1.4552653589976579
13 35 0.5259137818830887
13 36 2.982749303381564
13 38 0.034254928012971676
13 52 0.46983451868528636
13 66 0.6428475957355849
13 77 0.8757853819843783
13 78 1.5363818882219327
13 87 0.9566342638069804
13 102 0.8062594191325295
13 117 1.064467216135028
13 125 2.3451945929737628
13 133 0.8457286463077138
13 137 1.4439113658854648
13 138 0.9255486208587521
13 143 0.790397286695108
13 151 0.3069969873233492
13 157 0.14093155419923178
14 27 2.443605571257642
14 30 0.21119103078372747
14 31 141.421088034748
14 35 1.7765354909457156
14 36 6.638880283161877
14 40 5.886871620502904
14 41 1.2345882080512922
14 44 5.169027237589352
14 49 2.935190873373599
14 50 0.7806628141428206
14 52 35.740066396146695
14 53 2.641205835359752
14 54 149416110.97231668
14 55 1.1592426041360153
14 56 0.3928722317956877
14 58 4.584259347592782
14 63 1.8427550657643734
14 67 3962105.865650683
14 69 6.91311220938956
14 71 5761386.994219599
14 72 30656284.5466452
14 77 0.20294548121963427
14 79 3.3975002450422136
14 84 3.345593338317386
14 89 10.74505281343627
14 98 12.060737787294153
14 103 2.825036416892313
14 106 3.591991266247051
14 108 0.18886218722118134
14 111 0.12137227753032612
14 114 0.8456760651422202
14 115 3.998751646979163
14 117 4.656305358064475
14 118 35645407.681791656
14 121 0.3004524945389937
14 123 3.6125161361589484
14 124 1.5235173478648982
14 136 1.040680588275737
14 141 6.813236725593903
14 142 2.5555589876291123
14 153 0.30841553540234845
14 154 8594314.176653564
14 156 2.4172735274820485
14 158 0.7758588090564879
14 159 3.6377596678780106
14 161 5.718509337503705
15 24 1.0601363870662954
15 32 1.7919208247648057
15 38 0.1643778131347654
15 41 0.19277338997367516
15 45 0.4517801639667773
15 49 0.8723083176330116
15 56 3.2517018288727804
15 66 1.1511999460387992
15 84 3.4662664745539065
15 89 4.736130749438646
15 92 0.2778946971598994
15 98 0.4673109864373142
15 99 0.7142021737857971
15 105 2.325307046483162
15 107 16.275482074842852
15 112 0.8106168816754601
15 114 0.10918153009324318
15 115 0.04504158134739562
15 118 5.439843670731721
15 120 2.0821003957367292
15 124 1.7820569774376358
15 132 3.2388429962742564
15 133 6.637891323426182
15 142 3.001696701390185
15 145 0.9170206915713542
15 152 1.748963179897028
15 153 2.334135403745675
16 18 0.5224728488773848
16 21 0.1882486668258286
16 43 3.6852172925349094
16 49 1.027370142602725
16 56 1.0161993307582073
16 61 0.8649079459409648
16 64 1.5721383123102386
16 66 2.1103486520689914
16 69 0.2269141747206998
16 82 1.3552071833074621
16 95 1.3067071963789867
16 100 0.13645135799133026
16 106 1.1688625871810046
16 113 0.8627882422729762
16 114 0.2477324709117587
16 121 0.2323138885969479
16 125 0.4709331165652136
16 141 1.0729472956803205
16 146 1.962491992610645
16 149 0.22530412895426
17 21 1.0241043863177854
17 23 0.2344851955080794
17 30 0.32912485845151485
17 52 1.2677735882561272
17 58 0.31199571086345457
17 68 1.2177402316081518
17 79 0.06319840642721326
17 117 2.0850781490175425
17 138 0.2577547850262247
17 139 0.17777952387842821
17 161 0.3182144466422513
18 20 0.47535569134924754
18 24 0.350473252963168
18 37 1.2651979878767359
18 42 0.7355529452676642
18 48 0.6065851826094175
18 49 0.7788803851892931
18 53 0.8791097071231203
18 62 0.4206559003942096
18 63 0.02385839624623565
18 64 0.33932025039656466
18 65 1.9276395878472747
18 69 1.616806806614389
18 77 0.6714057784569635
18 84 1.0458666197621052
18 94 0.9658747549101159
18 101 0.49551511428153056
18 102 0.3495581179419175
18 107 0.13599724091537557
18 113 0.46866416755256685
18 114 0.19751079769293142
18 117 0.43884946886563103
18 125 0.7110662631988585
18 126 0.2908103026413121
18 131 0.3622443860963324
18 132 0.7351049736214276
18 133 0.052398033132031736
18 134 1.0188538604139104
18 138 0.06544908358615463
18 141 1.0678604513073793
18 145 2.154695248039334
18 152 1.793088777336998
18 157 0.18635977577690227
18 158 0.12622181319855205
19 27 1.5550025025013838
19 31 0.38879105952796605
19 36 6.816293530497255
19 38 0.42953648435933983
19 40 0.40271680418146133
19 42 1.5493568901974586
19 44 2.089958480870815
19 48 1.052292388606268
19 51 1.5987051511958497
19 52 1.5038430813195016
19 54 2.067779530303817
19 55 0.7106419803546645
19 57 0.9765039201589876
19 61 0.903102207586655
19 67 0.07719281542650866
19 68 0.0029994394108759006
19 69 0.28029830906956277
19 70 0.23692937695103075
19 72 0.23099525560611964
19 73 0.4380937340348748
19 74 0.873091023766475
19 75 1.598637072070844
19 81 0.06380849258419069
19 89 1.6228678511826335
19 94 0.057349714022666066
19 99 0.6708240737529089
19 102 1.9353730134261298
19 103 0.7443212387904724
19 105 0.5770717797975657
19 107 4.080204090270164
19 108 0.4810018657264595
19 114 0.10032483745329805
19 116 0.2728491929717006
19 125 2.746158300674905
19 127 0.8000808803396359
19 133 0.6959094960754406
19 135 0.2572481363648331
19 136 1.1749397220470728
19 138 0.16535250874868815
19 141 1.9847049554987668
19 143 0.09692812619143107
19 144 1.974362325977495
19 146 0.03744263684526741
19 147 1.7499686199072106
19 149 0.3647421049462206
19 151 0.33175026277935915
19 153 0.610312918772242
19 157 0.841221265815212
19 158 0.2737238281292959
19 161 1.5258258302677066
20 21 0.746257743685617
20 26 0.9684331171184091
20 28 1.6770381139023556
20 38 1.0996273077868206
20 46 0.11738817042778056
20 49 0.5768212592261477
20 52 2.035188637104123
20 54 1.9326222396898571
20 55 1.6506930938218118
20 69 1.0118336143392281
20 70 0.8131872361808379
20 72 2.1190886525151202
20 73 0.3366801212150428
20 75 4.675405030865282
20 88 5.368902775230449
20 94 0.8032214118251353
20 100 0.08917855831139235
20 106 2.424076174306818
20 109 0.8404739571369576
20 112 6.111903208093373
20 113 0.14016036627042888
20 129 1.3639727110647923
20 153 1.1805004667026655
20 157 2.6833020056470716
20 158 0.3915218097309267
20 161 0.948894442969045
21 27 1.6600122789707021
21 28 1.7459303668129418
21 31 2.1218704617980344
21 36 1.3934263057040996
21 43 1.9210504503290744
21 44 8.810928149897576
21 45 0.11973133659224085
21 46 0.8043371320705807
21 48 0.18489002878572508
21 50 1.24020777039108
21 53 4.248074530025881
21 55 2.483248220549499
21 56 0.22511183424400058
21 62 0.6470424664670027
21 69 0.4970837827204696
21 79 3.0948180635822804
21 85 1.8487700184069358
21 86 6.069921150412107
21 91 3.2246095290732804
21 93 1.370045206977164
21 100 0.5756545192278463
21 101 1.3069344834340406
21 104 1.226192964101433
21 106 1.9147542365120722
21 108 5.782341295318688
21 109 0.09622254657648724
21 111 1.930481563867996
21 114 0.6383628593645237
21 115 2.8765002983123904
21 117 4.03096852108259
21 127 0.4019991749692662
21 129 2.480923742479427
21 131 9.383657192737218
21 139 0.1968385133032317
21 142 1.4740649544216045
21 146 1.4993482355054917
21 153 0.033957371825917106
21 160 0.6962424696638669
21 161 5.668746247659416
22 23 1.2551540161676753
22 24 1.9093440359181781
22 30 0.029434333104340654
22 31 5.968530658843688
22 38 12.604504807302076
22 48 4.487812115947018
22 56 0.3450488581976013
22 58 0.45656314983086754
22 59 0.6897174326922968
22 67 1.3288267171393169
22 77 3.7991997379645523
22 80 1.7786663583407896
22 87 0.8722386724557957
22 89 0.5187435276754231
22 110 5.861104008307102
22 118 11.08060440173963
22 129 8.422903422824005
22 131 1.7913684874922353
22 135 4.417012269703843
22 137 0.34946971401042615
22 145 0.062610947914984
22 152 2.4305484884217625
23 24 0.4547159360517259
23 32 0.1968133551439201
23 33 0.6603155903117457
23 38 3.9736388028141243
23 40 0.5815914271965577
23 41 0.5623590752141707
23 45 3.2875346108412766
23 50 5.8170341394574745
23 56 0.4946690105936805
23 58 1.7593075502404436
23 59 1.7246142690504331
23 61 1.787130330851288
23 72 0.3472568186062342
23 75 0.37608611228470323
23 87 0.6145778603293336
23 89 5.2852748652014325
23 94 0.34353318194406535
23 98 2.5155099928762805
23 102 2.3555196375072294
23 107 0.5620355440377225
23 112 4.988476838370714
23 118 1.2813927528478735
23 125 0.12920692862807331
23 129 2.7714794107126695
23 133 1.3019976597046872
23 136 0.7705289083003293
23 143 0.137528490847635
23 158 0.12699935922513847
23 160 1.0560527512166715
24 29 0.21342859905010728
24 32 0.10140846374668802
24 34 0.3506806608365412
24 60 0.6477289157969212
24 64 1.7804322686810727
24 65 1.5092156723145977
24 69 1.2429838434920215
24 73 0.7709334192687343
24 85 0.46769663655450744
24 111 1.7065213367216563
24 128 0.3030962209933176
24 129 0.33265554790566726
24 131 7.250104256541777
24 138 1.3221067720688608
24 141 0.870148034382734
24 146 0.09278408404939426
24 147 0.2943785216690944
24 154 0.013072026109745501
24 157 3.0093735181710697
24 161 1.3204489242225188
25 27 0.07331888382693591
25 29 0.7417401051868074
25 32 0.31020602070451525
25 35 1.2018020311085122
25 36 0.49673908821895685
25 38 0.8493112662792377
25 43 0.5328441118933624
25 56 2.4162802691827223
25 58 1.0661534389143983
25 65 0.2931914667390384
25 67 1.0022149023781142
25 70 0.014393456647099755
25 85 0.350989840015684
25 89 2.7799463598981853
25 102 0.13557329675506238
25 103 0.07096033085763433
25 105 1.9238035718739153
25 109 1.035786265213967
25 113 1.4450747969695439
25 117 1.3557967732169527
25 118 0.41523304018153034
25 129 1.1481498551097795
25 134 0.9289833634669717
25 137 2.146405778053883
25 146 0.9078098321764434
25 154 0.023587727469545808
25 157 0.0697492493766157
25 158 0.7499620580017414
25 160 2.6987408956840144
26 30 1.7066481938210563
26 31 830.6893401866536
26 34 2.5392316292536727
26 42 3.407327242890053
26 44 3.131919594308658
26 49 3.0348675188855783
26 54 4305056.735892289
26 55 5.031651247128758
26 62 2.642451872371294
26 64 3816524.493834386
26 67 2569554.1365194316
26 68 0.6094964195834282
26 69 2.6328637877248866
26 72 15694520.438610941
26 74 4691077.788874132
26 77 5.018376844597306
26 80 1.897307286869221
26 81 2.5457252379396644
26 90 1.6954853446877034
26 101 4.267816837631618
26 102 1.727846552878052
26 104 0.4265819065771342
26 108 2.70699587400699
26 109 1.3831628088678272
26 110 9.545227065164338
26 114 1.3342467459124345
26 115 6.240007540715723
26 117 7.711554651606264
26 120 3.280431364493696
26 122 2.217134285475716
26 123 1.456302652093614
26 131 47.02297335659846
26 134 3.0833245307035195
26 141 21.01824902885885
26 147 3.1476026162181956
26 151 0.13358535861494292
26 154 6847700.735746267
26 156 2.422456553837011
26 157 0.25256103235337735
27 30 0.4988602811037267
27 49 0.08575003658646511
27 63 0.8719105779022616
27 100 0.1698091518597537
27 102 0.4683640775601925
27 115 0.16828979749963596
27 161 0.03266628426518615
28 31 0.3304967749550489
28 43 6.990510489049701
28 46 0.5819639312228895
28 53 2.40935389350631
28 54 10.595131345915169
28 56 33.43622099835214
28 61 0.07686943344344999
28 63 0.6485022083707932
28 65 0.972026630925643
28 66 1.2962900552962693
28 68 0.3398170916196085
28 69 4.752819299751848
28 82 1.3411003040197014
28 87 0.4148729510309749
28 89 3.7099776534008067
28 97 0.05017325996551131
28 98 6.9045450016899945
28 101 0.13553273298674234
28 125 9.330130208595405
28 133 33.28153685115567
28 137 5.6360193571639625
28 143 0.9478724722589279
28 150 0.5364188725506048
28 151 0.13749796572163056
28 153 2.11651372627781
28 154 1.8417107257301757
28 159 3.4384979008992422
29 39 2.07230793353266
29 45 0.35349691457892973
29 50 1.5716804290214479
29 54 1.9249664310175885
29 56 0.27418364335498485
29 59 1.5263272433727049
29 66 3.271584665353692
29 70 0.0007046304244829198
29 87 0.5744709557576054
29 94 0.12208788860894483
29 99 2.6162254039351556
29 116 0.4586253179889582
29 117 1.459535830971399
29 120 1.8501614544246376
29 125 3.2136522641096126
29 135 1.0691979328036774
29 137 3.8129637956364366
29 154 0.3286663400261991
29 155 0.9969459552893476
30 31 14.600518366943726
30 32 6.04103248055634
30 34 4.492391581005416
30 35 0.6436447458818698
30 38 4.276105526076188
30 46 0.4268610118468642
30 47 0.04127329217127729
30 48 0.3593773186986044
30 50 2.056094921782858
30 54 0.5466651047279348
30 58 0.836929816023386
30 61 0.5436435212582609
30 62 1.247402213888504
30 63 1.1323810654241484
30 64 2.265055058711225
30 65 0.06686996557638107
30 74 9.215517065040387
30 79 3.4285711082412664
30 80 0.05580587641472236
30 89 0.0239540835290639
30 91 3.1191406179115675
30 98 2.5567485076233827
30 99 1.0555908487048828
30 109 0.30028775020039394
30 114 0.31627591381570047
30 117 2.4342276597192196
30 118 1.5616704894769964
30 126 0.6920700803056524
30 129 1.0299648373782797
30 132 3.857839105613565
30 133 3.8165337012009775
30 134 2.24317530594704
30 135 0.09923863834769828
30 137 0.6626589501035359
30 142 0.04269792849168443
30 146 1.863479078971238
30 147 0.9678936757777541
30 149 0.8574886600266681
30 151 0.007046165640845545
30 154 0.2797632870776033
30 155 4.330984893417182
30 157 6.437805138110949
30 161 0.9503411140495583
31 33 1.5526656962255831
31 34 1.872380677605142
31 35 0.13761964652035857
31 36 0.24217603781107966
31 39 7.404775585722615
31 40 1.497079207479796
31 48 0.8935825013408868
31 50 0.3111652482793259
31 53 0.3251544532428506
31 54 175.4881061375516
31 56 11.153304123886713
31 57 0.28065409671567493
31 58 0.18320276674752833
31 66 0.19701460361456027
31 67 827.2500085032771
31 68 4.294739723679492
31 69 7.182355292769595
31 70 3.294057431673817
31 71 388.7782276572177
31 74 20.27098734267743
31 76 2.681848763778525
31 79 3.0680189568472986
31 83 2.3812166531257555
31 86 1.250250672527026
31 89 9.631253391853464
31 96 1.7107152275378443
31 98 0.2617569094205405
31 99 2.0704166591651307
31 101 3.31277785007786
31 102 7.7906435621310175
31 103 0.8790395931679529
31 104 2.585016293761819
31 107 381.13847449019437
31 109 0.4575509102773572
31 113 5.1462467147022215
31 114 0.10683254694089331
31 118 0.5130023934161699
31 123 3.2600048961251495
31 129 2.862384748303181
31 131 159.27170069418594
31 132 5.6698189181550385
31 133 15.423278432856844
31 134 1.0133397428633812
31 135 3.5303604804166797
31 138 0.1439908760476004
31 139 1.5204906757622652
31 144 3.683984276093104
31 146 2.711352778576914
31 147 1.1698422990127324
31 149 0.01632843987328784
31 150 0.5743644546925771
31 152 169.49695701829674
31 153 2.367824400431109
31 160 0.28308591087034457
31 161 4.13549261983259
32 35 0.8320704744917833
32 36 1.8164541010578692
32 43 5.364429217161303
32 46 0.520204740459561
32 48 0.4990319597978785
32 56 0.3830999676946692
32 61 2.514014298654723
32 66 0.22828200936223297
32 69 2.7668510231370975
32 70 6.662926500404494
32 72 0.8945038050244575
32 74 1.9412272969610884
32 75 2.76857368249679
32 78 1.0077245421947438
32 80 1.5103088381516545
32 83 1.3248596315159695
32 84 0.7246113502180952
32 85 3.7710283790509074
32 87 0.3845541063772206
32 88 4.196298147402443
32 89 2.828409354088037
32 92 1.0434731581596104
32 94 3.38826920522769
32 97 0.21194748924451332
32 99 0.19448601976841942
32 106 0.06483918855205485
32 109 0.18358234974500784
32 110 1.9162439525915782
32 112 3.3702235719452536
32 113 0.23426612172865025
32 114 0.3353301255567673
32 118 3.9961425424459773
32 119 0.5136798733460448
32 126 0.19388892754755688
32 127 2.76505632940657
32 129 3.8559793574173256
32 131 0.4457723487744687
32 132 2.7312646565371224
32 135 1.5390860701690359
32 139 0.04725975540931854
32 140 0.5596650292097616
32 142 0.24157435743929012
32 143 0.12929134728417607
32 147 3.017365899803784
32 150 0.7479945641548353
32 153 0.48153155665528125
32 158 0.249115032516131
33 43 0.12647491046125264
33 71 0.01256434895644719
33 87 0.3296754620773447
33 109 0.2910406095565579
33 112 0.5053338128114324
33 113 1.5051031298372053
33 131 0.9958501891618091
33 133 5.3036345335762
33 153 2.113187626411098
33 157 0.3416403716375572
34 43 0.4325918209695611
34 44 0.3050201203788433
34 56 2.0645991260593317
34 73 0.37199741153199783
34 101 2.9974898262122083
34 104 1.2526985573747855
34 110 3.1821585085157964
34 114 1.5753019762341267
34 116 1.008429571873795
34 118 0.9552188651201842
34 122 1.3304311613669437
34 123 0.24430033062927883
34 125 0.8870287134194207
34 134 1.3143666292442708
34 135 0.1962009483223339
34 145 0.16070529838481645
34 147 0.27690792364365485
34 152 1.1890080670560943
34 153 2.2313983899565426
34 159 0.9714622962993247
35 40 0.9736446086223978
35 45 0.9137497688042926
35 51 0.23731496704779353
35 53 0.5591913220234143
35 55 2.4676748681250427
35 58 1.8423492255415272
35 61 4.452001029368022
35 62 0.7775535374902103
35 65 0.9043368141667196
35 67 6.625107369193659
35 69 1.025704061756133
35 74 0.15589630939118893
35 78 0.5091028105441626
35 81 0.5028110254965031
35 84 0.1723082881917007
35 92 0.05741115377978886
35 97 0.3474843177764293
35 99 0.10805129183590835
35 102 1.4391584156381028
35 105 0.2916218626471419
35 114 0.18399985162722932
35 115 0.3300552611419465
35 118 4.077963237698851
35 123 2.9078294178646065
35 127 0.1326794306254715
35 130 1.3084629617030632
35 133 1.4871310886603737
35 135 1.3278002957780124
35 137 2.2867430166820397
35 141 2.2881600112792886
35 142 0.21585449035586207
35 145 1.0546202430755578
35 149 0.8582868315357851
35 153 0.7348441291589798
35 157 0.702366063609517
35 158 0.013648734778224291
35 159 0.18509020419199865
36 40 0.049220293193130385
36 44 1.896095460522033
36 51 0.07685269354710624
36 56 5.822808885516617
36 58 1.9139490891827418
36 60 1.9134063538926376
36 66 4.426700156531321
36 70 0.36130357481326664
36 72 1.2051690633226995
36 77 0.39525116692574463
36 79 1.7183660852688334
36 87 1.0105682945262286
36 88 5.245893223966242
36 89 5.091364472170265
36 90 0.8418336526683851
36 92 0.1636667415318795
36 97 0.7556041018885086
36 98 6.141020112174988
36 102 2.9007163685315267
36 103 1.3426267495380149
36 106 0.44537667773447487
36 107 8.423522144073152
36 112 5.941841904440762
36 116 0.9027411872636785
36 117 3.4442677955787926
36 122 5.169044572333185
36 124 0.43371471468465195
36 128 2.3927893622345326
36 129 4.132237855680697
36 131 9.190644612805185
36 133 1.9918069746708693
36 135 1.1826915046796613
36 138 1.190937780970667
36 139 0.25739610922306616
36 141 1.299396202231116
36 151 2.2005253029965917
36 153 0.8557780154641903
36 154 0.5933937642672347
36 158 0.2836086414447115
36 159 0.6807994412124505
36 161 1.2043619702876849
37 55 0.11948733060236781
37 66 2.604584652038274
37 83 1.5350967124914277
37 84 2.7094949529796546
37 87 0.29942735759218414
37 89 1.0544575061447317
37 94 0.2109310273622103
37 118 1.2878121441202186
37 120 0.21550291728863533
37 134 0.31352076310230376
37 143 0.17275064114783348
37 153 0.5946821874646196
38 52 1.0407433530093961
38 53 1.286311608243805
38 55 0.9303540117052462
38 58 0.7806635336165568
38 64 2.8104804712893285
38 65 0.31801608641283696
38 69 0.5228526897751846
38 72 5.960599049133912
38 77 0.8465374804304153
38 83 0.17913085957462468
38 84 2.360503743179158
38 94 0.06903547712523045
38 102 0.6653321005737788
38 103 2.0213817788713695
38 109 5.000070816280865
38 112 13.941942861372976
38 115 12.508770001419256
38 116 2.4627227919827743
38 124 0.8372402576672772
38 126 0.8102320945875896
38 131 0.05992099229695615
38 134 3.1174127667247387
38 143 0.42009437872136024
38 147 0.11167723503189894
38 151 1.1408127744970515
38 158 1.67172630906118
38 160 2.506972920733615
39 47 0.8925055929529924
39 51 3.326068054944707
39 55 0.3283879920167559
39 59 0.031695382891810064
39 65 0.3142489630799695
39 81 3.184949270110448
39 83 0.08052876664850318
39 85 2.3098364808665344
39 99 0.34046965170573545
39 102 1.1140736226780885
39 103 1.0149442810638234
39 106 1.7300410282647853
39 107 15.47342741606003
39 109 1.8878191517669087
39 111 0.9944340382928668
39 112 5.211893378372656
39 115 5.064624550371313
39 118 10.370323723518956
39 125 0.013375734462025241
39 129 0.9940073199417074
39 135 2.4005927739971407
39 144 0.44949956998273966
39 150 1.1396420927550934
39 151 0.13678960514513003
39 152 82.32867371381226
39 153 0.3069472735991297
39 158 0.023955778946794692
39 159 1.0219012933499976
39 161 7.796731452031468
40 41 1.1884885116586972
40 43 4.261920163617524
40 46 0.816397169183402
40 49 1.8820585585184983
40 56 0.7956021197081248
40 60 0.34302031944809797
40 62 0.9091046775571812
40 66 2.2641564621598307
40 68 0.29618214668727105
40 69 0.24307934806035694
40 72 2.556694611823884
40 75 2.3216629196942216
40 77 1.7146261817871564
40 79 2.8713344453727023
40 81 1.2763970457724774
40 83 0.0678267336421695
40 86 0.3299114582651813
40 93 2.9068658205923157
40 100 0.6324918238479567
40 101 0.010767203457405856
40 102 6.149680411983755
40 107 8.15110211349805
40 110 2.7526666664261654
40 111 4.1487346408604635
40 112 2.1255154044842324
40 114 0.3027139864316344
40 117 2.3502121226507673
40 118 0.090241233441245
40 119 1.6587830972964646
40 130 3.418092289336299
40 133 2.3928148377711174
40 135 0.7121573145104495
40 137 1.2321950656720015
40 140 3.3306458696968235
40 142 1.6867244042781586
40 143 2.171654192331209
40 147 0.22815053583538275
40 150 1.378081288372961
40 152 2.8261296998852554
40 158 1.8285945479857004
40 160 2.228176881985471
41 49 2.129225987964328
41 51 0.03144650383264952
41 54 1.803311185115179
41 61 2.137589358475874
41 70 1.0434588835614949
41 113 0.4375140562520031
41 117 1.9143875820673086
41 136 0.678565431051432
41 138 0.3388825653537468
41 146 0.14923559457737715
41 151 1.8768886717630455
41 158 3.337710835514545
41 159 1.3150893901967642
42 44 0.5541523786583513
42 49 0.8222740315870497
42 50 1.6439633327452734
42 51 0.6349193247893803
42 56 0.38613164701953984
42 63 0.017701939891876208
42 68 0.9966089769396884
42 72 3.4321873336144715
42 74 0.5841135689001884
42 94 0.3846788116753643
42 97 0.05704529862314155
42 103 0.4258190110161325
42 109 0.5266916891183667
42 115 0.2575036047153365
42 117 0.6988619158596376
42 121 0.09437790512063407
42 123 0.6504132366321854
42 129 0.08778958097427164
42 134 0.32258593048054834
42 147 0.060075063831725214
42 148 1.7883793616788206
42 151 1.0301854877616337
42 159 0.41625313052149676
43 46 2.954236771370122
43 56 9.844789629177345
43 59 3.3711305743832147
43 66 5.4816432999150875
43 73 2.325337318401753
43 74 46.15781189670614
43 75 4.0281121898546015
43 77 0.8457121312811512
43 78 4.567043105254811
43 79 20.563587700667334
43 88 1.2434946182282167
43 97 2.3369738818513675
43 106 9.612117023015186
43 108 3.730429426961987
43 117 7.491542688227219
43 124 0.7634548800574695
43 125 3.2754085855831394
43 128 4.435601961988044
43 130 3.8808937658717
43 134 0.23398541174223328
43 138 0.16340328673077387
43 147 1.6149326886834918
43 150 0.7577708829787148
43 154 16.8218750658468
43 160 3.1134118821226595
44 49 0.20103303108945164
44 50 0.35631229650999807
44 51 4.990202396523542
44 53 3.276138562162728
44 54 1.1220142162480633
44 56 2.8049448851940335
44 58 0.46852016717215206
44 62 0.5876002538776235
44 63 1.4021591038161145
44 65 0.008212659771392357
44 66 4.201727672290838
44 67 12.939182814211618
44 68 0.2345896050131794
44 72 6.609914336384508
44 77 0.5943255119523275
44 88 2.279841005502224
44 101 3.6423155382005
44 102 1.1774548412112364
44 109 0.8453524350727506
44 112 2.010920110728861
44 113 0.698874946279623
44 114 0.6529510015204983
44 118 0.5675924063520221
44 120 3.3806649626681953
44 125 0.2921792341006417
44 133 6.197150476787242
44 134 1.7280382219507129
44 138 0.08827531619677517
44 156 0.8324148936019944
45 46 0.6282438573996212
45 50 2.5975226736293275
45 52 0.6435162268715118
45 56 2.8579445989280927
45 64 0.658006988215255
45 65 0.08931864494396184
45 66 0.9968789622608559
45 70 0.20349246813212363
45 79 0.998015696237676
45 82 0.01135902093554614
45 83 2.174522047254268
45 84 0.6739995673922226
45 87 1.2486928185663535
45 89 4.002880874967063
45 90 0.37295445193161497
45 92 0.22644002480393208
45 94 0.360331074056802
45 99 1.8915444293781427
45 102 5.201988127463521
45 105 0.5668347475900487
45 106 2.1456112531781786
45 107 0.6047561704466096
45 110 2.6546307953905113
45 112 1.4410051733072018
45 114 1.3112738469642633
45 116 0.14088361054511453
45 117 1.3773342859143791
45 118 0.38617784898154645
45 126 1.3336798875252671
45 127 1.083787094866699
45 128 0.0903781268899789
45 134 2.3058906219879547
45 137 6.315824376440878
45 138 0.21086711839255073
45 141 0.6585759926098997
45 146 0.14390430380630578
45 147 1.8193299083059484
45 153 0.31235777626190064
45 157 1.0516228546038757
45 158 1.541808230620652
46 56 0.9999483122310852
46 58 0.028102301764143953
46 62 1.9261188304796202
46 63 0.23070172672348233
46 65 0.8731398499794852
46 67 0.39176415347485194
46 69 0.5578961199841832
46 74 5.257136109988776
46 90 1.9125968774557522
46 94 1.814979426970184
46 97 0.0633675433257697
46 98 2.5751967469906316
46 102 1.86995640873988
46 105 0.4800506970786199
46 108 0.2840244815817046
46 109 0.3440203996878946
46 121 0.82085720474216
46 125 0.09858552351743559
46 126 0.09838671862973511
46 130 2.076278743007805
46 131 0.6738752968352864
46 133 2.947999207119536
46 137 0.1740815781428173
46 138 0.05456582800695915
46 142 0.5273065308788857
46 146 0.538995466879159
46 151 0.08599520181801477
46 157 0.34166509813942364
47 65 0.8294873405522858
47 67 1.4397734386924619
47 97 4.394001180384228
47 141 2.044200268370867
47 149 0.021787814652837398
47 151 0.0938493158497197
47 154 1.221397437294166
48 57 2.1514342597578358
48 90 0.21649156675732642
48 97 3.1763848283855842
48 105 0.2910455920672579
48 110 0.8727361623332818
48 154 0.8388160791428423
49 56 0.8182554134217933
49 63 1.5997831053431755
49 64 5.110013989743851
49 69 0.3788313134091894
49 71 5.944407518652602
49 79 0.43066141045067324
49 84 0.8655246751780645
49 89 0.17026854693162774
49 91 0.6457016547866397
49 95 4.346660139234891
49 101 4.576970697641548
49 102 0.15124227337366272
49 105 0.28282613481160884
49 112 3.8161519310369285
49 117 6.475396885120061
49 118 0.15849897422826667
49 125 0.1610935070629255
49 129 1.8887284781489384
49 131 18.53572009397924
49 133 7.34214677622618
49 136 1.5677596099803528
49 141 0.3316273754272143
49 147 0.36316404277280184
49 153 0.1553755919385461
49 154 1.0213234515275051
49 160 6.533619679327825
50 52 1.9712316256030504
50 55 4.465493419082989
50 56 2.6000636573934646
50 58 2.99314020177475
50 67 8.267998847979653
50 72 11.298831383169519
50 78 3.0262596911950093
50 80 1.0446843856541443
50 84 3.376302987065031
50 90 0.8110402141564245
50 91 1.233758265150747
50 94 0.5496521172255032
50 105 0.09539124239540336
50 106 1.9087886614148526
50 108 0.7692859526722268
50 109 1.5282489171514886
50 112 0.4907789989290794
50 115 0.21288886054144704
50 119 2.4595644885425947
50 121 1.4388131006868419
50 122 2.0752261485803927
50 123 3.0526079611282015
50 125 2.445123862828442
50 128 0.04099344731028335
50 133 2.4997316629555923
50 134 0.10869251471812744
50 137 2.4042244528455936
50 138 1.800781107737522
50 142 0.14144176960608265
50 148 3.0410844655974643
50 152 1.752167500352304
50 159 1.1777363129561056
51 55 0.8227469043741252
51 59 2.8496506547558256
51 65 0.07404099522862459
51 67 59587.352343552935
51 68 0.15536180573567135
51 69 0.07175586643605651
51 70 0.10817002427113077
51 72 14726044.547284972
51 73 0.9926258835719556
51 79 2.311794580465785
51 80 0.2741822026071774
51 81 2.6924545752391635
51 86 3.4244515710116543
51 94 0.43782123175311793
51 100 0.89801736633137
51 101 0.40909059445422247
51 105 14.526393575664075
51 108 3.1923962890735975
51 111 0.8491373195702945
51 118 31885961753.44409
51 121 1.5862206949028523
51 126 3.419110190930178
51 129 9.800023206743885
51 130 36.16428731731051
51 131 28.861937849870046
51 133 168890814.955825
51 137 279351.9502340175
51 140 0.5052643996369949
51 142 1.5477942839598615
51 145 0.023347214235657554
51 150 0.9709871456109417
51 151 0.8480364173555539
51 155 0.002575790906888977
51 156 1.0038368486792324
51 157 1.0333272546950945
51 158 2.91622517404603
51 159 2.0413847504647986
51 160 0.9398227974547299
51 161 7.080910252428015
52 65 0.36149677654477974
52 66 0.06391299410943327
52 67 1.1919859830130806
52 68 1.3154894552648704
52 70 1.4041540240971613
52 77 0.48384501202402613
52 84 15.153491613216168
52 87 0.02834492963174478
52 93 2.819781465056523
52 97 0.0878826951450718
52 105 8.706955109733693
52 113 2.5515231835553887
52 114 1.1802971830247537
52 115 2.361044574738214
52 117 1.0122450157997749
52 122 3.4869253097758115
52 131 0.9847623203970711
52 133 7.031505758493504
52 134 0.7153773658525373
52 136 0.19783646233287971
52 155 4.043914677867532
53 56 3.7962134893070565
53 66 2.0825931751595186
53 67 0.8321308088700347
53 72 1.7188891868772935
53 74 0.4329723298699503
53 77 0.1375638362466253
53 89 1.1493127087065274
53 90 0.40803471796367935
53 102 1.4916660785842577
53 105 1.1459826674322642
53 109 1.920972963268014
53 116 2.1097529561039376
53 120 0.5608700119081689
53 131 8.908583117311967
53 132 0.619515661684548
53 134 0.8660385039703499
53 139 1.7153761287802085
53 141 1.915505745276967
53 142 0.24117091996743112
53 145 0.513109953707494
53 151 0.07726119848460147
53 154 4.570044392816992
53 158 1.522575269982667
54 56 1.9449457143339044
54 64 59905821.89592569
54 65 0.9369828651826456
54 66 4.899265360760057
54 68 0.5687874950245635
54 71 15190539.4518022
54 76 1.950779316075795
54 85 38.18889264694748
54 88 35.87621926202906
54 89 0.4240568685023993
54 90 2.2116636967680106
54 91 1.0409233466400594
54 93 3.6534204499074105
54 94 0.022846045820507428
54 99 5.938019174527283
54 105 4.7823952716648375
54 108 1.5286423687879334
54 110 25.804326986458413
54 111 1.887094778174619
54 118 402390446.18206125
54 121 1.3746752551094126
54 130 25.162506313981407
54 131 118.85762269258541
54 133 25132043.337011218
54 135 4.403355042658949
54 139 1.0863956538543693
54 142 0.11811040048816425
54 149 1.2783747640242995
54 153 2.941641412904718
54 154 111847098.67146209
54 157 2.4657853582184015
54 158 0.291807355961947
54 159 1.737169777049998
55 65 2.9570137812136554
55 67 18.26126873340932
55 69 3.5761584689166663
55 72 2.6880599343142006
55 73 2.362531799189056
55 74 6.092636563915773
55 75 4.397585804001639
55 77 1.8344803562952097
55 78 1.7319542345337462
55 84 1.2059259369535191
55 85 1.7163872534913536
55 88 0.9132684683798571
55 89 1.1284688313364435
55 93 3.890329158798397
55 94 3.23520668113478
55 105 3.8700295861177105
55 108 2.94430011721503
55 113 0.20096421954806556
55 114 0.3121350624144494
55 118 3.4222412041695023
55 123 1.5784020299430115
55 131 5.156775557843152
55 135 0.4476894572145342
55 138 1.4425961002863357
55 139 0.2808718190335673
55 142 0.957187869273934
55 144 0.49317723766155264
55 146 0.7626323293697378
55 152 3.3938024832399685
55 153 4.719403655571006
55 154 6.961286945868784
55 157 0.6056887957079723
56 59 0.342927760063098
56 63 0.5908616201828921
56 65 1.3347872759442014
56 66 1.2081441240862087
56 67 2.186694669722245
56 68 0.7403307920198595
56 69 2.1621669120465237
56 70 0.4845602609868223
56 71 1.8364453075944351
56 72 5.497476607657882
56 75 4.926729958105856
56 81 0.010155421077939313
56 88 0.14545282135476212
56 90 2.851957050903516
56 92 0.11671815309417094
56 97 7.098812050370492
56 98 0.7244788864442419
56 102 1.0562388846778934
56 103 1.7341420990286354
56 113 1.151741093016057
56 118 7.302623547471106
56 122 2.7153626169042995
56 133 5.621998161894555
56 137 9.391976853245335
56 139 1.6706580236138118
56 142 1.01806635166425
56 145 2.7046806458063815
56 147 5.723005407826934
56 149 0.03410463219167851
56 158 0.806771331646583
57 64 2.947511509083192
57 69 1.1964707681098563
57 82 0.8081599935679359
57 86 2.0072230276955048
57 90 0.002405849020086124
57 93 0.3496117270457204
57 94 2.8309224797206465
57 103 1.632846945749488
57 104 0.40171999759874666
57 105 1.5786615768648051
57 113 2.7855571388007965
57 115 0.6800480395813181
57 129 0.24157106409885754
57 132 1.648725352736568
57 139 1.179344417032208
57 154 2.7241333789048476
58 61 0.37602768060384906
58 65 0.0018223030918001076
58 66 0.27377403146575197
58 70 1.3410923982357288
58 72 4.491145535241389
58 74 2.0703609473075346
58 75 7.36330493185471
58 77 0.6361566353281184
58 85 1.7842533978515964
58 89 0.4289469962322345
58 98 6.870969296152845
58 100 0.3273290978434119
58 101 2.5401659408854487
58 104 0.6684690717929553
58 105 0.07019183413163524
58 106 0.2571336617239356
58 109 1.3637799435682048
58 110 1.2985804049870637
58 113 0.07224185595214133
58 119 0.42657370897443964
58 124 0.5540215745613544
58 125 3.668394555313693
58 128 3.8770849429912713
58 132 1.5159316194795909
58 135 0.8404457997574968
58 141 1.2229892464030425
58 146 0.0673324922301555
58 150 0.17886554867414486
58 152 3.0539826662697243
58 154 0.971829210622404
58 157 0.14246774420776534
58 158 0.2677299846738939
58 159 0.5513544243081733
58 161 0.4610781216242835
59 68 0.12753232208064483
59 72 1.397534593833605
59 74 1.656592769895461
59 75 2.4117459225314746
59 79 0.0599437771493816
59 101 0.2515444152101073
59 107 6.880401660794447
59 111 0.05678937210370579
59 114 0.24198469305026749
59 120 0.08117798665644725
59 128 1.2600235038699377
59 135 0.05274797290149516
59 145 2.165201962900441
59 146 1.3076571087171491
59 148 0.8523968724119296
59 151 0.2068207730051485
59 152 0.22222865741265618
60 98 0.8476191610160355
60 121 1.13416934342778
60 133 6.067315289557977
60 152 3.1163293112269344
61 62 0.16625114642454278
61 65 0.08956203647126436
61 68 0.3825780222969239
61 69 0.9711685885941479
61 89 1.6814968686119398
61 94 1.442547952688982
61 105 0.2655166077515051
61 110 0.9570425355092395
61 113 1.2912230154586475
61 133 1.276929338954959
61 141 0.5525034256676902
61 145 1.719586332378855
61 151 0.038252485492734786
61 158 0.581978291209637
61 159 1.8344436829750945
61 160 1.6582456670882497
62 65 0.047709771147625785
62 70 0.07685095639141061
62 71 1.0004897254689218
62 73 0.3654178519017091
62 74 1.0632109450766623
62 77 0.5623861089786057
62 79 0.2190223684321663
62 84 1.394479388515935
62 94 0.4984542658301715
62 100 0.7826554149407562
62 105 0.8215922144105802
62 106 1.2918942133751379
62 109 1.4514303515427982
62 113 0.24594986987169165
62 125 0.3719244543105875
62 129 0.16820093525414068
62 133 1.3769812161056045
62 147 2.895559583822559
62 156 1.6736443380562271
63 67 3.2842462045951213
63 72 0.5088398248333559
63 82 2.197963886692961
63 87 1.2768737328013768
63 88 0.17228285917131608
63 91 0.31675774904353515
63 93 3.123916911726426
63 94 0.5105260679682393
63 97 0.7410382278802145
63 102 0.8953624816426695
63 112 0.08683669563431673
63 113 3.09035640289471
63 114 0.002252072474717574
63 116 0.639675234604849
63 118 1.9141330677311394
63 119 0.09216897084081228
63 125 0.33166835876328865
63 126 2.262860179528266
63 128 0.8814158585617806
63 129 1.5109596384985455
63 132 0.031084323040956038
63 133 2.967401248114649
63 145 0.2532516393165962
63 147 0.3968762211388499
63 149 1.3511560017785844
63 150 0.537852029550332
63 158 0.028254786747696325
64 65 2.8318811166933986
64 67 5966636.355320221
64 69 1.5859401978017533
64 72 8179382.977582291
64 74 55352202.419909224
64 77 2.421552873318434
64 89 6.843379426325845
64 91 0.2415516021853563
64 93 11.78419306493467
64 96 4.033595072626555
64 99 1.169880484817497
64 106 0.8294321380588855
64 107 63694.20081021879
64 108 3.1091544942178793
64 113 1.5139625444670415
64 114 0.3022048145619792
64 116 2.4445066995944513
64 118 5514098.590283469
64 121 1.425169786483201
64 125 2.5474319749916066
64 131 113.70605019421217
64 134 0.23131607427279316
64 141 0.8860604895948031
64 142 0.39656839162781116
64 143 3.748227220628254
64 146 0.04187593374301485
64 152 1619049.011938483
64 153 0.9717958526531135
64 157 1.5187157680909544
65 68 0.013523053871083353
65 69 1.5658997685756832
65 71 1.9050947277716297
65 74 0.0808651115302229
65 75 1.0009527943792937
65 77 2.1163507817564002
65 85 0.18252794430046865
65 86 0.05420719926922133
65 92 0.31062098052060494
65 102 0.16834655759208084
65 103 2.527936494529408
65 106 0.08623936847278736
65 113 0.4007829542927644
65 115 0.48121640039186847
65 117 3.934521710425969
65 118 1.0956837476909052
65 120 0.44771017121815626
65 121 0.4080429078020647
65 126 2.0844701775177388
65 133 0.25583539138523503
65 136 1.2673601694697287
65 137 1.509211757002966
65 142 1.0224252772337288
65 146 1.1345761530026832
65 147 0.13107199610925013
65 154 0.8029556402256328
65 158 0.12513996454051676
65 161 0.10226222168570138
66 70 1.5862464874787219
66 72 0.11137006186944534
66 77 0.3015863775145261
66 87 2.1414852253655803
66 97 3.431341787932875
66 110 0.9753556143411948
66 112 1.2192830457248542
66 114 0.23593131608098897
66 115 0.847852967143576
66 126 0.15633554436804384
66 128 2.3463070471446663
66 131 0.5304592117468497
66 137 5.691260228942402
66 138 1.5207225198127516
66 142 1.112902594175496
66 147 0.3922956451704847
66 149 0.05825240638057293
66 153 1.8877830371926139
66 160 4.176572847963031
67 74 7774654.571694991
67 77 2.8722337015703157
67 81 0.6622452200990696
67 85 38.283124887084
67 88 0.7436763626025582
67 89 4.459777522609453
67 94 0.10383565813138104
67 95 28.745077352971094
67 99 8.51418292560318
67 102 2.3066716497736306
67 103 2.3323520150442727
67 110 3.5794189144057573
67 112 0.022113193342828345
67 114 0.4254202821296975
67 117 2.347508388171936
67 118 60969.47359334578
67 125 6.057998100629069
67 129 2.120181409408329
67 134 4.689242617615275
67 135 0.7468504584154491
67 137 5709448.252215834
67 138 1.0503618759349254
67 139 0.2897093523275808
67 142 0.6504496090208838
67 146 1.9773143820765835
67 152 45891.451820261966
67 153 7.333194809464797
67 159 3.6647368873454487
67 160 2.9446396891077313
68 70 0.5005062617378098
68 76 0.18494245353862404
68 82 0.1213411026939992
68 84 0.33974546292154995
68 85 2.589298651476495
68 89 0.23111184468940327
68 90 1.1707118219750132
68 95 1.0411352749469214
68 97 1.2670109232230164
68 101 0.011315625615345045
68 110 0.47067135042008423
68 120 0.030947314455100135
68 126 0.5047125789131741
68 128 0.47836163430336787
68 133 1.168766034190692
68 134 1.095690911005459
68 138 0.6497260654927088
68 141 1.0535951164743904
68 146 0.49176506177153695
68 150 0.6827973799930621
68 153 0.18343666222972263
68 154 5.917659778434615
68 161 1.330885894513418
69 70 1.7676683189066893
69 72 0.326148532536536
69 73 0.5582251128198548
69 74 12.874171265288954
69 84 4.221768655077449
69 85 0.9258046571673737
69 87 1.0850120151211933
69 94 0.30572870289626514
69 98 2.7979338061417214
69 99 1.7218534190603239
69 101 0.48248319459746786
69 105 2.520674236673589
69 106 0.19950356310563833
69 108 2.5887518542739736
69 110 5.982317909746943
69 118 1.8921913484709678
69 119 0.245765704848427
69 126 1.0575013311438937
69 127 0.5832974662431906
69 131 0.9785916076957522
69 134 2.657357058600682
69 136 1.4232553391531564
69 137 14.173463129076769
69 141 1.7701795606085036
69 147 4.469455512789776
69 149 0.06203153327954924
69 161 1.5961011402071374
70 72 1.1178683144409545
70 75 0.0010996559594159826
70 86 1.273775799103889
70 89 0.37726086259253055
70 91 4.240411970455143
70 94 1.4105979138977798
70 101 0.09513968068960768
70 106 1.8224477230513358
70 107 0.5135678876506469
70 108 0.7007851282040305
70 111 0.08358836334743507
70 112 1.3609802367168349
70 113 0.4278492356664258
70 116 0.9458392723469062
70 117 4.245767183508791
70 118 2.53799064226306
70 125 0.13911609571738376
70 126 0.3507959089546489
70 135 1.0945657057850668
70 142 1.2731167489316317
70 145 0.707970521144077
70 147 1.8995424337275375
70 150 0.3876710211562096
70 158 0.20132738301129927
71 75 10.160747771020917
71 80 1.827176281635189
71 82 1.1343814261133829
71 90 0.26139695266337293
71 91 5.552960851533924
71 97 11.723463426734643
71 101 1.563613229611532
71 106 0.6431970000329427
71 108 4.679502270113545
71 109 0.3599762530637248
71 112 2.5312667198988295
71 115 12.822781761350015
71 125 0.15051324460509077
71 126 0.5339439105075793
71 128 0.07685272893554304
71 129 4.812308185636678
71 131 195.23920618745328
71 137 4450979.387453501
71 138 1.3834296994659439
71 145 1.4192533074165665
71 151 0.053973367742958904
71 153 2.7105074940892457
71 157 2.102118291578002
71 159 5.352247660178572
72 74 88099580.76451823
72 79 7.042736714428769
72 83 4.183844999975936
72 93 13.148589410018765
72 97 5.374326532170205
72 98 1.6465906091496316
72 104 0.7152971909746219
72 105 9.406814827599401
72 107 2702954.530048805
72 109 3.8852004463490575
72 112 1.8654951620039089
72 113 1.4178049575655725
72 117 18.895966488352272
72 122 3.403483886611109
72 125 1.5457665258970976
72 126 2.547269314079519
72 127 0.28074233256635955
72 131 109.6557482050794
72 133 10957915.875524318
72 136 4.4382356708337145
72 138 5.671303932826289
72 139 1.8238636896633758
72 141 4.59554001221751
72 143 0.7678136683729245
72 145 0.4714276670004062
72 146 1.9221145126024768
72 147 2.4069324069591493
72 149 1.985687282183173
72 153 7.2710753232998675
72 157 3.6024370444912717
72 159 1.8049531811919632
73 77 1.9143788521131708
73 79 0.6203844420114416
73 84 0.036235401547033044
73 85 0.028971410218367095
73 87 0.2630484043956693
73 91 0.9672920184606586
73 93 0.14828153334394129
73 94 0.27320535868614887
73 96 0.1788387637123458
73 98 0.16661126283538594
73 100 0.8048613029010998
73 101 0.3669643086714249
73 105 1.4900503279205293
73 106 1.0781159930035278
73 108 0.9715818501591723
73 111 0.14040519170000892
73 115 0.30791593405686285
73 117 1.1741297103346133
73 118 1.5352630355032488
73 124 0.8545460201002881
73 126 0.6643945283330948
73 129 1.5680414393498165
73 133 0.23475011717733762
73 135 1.8464273804639617
73 137 1.4194802045984498
73 145 0.34453309743739047
73 146 1.7701023919737433
73 154 1.3305143109150446
73 157 0.31750232194023853
73 159 1.2470852115840412
73 160 0.4476783626632573
74 77 6.631762864922035
74 79 6.372828034885277
74 89 21.67382841219324
74 92 1.6047062806017085
74 94 1.5677868337038405
74 96 0.35332684340939846
74 97 0.5945885864871778
74 98 5.972802142710849
74 102 4.319170399058129
74 103 3.2191629637697807
74 106 3.6585029381116723
74 111 2.897435836034165
74 113 0.8016407984794757
74 115 5.945412287834934
74 117 13.365664325519656
74 118 189694391.32861304
74 124 1.734237258308861
74 125 1.0825559553082995
74 133 50785961.73480347
74 136 1.1386847969399185
74 142 0.3515954015322039
74 151 0.8669907287163446
74 152 3512963.477289947
74 154 38367012.00415721
74 157 2.8516528274045347
74 158 0.22362059386753363
74 159 0.9043142158835451
74 161 2.0675655759466838
75 79 5.742004560203438
75 80 0.9143577602620795
75 87 1.3959488332891081
75 93 3.2290866857752363
75 97 0.261735389777092
75 99 1.2788388635940702
75 101 5.305062066037517
75 113 1.8798538530383173
75 114 2.1993430337615973
75 124 1.9450718975246415
75 127 0.09279915654664107
75 128 0.6605188686464033
75 133 18.567701921552796
75 134 2.3512057930892083
75 135 3.449178224122429
75 137 2.7037981756408582
75 147 0.2818358036162796
75 152 23.342337211614094
75 153 0.24254749773467527
75 154 28.662555059837672
76 80 0.10018159939279313
76 107 2.8609299285913763
76 118 0.8562255922091373
76 126 0.6898745327891712
76 141 0.6829227331593806
76 146 0.6347266581084209
76 159 0.015575962991937664
77 82 0.1979349999404062
77 84 3.531136264745849
77 87 1.1570385976281055
77 89 0.3680417371376183
77 96 0.44567447859549925
77 98 2.1641163120201083
77 100 0.11946322944058783
77 101 1.1700380753180823
77 103 0.24289901794060131
77 107 0.8232715020668633
77 108 0.6630133488312967
77 109 0.24053877819703243
77 112 2.376204575000948
77 115 8.536667794773281
77 118 3.5769803135468656
77 125 1.2383365587341497
77 134 3.0210496535591993
77 135 0.05948167336299248
77 136 0.07132045501871138
77 147 0.43202262438917033
77 148 0.2976019450597167
77 152 0.08168354914916218
77 154 1.1464782331339995
77 156 0.8429521582522947
78 114 0.3910036534443884
78 148 0.4405071661173387
78 154 0.07929117883765772
78 160 1.0299346513648482
79 87 0.07862110222623887
79 89 2.4496698198833182
79 98 7.050684955017769
79 101 2.1451686114968487
79 106 3.488057953487973
79 114 0.21661362253381358
79 117 1.3339680119752424
79 123 0.3359008822876453
79 126 1.5586449205375734
79 131 1.43627993624329
79 134 0.4659336310160539
79 139 0.9582493265124098
79 145 0.10401735252906706
79 146 0.10584092511466812
79 156 0.3958636832299017
79 157 0.7011038026388141
79 158 0.6641135575674484
79 160 1.632887443852359
80 85 0.255291816807122
80 87 0.8512634569918799
80 92 0.9247624173833301
80 93 0.8659070019296581
80 95 2.43031329035713
80 100 0.7490016957179105
80 101 0.1283933717657971
80 103 1.6310197793752297
80 106 0.31495360829777186
80 114 1.8041700077198817
80 115 2.6123269607354023
80 117 1.2380290529031228
80 119 0.052207624985182846
80 132 3.603280441128563
80 137 1.7196606888308257
80 138 0.9088119150486584
80 141 0.29602370117826904
80 153 1.5497503777914996
80 158 1.0230454839477596
80 159 0.06161234376955746
81 87 0.8309423065336882
81 88 0.2616085958494377
81 90 0.5020894578493341
81 113 0.7182175578696018
81 118 4.813280081447021
81 122 1.000427057000619
81 126 0.08972441869400921
81 131 1.8034063921935655
81 138 0.26638594559635165
81 139 0.09826363838763912
81 145 0.5022051401743157
81 153 0.02073909729667004
81 154 0.23706580778849712
82 86 1.8982454694918731
82 89 0.40371478886157125
82 92 0.5185755835108994
82 115 0.6798231141139874
82 117 3.7943057388237507
82 118 0.08202844375684974
82 128 1.4723729590616739
82 129 0.5020616939816281
82 142 0.9065856557135612
82 143 1.2410807297379083
82 148 0.035493441726267796
82 151 0.5251524384058905
82 152 0.5808706749886738
82 158 0.7925694155626298
82 160 0.10760828601368276
82 161 1.7774814661272504
83 90 0.3241539321784886
83 94 0.2768263123741457
83 102 0.314768493818538
83 111 0.6347004934884064
83 125 0.1856229868225647
83 128 0.36339602430181633
83 129 1.9912901883273746
83 131 3.427399490842526
83 133 0.1536564369948141
83 148 1.0295231317465505
83 152 0.25605615371917056
84 86 1.3158635681736657
84 89 1.545780263164924
84 94 1.5811267512606726
84 95 3.2244019293860258
84 98 8.25048690936422
84 102 1.8564430702227
84 105 20.234033194108417
84 108 0.30033586954692887
84 109 0.58273387318077
84 111 2.2512496136760327
84 112 1.5506487831727942
84 113 0.7799951946550456
84 114 0.18468379269791033
84 115 1.8454728992888794
84 122 2.2346845673544045
84 124 1.963102361181121
84 127 0.5549110455719857
84 129 0.44240396361235274
84 133 7.116157976195286
84 134 1.2696183288713914
84 138 2.89151919239404
84 140 1.5797262854764529
84 141 1.8652744332450926
84 143 2.419709856546687
84 147 0.5187190023338908
84 151 0.05077656465104503
84 152 7.4381745192996265
84 154 0.10142691162045606
84 156 0.7755525709735054
84 157 0.09825507229365056
84 158 0.01763776820507216
84 159 0.6758934296757292
84 161 0.24409503568860474
85 90 1.5542955133261052
85 106 0.850507433142128
85 107 52.78344290513378
85 108 0.7327528139172577
85 111 0.3773804754336498
85 116 1.5515833612901622
85 117 5.709221244162605
85 130 13.213288904666355
85 131 55.866089192621004
85 133 6.473824819069336
85 134 4.846743690845962
85 135 10.498289220199036
85 145 1.3084045250209388
85 147 2.1665336398118624
85 151 0.42402821202683155
85 157 0.5724428737789224
85 158 0.3538334482688192
86 91 0.3900743214067925
86 102 0.02361935697318492
86 105 1.6456175652400566
86 111 0.9650496817854515
86 113 0.7473816977306454
86 123 0.25110493918633175
86 134 0.2513172870015021
86 148 3.0563140238360584
86 152 0.27344767765291444
86 157 1.073078841746892
86 158 0.06238589748976646
87 89 0.2334339705378567
87 90 0.6301975781668188
87 92 1.417490111036532
87 100 0.29071254139957725
87 103 1.0821023156415137
87 105 0.5444905949485489
87 110 0.25135217072101157
87 112 0.4847213054924044
87 118 0.9169134753997056
87 119 1.3887837322489687
87 121 0.932260164306124
87 127 0.09238700194129093
87 129 2.222558798360176
87 131 1.0580845328278656
87 134 0.5105285168612105
87 135 0.6849830682827462
87 136 0.04482796477358914
87 141 0.0091778238588255
87 142 0.39239395243754993
87 147 0.7055934999262048
87 148 1.7655067735159546
87 149 1.48824529270066
87 152 0.4382901390835091
87 153 0.04319537034755438
87 154 1.830788463590727
87 158 0.0974707409817803
88 89 5.59633985078467
88 91 2.117086441678913
88 94 0.7010742745178413
88 109 2.467662961018634
88 114 0.08566495524586093
88 117 8.774681037822178
88 121 0.04947828172867087
88 128 2.5683119044828953
88 133 8.816725063994053
88 134 3.9834576185369985
88 135 2.1460815531302138
88 137 4.1912923146961845
88 139 1.4702942824594718
88 147 8.107819961939361
88 150 0.1092274299139378
88 152 21.329879610692494
88 153 15.303618962787601
88 159 1.3976706394245393
89 94 0.7550331139815889
89 97 0.8433268878776273
89 100 0.6544471640345707
89 109 1.0706359903245117
89 110 1.6430826535138325
89 113 1.3900330307997186
89 115 0.003935844367000982
89 117 4.040867639363352
89 127 0.20950439869604587
89 128 2.822442838315762
89 129 1.2121015947746654
89 131 12.330912080664005
89 133 4.630224139887912
89 134 2.6042950786312202
89 137 2.811393410954884
89 138 0.1800555254973015
89 139 0.872614976059179
89 141 2.9994079763314785
89 142 1.9843905495348542
89 145 0.17722320807176553
89 146 0.33035933246486876
89 147 4.96258265989874
89 150 1.4596269634658003
89 151 2.291586864720485
89 154 0.4393531361962962
89 157 0.6055108917239354
89 158 0.3925771255871022
89 160 1.1650727344199776
90 97 0.12678803192200508
90 107 2.1600816189993837
90 113 0.3459441070307611
90 119 0.3053975698577751
90 122 2.8066268300803343
90 129 0.11425574565724228
90 132 0.21667848974581647
90 133 0.6195943029440725
90 151 0.5184896886522266
91 96 1.8446360068779155
91 101 0.2724593553042001
91 102 1.263363341013282
91 105 0.10865498154619611
91 107 0.9097972093673098
91 110 2.1516968067503677
91 114 0.3400003162450194
91 115 1.2239702565935882
91 117 0.00821463367562002
91 119 0.19489194900061552
91 125 1.8993805380253834
91 129 1.1503911633760349
91 138 1.2209540484348675
91 140 1.2142713674450032
91 142 0.2028497922111665
91 143 0.07958059481737723
91 149 1.0135340174455192
91 151 0.4866455166740381
91 157 0.11785229356229163
92 93 0.7850202945764132
92 96 1.7050820953259955
92 105 1.2740393859837245
92 125 2.924037999956381
92 133 1.5663393343557401
92 142 0.5375527135103391
92 158 0.18734595719999153
93 103 0.3953662329955826
93 110 11.476687884220768
93 111 2.2820778658095002
93 120 2.3488087149673404
93 121 0.22442998022552976
93 132 2.7564801637839897
93 133 5.869792355931695
93 135 0.7528406038711197
93 137 1.6412746930128423
93 141 1.1726288202064943
93 142 2.871622969772775
93 145 0.32519698835372546
93 146 0.22978504395832824
93 151 0.1136220116325195
93 154 0.41720721889663387
93 157 3.8515496698041143
93 158 0.12468888791679794
94 95 0.03750109217220802
94 97 0.43967432733216094
94 100 0.8560086059851141
94 103 0.08845986976503477
94 106 0.39837539916435893
94 108 0.3053879560853773
94 111 0.3966540055632369
94 112 1.3678627680974438
94 114 0.6132152365746097
94 115 0.46112144243575315
94 116 0.5030787181794512
94 117 0.3197292738975358
94 127 2.1239213690055916
94 132 1.5033488561854553
94 133 3.477933440002475
94 141 0.5685054134212021
94 142 0.26974664601092085
94 147 0.3513185569345447
94 153 2.403562640524046
94 158 0.5577323858620336
94 160 0.9730076601814143
95 97 1.084240252825359
95 103 1.1300566088437893
95 108 4.034553801745915
95 129 3.1863105658235784
95 150 4.077359889229566
95 152 9.910946258385554
96 99 1.3575336711311066
96 105 1.4532078784424085
96 111 0.8342041846878356
96 113 1.9405361005613535
96 115 1.4579467877818653
96 118 6.99539494699563
96 129 2.7056251788651218
96 137 0.6558264345670068
96 139 0.04334414325650971
97 109 1.1899235275744169
97 112 0.8692654466938952
97 113 0.21579102579770185
97 116 0.6939816261384505
97 117 2.6158848022874905
97 121 0.677893050345273
97 122 7.8530599586312215
97 127 0.6207257081827396
97 131 0.9194871667260132
97 135 0.8861591395780457
97 136 0.6284242303906847
97 137 1.8602636813068647
97 145 0.042417931658998
97 151 0.30555964544800784
97 155 0.016133888866992088
97 159 6.509606533843936
97 161 1.0806312947460286
98 102 2.9479190911991404
98 105 10.758049976657542
98 108 4.231478058825316
98 112 4.205903493429586
98 113 0.9410589398357154
98 114 0.1412578075403872
98 116 0.36995938755737473
98 118 11.256505921654412
98 119 2.279384608267811
98 121 0.49968434370947273
98 134 1.2416318357298481
98 136 2.911458142496233
98 137 16.204876899160734
98 146 0.2094095640505183
98 150 0.7620627046901484
98 151 0.5610985788933506
98 153 6.248704155407787
98 154 21.366469990769072
99 108 0.9540748087427099
99 109 0.3715359622270742
99 113 1.9391336786696542
99 117 2.6013684871841916
99 118 1.8419173025922637
99 125 0.2103336891285245
99 127 0.546627881110184
99 129 1.7507386605835331
99 131 3.823105901759559
99 134 0.4146640236399055
99 139 0.2383931529060422
99 146 1.9707278652991058
99 150 1.3960279832745817
100 102 0.44300589950389124
100 103 0.2923812119882862
100 116 0.5350246980867587
100 119 0.6819117465257114
100 131 0.8708272329247838
100 139 1.16342905832069
100 142 0.23848041658345534
100 147 0.2597632744496931
100 154 2.8118935528738134
100 155 0.21944497408190594
101 104 1.3525287008053495
101 106 0.6927798522669416
101 107 0.5365713129019215
101 108 0.7662501530268477
101 112 1.7221445987928892
101 114 0.007850792032074009
101 115 0.012618187158755184
101 116 2.4130865803651464
101 117 4.886095522370585
101 118 9.194885842527192
101 126 4.1405004926479245
101 129 1.0236211005448095
101 135 1.542552228508612
101 136 1.0686243370520143
101 137 2.2197819245367567
101 139 0.22510029349162766
101 140 5.843993324953651
101 142 1.5444422094460215
101 145 0.1733053475427367
101 146 1.2664138231395266
101 149 0.20864568282661078
101 154 2.3474287659289113
101 155 4.1764334880393825
101 157 0.004256581097662845
101 161 0.3772517610289338
102 103 0.7420609646300103
102 104 1.0527406506903796
102 105 0.5711944958097798
102 107 4.678223706552546
102 110 3.805626818304528
102 112 0.4451079530356583
102 113 0.41988016735112044
102 116 2.1433090377730015
102 120 1.1925314926530013
102 128 4.974514373522449
102 134 8.62235391411575
102 137 7.457577146697178
102 146 1.284309395235803
102 147 1.2735521083378725
102 149 0.21813343728919102
102 152 0.26207343163898084
102 153 0.37016144102820175
102 157 3.2849469878147652
102 158 1.1371018222509393
102 161 0.24999316672759891
103 104 0.5365075702924901
103 116 0.42348247010304535
103 117 2.5519407207185423
103 128 0.350585634098252
103 141 2.4569914574038134
103 149 0.38164158158367867
103 152 1.866780371576684
103 157 0.1804100161557955
103 160 0.0822931034608857
104 111 0.8770156892921283
104 125 0.8104383656511278
104 139 0.044913143378668016
104 153 0.7266691397293333
105 106 0.24223754000841938
105 108 1.8724407564991614
105 112 1.334020403595201
105 115 0.4869782236872813
105 117 4.904962935715072
105 134 1.4894878956134956
105 135 0.5091780368495136
105 138 2.3297944827618395
105 142 0.20484325718573346
105 143 1.6811675637181656
105 145 1.8023722588649427
105 158 0.10196839559248812
106 108 1.4793558209378084
106 112 4.751586213303799
106 113 2.073673741502567
106 114 0.15184358867213704
106 115 3.037190963962761
106 117 0.0051291412573962894
106 128 1.3809477747035859
106 129 0.6651183350998305
106 133 1.204886372036307
106 135 3.044492809845163
106 138 0.2110640030493918
106 141 0.155696744049106
106 142 2.3435450209533863
106 145 1.6829014276672458
106 146 0.34674465933381315
106 147 5.74039728180509
106 150 1.3678637646762946
106 154 0.39524576488418284
106 157 0.31087276734784464
106 159 6.098443893721313
106 161 1.1188843931916823
107 114 1.317242675399677
107 115 0.4145421312360298
107 118 4462920.385630531
107 122 8.54943103902952
107 125 6.421276734858893
107 131 16.98021129623911
107 135 2.494253749680649
107 139 0.6454215922309988
107 143 3.676859240496236
107 147 4.037904445595231
107 154 1249970.6070398716
107 158 0.4261160817496446
108 110 3.8258088282571823
108 113 0.9911255461607379
108 116 7.995482939847065
108 117 15.122797811954682
108 126 1.2085700557597818
108 129 3.9064383510956007
108 134 0.06556052151610757
108 135 2.292387358028486
108 137 0.47711131388773714
108 141 0.7733761917784003
108 142 0.05760020474642936
108 146 0.24343079638740364
108 148 1.4674217380908197
108 152 2.9611305596404485
108 158 0.12349939163724165
109 113 1.5050863526728977
109 115 4.840462305669047
109 117 5.704828506619189
109 119 2.9447931862572707
109 122 0.5193168271556031
109 125 1.6883207673026892
109 126 0.25005708044523217
109 131 2.6339368892174164
109 134 0.3328329607446386
109 135 0.3013268294156248
109 136 0.8865724449240481
109 141 1.528020626956669
109 143 2.142335207661262
109 146 1.4390447028561937
109 151 0.32634128375572047
109 153 1.5875585527637968
109 154 4.946580783526855
109 157 2.0635102921309594
110 111 2.2822634986282506
110 113 0.14366457908189817
110 117 25.63559619111117
110 118 20.6847891779034
110 122 1.9452852658708888
110 125 8.568525671907704
110 128 1.0279428673387607
110 129 0.9141376408186181
110 131 35.06610227351815
110 138 2.738792225841009
110 147 3.2334566561892415
110 152 16.168789469639346
110 153 7.836965348305208
110 159 0.25214690691637437
111 118 2.1405794250355936
111 133 0.6613733993412306
111 142 1.7740178761961058
111 153 1.3147441189321178
111 160 1.6429888802073278
111 161 0.6495443086387239
112 113 0.01818034965600912
112 115 3.092139149074313
112 117 4.417497127375151
112 118 4.10394902492791
112 124 0.01965543674583422
112 131 10.355314458455897
112 134 0.9900573472813902
112 136 1.143089911387476
112 137 1.2643398600746993
112 147 0.6326403827581655
112 150 0.7184831720475143
112 154 10.834668364159251
112 160 2.1777604013104406
113 116 1.8147287078574703
113 117 0.5944051770196228
113 118 1.2490380118158055
113 123 1.4043402409862047
113 125 2.5656219525615938
113 129 0.3903109691270133
113 131 4.264411150621634
113 133 0.6442193334732718
113 135 1.4768776428301245
113 138 3.2021885059958017
113 150 2.3238159474431854
113 151 0.5388313612250523
113 153 0.8931186244708998
113 158 1.1463791709385063
113 161 1.060641231212506
114 116 0.5008118586886068
114 117 0.7467716754744264
114 118 1.8934968467123547
114 125 2.187354407594729
114 128 0.8574257642238423
114 133 1.2295516765327432
114 138 0.05842347065644745
114 145 0.44184703688950866
114 146 0.1960005383111153
114 147 1.822518689710711
114 152 0.2741144563864192
114 158 1.1799298130276925
115 117 7.97075065452119
115 122 8.002438596053908
115 123 0.5233057995894587
115 126 0.6968446508644855
115 129 1.0151725823944513
115 131 6.440355324744807
115 132 1.726097055855127
115 133 11.194569709754472
115 135 5.03700446501905
115 137 1.0011171667202592
115 138 0.41535242336888983
115 141 2.0271627348818897
115 146 0.6939053479171712
115 151 1.5116097177595607
115 158 1.250728853223225
115 159 1.851030446580672
115 160 0.05175046994784507
116 125 1.5019008288529672
116 127 0.056798532082563004
116 129 1.1511524491700194
116 133 0.6803374178673782
116 134 2.4271458377909743
116 135 1.1374269298732427
116 142 1.3124011639544575
116 147 0.8636146166691712
116 150 0.09700610880659193
116 153 0.8124745616615168
116 157 1.6602787933530576
116 160 2.2473892943142335
117 125 0.31227578555149116
117 126 0.5552365268626753
117 130 2.256786901324506
117 131 1.952260276224013
117 133 29.9670533252774
117 134 0.26474667267876134
117 141 1.050393888378863
117 143 2.551377177652877
117 145 1.8561848270388006
117 147 1.5476502500667169
117 150 0.4593137536256071
117 151 3.298914554986074
117 152 21.404005622127727
117 154 70.84750236604697
117 156 1.340239175620456
117 159 1.948306013093521
118 122 1.120700225533935
118 134 2.8979897690158642
118 135 0.47399898948974284
118 136 1.7521604545263987
118 138 13.835686373206627
118 139 1.7747586120370198
118 141 5.727144921912227
118 145 0.30389958984702525
118 146 1.8760146172045133
118 149 0.2227005848471194
118 153 0.14929667610179995
118 154 232320765.29989448
118 155 5.431418395232834
118 157 1.054536045098014
118 158 0.22111259432694824
118 161 1.2845332385782704
119 128 1.322167697265107
119 129 1.0252971428170017
119 133 0.7676835906197175
119 134 0.1978063423729535
119 145 0.5082640486459676
119 146 0.18460866586254546
119 158 2.9836638665498714
120 129 3.895313939533342
120 143 0.2477018272455017
121 124 0.12392385024884726
121 152 0.6956426365182928
121 159 0.009310339554646852
122 125 2.0661318818595777
122 131 5.836528335491715
122 147 5.590347758870382
122 153 4.903960790482645
122 158 0.17048238127290802
122 159 2.76008842854936
123 131 1.372199130074855
124 131 0.17557685012925275
124 133 0.40196979474247246
124 160 0.5265198521564217
125 126 2.352901189962466
125 139 0.23471755234578573
125 149 0.3661215464084249
125 152 0.983236071660115
125 157 0.25708649240268727
125 158 0.04989578693235825
125 159 1.6478831585768985
125 161 0.9133813069602907
126 132 1.730235130287096
127 135 0.10644554850441089
127 138 1.3765926935332353
127 153 0.3018584512693528
127 158 0.15975066499795165
128 135 1.382953460556588
128 137 5.552748941134213
128 147 4.044337442108356
128 149 0.92161212924857
128 152 2.0921033034097056
128 154 0.5755499579576427
129 130 7.3715325332956345
129 131 7.302928517707698
129 134 0.9969091607083501
129 135 3.050371271467612
129 137 3.1614318284887855
129 139 0.7011927205404329
129 145 0.007322823379036823
129 148 3.5276883921355298
129 149 0.20285937245710897
129 154 4.507460045053799
129 155 2.1358805971343484
129 159 0.06251654067380848
129 160 0.33570815396757014
129 161 1.6918621536857101
130 134 2.0741166863824927
130 146 0.63533833136769
130 154 2.6102423943145414
131 133 327.9276921220115
131 136 1.9122242206387214
131 141 9.160718826985164
131 142 2.478507502340146
131 151 0.8903079620979601
131 152 10.959671363826931
131 154 86.53755054098426
132 134 2.622805217816832
132 136 1.303461584802089
132 137 4.710357980983921
132 159 1.9378000298431641
132 161 0.5717317872299335
133 134 4.892604230763097
133 137 4337009.293013641
133 138 5.864066418638645
133 140 0.3374992426260135
133 141 12.66485505644432
133 145 1.9947823215996885
133 146 4.471094561867133
133 150 4.425747170498403
133 157 2.3173402233276175
133 159 3.4440969526049043
133 160 1.5631251941731377
134 135 0.029816279378011627
134 137 0.05713860103009808
134 138 0.5151261239586623
134 147 1.7669605269541246
134 153 0.1132085856084762
134 157 0.5082000933610468
134 159 0.25256944890261257
134 160 0.18688826880439185
135 138 0.8948341886896106
135 141 3.3552519480918828
135 143 2.8422988058829395
135 149 1.3064559098237098
135 150 0.5495516977728699
135 152 4.53573272266607
135 159 1.2722354074489348
136 141 0.9095608480447823
136 142 0.8646944266851496
136 149 1.204836890483611
136 153 3.8191446396621522
136 154 1.3664353211033284
137 141 5.600745291419627
137 144 2.381434104343074
137 146 2.0376702089028553
137 148 3.144197374700429
137 149 1.0362154995783983
137 150 0.7610959792959926
137 151 2.8286397226174187
137 154 4365276.048426254
137 158 0.4418634961064793
137 159 0.25947967067947275
137 161 4.74838380613825
138 139 0.20210475931710334
138 141 1.3912853451622489
138 143 0.8783652049509655
138 145 2.0144092119195114
138 151 0.6631161990141734
138 152 1.2550626604790345
138 157 0.3457290900506215
138 159 0.6556144315060881
138 160 0.03876171995473927
139 140 1.8454809974308446
139 144 1.531345364416185
139 151 0.6189530250292289
139 153 0.8535422156905785
139 157 0.30647734047607655
141 142 0.07239301672510547
141 147 4.123788779245514
141 152 0.4993359232761543
141 154 0.3277035935232582
141 158 0.2779875245827703
141 159 1.7956257270492693
141 161 0.3849307795166237
142 148 2.879992790412259
142 156 0.13830089310601063
142 157 1.411331126978785
142 160 0.22612080558910513
142 161 2.312009092069773
143 146 0.7639446807758948
143 159 0.8307032210977485
144 154 6.483488968774785
145 151 0.8131333942231024
145 159 1.3693717718957497
145 161 0.08791925683503564
146 148 0.45824454746516546
146 150 1.1609948631946463
146 153 4.012636078462818
146 159 1.6470325064350622
146 161 1.0041598567886338
147 149 1.1694140092182697
147 152 8.524840572244356
147 153 1.1951547384263188
147 154 1.4875768347949014
147 156 0.7453866746472115
147 157 0.1720769993618408
148 153 0.21497496596588794
148 161 10.418069054539533
149 150 0.25304604310294
149 152 0.6430860315600685
149 153 0.6178140152255067
149 157 0.6780807912827624
150 151 0.086142427469222
150 154 1.4914311450717015
150 158 0.20341389567506568
150 161 1.5058771097535886
152 153 4.882584165533809
152 155 7.907939216776091
152 160 5.147371401555063
153 157 2.076007282391237
153 159 2.7370177046522137
154 155 9.487158943906017
154 157 0.25380037175693754
155 161 7.512254161199678
156 158 0.4204917706007204
157 158 0.39263843825949735
157 160 1.7275995614160264
157 161 2.4271335153817697
158 161 0.5874839211233482
159 160 1.0273983019470503
