0 1
0 2
0 4
0 6
0 7
0 11
0 14
0 23
0 25
0 26
0 30
0 32
0 34
0 37
0 40
0 44
0 47
0 50
0 52
0 56
0 58
0 62
0 65
0 66
0 68
0 69
0 70
0 71
0 72
0 74
0 75
0 77
0 79
0 81
0 83
0 85
0 88
0 89
0 91
0 94
0 97
0 101
0 102
0 106
0 108
0 111
0 114
0 115
0 117
0 118
0 121
0 130
0 131
0 132
0 135
0 137
0 138
0 139
0 140
0 141
0 142
0 146
0 147
0 149
0 150
0 152
0 153
0 154
0 157
0 158
0 160
0 161
1 2
1 3
1 4
1 6
1 9
1 11
1 14
1 16
1 18
1 19
1 21
1 25
1 26
1 28
1 31
1 32
1 34
1 35
1 36
1 38
1 39
1 40
1 43
1 44
1 45
1 46
1 49
1 50
1 51
1 53
1 54
1 55
1 56
1 58
1 59
1 62
1 64
1 65
1 66
1 67
1 68
1 69
1 70
1 72
1 73
1 74
1 75
1 77
1 80
1 83
1 84
1 86
1 87
1 89
1 91
1 93
1 94
1 99
1 100
1 101
1 102
1 105
1 106
1 113
1 114
1 115
1 117
1 118
1 126
1 131
1 138
1 141
1 142
1 143
1 146
1 150
1 152
1 153
1 154
1 155
1 160
2 6
2 8
2 10
2 11
2 14
2 15
2 16
2 20
2 22
2 25
2 26
2 29
2 32
2 38
2 40
2 44
2 46
2 51
2 52
2 58
2 61
2 64
2 67
2 71
2 76
2 77
2 79
2 82
2 89
2 90
2 94
2 99
2 101
2 102
2 103
2 105
2 106
2 112
2 113
2 116
2 118
2 125
2 126
2 128
2 129
2 134
2 137
2 142
2 145
2 146
2 147
2 148
2 150
2 151
2 152
2 153
2 154
2 157
2 158
2 159
2 160
3 4
3 7
3 10
3 12
3 15
3 18
3 21
3 24
3 25
3 27
3 30
3 34
3 36
3 40
3 53
3 56
3 61
3 65
3 68
3 69
3 70
3 71
3 72
3 73
3 74
3 84
3 90
3 93
3 97
3 99
3 100
3 101
3 103
3 106
3 108
3 109
3 112
3 115
3 116
3 117
3 120
3 121
3 125
3 131
3 133
3 137
3 138
3 139
3 141
3 142
3 152
4 5
4 6
4 7
4 8
4 10
4 13
4 14
4 18
4 19
4 20
4 21
4 23
4 24
4 26
4 27
4 30
4 31
4 32
4 33
4 34
4 35
4 36
4 37
4 38
4 40
4 42
4 43
4 44
4 46
4 48
4 49
4 51
4 52
4 54
4 55
4 56
4 59
4 61
4 63
4 64
4 65
4 66
4 67
4 69
4 70
4 71
4 72
4 73
4 74
4 75
4 76
4 77
4 79
4 80
4 81
4 83
4 84
4 85
4 86
4 87
4 88
4 89
4 90
4 91
4 92
4 93
4 94
4 95
4 97
4 101
4 103
4 104
4 106
4 107
4 108
4 109
4 113
4 114
4 115
4 116
4 117
4 118
4 119
4 120
4 121
4 124
4 125
4 126
4 127
4 128
4 129
4 131
4 133
4 134
4 135
4 137
4 138
4 139
4 140
4 142
4 143
4 145
4 147
4 149
4 151
4 152
4 154
4 155
4 157
4 158
4 161
5 7
5 9
5 10
5 18
5 25
5 26
5 30
5 38
5 42
5 46
5 49
5 51
5 54
5 59
5 60
5 61
5 72
5 74
5 77
5 79
5 82
5 84
5 85
5 89
5 91
5 94
5 97
5 101
5 108
5 109
5 115
5 116
5 118
5 119
5 121
5 122
5 126
5 129
5 130
5 133
5 134
5 138
5 141
5 142
5 143
5 145
5 147
5 150
5 151
5 154
5 158
5 161
6 7
6 8
6 10
6 11
6 12
6 13
6 14
6 15
6 16
6 18
6 19
6 20
6 21
6 23
6 24
6 25
6 29
6 30
6 31
6 34
6 37
6 39
6 40
6 43
6 44
6 45
6 46
6 48
6 49
6 50
6 51
6 53
6 54
6 55
6 56
6 57
6 58
6 63
6 65
6 66
6 67
6 68
6 69
6 70
6 71
6 73
6 75
6 76
6 77
6 79
6 80
6 81
6 82
6 84
6 86
6 87
6 88
6 89
6 92
6 93
6 94
6 95
6 96
6 97
6 98
6 100
6 101
6 102
6 105
6 106
6 107
6 108
6 109
6 110
6 111
6 112
6 113
6 114
6 116
6 117
6 118
6 122
6 123
6 125
6 127
6 128
6 129
6 130
6 131
6 133
6 134
6 135
6 136
6 137
6 138
6 140
6 142
6 146
6 147
6 150
6 151
6 152
6 153
6 154
6 155
6 157
6 158
6 159
6 160
6 161
7 10
7 11
7 12
7 13
7 14
7 15
7 16
7 17
7 19
7 20
7 22
7 24
7 25
7 26
7 27
7 30
7 31
7 32
7 34
7 35
7 36
7 37
7 38
7 39
7 40
7 41
7 42
7 43
7 44
7 45
7 46
7 47
7 49
7 50
7 51
7 54
7 55
7 56
7 57
7 58
7 62
7 63
7 64
7 65
7 66
7 67
7 68
7 69
7 70
7 71
7 72
7 74
7 75
7 76
7 77
7 78
7 79
7 80
7 81
7 82
7 83
7 84
7 86
7 87
7 89
7 90
7 91
7 92
7 93
7 94
7 95
7 97
7 98
7 100
7 101
7 102
7 103
7 105
7 106
7 108
7 109
7 110
7 111
7 112
7 113
7 114
7 115
7 117
7 118
7 119
7 123
7 124
7 125
7 126
7 129
7 130
7 131
7 132
7 133
7 137
7 138
7 139
7 140
7 141
7 142
7 143
7 145
7 147
7 148
7 149
7 150
7 151
7 153
7 154
7 156
7 158
7 159
7 160
7 161
8 14
8 16
8 19
8 26
8 28
8 31
8 37
8 38
8 40
8 45
8 49
8 51
8 54
8 65
8 67
8 69
8 70
8 71
8 72
8 77
8 79
8 84
8 86
8 89
8 91
8 93
8 94
8 96
8 99
8 102
8 106
8 112
8 114
8 115
8 123
8 125
8 131
8 138
8 139
8 142
8 143
8 145
8 150
8 151
8 152
8 155
8 158
8 161
9 11
9 14
9 15
9 18
9 19
9 20
9 23
9 24
9 26
9 29
9 30
9 35
9 38
9 40
9 41
9 45
9 48
9 49
9 52
9 54
9 55
9 56
9 57
9 58
9 61
9 62
9 63
9 64
9 65
9 66
9 67
9 68
9 69
9 70
9 72
9 74
9 75
9 77
9 79
9 80
9 85
9 87
9 89
9 92
9 94
9 95
9 96
9 97
9 101
9 105
9 107
9 108
9 109
9 112
9 115
9 116
9 117
9 119
9 121
9 126
9 129
9 132
9 133
9 134
9 135
9 137
9 138
9 142
9 145
9 147
9 148
9 150
9 152
9 154
9 157
9 159
10 12
10 13
10 14
10 20
10 31
10 32
10 35
10 36
10 38
10 40
10 43
10 45
10 47
10 48
10 49
10 52
10 54
10 55
10 63
10 65
10 67
10 68
10 70
10 71
10 72
10 73
10 74
10 75
10 76
10 77
10 86
10 87
10 88
10 91
10 92
10 93
10 94
10 97
10 98
10 99
10 104
10 105
10 106
10 107
10 109
10 111
10 114
10 115
10 116
10 120
10 123
10 125
10 129
10 131
10 133
10 135
10 136
10 137
10 138
10 141
10 143
10 144
10 147
10 149
10 152
10 153
10 154
10 157
10 158
10 159
10 161
11 12
11 15
11 18
11 19
11 21
11 22
11 24
11 25
11 26
11 28
11 29
11 31
11 32
11 33
11 37
11 38
11 41
11 42
11 43
11 45
11 46
11 49
11 50
11 51
11 52
11 54
11 56
11 58
11 59
11 61
11 64
11 65
11 66
11 67
11 68
11 70
11 71
11 72
11 74
11 75
11 78
11 79
11 80
11 81
11 83
11 84
11 85
11 86
11 89
11 90
11 94
11 95
11 96
11 98
11 99
11 100
11 101
11 102
11 103
11 104
11 105
11 106
11 107
11 108
11 109
11 112
11 114
11 115
11 117
11 118
11 119
11 120
11 121
11 125
11 126
11 127
11 128
11 129
11 130
11 131
11 133
11 134
11 135
11 136
11 137
11 138
11 140
11 141
11 142
11 145
11 146
11 147
11 150
11 151
11 152
11 153
11 154
11 155
11 156
11 157
11 158
11 159
12 19
12 23
12 25
12 26
12 30
12 31
12 32
12 35
12 36
12 37
12 43
12 45
12 47
12 49
12 50
12 51
12 54
12 56
12 62
12 63
12 64
12 65
12 67
12 68
12 72
12 73
12 74
12 77
12 78
12 80
12 81
12 84
12 86
12 90
12 93
12 94
12 97
12 99
12 101
12 102
12 107
12 108
12 109
12 113
12 115
12 117
12 118
12 126
12 127
12 129
12 130
12 131
12 133
12 136
12 137
12 138
12 139
12 142
12 144
12 146
12 149
12 151
12 152
12 154
12 158
12 160
12 161
13 14
13 15
13 17
13 19
13 21
13 24
13 26
13 30
13 31
13 34
13 39
13 40
13 42
13 44
13 45
13 49
13 50
13 51
13 54
13 56
13 58
13 59
13 61
13 63
13 64
13 65
13 67
13 68
13 70
13 71
13 72
13 73
13 77
13 78
13 79
13 80
13 83
13 88
13 89
13 90
13 94
13 97
13 98
13 99
13 101
13 103
13 105
13 107
13 109
13 112
13 113
13 114
13 115
13 118
13 120
13 125
13 128
13 129
13 130
13 131
13 132
13 133
13 134
13 136
13 137
13 142
13 145
13 146
13 147
13 149
13 150
13 151
13 152
13 153
13 154
13 157
13 158
13 161
14 15
14 17
14 18
14 19
14 21
14 22
14 23
14 24
14 25
14 26
14 27
14 28
14 29
14 30
14 31
14 34
14 35
14 36
14 39
14 40
14 42
14 44
14 45
14 46
14 47
14 49
14 50
14 51
14 52
14 53
14 54
14 55
14 56
14 57
14 59
14 62
14 65
14 66
14 67
14 68
14 69
14 70
14 71
14 72
14 73
14 74
14 75
14 76
14 77
14 79
14 82
14 84
14 85
14 86
14 87
14 89
14 91
14 92
14 93
14 94
14 95
14 96
14 97
14 99
14 101
14 103
14 106
14 108
14 109
14 111
14 112
14 113
14 114
14 115
14 116
14 118
14 121
14 122
14 123
14 124
14 125
14 126
14 127
14 128
14 129
14 130
14 131
14 132
14 133
14 134
14 135
14 136
14 137
14 138
14 139
14 140
14 141
14 142
14 143
14 144
14 145
14 146
14 147
14 149
14 150
14 151
14 152
14 153
14 155
14 157
14 158
14 159
14 160
15 20
15 21
15 25
15 28
15 31
15 32
15 35
15 37
15 39
15 40
15 44
15 45
15 49
15 54
15 55
15 58
15 61
15 63
15 64
15 65
15 66
15 67
15 68
15 71
15 74
15 77
15 79
15 84
15 86
15 88
15 91
15 94
15 95
15 99
15 102
15 103
15 106
15 108
15 109
15 113
15 115
15 117
15 121
15 127
15 129
15 130
15 133
15 134
15 137
15 142
15 146
15 147
15 154
15 158
15 161
16 19
16 21
16 22
16 30
16 31
16 33
16 35
16 38
16 40
16 42
16 45
16 50
16 51
16 52
16 54
16 55
16 61
16 65
16 68
16 70
16 71
16 72
16 73
16 77
16 80
16 87
16 90
16 93
16 98
16 99
16 101
16 102
16 106
16 107
16 112
16 113
16 126
16 129
16 131
16 133
16 134
16 135
16 136
16 139
16 142
16 145
16 150
16 151
16 154
16 159
16 160
16 161
17 28
17 29
17 31
17 45
17 49
17 54
17 67
17 68
17 69
17 74
17 75
17 83
17 89
17 101
17 108
17 112
17 113
17 119
17 126
17 133
17 139
17 141
17 142
17 147
17 150
17 152
17 153
17 154
17 157
17 158
18 19
18 21
18 25
18 26
18 28
18 32
18 35
18 36
18 40
18 43
18 45
18 46
18 51
18 53
18 54
18 57
18 58
18 63
18 64
18 66
18 67
18 68
18 71
18 73
18 74
18 75
18 79
18 80
18 84
18 85
18 89
18 92
18 93
18 94
18 97
18 99
18 101
18 102
18 104
18 105
18 107
18 108
18 114
18 115
18 116
18 118
18 121
18 125
18 126
18 127
18 130
18 131
18 134
18 136
18 137
18 139
18 140
18 141
18 142
18 146
18 147
18 150
18 151
18 152
18 158
18 160
18 161
19 20
19 21
19 22
19 23
19 25
19 26
19 27
19 28
19 29
19 30
19 31
19 32
19 33
19 34
19 36
19 37
19 38
19 40
19 43
19 44
19 45
19 48
19 49
19 50
19 51
19 52
19 53
19 54
19 55
19 56
19 58
19 59
19 60
19 61
19 64
19 65
19 66
19 67
19 68
19 69
19 70
19 71
19 72
19 74
19 75
19 77
19 79
19 80
19 83
19 84
19 85
19 86
19 87
19 88
19 89
19 90
19 91
19 92
19 93
19 95
19 96
19 97
19 98
19 99
19 101
19 102
19 103
19 104
19 105
19 106
19 107
19 108
19 109
19 110
19 111
19 112
19 113
19 114
19 115
19 116
19 117
19 118
19 120
19 121
19 124
19 125
19 126
19 128
19 129
19 130
19 131
19 133
19 134
19 135
19 136
19 137
19 138
19 139
19 141
19 142
19 143
19 145
19 146
19 147
19 148
19 149
19 150
19 151
19 152
19 153
19 154
19 155
19 158
19 159
19 161
20 23
20 25
20 26
20 29
20 32
20 35
20 37
20 38
20 54
20 55
20 58
20 64
20 66
20 67
20 71
20 74
20 75
20 83
20 86
20 87
20 89
20 94
20 101
20 102
20 104
20 105
20 106
20 107
20 109
20 111
20 112
20 115
20 116
20 118
20 121
20 127
20 129
20 130
20 137
20 142
20 143
20 147
20 151
20 152
20 154
20 157
20 159
20 160
21 22
21 24
21 25
21 26
21 30
21 31
21 32
21 35
21 36
21 37
21 38
21 39
21 40
21 42
21 43
21 45
21 46
21 47
21 48
21 49
21 50
21 52
21 54
21 55
21 57
21 62
21 63
21 64
21 65
21 66
21 67
21 68
21 69
21 70
21 73
21 74
21 75
21 77
21 78
21 79
21 82
21 84
21 85
21 86
21 87
21 88
21 89
21 90
21 91
21 92
21 93
21 95
21 97
21 99
21 102
21 103
21 104
21 105
21 106
21 107
21 108
21 109
21 113
21 114
21 115
21 116
21 117
21 118
21 125
21 126
21 127
21 128
21 129
21 130
21 131
21 132
21 133
21 134
21 135
21 136
21 137
21 138
21 142
21 147
21 148
21 152
21 153
21 154
21 157
21 158
21 159
21 160
22 24
22 33
22 39
22 43
22 45
22 49
22 51
22 52
22 54
22 59
22 63
22 65
22 66
22 67
22 70
22 72
22 79
22 88
22 93
22 94
22 96
22 100
22 102
22 106
22 107
22 112
22 118
22 125
22 129
22 131
22 133
22 134
22 135
22 136
22 137
22 138
22 139
22 147
22 151
22 152
22 157
22 160
23 24
23 25
23 30
23 31
23 37
23 38
23 40
23 42
23 44
23 45
23 48
23 52
23 54
23 57
23 60
23 64
23 67
23 68
23 71
23 74
23 75
23 80
23 82
23 84
23 86
23 87
23 89
23 92
23 93
23 94
23 98
23 102
23 104
23 105
23 106
23 108
23 109
23 113
23 114
23 115
23 116
23 118
23 125
23 126
23 129
23 131
23 133
23 137
23 141
23 146
23 147
23 154
23 155
23 157
23 158
23 160
24 26
24 27
24 31
24 32
24 34
24 35
24 37
24 38
24 40
24 41
24 42
24 46
24 47
24 49
24 50
24 52
24 54
24 56
24 60
24 63
24 64
24 65
24 66
24 67
24 69
24 70
24 71
24 72
24 74
24 77
24 79
24 84
24 85
24 86
24 88
24 91
24 93
24 94
24 95
24 99
24 101
24 102
24 105
24 106
24 107
24 108
24 110
24 111
24 112
24 113
24 114
24 115
24 117
24 118
24 120
24 123
24 131
24 133
24 134
24 138
24 141
24 145
24 146
24 148
24 149
24 150
24 151
24 152
24 154
24 159
24 160
25 31
25 32
25 37
25 38
25 40
25 42
25 44
25 45
25 46
25 50
25 51
25 52
25 53
25 54
25 55
25 56
25 58
25 60
25 61
25 63
25 64
25 66
25 68
25 69
25 70
25 71
25 74
25 75
25 78
25 79
25 82
25 83
25 84
25 85
25 87
25 89
25 93
25 94
25 96
25 97
25 99
25 100
25 101
25 102
25 103
25 105
25 106
25 107
25 108
25 111
25 112
25 115
25 116
25 117
25 119
25 120
25 128
25 130
25 131
25 133
25 134
25 142
25 146
25 147
25 149
25 150
25 153
25 158
26 28
26 30
26 31
26 32
26 33
26 34
26 36
26 37
26 38
26 39
26 40
26 42
26 43
26 45
26 46
26 47
26 49
26 50
26 51
26 52
26 53
26 54
26 55
26 58
26 61
26 62
26 63
26 64
26 65
26 66
26 67
26 69
26 70
26 71
26 74
26 76
26 77
26 79
26 80
26 82
26 83
26 84
26 85
26 86
26 87
26 88
26 89
26 90
26 94
26 95
26 96
26 97
26 98
26 100
26 101
26 102
26 104
26 106
26 107
26 108
26 110
26 111
26 112
26 113
26 114
26 115
26 116
26 117
26 118
26 119
26 120
26 125
26 127
26 128
26 129
26 130
26 131
26 132
26 133
26 135
26 137
26 138
26 139
26 141
26 143
26 145
26 146
26 147
26 148
26 149
26 152
26 153
26 154
26 155
26 156
26 157
26 158
26 161
27 31
27 32
27 40
27 45
27 51
27 64
27 68
27 71
27 74
27 77
27 78
27 79
27 80
27 88
27 94
27 97
27 99
27 101
27 107
27 126
27 133
27 134
27 137
27 141
27 147
27 148
27 154
28 30
28 31
28 36
28 37
28 38
28 42
28 49
28 51
28 52
28 54
28 56
28 59
28 62
28 64
28 65
28 66
28 68
28 71
28 74
28 77
28 79
28 82
28 84
28 87
28 89
28 93
28 94
28 100
28 101
28 104
28 105
28 106
28 109
28 114
28 115
28 118
28 126
28 130
28 133
28 137
28 138
28 142
28 146
28 147
28 148
28 150
28 152
28 153
29 32
29 38
29 40
29 47
29 54
29 56
29 58
29 66
29 67
29 69
29 72
29 73
29 74
29 81
29 83
29 96
29 97
29 98
29 99
29 100
29 102
29 113
29 114
29 115
29 121
29 125
29 134
29 138
29 139
29 147
29 150
29 151
29 152
29 154
29 155
29 157
29 158
29 161
30 31
30 32
30 33
30 34
30 35
30 36
30 37
30 38
30 40
30 43
30 44
30 45
30 46
30 49
30 50
30 52
30 53
30 54
30 56
30 57
30 58
30 59
30 60
30 64
30 65
30 66
30 68
30 69
30 70
30 71
30 72
30 73
30 74
30 75
30 76
30 77
30 79
30 80
30 81
30 82
30 86
30 88
30 89
30 91
30 93
30 94
30 95
30 96
30 97
30 98
30 99
30 100
30 101
30 102
30 103
30 106
30 107
30 109
30 113
30 114
30 115
30 116
30 117
30 118
30 121
30 126
30 127
30 131
30 133
30 134
30 136
30 137
30 138
30 139
30 141
30 142
30 143
30 144
30 146
30 147
30 149
30 150
30 151
30 152
30 153
30 154
30 155
30 157
30 158
30 161
31 32
31 35
31 36
31 37
31 38
31 40
31 43
31 44
31 45
31 46
31 49
31 50
31 51
31 54
31 56
31 57
31 58
31 59
31 63
31 64
31 65
31 66
31 67
31 68
31 69
31 70
31 71
31 72
31 73
31 74
31 76
31 77
31 78
31 79
31 80
31 81
31 82
31 83
31 84
31 85
31 86
31 88
31 89
31 90
31 91
31 93
31 94
31 95
31 98
31 99
31 100
31 101
31 102
31 105
31 106
31 107
31 108
31 109
31 111
31 112
31 113
31 114
31 115
31 116
31 117
31 118
31 119
31 125
31 126
31 129
31 130
31 131
31 132
31 133
31 134
31 135
31 136
31 137
31 138
31 139
31 141
31 142
31 143
31 144
31 145
31 146
31 147
31 149
31 150
31 151
31 152
31 153
31 154
31 155
31 157
31 158
31 160
31 161
32 33
32 34
32 36
32 37
32 38
32 40
32 42
32 49
32 51
32 52
32 54
32 55
32 56
32 57
32 58
32 61
32 64
32 65
32 66
32 67
32 68
32 70
32 72
32 74
32 76
32 77
32 79
32 80
32 81
32 83
32 86
32 88
32 89
32 90
32 92
32 94
32 96
32 97
32 99
32 101
32 102
32 103
32 104
32 105
32 106
32 108
32 109
32 110
32 111
32 112
32 113
32 114
32 115
32 116
32 117
32 118
32 121
32 125
32 127
32 128
32 130
32 131
32 133
32 134
32 137
32 138
32 139
32 140
32 141
32 142
32 145
32 146
32 147
32 149
32 150
32 151
32 154
32 157
32 158
32 160
33 35
33 36
33 37
33 39
33 40
33 41
33 44
33 45
33 50
33 51
33 55
33 59
33 63
33 66
33 68
33 69
33 70
33 71
33 75
33 76
33 77
33 80
33 84
33 91
33 94
33 95
33 99
33 102
33 106
33 108
33 110
33 112
33 115
33 118
33 119
33 123
33 125
33 126
33 130
33 131
33 133
33 134
33 136
33 137
33 138
33 142
33 147
33 149
33 152
33 153
33 154
33 157
33 158
34 35
34 40
34 42
34 43
34 45
34 50
34 51
34 53
34 54
34 55
34 56
34 59
34 63
34 65
34 68
34 70
34 71
34 72
34 73
34 75
34 77
34 79
34 80
34 86
34 87
34 89
34 93
34 97
34 98
34 102
34 103
34 106
34 107
34 108
34 113
34 115
34 122
34 126
34 128
34 129
34 131
34 133
34 134
34 135
34 137
34 138
34 142
34 146
34 147
34 149
34 150
34 151
34 152
34 156
34 161
35 36
35 37
35 38
35 40
35 44
35 45
35 48
35 50
35 51
35 53
35 55
35 58
35 61
35 64
35 65
35 67
35 68
35 69
35 70
35 72
35 74
35 75
35 76
35 77
35 80
35 83
35 84
35 87
35 88
35 89
35 90
35 92
35 94
35 96
35 97
35 101
35 103
35 106
35 108
35 110
35 111
35 112
35 113
35 114
35 115
35 116
35 117
35 118
35 119
35 122
35 125
35 130
35 131
35 133
35 134
35 135
35 138
35 140
35 143
35 147
35 149
35 150
35 151
35 152
35 154
35 156
35 157
35 158
35 160
35 161
36 40
36 41
36 43
36 44
36 45
36 48
36 49
36 50
36 51
36 55
36 56
36 58
36 61
36 64
36 65
36 67
36 68
36 69
36 70
36 71
36 73
36 74
36 75
36 76
36 77
36 79
36 82
36 83
36 84
36 85
36 86
36 87
36 89
36 93
36 97
36 99
36 101
36 106
36 108
36 111
36 112
36 113
36 114
36 115
36 117
36 120
36 121
36 123
36 124
36 129
36 130
36 131
36 133
36 134
36 135
36 137
36 138
36 141
36 143
36 145
36 146
36 147
36 151
36 152
36 153
36 154
36 157
36 158
36 160
36 161
37 38
37 39
37 40
37 42
37 43
37 44
37 45
37 49
37 50
37 52
37 53
37 54
37 55
37 56
37 61
37 63
37 65
37 66
37 67
37 69
37 70
37 71
37 74
37 79
37 80
37 84
37 85
37 86
37 87
37 91
37 93
37 94
37 96
37 102
37 106
37 108
37 109
37 112
37 113
37 114
37 115
37 117
37 122
37 123
37 124
37 125
37 126
37 131
37 133
37 134
37 135
37 137
37 138
37 142
37 147
37 148
37 149
37 152
37 153
37 154
37 157
37 158
37 159
37 160
37 161
38 39
38 40
38 41
38 42
38 44
38 45
38 47
38 49
38 50
38 52
38 53
38 54
38 55
38 56
38 57
38 58
38 62
38 63
38 64
38 65
38 66
38 67
38 69
38 71
38 72
38 73
38 75
38 76
38 77
38 78
38 79
38 80
38 82
38 83
38 84
38 85
38 86
38 87
38 88
38 89
38 91
38 93
38 94
38 97
38 98
38 100
38 101
38 102
38 104
38 105
38 106
38 108
38 109
38 111
38 112
38 113
38 114
38 115
38 116
38 123
38 124
38 125
38 128
38 129
38 133
38 134
38 137
38 138
38 139
38 141
38 142
38 146
38 147
38 149
38 150
38 151
38 152
38 153
38 154
38 158
38 159
38 160
38 161
39 40
39 41
39 43
39 44
39 45
39 46
39 47
39 49
39 50
39 53
39 54
39 56
39 61
39 64
39 65
39 66
39 68
39 69
39 70
39 71
39 72
39 73
39 74
39 75
39 77
39 79
39 85
39 87
39 92
39 94
39 97
39 99
39 101
39 103
39 105
39 107
39 108
39 109
39 113
39 115
39 125
39 127
39 129
39 131
39 134
39 137
39 138
39 142
39 146
39 150
39 153
39 154
39 156
39 157
39 158
39 160
40 41
40 42
40 45
40 46
40 47
40 49
40 50
40 51
40 52
40 54
40 55
40 56
40 57
40 59
40 60
40 61
40 63
40 64
40 65
40 66
40 67
40 68
40 69
40 70
40 71
40 72
40 73
40 74
40 75
40 76
40 77
40 78
40 79
40 80
40 83
40 86
40 89
40 90
40 93
40 94
40 95
40 96
40 97
40 98
40 99
40 100
40 102
40 103
40 105
40 106
40 107
40 108
40 109
40 110
40 112
40 113
40 114
40 115
40 116
40 118
40 119
40 120
40 121
40 123
40 124
40 125
40 126
40 127
40 128
40 129
40 130
40 131
40 133
40 134
40 136
40 137
40 138
40 139
40 140
40 141
40 142
40 143
40 146
40 147
40 149
40 150
40 151
40 152
40 153
40 154
40 158
40 159
40 160
40 161
41 44
41 50
41 54
41 56
41 62
41 64
41 66
41 67
41 68
41 70
41 72
41 73
41 81
41 86
41 87
41 94
41 95
41 103
41 105
41 108
41 111
41 113
41 115
41 117
41 125
41 130
41 131
41 138
41 146
41 147
41 148
41 155
41 161
42 45
42 49
42 51
42 52
42 54
42 55
42 56
42 57
42 59
42 60
42 61
42 66
42 70
42 71
42 72
42 77
42 79
42 80
42 81
42 85
42 86
42 87
42 88
42 91
42 94
42 95
42 97
42 101
42 105
42 106
42 107
42 108
42 109
42 112
42 115
42 116
42 123
42 125
42 128
42 131
42 133
42 134
42 137
42 138
42 139
42 142
42 143
42 147
42 149
42 150
42 151
42 152
42 154
42 160
43 45
43 46
43 49
43 51
43 53
43 54
43 55
43 58
43 60
43 63
43 65
43 66
43 67
43 68
43 69
43 70
43 73
43 74
43 75
43 77
43 83
43 86
43 87
43 94
43 100
43 104
43 105
43 106
43 108
43 109
43 110
43 111
43 113
43 114
43 115
43 116
43 117
43 119
43 121
43 128
43 130
43 131
43 133
43 134
43 135
43 136
43 137
43 138
43 139
43 142
43 145
43 147
43 152
43 153
43 154
44 45
44 46
44 49
44 51
44 52
44 54
44 55
44 56
44 58
44 59
44 63
44 64
44 66
44 67
44 68
44 69
44 70
44 71
44 72
44 73
44 74
44 75
44 76
44 77
44 79
44 80
44 82
44 83
44 86
44 87
44 88
44 89
44 90
44 91
44 92
44 94
44 99
44 101
44 104
44 105
44 106
44 109
44 110
44 112
44 113
44 114
44 116
44 118
44 120
44 126
44 129
44 130
44 131
44 132
44 133
44 135
44 137
44 138
44 141
44 142
44 145
44 146
44 147
44 150
44 151
44 152
44 154
44 155
44 156
44 157
44 158
45 46
45 47
45 48
45 49
45 50
45 51
45 52
45 53
45 54
45 55
45 58
45 59
45 63
45 65
45 66
45 67
45 68
45 69
45 70
45 71
45 72
45 74
45 75
45 77
45 81
45 82
45 83
45 84
45 85
45 86
45 87
45 88
45 89
45 90
45 91
45 92
45 93
45 94
45 95
45 96
45 99
45 100
45 101
45 102
45 105
45 106
45 107
45 108
45 110
45 112
45 113
45 115
45 116
45 117
45 118
45 119
45 120
45 122
45 125
45 126
45 128
45 129
45 130
45 131
45 133
45 134
45 136
45 137
45 138
45 139
45 141
45 142
45 143
45 146
45 147
45 148
45 150
45 151
45 152
45 153
45 154
45 155
45 156
45 157
45 158
45 159
45 160
45 161
46 49
46 50
46 53
46 54
46 55
46 56
46 57
46 64
46 65
46 66
46 67
46 68
46 69
46 70
46 72
46 73
46 74
46 76
46 77
46 79
46 80
46 84
46 86
46 88
46 89
46 94
46 97
46 99
46 100
46 101
46 102
46 110
46 112
46 113
46 114
46 115
46 116
46 117
46 118
46 124
46 125
46 126
46 127
46 133
46 134
46 137
46 138
46 140
46 141
46 142
46 146
46 147
46 149
46 150
46 151
46 152
46 153
46 154
46 157
46 158
46 160
46 161
47 49
47 51
47 58
47 64
47 66
47 68
47 70
47 72
47 73
47 74
47 79
47 82
47 92
47 93
47 98
47 99
47 102
47 103
47 108
47 115
47 116
47 118
47 125
47 129
47 133
47 134
47 138
47 145
47 149
47 151
47 158
47 160
47 161
48 49
48 56
48 57
48 63
48 64
48 67
48 70
48 72
48 76
48 89
48 90
48 94
48 98
48 101
48 104
48 108
48 109
48 112
48 113
48 131
48 134
48 138
48 142
48 145
48 147
48 154
48 158
48 160
48 161
49 51
49 52
49 54
49 55
49 56
49 57
49 59
49 60
49 62
49 63
49 64
49 65
49 66
49 67
49 69
49 70
49 71
49 72
49 74
49 76
49 77
49 79
49 83
49 84
49 86
49 87
49 89
49 91
49 92
49 93
49 96
49 99
49 100
49 101
49 102
49 103
49 105
49 107
49 109
49 110
49 112
49 113
49 114
49 115
49 116
49 118
49 119
49 121
49 122
49 125
49 126
49 127
49 128
49 129
49 130
49 133
49 134
49 137
49 138
49 139
49 140
49 141
49 142
49 143
49 145
49 146
49 151
49 152
49 153
49 154
49 155
49 157
49 158
49 159
49 160
49 161
50 51
50 54
50 55
50 56
50 57
50 61
50 62
50 65
50 67
50 68
50 69
50 71
50 72
50 73
50 74
50 75
50 76
50 77
50 79
50 80
50 81
50 86
50 87
50 93
50 94
50 98
50 101
50 102
50 103
50 107
50 108
50 109
50 110
50 112
50 114
50 115
50 116
50 125
50 126
50 127
50 129
50 130
50 131
50 134
50 135
50 136
50 137
50 138
50 142
50 143
50 146
50 147
50 151
50 152
50 153
50 154
50 157
50 158
50 160
51 52
51 53
51 54
51 55
51 56
51 57
51 59
51 61
51 63
51 64
51 65
51 66
51 67
51 68
51 69
51 70
51 71
51 72
51 73
51 75
51 76
51 77
51 79
51 80
51 81
51 82
51 84
51 87
51 88
51 90
51 91
51 92
51 93
51 95
51 96
51 99
51 100
51 101
51 102
51 103
51 104
51 105
51 106
51 107
51 108
51 109
51 110
51 112
51 113
51 114
51 115
51 116
51 117
51 118
51 119
51 124
51 125
51 126
51 128
51 129
51 130
51 131
51 132
51 133
51 134
51 135
51 137
51 138
51 139
51 140
51 141
51 145
51 146
51 147
51 148
51 149
51 152
51 154
51 155
51 156
51 157
51 158
51 159
51 161
52 58
52 64
52 70
52 71
52 77
52 81
52 82
52 88
52 89
52 91
52 94
52 97
52 99
52 105
52 106
52 107
52 109
52 110
52 113
52 115
52 117
52 125
52 126
52 129
52 131
52 132
52 134
52 135
52 137
52 138
52 139
52 140
52 143
52 145
52 146
52 147
52 150
52 151
52 152
52 153
52 157
52 158
52 159
52 161
53 54
53 55
53 56
53 63
53 66
53 67
53 68
53 69
53 70
53 71
53 74
53 75
53 79
53 81
53 83
53 84
53 90
53 99
53 102
53 103
53 110
53 113
53 114
53 115
53 116
53 117
53 118
53 120
53 121
53 130
53 131
53 133
53 134
53 135
53 136
53 137
53 142
53 148
53 150
53 151
53 153
53 157
53 158
54 55
54 56
54 59
54 61
54 62
54 64
54 65
54 66
54 67
54 68
54 69
54 71
54 73
54 74
54 75
54 76
54 77
54 79
54 80
54 81
54 83
54 84
54 85
54 87
54 88
54 90
54 93
54 94
54 95
54 96
54 97
54 98
54 99
54 100
54 102
54 103
54 104
54 105
54 106
54 107
54 108
54 111
54 112
54 113
54 114
54 115
54 117
54 118
54 119
54 121
54 123
54 124
54 125
54 126
54 127
54 129
54 130
54 131
54 133
54 135
54 136
54 137
54 138
54 139
54 140
54 141
54 142
54 143
54 145
54 147
54 150
54 151
54 152
54 154
54 155
54 157
54 158
54 159
54 160
54 161
55 57
55 61
55 63
55 64
55 65
55 66
55 67
55 68
55 69
55 70
55 71
55 72
55 73
55 79
55 80
55 83
55 84
55 85
55 86
55 88
55 89
55 90
55 92
55 94
55 95
55 97
55 98
55 99
55 101
55 104
55 105
55 106
55 108
55 110
55 111
55 112
55 114
55 116
55 120
55 125
55 127
55 129
55 133
55 134
55 136
55 138
55 141
55 142
55 146
55 147
55 150
55 151
55 152
55 154
55 155
55 157
55 158
55 159
56 58
56 59
56 63
56 64
56 65
56 66
56 67
56 68
56 69
56 71
56 75
56 76
56 77
56 79
56 82
56 83
56 84
56 85
56 86
56 88
56 90
56 91
56 92
56 93
56 94
56 97
56 98
56 99
56 100
56 101
56 102
56 105
56 106
56 107
56 108
56 110
56 111
56 112
56 113
56 114
56 115
56 116
56 117
56 118
56 119
56 120
56 123
56 126
56 127
56 128
56 129
56 130
56 131
56 132
56 133
56 134
56 135
56 136
56 137
56 138
56 139
56 140
56 142
56 145
56 146
56 147
56 148
56 149
56 150
56 151
56 152
56 153
56 154
56 157
56 160
56 161
57 58
57 59
57 63
57 64
57 65
57 67
57 68
57 69
57 71
57 79
57 84
57 94
57 100
57 101
57 108
57 109
57 110
57 114
57 115
57 117
57 121
57 122
57 126
57 134
57 136
57 138
57 139
57 146
57 152
57 158
57 159
58 63
58 64
58 65
58 67
58 69
58 71
58 72
58 73
58 74
58 76
58 77
58 79
58 80
58 81
58 82
58 83
58 84
58 85
58 86
58 89
58 91
58 94
58 97
58 98
58 99
58 100
58 101
58 104
58 106
58 107
58 108
58 109
58 111
58 112
58 113
58 114
58 117
58 118
58 125
58 128
58 130
58 131
58 132
58 133
58 134
58 137
58 139
58 140
58 141
58 142
58 145
58 147
58 148
58 150
58 152
58 153
58 154
58 155
58 157
58 158
58 160
58 161
59 62
59 63
59 67
59 68
59 69
59 70
59 71
59 72
59 74
59 80
59 85
59 86
59 87
59 89
59 92
59 93
59 97
59 98
59 100
59 101
59 102
59 103
59 105
59 106
59 107
59 109
59 111
59 112
59 113
59 114
59 115
59 117
59 125
59 126
59 127
59 128
59 129
59 134
59 135
59 137
59 138
59 139
59 142
59 146
59 147
59 151
59 153
59 154
59 158
59 160
59 161
60 86
60 100
60 101
60 102
60 106
60 108
60 115
60 116
60 121
60 127
60 131
60 135
60 138
60 148
60 151
60 152
60 154
60 157
60 158
61 62
61 64
61 67
61 69
61 70
61 71
61 72
61 75
61 76
61 77
61 78
61 79
61 81
61 89
61 93
61 94
61 96
61 97
61 98
61 100
61 101
61 102
61 106
61 107
61 108
61 110
61 115
61 116
61 117
61 125
61 128
61 131
61 137
61 138
61 143
61 149
61 150
61 151
61 152
61 156
61 158
61 159
62 65
62 66
62 67
62 68
62 69
62 70
62 71
62 72
62 73
62 75
62 76
62 83
62 96
62 99
62 102
62 103
62 106
62 107
62 108
62 109
62 111
62 112
62 113
62 114
62 116
62 124
62 125
62 128
62 131
62 135
62 137
62 139
62 142
62 146
62 152
62 153
62 154
62 155
62 157
62 160
63 64
63 66
63 67
63 69
63 70
63 71
63 72
63 73
63 74
63 77
63 79
63 83
63 86
63 89
63 90
63 91
63 92
63 94
63 100
63 101
63 102
63 104
63 105
63 106
63 108
63 112
63 113
63 114
63 115
63 117
63 118
63 121
63 123
63 124
63 125
63 127
63 129
63 130
63 131
63 133
63 134
63 137
63 138
63 139
63 141
63 142
63 146
63 149
63 150
63 151
63 152
63 154
63 155
63 157
63 158
63 159
63 160
63 161
64 66
64 67
64 68
64 69
64 70
64 71
64 72
64 73
64 74
64 75
64 76
64 77
64 78
64 79
64 80
64 81
64 82
64 83
64 84
64 85
64 86
64 87
64 89
64 90
64 92
64 94
64 95
64 97
64 101
64 102
64 103
64 105
64 107
64 108
64 109
64 112
64 114
64 115
64 117
64 118
64 120
64 121
64 122
64 124
64 125
64 126
64 127
64 128
64 129
64 131
64 133
64 134
64 135
64 137
64 138
64 139
64 140
64 141
64 142
64 143
64 144
64 145
64 147
64 148
64 149
64 150
64 151
64 152
64 153
64 154
64 155
64 156
64 157
64 158
64 159
64 161
65 66
65 67
65 68
65 69
65 70
65 71
65 72
65 73
65 74
65 79
65 80
65 81
65 82
65 84
65 85
65 86
65 87
65 88
65 89
65 90
65 91
65 93
65 94
65 95
65 96
65 97
65 99
65 101
65 102
65 103
65 105
65 107
65 108
65 109
65 110
65 111
65 113
65 114
65 115
65 117
65 118
65 122
65 125
65 126
65 127
65 128
65 129
65 133
65 134
65 135
65 137
65 138
65 139
65 141
65 142
65 143
65 147
65 148
65 149
65 150
65 151
65 154
65 155
65 156
65 157
65 158
65 161
66 67
66 68
66 69
66 70
66 71
66 73
66 74
66 75
66 77
66 79
66 80
66 82
66 83
66 84
66 86
66 87
66 88
66 89
66 90
66 91
66 96
66 98
66 101
66 102
66 106
66 107
66 108
66 110
66 111
66 112
66 113
66 114
66 115
66 116
66 118
66 121
66 124
66 125
66 126
66 128
66 129
66 130
66 131
66 133
66 134
66 135
66 137
66 138
66 140
66 142
66 144
66 146
66 147
66 148
66 150
66 151
66 152
66 153
66 154
66 157
66 158
66 161
67 68
67 69
67 70
67 71
67 72
67 73
67 74
67 75
67 77
67 80
67 83
67 84
67 85
67 86
67 87
67 88
67 89
67 90
67 91
67 92
67 93
67 94
67 95
67 96
67 97
67 99
67 101
67 102
67 104
67 105
67 106
67 107
67 108
67 109
67 110
67 111
67 112
67 113
67 114
67 115
67 116
67 117
67 118
67 120
67 121
67 123
67 125
67 126
67 127
67 128
67 129
67 130
67 131
67 133
67 134
67 135
67 137
67 138
67 139
67 141
67 142
67 143
67 145
67 146
67 147
67 149
67 151
67 152
67 153
67 154
67 158
67 159
68 69
68 70
68 71
68 72
68 73
68 74
68 77
68 79
68 82
68 83
68 84
68 86
68 87
68 88
68 89
68 90
68 92
68 93
68 94
68 95
68 97
68 98
68 99
68 100
68 101
68 102
68 103
68 104
68 106
68 107
68 108
68 109
68 111
68 113
68 114
68 115
68 116
68 117
68 118
68 121
68 123
68 125
68 126
68 130
68 131
68 132
68 133
68 134
68 136
68 138
68 139
68 140
68 142
68 143
68 144
68 145
68 146
68 147
68 148
68 149
68 150
68 151
68 152
68 153
68 154
68 155
68 157
68 158
68 159
68 160
68 161
69 70
69 71
69 72
69 73
69 74
69 75
69 76
69 79
69 80
69 84
69 87
69 89
69 92
69 93
69 94
69 95
69 96
69 97
69 98
69 99
69 100
69 101
69 102
69 103
69 104
69 105
69 106
69 107
69 108
69 109
69 111
69 112
69 113
69 114
69 115
69 116
69 117
69 118
69 119
69 125
69 128
69 130
69 131
69 132
69 134
69 136
69 137
69 141
69 142
69 143
69 145
69 146
69 147
69 148
69 150
69 151
69 152
69 154
69 155
69 157
69 160
69 161
70 71
70 73
70 74
70 75
70 76
70 77
70 81
70 82
70 83
70 84
70 85
70 88
70 89
70 90
70 92
70 93
70 95
70 97
70 99
70 100
70 101
70 102
70 105
70 106
70 108
70 109
70 111
70 112
70 114
70 115
70 116
70 117
70 118
70 125
70 126
70 128
70 129
70 130
70 131
70 132
70 133
70 134
70 136
70 137
70 138
70 141
70 145
70 146
70 149
70 150
70 151
70 152
70 153
70 154
70 157
70 158
70 159
70 160
71 72
71 73
71 75
71 77
71 79
71 82
71 83
71 84
71 85
71 86
71 87
71 88
71 89
71 92
71 93
71 94
71 95
71 96
71 97
71 98
71 99
71 101
71 102
71 104
71 106
71 107
71 108
71 113
71 114
71 115
71 117
71 118
71 119
71 128
71 129
71 130
71 133
71 134
71 137
71 138
71 139
71 140
71 144
71 146
71 147
71 148
71 149
71 150
71 151
71 153
71 154
71 155
71 156
71 157
71 159
71 160
71 161
72 73
72 74
72 75
72 76
72 77
72 78
72 79
72 80
72 81
72 82
72 83
72 84
72 85
72 86
72 87
72 88
72 92
72 93
72 94
72 96
72 98
72 99
72 101
72 102
72 103
72 105
72 106
72 107
72 108
72 109
72 110
72 111
72 112
72 113
72 114
72 115
72 116
72 117
72 120
72 122
72 123
72 124
72 125
72 126
72 127
72 128
72 129
72 130
72 131
72 132
72 133
72 134
72 135
72 136
72 137
72 138
72 139
72 141
72 142
72 143
72 144
72 146
72 147
72 148
72 149
72 150
72 151
72 152
72 153
72 154
72 156
72 157
72 158
72 161
73 74
73 75
73 76
73 77
73 78
73 79
73 82
73 83
73 86
73 87
73 89
73 90
73 92
73 93
73 97
73 99
73 100
73 101
73 102
73 103
73 104
73 106
73 107
73 108
73 109
73 110
73 111
73 112
73 113
73 114
73 115
73 116
73 117
73 118
73 120
73 125
73 126
73 129
73 131
73 132
73 133
73 134
73 136
73 137
73 138
73 139
73 141
73 142
73 146
73 148
73 149
73 150
73 151
73 152
73 153
73 154
73 155
73 156
73 158
73 161
74 75
74 77
74 78
74 79
74 80
74 81
74 82
74 83
74 84
74 85
74 87
74 88
74 90
74 91
74 92
74 93
74 96
74 97
74 99
74 102
74 104
74 105
74 106
74 107
74 108
74 109
74 110
74 111
74 112
74 113
74 114
74 115
74 117
74 118
74 119
74 122
74 123
74 125
74 126
74 127
74 129
74 130
74 131
74 133
74 134
74 135
74 136
74 137
74 138
74 139
74 140
74 141
74 142
74 143
74 144
74 145
74 146
74 147
74 148
74 149
74 150
74 151
74 152
74 153
74 155
74 157
74 158
74 160
74 161
75 76
75 77
75 80
75 83
75 84
75 85
75 91
75 92
75 93
75 94
75 95
75 97
75 98
75 101
75 102
75 103
75 105
75 106
75 107
75 109
75 110
75 111
75 112
75 113
75 115
75 117
75 118
75 120
75 127
75 129
75 131
75 133
75 134
75 135
75 137
75 138
75 141
75 142
75 147
75 149
75 150
75 151
75 154
75 156
75 158
75 161
76 77
76 84
76 87
76 88
76 89
76 91
76 92
76 94
76 96
76 98
76 99
76 104
76 106
76 108
76 109
76 110
76 112
76 113
76 114
76 127
76 129
76 130
76 131
76 133
76 134
76 135
76 137
76 138
76 139
76 141
76 143
76 145
76 147
76 148
76 149
76 151
76 154
76 157
76 158
76 159
76 160
77 79
77 80
77 81
77 82
77 84
77 85
77 86
77 88
77 91
77 92
77 93
77 94
77 95
77 96
77 97
77 98
77 99
77 103
77 105
77 106
77 109
77 110
77 111
77 112
77 113
77 114
77 117
77 121
77 122
77 123
77 124
77 126
77 128
77 130
77 131
77 133
77 134
77 135
77 136
77 137
77 138
77 139
77 140
77 141
77 142
77 143
77 144
77 146
77 147
77 148
77 152
77 153
77 157
77 158
77 159
77 160
77 161
78 79
78 80
78 84
78 86
78 89
78 101
78 102
78 112
78 117
78 120
78 129
78 131
78 134
78 137
78 138
78 139
78 142
78 146
78 147
78 149
78 150
78 152
78 153
78 161
79 80
79 81
79 82
79 83
79 84
79 85
79 86
79 87
79 89
79 90
79 91
79 92
79 93
79 94
79 96
79 97
79 98
79 99
79 100
79 101
79 102
79 103
79 104
79 105
79 106
79 107
79 108
79 109
79 110
79 111
79 112
79 113
79 114
79 116
79 118
79 119
79 120
79 123
79 124
79 125
79 126
79 127
79 128
79 129
79 130
79 131
79 132
79 133
79 134
79 135
79 137
79 138
79 139
79 140
79 141
79 142
79 144
79 145
79 146
79 147
79 148
79 150
79 151
79 152
79 155
79 156
79 157
79 158
79 160
79 161
80 84
80 86
80 89
80 90
80 93
80 94
80 95
80 96
80 97
80 101
80 102
80 103
80 104
80 105
80 106
80 108
80 112
80 113
80 114
80 115
80 116
80 117
80 118
80 119
80 122
80 125
80 126
80 127
80 128
80 129
80 131
80 133
80 134
80 137
80 140
80 141
80 142
80 143
80 147
80 148
80 150
80 151
80 154
80 158
81 84
81 85
81 90
81 101
81 106
81 107
81 112
81 114
81 115
81 117
81 120
81 122
81 124
81 129
81 131
81 133
81 137
81 141
81 142
81 147
81 150
81 151
81 154
81 159
81 160
82 83
82 86
82 87
82 91
82 92
82 94
82 95
82 100
82 101
82 102
82 106
82 108
82 110
82 111
82 112
82 113
82 119
82 125
82 127
82 128
82 129
82 130
82 131
82 132
82 134
82 135
82 138
82 140
82 141
82 142
82 147
82 149
82 151
82 152
82 153
82 154
82 158
82 159
83 86
83 91
83 93
83 94
83 95
83 99
83 101
83 102
83 103
83 105
83 106
83 108
83 109
83 112
83 113
83 114
83 115
83 117
83 118
83 125
83 126
83 129
83 134
83 137
83 138
83 142
83 143
83 145
83 146
83 147
83 150
83 152
83 155
83 157
83 159
83 160
83 161
84 86
84 87
84 88
84 89
84 91
84 95
84 97
84 99
84 100
84 101
84 102
84 103
84 104
84 106
84 107
84 108
84 109
84 111
84 113
84 114
84 115
84 116
84 117
84 118
84 119
84 123
84 125
84 126
84 127
84 129
84 130
84 131
84 133
84 134
84 135
84 137
84 138
84 141
84 142
84 143
84 145
84 152
84 153
84 154
84 155
84 156
84 157
84 158
84 161
85 88
85 92
85 93
85 95
85 97
85 98
85 99
85 101
85 103
85 105
85 109
85 112
85 113
85 114
85 115
85 125
85 126
85 131
85 132
85 133
85 142
85 143
85 151
85 152
85 153
85 154
85 158
85 160
86 87
86 88
86 89
86 92
86 93
86 95
86 96
86 97
86 98
86 99
86 101
86 102
86 103
86 106
86 108
86 110
86 114
86 118
86 123
86 124
86 126
86 129
86 131
86 133
86 134
86 135
86 138
86 139
86 140
86 141
86 142
86 144
86 145
86 146
86 147
86 151
86 152
86 154
86 155
86 158
86 160
87 89
87 90
87 94
87 97
87 101
87 102
87 103
87 104
87 105
87 106
87 108
87 111
87 112
87 115
87 116
87 117
87 118
87 126
87 127
87 131
87 133
87 134
87 135
87 137
87 138
87 147
87 150
87 151
87 152
87 153
87 154
87 156
87 157
87 158
87 160
88 89
88 90
88 91
88 93
88 94
88 101
88 102
88 105
88 106
88 108
88 110
88 112
88 114
88 115
88 117
88 125
88 128
88 129
88 130
88 132
88 135
88 136
88 137
88 141
88 142
88 143
88 145
88 146
88 147
88 149
88 150
88 151
88 152
88 154
88 157
88 158
88 161
89 90
89 91
89 92
89 93
89 94
89 98
89 99
89 101
89 102
89 104
89 105
89 106
89 107
89 108
89 110
89 112
89 113
89 114
89 116
89 118
89 123
89 124
89 125
89 126
89 127
89 128
89 129
89 130
89 131
89 133
89 134
89 135
89 136
89 137
89 138
89 139
89 141
89 142
89 145
89 146
89 147
89 150
89 151
89 153
89 155
89 158
89 160
89 161
90 93
90 94
90 97
90 98
90 102
90 107
90 108
90 111
90 112
90 115
90 117
90 118
90 128
90 129
90 131
90 133
90 136
90 141
90 142
90 147
90 149
90 150
90 151
90 152
90 154
90 157
90 158
90 161
91 93
91 95
91 99
91 101
91 102
91 105
91 106
91 108
91 109
91 112
91 115
91 116
91 117
91 120
91 122
91 123
91 124
91 125
91 127
91 128
91 129
91 130
91 131
91 137
91 139
91 141
91 147
91 148
91 150
91 151
91 152
91 156
91 158
91 159
91 160
92 94
92 96
92 97
92 99
92 101
92 102
92 105
92 106
92 108
92 112
92 113
92 114
92 117
92 118
92 119
92 126
92 127
92 128
92 129
92 130
92 131
92 133
92 135
92 136
92 137
92 138
92 140
92 141
92 142
92 143
92 145
92 146
92 147
92 150
92 151
92 154
92 155
92 157
92 159
92 161
93 94
93 95
93 96
93 97
93 99
93 104
93 105
93 106
93 107
93 108
93 109
93 111
93 112
93 113
93 114
93 115
93 117
93 118
93 120
93 125
93 126
93 130
93 131
93 133
93 134
93 137
93 142
93 143
93 145
93 146
93 149
93 150
93 152
93 153
93 155
93 158
93 159
94 96
94 97
94 98
94 99
94 101
94 103
94 104
94 105
94 106
94 107
94 108
94 109
94 113
94 114
94 115
94 116
94 117
94 118
94 125
94 127
94 128
94 129
94 133
94 134
94 135
94 136
94 137
94 138
94 141
94 142
94 143
94 145
94 147
94 151
94 152
94 153
94 154
94 155
94 156
94 157
94 159
94 160
95 100
95 102
95 103
95 106
95 107
95 108
95 109
95 112
95 113
95 115
95 117
95 127
95 128
95 130
95 131
95 134
95 151
95 154
95 155
95 161
96 98
96 109
96 111
96 117
96 118
96 142
96 146
96 152
96 153
96 155
96 156
96 157
96 161
97 99
97 100
97 102
97 103
97 104
97 105
97 107
97 108
97 109
97 111
97 113
97 114
97 115
97 116
97 117
97 118
97 120
97 122
97 123
97 125
97 129
97 130
97 131
97 133
97 134
97 135
97 136
97 137
97 138
97 139
97 140
97 141
97 142
97 143
97 144
97 145
97 147
97 149
97 150
97 151
97 152
97 153
97 157
97 158
97 161
98 100
98 102
98 103
98 106
98 108
98 109
98 111
98 112
98 113
98 114
98 117
98 122
98 125
98 126
98 128
98 130
98 133
98 135
98 136
98 137
98 140
98 147
98 148
98 150
98 151
98 154
98 161
99 100
99 101
99 103
99 105
99 106
99 107
99 111
99 112
99 115
99 118
99 127
99 128
99 129
99 130
99 132
99 133
99 134
99 135
99 137
99 140
99 141
99 142
99 146
99 149
99 150
99 151
99 154
99 158
99 159
99 161
100 101
100 102
100 103
100 105
100 106
100 109
100 111
100 113
100 114
100 115
100 116
100 117
100 122
100 125
100 129
100 131
100 133
100 134
100 135
100 138
100 142
100 143
100 144
100 146
100 147
100 149
100 150
100 152
100 153
100 154
100 155
101 102
101 104
101 105
101 106
101 107
101 108
101 109
101 110
101 111
101 114
101 115
101 116
101 117
101 118
101 119
101 122
101 124
101 125
101 126
101 127
101 129
101 130
101 133
101 134
101 135
101 136
101 137
101 138
101 139
101 142
101 143
101 147
101 148
101 149
101 150
101 151
101 152
101 153
101 158
101 159
101 160
101 161
102 103
102 104
102 105
102 106
102 107
102 110
102 111
102 112
102 113
102 114
102 115
102 117
102 118
102 119
102 125
102 126
102 128
102 129
102 131
102 133
102 134
102 135
102 136
102 137
102 138
102 139
102 141
102 142
102 143
102 146
102 147
102 148
102 149
102 150
102 151
102 152
102 153
102 154
102 156
102 157
102 158
102 159
102 160
103 105
103 106
103 108
103 111
103 112
103 113
103 114
103 115
103 116
103 117
103 125
103 127
103 129
103 130
103 134
103 136
103 137
103 138
103 139
103 141
103 142
103 147
103 150
103 151
103 154
103 155
103 157
103 159
103 160
103 161
104 105
104 107
104 108
104 109
104 110
104 114
104 115
104 117
104 118
104 122
104 125
104 128
104 129
104 133
104 138
104 139
104 142
104 145
104 149
104 150
104 152
104 154
104 161
105 106
105 107
105 108
105 109
105 112
105 115
105 117
105 118
105 119
105 125
105 126
105 129
105 131
105 133
105 134
105 137
105 138
105 142
105 146
105 147
105 150
105 151
105 152
105 153
105 154
105 155
105 158
105 160
106 108
106 109
106 110
106 112
106 113
106 114
106 115
106 116
106 117
106 118
106 120
106 121
106 123
106 125
106 127
106 128
106 129
106 130
106 131
106 133
106 135
106 136
106 137
106 138
106 139
106 140
106 142
106 146
106 147
106 149
106 150
106 151
106 152
106 153
106 154
106 155
106 157
106 158
106 159
107 109
107 113
107 114
107 115
107 116
107 117
107 118
107 119
107 123
107 125
107 127
107 128
107 129
107 130
107 131
107 133
107 134
107 136
107 137
107 138
107 139
107 140
107 141
107 142
107 147
107 150
107 151
107 152
107 154
107 158
107 161
108 109
108 110
108 111
108 112
108 113
108 114
108 115
108 117
108 123
108 125
108 126
108 127
108 129
108 130
108 131
108 133
108 134
108 135
108 136
108 137
108 138
108 139
108 140
108 141
108 143
108 145
108 149
108 150
108 151
108 152
108 153
108 154
108 155
108 157
108 158
108 159
108 160
108 161
109 110
109 111
109 112
109 113
109 114
109 116
109 117
109 118
109 122
109 124
109 125
109 127
109 130
109 133
109 134
109 135
109 136
109 137
109 138
109 139
109 143
109 147
109 148
109 149
109 150
109 151
109 154
109 155
109 158
109 159
109 160
109 161
110 112
110 113
110 114
110 118
110 126
110 127
110 129
110 130
110 131
110 132
110 135
110 136
110 137
110 142
110 145
110 146
110 147
110 149
110 150
110 151
110 152
110 153
110 154
110 158
111 116
111 117
111 124
111 126
111 129
111 130
111 131
111 133
111 134
111 135
111 137
111 138
111 139
111 146
111 151
111 152
111 153
111 157
111 158
111 159
111 160
111 161
112 113
112 115
112 118
112 124
112 126
112 127
112 128
112 130
112 133
112 134
112 137
112 138
112 139
112 143
112 145
112 146
112 147
112 150
112 152
112 153
112 154
112 155
112 156
112 157
112 158
112 159
112 160
113 114
113 115
113 116
113 117
113 119
113 121
113 123
113 124
113 125
113 126
113 128
113 129
113 131
113 133
113 134
113 137
113 138
113 139
113 140
113 141
113 142
113 146
113 147
113 148
113 150
113 152
113 153
113 155
113 156
113 158
113 161
114 115
114 116
114 118
114 120
114 124
114 125
114 126
114 128
114 129
114 131
114 132
114 135
114 136
114 137
114 138
114 139
114 142
114 144
114 145
114 146
114 147
114 148
114 150
114 151
114 152
114 154
114 156
114 157
114 158
114 159
115 116
115 117
115 118
115 119
115 120
115 123
115 124
115 125
115 126
115 129
115 131
115 133
115 134
115 135
115 137
115 138
115 139
115 140
115 141
115 142
115 143
115 145
115 146
115 147
115 149
115 150
115 151
115 152
115 153
115 154
115 155
115 157
115 158
115 159
115 160
115 161
116 121
116 124
116 126
116 127
116 129
116 130
116 133
116 135
116 137
116 138
116 139
116 142
116 144
116 145
116 146
116 147
116 151
116 153
116 161
117 118
117 120
117 121
117 125
117 128
117 130
117 131
117 134
117 136
117 137
117 138
117 139
117 140
117 142
117 143
117 145
117 146
117 147
117 149
117 150
117 151
117 152
117 153
117 154
117 155
117 156
117 157
117 158
117 160
118 121
118 122
118 123
118 124
118 125
118 127
118 129
118 130
118 131
118 133
118 134
118 135
118 136
118 137
118 138
118 140
118 141
118 142
118 143
118 144
118 146
118 147
118 148
118 149
118 150
118 151
118 153
118 154
118 155
118 157
118 158
118 161
119 125
119 131
119 133
119 136
119 141
119 142
119 146
119 147
119 151
119 154
119 158
119 161
120 125
120 126
120 129
120 134
120 137
120 140
120 146
120 147
120 151
120 152
120 158
120 160
121 124
121 133
121 134
121 135
121 138
121 154
121 155
121 157
122 126
122 130
122 131
122 133
122 135
122 137
122 138
122 151
122 152
122 154
122 155
123 130
123 133
123 140
123 152
123 153
123 161
124 133
124 137
124 138
124 141
124 151
124 152
124 155
124 159
125 126
125 128
125 129
125 131
125 133
125 134
125 137
125 138
125 139
125 140
125 141
125 142
125 143
125 144
125 145
125 147
125 148
125 149
125 150
125 151
125 152
125 153
125 154
125 157
125 158
125 159
125 160
125 161
126 127
126 130
126 131
126 133
126 138
126 140
126 141
126 142
126 143
126 147
126 152
126 154
126 157
126 158
126 159
127 131
127 134
127 136
127 139
127 141
127 142
127 147
127 149
127 150
127 151
127 152
127 154
127 157
127 158
127 159
127 161
128 130
128 131
128 133
128 136
128 137
128 139
128 142
128 143
128 149
128 151
128 152
128 153
128 154
128 155
128 157
128 158
128 160
129 130
129 131
129 132
129 133
129 134
129 135
129 136
129 137
129 138
129 139
129 140
129 142
129 143
129 145
129 146
129 147
129 148
129 149
129 150
129 151
129 152
129 153
129 155
129 157
129 159
130 131
130 132
130 133
130 134
130 137
130 138
130 139
130 145
130 148
130 149
130 150
130 151
130 152
130 153
130 154
130 156
130 158
130 159
130 160
130 161
131 133
131 134
131 135
131 136
131 137
131 138
131 139
131 141
131 142
131 145
131 146
131 148
131 149
131 151
131 152
131 153
131 154
131 155
131 156
131 157
131 158
131 159
131 160
131 161
132 139
132 142
132 144
132 145
132 151
132 158
133 134
133 135
133 136
133 137
133 139
133 140
133 141
133 143
133 144
133 145
133 146
133 147
133 148
133 149
133 150
133 151
133 152
133 154
133 157
133 158
133 159
133 161
134 136
134 137
134 138
134 139
134 141
134 143
134 145
134 146
134 147
134 148
134 149
134 150
134 151
134 152
134 153
134 154
134 155
134 157
134 159
134 161
135 137
135 138
135 139
135 140
135 142
135 145
135 146
135 147
135 152
135 153
135 154
135 155
135 157
135 158
135 159
135 161
136 137
136 139
136 140
136 142
136 146
136 150
136 157
136 160
136 161
137 138
137 139
137 140
137 141
137 142
137 145
137 146
137 147
137 148
137 149
137 150
137 151
137 152
137 153
137 154
137 156
137 157
137 158
137 159
137 161
138 139
138 141
138 142
138 143
138 144
138 145
138 146
138 147
138 148
138 149
138 150
138 151
138 153
138 156
138 157
138 158
138 160
138 161
139 141
139 143
139 146
139 147
139 148
139 149
139 151
139 152
139 153
139 155
139 157
139 158
139 159
139 160
139 161
140 146
140 147
140 149
140 151
140 154
140 157
140 158
140 160
141 142
141 145
141 147
141 148
141 149
141 150
141 151
141 152
141 154
141 157
141 158
142 143
142 144
142 146
142 147
142 148
142 149
142 150
142 152
142 153
142 154
142 157
142 158
142 161
143 147
143 150
143 153
143 158
143 160
144 151
144 155
144 157
144 160
145 147
145 149
145 150
145 151
145 152
145 153
145 154
145 157
145 158
145 161
146 148
146 149
146 150
146 151
146 152
146 154
146 160
146 161
147 149
147 150
147 151
147 152
147 153
147 154
147 156
147 157
147 158
147 159
147 160
147 161
148 149
148 151
148 152
148 154
148 156
148 159
148 161
149 150
149 151
149 152
149 154
149 158
149 161
150 151
150 152
150 153
150 154
150 155
150 156
150 157
150 158
150 161
151 152
151 153
151 154
151 157
151 158
151 159
151 161
152 154
152 155
152 156
152 157
152 158
152 160
152 161
153 156
153 158
153 160
153 161
154 155
154 157
154 158
154 159
154 161
155 156
155 157
156 158
157 159
158 161
159 160
160 161
