0 1
0 3
0 4
0 5
0 6
0 7
0 8
0 9
0 10
0 11
0 12
0 14
0 18
0 19
0 21
0 25
0 29
0 30
0 32
0 38
0 40
0 43
0 45
0 47
0 49
0 50
0 52
0 54
0 58
0 59
0 60
0 62
0 67
0 70
0 72
0 74
0 75
0 76
0 79
0 80
0 83
0 84
0 86
0 89
0 91
0 94
0 97
0 98
0 99
0 101
0 102
0 103
0 105
0 106
0 112
0 113
0 114
0 115
0 117
0 125
0 129
0 130
0 131
0 133
0 134
0 135
0 136
0 138
0 139
0 142
0 145
0 146
0 147
0 150
0 154
0 155
0 157
0 160
0 161
1 4
1 6
1 7
1 9
1 11
1 13
1 14
1 15
1 19
1 21
1 22
1 24
1 28
1 31
1 32
1 33
1 34
1 38
1 40
1 41
1 43
1 45
1 46
1 47
1 49
1 50
1 51
1 53
1 54
1 55
1 56
1 59
1 62
1 64
1 65
1 67
1 68
1 69
1 70
1 71
1 72
1 74
1 76
1 77
1 79
1 80
1 83
1 84
1 85
1 86
1 87
1 89
1 90
1 92
1 93
1 97
1 100
1 101
1 103
1 106
1 107
1 108
1 112
1 114
1 115
1 117
1 118
1 121
1 124
1 125
1 126
1 129
1 130
1 133
1 134
1 135
1 137
1 138
1 139
1 147
1 151
1 152
1 153
1 154
1 157
1 158
1 159
1 160
1 161
2 3
2 4
2 9
2 11
2 12
2 14
2 19
2 23
2 30
2 39
2 40
2 43
2 46
2 49
2 51
2 52
2 54
2 64
2 65
2 66
2 67
2 68
2 69
2 71
2 74
2 75
2 80
2 83
2 88
2 98
2 105
2 107
2 110
2 113
2 114
2 115
2 116
2 118
2 125
2 129
2 133
2 134
2 138
2 139
2 141
2 142
2 143
2 145
2 146
2 147
2 149
2 150
2 151
2 157
2 158
2 159
3 4
3 6
3 7
3 9
3 10
3 12
3 14
3 15
3 18
3 19
3 21
3 26
3 28
3 30
3 31
3 39
3 43
3 45
3 46
3 49
3 51
3 54
3 58
3 63
3 64
3 68
3 69
3 70
3 74
3 80
3 84
3 86
3 87
3 88
3 92
3 94
3 107
3 109
3 117
3 119
3 125
3 130
3 131
3 133
3 134
3 137
3 138
3 139
3 141
3 143
3 150
3 157
3 159
4 5
4 6
4 7
4 9
4 10
4 11
4 12
4 14
4 16
4 17
4 18
4 19
4 20
4 22
4 24
4 25
4 26
4 28
4 29
4 30
4 31
4 32
4 33
4 35
4 36
4 38
4 39
4 40
4 43
4 44
4 46
4 49
4 50
4 51
4 52
4 53
4 54
4 56
4 58
4 59
4 61
4 62
4 63
4 64
4 65
4 66
4 68
4 69
4 70
4 71
4 72
4 73
4 74
4 75
4 76
4 77
4 79
4 81
4 84
4 87
4 88
4 89
4 90
4 92
4 93
4 96
4 97
4 98
4 99
4 101
4 102
4 104
4 105
4 106
4 107
4 108
4 109
4 112
4 113
4 114
4 115
4 116
4 117
4 124
4 125
4 128
4 130
4 131
4 133
4 134
4 135
4 136
4 137
4 138
4 139
4 141
4 142
4 143
4 145
4 146
4 147
4 149
4 150
4 151
4 152
4 153
4 154
4 156
4 157
4 158
4 160
5 6
5 7
5 12
5 13
5 17
5 19
5 25
5 30
5 33
5 35
5 38
5 40
5 44
5 50
5 55
5 58
5 64
5 74
5 77
5 79
5 84
5 85
5 87
5 88
5 97
5 101
5 107
5 108
5 109
5 111
5 112
5 113
5 114
5 115
5 126
5 127
5 137
5 139
5 148
5 149
5 150
5 152
5 153
5 154
5 156
5 157
5 158
5 161
6 7
6 8
6 9
6 10
6 11
6 12
6 13
6 15
6 17
6 19
6 20
6 21
6 22
6 24
6 26
6 27
6 29
6 30
6 31
6 32
6 33
6 34
6 36
6 37
6 38
6 40
6 41
6 42
6 44
6 45
6 46
6 49
6 50
6 52
6 56
6 57
6 58
6 59
6 60
6 61
6 62
6 63
6 64
6 65
6 68
6 69
6 70
6 71
6 72
6 73
6 74
6 75
6 76
6 77
6 78
6 79
6 80
6 81
6 82
6 84
6 86
6 88
6 89
6 90
6 91
6 93
6 94
6 95
6 97
6 98
6 100
6 101
6 102
6 103
6 105
6 107
6 108
6 111
6 113
6 114
6 115
6 116
6 123
6 124
6 126
6 127
6 129
6 130
6 131
6 133
6 134
6 135
6 137
6 138
6 139
6 140
6 141
6 142
6 143
6 145
6 146
6 147
6 148
6 149
6 150
6 151
6 152
6 153
6 154
6 155
6 157
6 158
6 159
6 161
7 8
7 9
7 11
7 12
7 13
7 14
7 16
7 17
7 19
7 21
7 22
7 24
7 25
7 26
7 30
7 31
7 33
7 34
7 35
7 36
7 37
7 38
7 40
7 41
7 42
7 43
7 44
7 46
7 47
7 49
7 51
7 52
7 54
7 57
7 58
7 59
7 63
7 64
7 66
7 67
7 68
7 69
7 70
7 71
7 72
7 73
7 74
7 75
7 76
7 77
7 79
7 80
7 81
7 83
7 85
7 86
7 87
7 89
7 90
7 91
7 93
7 94
7 95
7 97
7 100
7 101
7 102
7 103
7 105
7 107
7 108
7 111
7 112
7 113
7 114
7 115
7 116
7 117
7 118
7 119
7 121
7 123
7 125
7 127
7 128
7 129
7 130
7 131
7 132
7 133
7 134
7 135
7 136
7 138
7 139
7 140
7 141
7 142
7 146
7 147
7 149
7 150
7 151
7 152
7 153
7 154
7 156
7 157
7 158
7 160
7 161
8 10
8 11
8 14
8 30
8 32
8 37
8 38
8 40
8 41
8 46
8 49
8 50
8 51
8 54
8 55
8 56
8 58
8 59
8 62
8 63
8 64
8 68
8 69
8 70
8 72
8 74
8 75
8 77
8 82
8 83
8 86
8 89
8 97
8 98
8 99
8 100
8 105
8 106
8 112
8 113
8 114
8 117
8 118
8 123
8 126
8 128
8 129
8 130
8 131
8 132
8 137
8 139
8 142
8 147
8 148
8 151
8 152
8 153
8 154
8 157
8 158
8 160
8 161
9 10
9 11
9 13
9 14
9 15
9 16
9 18
9 19
9 24
9 31
9 32
9 36
9 38
9 40
9 45
9 49
9 54
9 56
9 58
9 62
9 63
9 64
9 65
9 67
9 68
9 69
9 70
9 71
9 75
9 79
9 81
9 83
9 84
9 87
9 88
9 91
9 93
9 96
9 97
9 98
9 100
9 101
9 102
9 106
9 107
9 108
9 109
9 111
9 112
9 113
9 115
9 116
9 117
9 121
9 127
9 129
9 130
9 131
9 133
9 134
9 135
9 137
9 139
9 141
9 142
9 143
9 147
9 148
9 149
9 151
9 152
9 153
9 154
9 155
9 157
9 158
9 160
9 161
10 13
10 14
10 16
10 19
10 22
10 25
10 26
10 31
10 34
10 35
10 37
10 38
10 40
10 41
10 43
10 48
10 49
10 51
10 52
10 54
10 55
10 56
10 58
10 59
10 61
10 63
10 64
10 66
10 67
10 68
10 70
10 71
10 72
10 75
10 76
10 78
10 79
10 80
10 82
10 84
10 85
10 91
10 92
10 93
10 94
10 95
10 97
10 98
10 100
10 102
10 105
10 106
10 108
10 109
10 111
10 113
10 114
10 115
10 117
10 124
10 125
10 127
10 130
10 131
10 132
10 134
10 135
10 137
10 138
10 140
10 141
10 142
10 143
10 151
10 152
10 153
10 155
10 157
10 158
10 161
11 12
11 14
11 15
11 16
11 17
11 18
11 19
11 22
11 23
11 24
11 26
11 30
11 31
11 32
11 33
11 35
11 37
11 38
11 40
11 42
11 43
11 44
11 46
11 47
11 48
11 49
11 50
11 51
11 52
11 53
11 54
11 55
11 56
11 57
11 63
11 64
11 66
11 68
11 69
11 70
11 71
11 72
11 74
11 75
11 76
11 77
11 79
11 81
11 82
11 83
11 87
11 88
11 89
11 91
11 92
11 93
11 94
11 96
11 97
11 98
11 99
11 100
11 101
11 102
11 103
11 104
11 105
11 106
11 108
11 109
11 112
11 113
11 114
11 115
11 117
11 122
11 123
11 124
11 125
11 126
11 129
11 131
11 134
11 136
11 137
11 138
11 139
11 141
11 142
11 143
11 145
11 146
11 147
11 148
11 149
11 150
11 151
11 152
11 154
11 156
11 157
11 158
11 160
11 161
12 14
12 17
12 18
12 19
12 21
12 24
12 26
12 30
12 32
12 33
12 34
12 36
12 39
12 42
12 44
12 45
12 49
12 51
12 54
12 55
12 56
12 58
12 63
12 71
12 73
12 76
12 79
12 80
12 83
12 84
12 86
12 88
12 91
12 94
12 95
12 96
12 97
12 98
12 99
12 102
12 103
12 104
12 106
12 108
12 109
12 111
12 113
12 114
12 115
12 124
12 126
12 128
12 133
12 136
12 137
12 138
12 141
12 142
12 146
12 147
12 149
12 150
12 151
12 152
12 160
13 17
13 19
13 21
13 26
13 28
13 30
13 31
13 36
13 38
13 39
13 42
13 45
13 46
13 49
13 50
13 51
13 52
13 53
13 62
13 63
13 64
13 67
13 68
13 69
13 70
13 71
13 72
13 74
13 77
13 78
13 79
13 80
13 85
13 97
13 101
13 102
13 103
13 104
13 105
13 106
13 108
13 109
13 114
13 115
13 117
13 119
13 125
13 128
13 130
13 134
13 135
13 137
13 138
13 139
13 141
13 142
13 143
13 145
13 146
13 147
13 149
13 151
13 154
13 159
13 160
13 161
14 16
14 18
14 19
14 20
14 21
14 22
14 23
14 24
14 25
14 26
14 27
14 28
14 30
14 31
14 33
14 35
14 36
14 37
14 38
14 39
14 40
14 41
14 42
14 44
14 45
14 48
14 49
14 50
14 51
14 52
14 54
14 55
14 56
14 57
14 58
14 60
14 61
14 62
14 63
14 65
14 66
14 67
14 68
14 70
14 71
14 72
14 73
14 75
14 76
14 77
14 80
14 81
14 82
14 83
14 84
14 85
14 87
14 88
14 90
14 91
14 93
14 94
14 96
14 97
14 98
14 99
14 100
14 101
14 102
14 103
14 104
14 105
14 106
14 108
14 109
14 112
14 113
14 114
14 115
14 116
14 117
14 118
14 122
14 124
14 125
14 126
14 127
14 128
14 129
14 130
14 131
14 134
14 135
14 137
14 138
14 139
14 140
14 142
14 144
14 146
14 147
14 148
14 149
14 150
14 151
14 152
14 153
14 154
14 159
14 160
14 161
15 18
15 19
15 21
15 26
15 28
15 33
15 36
15 37
15 40
15 42
15 43
15 45
15 50
15 51
15 52
15 55
15 62
15 65
15 66
15 68
15 69
15 70
15 71
15 72
15 73
15 77
15 82
15 84
15 85
15 88
15 89
15 94
15 96
15 97
15 98
15 101
15 102
15 106
15 107
15 109
15 112
15 113
15 114
15 115
15 116
15 117
15 119
15 125
15 129
15 130
15 137
15 138
15 139
15 142
15 145
15 148
15 149
15 150
15 152
15 154
15 155
15 156
15 157
16 19
16 21
16 24
16 25
16 26
16 30
16 32
16 43
16 44
16 48
16 49
16 50
16 51
16 52
16 53
16 56
16 58
16 63
16 64
16 69
16 70
16 71
16 74
16 77
16 79
16 80
16 82
16 89
16 94
16 96
16 97
16 100
16 101
16 102
16 107
16 108
16 109
16 114
16 116
16 118
16 127
16 129
16 131
16 134
16 137
16 138
16 139
16 140
16 141
16 142
16 146
16 150
16 151
16 152
16 153
16 158
17 19
17 21
17 26
17 28
17 30
17 31
17 35
17 38
17 51
17 52
17 53
17 61
17 66
17 68
17 72
17 74
17 75
17 77
17 94
17 100
17 103
17 105
17 106
17 110
17 114
17 117
17 129
17 131
17 133
17 136
17 142
17 152
17 157
18 29
18 30
18 31
18 32
18 34
18 35
18 37
18 39
18 48
18 51
18 55
18 56
18 60
18 63
18 64
18 65
18 67
18 68
18 69
18 72
18 73
18 74
18 75
18 77
18 79
18 80
18 82
18 84
18 85
18 86
18 87
18 88
18 91
18 92
18 93
18 94
18 97
18 100
18 102
18 105
18 106
18 107
18 109
18 114
18 115
18 117
18 118
18 124
18 125
18 126
18 128
18 133
18 134
18 136
18 139
18 143
18 145
18 146
18 147
18 149
18 150
18 151
18 152
18 154
18 157
18 160
19 20
19 21
19 24
19 25
19 26
19 28
19 30
19 32
19 33
19 35
19 37
19 38
19 39
19 40
19 41
19 44
19 45
19 46
19 48
19 49
19 50
19 51
19 54
19 55
19 56
19 57
19 58
19 59
19 61
19 62
19 63
19 64
19 65
19 66
19 67
19 68
19 69
19 70
19 71
19 72
19 73
19 74
19 75
19 76
19 77
19 78
19 79
19 82
19 83
19 84
19 87
19 89
19 90
19 91
19 93
19 95
19 96
19 97
19 98
19 99
19 100
19 101
19 102
19 103
19 104
19 105
19 106
19 107
19 108
19 109
19 110
19 112
19 113
19 114
19 115
19 116
19 117
19 118
19 121
19 123
19 124
19 125
19 126
19 129
19 131
19 132
19 133
19 134
19 135
19 136
19 137
19 138
19 139
19 141
19 144
19 145
19 146
19 147
19 148
19 151
19 152
19 153
19 154
19 156
19 157
19 158
19 159
19 160
19 161
20 26
20 32
20 35
20 36
20 37
20 40
20 49
20 50
20 56
20 63
20 65
20 66
20 68
20 71
20 72
20 74
20 77
20 78
20 89
20 92
20 94
20 97
20 98
20 101
20 105
20 107
20 114
20 117
20 121
20 129
20 133
20 136
20 137
20 138
20 146
20 151
21 22
21 23
21 24
21 25
21 26
21 27
21 28
21 30
21 31
21 32
21 36
21 37
21 38
21 40
21 42
21 43
21 44
21 45
21 46
21 48
21 49
21 51
21 52
21 53
21 54
21 55
21 56
21 57
21 58
21 59
21 60
21 62
21 63
21 64
21 65
21 66
21 67
21 68
21 70
21 71
21 72
21 73
21 75
21 77
21 78
21 81
21 83
21 84
21 87
21 89
21 90
21 92
21 93
21 94
21 95
21 97
21 98
21 99
21 100
21 101
21 102
21 103
21 105
21 106
21 107
21 108
21 109
21 110
21 111
21 112
21 113
21 114
21 116
21 117
21 118
21 119
21 120
21 122
21 123
21 124
21 125
21 127
21 128
21 129
21 131
21 132
21 133
21 134
21 135
21 136
21 137
21 138
21 139
21 140
21 142
21 146
21 147
21 150
21 152
21 153
21 154
21 155
21 157
21 158
21 160
22 26
22 30
22 34
22 38
22 39
22 41
22 44
22 45
22 46
22 50
22 51
22 52
22 53
22 54
22 55
22 58
22 62
22 63
22 65
22 67
22 69
22 71
22 72
22 73
22 74
22 77
22 79
22 82
22 83
22 89
22 93
22 94
22 97
22 99
22 101
22 102
22 105
22 106
22 107
22 108
22 109
22 112
22 114
22 115
22 117
22 120
22 127
22 131
22 133
22 134
22 137
22 149
22 150
22 152
22 153
22 154
22 157
22 158
22 159
22 160
23 25
23 26
23 34
23 38
23 39
23 45
23 51
23 54
23 56
23 58
23 59
23 61
23 63
23 69
23 71
23 72
23 77
23 79
23 84
23 88
23 91
23 93
23 94
23 99
23 102
23 104
23 105
23 106
23 108
23 111
23 116
23 117
23 125
23 131
23 133
23 134
23 136
23 137
23 139
23 140
23 141
23 142
23 144
23 145
23 151
23 153
23 157
23 158
23 160
24 26
24 27
24 30
24 31
24 32
24 34
24 36
24 38
24 43
24 44
24 49
24 50
24 51
24 54
24 56
24 58
24 59
24 61
24 67
24 68
24 69
24 70
24 71
24 72
24 74
24 77
24 79
24 80
24 81
24 83
24 84
24 87
24 88
24 89
24 91
24 93
24 94
24 97
24 98
24 100
24 101
24 102
24 103
24 106
24 108
24 109
24 111
24 113
24 115
24 117
24 119
24 122
24 123
24 125
24 126
24 129
24 131
24 137
24 138
24 139
24 142
24 144
24 145
24 147
24 150
24 151
24 156
24 158
24 161
25 26
25 30
25 31
25 33
25 35
25 37
25 38
25 39
25 40
25 43
25 44
25 45
25 46
25 47
25 50
25 51
25 54
25 56
25 58
25 60
25 64
25 65
25 66
25 67
25 69
25 70
25 72
25 75
25 76
25 77
25 78
25 79
25 81
25 82
25 85
25 86
25 87
25 88
25 90
25 93
25 94
25 95
25 96
25 102
25 105
25 106
25 108
25 109
25 111
25 113
25 114
25 115
25 117
25 118
25 123
25 125
25 129
25 130
25 131
25 133
25 134
25 135
25 136
25 137
25 138
25 139
25 140
25 141
25 145
25 146
25 148
25 149
25 150
25 152
25 154
25 157
25 158
25 160
26 29
26 30
26 31
26 32
26 34
26 35
26 36
26 38
26 40
26 41
26 44
26 45
26 46
26 48
26 49
26 50
26 51
26 52
26 53
26 55
26 56
26 58
26 59
26 62
26 63
26 64
26 65
26 66
26 67
26 68
26 69
26 70
26 71
26 72
26 73
26 74
26 75
26 76
26 77
26 79
26 80
26 82
26 84
26 86
26 87
26 88
26 89
26 90
26 92
26 93
26 94
26 95
26 96
26 97
26 98
26 99
26 100
26 101
26 102
26 103
26 104
26 105
26 106
26 107
26 108
26 109
26 111
26 112
26 113
26 115
26 116
26 117
26 118
26 119
26 120
26 123
26 124
26 125
26 126
26 127
26 129
26 130
26 131
26 133
26 134
26 136
26 137
26 139
26 140
26 141
26 142
26 144
26 146
26 147
26 148
26 149
26 150
26 151
26 152
26 153
26 154
26 157
26 158
26 159
26 160
26 161
27 31
27 32
27 34
27 41
27 52
27 53
27 61
27 64
27 65
27 66
27 67
27 68
27 70
27 77
27 79
27 97
27 98
27 103
27 105
27 106
27 121
27 132
27 134
27 138
27 145
27 146
27 149
27 152
27 156
28 31
28 32
28 34
28 35
28 36
28 38
28 40
28 43
28 48
28 55
28 56
28 61
28 64
28 65
28 68
28 69
28 71
28 72
28 73
28 74
28 75
28 83
28 88
28 89
28 90
28 91
28 93
28 94
28 97
28 101
28 102
28 108
28 109
28 112
28 113
28 114
28 129
28 131
28 134
28 137
28 139
28 140
28 141
28 142
28 143
28 146
28 150
28 152
28 159
28 161
29 32
29 33
29 35
29 40
29 44
29 51
29 53
29 54
29 56
29 58
29 64
29 71
29 73
29 74
29 75
29 80
29 81
29 86
29 88
29 89
29 92
29 94
29 101
29 106
29 107
29 108
29 111
29 115
29 117
29 133
29 140
29 141
29 142
29 154
30 31
30 34
30 35
30 36
30 37
30 38
30 39
30 40
30 43
30 46
30 49
30 50
30 51
30 52
30 53
30 54
30 55
30 56
30 58
30 61
30 62
30 63
30 64
30 65
30 66
30 67
30 68
30 69
30 70
30 71
30 73
30 74
30 75
30 76
30 79
30 80
30 82
30 83
30 86
30 88
30 89
30 90
30 91
30 92
30 93
30 94
30 96
30 97
30 100
30 105
30 106
30 107
30 108
30 110
30 111
30 113
30 114
30 117
30 118
30 120
30 121
30 124
30 125
30 126
30 128
30 129
30 131
30 132
30 133
30 137
30 138
30 139
30 140
30 141
30 142
30 143
30 144
30 145
30 146
30 147
30 148
30 150
30 151
30 152
30 153
30 154
30 155
30 156
30 158
30 159
30 160
30 161
31 32
31 34
31 35
31 36
31 38
31 40
31 41
31 42
31 45
31 46
31 47
31 49
31 50
31 51
31 54
31 55
31 56
31 57
31 58
31 60
31 61
31 62
31 63
31 65
31 66
31 67
31 68
31 69
31 70
31 71
31 73
31 75
31 76
31 77
31 78
31 79
31 81
31 82
31 84
31 85
31 86
31 87
31 88
31 89
31 90
31 91
31 93
31 94
31 97
31 99
31 100
31 101
31 102
31 103
31 104
31 105
31 106
31 108
31 110
31 111
31 112
31 114
31 115
31 116
31 118
31 120
31 123
31 124
31 125
31 126
31 127
31 129
31 130
31 131
31 132
31 133
31 134
31 135
31 136
31 137
31 139
31 141
31 142
31 143
31 144
31 147
31 149
31 151
31 152
31 153
31 154
31 155
31 157
31 158
31 159
31 160
31 161
32 35
32 36
32 38
32 39
32 40
32 43
32 46
32 49
32 51
32 52
32 54
32 55
32 57
32 58
32 59
32 61
32 63
32 64
32 65
32 66
32 67
32 68
32 69
32 70
32 72
32 73
32 74
32 75
32 77
32 79
32 80
32 82
32 84
32 88
32 89
32 93
32 95
32 98
32 99
32 100
32 101
32 102
32 104
32 105
32 106
32 108
32 109
32 111
32 112
32 114
32 115
32 116
32 117
32 118
32 121
32 125
32 126
32 127
32 128
32 129
32 130
32 131
32 133
32 134
32 136
32 137
32 138
32 140
32 141
32 142
32 145
32 147
32 148
32 149
32 151
32 152
32 153
32 156
32 158
32 159
32 161
33 40
33 41
33 42
33 45
33 47
33 49
33 51
33 54
33 55
33 56
33 58
33 62
33 67
33 70
33 74
33 77
33 79
33 80
33 83
33 87
33 89
33 91
33 93
33 94
33 100
33 102
33 106
33 108
33 109
33 115
33 122
33 127
33 128
33 131
33 133
33 137
33 139
33 140
33 149
33 150
33 152
33 153
33 154
33 158
34 36
34 37
34 38
34 42
34 44
34 45
34 46
34 49
34 54
34 55
34 57
34 61
34 62
34 63
34 64
34 65
34 66
34 67
34 68
34 72
34 73
34 74
34 79
34 81
34 83
34 84
34 85
34 86
34 90
34 93
34 94
34 95
34 99
34 101
34 102
34 103
34 106
34 108
34 112
34 113
34 115
34 117
34 118
34 125
34 126
34 129
34 131
34 133
34 135
34 136
34 137
34 138
34 141
34 145
34 147
34 149
34 150
34 151
34 152
34 153
34 154
34 155
34 157
34 159
34 160
35 36
35 37
35 38
35 39
35 40
35 42
35 44
35 46
35 49
35 50
35 51
35 52
35 53
35 54
35 55
35 57
35 59
35 66
35 67
35 68
35 69
35 70
35 71
35 72
35 73
35 74
35 75
35 77
35 79
35 80
35 83
35 85
35 86
35 89
35 90
35 91
35 93
35 95
35 96
35 97
35 99
35 101
35 104
35 105
35 106
35 108
35 111
35 112
35 113
35 115
35 116
35 117
35 118
35 119
35 120
35 125
35 129
35 130
35 132
35 133
35 134
35 135
35 137
35 138
35 142
35 146
35 147
35 149
35 151
35 152
35 153
35 157
35 158
35 160
35 161
36 38
36 40
36 44
36 45
36 46
36 49
36 51
36 53
36 55
36 56
36 58
36 61
36 65
36 67
36 69
36 70
36 72
36 73
36 74
36 75
36 76
36 77
36 80
36 83
36 84
36 86
36 87
36 88
36 89
36 91
36 92
36 93
36 95
36 100
36 101
36 105
36 107
36 109
36 114
36 116
36 117
36 118
36 123
36 124
36 126
36 128
36 129
36 130
36 133
36 134
36 136
36 137
36 138
36 139
36 141
36 142
36 147
36 148
36 150
36 151
36 152
36 153
36 155
36 157
36 160
37 38
37 39
37 40
37 42
37 44
37 46
37 48
37 51
37 53
37 54
37 57
37 58
37 59
37 64
37 65
37 67
37 68
37 69
37 72
37 73
37 74
37 75
37 80
37 89
37 91
37 93
37 94
37 95
37 97
37 98
37 99
37 101
37 102
37 106
37 108
37 111
37 112
37 115
37 118
37 121
37 122
37 123
37 126
37 130
37 131
37 137
37 138
37 139
37 140
37 141
37 142
37 152
37 154
37 156
37 159
37 160
38 40
38 42
38 43
38 44
38 45
38 46
38 47
38 49
38 50
38 51
38 52
38 54
38 55
38 56
38 58
38 59
38 61
38 62
38 64
38 65
38 66
38 68
38 69
38 70
38 71
38 74
38 76
38 79
38 80
38 83
38 84
38 86
38 87
38 88
38 89
38 90
38 91
38 93
38 94
38 95
38 96
38 97
38 98
38 99
38 100
38 102
38 103
38 105
38 106
38 107
38 108
38 109
38 111
38 112
38 113
38 114
38 115
38 117
38 118
38 121
38 122
38 123
38 125
38 126
38 129
38 130
38 131
38 133
38 134
38 135
38 137
38 138
38 139
38 140
38 141
38 142
38 143
38 146
38 147
38 148
38 149
38 150
38 151
38 154
38 155
38 157
38 158
38 161
39 42
39 45
39 46
39 49
39 51
39 54
39 56
39 61
39 63
39 65
39 66
39 67
39 70
39 71
39 72
39 73
39 76
39 77
39 83
39 84
39 89
39 91
39 92
39 97
39 98
39 100
39 105
39 106
39 109
39 110
39 112
39 113
39 114
39 115
39 116
39 117
39 118
39 120
39 125
39 129
39 131
39 133
39 134
39 137
39 138
39 139
39 143
39 147
39 149
39 150
39 151
39 152
39 154
39 157
39 159
39 160
40 42
40 43
40 44
40 45
40 46
40 47
40 49
40 50
40 51
40 52
40 53
40 54
40 56
40 57
40 58
40 59
40 62
40 63
40 64
40 65
40 67
40 68
40 69
40 70
40 71
40 72
40 73
40 74
40 75
40 77
40 79
40 80
40 83
40 84
40 85
40 86
40 87
40 89
40 90
40 92
40 94
40 95
40 96
40 97
40 99
40 102
40 103
40 104
40 106
40 107
40 108
40 109
40 111
40 112
40 113
40 114
40 115
40 116
40 117
40 118
40 123
40 125
40 126
40 127
40 128
40 129
40 130
40 131
40 134
40 135
40 137
40 138
40 139
40 140
40 141
40 142
40 146
40 147
40 148
40 150
40 151
40 152
40 153
40 155
40 158
40 159
40 160
40 161
41 45
41 46
41 48
41 49
41 50
41 51
41 52
41 54
41 55
41 56
41 58
41 61
41 66
41 67
41 68
41 69
41 70
41 72
41 75
41 79
41 84
41 89
41 93
41 99
41 101
41 102
41 103
41 104
41 105
41 106
41 108
41 114
41 116
41 118
41 121
41 126
41 134
41 135
41 137
41 139
41 140
41 145
41 150
41 151
41 157
42 44
42 45
42 50
42 52
42 54
42 55
42 62
42 64
42 66
42 68
42 69
42 70
42 72
42 73
42 74
42 75
42 77
42 79
42 83
42 85
42 89
42 93
42 94
42 97
42 99
42 100
42 101
42 102
42 103
42 106
42 108
42 109
42 112
42 113
42 114
42 115
42 116
42 117
42 118
42 123
42 125
42 126
42 127
42 129
42 130
42 131
42 133
42 134
42 135
42 136
42 139
42 142
42 146
42 150
42 151
42 152
42 153
42 157
42 158
42 160
42 161
43 44
43 45
43 49
43 50
43 51
43 54
43 56
43 57
43 58
43 59
43 63
43 65
43 66
43 69
43 70
43 71
43 72
43 74
43 75
43 76
43 79
43 84
43 86
43 87
43 88
43 89
43 90
43 91
43 92
43 93
43 100
43 102
43 104
43 105
43 106
43 108
43 109
43 111
43 112
43 113
43 114
43 115
43 116
43 118
43 125
43 128
43 129
43 131
43 132
43 134
43 137
43 138
43 140
43 143
43 145
43 151
43 152
43 156
43 158
44 45
44 46
44 49
44 51
44 52
44 54
44 55
44 56
44 58
44 59
44 61
44 64
44 66
44 67
44 68
44 69
44 70
44 71
44 72
44 73
44 74
44 75
44 76
44 77
44 79
44 80
44 81
44 83
44 84
44 85
44 86
44 88
44 89
44 90
44 92
44 94
44 95
44 97
44 98
44 99
44 100
44 101
44 102
44 104
44 105
44 107
44 108
44 110
44 111
44 112
44 113
44 114
44 115
44 116
44 117
44 120
44 121
44 122
44 125
44 126
44 127
44 131
44 133
44 134
44 135
44 137
44 138
44 139
44 140
44 141
44 143
44 146
44 147
44 150
44 151
44 152
44 154
44 155
44 158
44 160
44 161
45 46
45 49
45 50
45 52
45 53
45 54
45 55
45 56
45 57
45 58
45 61
45 64
45 66
45 67
45 68
45 69
45 70
45 71
45 72
45 73
45 74
45 76
45 79
45 80
45 82
45 83
45 84
45 87
45 89
45 94
45 97
45 98
45 100
45 101
45 103
45 104
45 105
45 108
45 109
45 110
45 111
45 112
45 113
45 114
45 115
45 116
45 117
45 118
45 119
45 125
45 126
45 128
45 129
45 130
45 133
45 134
45 135
45 137
45 138
45 139
45 140
45 141
45 142
45 143
45 145
45 146
45 147
45 148
45 149
45 150
45 152
45 153
45 154
45 155
45 157
45 158
45 159
45 160
45 161
46 47
46 48
46 49
46 50
46 53
46 54
46 58
46 62
46 63
46 64
46 65
46 67
46 68
46 69
46 70
46 73
46 74
46 75
46 77
46 79
46 80
46 82
46 84
46 86
46 87
46 88
46 89
46 91
46 94
46 96
46 99
46 101
46 102
46 105
46 106
46 113
46 114
46 118
46 121
46 123
46 125
46 126
46 127
46 128
46 130
46 135
46 136
46 137
46 139
46 142
46 146
46 147
46 149
46 151
46 154
46 158
47 51
47 56
47 65
47 69
47 71
47 74
47 80
47 85
47 93
47 94
47 102
47 103
47 106
47 110
47 112
47 114
47 117
47 123
47 125
47 126
47 134
47 137
47 142
47 150
47 154
47 160
48 51
48 54
48 59
48 65
48 67
48 68
48 70
48 73
48 74
48 75
48 79
48 84
48 89
48 93
48 95
48 100
48 101
48 103
48 105
48 107
48 108
48 113
48 114
48 117
48 123
48 125
48 126
48 128
48 130
48 135
48 137
48 142
48 143
48 150
48 154
49 50
49 51
49 52
49 53
49 55
49 56
49 59
49 61
49 63
49 65
49 66
49 67
49 68
49 69
49 70
49 71
49 72
49 73
49 76
49 79
49 81
49 84
49 86
49 88
49 89
49 90
49 91
49 92
49 93
49 94
49 96
49 97
49 98
49 100
49 101
49 102
49 103
49 104
49 105
49 106
49 107
49 108
49 111
49 112
49 113
49 114
49 115
49 116
49 117
49 118
49 119
49 121
49 123
49 124
49 125
49 127
49 129
49 130
49 134
49 135
49 136
49 137
49 138
49 141
49 142
49 143
49 145
49 146
49 150
49 151
49 152
49 153
49 154
49 155
49 157
49 158
49 159
49 161
50 51
50 52
50 54
50 55
50 56
50 62
50 63
50 64
50 66
50 67
50 68
50 69
50 70
50 71
50 73
50 74
50 75
50 79
50 81
50 83
50 86
50 89
50 92
50 93
50 94
50 95
50 97
50 98
50 101
50 102
50 106
50 108
50 110
50 111
50 112
50 114
50 115
50 117
50 118
50 124
50 125
50 126
50 129
50 131
50 133
50 136
50 137
50 138
50 139
50 141
50 142
50 143
50 145
50 146
50 149
50 150
50 151
50 152
50 153
50 154
50 155
50 157
50 161
51 54
51 56
51 58
51 59
51 61
51 62
51 63
51 64
51 65
51 66
51 67
51 68
51 69
51 70
51 71
51 72
51 73
51 74
51 76
51 77
51 79
51 80
51 81
51 83
51 84
51 86
51 87
51 88
51 89
51 91
51 92
51 94
51 95
51 97
51 98
51 99
51 100
51 101
51 102
51 103
51 104
51 105
51 106
51 107
51 108
51 109
51 110
51 111
51 112
51 114
51 116
51 118
51 121
51 122
51 125
51 126
51 127
51 129
51 131
51 133
51 134
51 136
51 137
51 138
51 139
51 140
51 141
51 142
51 143
51 145
51 146
51 147
51 148
51 149
51 150
51 151
51 152
51 153
51 154
51 157
51 159
51 160
51 161
52 54
52 55
52 56
52 61
52 62
52 63
52 64
52 65
52 66
52 67
52 68
52 69
52 70
52 71
52 72
52 74
52 75
52 79
52 89
52 90
52 91
52 93
52 94
52 95
52 97
52 98
52 102
52 105
52 109
52 112
52 113
52 114
52 115
52 116
52 117
52 118
52 125
52 126
52 130
52 131
52 133
52 137
52 138
52 139
52 142
52 146
52 147
52 150
52 151
52 152
52 153
52 154
52 158
52 159
53 54
53 56
53 64
53 65
53 70
53 71
53 72
53 73
53 74
53 76
53 79
53 86
53 88
53 89
53 92
53 93
53 94
53 97
53 98
53 99
53 100
53 101
53 113
53 115
53 118
53 125
53 127
53 130
53 134
53 137
53 138
53 139
53 142
53 143
53 146
53 147
53 150
53 152
53 153
53 154
53 158
53 161
54 56
54 58
54 59
54 61
54 65
54 66
54 67
54 68
54 69
54 70
54 71
54 72
54 73
54 74
54 75
54 76
54 77
54 79
54 81
54 82
54 84
54 87
54 88
54 89
54 90
54 91
54 92
54 94
54 96
54 97
54 98
54 99
54 101
54 102
54 104
54 105
54 106
54 107
54 108
54 109
54 110
54 111
54 112
54 113
54 114
54 115
54 116
54 117
54 118
54 119
54 121
54 125
54 126
54 127
54 128
54 129
54 130
54 131
54 132
54 133
54 134
54 137
54 138
54 139
54 141
54 145
54 146
54 147
54 149
54 150
54 151
54 153
54 154
54 155
54 157
54 159
54 161
55 57
55 58
55 59
55 61
55 62
55 63
55 65
55 66
55 67
55 68
55 69
55 72
55 73
55 74
55 75
55 76
55 77
55 79
55 81
55 85
55 87
55 89
55 90
55 96
55 98
55 99
55 100
55 101
55 102
55 105
55 108
55 110
55 111
55 112
55 113
55 114
55 115
55 117
55 118
55 119
55 120
55 121
55 125
55 126
55 128
55 129
55 130
55 134
55 135
55 137
55 138
55 139
55 141
55 142
55 143
55 145
55 146
55 147
55 148
55 150
55 151
55 153
55 154
55 158
55 161
56 57
56 58
56 59
56 61
56 62
56 63
56 64
56 65
56 66
56 68
56 70
56 72
56 73
56 74
56 75
56 77
56 79
56 81
56 82
56 83
56 84
56 88
56 89
56 90
56 91
56 92
56 93
56 94
56 95
56 96
56 97
56 98
56 99
56 100
56 101
56 102
56 103
56 104
56 105
56 106
56 107
56 108
56 109
56 110
56 113
56 114
56 115
56 116
56 117
56 118
56 119
56 120
56 122
56 124
56 126
56 127
56 128
56 129
56 130
56 131
56 132
56 133
56 134
56 135
56 137
56 139
56 140
56 141
56 142
56 146
56 147
56 150
56 151
56 152
56 154
56 155
56 156
56 157
56 158
56 159
56 161
57 60
57 64
57 65
57 66
57 72
57 73
57 74
57 76
57 79
57 81
57 84
57 86
57 88
57 93
57 94
57 98
57 99
57 101
57 102
57 105
57 106
57 108
57 109
57 111
57 112
57 115
57 116
57 117
57 124
57 128
57 129
57 130
57 131
57 132
57 135
57 151
57 152
57 153
57 154
57 161
58 59
58 63
58 66
58 68
58 69
58 70
58 71
58 73
58 75
58 76
58 77
58 78
58 79
58 83
58 87
58 88
58 89
58 90
58 91
58 94
58 95
58 96
58 97
58 101
58 102
58 106
58 107
58 108
58 109
58 110
58 113
58 114
58 115
58 116
58 117
58 118
58 119
58 124
58 125
58 126
58 127
58 128
58 129
58 130
58 131
58 133
58 134
58 135
58 137
58 138
58 141
58 142
58 143
58 149
58 150
58 151
58 152
58 157
58 158
58 161
59 63
59 65
59 67
59 68
59 69
59 70
59 71
59 72
59 73
59 74
59 76
59 77
59 79
59 81
59 82
59 84
59 87
59 90
59 91
59 92
59 101
59 102
59 103
59 104
59 106
59 108
59 109
59 115
59 116
59 117
59 118
59 122
59 123
59 125
59 127
59 128
59 129
59 130
59 131
59 133
59 134
59 135
59 136
59 137
59 139
59 142
59 146
59 147
59 150
59 152
59 158
59 159
60 65
60 67
60 68
60 69
60 71
60 82
60 94
60 97
60 102
60 108
60 128
60 129
60 134
60 138
60 141
60 150
60 158
61 63
61 65
61 66
61 67
61 68
61 70
61 71
61 72
61 73
61 74
61 75
61 77
61 79
61 89
61 91
61 92
61 93
61 94
61 98
61 101
61 102
61 106
61 108
61 109
61 111
61 112
61 113
61 115
61 116
61 120
61 125
61 127
61 129
61 133
61 134
61 137
61 139
61 141
61 145
61 149
61 150
61 151
61 152
61 153
61 157
61 158
61 159
61 160
61 161
62 64
62 66
62 68
62 70
62 73
62 74
62 75
62 79
62 81
62 82
62 85
62 88
62 94
62 98
62 101
62 102
62 105
62 112
62 114
62 115
62 118
62 119
62 125
62 129
62 131
62 133
62 134
62 137
62 138
62 139
62 142
62 145
62 147
62 149
62 150
62 151
62 152
62 158
62 161
63 64
63 65
63 66
63 67
63 69
63 71
63 72
63 73
63 74
63 75
63 77
63 79
63 80
63 83
63 87
63 88
63 89
63 91
63 92
63 94
63 95
63 100
63 101
63 102
63 103
63 105
63 106
63 108
63 110
63 112
63 114
63 115
63 116
63 119
63 121
63 125
63 126
63 128
63 129
63 130
63 131
63 133
63 136
63 137
63 138
63 139
63 145
63 147
63 150
63 151
63 152
63 154
63 157
63 158
63 159
63 161
64 67
64 68
64 69
64 71
64 72
64 73
64 74
64 76
64 77
64 78
64 79
64 82
64 84
64 86
64 87
64 88
64 89
64 90
64 91
64 92
64 93
64 97
64 98
64 99
64 101
64 102
64 103
64 105
64 106
64 107
64 109
64 110
64 111
64 112
64 113
64 114
64 115
64 116
64 117
64 118
64 120
64 121
64 124
64 125
64 126
64 127
64 128
64 129
64 130
64 131
64 132
64 133
64 134
64 137
64 138
64 141
64 142
64 143
64 145
64 146
64 147
64 149
64 151
64 153
64 154
64 155
64 156
64 157
64 158
64 159
65 67
65 68
65 69
65 71
65 72
65 74
65 75
65 77
65 79
65 80
65 81
65 82
65 84
65 85
65 86
65 87
65 89
65 90
65 91
65 92
65 94
65 97
65 99
65 100
65 101
65 103
65 104
65 105
65 106
65 107
65 108
65 109
65 111
65 112
65 113
65 114
65 115
65 116
65 118
65 119
65 121
65 122
65 123
65 125
65 126
65 129
65 130
65 131
65 132
65 133
65 134
65 135
65 136
65 137
65 138
65 139
65 140
65 141
65 142
65 143
65 147
65 149
65 150
65 151
65 152
65 153
65 154
65 158
65 160
66 67
66 68
66 69
66 70
66 72
66 73
66 74
66 75
66 76
66 78
66 79
66 81
66 83
66 85
66 88
66 89
66 91
66 93
66 94
66 97
66 98
66 99
66 101
66 102
66 103
66 104
66 107
66 108
66 110
66 111
66 112
66 115
66 116
66 117
66 118
66 123
66 125
66 128
66 129
66 131
66 133
66 134
66 135
66 137
66 138
66 139
66 141
66 142
66 144
66 146
66 147
66 148
66 149
66 150
66 151
66 152
66 153
66 154
66 156
66 160
66 161
67 68
67 70
67 71
67 72
67 73
67 74
67 75
67 76
67 77
67 78
67 79
67 81
67 82
67 84
67 88
67 89
67 90
67 93
67 94
67 95
67 97
67 98
67 99
67 102
67 105
67 106
67 107
67 108
67 109
67 110
67 112
67 113
67 114
67 115
67 116
67 117
67 118
67 119
67 120
67 123
67 126
67 127
67 129
67 131
67 133
67 134
67 135
67 137
67 138
67 139
67 141
67 142
67 143
67 145
67 146
67 147
67 149
67 150
67 151
67 152
67 153
67 154
67 155
67 157
67 158
67 159
67 160
68 69
68 71
68 72
68 73
68 74
68 76
68 79
68 82
68 84
68 88
68 89
68 90
68 91
68 92
68 94
68 96
68 97
68 98
68 99
68 102
68 103
68 106
68 107
68 108
68 109
68 112
68 113
68 114
68 115
68 116
68 117
68 118
68 119
68 123
68 126
68 127
68 128
68 129
68 130
68 131
68 132
68 133
68 135
68 137
68 138
68 139
68 140
68 141
68 142
68 143
68 145
68 146
68 147
68 148
68 150
68 151
68 152
68 154
68 155
68 158
68 159
68 161
69 70
69 71
69 72
69 73
69 74
69 75
69 78
69 79
69 80
69 84
69 86
69 89
69 91
69 93
69 94
69 95
69 97
69 99
69 101
69 102
69 103
69 104
69 105
69 107
69 108
69 109
69 110
69 111
69 113
69 114
69 115
69 116
69 118
69 123
69 125
69 126
69 128
69 129
69 131
69 133
69 134
69 135
69 136
69 137
69 138
69 141
69 142
69 143
69 144
69 146
69 147
69 148
69 149
69 151
69 152
69 153
69 154
69 155
69 157
69 158
69 161
70 71
70 72
70 73
70 74
70 75
70 76
70 77
70 78
70 79
70 84
70 85
70 88
70 89
70 90
70 93
70 94
70 99
70 100
70 101
70 102
70 103
70 104
70 106
70 108
70 109
70 111
70 112
70 113
70 114
70 115
70 116
70 117
70 118
70 119
70 120
70 122
70 125
70 126
70 128
70 129
70 130
70 131
70 132
70 133
70 134
70 135
70 136
70 137
70 138
70 139
70 140
70 141
70 142
70 143
70 145
70 146
70 147
70 148
70 149
70 150
70 152
70 153
70 158
70 159
70 160
70 161
71 73
71 74
71 77
71 79
71 80
71 84
71 85
71 86
71 87
71 89
71 90
71 92
71 93
71 94
71 95
71 96
71 97
71 98
71 99
71 100
71 101
71 102
71 106
71 108
71 109
71 114
71 115
71 116
71 118
71 120
71 123
71 125
71 126
71 130
71 131
71 132
71 133
71 134
71 136
71 137
71 139
71 142
71 143
71 145
71 149
71 150
71 151
71 152
71 153
71 154
71 155
71 157
71 158
71 159
71 160
71 161
72 73
72 76
72 77
72 79
72 80
72 81
72 82
72 83
72 84
72 86
72 88
72 89
72 90
72 91
72 93
72 94
72 95
72 97
72 98
72 100
72 101
72 104
72 105
72 106
72 107
72 108
72 112
72 113
72 114
72 115
72 116
72 117
72 118
72 119
72 120
72 122
72 123
72 124
72 125
72 126
72 128
72 129
72 130
72 131
72 132
72 133
72 135
72 136
72 137
72 140
72 141
72 142
72 143
72 145
72 147
72 148
72 149
72 151
72 152
72 153
72 154
72 155
72 157
72 158
72 159
72 161
73 74
73 75
73 77
73 81
73 82
73 87
73 88
73 89
73 90
73 91
73 94
73 96
73 97
73 98
73 100
73 101
73 102
73 103
73 105
73 106
73 107
73 108
73 111
73 112
73 114
73 115
73 117
73 118
73 121
73 125
73 128
73 129
73 130
73 133
73 134
73 136
73 137
73 138
73 139
73 141
73 142
73 143
73 146
73 147
73 149
73 150
73 151
73 152
73 153
73 155
73 161
74 75
74 76
74 77
74 78
74 79
74 82
74 83
74 84
74 86
74 88
74 89
74 91
74 92
74 93
74 95
74 99
74 100
74 101
74 102
74 103
74 104
74 106
74 107
74 108
74 109
74 110
74 111
74 113
74 114
74 116
74 117
74 118
74 119
74 121
74 126
74 127
74 128
74 129
74 130
74 131
74 133
74 136
74 137
74 138
74 139
74 140
74 141
74 142
74 143
74 144
74 145
74 146
74 147
74 149
74 150
74 151
74 152
74 154
74 155
74 157
74 158
74 159
74 160
74 161
75 76
75 77
75 78
75 79
75 84
75 85
75 89
75 92
75 93
75 94
75 96
75 97
75 98
75 100
75 101
75 102
75 104
75 105
75 106
75 107
75 108
75 109
75 110
75 111
75 112
75 114
75 115
75 117
75 120
75 125
75 129
75 130
75 131
75 133
75 135
75 137
75 138
75 139
75 141
75 142
75 143
75 145
75 146
75 149
75 150
75 151
75 152
75 153
75 154
75 157
75 158
75 159
75 160
75 161
76 81
76 82
76 84
76 92
76 94
76 97
76 98
76 99
76 101
76 102
76 106
76 108
76 111
76 114
76 115
76 118
76 124
76 125
76 126
76 130
76 133
76 134
76 135
76 137
76 138
76 139
76 142
76 146
76 147
76 149
76 152
76 153
76 155
77 79
77 80
77 82
77 83
77 84
77 85
77 86
77 88
77 89
77 92
77 93
77 94
77 95
77 96
77 98
77 99
77 101
77 102
77 104
77 105
77 107
77 108
77 109
77 110
77 111
77 112
77 114
77 115
77 116
77 117
77 118
77 120
77 126
77 130
77 131
77 133
77 134
77 135
77 136
77 137
77 138
77 139
77 143
77 146
77 147
77 148
77 150
77 151
77 153
77 154
77 156
77 157
77 158
77 159
77 160
78 79
78 84
78 89
78 90
78 102
78 105
78 114
78 118
78 120
78 125
78 129
78 130
78 134
78 142
78 147
78 154
78 157
78 161
79 80
79 81
79 82
79 84
79 86
79 87
79 88
79 89
79 91
79 92
79 93
79 95
79 97
79 98
79 100
79 101
79 102
79 103
79 106
79 107
79 109
79 110
79 111
79 112
79 113
79 114
79 115
79 117
79 118
79 123
79 125
79 126
79 127
79 129
79 130
79 131
79 132
79 133
79 134
79 135
79 136
79 137
79 138
79 139
79 140
79 141
79 142
79 143
79 145
79 146
79 147
79 148
79 149
79 150
79 151
79 152
79 153
79 154
79 155
79 158
79 160
79 161
80 82
80 88
80 95
80 96
80 98
80 100
80 101
80 102
80 107
80 109
80 111
80 112
80 114
80 115
80 118
80 119
80 125
80 126
80 129
80 131
80 133
80 137
80 139
80 142
80 145
80 147
80 150
80 151
80 152
80 154
80 156
80 157
80 158
80 160
80 161
81 83
81 84
81 85
81 91
81 95
81 96
81 97
81 98
81 100
81 101
81 102
81 103
81 106
81 108
81 112
81 118
81 129
81 131
81 133
81 135
81 136
81 137
81 139
81 154
81 155
81 160
81 161
82 84
82 86
82 89
82 90
82 91
82 92
82 93
82 94
82 97
82 100
82 101
82 106
82 108
82 109
82 111
82 114
82 115
82 118
82 127
82 131
82 135
82 137
82 138
82 139
82 145
82 146
82 149
82 151
82 152
82 153
82 154
82 157
82 158
82 159
82 160
83 85
83 88
83 91
83 92
83 94
83 97
83 101
83 102
83 105
83 107
83 109
83 113
83 114
83 115
83 118
83 122
83 128
83 130
83 131
83 133
83 134
83 136
83 138
83 141
83 142
83 146
83 147
83 151
83 152
83 154
83 157
83 158
83 159
84 88
84 89
84 90
84 91
84 92
84 97
84 98
84 101
84 102
84 105
84 107
84 108
84 111
84 113
84 114
84 115
84 116
84 117
84 118
84 120
84 123
84 124
84 125
84 126
84 129
84 130
84 131
84 133
84 134
84 135
84 137
84 138
84 139
84 142
84 143
84 146
84 147
84 148
84 149
84 151
84 152
84 153
84 154
84 156
84 158
84 160
84 161
85 89
85 101
85 105
85 106
85 108
85 113
85 117
85 123
85 125
85 127
85 129
85 131
85 133
85 134
85 137
85 138
85 139
85 145
85 147
85 154
85 157
85 158
86 87
86 88
86 89
86 91
86 92
86 94
86 95
86 97
86 99
86 101
86 102
86 104
86 106
86 107
86 108
86 109
86 110
86 112
86 113
86 114
86 116
86 117
86 118
86 122
86 123
86 129
86 131
86 132
86 133
86 134
86 136
86 137
86 138
86 139
86 140
86 142
86 143
86 146
86 150
86 152
86 154
86 155
87 88
87 89
87 100
87 101
87 105
87 106
87 107
87 108
87 109
87 110
87 112
87 113
87 114
87 115
87 121
87 122
87 123
87 126
87 128
87 129
87 131
87 133
87 135
87 137
87 138
87 139
87 140
87 142
87 145
87 146
87 147
87 149
87 150
87 152
87 153
87 154
87 157
87 158
87 161
88 89
88 91
88 93
88 94
88 95
88 97
88 101
88 102
88 103
88 104
88 105
88 106
88 108
88 109
88 111
88 114
88 115
88 116
88 117
88 118
88 125
88 126
88 128
88 129
88 133
88 135
88 136
88 137
88 138
88 141
88 142
88 146
88 147
88 152
88 153
88 154
88 155
88 157
88 158
88 159
88 161
89 93
89 94
89 96
89 97
89 98
89 99
89 100
89 101
89 102
89 104
89 105
89 106
89 107
89 108
89 109
89 110
89 111
89 112
89 113
89 114
89 115
89 117
89 118
89 119
89 125
89 127
89 128
89 129
89 131
89 133
89 134
89 136
89 137
89 138
89 139
89 141
89 142
89 143
89 145
89 146
89 147
89 148
89 149
89 150
89 151
89 152
89 153
89 154
89 155
89 156
89 158
89 159
89 160
89 161
90 92
90 96
90 102
90 105
90 108
90 114
90 116
90 117
90 121
90 125
90 133
90 138
90 141
90 148
90 151
90 153
90 158
90 159
91 92
91 94
91 95
91 97
91 101
91 105
91 107
91 108
91 109
91 112
91 113
91 114
91 115
91 117
91 118
91 125
91 127
91 128
91 129
91 130
91 131
91 132
91 133
91 136
91 138
91 139
91 140
91 145
91 149
91 150
91 151
91 152
91 153
91 154
91 158
92 93
92 97
92 99
92 100
92 102
92 104
92 106
92 107
92 108
92 109
92 111
92 112
92 113
92 115
92 118
92 126
92 127
92 129
92 131
92 132
92 133
92 134
92 137
92 138
92 142
92 145
92 146
92 147
92 149
92 150
92 151
92 152
92 153
92 154
92 158
92 161
93 94
93 97
93 100
93 101
93 102
93 103
93 105
93 106
93 108
93 109
93 112
93 113
93 114
93 115
93 116
93 117
93 118
93 122
93 123
93 125
93 127
93 128
93 129
93 131
93 133
93 134
93 135
93 136
93 137
93 138
93 139
93 141
93 142
93 143
93 145
93 147
93 149
93 150
93 152
93 153
93 155
93 158
93 159
94 97
94 98
94 100
94 101
94 102
94 103
94 104
94 105
94 106
94 108
94 109
94 110
94 112
94 113
94 114
94 115
94 116
94 117
94 118
94 119
94 120
94 122
94 123
94 124
94 125
94 126
94 127
94 130
94 133
94 134
94 137
94 138
94 139
94 141
94 142
94 143
94 145
94 147
94 149
94 151
94 152
94 153
94 154
94 156
94 158
94 160
94 161
95 97
95 98
95 105
95 106
95 107
95 108
95 109
95 112
95 114
95 117
95 119
95 125
95 128
95 129
95 130
95 131
95 133
95 135
95 137
95 141
95 147
95 151
95 152
95 153
95 154
95 155
96 101
96 102
96 114
96 118
96 125
96 127
96 131
96 133
96 136
96 138
96 139
96 142
96 143
96 147
96 150
96 151
96 152
96 153
96 154
96 155
96 157
96 158
97 99
97 101
97 102
97 103
97 104
97 105
97 106
97 107
97 108
97 109
97 112
97 113
97 114
97 115
97 116
97 117
97 119
97 121
97 125
97 126
97 128
97 129
97 131
97 133
97 134
97 135
97 138
97 139
97 140
97 141
97 142
97 143
97 145
97 146
97 147
97 148
97 150
97 151
97 152
97 154
97 157
97 158
97 159
97 160
97 161
98 99
98 103
98 105
98 107
98 108
98 109
98 112
98 113
98 115
98 117
98 118
98 121
98 127
98 129
98 131
98 133
98 135
98 136
98 138
98 139
98 141
98 142
98 146
98 147
98 149
98 150
98 153
98 158
98 160
99 102
99 103
99 105
99 106
99 107
99 108
99 109
99 113
99 114
99 115
99 116
99 126
99 128
99 130
99 131
99 133
99 134
99 135
99 136
99 137
99 138
99 139
99 141
99 142
99 145
99 146
99 147
99 151
99 152
99 156
99 158
99 160
99 161
100 101
100 102
100 103
100 106
100 107
100 109
100 111
100 114
100 115
100 117
100 120
100 122
100 123
100 124
100 125
100 129
100 130
100 133
100 135
100 136
100 137
100 138
100 145
100 146
100 150
100 151
100 154
100 160
100 161
101 102
101 103
101 105
101 106
101 107
101 110
101 111
101 112
101 113
101 114
101 115
101 117
101 118
101 120
101 123
101 125
101 126
101 131
101 132
101 133
101 134
101 135
101 136
101 137
101 138
101 139
101 141
101 142
101 143
101 146
101 147
101 148
101 149
101 150
101 151
101 152
101 153
101 154
101 155
101 157
101 158
101 159
101 160
101 161
102 103
102 104
102 105
102 106
102 107
102 108
102 109
102 110
102 111
102 112
102 113
102 114
102 115
102 117
102 118
102 121
102 123
102 124
102 125
102 126
102 127
102 129
102 131
102 133
102 134
102 135
102 136
102 137
102 138
102 139
102 141
102 142
102 143
102 146
102 147
102 148
102 150
102 152
102 153
102 154
102 155
102 157
102 158
102 159
102 160
102 161
103 104
103 105
103 106
103 108
103 112
103 114
103 116
103 117
103 125
103 126
103 127
103 128
103 129
103 131
103 133
103 134
103 135
103 136
103 141
103 143
103 146
103 147
103 151
103 152
103 153
103 154
103 155
103 159
103 161
104 106
104 107
104 108
104 113
104 114
104 115
104 117
104 125
104 127
104 128
104 129
104 131
104 133
104 135
104 136
104 137
104 138
104 139
104 141
104 147
104 153
104 157
105 106
105 108
105 111
105 113
105 114
105 115
105 116
105 117
105 118
105 119
105 125
105 127
105 129
105 130
105 131
105 132
105 133
105 135
105 136
105 137
105 141
105 142
105 146
105 147
105 149
105 150
105 152
105 154
105 155
105 161
106 107
106 108
106 109
106 110
106 111
106 112
106 113
106 115
106 117
106 118
106 119
106 123
106 125
106 127
106 128
106 129
106 130
106 131
106 133
106 134
106 135
106 136
106 137
106 138
106 139
106 141
106 142
106 143
106 145
106 146
106 147
106 149
106 151
106 152
106 153
106 154
106 155
106 157
106 158
106 159
106 160
106 161
107 110
107 112
107 114
107 115
107 118
107 125
107 126
107 128
107 130
107 131
107 134
107 138
107 139
107 140
107 142
107 143
107 146
107 147
107 148
107 150
107 152
107 153
107 154
107 157
107 158
107 160
108 109
108 110
108 113
108 114
108 115
108 116
108 117
108 118
108 121
108 123
108 125
108 127
108 128
108 129
108 133
108 134
108 135
108 136
108 137
108 138
108 139
108 140
108 141
108 142
108 145
108 146
108 147
108 149
108 150
108 151
108 152
108 153
108 154
108 155
108 157
108 159
108 160
108 161
109 110
109 111
109 112
109 113
109 114
109 115
109 116
109 117
109 118
109 119
109 125
109 127
109 128
109 129
109 131
109 133
109 134
109 135
109 137
109 138
109 139
109 141
109 142
109 145
109 150
109 152
109 154
109 155
109 157
109 158
110 112
110 113
110 115
110 117
110 129
110 133
110 137
110 138
110 142
110 143
110 146
110 148
110 149
110 151
110 152
110 158
110 159
111 113
111 114
111 115
111 117
111 118
111 125
111 127
111 128
111 129
111 130
111 131
111 133
111 135
111 137
111 138
111 139
111 143
111 145
111 146
111 147
111 150
111 151
111 154
111 156
111 157
111 158
111 160
112 113
112 114
112 117
112 118
112 119
112 125
112 126
112 128
112 129
112 131
112 133
112 134
112 136
112 137
112 138
112 141
112 142
112 145
112 146
112 147
112 150
112 152
112 153
112 154
112 155
112 157
112 158
112 160
112 161
113 114
113 115
113 116
113 117
113 118
113 120
113 122
113 124
113 125
113 126
113 127
113 129
113 130
113 131
113 132
113 133
113 134
113 136
113 137
113 138
113 139
113 141
113 142
113 143
113 144
113 145
113 146
113 147
113 149
113 150
113 151
113 154
113 155
113 158
113 160
113 161
114 116
114 117
114 118
114 120
114 122
114 124
114 126
114 127
114 128
114 129
114 130
114 131
114 133
114 134
114 135
114 136
114 137
114 142
114 145
114 146
114 147
114 148
114 149
114 150
114 151
114 153
114 154
114 156
114 157
114 158
114 159
114 160
114 161
115 116
115 117
115 119
115 123
115 124
115 125
115 126
115 128
115 129
115 131
115 133
115 134
115 135
115 137
115 138
115 139
115 140
115 141
115 142
115 143
115 145
115 146
115 147
115 148
115 149
115 150
115 152
115 153
115 154
115 155
115 157
115 158
115 159
115 161
116 117
116 120
116 127
116 134
116 135
116 138
116 139
116 147
116 150
116 151
116 152
116 154
116 157
116 158
116 161
117 118
117 122
117 125
117 127
117 131
117 133
117 134
117 137
117 138
117 139
117 141
117 142
117 144
117 146
117 147
117 149
117 150
117 151
117 152
117 153
117 154
117 156
117 157
117 158
117 159
117 160
118 125
118 126
118 129
118 130
118 131
118 132
118 133
118 134
118 135
118 137
118 138
118 139
118 141
118 142
118 143
118 145
118 146
118 149
118 150
118 151
118 152
118 153
118 154
118 155
118 157
118 158
118 159
118 160
119 120
119 125
119 129
119 137
119 138
119 140
119 141
119 147
119 154
119 157
119 158
120 125
120 130
120 133
120 138
120 143
120 146
120 149
120 150
120 152
120 154
120 156
120 157
120 158
121 125
121 126
121 146
121 151
121 152
121 154
122 125
122 137
122 139
122 142
122 147
122 150
122 151
122 158
122 161
123 126
123 127
123 128
123 134
123 137
123 142
123 146
123 147
123 148
123 151
123 157
123 161
124 129
124 130
124 131
124 133
124 134
124 141
124 142
124 146
124 151
124 153
124 154
125 126
125 127
125 128
125 129
125 131
125 133
125 134
125 135
125 137
125 138
125 139
125 141
125 142
125 144
125 145
125 147
125 149
125 150
125 151
125 152
125 154
125 155
125 156
125 157
125 158
125 159
125 160
125 161
126 127
126 128
126 131
126 133
126 134
126 135
126 138
126 139
126 141
126 142
126 143
126 144
126 146
126 147
126 151
126 153
126 154
126 156
126 158
126 161
127 129
127 133
127 134
127 137
127 139
127 142
127 145
127 146
127 147
127 150
127 151
127 152
127 154
127 158
127 159
127 161
128 131
128 134
128 137
128 139
128 141
128 146
128 147
128 149
128 150
128 151
128 152
128 158
129 131
129 133
129 134
129 135
129 136
129 137
129 138
129 139
129 142
129 143
129 145
129 146
129 147
129 149
129 151
129 152
129 154
129 155
129 159
129 161
130 131
130 133
130 138
130 139
130 140
130 142
130 143
130 145
130 147
130 149
130 150
130 151
130 153
130 154
130 155
130 156
130 157
130 158
131 133
131 134
131 135
131 136
131 137
131 138
131 139
131 142
131 146
131 147
131 149
131 151
131 152
131 153
131 154
131 156
131 159
131 160
132 137
132 138
132 145
132 147
132 150
132 152
132 154
132 157
133 134
133 135
133 136
133 137
133 138
133 139
133 140
133 141
133 142
133 143
133 146
133 147
133 149
133 150
133 151
133 152
133 153
133 154
133 155
133 157
133 158
133 161
134 136
134 137
134 138
134 140
134 141
134 143
134 145
134 146
134 147
134 148
134 151
134 152
134 153
134 154
134 155
134 156
134 158
134 160
134 161
135 136
135 137
135 139
135 141
135 142
135 143
135 144
135 146
135 147
135 148
135 149
135 151
135 152
135 153
135 154
135 155
135 157
135 158
135 160
135 161
136 137
136 138
136 139
136 141
136 144
136 147
136 151
136 153
136 155
136 158
136 159
137 138
137 139
137 140
137 141
137 142
137 143
137 144
137 145
137 146
137 148
137 149
137 150
137 151
137 152
137 153
137 154
137 155
137 156
137 157
137 158
137 159
137 160
138 139
138 140
138 141
138 142
138 143
138 146
138 147
138 148
138 149
138 150
138 151
138 152
138 153
138 154
138 155
138 156
138 157
138 158
138 159
139 141
139 142
139 143
139 145
139 146
139 147
139 148
139 149
139 150
139 151
139 152
139 154
139 156
139 158
139 159
139 161
140 145
140 146
140 149
140 150
140 151
140 157
140 158
141 142
141 143
141 146
141 147
141 150
141 151
141 152
141 153
141 154
141 155
141 157
141 161
142 143
142 147
142 148
142 149
142 150
142 151
142 152
142 153
142 154
142 155
142 156
142 157
142 158
142 159
142 160
142 161
143 147
143 154
143 155
143 159
144 152
144 158
145 146
145 147
145 151
145 152
145 153
145 154
145 156
145 159
145 160
145 161
146 150
146 151
146 152
146 153
146 154
146 155
146 157
146 158
146 161
147 150
147 151
147 152
147 153
147 154
147 157
147 158
147 159
147 160
147 161
148 150
148 152
148 153
148 157
148 158
148 161
149 151
149 153
149 159
149 161
150 151
150 152
150 153
150 154
150 158
150 159
150 161
151 152
151 153
151 154
151 155
151 156
151 157
151 158
151 160
152 153
152 154
152 155
152 156
152 158
152 160
152 161
153 154
153 157
153 158
153 159
154 155
154 157
154 158
154 159
154 160
155 159
155 161
156 157
157 158
157 159
157 160
157 161
158 161
159 160
160 161
