0 1
0 3
0 4
0 5
0 6
0 7
0 11
0 12
0 14
0 18
0 19
0 20
0 21
0 22
0 23
0 24
0 25
0 26
0 30
0 31
0 35
0 38
0 39
0 40
0 44
0 45
0 50
0 53
0 54
0 55
0 56
0 58
0 59
0 65
0 66
0 67
0 68
0 69
0 70
0 72
0 74
0 75
0 77
0 79
0 81
0 82
0 83
0 84
0 85
0 88
0 90
0 91
0 94
0 97
0 101
0 106
0 108
0 109
0 111
0 115
0 116
0 118
0 127
0 129
0 130
0 133
0 134
0 135
0 138
0 139
0 143
0 148
0 150
0 151
0 154
0 156
0 158
0 159
0 161
1 6
1 7
1 10
1 14
1 19
1 21
1 22
1 26
1 31
1 32
1 34
1 35
1 39
1 42
1 43
1 45
1 47
1 50
1 51
1 54
1 56
1 57
1 58
1 62
1 65
1 66
1 68
1 69
1 70
1 71
1 74
1 77
1 83
1 84
1 85
1 86
1 88
1 89
1 90
1 92
1 93
1 96
1 97
1 98
1 101
1 103
1 105
1 106
1 108
1 109
1 110
1 112
1 113
1 114
1 115
1 118
1 124
1 126
1 129
1 130
1 131
1 133
1 134
1 135
1 137
1 139
1 141
1 142
1 143
1 146
1 147
1 148
1 150
1 151
1 152
1 154
1 155
1 157
1 158
1 160
2 4
2 7
2 13
2 14
2 19
2 21
2 24
2 28
2 30
2 31
2 35
2 36
2 43
2 44
2 45
2 46
2 49
2 50
2 51
2 54
2 58
2 64
2 66
2 67
2 68
2 69
2 70
2 71
2 72
2 73
2 74
2 78
2 79
2 80
2 81
2 84
2 88
2 91
2 93
2 97
2 108
2 109
2 110
2 112
2 113
2 116
2 117
2 122
2 125
2 128
2 129
2 131
2 135
2 136
2 139
2 141
2 152
2 154
2 157
2 159
2 160
3 6
3 7
3 11
3 12
3 16
3 19
3 21
3 23
3 24
3 25
3 26
3 31
3 40
3 49
3 52
3 54
3 64
3 65
3 66
3 69
3 70
3 72
3 73
3 75
3 77
3 84
3 85
3 88
3 89
3 90
3 93
3 94
3 96
3 97
3 98
3 102
3 105
3 112
3 113
3 117
3 124
3 129
3 130
3 131
3 133
3 134
3 138
3 141
3 142
3 145
3 147
3 148
3 150
3 153
3 154
3 155
3 159
4 5
4 6
4 7
4 8
4 9
4 10
4 11
4 12
4 15
4 20
4 21
4 25
4 26
4 28
4 29
4 30
4 31
4 32
4 35
4 36
4 37
4 38
4 40
4 43
4 44
4 45
4 46
4 47
4 49
4 50
4 51
4 52
4 54
4 55
4 56
4 57
4 58
4 59
4 61
4 63
4 65
4 66
4 67
4 68
4 69
4 70
4 71
4 72
4 73
4 74
4 75
4 77
4 78
4 80
4 81
4 82
4 84
4 85
4 86
4 87
4 88
4 89
4 91
4 92
4 93
4 96
4 97
4 98
4 99
4 101
4 102
4 104
4 105
4 107
4 108
4 109
4 112
4 113
4 115
4 118
4 119
4 120
4 125
4 128
4 129
4 130
4 131
4 133
4 134
4 137
4 139
4 140
4 142
4 146
4 147
4 148
4 149
4 150
4 151
4 152
4 153
4 154
4 155
4 158
4 159
4 160
4 161
5 7
5 12
5 14
5 16
5 19
5 23
5 26
5 30
5 32
5 35
5 36
5 38
5 42
5 43
5 44
5 45
5 49
5 52
5 54
5 55
5 58
5 61
5 65
5 67
5 70
5 72
5 80
5 86
5 88
5 93
5 97
5 100
5 101
5 105
5 107
5 113
5 114
5 116
5 117
5 118
5 127
5 133
5 135
5 137
5 138
5 139
5 141
5 145
5 146
5 147
5 150
5 151
5 152
5 158
5 161
6 7
6 8
6 9
6 11
6 12
6 13
6 14
6 18
6 19
6 21
6 22
6 23
6 25
6 26
6 27
6 30
6 32
6 34
6 35
6 36
6 37
6 38
6 39
6 40
6 42
6 43
6 44
6 45
6 46
6 48
6 49
6 50
6 51
6 52
6 54
6 56
6 58
6 59
6 60
6 61
6 62
6 63
6 64
6 65
6 67
6 68
6 69
6 70
6 71
6 72
6 73
6 74
6 75
6 76
6 77
6 78
6 79
6 80
6 81
6 82
6 84
6 85
6 87
6 88
6 89
6 91
6 92
6 93
6 94
6 95
6 97
6 98
6 101
6 102
6 103
6 104
6 105
6 106
6 107
6 108
6 109
6 110
6 112
6 113
6 114
6 115
6 116
6 117
6 118
6 119
6 120
6 121
6 125
6 127
6 128
6 129
6 131
6 132
6 133
6 134
6 135
6 136
6 137
6 138
6 139
6 140
6 141
6 142
6 144
6 145
6 146
6 149
6 150
6 151
6 152
6 154
6 157
6 158
6 159
6 161
7 8
7 9
7 10
7 11
7 13
7 14
7 15
7 17
7 18
7 19
7 21
7 23
7 24
7 28
7 29
7 31
7 32
7 33
7 34
7 36
7 37
7 38
7 39
7 40
7 41
7 42
7 43
7 44
7 45
7 46
7 49
7 50
7 51
7 52
7 54
7 56
7 57
7 58
7 61
7 62
7 63
7 64
7 65
7 66
7 67
7 68
7 69
7 70
7 71
7 72
7 73
7 74
7 78
7 79
7 81
7 82
7 84
7 86
7 87
7 89
7 90
7 91
7 92
7 93
7 94
7 95
7 97
7 102
7 103
7 105
7 106
7 107
7 108
7 109
7 111
7 112
7 114
7 115
7 116
7 117
7 120
7 122
7 124
7 125
7 126
7 128
7 129
7 130
7 131
7 132
7 133
7 134
7 135
7 137
7 138
7 139
7 140
7 141
7 142
7 143
7 144
7 145
7 146
7 147
7 148
7 149
7 150
7 151
7 152
7 153
7 154
7 155
7 157
7 160
7 161
8 11
8 15
8 17
8 19
8 21
8 26
8 30
8 31
8 37
8 40
8 44
8 47
8 49
8 51
8 55
8 59
8 61
8 64
8 65
8 69
8 70
8 71
8 72
8 73
8 75
8 77
8 83
8 84
8 86
8 87
8 89
8 94
8 101
8 103
8 105
8 125
8 131
8 133
8 134
8 135
8 142
8 146
8 149
8 150
8 153
8 155
8 157
8 159
9 10
9 12
9 18
9 19
9 21
9 24
9 26
9 29
9 31
9 33
9 34
9 36
9 37
9 38
9 39
9 40
9 44
9 49
9 51
9 54
9 55
9 58
9 62
9 63
9 64
9 66
9 69
9 70
9 72
9 74
9 75
9 79
9 83
9 84
9 85
9 86
9 87
9 88
9 89
9 92
9 93
9 94
9 95
9 98
9 99
9 101
9 102
9 104
9 106
9 109
9 110
9 111
9 112
9 113
9 114
9 117
9 118
9 121
9 125
9 126
9 128
9 131
9 133
9 134
9 136
9 137
9 141
9 142
9 143
9 147
9 149
9 151
9 153
9 154
9 157
9 160
10 11
10 13
10 14
10 15
10 16
10 19
10 24
10 26
10 30
10 34
10 35
10 37
10 38
10 45
10 48
10 49
10 54
10 55
10 56
10 59
10 63
10 64
10 67
10 68
10 69
10 71
10 72
10 78
10 79
10 80
10 81
10 82
10 83
10 84
10 86
10 87
10 88
10 89
10 92
10 93
10 95
10 97
10 99
10 101
10 106
10 107
10 109
10 113
10 114
10 115
10 117
10 118
10 125
10 131
10 133
10 134
10 135
10 137
10 138
10 139
10 140
10 141
10 142
10 146
10 147
10 149
10 151
10 153
10 154
10 157
10 158
10 161
11 12
11 14
11 15
11 17
11 18
11 19
11 21
11 22
11 25
11 26
11 30
11 31
11 32
11 33
11 34
11 36
11 38
11 40
11 43
11 44
11 45
11 46
11 49
11 50
11 51
11 52
11 54
11 56
11 57
11 58
11 61
11 62
11 63
11 64
11 66
11 67
11 68
11 69
11 70
11 72
11 73
11 74
11 75
11 76
11 77
11 78
11 79
11 80
11 82
11 83
11 84
11 86
11 89
11 91
11 94
11 96
11 97
11 98
11 99
11 101
11 102
11 103
11 105
11 106
11 107
11 108
11 109
11 111
11 112
11 113
11 114
11 115
11 118
11 119
11 121
11 123
11 124
11 125
11 127
11 129
11 130
11 131
11 133
11 134
11 135
11 137
11 139
11 141
11 142
11 143
11 144
11 145
11 146
11 147
11 148
11 149
11 150
11 151
11 152
11 153
11 154
11 157
11 158
11 160
11 161
12 13
12 14
12 19
12 23
12 24
12 25
12 29
12 30
12 31
12 32
12 34
12 35
12 36
12 37
12 39
12 40
12 44
12 46
12 49
12 51
12 52
12 54
12 55
12 56
12 58
12 61
12 62
12 66
12 67
12 68
12 69
12 70
12 72
12 73
12 74
12 75
12 77
12 78
12 79
12 89
12 94
12 103
12 105
12 106
12 108
12 109
12 111
12 112
12 113
12 114
12 115
12 117
12 118
12 119
12 122
12 124
12 129
12 131
12 133
12 134
12 135
12 137
12 138
12 139
12 142
12 143
12 145
12 146
12 151
12 152
12 153
12 154
12 158
12 160
13 17
13 19
13 21
13 30
13 31
13 37
13 42
13 43
13 45
13 46
13 48
13 49
13 50
13 51
13 52
13 56
13 62
13 63
13 64
13 68
13 69
13 71
13 75
13 76
13 77
13 80
13 81
13 84
13 88
13 89
13 91
13 93
13 95
13 97
13 100
13 101
13 102
13 103
13 104
13 105
13 108
13 110
13 111
13 112
13 113
13 116
13 117
13 118
13 125
13 129
13 130
13 133
13 137
13 138
13 139
13 140
13 143
13 145
13 150
13 151
13 152
13 154
13 155
13 157
13 161
14 18
14 19
14 20
14 21
14 23
14 25
14 26
14 28
14 29
14 31
14 32
14 34
14 35
14 37
14 38
14 40
14 41
14 42
14 43
14 44
14 45
14 47
14 48
14 49
14 51
14 52
14 54
14 55
14 56
14 58
14 59
14 61
14 62
14 64
14 65
14 66
14 67
14 68
14 69
14 70
14 71
14 73
14 74
14 75
14 76
14 77
14 79
14 80
14 82
14 83
14 84
14 85
14 86
14 87
14 88
14 89
14 90
14 92
14 93
14 94
14 95
14 96
14 97
14 98
14 100
14 101
14 102
14 104
14 105
14 106
14 107
14 108
14 111
14 112
14 113
14 114
14 115
14 116
14 117
14 120
14 121
14 122
14 124
14 125
14 126
14 127
14 128
14 129
14 130
14 131
14 132
14 133
14 136
14 137
14 138
14 139
14 140
14 141
14 142
14 144
14 145
14 146
14 147
14 148
14 151
14 152
14 153
14 154
14 156
14 157
14 158
14 159
14 161
15 18
15 25
15 26
15 29
15 31
15 32
15 36
15 38
15 40
15 41
15 43
15 44
15 45
15 47
15 48
15 49
15 52
15 54
15 55
15 58
15 63
15 65
15 67
15 68
15 69
15 70
15 71
15 72
15 73
15 74
15 76
15 84
15 86
15 89
15 93
15 94
15 101
15 102
15 106
15 107
15 108
15 110
15 112
15 113
15 115
15 117
15 125
15 129
15 130
15 131
15 134
15 137
15 138
15 139
15 140
15 142
15 145
15 147
15 150
15 151
15 152
15 155
15 157
15 159
16 19
16 20
16 21
16 23
16 25
16 26
16 31
16 35
16 38
16 40
16 43
16 44
16 46
16 47
16 48
16 49
16 51
16 53
16 54
16 56
16 57
16 65
16 66
16 68
16 69
16 70
16 75
16 77
16 79
16 80
16 83
16 84
16 91
16 92
16 99
16 101
16 102
16 105
16 112
16 115
16 118
16 128
16 129
16 130
16 131
16 134
16 137
16 138
16 141
16 142
16 150
16 155
16 157
16 158
17 22
17 26
17 43
17 44
17 45
17 49
17 50
17 65
17 67
17 68
17 69
17 70
17 72
17 74
17 79
17 84
17 89
17 91
17 92
17 94
17 98
17 102
17 104
17 111
17 114
17 115
17 118
17 133
17 134
17 141
17 149
17 150
17 152
17 154
17 158
17 160
18 19
18 23
18 25
18 26
18 30
18 32
18 35
18 36
18 38
18 40
18 45
18 46
18 49
18 50
18 52
18 53
18 58
18 61
18 62
18 64
18 65
18 66
18 67
18 68
18 70
18 73
18 74
18 77
18 84
18 85
18 86
18 88
18 89
18 91
18 93
18 94
18 95
18 97
18 100
18 101
18 102
18 105
18 106
18 107
18 108
18 109
18 111
18 112
18 114
18 115
18 117
18 118
18 125
18 129
18 131
18 133
18 138
18 139
18 145
18 146
18 147
18 151
18 152
18 154
18 157
18 158
18 159
18 160
19 20
19 21
19 22
19 24
19 25
19 26
19 27
19 29
19 30
19 31
19 32
19 34
19 37
19 38
19 39
19 40
19 43
19 44
19 45
19 46
19 48
19 49
19 50
19 51
19 52
19 54
19 55
19 56
19 58
19 59
19 61
19 62
19 63
19 64
19 65
19 66
19 67
19 68
19 69
19 70
19 71
19 72
19 73
19 74
19 75
19 77
19 79
19 80
19 81
19 82
19 83
19 84
19 85
19 86
19 87
19 88
19 89
19 91
19 93
19 94
19 96
19 98
19 99
19 100
19 101
19 102
19 103
19 104
19 105
19 106
19 107
19 108
19 110
19 111
19 112
19 113
19 114
19 115
19 116
19 117
19 118
19 119
19 124
19 125
19 126
19 127
19 129
19 130
19 131
19 132
19 133
19 134
19 137
19 138
19 139
19 140
19 141
19 142
19 143
19 144
19 145
19 146
19 147
19 150
19 151
19 152
19 154
19 155
19 157
19 158
19 159
19 161
20 25
20 35
20 36
20 38
20 39
20 40
20 44
20 46
20 51
20 54
20 55
20 56
20 58
20 59
20 61
20 69
20 75
20 79
20 82
20 84
20 87
20 88
20 91
20 93
20 94
20 98
20 101
20 103
20 104
20 106
20 107
20 108
20 112
20 114
20 115
20 123
20 128
20 133
20 143
20 150
20 151
20 152
20 155
20 157
20 158
20 160
21 24
21 25
21 26
21 30
21 31
21 32
21 35
21 36
21 37
21 38
21 39
21 40
21 41
21 42
21 43
21 44
21 45
21 46
21 47
21 49
21 50
21 51
21 54
21 55
21 56
21 57
21 58
21 59
21 60
21 64
21 65
21 66
21 67
21 69
21 70
21 71
21 72
21 73
21 74
21 75
21 77
21 79
21 80
21 81
21 83
21 84
21 85
21 87
21 88
21 89
21 91
21 92
21 93
21 94
21 95
21 96
21 98
21 99
21 100
21 101
21 102
21 104
21 106
21 107
21 108
21 109
21 110
21 113
21 114
21 115
21 116
21 117
21 118
21 119
21 120
21 121
21 123
21 124
21 126
21 127
21 128
21 129
21 130
21 131
21 133
21 136
21 137
21 138
21 139
21 141
21 142
21 145
21 146
21 147
21 148
21 150
21 151
21 152
21 153
21 154
21 155
21 157
21 158
21 160
21 161
22 26
22 32
22 36
22 38
22 40
22 42
22 43
22 44
22 45
22 50
22 53
22 54
22 56
22 62
22 64
22 65
22 67
22 68
22 70
22 71
22 72
22 77
22 80
22 82
22 83
22 86
22 89
22 92
22 97
22 102
22 105
22 106
22 109
22 111
22 113
22 114
22 117
22 120
22 125
22 129
22 130
22 135
22 137
22 141
22 142
22 146
22 147
22 150
22 154
22 161
23 26
23 31
23 35
23 38
23 40
23 43
23 48
23 55
23 58
23 63
23 64
23 66
23 67
23 68
23 69
23 70
23 72
23 73
23 74
23 77
23 78
23 79
23 84
23 87
23 89
23 100
23 101
23 102
23 105
23 106
23 109
23 111
23 117
23 125
23 129
23 130
23 131
23 134
23 137
23 138
23 142
23 147
23 151
23 152
24 30
24 31
24 32
24 33
24 34
24 35
24 36
24 38
24 39
24 40
24 41
24 44
24 45
24 46
24 49
24 54
24 56
24 57
24 58
24 62
24 65
24 68
24 71
24 72
24 73
24 74
24 75
24 79
24 80
24 81
24 82
24 83
24 84
24 85
24 86
24 87
24 88
24 89
24 93
24 94
24 95
24 97
24 98
24 99
24 103
24 104
24 106
24 107
24 108
24 109
24 112
24 114
24 115
24 116
24 118
24 124
24 126
24 127
24 128
24 129
24 130
24 131
24 134
24 136
24 138
24 139
24 140
24 141
24 142
24 143
24 145
24 146
24 147
24 152
24 153
24 154
24 156
24 157
24 161
25 26
25 28
25 31
25 34
25 35
25 37
25 38
25 39
25 40
25 41
25 45
25 48
25 49
25 50
25 54
25 58
25 59
25 63
25 64
25 65
25 66
25 67
25 68
25 69
25 70
25 72
25 74
25 75
25 77
25 79
25 81
25 84
25 87
25 88
25 90
25 91
25 94
25 98
25 99
25 102
25 103
25 107
25 108
25 110
25 112
25 113
25 114
25 115
25 117
25 119
25 122
25 123
25 125
25 126
25 129
25 133
25 134
25 135
25 137
25 138
25 139
25 141
25 142
25 147
25 149
25 150
25 151
25 153
25 155
25 157
25 158
25 159
25 160
25 161
26 28
26 29
26 30
26 31
26 35
26 38
26 39
26 40
26 42
26 43
26 44
26 45
26 46
26 47
26 49
26 50
26 51
26 54
26 55
26 56
26 57
26 58
26 59
26 61
26 62
26 63
26 64
26 65
26 66
26 67
26 68
26 69
26 70
26 71
26 72
26 73
26 74
26 75
26 76
26 77
26 79
26 80
26 81
26 83
26 84
26 85
26 87
26 90
26 92
26 93
26 94
26 95
26 97
26 99
26 101
26 102
26 103
26 105
26 106
26 107
26 108
26 109
26 111
26 112
26 113
26 114
26 115
26 117
26 118
26 119
26 120
26 125
26 126
26 127
26 129
26 130
26 131
26 137
26 138
26 139
26 140
26 141
26 145
26 147
26 149
26 150
26 151
26 152
26 153
26 155
26 157
26 158
26 159
26 160
26 161
27 32
27 39
27 40
27 51
27 64
27 69
27 75
27 76
27 77
27 79
27 86
27 106
27 107
27 108
27 109
27 117
27 133
27 134
27 135
27 142
27 143
27 147
27 150
27 151
27 154
27 155
27 160
28 31
28 32
28 35
28 37
28 38
28 40
28 46
28 49
28 50
28 51
28 54
28 64
28 67
28 69
28 70
28 72
28 73
28 74
28 76
28 77
28 82
28 83
28 89
28 93
28 95
28 97
28 100
28 101
28 102
28 105
28 106
28 110
28 111
28 113
28 114
28 115
28 116
28 117
28 123
28 126
28 127
28 128
28 134
28 137
28 138
28 140
28 143
28 146
28 147
28 151
28 154
28 158
29 30
29 31
29 35
29 38
29 45
29 49
29 50
29 54
29 64
29 65
29 67
29 69
29 73
29 75
29 82
29 87
29 88
29 89
29 93
29 98
29 101
29 105
29 109
29 112
29 113
29 114
29 115
29 117
29 118
29 130
29 133
29 135
29 137
29 138
29 142
29 145
29 146
29 153
29 154
29 157
30 31
30 32
30 34
30 36
30 37
30 40
30 41
30 42
30 43
30 44
30 45
30 49
30 50
30 51
30 53
30 54
30 56
30 57
30 58
30 59
30 62
30 63
30 64
30 65
30 66
30 68
30 69
30 72
30 73
30 74
30 75
30 76
30 79
30 80
30 81
30 82
30 84
30 85
30 86
30 89
30 91
30 92
30 94
30 95
30 96
30 97
30 98
30 99
30 101
30 102
30 105
30 106
30 107
30 113
30 114
30 115
30 116
30 117
30 118
30 125
30 127
30 128
30 129
30 131
30 132
30 133
30 134
30 137
30 138
30 139
30 140
30 141
30 142
30 145
30 146
30 147
30 148
30 150
30 151
30 153
30 154
30 160
30 161
31 32
31 34
31 35
31 36
31 37
31 38
31 39
31 40
31 41
31 42
31 43
31 44
31 45
31 46
31 48
31 49
31 50
31 51
31 52
31 53
31 54
31 55
31 56
31 58
31 59
31 61
31 62
31 63
31 64
31 65
31 67
31 68
31 69
31 70
31 71
31 72
31 73
31 74
31 75
31 77
31 79
31 80
31 81
31 82
31 83
31 84
31 86
31 87
31 88
31 89
31 91
31 93
31 94
31 95
31 97
31 98
31 99
31 101
31 102
31 106
31 109
31 110
31 111
31 112
31 113
31 114
31 115
31 116
31 117
31 118
31 124
31 125
31 126
31 127
31 128
31 129
31 130
31 134
31 137
31 138
31 140
31 141
31 142
31 143
31 144
31 147
31 149
31 150
31 151
31 152
31 153
31 154
31 155
31 157
31 158
31 159
31 160
31 161
32 33
32 35
32 38
32 39
32 40
32 43
32 44
32 45
32 50
32 51
32 52
32 54
32 55
32 56
32 58
32 59
32 61
32 62
32 64
32 65
32 67
32 70
32 71
32 72
32 73
32 74
32 75
32 76
32 79
32 82
32 83
32 84
32 85
32 87
32 89
32 90
32 92
32 95
32 98
32 100
32 101
32 102
32 103
32 106
32 107
32 108
32 109
32 110
32 111
32 112
32 113
32 114
32 115
32 116
32 117
32 118
32 119
32 125
32 126
32 127
32 128
32 129
32 130
32 131
32 132
32 133
32 134
32 135
32 137
32 138
32 139
32 141
32 142
32 145
32 146
32 147
32 148
32 150
32 151
32 152
32 153
32 154
32 157
32 158
32 159
33 37
33 38
33 39
33 40
33 43
33 45
33 49
33 53
33 54
33 56
33 64
33 67
33 68
33 69
33 72
33 73
33 77
33 79
33 83
33 84
33 90
33 92
33 94
33 98
33 103
33 106
33 108
33 110
33 112
33 114
33 115
33 117
33 118
33 124
33 125
33 129
33 131
33 133
33 134
33 137
33 144
33 147
33 154
33 155
33 157
33 159
34 38
34 39
34 40
34 45
34 49
34 50
34 55
34 58
34 59
34 61
34 63
34 64
34 65
34 66
34 67
34 68
34 69
34 72
34 74
34 75
34 76
34 79
34 80
34 85
34 87
34 88
34 89
34 90
34 91
34 92
34 94
34 95
34 101
34 102
34 103
34 105
34 106
34 108
34 112
34 114
34 115
34 116
34 122
34 125
34 126
34 127
34 129
34 130
34 133
34 135
34 137
34 138
34 139
34 143
34 146
34 150
34 152
34 153
34 157
35 36
35 37
35 39
35 40
35 45
35 49
35 51
35 54
35 55
35 56
35 58
35 60
35 63
35 64
35 65
35 66
35 68
35 71
35 74
35 77
35 81
35 82
35 83
35 84
35 85
35 86
35 89
35 93
35 94
35 97
35 98
35 99
35 101
35 102
35 104
35 105
35 106
35 107
35 108
35 109
35 111
35 112
35 113
35 114
35 115
35 117
35 118
35 120
35 121
35 125
35 126
35 127
35 129
35 132
35 133
35 134
35 135
35 137
35 138
35 139
35 142
35 143
35 145
35 147
35 149
35 150
35 151
35 153
35 154
35 157
35 158
36 37
36 38
36 39
36 40
36 42
36 44
36 45
36 46
36 48
36 49
36 51
36 53
36 54
36 55
36 56
36 57
36 58
36 59
36 62
36 63
36 66
36 67
36 68
36 69
36 71
36 74
36 75
36 77
36 79
36 80
36 82
36 83
36 84
36 85
36 87
36 88
36 92
36 93
36 95
36 97
36 99
36 101
36 104
36 106
36 107
36 112
36 113
36 115
36 116
36 117
36 118
36 122
36 125
36 128
36 131
36 134
36 135
36 138
36 139
36 141
36 143
36 144
36 146
36 147
36 148
36 149
36 152
36 153
36 154
36 155
36 157
36 158
36 159
37 38
37 39
37 40
37 42
37 43
37 48
37 50
37 51
37 54
37 55
37 56
37 58
37 63
37 64
37 65
37 67
37 68
37 73
37 75
37 76
37 77
37 79
37 80
37 82
37 84
37 85
37 89
37 90
37 91
37 92
37 93
37 94
37 97
37 101
37 102
37 104
37 105
37 106
37 108
37 109
37 111
37 113
37 114
37 115
37 116
37 117
37 118
37 119
37 125
37 126
37 128
37 129
37 131
37 133
37 134
37 137
37 138
37 139
37 141
37 142
37 147
37 148
37 152
37 153
37 154
37 155
37 157
37 158
37 160
37 161
38 39
38 40
38 41
38 44
38 48
38 49
38 51
38 53
38 56
38 57
38 58
38 59
38 64
38 65
38 67
38 68
38 69
38 70
38 72
38 73
38 75
38 79
38 82
38 86
38 88
38 90
38 93
38 94
38 95
38 96
38 97
38 98
38 99
38 100
38 101
38 102
38 104
38 105
38 106
38 107
38 108
38 112
38 113
38 114
38 115
38 116
38 117
38 118
38 119
38 125
38 127
38 128
38 129
38 130
38 131
38 133
38 134
38 135
38 136
38 137
38 138
38 139
38 141
38 142
38 143
38 144
38 145
38 146
38 147
38 148
38 150
38 151
38 152
38 155
38 156
38 157
38 158
38 159
38 161
39 40
39 43
39 44
39 45
39 46
39 49
39 50
39 51
39 53
39 56
39 57
39 59
39 64
39 65
39 66
39 67
39 69
39 70
39 71
39 72
39 74
39 75
39 76
39 77
39 83
39 84
39 85
39 86
39 89
39 97
39 100
39 101
39 106
39 108
39 109
39 110
39 112
39 113
39 114
39 117
39 118
39 125
39 126
39 127
39 130
39 131
39 133
39 134
39 135
39 137
39 138
39 139
39 141
39 142
39 147
39 150
39 152
39 154
39 157
40 44
40 45
40 46
40 47
40 48
40 49
40 51
40 52
40 54
40 55
40 56
40 58
40 59
40 63
40 64
40 65
40 66
40 67
40 68
40 69
40 70
40 71
40 73
40 74
40 75
40 77
40 78
40 80
40 83
40 84
40 85
40 86
40 87
40 88
40 89
40 90
40 91
40 92
40 93
40 94
40 95
40 96
40 97
40 98
40 99
40 100
40 101
40 102
40 104
40 105
40 106
40 107
40 108
40 109
40 110
40 111
40 112
40 113
40 114
40 115
40 116
40 117
40 118
40 123
40 125
40 127
40 128
40 129
40 130
40 131
40 133
40 134
40 135
40 137
40 138
40 139
40 140
40 142
40 143
40 144
40 145
40 146
40 147
40 149
40 150
40 151
40 152
40 157
40 158
40 159
40 160
41 43
41 44
41 45
41 49
41 50
41 54
41 56
41 69
41 70
41 71
41 74
41 79
41 87
41 90
41 93
41 97
41 98
41 101
41 106
41 110
41 111
41 113
41 118
41 125
41 134
41 135
41 137
41 138
41 142
41 147
41 152
41 154
42 43
42 44
42 45
42 46
42 47
42 54
42 58
42 59
42 62
42 64
42 65
42 68
42 72
42 74
42 77
42 78
42 79
42 80
42 83
42 84
42 89
42 91
42 93
42 94
42 96
42 97
42 98
42 100
42 102
42 108
42 109
42 112
42 113
42 118
42 119
42 124
42 128
42 129
42 130
42 133
42 134
42 137
42 142
42 145
42 146
42 147
42 149
42 150
42 151
42 154
42 155
42 160
43 45
43 49
43 51
43 54
43 55
43 56
43 59
43 64
43 66
43 67
43 68
43 70
43 71
43 72
43 76
43 77
43 78
43 79
43 81
43 84
43 86
43 91
43 92
43 93
43 94
43 95
43 97
43 99
43 105
43 106
43 108
43 111
43 112
43 113
43 114
43 115
43 118
43 123
43 125
43 132
43 133
43 137
43 139
43 141
43 142
43 143
43 146
43 147
43 148
43 149
43 150
43 151
43 154
43 158
43 161
44 45
44 47
44 48
44 49
44 51
44 52
44 53
44 54
44 55
44 56
44 57
44 58
44 60
44 61
44 62
44 64
44 65
44 66
44 67
44 68
44 69
44 70
44 71
44 72
44 73
44 74
44 75
44 77
44 78
44 79
44 81
44 83
44 84
44 86
44 89
44 90
44 91
44 92
44 93
44 94
44 95
44 97
44 99
44 101
44 102
44 103
44 107
44 108
44 110
44 111
44 112
44 113
44 114
44 115
44 116
44 117
44 118
44 119
44 121
44 123
44 125
44 126
44 127
44 128
44 130
44 131
44 133
44 134
44 135
44 137
44 138
44 139
44 140
44 141
44 142
44 144
44 145
44 146
44 147
44 150
44 151
44 152
44 153
44 154
44 155
44 157
44 158
44 159
44 160
44 161
45 46
45 48
45 49
45 50
45 51
45 53
45 54
45 58
45 59
45 61
45 62
45 64
45 66
45 67
45 68
45 69
45 70
45 72
45 73
45 74
45 75
45 76
45 77
45 79
45 81
45 83
45 84
45 86
45 88
45 89
45 92
45 93
45 94
45 95
45 96
45 97
45 98
45 100
45 102
45 103
45 104
45 105
45 106
45 108
45 110
45 111
45 112
45 113
45 115
45 116
45 119
45 122
45 124
45 125
45 126
45 127
45 128
45 129
45 131
45 133
45 134
45 135
45 136
45 137
45 138
45 139
45 141
45 142
45 143
45 147
45 148
45 149
45 150
45 152
45 153
45 154
45 155
45 156
45 157
45 158
45 160
45 161
46 47
46 49
46 51
46 54
46 58
46 60
46 63
46 65
46 67
46 69
46 70
46 71
46 72
46 73
46 74
46 75
46 76
46 77
46 79
46 83
46 84
46 86
46 88
46 89
46 91
46 93
46 94
46 95
46 97
46 98
46 101
46 102
46 103
46 104
46 105
46 108
46 109
46 112
46 113
46 115
46 117
46 123
46 125
46 126
46 127
46 129
46 130
46 131
46 132
46 133
46 134
46 137
46 138
46 139
46 141
46 142
46 145
46 146
46 147
46 148
46 150
46 151
46 154
46 157
46 159
47 49
47 54
47 59
47 66
47 79
47 89
47 90
47 92
47 97
47 102
47 106
47 107
47 108
47 109
47 113
47 117
47 129
47 130
47 138
47 145
47 150
47 153
47 154
47 160
48 49
48 54
48 57
48 64
48 67
48 68
48 69
48 70
48 72
48 73
48 74
48 77
48 79
48 80
48 86
48 89
48 97
48 101
48 102
48 108
48 109
48 117
48 118
48 125
48 126
48 131
48 134
48 137
48 138
48 139
48 141
48 142
48 147
48 151
48 154
48 155
49 50
49 51
49 53
49 54
49 55
49 56
49 58
49 59
49 61
49 62
49 64
49 65
49 66
49 68
49 69
49 70
49 71
49 72
49 73
49 74
49 76
49 77
49 78
49 79
49 80
49 81
49 82
49 84
49 86
49 87
49 89
49 90
49 91
49 93
49 94
49 95
49 97
49 98
49 100
49 101
49 102
49 103
49 105
49 106
49 107
49 108
49 109
49 112
49 113
49 114
49 115
49 116
49 117
49 119
49 120
49 123
49 124
49 125
49 126
49 128
49 129
49 130
49 132
49 133
49 134
49 135
49 136
49 137
49 138
49 141
49 142
49 143
49 145
49 146
49 147
49 148
49 149
49 150
49 151
49 152
49 154
49 155
49 156
49 158
49 159
49 160
49 161
50 51
50 55
50 58
50 59
50 62
50 63
50 64
50 66
50 67
50 68
50 70
50 71
50 72
50 73
50 74
50 76
50 77
50 79
50 80
50 84
50 89
50 90
50 91
50 93
50 94
50 97
50 98
50 100
50 101
50 102
50 106
50 107
50 110
50 112
50 113
50 114
50 115
50 116
50 117
50 122
50 126
50 128
50 129
50 130
50 131
50 136
50 137
50 138
50 140
50 141
50 142
50 143
50 146
50 147
50 149
50 151
50 152
50 154
50 156
50 157
50 159
50 160
50 161
51 52
51 53
51 54
51 55
51 57
51 58
51 59
51 61
51 63
51 64
51 65
51 66
51 67
51 68
51 70
51 71
51 72
51 73
51 74
51 75
51 77
51 78
51 79
51 80
51 81
51 82
51 84
51 85
51 86
51 88
51 89
51 91
51 92
51 93
51 94
51 95
51 96
51 97
51 98
51 99
51 100
51 101
51 102
51 103
51 104
51 105
51 107
51 108
51 109
51 110
51 111
51 112
51 113
51 115
51 117
51 118
51 119
51 120
51 121
51 123
51 124
51 126
51 127
51 128
51 129
51 130
51 131
51 133
51 134
51 136
51 137
51 138
51 139
51 140
51 141
51 142
51 143
51 144
51 145
51 146
51 147
51 148
51 149
51 150
51 151
51 152
51 156
51 157
51 158
51 160
51 161
52 54
52 55
52 59
52 62
52 67
52 70
52 71
52 74
52 77
52 80
52 82
52 83
52 85
52 89
52 94
52 97
52 99
52 103
52 105
52 107
52 109
52 111
52 112
52 113
52 114
52 116
52 117
52 127
52 128
52 129
52 131
52 133
52 137
52 138
52 139
52 140
52 143
52 144
52 146
52 148
52 152
52 154
52 157
52 158
52 159
52 161
53 54
53 60
53 62
53 67
53 68
53 69
53 70
53 71
53 73
53 74
53 75
53 77
53 79
53 88
53 98
53 101
53 102
53 104
53 108
53 111
53 118
53 119
53 125
53 129
53 135
53 137
53 138
53 139
53 140
53 142
53 143
53 146
53 147
53 148
53 149
53 154
53 158
54 55
54 56
54 58
54 59
54 61
54 62
54 63
54 64
54 65
54 66
54 67
54 68
54 69
54 70
54 71
54 72
54 73
54 74
54 75
54 76
54 77
54 78
54 79
54 81
54 85
54 86
54 87
54 88
54 89
54 90
54 91
54 92
54 94
54 95
54 96
54 97
54 100
54 101
54 102
54 103
54 104
54 105
54 106
54 107
54 109
54 110
54 111
54 113
54 115
54 116
54 117
54 118
54 120
54 121
54 122
54 124
54 125
54 126
54 127
54 128
54 129
54 130
54 131
54 132
54 133
54 134
54 137
54 138
54 139
54 140
54 141
54 142
54 145
54 147
54 148
54 150
54 151
54 152
54 153
54 154
54 157
54 158
54 160
55 56
55 58
55 59
55 61
55 62
55 64
55 65
55 66
55 69
55 70
55 72
55 74
55 75
55 79
55 80
55 82
55 83
55 84
55 86
55 87
55 88
55 89
55 90
55 91
55 92
55 94
55 95
55 98
55 99
55 100
55 105
55 106
55 108
55 113
55 114
55 115
55 118
55 125
55 128
55 129
55 131
55 133
55 134
55 135
55 137
55 138
55 140
55 141
55 142
55 143
55 145
55 147
55 149
55 150
55 151
55 152
55 154
55 157
55 158
55 159
55 161
56 57
56 59
56 61
56 63
56 64
56 65
56 66
56 67
56 68
56 70
56 71
56 72
56 73
56 74
56 75
56 78
56 79
56 82
56 84
56 85
56 86
56 87
56 89
56 90
56 91
56 93
56 94
56 95
56 96
56 97
56 98
56 99
56 100
56 101
56 102
56 104
56 105
56 106
56 108
56 109
56 111
56 112
56 113
56 114
56 115
56 117
56 118
56 121
56 124
56 125
56 126
56 127
56 128
56 129
56 130
56 131
56 133
56 134
56 136
56 137
56 138
56 139
56 140
56 141
56 142
56 143
56 144
56 145
56 146
56 147
56 149
56 150
56 151
56 152
56 153
56 154
56 155
56 157
56 158
56 161
57 61
57 65
57 67
57 68
57 69
57 72
57 74
57 75
57 76
57 77
57 84
57 86
57 87
57 90
57 94
57 100
57 101
57 102
57 107
57 108
57 112
57 116
57 117
57 118
57 121
57 125
57 129
57 130
57 131
57 138
57 142
57 147
57 150
57 152
57 153
57 158
57 159
58 64
58 65
58 67
58 71
58 72
58 73
58 74
58 75
58 77
58 80
58 81
58 82
58 83
58 84
58 87
58 89
58 91
58 96
58 97
58 98
58 101
58 103
58 109
58 110
58 112
58 115
58 116
58 117
58 118
58 125
58 126
58 129
58 130
58 131
58 133
58 134
58 136
58 139
58 141
58 142
58 146
58 147
58 150
58 151
58 154
58 155
58 157
58 158
58 159
58 160
58 161
59 64
59 65
59 67
59 68
59 69
59 71
59 72
59 74
59 76
59 78
59 80
59 81
59 83
59 87
59 88
59 90
59 92
59 93
59 94
59 95
59 97
59 98
59 99
59 101
59 102
59 103
59 104
59 106
59 109
59 112
59 113
59 114
59 115
59 116
59 118
59 119
59 125
59 126
59 131
59 133
59 137
59 138
59 140
59 144
59 146
59 147
59 150
59 152
59 153
59 155
59 157
59 159
60 62
60 74
60 77
60 79
60 88
60 100
60 101
60 103
60 113
60 115
60 140
60 141
60 142
60 146
60 151
60 153
60 154
61 64
61 65
61 69
61 70
61 72
61 73
61 75
61 77
61 79
61 81
61 83
61 84
61 85
61 87
61 89
61 91
61 92
61 94
61 97
61 100
61 102
61 105
61 106
61 107
61 108
61 115
61 116
61 125
61 126
61 129
61 130
61 133
61 134
61 137
61 138
61 142
61 147
61 151
61 152
61 153
61 157
61 158
61 159
61 160
61 161
62 64
62 65
62 66
62 70
62 72
62 77
62 86
62 92
62 93
62 94
62 95
62 96
62 103
62 105
62 109
62 113
62 115
62 117
62 118
62 125
62 126
62 131
62 134
62 137
62 138
62 139
62 141
62 142
62 145
62 151
62 152
62 154
62 158
63 64
63 66
63 67
63 69
63 70
63 71
63 72
63 73
63 75
63 76
63 78
63 79
63 81
63 83
63 84
63 88
63 89
63 90
63 91
63 93
63 94
63 97
63 98
63 99
63 100
63 101
63 106
63 107
63 108
63 111
63 114
63 115
63 117
63 118
63 119
63 120
63 125
63 126
63 127
63 128
63 129
63 131
63 133
63 139
63 142
63 145
63 146
63 147
63 148
63 149
63 150
63 151
63 152
63 154
63 157
63 158
63 159
64 65
64 66
64 67
64 68
64 69
64 70
64 71
64 72
64 73
64 74
64 75
64 79
64 80
64 81
64 83
64 84
64 85
64 86
64 88
64 89
64 90
64 91
64 92
64 93
64 95
64 96
64 97
64 98
64 100
64 102
64 103
64 104
64 105
64 106
64 107
64 108
64 109
64 112
64 113
64 114
64 115
64 116
64 117
64 118
64 125
64 126
64 128
64 129
64 130
64 131
64 133
64 134
64 135
64 137
64 138
64 139
64 140
64 141
64 142
64 143
64 146
64 147
64 149
64 150
64 151
64 152
64 153
64 154
64 155
64 156
64 157
64 158
64 159
64 160
64 161
65 66
65 67
65 68
65 69
65 70
65 71
65 72
65 73
65 74
65 76
65 77
65 78
65 79
65 80
65 82
65 84
65 86
65 87
65 88
65 89
65 90
65 91
65 92
65 93
65 95
65 96
65 98
65 99
65 101
65 102
65 104
65 105
65 108
65 109
65 111
65 113
65 115
65 117
65 118
65 120
65 121
65 127
65 128
65 129
65 130
65 131
65 132
65 134
65 135
65 137
65 138
65 139
65 140
65 141
65 142
65 146
65 147
65 148
65 150
65 151
65 152
65 155
65 156
65 157
66 67
66 68
66 69
66 70
66 71
66 72
66 73
66 75
66 77
66 79
66 80
66 81
66 82
66 84
66 85
66 88
66 89
66 90
66 91
66 92
66 93
66 94
66 97
66 98
66 99
66 100
66 101
66 103
66 104
66 105
66 106
66 108
66 109
66 111
66 112
66 113
66 114
66 115
66 116
66 117
66 118
66 120
66 121
66 125
66 126
66 128
66 129
66 131
66 133
66 134
66 135
66 136
66 137
66 138
66 139
66 141
66 142
66 145
66 146
66 147
66 148
66 149
66 150
66 151
66 152
66 153
66 154
66 155
66 158
66 159
66 160
67 68
67 69
67 71
67 72
67 73
67 74
67 75
67 76
67 79
67 80
67 81
67 82
67 83
67 84
67 85
67 86
67 88
67 89
67 90
67 91
67 93
67 94
67 97
67 98
67 100
67 101
67 102
67 105
67 106
67 108
67 110
67 112
67 114
67 115
67 116
67 117
67 118
67 121
67 122
67 123
67 125
67 126
67 129
67 130
67 131
67 133
67 134
67 136
67 137
67 138
67 139
67 140
67 141
67 144
67 146
67 147
67 148
67 150
67 151
67 152
67 153
67 154
67 157
67 158
67 159
67 160
68 69
68 70
68 71
68 72
68 73
68 74
68 75
68 76
68 78
68 79
68 80
68 82
68 83
68 86
68 87
68 89
68 90
68 92
68 93
68 94
68 95
68 96
68 97
68 101
68 102
68 103
68 105
68 106
68 107
68 108
68 109
68 110
68 111
68 112
68 113
68 115
68 118
68 119
68 123
68 125
68 126
68 127
68 128
68 129
68 130
68 131
68 132
68 133
68 134
68 135
68 137
68 138
68 139
68 140
68 141
68 143
68 144
68 145
68 146
68 148
68 149
68 150
68 151
68 152
68 154
68 155
68 158
68 159
68 160
68 161
69 70
69 71
69 72
69 73
69 74
69 77
69 79
69 80
69 81
69 83
69 86
69 88
69 89
69 91
69 92
69 93
69 94
69 95
69 96
69 97
69 98
69 100
69 101
69 102
69 103
69 104
69 105
69 106
69 108
69 109
69 110
69 111
69 114
69 116
69 117
69 118
69 119
69 121
69 123
69 125
69 126
69 127
69 129
69 131
69 133
69 134
69 136
69 137
69 138
69 139
69 141
69 142
69 143
69 145
69 146
69 147
69 149
69 150
69 151
69 152
69 154
69 157
69 158
69 159
69 161
70 71
70 72
70 73
70 74
70 75
70 77
70 78
70 79
70 80
70 81
70 82
70 83
70 84
70 86
70 88
70 89
70 90
70 91
70 92
70 93
70 95
70 96
70 97
70 98
70 100
70 101
70 102
70 103
70 105
70 107
70 108
70 109
70 110
70 111
70 112
70 113
70 114
70 115
70 117
70 118
70 120
70 121
70 122
70 125
70 126
70 127
70 129
70 130
70 131
70 133
70 134
70 138
70 139
70 140
70 141
70 142
70 143
70 145
70 146
70 147
70 149
70 151
70 152
70 154
70 155
70 157
70 158
70 160
70 161
71 72
71 73
71 74
71 75
71 76
71 79
71 82
71 83
71 84
71 86
71 87
71 88
71 89
71 91
71 92
71 93
71 96
71 99
71 100
71 101
71 102
71 103
71 104
71 106
71 108
71 109
71 111
71 112
71 114
71 115
71 117
71 122
71 123
71 125
71 127
71 129
71 130
71 131
71 133
71 134
71 135
71 136
71 137
71 138
71 140
71 141
71 142
71 143
71 146
71 147
71 148
71 149
71 150
71 151
71 152
71 153
71 154
71 157
71 158
71 161
72 73
72 74
72 75
72 77
72 78
72 79
72 80
72 81
72 83
72 84
72 86
72 87
72 88
72 89
72 90
72 91
72 92
72 94
72 96
72 97
72 99
72 102
72 103
72 104
72 106
72 108
72 109
72 111
72 112
72 113
72 114
72 115
72 116
72 117
72 118
72 120
72 122
72 125
72 127
72 128
72 129
72 130
72 131
72 133
72 134
72 135
72 136
72 137
72 138
72 140
72 141
72 142
72 143
72 145
72 146
72 147
72 148
72 149
72 150
72 152
72 153
72 154
72 155
72 156
72 158
72 160
73 74
73 75
73 77
73 81
73 82
73 86
73 89
73 90
73 94
73 95
73 97
73 98
73 99
73 100
73 101
73 102
73 104
73 106
73 108
73 109
73 111
73 112
73 113
73 114
73 115
73 117
73 118
73 120
73 122
73 124
73 126
73 127
73 128
73 129
73 130
73 131
73 133
73 134
73 135
73 138
73 139
73 141
73 142
73 144
73 148
73 151
73 152
73 154
73 157
73 158
73 159
73 160
73 161
74 76
74 77
74 79
74 81
74 82
74 83
74 84
74 86
74 87
74 88
74 89
74 90
74 92
74 94
74 95
74 97
74 98
74 99
74 102
74 103
74 105
74 106
74 107
74 108
74 109
74 110
74 112
74 113
74 114
74 115
74 116
74 117
74 118
74 119
74 121
74 122
74 123
74 124
74 125
74 126
74 127
74 128
74 129
74 130
74 132
74 133
74 134
74 135
74 137
74 138
74 139
74 140
74 141
74 142
74 145
74 147
74 148
74 149
74 150
74 151
74 152
74 153
74 154
74 155
74 156
74 157
74 158
74 159
74 160
74 161
75 79
75 80
75 82
75 83
75 84
75 85
75 87
75 88
75 91
75 92
75 94
75 98
75 101
75 102
75 103
75 106
75 107
75 108
75 109
75 113
75 114
75 115
75 117
75 118
75 125
75 126
75 128
75 131
75 133
75 134
75 135
75 136
75 138
75 139
75 142
75 144
75 145
75 146
75 147
75 148
75 149
75 150
75 151
75 154
75 155
75 158
75 159
76 82
76 84
76 86
76 88
76 91
76 92
76 98
76 100
76 101
76 106
76 107
76 109
76 112
76 113
76 114
76 117
76 118
76 123
76 125
76 130
76 131
76 133
76 134
76 136
76 137
76 138
76 142
76 143
76 145
76 149
76 151
76 152
76 154
76 160
77 78
77 79
77 83
77 87
77 89
77 90
77 91
77 95
77 96
77 97
77 102
77 103
77 105
77 106
77 107
77 108
77 111
77 112
77 113
77 115
77 116
77 117
77 118
77 119
77 123
77 125
77 129
77 130
77 131
77 133
77 134
77 135
77 136
77 137
77 138
77 141
77 142
77 145
77 146
77 147
77 149
77 150
77 151
77 152
77 154
77 157
77 158
77 159
77 160
77 161
78 88
78 92
78 102
78 106
78 110
78 115
78 133
78 134
78 135
78 138
78 150
78 153
78 155
78 159
79 80
79 81
79 83
79 84
79 85
79 86
79 87
79 88
79 89
79 90
79 91
79 92
79 93
79 94
79 95
79 99
79 101
79 102
79 104
79 105
79 106
79 107
79 108
79 109
79 110
79 113
79 114
79 115
79 117
79 118
79 119
79 120
79 123
79 125
79 126
79 127
79 128
79 129
79 130
79 131
79 133
79 134
79 136
79 137
79 138
79 139
79 141
79 142
79 144
79 145
79 146
79 147
79 148
79 149
79 150
79 151
79 154
79 155
79 157
79 158
79 159
79 160
79 161
80 82
80 89
80 92
80 93
80 94
80 99
80 101
80 103
80 104
80 107
80 108
80 109
80 110
80 111
80 112
80 113
80 114
80 115
80 117
80 119
80 122
80 125
80 127
80 129
80 130
80 131
80 134
80 140
80 142
80 145
80 147
80 150
80 151
80 154
80 156
80 158
80 159
81 93
81 94
81 96
81 101
81 105
81 106
81 108
81 109
81 113
81 114
81 117
81 119
81 124
81 126
81 128
81 132
81 133
81 134
81 137
81 138
81 141
81 146
81 147
81 148
81 149
81 150
81 151
81 153
81 157
81 158
81 159
82 83
82 87
82 89
82 91
82 92
82 94
82 102
82 106
82 108
82 113
82 114
82 117
82 118
82 120
82 122
82 125
82 126
82 127
82 129
82 131
82 133
82 134
82 137
82 138
82 143
82 145
82 157
82 161
83 84
83 85
83 86
83 89
83 92
83 94
83 97
83 98
83 100
83 103
83 107
83 109
83 112
83 113
83 114
83 115
83 117
83 119
83 130
83 131
83 133
83 134
83 137
83 138
83 139
83 142
83 143
83 144
83 146
83 147
83 149
83 150
83 151
83 152
83 153
83 154
83 157
83 158
83 160
84 85
84 88
84 89
84 91
84 95
84 97
84 100
84 101
84 102
84 103
84 104
84 105
84 106
84 107
84 108
84 109
84 111
84 113
84 114
84 115
84 116
84 124
84 125
84 126
84 129
84 131
84 133
84 134
84 135
84 136
84 137
84 138
84 139
84 141
84 142
84 144
84 147
84 149
84 151
84 152
84 153
84 154
84 158
84 161
85 87
85 88
85 94
85 97
85 102
85 105
85 106
85 107
85 108
85 110
85 111
85 112
85 115
85 116
85 117
85 118
85 126
85 128
85 129
85 133
85 134
85 135
85 137
85 143
85 146
85 149
85 150
85 154
85 158
86 87
86 88
86 92
86 97
86 101
86 103
86 105
86 107
86 108
86 109
86 111
86 114
86 115
86 117
86 118
86 121
86 125
86 128
86 129
86 131
86 132
86 133
86 134
86 135
86 137
86 138
86 140
86 142
86 146
86 147
86 151
86 152
86 154
86 158
86 159
86 160
87 89
87 90
87 97
87 98
87 99
87 100
87 101
87 102
87 103
87 104
87 105
87 106
87 107
87 109
87 111
87 113
87 114
87 115
87 116
87 117
87 122
87 128
87 129
87 132
87 133
87 134
87 137
87 138
87 139
87 141
87 143
87 146
87 149
87 150
87 151
87 152
87 157
87 158
87 160
87 161
88 90
88 91
88 94
88 95
88 97
88 99
88 100
88 101
88 102
88 103
88 104
88 105
88 106
88 108
88 109
88 112
88 113
88 114
88 115
88 116
88 117
88 118
88 122
88 125
88 128
88 129
88 131
88 132
88 134
88 136
88 137
88 140
88 142
88 145
88 150
88 152
88 153
88 154
88 157
88 158
89 91
89 93
89 94
89 98
89 99
89 101
89 102
89 103
89 105
89 106
89 107
89 108
89 109
89 110
89 111
89 112
89 113
89 115
89 116
89 117
89 118
89 119
89 121
89 123
89 124
89 125
89 126
89 127
89 129
89 132
89 133
89 136
89 137
89 138
89 139
89 141
89 142
89 143
89 145
89 146
89 147
89 148
89 149
89 150
89 151
89 152
89 153
89 154
89 155
89 156
89 158
89 159
89 161
90 93
90 94
90 100
90 101
90 102
90 103
90 106
90 108
90 116
90 118
90 127
90 130
90 133
90 134
90 135
90 138
90 139
90 146
90 147
90 151
90 152
90 154
90 155
91 93
91 97
91 98
91 100
91 101
91 102
91 103
91 105
91 106
91 108
91 109
91 110
91 112
91 113
91 114
91 115
91 116
91 117
91 118
91 120
91 124
91 125
91 128
91 129
91 130
91 131
91 133
91 135
91 138
91 139
91 140
91 142
91 145
91 150
91 151
91 152
91 153
91 154
91 155
91 157
91 159
91 160
91 161
92 97
92 100
92 102
92 106
92 107
92 108
92 109
92 110
92 112
92 113
92 115
92 118
92 122
92 129
92 130
92 131
92 132
92 133
92 134
92 135
92 136
92 137
92 138
92 139
92 141
92 142
92 145
92 146
92 147
92 151
92 153
92 157
92 158
92 159
92 160
92 161
93 95
93 97
93 102
93 106
93 107
93 108
93 111
93 112
93 113
93 115
93 120
93 121
93 122
93 123
93 125
93 126
93 127
93 129
93 130
93 131
93 134
93 136
93 137
93 138
93 141
93 142
93 145
93 146
93 147
93 149
93 150
93 151
93 152
93 153
93 154
93 155
93 159
93 160
93 161
94 95
94 96
94 97
94 98
94 99
94 100
94 101
94 102
94 103
94 105
94 106
94 107
94 108
94 109
94 111
94 112
94 114
94 115
94 117
94 118
94 119
94 120
94 121
94 125
94 128
94 129
94 130
94 131
94 132
94 133
94 134
94 136
94 137
94 138
94 139
94 141
94 142
94 143
94 145
94 146
94 149
94 151
94 152
94 153
94 154
94 155
94 156
94 157
94 158
94 159
94 160
94 161
95 97
95 101
95 102
95 106
95 112
95 114
95 115
95 116
95 117
95 128
95 129
95 130
95 131
95 133
95 137
95 139
95 142
95 143
95 146
95 147
95 148
95 149
95 150
95 152
95 158
96 102
96 106
96 107
96 112
96 114
96 115
96 116
96 117
96 126
96 128
96 129
96 131
96 134
96 135
96 136
96 137
96 140
96 141
96 142
96 143
96 146
96 151
96 152
96 153
96 154
96 159
96 161
97 98
97 99
97 100
97 101
97 102
97 105
97 106
97 108
97 111
97 112
97 113
97 114
97 115
97 116
97 117
97 118
97 121
97 123
97 126
97 127
97 128
97 130
97 131
97 133
97 135
97 136
97 137
97 138
97 141
97 142
97 146
97 147
97 149
97 150
97 151
97 153
97 154
97 155
97 157
97 160
98 99
98 101
98 102
98 106
98 108
98 109
98 113
98 114
98 116
98 118
98 122
98 125
98 127
98 128
98 129
98 131
98 133
98 134
98 137
98 138
98 140
98 142
98 143
98 145
98 146
98 147
98 149
98 151
98 153
98 154
98 155
98 158
98 159
99 101
99 102
99 104
99 108
99 111
99 112
99 113
99 115
99 118
99 125
99 126
99 127
99 129
99 131
99 133
99 137
99 138
99 139
99 140
99 142
99 145
99 146
99 149
99 150
99 151
99 152
99 154
99 156
99 157
99 158
99 159
99 161
100 101
100 102
100 103
100 104
100 106
100 107
100 110
100 112
100 113
100 114
100 115
100 117
100 119
100 120
100 122
100 127
100 128
100 129
100 131
100 139
100 142
100 145
100 146
100 147
100 149
100 150
100 151
100 152
100 160
100 161
101 102
101 103
101 105
101 108
101 112
101 113
101 114
101 115
101 117
101 118
101 120
101 125
101 127
101 128
101 129
101 130
101 131
101 132
101 133
101 134
101 135
101 136
101 137
101 138
101 139
101 141
101 142
101 143
101 144
101 145
101 146
101 147
101 148
101 151
101 153
101 156
101 158
101 159
101 160
101 161
102 105
102 106
102 107
102 108
102 111
102 112
102 113
102 114
102 115
102 117
102 125
102 127
102 128
102 129
102 130
102 131
102 132
102 134
102 135
102 136
102 138
102 140
102 141
102 143
102 145
102 146
102 147
102 148
102 149
102 151
102 152
102 153
102 154
102 157
102 158
102 160
102 161
103 105
103 107
103 109
103 112
103 114
103 117
103 118
103 124
103 125
103 126
103 127
103 129
103 130
103 133
103 137
103 138
103 139
103 140
103 153
103 154
103 155
103 157
103 158
103 159
103 161
104 105
104 106
104 107
104 108
104 112
104 115
104 116
104 118
104 124
104 129
104 137
104 138
104 141
104 145
104 146
104 147
104 150
104 151
104 154
104 157
105 106
105 107
105 108
105 112
105 113
105 114
105 115
105 116
105 118
105 129
105 130
105 131
105 135
105 136
105 138
105 139
105 142
105 145
105 146
105 147
105 148
105 149
105 150
105 152
105 153
105 154
105 155
105 156
105 157
105 158
105 159
105 160
106 107
106 108
106 109
106 110
106 111
106 113
106 114
106 116
106 117
106 118
106 119
106 120
106 121
106 122
106 124
106 129
106 131
106 132
106 133
106 134
106 135
106 136
106 137
106 139
106 140
106 141
106 142
106 143
106 144
106 146
106 147
106 149
106 150
106 151
106 152
106 154
106 155
106 158
106 159
106 161
107 109
107 111
107 112
107 113
107 114
107 115
107 116
107 122
107 127
107 128
107 131
107 133
107 134
107 137
107 138
107 139
107 140
107 141
107 142
107 143
107 146
107 147
107 149
107 150
107 151
107 152
107 153
107 154
107 158
107 161
108 109
108 111
108 112
108 113
108 114
108 115
108 116
108 117
108 118
108 119
108 120
108 121
108 122
108 123
108 124
108 125
108 126
108 129
108 130
108 131
108 132
108 133
108 134
108 135
108 137
108 138
108 139
108 140
108 141
108 142
108 144
108 145
108 146
108 147
108 148
108 149
108 150
108 151
108 153
108 154
108 157
108 158
108 159
108 160
108 161
109 110
109 113
109 114
109 115
109 116
109 117
109 118
109 120
109 122
109 125
109 126
109 129
109 130
109 131
109 133
109 134
109 135
109 136
109 137
109 138
109 140
109 141
109 142
109 147
109 150
109 151
109 152
109 153
109 154
109 155
109 157
109 159
109 160
110 111
110 113
110 114
110 115
110 118
110 134
110 135
110 137
110 138
110 141
110 145
110 147
110 149
110 151
110 153
110 154
110 157
110 158
110 159
111 112
111 113
111 117
111 118
111 123
111 125
111 128
111 130
111 131
111 133
111 134
111 135
111 137
111 138
111 145
111 147
111 148
111 150
111 151
111 152
111 153
111 157
112 114
112 115
112 117
112 118
112 119
112 125
112 129
112 130
112 131
112 133
112 134
112 135
112 136
112 137
112 141
112 142
112 143
112 146
112 147
112 149
112 150
112 151
112 153
112 154
112 157
112 158
112 160
113 114
113 115
113 116
113 117
113 118
113 119
113 121
113 122
113 123
113 124
113 125
113 127
113 128
113 129
113 131
113 133
113 134
113 136
113 137
113 138
113 139
113 142
113 143
113 145
113 146
113 147
113 148
113 149
113 150
113 151
113 154
113 155
113 158
113 160
113 161
114 115
114 117
114 118
114 119
114 120
114 124
114 125
114 126
114 128
114 129
114 130
114 131
114 133
114 134
114 138
114 139
114 141
114 143
114 144
114 145
114 146
114 147
114 149
114 150
114 151
114 152
114 153
114 154
114 157
114 158
114 159
114 160
114 161
115 116
115 117
115 118
115 119
115 125
115 126
115 127
115 128
115 129
115 130
115 132
115 133
115 134
115 135
115 136
115 137
115 138
115 139
115 140
115 141
115 142
115 143
115 145
115 147
115 148
115 149
115 150
115 151
115 152
115 153
115 154
115 156
115 157
115 158
115 159
115 161
116 117
116 118
116 123
116 126
116 127
116 129
116 130
116 131
116 134
116 135
116 138
116 141
116 142
116 147
116 154
116 156
116 158
116 160
117 118
117 119
117 124
117 125
117 126
117 128
117 129
117 131
117 133
117 134
117 135
117 137
117 139
117 141
117 142
117 143
117 146
117 147
117 148
117 149
117 150
117 151
117 152
117 153
117 156
117 157
117 158
117 161
118 120
118 121
118 122
118 125
118 126
118 127
118 128
118 129
118 131
118 132
118 133
118 134
118 135
118 137
118 138
118 139
118 141
118 143
118 148
118 149
118 150
118 151
118 152
118 153
118 154
118 155
118 156
118 158
118 160
118 161
119 129
119 133
119 137
119 138
119 147
119 150
119 151
119 152
119 157
119 158
120 125
120 129
120 131
120 133
120 137
120 139
120 140
120 142
120 149
120 150
120 155
120 159
121 127
121 130
121 131
121 134
121 138
121 152
121 154
121 155
121 157
121 158
121 161
122 127
122 129
122 131
122 134
122 136
122 137
122 142
122 144
122 149
122 151
122 152
122 154
122 157
123 126
123 129
123 131
123 133
123 150
123 151
123 152
123 156
123 157
123 158
124 127
124 129
124 133
124 144
124 151
124 152
125 127
125 129
125 130
125 131
125 133
125 134
125 135
125 136
125 137
125 138
125 139
125 140
125 142
125 143
125 145
125 146
125 147
125 149
125 150
125 151
125 152
125 153
125 157
125 158
125 161
126 129
126 131
126 138
126 139
126 140
126 141
126 143
126 146
126 147
126 148
126 150
126 151
126 152
126 153
126 154
126 157
126 158
126 159
126 161
127 128
127 129
127 133
127 135
127 137
127 138
127 139
127 141
127 142
127 146
127 147
127 149
127 151
127 152
127 153
127 155
127 158
127 159
127 160
128 131
128 133
128 134
128 137
128 139
128 145
128 147
128 149
128 152
128 153
128 157
128 158
128 160
128 161
129 130
129 131
129 132
129 133
129 134
129 135
129 136
129 137
129 138
129 139
129 140
129 142
129 143
129 146
129 147
129 149
129 150
129 151
129 152
129 153
129 154
129 155
129 156
129 157
129 158
129 160
130 131
130 134
130 136
130 137
130 138
130 142
130 143
130 148
130 149
130 151
130 152
130 153
130 154
131 133
131 134
131 135
131 137
131 139
131 140
131 142
131 143
131 145
131 147
131 148
131 149
131 150
131 151
131 152
131 153
131 154
131 156
131 157
131 158
131 159
131 160
131 161
132 147
132 152
132 161
133 134
133 136
133 140
133 141
133 142
133 143
133 144
133 145
133 146
133 149
133 150
133 151
133 152
133 153
133 154
133 155
133 157
133 158
133 159
133 161
134 135
134 136
134 137
134 138
134 139
134 141
134 142
134 143
134 144
134 145
134 146
134 147
134 148
134 149
134 151
134 152
134 153
134 154
134 157
134 158
134 159
134 161
135 138
135 140
135 141
135 142
135 143
135 146
135 147
135 152
135 154
135 157
135 159
135 161
136 137
136 138
136 139
136 142
136 146
136 147
136 149
136 150
136 151
136 152
136 154
136 157
137 138
137 139
137 140
137 141
137 142
137 143
137 144
137 147
137 148
137 149
137 150
137 151
137 152
137 153
137 154
137 155
137 157
137 158
137 159
137 160
138 139
138 141
138 145
138 146
138 147
138 148
138 149
138 150
138 151
138 152
138 153
138 154
138 155
138 156
138 158
138 159
138 161
139 140
139 141
139 142
139 143
139 146
139 147
139 149
139 151
139 154
139 157
139 158
139 159
139 160
139 161
140 146
140 150
140 152
140 153
140 154
140 157
140 158
140 159
140 161
141 142
141 143
141 145
141 146
141 148
141 149
141 150
141 152
141 153
141 154
141 157
141 158
141 160
142 143
142 145
142 146
142 147
142 149
142 150
142 151
142 152
142 153
142 154
142 157
142 161
143 146
143 147
143 148
143 150
143 151
143 152
143 155
143 157
143 158
144 150
144 160
145 146
145 147
145 149
145 150
145 151
145 152
145 153
145 154
145 157
145 158
146 147
146 148
146 149
146 150
146 151
146 152
146 153
146 154
147 149
147 151
147 154
147 156
147 157
147 158
147 160
147 161
148 150
148 152
148 153
148 156
148 158
149 151
149 153
149 154
149 157
149 158
149 159
149 160
149 161
150 152
150 153
150 154
150 158
150 159
150 160
150 161
151 153
151 154
151 156
151 157
151 158
151 160
151 161
152 154
152 155
152 159
152 160
152 161
153 154
153 155
153 156
153 157
153 158
153 161
154 155
154 156
154 157
154 158
154 160
155 157
155 158
155 159
155 161
156 161
157 158
157 159
157 161
158 159
158 160
158 161
159 160
160 161
