0 3
0 4
0 5
0 7
0 11
0 12
0 13
0 14
0 15
0 25
0 31
0 32
0 34
0 35
0 37
0 38
0 40
0 41
0 44
0 45
0 49
0 51
0 55
0 56
0 58
0 62
0 66
0 67
0 68
0 70
0 73
0 74
0 75
0 77
0 79
0 80
0 88
0 89
0 94
0 96
0 98
0 105
0 106
0 108
0 109
0 114
0 117
0 118
0 126
0 127
0 128
0 129
0 131
0 133
0 135
0 136
0 137
0 139
0 142
0 145
0 147
0 150
0 151
0 152
0 153
0 154
0 158
0 161
1 2
1 4
1 5
1 6
1 7
1 9
1 10
1 11
1 13
1 14
1 15
1 18
1 19
1 21
1 25
1 26
1 30
1 31
1 32
1 33
1 34
1 35
1 37
1 38
1 39
1 40
1 43
1 44
1 45
1 49
1 50
1 51
1 54
1 55
1 56
1 58
1 61
1 62
1 65
1 67
1 68
1 69
1 70
1 71
1 72
1 73
1 74
1 76
1 77
1 79
1 80
1 83
1 84
1 85
1 86
1 88
1 89
1 91
1 93
1 94
1 97
1 100
1 101
1 102
1 105
1 106
1 107
1 109
1 112
1 113
1 114
1 115
1 117
1 118
1 122
1 125
1 127
1 130
1 131
1 133
1 134
1 135
1 137
1 138
1 139
1 141
1 142
1 146
1 147
1 148
1 150
1 153
1 154
1 157
1 160
2 3
2 4
2 5
2 6
2 7
2 11
2 12
2 14
2 18
2 19
2 21
2 29
2 30
2 32
2 35
2 36
2 37
2 38
2 42
2 43
2 44
2 46
2 48
2 51
2 56
2 62
2 63
2 64
2 66
2 69
2 70
2 71
2 72
2 73
2 74
2 75
2 79
2 82
2 87
2 89
2 91
2 92
2 97
2 101
2 102
2 106
2 108
2 111
2 112
2 114
2 116
2 117
2 119
2 125
2 127
2 129
2 135
2 137
2 138
2 139
2 141
2 142
2 143
2 147
2 150
2 151
2 159
2 160
3 4
3 6
3 9
3 10
3 12
3 14
3 21
3 22
3 23
3 24
3 25
3 26
3 30
3 31
3 32
3 36
3 40
3 45
3 48
3 49
3 54
3 55
3 61
3 62
3 63
3 64
3 65
3 67
3 68
3 69
3 72
3 74
3 81
3 84
3 93
3 94
3 97
3 102
3 105
3 106
3 107
3 108
3 109
3 113
3 115
3 117
3 129
3 131
3 133
3 134
3 136
3 137
3 138
3 141
3 142
3 147
3 149
3 151
3 153
3 157
3 160
3 161
4 6
4 8
4 9
4 10
4 11
4 13
4 14
4 15
4 17
4 19
4 20
4 22
4 23
4 24
4 25
4 26
4 27
4 28
4 30
4 31
4 32
4 34
4 36
4 37
4 38
4 39
4 40
4 45
4 46
4 49
4 50
4 51
4 52
4 53
4 54
4 55
4 56
4 57
4 58
4 63
4 64
4 65
4 66
4 67
4 69
4 70
4 72
4 73
4 75
4 76
4 77
4 78
4 79
4 80
4 82
4 83
4 84
4 85
4 86
4 87
4 88
4 89
4 90
4 91
4 92
4 93
4 94
4 95
4 96
4 97
4 99
4 101
4 102
4 103
4 105
4 106
4 107
4 108
4 109
4 111
4 112
4 113
4 114
4 115
4 117
4 118
4 119
4 121
4 122
4 125
4 127
4 128
4 129
4 130
4 132
4 134
4 135
4 136
4 137
4 138
4 139
4 141
4 143
4 144
4 145
4 147
4 148
4 149
4 150
4 152
4 153
4 154
4 157
4 158
4 159
4 160
4 161
5 6
5 11
5 13
5 20
5 21
5 26
5 31
5 32
5 34
5 36
5 37
5 38
5 40
5 46
5 51
5 56
5 63
5 65
5 66
5 67
5 69
5 71
5 72
5 73
5 74
5 75
5 77
5 81
5 84
5 87
5 89
5 90
5 97
5 98
5 101
5 105
5 107
5 109
5 113
5 116
5 117
5 120
5 122
5 129
5 130
5 132
5 136
5 138
5 151
5 152
5 153
5 161
6 7
6 9
6 10
6 12
6 13
6 14
6 15
6 16
6 18
6 20
6 21
6 22
6 23
6 24
6 32
6 34
6 35
6 36
6 37
6 38
6 40
6 43
6 44
6 45
6 46
6 49
6 51
6 52
6 53
6 54
6 55
6 56
6 57
6 58
6 61
6 63
6 64
6 65
6 66
6 67
6 68
6 69
6 70
6 73
6 74
6 75
6 76
6 77
6 78
6 79
6 80
6 81
6 82
6 83
6 84
6 85
6 86
6 88
6 89
6 93
6 95
6 97
6 98
6 101
6 102
6 103
6 106
6 108
6 109
6 110
6 112
6 113
6 114
6 115
6 116
6 117
6 118
6 119
6 120
6 122
6 125
6 126
6 127
6 128
6 129
6 130
6 131
6 132
6 133
6 134
6 135
6 137
6 139
6 140
6 141
6 142
6 146
6 147
6 148
6 149
6 150
6 151
6 152
6 153
6 154
6 156
6 157
6 158
6 159
6 161
7 8
7 9
7 11
7 13
7 14
7 19
7 21
7 22
7 23
7 24
7 26
7 29
7 30
7 31
7 32
7 34
7 35
7 36
7 37
7 38
7 40
7 42
7 44
7 45
7 46
7 48
7 49
7 51
7 52
7 54
7 55
7 56
7 57
7 59
7 60
7 61
7 62
7 63
7 65
7 66
7 67
7 68
7 69
7 70
7 72
7 73
7 74
7 77
7 78
7 79
7 80
7 82
7 83
7 85
7 86
7 87
7 88
7 89
7 91
7 93
7 94
7 98
7 100
7 101
7 102
7 105
7 106
7 107
7 108
7 109
7 112
7 113
7 114
7 115
7 117
7 118
7 119
7 122
7 125
7 126
7 129
7 130
7 132
7 133
7 135
7 136
7 137
7 138
7 139
7 140
7 141
7 142
7 143
7 145
7 146
7 147
7 148
7 150
7 152
7 153
7 154
7 155
7 156
7 157
7 159
7 160
7 161
8 14
8 16
8 21
8 30
8 31
8 33
8 34
8 35
8 36
8 37
8 38
8 39
8 40
8 49
8 62
8 63
8 64
8 65
8 71
8 72
8 74
8 75
8 76
8 77
8 79
8 81
8 83
8 85
8 86
8 87
8 92
8 94
8 96
8 97
8 102
8 106
8 108
8 114
8 115
8 117
8 118
8 126
8 129
8 131
8 135
8 137
8 139
8 141
8 146
8 147
8 149
8 150
8 151
8 154
8 158
8 159
9 14
9 17
9 18
9 19
9 21
9 22
9 25
9 28
9 29
9 34
9 35
9 36
9 37
9 38
9 39
9 40
9 42
9 43
9 45
9 51
9 54
9 55
9 56
9 59
9 60
9 61
9 65
9 67
9 68
9 69
9 70
9 72
9 73
9 74
9 75
9 76
9 77
9 79
9 80
9 81
9 82
9 87
9 88
9 89
9 91
9 94
9 99
9 101
9 103
9 104
9 105
9 106
9 108
9 110
9 113
9 114
9 115
9 117
9 118
9 123
9 125
9 127
9 129
9 130
9 131
9 133
9 137
9 138
9 139
9 140
9 142
9 143
9 145
9 146
9 148
9 149
9 150
9 151
9 152
9 153
9 154
9 155
9 157
9 158
10 11
10 12
10 14
10 15
10 17
10 19
10 21
10 25
10 26
10 30
10 32
10 35
10 36
10 37
10 38
10 40
10 42
10 43
10 45
10 46
10 49
10 50
10 52
10 54
10 56
10 59
10 61
10 62
10 63
10 64
10 65
10 66
10 67
10 68
10 69
10 70
10 72
10 74
10 77
10 79
10 81
10 83
10 84
10 85
10 86
10 88
10 89
10 94
10 95
10 96
10 99
10 101
10 102
10 103
10 104
10 105
10 106
10 108
10 109
10 113
10 114
10 117
10 118
10 120
10 121
10 122
10 123
10 125
10 130
10 131
10 133
10 134
10 135
10 136
10 137
10 139
10 141
10 142
10 146
10 147
10 149
10 150
10 151
10 152
10 154
10 156
10 158
10 161
11 12
11 13
11 14
11 15
11 19
11 21
11 23
11 24
11 26
11 27
11 28
11 30
11 32
11 34
11 35
11 36
11 38
11 39
11 40
11 41
11 42
11 44
11 45
11 46
11 47
11 49
11 51
11 52
11 54
11 55
11 56
11 59
11 60
11 63
11 64
11 65
11 66
11 67
11 69
11 70
11 72
11 73
11 74
11 75
11 77
11 80
11 81
11 83
11 84
11 86
11 88
11 89
11 90
11 93
11 94
11 95
11 99
11 100
11 101
11 102
11 104
11 108
11 109
11 110
11 111
11 113
11 114
11 115
11 116
11 117
11 118
11 124
11 125
11 126
11 127
11 129
11 131
11 133
11 134
11 135
11 137
11 138
11 139
11 140
11 141
11 142
11 143
11 145
11 146
11 147
11 148
11 150
11 151
11 153
11 154
11 155
11 158
12 14
12 18
12 19
12 21
12 24
12 25
12 26
12 30
12 31
12 35
12 40
12 43
12 45
12 49
12 51
12 55
12 58
12 64
12 66
12 68
12 70
12 71
12 73
12 77
12 79
12 80
12 82
12 83
12 84
12 89
12 92
12 94
12 95
12 96
12 98
12 99
12 100
12 102
12 103
12 104
12 108
12 109
12 111
12 112
12 114
12 115
12 116
12 117
12 118
12 122
12 125
12 127
12 128
12 129
12 133
12 138
12 139
12 142
12 145
12 146
12 147
12 149
12 150
12 151
12 152
12 154
12 155
12 156
12 158
12 159
12 160
13 14
13 15
13 16
13 18
13 24
13 26
13 30
13 31
13 34
13 38
13 39
13 40
13 41
13 42
13 43
13 46
13 47
13 49
13 51
13 52
13 54
13 56
13 57
13 58
13 59
13 63
13 67
13 68
13 69
13 70
13 72
13 73
13 75
13 77
13 81
13 85
13 86
13 88
13 89
13 94
13 95
13 96
13 98
13 99
13 103
13 106
13 107
13 108
13 111
13 114
13 115
13 117
13 118
13 119
13 125
13 127
13 129
13 134
13 138
13 139
13 140
13 142
13 145
13 147
13 149
13 151
13 152
13 154
13 155
13 158
14 16
14 17
14 18
14 19
14 21
14 24
14 26
14 27
14 31
14 32
14 33
14 34
14 35
14 36
14 37
14 38
14 39
14 41
14 42
14 43
14 44
14 45
14 49
14 51
14 52
14 54
14 55
14 56
14 57
14 58
14 59
14 62
14 65
14 66
14 67
14 68
14 69
14 70
14 71
14 72
14 73
14 74
14 79
14 80
14 82
14 84
14 86
14 87
14 88
14 89
14 90
14 91
14 92
14 93
14 96
14 97
14 98
14 99
14 100
14 103
14 104
14 105
14 106
14 109
14 110
14 111
14 112
14 113
14 115
14 116
14 117
14 119
14 120
14 122
14 123
14 125
14 126
14 127
14 128
14 130
14 131
14 132
14 134
14 135
14 136
14 137
14 138
14 139
14 141
14 142
14 145
14 146
14 147
14 149
14 155
14 157
14 158
14 161
15 17
15 19
15 20
15 23
15 26
15 29
15 30
15 31
15 32
15 34
15 35
15 36
15 38
15 39
15 40
15 44
15 45
15 49
15 50
15 54
15 56
15 59
15 61
15 63
15 64
15 65
15 67
15 68
15 69
15 70
15 71
15 75
15 76
15 79
15 82
15 83
15 84
15 86
15 92
15 93
15 99
15 104
15 105
15 106
15 107
15 108
15 110
15 111
15 112
15 114
15 115
15 118
15 126
15 128
15 130
15 133
15 134
15 138
15 139
15 141
15 142
15 143
15 144
15 145
15 154
15 158
15 160
15 161
16 19
16 21
16 25
16 26
16 28
16 30
16 31
16 32
16 40
16 42
16 45
16 51
16 53
16 54
16 62
16 63
16 64
16 65
16 67
16 68
16 69
16 70
16 72
16 76
16 79
16 82
16 84
16 85
16 87
16 93
16 97
16 98
16 100
16 102
16 106
16 109
16 112
16 114
16 115
16 116
16 117
16 118
16 119
16 125
16 129
16 131
16 133
16 135
16 138
16 141
16 151
16 153
16 154
16 155
16 158
16 161
17 25
17 26
17 30
17 32
17 38
17 40
17 42
17 43
17 46
17 64
17 69
17 71
17 74
17 77
17 82
17 86
17 89
17 93
17 94
17 102
17 103
17 105
17 113
17 114
17 124
17 129
17 131
17 133
17 138
17 146
17 148
17 150
17 154
17 158
17 161
18 19
18 22
18 26
18 29
18 30
18 32
18 33
18 34
18 35
18 37
18 40
18 49
18 50
18 54
18 55
18 56
18 57
18 58
18 61
18 63
18 65
18 67
18 68
18 69
18 70
18 72
18 74
18 75
18 77
18 79
18 82
18 84
18 86
18 88
18 89
18 90
18 91
18 92
18 93
18 94
18 97
18 99
18 101
18 102
18 105
18 106
18 108
18 112
18 113
18 114
18 115
18 116
18 117
18 118
18 119
18 124
18 125
18 129
18 131
18 132
18 134
18 135
18 136
18 137
18 140
18 142
18 143
18 146
18 148
18 150
18 151
18 152
18 153
18 157
18 158
18 160
19 21
19 23
19 24
19 26
19 27
19 28
19 31
19 32
19 33
19 34
19 36
19 37
19 38
19 40
19 41
19 42
19 44
19 46
19 47
19 49
19 50
19 51
19 54
19 55
19 56
19 58
19 61
19 62
19 63
19 64
19 65
19 66
19 67
19 68
19 69
19 70
19 71
19 72
19 73
19 74
19 75
19 76
19 77
19 79
19 80
19 82
19 83
19 84
19 85
19 86
19 87
19 88
19 89
19 90
19 91
19 92
19 93
19 95
19 96
19 97
19 98
19 99
19 100
19 101
19 102
19 103
19 104
19 105
19 106
19 107
19 108
19 109
19 110
19 111
19 112
19 113
19 114
19 115
19 116
19 117
19 118
19 121
19 122
19 124
19 125
19 126
19 128
19 129
19 131
19 133
19 134
19 137
19 138
19 139
19 140
19 141
19 142
19 143
19 145
19 146
19 147
19 148
19 151
19 152
19 153
19 154
19 155
19 156
19 157
19 158
19 159
19 160
19 161
20 30
20 34
20 37
20 39
20 42
20 43
20 51
20 52
20 55
20 58
20 66
20 69
20 70
20 71
20 73
20 80
20 82
20 85
20 86
20 89
20 92
20 93
20 100
20 104
20 105
20 107
20 111
20 112
20 113
20 115
20 118
20 125
20 127
20 128
20 129
20 131
20 133
20 138
20 139
20 142
20 145
20 146
20 147
20 152
20 154
21 22
21 23
21 24
21 25
21 26
21 30
21 31
21 32
21 33
21 34
21 35
21 36
21 38
21 40
21 42
21 43
21 44
21 45
21 46
21 48
21 50
21 51
21 54
21 57
21 59
21 60
21 61
21 63
21 64
21 65
21 66
21 67
21 68
21 69
21 70
21 71
21 72
21 73
21 74
21 77
21 78
21 79
21 80
21 82
21 83
21 85
21 86
21 88
21 89
21 91
21 94
21 95
21 97
21 99
21 101
21 102
21 103
21 104
21 106
21 108
21 109
21 111
21 112
21 113
21 114
21 115
21 116
21 117
21 118
21 119
21 125
21 126
21 127
21 129
21 130
21 131
21 133
21 134
21 135
21 136
21 137
21 138
21 139
21 140
21 142
21 143
21 145
21 146
21 147
21 148
21 149
21 150
21 151
21 152
21 153
21 154
21 155
21 157
21 158
21 159
21 160
21 161
22 25
22 32
22 35
22 40
22 44
22 45
22 49
22 50
22 51
22 52
22 56
22 58
22 61
22 63
22 64
22 65
22 66
22 68
22 69
22 72
22 74
22 77
22 88
22 89
22 91
22 96
22 97
22 99
22 101
22 104
22 106
22 108
22 109
22 114
22 115
22 117
22 118
22 121
22 125
22 127
22 129
22 130
22 131
22 133
22 137
22 140
22 142
22 147
22 152
22 160
23 24
23 25
23 26
23 31
23 32
23 35
23 36
23 38
23 41
23 42
23 43
23 44
23 51
23 54
23 55
23 63
23 64
23 66
23 67
23 68
23 70
23 71
23 72
23 73
23 88
23 89
23 90
23 97
23 101
23 102
23 106
23 108
23 109
23 111
23 113
23 115
23 121
23 126
23 129
23 131
23 134
23 135
23 138
23 139
23 143
23 145
23 146
23 147
23 150
23 153
23 154
23 158
23 160
23 161
24 26
24 28
24 30
24 31
24 32
24 34
24 36
24 38
24 39
24 40
24 42
24 43
24 44
24 45
24 46
24 47
24 49
24 50
24 52
24 55
24 56
24 57
24 58
24 59
24 60
24 62
24 64
24 66
24 67
24 68
24 69
24 70
24 71
24 72
24 74
24 75
24 76
24 77
24 80
24 83
24 84
24 86
24 87
24 91
24 92
24 93
24 94
24 98
24 101
24 102
24 103
24 104
24 108
24 111
24 112
24 113
24 115
24 118
24 122
24 123
24 125
24 129
24 131
24 133
24 134
24 138
24 142
24 145
24 146
24 147
24 149
24 150
24 151
24 152
24 154
24 158
24 161
25 26
25 28
25 29
25 31
25 32
25 36
25 39
25 41
25 42
25 45
25 48
25 49
25 50
25 51
25 54
25 56
25 58
25 59
25 61
25 62
25 64
25 66
25 68
25 69
25 71
25 72
25 74
25 77
25 82
25 84
25 86
25 88
25 89
25 91
25 95
25 101
25 102
25 105
25 108
25 110
25 111
25 112
25 113
25 114
25 115
25 118
25 124
25 126
25 127
25 129
25 130
25 131
25 132
25 133
25 134
25 135
25 137
25 138
25 139
25 140
25 145
25 146
25 147
25 148
25 150
25 151
25 153
25 158
25 160
25 161
26 28
26 29
26 32
26 36
26 37
26 38
26 39
26 40
26 41
26 44
26 45
26 46
26 47
26 48
26 49
26 50
26 51
26 52
26 54
26 55
26 56
26 57
26 58
26 59
26 61
26 62
26 65
26 66
26 67
26 68
26 69
26 70
26 71
26 72
26 73
26 74
26 75
26 77
26 79
26 80
26 81
26 82
26 83
26 84
26 86
26 88
26 91
26 92
26 93
26 94
26 95
26 98
26 99
26 100
26 101
26 102
26 104
26 105
26 106
26 107
26 108
26 109
26 111
26 112
26 113
26 114
26 115
26 116
26 117
26 118
26 119
26 120
26 123
26 124
26 125
26 126
26 127
26 128
26 129
26 130
26 131
26 133
26 134
26 135
26 138
26 139
26 140
26 141
26 142
26 143
26 144
26 145
26 147
26 148
26 149
26 150
26 151
26 152
26 153
26 154
26 155
26 157
26 158
26 160
26 161
27 40
27 42
27 50
27 56
27 58
27 61
27 65
27 67
27 70
27 73
27 74
27 75
27 77
27 79
27 80
27 86
27 89
27 101
27 102
27 108
27 109
27 111
27 118
27 134
27 138
27 139
27 142
27 143
27 146
27 150
27 152
27 154
27 157
28 31
28 35
28 43
28 45
28 52
28 55
28 64
28 67
28 70
28 71
28 73
28 74
28 76
28 79
28 83
28 92
28 93
28 96
28 97
28 102
28 103
28 106
28 112
28 117
28 118
28 126
28 129
28 130
28 137
28 143
28 146
28 147
28 150
28 151
28 152
28 157
28 158
28 160
29 30
29 31
29 32
29 36
29 38
29 39
29 40
29 43
29 45
29 48
29 49
29 50
29 51
29 54
29 56
29 59
29 62
29 63
29 64
29 65
29 66
29 67
29 68
29 70
29 71
29 72
29 80
29 91
29 93
29 101
29 102
29 104
29 108
29 109
29 111
29 125
29 129
29 131
29 132
29 133
29 134
29 135
29 136
29 137
29 139
29 141
29 143
29 147
29 150
29 151
29 152
29 154
29 155
29 158
30 31
30 32
30 33
30 34
30 38
30 40
30 43
30 44
30 45
30 49
30 50
30 51
30 52
30 56
30 57
30 58
30 59
30 62
30 63
30 64
30 65
30 66
30 67
30 68
30 69
30 70
30 71
30 73
30 74
30 75
30 77
30 79
30 80
30 81
30 84
30 86
30 87
30 88
30 89
30 91
30 93
30 94
30 95
30 97
30 99
30 100
30 101
30 102
30 103
30 105
30 107
30 108
30 109
30 110
30 111
30 112
30 113
30 114
30 115
30 118
30 122
30 124
30 125
30 127
30 129
30 131
30 132
30 133
30 135
30 136
30 137
30 138
30 139
30 142
30 146
30 147
30 149
30 151
30 152
30 153
30 154
30 157
30 159
30 161
31 32
31 36
31 37
31 38
31 39
31 40
31 44
31 45
31 46
31 48
31 49
31 50
31 51
31 52
31 54
31 55
31 56
31 59
31 61
31 62
31 63
31 64
31 65
31 67
31 68
31 69
31 70
31 71
31 72
31 73
31 75
31 76
31 77
31 79
31 80
31 82
31 83
31 84
31 85
31 86
31 87
31 88
31 89
31 93
31 94
31 95
31 97
31 98
31 99
31 100
31 101
31 102
31 103
31 104
31 105
31 107
31 108
31 109
31 111
31 112
31 113
31 114
31 115
31 117
31 118
31 119
31 120
31 121
31 122
31 125
31 126
31 127
31 129
31 131
31 132
31 133
31 134
31 135
31 136
31 137
31 138
31 139
31 140
31 141
31 142
31 143
31 144
31 145
31 146
31 147
31 149
31 150
31 152
31 153
31 154
31 155
31 157
31 158
31 159
31 160
31 161
32 34
32 35
32 36
32 38
32 39
32 40
32 42
32 44
32 45
32 47
32 49
32 50
32 51
32 52
32 54
32 55
32 57
32 59
32 64
32 65
32 66
32 67
32 68
32 69
32 70
32 71
32 72
32 73
32 79
32 80
32 82
32 84
32 86
32 87
32 88
32 90
32 91
32 92
32 93
32 97
32 98
32 99
32 102
32 106
32 107
32 109
32 110
32 111
32 112
32 113
32 114
32 115
32 116
32 117
32 118
32 120
32 128
32 129
32 130
32 133
32 134
32 135
32 136
32 137
32 142
32 143
32 145
32 146
32 147
32 150
32 152
32 153
32 154
32 155
32 157
32 158
32 161
33 36
33 37
33 38
33 40
33 44
33 45
33 48
33 56
33 58
33 62
33 63
33 66
33 68
33 69
33 70
33 71
33 72
33 73
33 94
33 97
33 103
33 106
33 108
33 115
33 116
33 117
33 119
33 125
33 126
33 127
33 133
33 137
33 138
33 142
33 150
33 155
33 158
34 35
34 36
34 37
34 38
34 40
34 43
34 44
34 45
34 48
34 50
34 51
34 52
34 54
34 55
34 63
34 65
34 66
34 67
34 69
34 72
34 74
34 75
34 79
34 83
34 84
34 89
34 91
34 94
34 95
34 96
34 98
34 99
34 100
34 101
34 104
34 105
34 106
34 108
34 109
34 111
34 112
34 113
34 114
34 115
34 118
34 119
34 125
34 128
34 131
34 134
34 137
34 141
34 142
34 143
34 151
34 152
34 153
34 154
34 157
34 159
35 36
35 37
35 38
35 40
35 43
35 44
35 45
35 46
35 48
35 49
35 51
35 52
35 54
35 56
35 58
35 59
35 63
35 64
35 65
35 66
35 67
35 68
35 70
35 71
35 72
35 73
35 77
35 79
35 84
35 85
35 86
35 89
35 91
35 92
35 93
35 95
35 97
35 98
35 100
35 101
35 102
35 103
35 104
35 105
35 107
35 108
35 111
35 112
35 113
35 114
35 115
35 117
35 119
35 120
35 123
35 124
35 125
35 126
35 127
35 129
35 130
35 131
35 133
35 134
35 137
35 138
35 139
35 140
35 141
35 142
35 143
35 145
35 146
35 147
35 150
35 151
35 153
35 154
35 155
35 157
35 158
35 159
35 160
35 161
36 37
36 43
36 45
36 47
36 49
36 50
36 51
36 54
36 61
36 62
36 63
36 64
36 65
36 66
36 67
36 69
36 70
36 71
36 73
36 74
36 75
36 77
36 84
36 89
36 90
36 97
36 98
36 100
36 101
36 102
36 103
36 107
36 108
36 111
36 113
36 115
36 116
36 117
36 119
36 120
36 127
36 129
36 131
36 133
36 135
36 137
36 138
36 140
36 142
36 145
36 146
36 150
36 151
36 152
36 153
36 154
36 157
36 158
36 161
37 40
37 43
37 45
37 47
37 48
37 49
37 50
37 51
37 55
37 56
37 58
37 63
37 66
37 67
37 71
37 72
37 73
37 75
37 77
37 81
37 83
37 86
37 88
37 91
37 93
37 94
37 96
37 97
37 99
37 101
37 102
37 103
37 104
37 106
37 108
37 109
37 111
37 112
37 113
37 116
37 118
37 124
37 128
37 131
37 133
37 135
37 137
37 139
37 141
37 143
37 145
37 147
37 150
37 152
37 153
37 154
37 155
37 157
37 160
37 161
38 39
38 40
38 41
38 44
38 45
38 46
38 48
38 50
38 51
38 52
38 54
38 55
38 56
38 58
38 61
38 62
38 67
38 68
38 70
38 72
38 73
38 74
38 75
38 77
38 79
38 83
38 85
38 86
38 88
38 89
38 91
38 92
38 93
38 96
38 97
38 98
38 100
38 101
38 102
38 107
38 108
38 109
38 110
38 111
38 113
38 114
38 115
38 116
38 117
38 123
38 125
38 129
38 134
38 135
38 138
38 139
38 140
38 144
38 145
38 146
38 147
38 149
38 150
38 151
38 152
38 153
38 154
38 155
38 157
38 158
38 159
38 160
39 43
39 44
39 45
39 49
39 52
39 56
39 60
39 64
39 65
39 67
39 69
39 72
39 73
39 74
39 78
39 79
39 80
39 81
39 85
39 87
39 92
39 93
39 97
39 101
39 103
39 105
39 106
39 107
39 108
39 109
39 111
39 114
39 117
39 118
39 131
39 133
39 134
39 135
39 137
39 138
39 140
39 141
39 142
39 145
39 148
39 149
39 150
39 157
40 41
40 42
40 43
40 45
40 46
40 48
40 49
40 50
40 51
40 52
40 53
40 54
40 56
40 57
40 58
40 59
40 60
40 61
40 62
40 63
40 64
40 65
40 66
40 67
40 68
40 69
40 70
40 71
40 72
40 73
40 74
40 75
40 76
40 79
40 80
40 82
40 83
40 84
40 86
40 87
40 89
40 90
40 91
40 95
40 99
40 100
40 102
40 106
40 107
40 108
40 109
40 111
40 112
40 113
40 114
40 115
40 116
40 117
40 118
40 119
40 120
40 122
40 124
40 125
40 126
40 127
40 128
40 130
40 131
40 133
40 135
40 137
40 138
40 139
40 140
40 141
40 142
40 143
40 145
40 146
40 147
40 148
40 149
40 150
40 151
40 152
40 153
40 154
40 156
40 157
40 159
40 160
40 161
41 44
41 45
41 64
41 67
41 69
41 70
41 75
41 76
41 84
41 85
41 89
41 93
41 97
41 100
41 106
41 110
41 113
41 114
41 118
41 128
41 130
41 133
41 136
41 137
41 140
41 142
41 147
41 151
41 154
41 157
41 160
42 44
42 49
42 54
42 55
42 59
42 60
42 62
42 63
42 65
42 66
42 69
42 70
42 72
42 74
42 75
42 77
42 78
42 79
42 82
42 83
42 87
42 88
42 91
42 92
42 94
42 97
42 98
42 99
42 102
42 103
42 105
42 106
42 108
42 109
42 112
42 113
42 115
42 116
42 118
42 120
42 129
42 134
42 138
42 139
42 140
42 141
42 146
42 147
42 148
42 149
42 150
42 151
42 152
42 153
42 154
42 155
42 157
42 161
43 45
43 47
43 49
43 50
43 51
43 56
43 63
43 65
43 66
43 67
43 69
43 70
43 72
43 73
43 74
43 75
43 77
43 79
43 84
43 85
43 90
43 91
43 94
43 98
43 99
43 100
43 101
43 102
43 104
43 106
43 112
43 113
43 114
43 115
43 116
43 125
43 129
43 131
43 133
43 134
43 135
43 137
43 141
43 142
43 143
43 147
43 151
43 152
43 153
43 154
43 158
43 159
44 45
44 48
44 51
44 52
44 53
44 54
44 55
44 56
44 58
44 60
44 61
44 62
44 64
44 66
44 67
44 69
44 70
44 71
44 72
44 74
44 75
44 79
44 81
44 82
44 83
44 84
44 86
44 88
44 89
44 91
44 92
44 93
44 94
44 96
44 97
44 100
44 101
44 102
44 104
44 105
44 106
44 108
44 111
44 112
44 113
44 114
44 115
44 116
44 117
44 118
44 121
44 124
44 125
44 128
44 129
44 130
44 131
44 134
44 136
44 138
44 139
44 140
44 141
44 142
44 144
44 145
44 146
44 147
44 149
44 150
44 151
44 152
44 153
44 154
44 155
44 158
44 159
45 48
45 49
45 50
45 54
45 56
45 60
45 61
45 63
45 64
45 65
45 67
45 68
45 69
45 70
45 71
45 72
45 73
45 74
45 75
45 76
45 77
45 79
45 81
45 82
45 83
45 85
45 86
45 87
45 88
45 89
45 90
45 91
45 93
45 94
45 95
45 96
45 98
45 99
45 100
45 101
45 103
45 105
45 106
45 108
45 109
45 110
45 111
45 112
45 113
45 114
45 115
45 117
45 118
45 119
45 124
45 125
45 126
45 129
45 130
45 133
45 134
45 135
45 136
45 137
45 138
45 141
45 142
45 144
45 145
45 147
45 149
45 150
45 151
45 153
45 154
45 155
45 156
45 157
45 158
45 159
45 160
45 161
46 49
46 50
46 51
46 54
46 55
46 59
46 60
46 61
46 63
46 64
46 65
46 66
46 67
46 68
46 69
46 70
46 71
46 73
46 74
46 75
46 77
46 79
46 84
46 87
46 88
46 89
46 91
46 93
46 94
46 95
46 97
46 98
46 99
46 101
46 102
46 105
46 106
46 107
46 109
46 112
46 113
46 114
46 115
46 116
46 117
46 118
46 123
46 125
46 130
46 131
46 135
46 136
46 137
46 138
46 139
46 142
46 146
46 148
46 149
46 151
46 152
46 155
46 157
46 158
47 51
47 53
47 55
47 64
47 65
47 67
47 69
47 70
47 72
47 73
47 74
47 75
47 79
47 106
47 115
47 116
47 125
47 129
47 131
47 137
47 141
47 150
47 151
47 152
47 154
48 49
48 59
48 64
48 67
48 68
48 69
48 71
48 72
48 73
48 79
48 80
48 86
48 87
48 88
48 90
48 91
48 94
48 101
48 102
48 104
48 105
48 106
48 108
48 111
48 114
48 115
48 118
48 125
48 128
48 129
48 131
48 133
48 134
48 136
48 138
48 142
48 149
48 150
48 151
48 154
48 158
48 160
49 50
49 51
49 52
49 53
49 54
49 55
49 56
49 57
49 58
49 59
49 61
49 62
49 63
49 64
49 65
49 67
49 68
49 69
49 70
49 71
49 72
49 75
49 76
49 77
49 80
49 82
49 83
49 84
49 85
49 86
49 88
49 89
49 90
49 92
49 94
49 95
49 96
49 99
49 101
49 102
49 103
49 104
49 105
49 107
49 108
49 109
49 112
49 113
49 114
49 116
49 118
49 119
49 120
49 124
49 125
49 126
49 127
49 128
49 129
49 130
49 131
49 132
49 134
49 136
49 137
49 138
49 139
49 141
49 142
49 143
49 145
49 147
49 148
49 149
49 151
49 152
49 153
49 154
49 155
49 158
49 160
49 161
50 51
50 52
50 54
50 55
50 56
50 57
50 58
50 60
50 61
50 63
50 65
50 66
50 68
50 69
50 70
50 71
50 74
50 75
50 77
50 79
50 80
50 81
50 83
50 87
50 88
50 89
50 90
50 92
50 97
50 98
50 99
50 100
50 102
50 103
50 104
50 105
50 106
50 108
50 109
50 112
50 113
50 114
50 116
50 117
50 118
50 126
50 127
50 131
50 133
50 134
50 137
50 138
50 140
50 142
50 143
50 146
50 149
50 151
50 152
50 153
50 154
50 155
50 156
50 157
50 158
50 159
51 53
51 54
51 55
51 56
51 57
51 58
51 59
51 61
51 63
51 64
51 65
51 67
51 68
51 69
51 70
51 71
51 72
51 73
51 74
51 75
51 77
51 79
51 81
51 83
51 84
51 86
51 87
51 89
51 91
51 92
51 93
51 94
51 95
51 96
51 97
51 98
51 100
51 101
51 102
51 103
51 104
51 106
51 107
51 108
51 109
51 110
51 111
51 112
51 113
51 114
51 115
51 116
51 117
51 118
51 123
51 124
51 126
51 128
51 129
51 131
51 132
51 133
51 134
51 135
51 136
51 137
51 138
51 139
51 141
51 145
51 146
51 147
51 149
51 150
51 151
51 152
51 153
51 154
51 155
51 158
51 160
51 161
52 54
52 56
52 58
52 64
52 65
52 66
52 67
52 69
52 70
52 71
52 72
52 73
52 77
52 79
52 83
52 84
52 85
52 88
52 89
52 91
52 95
52 97
52 98
52 101
52 102
52 103
52 106
52 111
52 112
52 113
52 115
52 116
52 117
52 118
52 122
52 125
52 126
52 128
52 130
52 131
52 132
52 133
52 134
52 136
52 138
52 141
52 142
52 145
52 146
52 147
52 148
52 154
52 155
52 156
52 157
52 158
52 160
52 161
53 55
53 58
53 62
53 64
53 66
53 67
53 68
53 71
53 72
53 75
53 79
53 80
53 82
53 84
53 88
53 89
53 102
53 105
53 107
53 108
53 110
53 111
53 114
53 117
53 118
53 119
53 123
53 125
53 127
53 128
53 129
53 131
53 133
53 134
53 135
53 136
53 138
53 139
53 141
53 142
53 147
53 148
53 149
53 150
53 151
53 152
53 154
54 55
54 56
54 57
54 58
54 59
54 60
54 61
54 62
54 63
54 64
54 66
54 68
54 69
54 70
54 71
54 72
54 73
54 74
54 75
54 76
54 78
54 79
54 80
54 82
54 83
54 84
54 85
54 87
54 89
54 90
54 91
54 92
54 93
54 94
54 95
54 96
54 97
54 98
54 99
54 100
54 101
54 102
54 103
54 104
54 105
54 106
54 107
54 108
54 109
54 111
54 112
54 113
54 114
54 115
54 116
54 117
54 118
54 121
54 122
54 123
54 126
54 127
54 128
54 129
54 130
54 131
54 132
54 133
54 134
54 135
54 137
54 138
54 139
54 140
54 141
54 142
54 143
54 147
54 149
54 150
54 151
54 152
54 153
54 154
54 155
54 158
54 160
54 161
55 56
55 57
55 58
55 59
55 62
55 64
55 65
55 67
55 68
55 70
55 71
55 73
55 74
55 75
55 76
55 79
55 83
55 84
55 85
55 86
55 88
55 89
55 91
55 93
55 94
55 99
55 100
55 102
55 103
55 104
55 105
55 106
55 107
55 110
55 112
55 113
55 114
55 116
55 117
55 118
55 122
55 125
55 129
55 130
55 131
55 133
55 134
55 135
55 136
55 137
55 138
55 139
55 140
55 141
55 142
55 143
55 146
55 147
55 148
55 149
55 150
55 151
55 152
55 154
55 155
55 157
55 158
56 64
56 65
56 66
56 67
56 69
56 70
56 71
56 72
56 73
56 74
56 75
56 76
56 77
56 78
56 79
56 80
56 82
56 83
56 84
56 85
56 86
56 87
56 89
56 90
56 92
56 93
56 94
56 97
56 98
56 99
56 100
56 101
56 102
56 103
56 105
56 106
56 107
56 108
56 110
56 111
56 112
56 113
56 115
56 117
56 118
56 121
56 123
56 125
56 126
56 127
56 129
56 130
56 131
56 132
56 133
56 134
56 135
56 137
56 138
56 139
56 140
56 141
56 142
56 143
56 144
56 146
56 147
56 149
56 150
56 151
56 153
56 157
56 158
56 161
57 62
57 64
57 65
57 69
57 70
57 74
57 83
57 84
57 89
57 90
57 92
57 94
57 97
57 103
57 105
57 106
57 107
57 108
57 111
57 113
57 115
57 117
57 123
57 125
57 126
57 129
57 131
57 133
57 135
57 138
57 142
57 145
57 146
57 147
57 149
57 152
57 154
57 159
57 161
58 61
58 63
58 64
58 66
58 67
58 68
58 70
58 71
58 73
58 75
58 76
58 77
58 79
58 80
58 81
58 82
58 83
58 86
58 88
58 89
58 91
58 92
58 93
58 94
58 95
58 97
58 99
58 100
58 101
58 102
58 103
58 104
58 105
58 106
58 108
58 109
58 110
58 112
58 114
58 115
58 118
58 119
58 122
58 125
58 126
58 127
58 128
58 129
58 130
58 133
58 134
58 135
58 137
58 142
58 143
58 144
58 145
58 146
58 147
58 148
58 149
58 150
58 151
58 152
58 155
58 158
58 159
59 61
59 64
59 66
59 67
59 69
59 71
59 72
59 74
59 77
59 79
59 80
59 82
59 84
59 89
59 92
59 93
59 94
59 97
59 99
59 100
59 101
59 102
59 104
59 105
59 107
59 108
59 109
59 115
59 116
59 117
59 118
59 126
59 127
59 128
59 129
59 130
59 131
59 133
59 134
59 136
59 138
59 139
59 141
59 142
59 146
59 147
59 149
59 151
59 152
59 154
59 155
59 158
60 77
60 78
60 89
60 93
60 100
60 103
60 106
60 108
60 111
60 118
60 119
60 122
60 129
60 131
60 133
60 137
60 139
60 152
60 154
60 158
61 62
61 64
61 67
61 68
61 69
61 71
61 72
61 73
61 74
61 75
61 76
61 77
61 79
61 82
61 86
61 90
61 91
61 92
61 93
61 94
61 97
61 99
61 100
61 101
61 102
61 103
61 104
61 106
61 107
61 109
61 111
61 113
61 114
61 118
61 120
61 125
61 127
61 129
61 131
61 134
61 137
61 138
61 139
61 140
61 142
61 145
61 146
61 149
61 152
61 153
61 154
61 157
61 158
61 160
62 63
62 64
62 68
62 69
62 70
62 73
62 74
62 75
62 79
62 81
62 87
62 88
62 89
62 90
62 94
62 97
62 100
62 102
62 106
62 108
62 110
62 114
62 115
62 116
62 117
62 118
62 121
62 125
62 126
62 127
62 130
62 131
62 133
62 138
62 142
62 143
62 146
62 147
62 149
62 150
62 153
62 155
62 157
62 160
63 64
63 67
63 69
63 70
63 72
63 73
63 77
63 79
63 82
63 84
63 93
63 94
63 97
63 98
63 101
63 103
63 104
63 105
63 107
63 108
63 111
63 114
63 116
63 117
63 118
63 124
63 125
63 127
63 128
63 129
63 130
63 131
63 133
63 134
63 135
63 137
63 138
63 139
63 142
63 143
63 145
63 146
63 147
63 148
63 150
63 151
63 152
63 154
63 156
63 157
63 158
63 161
64 65
64 66
64 67
64 68
64 69
64 71
64 72
64 73
64 74
64 75
64 78
64 79
64 80
64 81
64 83
64 84
64 85
64 86
64 88
64 89
64 93
64 94
64 96
64 97
64 99
64 101
64 104
64 105
64 106
64 109
64 110
64 111
64 112
64 113
64 114
64 115
64 118
64 119
64 121
64 122
64 123
64 125
64 126
64 128
64 130
64 131
64 133
64 134
64 135
64 136
64 138
64 139
64 140
64 142
64 144
64 146
64 147
64 149
64 150
64 151
64 152
64 153
64 154
64 157
64 158
64 159
64 160
64 161
65 66
65 67
65 68
65 69
65 70
65 72
65 73
65 74
65 76
65 77
65 78
65 79
65 80
65 81
65 83
65 84
65 85
65 87
65 88
65 89
65 91
65 94
65 95
65 97
65 99
65 100
65 102
65 105
65 106
65 107
65 109
65 110
65 112
65 113
65 114
65 115
65 116
65 117
65 118
65 122
65 123
65 126
65 127
65 129
65 131
65 133
65 134
65 137
65 139
65 141
65 142
65 144
65 145
65 147
65 148
65 149
65 150
65 151
65 152
65 153
65 154
65 155
65 157
65 158
65 159
65 160
65 161
66 67
66 68
66 69
66 70
66 72
66 74
66 75
66 77
66 78
66 79
66 80
66 83
66 84
66 85
66 86
66 87
66 88
66 89
66 91
66 92
66 93
66 98
66 99
66 101
66 102
66 103
66 105
66 106
66 107
66 110
66 111
66 112
66 113
66 115
66 116
66 118
66 119
66 125
66 127
66 129
66 131
66 133
66 136
66 138
66 139
66 140
66 141
66 142
66 143
66 146
66 147
66 148
66 149
66 150
66 151
66 152
66 154
66 155
66 156
66 157
66 158
66 159
66 160
67 68
67 69
67 70
67 71
67 72
67 73
67 74
67 75
67 76
67 77
67 79
67 80
67 81
67 82
67 83
67 84
67 86
67 87
67 89
67 91
67 92
67 93
67 94
67 96
67 97
67 98
67 99
67 101
67 102
67 103
67 104
67 105
67 106
67 108
67 109
67 111
67 113
67 114
67 115
67 116
67 117
67 118
67 119
67 120
67 121
67 122
67 123
67 125
67 126
67 127
67 128
67 129
67 130
67 131
67 134
67 135
67 137
67 139
67 140
67 141
67 143
67 146
67 147
67 148
67 149
67 150
67 151
67 153
67 154
67 155
67 156
67 157
67 158
67 159
67 161
68 69
68 70
68 71
68 72
68 73
68 74
68 75
68 79
68 80
68 81
68 82
68 83
68 84
68 85
68 87
68 88
68 89
68 92
68 95
68 97
68 98
68 99
68 100
68 101
68 102
68 103
68 106
68 107
68 108
68 109
68 110
68 111
68 112
68 113
68 114
68 115
68 117
68 118
68 119
68 120
68 123
68 124
68 125
68 127
68 129
68 130
68 131
68 133
68 134
68 135
68 136
68 137
68 139
68 140
68 141
68 142
68 144
68 145
68 147
68 148
68 149
68 150
68 151
68 152
68 153
68 154
68 155
68 157
68 158
68 159
68 161
69 70
69 72
69 73
69 74
69 77
69 79
69 82
69 84
69 85
69 86
69 88
69 89
69 92
69 93
69 94
69 95
69 97
69 98
69 100
69 102
69 105
69 107
69 109
69 111
69 112
69 113
69 114
69 115
69 116
69 117
69 118
69 119
69 121
69 125
69 126
69 127
69 129
69 130
69 131
69 133
69 134
69 136
69 138
69 139
69 141
69 142
69 145
69 146
69 147
69 149
69 150
69 151
69 152
69 153
69 154
69 157
69 158
69 159
69 161
70 72
70 74
70 75
70 77
70 78
70 79
70 80
70 81
70 82
70 83
70 84
70 85
70 86
70 87
70 88
70 89
70 90
70 92
70 93
70 94
70 95
70 96
70 97
70 98
70 99
70 100
70 101
70 103
70 105
70 106
70 107
70 108
70 109
70 110
70 111
70 113
70 114
70 115
70 116
70 117
70 119
70 124
70 125
70 126
70 129
70 130
70 131
70 133
70 135
70 137
70 138
70 139
70 140
70 141
70 142
70 143
70 145
70 146
70 147
70 148
70 150
70 151
70 152
70 156
70 158
70 160
70 161
71 72
71 73
71 74
71 75
71 79
71 80
71 82
71 84
71 85
71 86
71 91
71 93
71 98
71 99
71 100
71 101
71 102
71 103
71 104
71 105
71 106
71 108
71 109
71 111
71 112
71 113
71 114
71 115
71 116
71 117
71 118
71 119
71 123
71 124
71 125
71 126
71 128
71 129
71 131
71 132
71 133
71 134
71 135
71 136
71 137
71 138
71 139
71 141
71 142
71 143
71 145
71 146
71 147
71 148
71 149
71 150
71 151
71 152
71 153
71 154
71 155
71 157
71 158
71 159
71 160
71 161
72 73
72 74
72 75
72 76
72 77
72 79
72 80
72 82
72 83
72 84
72 85
72 86
72 87
72 88
72 89
72 90
72 91
72 92
72 93
72 97
72 99
72 100
72 101
72 102
72 105
72 106
72 107
72 108
72 109
72 110
72 111
72 112
72 114
72 115
72 117
72 118
72 119
72 125
72 126
72 127
72 128
72 129
72 130
72 133
72 134
72 135
72 137
72 138
72 139
72 140
72 142
72 144
72 146
72 147
72 149
72 150
72 151
72 152
72 153
72 154
72 156
72 157
72 158
72 159
72 160
72 161
73 74
73 75
73 76
73 77
73 79
73 82
73 83
73 86
73 87
73 88
73 89
73 90
73 92
73 93
73 95
73 97
73 102
73 105
73 106
73 108
73 111
73 112
73 113
73 114
73 115
73 116
73 117
73 118
73 124
73 125
73 128
73 129
73 130
73 131
73 134
73 135
73 136
73 137
73 138
73 139
73 144
73 145
73 146
73 148
73 150
73 151
73 153
73 154
73 155
73 157
73 158
74 75
74 76
74 77
74 78
74 79
74 80
74 81
74 82
74 83
74 84
74 86
74 87
74 88
74 89
74 90
74 91
74 92
74 93
74 94
74 95
74 96
74 97
74 98
74 99
74 100
74 101
74 103
74 104
74 105
74 106
74 107
74 109
74 112
74 113
74 114
74 115
74 116
74 117
74 123
74 124
74 126
74 127
74 128
74 129
74 130
74 131
74 133
74 134
74 136
74 137
74 138
74 139
74 140
74 141
74 142
74 143
74 145
74 146
74 147
74 149
74 150
74 151
74 152
74 153
74 154
74 155
74 157
74 158
74 159
74 160
74 161
75 76
75 79
75 80
75 82
75 85
75 86
75 87
75 88
75 89
75 90
75 92
75 93
75 94
75 95
75 97
75 98
75 99
75 100
75 101
75 102
75 104
75 105
75 106
75 108
75 111
75 112
75 113
75 114
75 116
75 117
75 118
75 122
75 125
75 126
75 129
75 130
75 133
75 134
75 135
75 136
75 137
75 138
75 139
75 141
75 147
75 149
75 150
75 151
75 152
75 154
75 155
75 157
75 158
75 160
75 161
76 77
76 81
76 82
76 86
76 89
76 95
76 97
76 100
76 101
76 102
76 104
76 106
76 109
76 111
76 113
76 114
76 117
76 118
76 125
76 126
76 127
76 129
76 130
76 134
76 137
76 138
76 139
76 141
76 142
76 143
76 145
76 147
76 148
76 149
76 150
76 151
76 152
76 153
76 157
76 158
77 79
77 80
77 81
77 82
77 84
77 85
77 86
77 88
77 89
77 93
77 96
77 97
77 98
77 99
77 100
77 101
77 105
77 107
77 108
77 109
77 110
77 114
77 115
77 116
77 117
77 118
77 123
77 125
77 126
77 127
77 128
77 129
77 130
77 131
77 133
77 134
77 135
77 137
77 138
77 141
77 143
77 144
77 145
77 146
77 147
77 149
77 151
77 152
77 153
77 154
77 156
77 158
77 161
78 103
78 105
78 110
78 114
78 125
78 129
78 131
78 137
78 139
78 146
78 158
78 159
78 160
79 80
79 83
79 84
79 85
79 86
79 87
79 89
79 90
79 91
79 93
79 94
79 95
79 97
79 98
79 100
79 101
79 102
79 103
79 104
79 105
79 106
79 107
79 108
79 109
79 110
79 111
79 112
79 113
79 115
79 116
79 117
79 118
79 120
79 123
79 124
79 125
79 126
79 127
79 128
79 129
79 130
79 131
79 134
79 135
79 136
79 137
79 138
79 139
79 140
79 142
79 143
79 146
79 148
79 149
79 150
79 151
79 152
79 153
79 155
79 158
79 159
79 161
80 81
80 82
80 84
80 89
80 90
80 91
80 93
80 97
80 100
80 102
80 103
80 105
80 106
80 107
80 109
80 111
80 114
80 115
80 117
80 118
80 119
80 122
80 125
80 129
80 133
80 134
80 135
80 140
80 146
80 147
80 149
80 150
80 154
80 155
80 159
80 161
81 82
81 83
81 94
81 97
81 103
81 107
81 109
81 114
81 115
81 118
81 125
81 126
81 129
81 131
81 133
81 135
81 136
81 138
81 139
81 141
81 145
81 148
81 151
81 152
81 156
81 157
81 158
81 161
82 84
82 88
82 89
82 96
82 97
82 102
82 105
82 106
82 109
82 113
82 114
82 115
82 118
82 120
82 122
82 124
82 125
82 134
82 135
82 138
82 139
82 141
82 142
82 145
82 149
82 151
82 152
82 153
82 158
82 159
82 161
83 84
83 88
83 89
83 92
83 93
83 94
83 96
83 98
83 99
83 101
83 102
83 104
83 106
83 107
83 109
83 110
83 112
83 114
83 115
83 117
83 125
83 126
83 127
83 128
83 129
83 130
83 133
83 139
83 140
83 141
83 145
83 147
83 150
83 151
83 153
83 154
83 156
83 157
83 158
83 160
84 88
84 89
84 90
84 93
84 94
84 95
84 97
84 99
84 100
84 101
84 102
84 104
84 105
84 106
84 107
84 108
84 111
84 112
84 113
84 114
84 115
84 116
84 117
84 118
84 120
84 122
84 125
84 128
84 129
84 130
84 131
84 133
84 135
84 137
84 138
84 139
84 140
84 142
84 146
84 147
84 148
84 149
84 150
84 151
84 152
84 157
84 158
84 159
84 161
85 86
85 88
85 94
85 97
85 100
85 101
85 102
85 103
85 104
85 106
85 108
85 111
85 112
85 114
85 117
85 118
85 125
85 131
85 134
85 135
85 137
85 139
85 143
85 148
85 152
85 154
85 155
85 157
85 158
85 159
86 87
86 89
86 93
86 94
86 97
86 101
86 102
86 103
86 104
86 106
86 107
86 108
86 109
86 111
86 113
86 114
86 116
86 117
86 118
86 119
86 120
86 124
86 126
86 127
86 129
86 130
86 131
86 133
86 137
86 138
86 139
86 141
86 142
86 144
86 145
86 146
86 149
86 150
86 151
86 153
86 154
86 157
86 158
86 159
86 161
87 88
87 89
87 94
87 96
87 101
87 102
87 103
87 104
87 105
87 106
87 107
87 110
87 113
87 114
87 115
87 116
87 117
87 118
87 125
87 126
87 129
87 131
87 133
87 134
87 138
87 140
87 141
87 142
87 146
87 147
87 150
87 152
87 153
87 154
87 158
88 89
88 91
88 94
88 96
88 100
88 102
88 103
88 106
88 108
88 110
88 113
88 114
88 115
88 117
88 119
88 121
88 125
88 126
88 127
88 128
88 129
88 131
88 134
88 137
88 140
88 142
88 146
88 149
88 150
88 152
88 153
88 155
88 157
89 90
89 92
89 93
89 95
89 97
89 99
89 100
89 101
89 102
89 103
89 104
89 105
89 106
89 107
89 108
89 109
89 110
89 111
89 112
89 113
89 114
89 115
89 121
89 125
89 126
89 128
89 129
89 130
89 133
89 134
89 135
89 136
89 137
89 138
89 140
89 141
89 142
89 145
89 146
89 147
89 148
89 149
89 151
89 152
89 154
89 155
89 157
89 158
89 161
90 91
90 94
90 95
90 96
90 98
90 101
90 105
90 108
90 109
90 110
90 112
90 113
90 117
90 123
90 125
90 131
90 134
90 135
90 137
90 138
90 143
90 147
90 149
90 150
90 152
90 154
90 157
90 160
90 161
91 92
91 93
91 97
91 100
91 106
91 108
91 109
91 111
91 114
91 115
91 117
91 118
91 125
91 126
91 130
91 131
91 133
91 136
91 137
91 138
91 141
91 146
91 147
91 149
91 153
91 154
91 158
92 94
92 98
92 100
92 105
92 106
92 108
92 109
92 112
92 113
92 114
92 118
92 125
92 127
92 128
92 129
92 131
92 133
92 134
92 136
92 137
92 138
92 142
92 144
92 147
92 148
92 150
92 152
92 154
92 157
92 158
92 160
93 97
93 99
93 100
93 101
93 102
93 103
93 104
93 105
93 106
93 109
93 111
93 113
93 114
93 116
93 117
93 118
93 122
93 124
93 125
93 126
93 127
93 128
93 129
93 130
93 131
93 132
93 133
93 134
93 135
93 137
93 138
93 142
93 146
93 148
93 150
93 153
93 154
93 156
93 157
93 158
93 159
93 160
94 95
94 96
94 97
94 100
94 101
94 102
94 104
94 105
94 107
94 108
94 110
94 111
94 112
94 113
94 114
94 115
94 116
94 117
94 118
94 125
94 126
94 127
94 129
94 130
94 131
94 133
94 134
94 135
94 137
94 138
94 143
94 147
94 148
94 149
94 152
94 153
94 154
94 158
94 159
94 161
95 101
95 102
95 105
95 108
95 111
95 112
95 114
95 118
95 127
95 129
95 131
95 133
95 138
95 139
95 145
95 147
95 150
95 151
95 153
95 154
95 155
95 156
95 157
95 158
95 160
96 99
96 101
96 102
96 103
96 106
96 108
96 109
96 111
96 113
96 115
96 121
96 139
96 142
96 147
96 152
96 161
97 100
97 101
97 104
97 105
97 106
97 107
97 108
97 110
97 112
97 113
97 114
97 115
97 117
97 118
97 119
97 123
97 124
97 125
97 126
97 127
97 128
97 129
97 131
97 132
97 133
97 134
97 137
97 138
97 139
97 140
97 141
97 142
97 147
97 150
97 151
97 152
97 154
97 155
97 156
97 158
97 161
98 101
98 102
98 106
98 108
98 109
98 113
98 114
98 117
98 126
98 127
98 129
98 133
98 137
98 138
98 139
98 142
98 143
98 145
98 147
98 150
98 151
98 152
98 154
98 155
98 157
98 158
98 159
98 160
98 161
99 101
99 102
99 106
99 108
99 109
99 113
99 114
99 116
99 117
99 118
99 125
99 126
99 127
99 133
99 135
99 136
99 137
99 139
99 142
99 143
99 146
99 151
99 152
99 153
99 154
99 157
99 158
100 101
100 102
100 108
100 109
100 112
100 115
100 116
100 117
100 118
100 125
100 127
100 131
100 133
100 134
100 137
100 138
100 139
100 140
100 142
100 143
100 145
100 146
100 147
100 151
100 154
100 155
100 157
100 160
100 161
101 102
101 103
101 104
101 105
101 106
101 107
101 108
101 109
101 110
101 112
101 113
101 114
101 115
101 116
101 117
101 118
101 120
101 122
101 125
101 126
101 127
101 128
101 131
101 133
101 134
101 137
101 138
101 139
101 140
101 141
101 142
101 145
101 146
101 147
101 150
101 151
101 152
101 153
101 154
101 155
101 157
101 158
101 159
101 160
101 161
102 103
102 105
102 106
102 107
102 108
102 109
102 112
102 113
102 115
102 116
102 118
102 119
102 123
102 126
102 127
102 129
102 130
102 132
102 133
102 134
102 135
102 137
102 138
102 139
102 140
102 141
102 142
102 143
102 145
102 146
102 147
102 148
102 149
102 150
102 151
102 152
102 153
102 154
102 155
102 156
102 157
102 160
102 161
103 113
103 114
103 115
103 118
103 126
103 127
103 128
103 129
103 130
103 134
103 135
103 136
103 138
103 139
103 142
103 146
103 151
103 152
103 154
103 155
103 158
103 161
104 106
104 108
104 111
104 112
104 114
104 116
104 118
104 125
104 127
104 131
104 133
104 138
104 140
104 141
104 142
104 146
104 147
104 149
104 150
104 154
104 158
105 106
105 108
105 109
105 111
105 112
105 113
105 114
105 115
105 117
105 118
105 123
105 124
105 125
105 126
105 128
105 130
105 132
105 133
105 137
105 138
105 139
105 140
105 142
105 145
105 147
105 149
105 150
105 151
105 153
105 155
105 157
106 107
106 108
106 109
106 110
106 111
106 112
106 113
106 114
106 115
106 116
106 117
106 118
106 119
106 124
106 125
106 126
106 127
106 128
106 129
106 131
106 133
106 134
106 135
106 137
106 138
106 139
106 140
106 142
106 143
106 145
106 146
106 147
106 149
106 150
106 151
106 152
106 153
106 154
106 157
106 158
106 160
106 161
107 108
107 110
107 111
107 112
107 114
107 115
107 117
107 118
107 119
107 123
107 125
107 128
107 129
107 131
107 136
107 137
107 138
107 139
107 140
107 141
107 142
107 144
107 147
107 148
107 150
107 151
107 157
107 158
107 159
107 160
108 109
108 111
108 112
108 113
108 114
108 115
108 116
108 117
108 118
108 122
108 125
108 126
108 127
108 128
108 129
108 130
108 133
108 134
108 135
108 137
108 138
108 139
108 140
108 141
108 142
108 143
108 144
108 145
108 146
108 147
108 148
108 150
108 151
108 152
108 153
108 154
108 155
108 156
108 157
108 158
108 159
108 160
108 161
109 112
109 113
109 114
109 115
109 117
109 119
109 121
109 124
109 125
109 126
109 129
109 130
109 132
109 134
109 135
109 136
109 137
109 138
109 139
109 141
109 142
109 143
109 145
109 147
109 149
109 150
109 151
109 152
109 153
109 154
109 158
109 161
110 112
110 117
110 118
110 119
110 128
110 129
110 130
110 141
110 145
110 146
110 147
110 152
110 155
110 158
111 112
111 113
111 114
111 115
111 116
111 117
111 122
111 123
111 129
111 130
111 133
111 135
111 137
111 138
111 140
111 141
111 142
111 146
111 147
111 148
111 152
111 154
111 155
111 158
111 160
111 161
112 113
112 114
112 115
112 116
112 117
112 118
112 119
112 122
112 124
112 125
112 127
112 128
112 129
112 131
112 133
112 134
112 135
112 137
112 138
112 139
112 140
112 142
112 143
112 145
112 146
112 147
112 149
112 151
112 152
112 153
112 154
112 157
112 161
113 114
113 115
113 116
113 117
113 118
113 120
113 125
113 126
113 127
113 129
113 130
113 131
113 133
113 134
113 135
113 136
113 137
113 138
113 139
113 141
113 142
113 143
113 145
113 146
113 147
113 149
113 150
113 151
113 152
113 153
113 154
113 156
113 157
113 158
113 159
113 160
113 161
114 115
114 117
114 118
114 124
114 125
114 127
114 128
114 130
114 131
114 132
114 133
114 134
114 136
114 137
114 138
114 139
114 141
114 142
114 144
114 145
114 146
114 147
114 148
114 149
114 150
114 151
114 152
114 153
114 154
114 155
114 158
114 159
114 160
114 161
115 117
115 120
115 121
115 122
115 125
115 126
115 127
115 129
115 133
115 134
115 137
115 138
115 139
115 140
115 141
115 142
115 143
115 147
115 149
115 150
115 151
115 152
115 153
115 154
115 157
115 158
115 159
115 161
116 117
116 118
116 126
116 127
116 131
116 133
116 134
116 136
116 139
116 140
116 142
116 143
116 145
116 147
116 151
116 155
116 156
116 157
116 158
117 118
117 120
117 123
117 124
117 125
117 126
117 128
117 130
117 131
117 132
117 133
117 134
117 136
117 137
117 138
117 139
117 140
117 142
117 143
117 146
117 147
117 148
117 150
117 151
117 152
117 154
117 156
117 157
117 158
117 160
117 161
118 121
118 123
118 125
118 126
118 129
118 131
118 133
118 134
118 137
118 138
118 139
118 141
118 142
118 143
118 144
118 146
118 148
118 149
118 150
118 151
118 152
118 153
118 154
118 157
119 125
119 129
119 130
119 138
119 140
119 146
119 147
119 150
119 155
119 157
120 127
120 134
120 136
120 137
120 138
120 139
120 142
120 145
120 147
120 150
120 155
121 122
121 123
121 133
121 135
121 139
121 141
121 142
121 147
121 150
122 124
122 129
122 131
122 135
122 137
122 138
122 139
122 141
122 144
122 149
122 154
122 161
123 127
123 128
123 129
123 130
123 133
123 138
123 142
123 145
123 152
123 153
123 158
123 159
124 131
124 138
124 139
124 140
124 147
124 150
124 161
125 126
125 128
125 129
125 131
125 133
125 134
125 137
125 139
125 140
125 141
125 142
125 143
125 145
125 146
125 147
125 148
125 149
125 150
125 151
125 152
125 153
125 154
125 155
125 156
125 157
125 160
125 161
126 127
126 133
126 134
126 140
126 141
126 145
126 146
126 147
126 150
126 151
126 152
126 153
126 159
126 161
127 129
127 130
127 131
127 133
127 134
127 135
127 136
127 138
127 141
127 142
127 146
127 147
127 148
127 151
127 152
127 155
127 158
127 160
127 161
128 130
128 131
128 133
128 137
128 139
128 142
128 146
128 147
128 149
128 150
128 153
128 155
128 160
128 161
129 130
129 131
129 133
129 134
129 137
129 138
129 139
129 140
129 141
129 142
129 145
129 146
129 147
129 149
129 150
129 151
129 153
129 154
129 155
129 157
129 158
129 159
129 160
129 161
130 131
130 133
130 134
130 135
130 137
130 138
130 141
130 142
130 143
130 146
130 147
130 148
130 149
130 150
130 151
130 152
130 153
130 157
130 158
130 159
130 160
131 133
131 134
131 135
131 137
131 138
131 139
131 142
131 145
131 147
131 148
131 149
131 150
131 151
131 152
131 153
131 154
131 156
131 157
131 158
131 161
132 146
132 153
132 155
132 158
132 159
133 134
133 135
133 136
133 137
133 138
133 139
133 140
133 142
133 144
133 145
133 146
133 147
133 149
133 150
133 151
133 152
133 153
133 154
133 155
133 156
133 157
133 158
133 159
133 160
133 161
134 137
134 138
134 139
134 140
134 142
134 143
134 145
134 146
134 147
134 150
134 151
134 152
134 153
134 154
134 155
134 156
134 157
134 158
134 159
134 160
135 137
135 138
135 142
135 145
135 148
135 151
135 152
135 153
135 154
135 157
135 158
135 159
135 161
136 137
136 138
136 139
136 142
136 147
136 148
136 149
136 150
136 152
136 153
136 154
136 157
136 158
136 159
137 138
137 139
137 140
137 141
137 142
137 143
137 144
137 145
137 146
137 148
137 149
137 150
137 152
137 154
137 157
137 158
137 159
137 161
138 141
138 142
138 143
138 144
138 145
138 146
138 147
138 148
138 150
138 151
138 152
138 153
138 154
138 155
138 157
138 158
138 159
138 161
139 141
139 142
139 145
139 146
139 147
139 149
139 152
139 154
139 155
139 156
139 157
139 158
139 160
139 161
140 143
140 145
140 147
140 150
140 151
140 152
140 158
140 159
141 142
141 144
141 147
141 151
141 152
141 154
141 155
141 157
141 158
141 159
142 144
142 145
142 146
142 147
142 148
142 149
142 150
142 151
142 153
142 154
142 155
142 156
142 157
142 160
142 161
143 146
143 147
143 149
143 150
143 151
143 154
143 157
143 158
143 159
144 154
144 158
144 160
145 146
145 147
145 150
145 151
145 152
145 153
146 147
146 152
146 153
146 154
146 156
146 158
146 160
146 161
147 148
147 149
147 150
147 151
147 152
147 154
147 155
147 159
147 161
148 150
148 153
148 154
148 157
148 159
149 150
149 151
149 152
149 153
149 154
149 155
149 158
150 151
150 152
150 153
150 154
150 155
150 157
150 158
150 159
150 160
150 161
151 152
151 154
151 155
151 158
151 159
151 161
152 153
152 154
152 156
152 157
152 158
152 160
152 161
153 156
153 157
153 160
153 161
154 157
154 158
154 159
154 161
155 156
155 157
157 159
157 160
157 161
158 159
158 160
158 161
160 161
