0 4
0 5
0 9
0 12
0 14
0 15
0 16
0 18
0 19
0 20
0 21
0 24
0 26
0 30
0 32
0 33
0 40
0 42
0 44
0 45
0 47
0 49
0 51
0 54
0 55
0 58
0 64
0 65
0 66
0 67
0 68
0 69
0 72
0 73
0 75
0 76
0 77
0 82
0 83
0 84
0 87
0 88
0 89
0 94
0 96
0 99
0 100
0 101
0 102
0 105
0 106
0 108
0 109
0 111
0 112
0 113
0 114
0 115
0 117
0 121
0 124
0 125
0 126
0 128
0 129
0 131
0 133
0 135
0 136
0 137
0 138
0 139
0 142
0 143
0 145
0 147
0 150
0 151
0 152
0 153
0 154
0 157
0 158
1 5
1 6
1 7
1 10
1 11
1 14
1 15
1 24
1 26
1 29
1 30
1 31
1 32
1 33
1 34
1 35
1 36
1 39
1 40
1 43
1 44
1 45
1 46
1 49
1 50
1 51
1 53
1 54
1 56
1 58
1 59
1 64
1 65
1 67
1 68
1 69
1 71
1 72
1 73
1 74
1 75
1 76
1 79
1 80
1 84
1 86
1 87
1 89
1 90
1 97
1 99
1 101
1 102
1 106
1 110
1 113
1 114
1 115
1 124
1 125
1 126
1 127
1 128
1 129
1 130
1 132
1 133
1 135
1 136
1 137
1 138
1 141
1 143
1 145
1 148
1 151
1 152
1 153
1 154
1 157
1 158
1 161
2 4
2 6
2 7
2 8
2 9
2 10
2 14
2 18
2 21
2 22
2 23
2 25
2 31
2 34
2 35
2 36
2 37
2 40
2 43
2 44
2 45
2 46
2 50
2 51
2 53
2 54
2 55
2 61
2 64
2 65
2 66
2 67
2 70
2 73
2 76
2 77
2 84
2 85
2 88
2 93
2 95
2 98
2 100
2 103
2 105
2 107
2 108
2 113
2 115
2 118
2 126
2 127
2 129
2 131
2 133
2 138
2 139
2 142
2 151
2 154
3 6
3 10
3 11
3 19
3 26
3 30
3 33
3 42
3 45
3 49
3 50
3 53
3 54
3 56
3 62
3 63
3 65
3 69
3 70
3 71
3 73
3 74
3 75
3 84
3 86
3 87
3 88
3 89
3 91
3 93
3 97
3 99
3 100
3 103
3 106
3 108
3 112
3 114
3 118
3 125
3 126
3 127
3 128
3 129
3 131
3 136
3 138
3 139
3 141
3 143
3 147
3 148
3 152
3 153
3 155
3 157
3 158
4 5
4 6
4 9
4 10
4 13
4 14
4 18
4 19
4 21
4 23
4 24
4 25
4 26
4 30
4 31
4 32
4 34
4 36
4 37
4 38
4 39
4 40
4 41
4 42
4 43
4 44
4 46
4 48
4 49
4 50
4 52
4 53
4 55
4 56
4 61
4 62
4 63
4 64
4 65
4 66
4 68
4 70
4 71
4 72
4 73
4 74
4 75
4 76
4 79
4 80
4 81
4 84
4 85
4 86
4 89
4 90
4 92
4 93
4 97
4 98
4 101
4 102
4 103
4 104
4 105
4 106
4 107
4 108
4 109
4 110
4 111
4 112
4 113
4 114
4 115
4 116
4 117
4 126
4 127
4 128
4 130
4 131
4 132
4 133
4 134
4 135
4 136
4 137
4 138
4 139
4 141
4 142
4 146
4 147
4 148
4 149
4 151
4 153
4 154
4 155
4 156
4 157
4 158
4 159
4 161
5 6
5 9
5 11
5 13
5 19
5 21
5 24
5 26
5 28
5 32
5 35
5 38
5 50
5 51
5 62
5 63
5 66
5 68
5 73
5 74
5 77
5 82
5 91
5 97
5 102
5 106
5 108
5 109
5 113
5 114
5 120
5 126
5 129
5 131
5 133
5 134
5 139
5 143
5 147
5 151
5 153
5 154
6 7
6 8
6 11
6 12
6 14
6 16
6 19
6 21
6 22
6 25
6 26
6 28
6 29
6 30
6 31
6 32
6 34
6 35
6 37
6 38
6 39
6 40
6 43
6 44
6 45
6 46
6 48
6 49
6 50
6 51
6 52
6 53
6 54
6 55
6 56
6 58
6 59
6 62
6 63
6 64
6 65
6 67
6 68
6 69
6 70
6 72
6 73
6 74
6 75
6 76
6 77
6 78
6 79
6 81
6 83
6 84
6 85
6 86
6 87
6 88
6 89
6 90
6 92
6 93
6 94
6 95
6 96
6 97
6 98
6 101
6 102
6 103
6 104
6 105
6 106
6 108
6 109
6 110
6 111
6 112
6 114
6 116
6 117
6 118
6 119
6 125
6 127
6 128
6 130
6 131
6 132
6 133
6 134
6 135
6 136
6 138
6 139
6 140
6 141
6 142
6 143
6 144
6 145
6 146
6 147
6 149
6 152
6 153
6 154
6 155
6 157
6 158
6 159
6 160
6 161
7 9
7 10
7 11
7 12
7 14
7 15
7 16
7 19
7 20
7 21
7 24
7 25
7 26
7 27
7 29
7 30
7 31
7 32
7 35
7 36
7 38
7 39
7 40
7 41
7 42
7 43
7 44
7 45
7 46
7 49
7 50
7 51
7 52
7 53
7 54
7 55
7 56
7 57
7 58
7 59
7 61
7 63
7 64
7 65
7 67
7 68
7 69
7 70
7 71
7 72
7 73
7 74
7 75
7 76
7 77
7 79
7 80
7 83
7 84
7 85
7 88
7 89
7 98
7 99
7 100
7 101
7 102
7 103
7 105
7 106
7 107
7 108
7 109
7 110
7 111
7 112
7 113
7 115
7 116
7 117
7 118
7 119
7 120
7 123
7 125
7 126
7 127
7 128
7 129
7 130
7 131
7 134
7 136
7 137
7 138
7 139
7 141
7 142
7 145
7 146
7 147
7 150
7 151
7 152
7 154
7 155
7 156
7 157
7 158
7 159
7 160
7 161
8 11
8 12
8 13
8 14
8 19
8 20
8 24
8 30
8 31
8 36
8 44
8 45
8 49
8 52
8 54
8 55
8 58
8 63
8 65
8 67
8 69
8 70
8 71
8 74
8 77
8 84
8 93
8 94
8 99
8 101
8 102
8 105
8 109
8 112
8 113
8 114
8 115
8 116
8 117
8 120
8 121
8 125
8 126
8 129
8 131
8 133
8 134
8 137
8 138
8 143
8 146
8 147
8 148
8 150
8 151
8 152
8 153
8 158
9 10
9 11
9 12
9 13
9 14
9 15
9 16
9 18
9 19
9 20
9 21
9 23
9 24
9 26
9 30
9 31
9 32
9 33
9 34
9 35
9 40
9 42
9 43
9 45
9 50
9 51
9 52
9 54
9 58
9 60
9 61
9 64
9 66
9 68
9 69
9 70
9 72
9 73
9 79
9 81
9 82
9 85
9 86
9 88
9 89
9 90
9 93
9 94
9 95
9 100
9 101
9 104
9 105
9 106
9 108
9 109
9 110
9 112
9 113
9 114
9 115
9 116
9 117
9 118
9 119
9 121
9 125
9 128
9 129
9 133
9 134
9 135
9 137
9 138
9 139
9 147
9 151
9 154
9 157
9 158
9 160
10 11
10 12
10 14
10 15
10 19
10 21
10 22
10 25
10 26
10 30
10 31
10 32
10 35
10 37
10 40
10 42
10 43
10 44
10 45
10 49
10 50
10 52
10 53
10 54
10 55
10 56
10 57
10 58
10 62
10 63
10 64
10 66
10 67
10 68
10 69
10 70
10 71
10 72
10 73
10 74
10 75
10 84
10 89
10 92
10 93
10 94
10 98
10 99
10 100
10 102
10 104
10 106
10 107
10 110
10 111
10 112
10 113
10 115
10 116
10 117
10 118
10 126
10 129
10 130
10 132
10 133
10 134
10 136
10 137
10 138
10 139
10 142
10 145
10 148
10 149
10 151
10 153
10 154
10 155
10 158
10 161
11 13
11 14
11 18
11 19
11 21
11 22
11 23
11 25
11 26
11 27
11 30
11 31
11 32
11 35
11 36
11 38
11 39
11 40
11 42
11 43
11 44
11 48
11 49
11 51
11 52
11 54
11 56
11 57
11 62
11 63
11 64
11 65
11 66
11 67
11 68
11 69
11 70
11 71
11 72
11 73
11 74
11 76
11 77
11 78
11 79
11 80
11 83
11 85
11 86
11 87
11 89
11 90
11 91
11 92
11 93
11 94
11 96
11 97
11 98
11 99
11 101
11 103
11 104
11 106
11 108
11 109
11 111
11 112
11 113
11 114
11 115
11 118
11 119
11 122
11 123
11 125
11 128
11 129
11 130
11 131
11 133
11 134
11 135
11 136
11 137
11 138
11 139
11 141
11 142
11 145
11 146
11 147
11 148
11 151
11 153
11 154
11 155
11 157
11 161
12 15
12 18
12 21
12 23
12 26
12 27
12 30
12 36
12 38
12 40
12 43
12 44
12 45
12 48
12 51
12 52
12 54
12 55
12 56
12 59
12 63
12 65
12 66
12 71
12 72
12 76
12 79
12 81
12 85
12 89
12 94
12 96
12 97
12 98
12 99
12 105
12 106
12 107
12 108
12 109
12 113
12 114
12 117
12 120
12 127
12 128
12 129
12 131
12 133
12 134
12 137
12 139
12 142
12 145
12 149
12 153
12 154
12 155
12 156
12 158
13 14
13 15
13 17
13 18
13 21
13 26
13 30
13 31
13 38
13 39
13 40
13 41
13 44
13 49
13 51
13 52
13 53
13 54
13 56
13 57
13 58
13 59
13 62
13 64
13 66
13 68
13 69
13 70
13 71
13 73
13 74
13 79
13 80
13 84
13 85
13 86
13 89
13 90
13 94
13 98
13 99
13 100
13 101
13 102
13 106
13 107
13 111
13 115
13 116
13 117
13 118
13 122
13 123
13 125
13 129
13 130
13 131
13 133
13 134
13 136
13 138
13 139
13 140
13 141
13 142
13 143
13 146
13 147
13 150
13 152
13 155
13 157
13 161
14 15
14 16
14 18
14 19
14 20
14 21
14 23
14 24
14 25
14 26
14 27
14 28
14 29
14 30
14 31
14 32
14 33
14 34
14 35
14 36
14 37
14 38
14 39
14 40
14 41
14 42
14 44
14 45
14 46
14 48
14 51
14 52
14 53
14 54
14 55
14 58
14 59
14 62
14 63
14 64
14 65
14 66
14 67
14 68
14 69
14 70
14 72
14 73
14 74
14 76
14 77
14 78
14 79
14 80
14 81
14 82
14 83
14 84
14 85
14 86
14 87
14 88
14 89
14 90
14 91
14 92
14 93
14 94
14 97
14 99
14 101
14 103
14 105
14 106
14 107
14 108
14 111
14 112
14 113
14 114
14 115
14 116
14 118
14 119
14 121
14 125
14 126
14 131
14 132
14 134
14 135
14 136
14 137
14 138
14 139
14 140
14 142
14 143
14 145
14 146
14 147
14 149
14 150
14 151
14 152
14 153
14 154
14 155
14 157
14 158
14 160
14 161
15 19
15 26
15 28
15 32
15 35
15 38
15 39
15 40
15 43
15 46
15 47
15 48
15 50
15 54
15 55
15 58
15 64
15 65
15 69
15 75
15 77
15 79
15 80
15 84
15 89
15 91
15 94
15 97
15 98
15 101
15 103
15 108
15 109
15 110
15 113
15 115
15 116
15 118
15 119
15 128
15 129
15 130
15 131
15 132
15 133
15 139
15 141
15 142
15 144
15 145
15 150
15 152
15 153
15 155
15 157
15 158
15 160
15 161
16 19
16 24
16 26
16 29
16 30
16 35
16 37
16 40
16 42
16 43
16 45
16 54
16 63
16 64
16 65
16 66
16 67
16 69
16 70
16 72
16 73
16 74
16 75
16 76
16 77
16 79
16 84
16 85
16 86
16 89
16 93
16 96
16 97
16 100
16 101
16 110
16 114
16 117
16 118
16 119
16 126
16 129
16 132
16 133
16 138
16 140
16 142
16 143
16 146
16 147
16 149
16 154
16 155
16 157
16 160
16 161
17 18
17 19
17 25
17 37
17 39
17 46
17 51
17 52
17 56
17 64
17 65
17 66
17 67
17 68
17 71
17 73
17 75
17 100
17 102
17 104
17 107
17 111
17 112
17 114
17 117
17 118
17 129
17 131
17 138
17 151
17 154
17 157
17 158
17 160
18 23
18 25
18 26
18 33
18 36
18 37
18 40
18 41
18 42
18 44
18 45
18 49
18 51
18 52
18 53
18 54
18 55
18 56
18 59
18 62
18 63
18 64
18 66
18 69
18 70
18 71
18 72
18 75
18 77
18 80
18 82
18 83
18 85
18 87
18 88
18 90
18 92
18 93
18 97
18 98
18 101
18 102
18 106
18 110
18 111
18 114
18 115
18 117
18 126
18 127
18 131
18 134
18 135
18 137
18 138
18 139
18 140
18 142
18 144
18 145
18 146
18 147
18 151
18 152
18 154
18 157
18 158
18 160
18 161
19 21
19 22
19 23
19 25
19 26
19 29
19 30
19 31
19 32
19 33
19 34
19 35
19 36
19 37
19 38
19 40
19 41
19 42
19 43
19 44
19 45
19 46
19 48
19 49
19 50
19 51
19 52
19 54
19 56
19 58
19 59
19 60
19 61
19 62
19 63
19 64
19 65
19 66
19 68
19 71
19 72
19 73
19 74
19 78
19 79
19 80
19 84
19 85
19 86
19 89
19 90
19 92
19 93
19 94
19 97
19 98
19 99
19 101
19 102
19 104
19 106
19 107
19 108
19 109
19 110
19 112
19 113
19 114
19 117
19 118
19 119
19 121
19 125
19 127
19 128
19 129
19 131
19 132
19 133
19 134
19 135
19 137
19 138
19 139
19 141
19 142
19 146
19 147
19 150
19 151
19 152
19 153
19 157
19 160
19 161
20 24
20 28
20 30
20 31
20 35
20 38
20 40
20 44
20 49
20 52
20 54
20 56
20 62
20 64
20 65
20 66
20 67
20 68
20 69
20 70
20 71
20 73
20 74
20 76
20 77
20 78
20 79
20 85
20 88
20 90
20 94
20 97
20 98
20 99
20 102
20 104
20 105
20 109
20 116
20 117
20 118
20 125
20 126
20 129
20 131
20 133
20 138
20 142
20 146
20 149
20 150
20 152
20 153
20 154
20 157
20 158
21 24
21 26
21 28
21 30
21 32
21 34
21 37
21 44
21 45
21 47
21 48
21 49
21 50
21 51
21 53
21 54
21 55
21 57
21 58
21 61
21 63
21 64
21 65
21 66
21 67
21 68
21 70
21 71
21 72
21 73
21 74
21 75
21 76
21 77
21 79
21 80
21 81
21 82
21 83
21 84
21 85
21 87
21 88
21 89
21 91
21 92
21 93
21 94
21 96
21 97
21 98
21 99
21 101
21 102
21 104
21 105
21 108
21 109
21 111
21 112
21 113
21 114
21 116
21 117
21 125
21 126
21 128
21 131
21 133
21 134
21 135
21 136
21 137
21 138
21 139
21 140
21 142
21 143
21 145
21 146
21 150
21 151
21 152
21 154
21 158
21 161
22 23
22 24
22 26
22 28
22 31
22 32
22 34
22 35
22 36
22 38
22 40
22 45
22 49
22 52
22 54
22 58
22 59
22 62
22 64
22 65
22 66
22 67
22 68
22 74
22 77
22 91
22 95
22 97
22 102
22 105
22 108
22 113
22 115
22 117
22 118
22 120
22 127
22 128
22 130
22 131
22 133
22 138
22 139
22 141
22 144
22 150
22 151
22 153
22 154
22 158
22 159
22 160
22 161
23 24
23 26
23 33
23 35
23 39
23 40
23 45
23 49
23 55
23 56
23 59
23 65
23 66
23 67
23 68
23 70
23 72
23 74
23 75
23 77
23 80
23 84
23 89
23 94
23 98
23 99
23 100
23 101
23 102
23 105
23 106
23 112
23 117
23 120
23 130
23 132
23 135
23 137
23 138
23 140
23 142
23 147
23 148
23 149
23 151
23 152
23 155
24 26
24 30
24 34
24 35
24 38
24 42
24 43
24 45
24 51
24 54
24 55
24 56
24 57
24 58
24 59
24 61
24 63
24 65
24 67
24 69
24 70
24 74
24 75
24 76
24 77
24 79
24 80
24 84
24 88
24 89
24 92
24 94
24 98
24 101
24 102
24 104
24 106
24 107
24 108
24 109
24 110
24 117
24 118
24 119
24 121
24 123
24 126
24 127
24 128
24 129
24 130
24 133
24 134
24 136
24 137
24 138
24 141
24 142
24 143
24 146
24 147
24 150
24 152
24 153
24 154
24 157
24 158
24 159
25 26
25 30
25 31
25 32
25 34
25 35
25 38
25 40
25 41
25 44
25 45
25 47
25 48
25 49
25 51
25 52
25 56
25 58
25 60
25 63
25 64
25 65
25 66
25 67
25 68
25 69
25 71
25 74
25 75
25 76
25 77
25 78
25 79
25 85
25 86
25 88
25 89
25 91
25 94
25 97
25 99
25 101
25 102
25 105
25 106
25 108
25 109
25 111
25 112
25 113
25 115
25 117
25 118
25 119
25 121
25 123
25 125
25 129
25 130
25 131
25 133
25 134
25 136
25 137
25 139
25 144
25 147
25 148
25 150
25 151
25 152
25 153
25 154
25 155
25 157
25 159
26 27
26 28
26 29
26 30
26 31
26 32
26 33
26 35
26 36
26 38
26 39
26 40
26 41
26 42
26 43
26 44
26 45
26 46
26 47
26 49
26 50
26 51
26 54
26 55
26 56
26 63
26 64
26 65
26 66
26 67
26 68
26 69
26 70
26 71
26 72
26 73
26 74
26 75
26 76
26 77
26 78
26 79
26 81
26 84
26 86
26 88
26 89
26 90
26 91
26 93
26 94
26 96
26 97
26 99
26 100
26 101
26 102
26 106
26 107
26 108
26 109
26 110
26 111
26 113
26 115
26 116
26 117
26 118
26 119
26 121
26 122
26 123
26 125
26 126
26 129
26 130
26 131
26 133
26 136
26 137
26 138
26 139
26 140
26 141
26 142
26 143
26 145
26 146
26 149
26 150
26 151
26 152
26 153
26 154
26 155
26 157
26 158
26 159
26 161
27 35
27 48
27 50
27 56
27 63
27 65
27 70
27 75
27 79
27 81
27 83
27 97
27 102
27 107
27 110
27 114
27 120
27 125
27 127
27 133
27 135
27 136
27 141
27 147
27 152
28 30
28 31
28 32
28 33
28 35
28 36
28 37
28 40
28 49
28 50
28 51
28 54
28 55
28 63
28 64
28 65
28 67
28 68
28 71
28 73
28 84
28 85
28 89
28 94
28 95
28 98
28 101
28 105
28 109
28 111
28 112
28 113
28 114
28 116
28 122
28 125
28 133
28 134
28 142
28 144
28 146
28 147
28 150
28 153
28 157
28 158
29 30
29 37
29 40
29 44
29 45
29 50
29 51
29 56
29 63
29 64
29 65
29 67
29 70
29 71
29 74
29 75
29 80
29 81
29 83
29 100
29 102
29 104
29 106
29 107
29 108
29 109
29 110
29 114
29 115
29 117
29 125
29 127
29 131
29 133
29 135
29 137
29 142
29 147
29 149
29 151
29 152
29 154
29 161
30 31
30 32
30 33
30 35
30 37
30 38
30 39
30 40
30 42
30 43
30 44
30 45
30 46
30 48
30 49
30 50
30 51
30 53
30 54
30 56
30 58
30 63
30 64
30 65
30 66
30 69
30 70
30 71
30 72
30 73
30 74
30 75
30 76
30 77
30 79
30 83
30 84
30 85
30 86
30 87
30 88
30 89
30 91
30 92
30 93
30 94
30 96
30 97
30 98
30 100
30 101
30 102
30 103
30 105
30 106
30 107
30 109
30 110
30 112
30 113
30 115
30 116
30 118
30 119
30 121
30 124
30 125
30 126
30 128
30 129
30 131
30 133
30 134
30 135
30 136
30 137
30 138
30 139
30 140
30 142
30 143
30 145
30 146
30 147
30 150
30 151
30 152
30 153
30 154
30 156
30 157
30 158
30 159
30 160
30 161
31 32
31 33
31 35
31 37
31 38
31 40
31 44
31 45
31 47
31 49
31 50
31 51
31 53
31 54
31 55
31 56
31 58
31 59
31 62
31 63
31 65
31 66
31 67
31 68
31 69
31 70
31 71
31 72
31 73
31 74
31 75
31 77
31 78
31 79
31 80
31 81
31 82
31 83
31 88
31 89
31 90
31 91
31 93
31 94
31 95
31 98
31 100
31 101
31 102
31 103
31 104
31 106
31 108
31 109
31 110
31 111
31 112
31 113
31 114
31 115
31 116
31 117
31 118
31 122
31 125
31 126
31 127
31 129
31 130
31 131
31 133
31 134
31 135
31 137
31 138
31 139
31 141
31 142
31 143
31 145
31 146
31 147
31 149
31 150
31 151
31 153
31 154
31 155
31 157
31 158
31 160
31 161
32 33
32 34
32 35
32 36
32 37
32 39
32 40
32 41
32 42
32 43
32 44
32 45
32 47
32 49
32 51
32 53
32 56
32 57
32 58
32 59
32 63
32 64
32 65
32 66
32 67
32 68
32 69
32 70
32 71
32 72
32 73
32 74
32 75
32 77
32 79
32 80
32 81
32 84
32 85
32 86
32 87
32 88
32 89
32 91
32 92
32 93
32 94
32 95
32 97
32 98
32 99
32 100
32 101
32 102
32 103
32 105
32 106
32 108
32 109
32 111
32 112
32 113
32 115
32 116
32 117
32 119
32 125
32 128
32 129
32 130
32 131
32 133
32 135
32 136
32 137
32 138
32 139
32 140
32 141
32 142
32 145
32 146
32 147
32 148
32 150
32 151
32 152
32 153
32 155
32 156
32 157
32 158
32 161
33 35
33 40
33 45
33 48
33 50
33 51
33 54
33 55
33 56
33 57
33 66
33 70
33 72
33 74
33 77
33 79
33 80
33 85
33 88
33 89
33 90
33 92
33 93
33 102
33 106
33 109
33 113
33 117
33 119
33 125
33 126
33 129
33 137
33 141
33 149
33 152
33 153
33 154
33 155
33 158
33 161
34 35
34 40
34 41
34 43
34 44
34 46
34 49
34 50
34 51
34 53
34 54
34 56
34 59
34 64
34 65
34 66
34 69
34 71
34 72
34 75
34 77
34 79
34 83
34 84
34 87
34 89
34 94
34 97
34 101
34 107
34 108
34 111
34 112
34 113
34 115
34 117
34 122
34 125
34 127
34 128
34 129
34 130
34 131
34 133
34 134
34 137
34 140
34 141
34 145
34 146
34 147
34 150
34 151
34 158
34 159
34 160
34 161
35 38
35 39
35 40
35 42
35 44
35 45
35 50
35 51
35 52
35 53
35 57
35 61
35 64
35 65
35 66
35 67
35 68
35 69
35 70
35 71
35 72
35 75
35 77
35 78
35 79
35 81
35 82
35 84
35 85
35 86
35 87
35 88
35 89
35 92
35 93
35 94
35 98
35 100
35 102
35 103
35 104
35 105
35 106
35 108
35 112
35 113
35 115
35 117
35 118
35 123
35 124
35 125
35 126
35 130
35 131
35 133
35 137
35 138
35 141
35 142
35 143
35 145
35 146
35 147
35 149
35 152
35 153
35 155
35 157
35 158
35 159
35 161
36 37
36 38
36 40
36 43
36 44
36 45
36 48
36 49
36 50
36 51
36 52
36 54
36 55
36 56
36 64
36 65
36 66
36 67
36 68
36 69
36 70
36 71
36 72
36 74
36 75
36 79
36 80
36 83
36 88
36 92
36 93
36 94
36 96
36 97
36 98
36 99
36 100
36 101
36 104
36 106
36 107
36 108
36 111
36 112
36 113
36 114
36 117
36 125
36 126
36 129
36 130
36 131
36 133
36 134
36 136
36 137
36 138
36 139
36 140
36 142
36 146
36 147
36 148
36 151
36 152
36 153
36 154
36 157
36 158
36 160
37 40
37 44
37 45
37 46
37 49
37 50
37 51
37 52
37 54
37 57
37 58
37 63
37 66
37 67
37 68
37 69
37 70
37 73
37 75
37 77
37 79
37 80
37 81
37 82
37 84
37 86
37 87
37 94
37 96
37 100
37 103
37 107
37 114
37 115
37 116
37 117
37 119
37 125
37 126
37 129
37 131
37 133
37 137
37 139
37 141
37 142
37 146
37 148
37 149
37 150
37 151
37 152
37 153
37 157
37 158
37 159
37 160
37 161
38 39
38 40
38 42
38 44
38 45
38 47
38 48
38 49
38 50
38 51
38 52
38 55
38 56
38 57
38 58
38 59
38 61
38 63
38 64
38 66
38 67
38 69
38 70
38 71
38 72
38 73
38 74
38 75
38 77
38 79
38 80
38 86
38 88
38 89
38 91
38 92
38 93
38 95
38 96
38 100
38 101
38 102
38 103
38 104
38 105
38 106
38 107
38 108
38 109
38 111
38 113
38 114
38 117
38 118
38 119
38 122
38 126
38 127
38 128
38 129
38 130
38 133
38 134
38 135
38 136
38 137
38 138
38 139
38 140
38 141
38 142
38 143
38 145
38 148
38 149
38 150
38 152
38 153
38 154
38 155
38 156
38 158
38 160
38 161
39 40
39 43
39 44
39 45
39 49
39 51
39 54
39 56
39 61
39 63
39 65
39 66
39 67
39 68
39 69
39 70
39 71
39 72
39 73
39 77
39 79
39 82
39 83
39 88
39 89
39 91
39 94
39 101
39 102
39 106
39 107
39 108
39 112
39 113
39 118
39 121
39 123
39 125
39 126
39 129
39 133
39 134
39 137
39 141
39 142
39 146
39 150
39 154
39 157
39 158
39 161
40 41
40 42
40 43
40 46
40 48
40 49
40 50
40 51
40 54
40 55
40 56
40 57
40 58
40 59
40 61
40 64
40 65
40 66
40 67
40 68
40 69
40 70
40 71
40 72
40 74
40 75
40 76
40 79
40 80
40 81
40 83
40 84
40 85
40 86
40 87
40 88
40 89
40 91
40 92
40 93
40 94
40 95
40 96
40 97
40 100
40 101
40 102
40 103
40 105
40 106
40 107
40 108
40 109
40 111
40 112
40 113
40 114
40 115
40 116
40 118
40 122
40 126
40 127
40 129
40 130
40 133
40 134
40 136
40 137
40 138
40 139
40 140
40 142
40 143
40 144
40 145
40 146
40 147
40 150
40 152
40 153
40 154
40 155
40 157
40 159
40 160
40 161
41 42
41 43
41 45
41 49
41 53
41 54
41 55
41 58
41 64
41 65
41 67
41 69
41 70
41 71
41 76
41 78
41 85
41 90
41 94
41 97
41 98
41 101
41 102
41 105
41 106
41 107
41 108
41 109
41 111
41 113
41 121
41 126
41 129
41 131
41 135
41 138
41 142
41 147
41 149
41 152
41 153
41 155
41 156
41 158
41 160
41 161
42 43
42 45
42 46
42 51
42 52
42 53
42 55
42 56
42 58
42 59
42 63
42 65
42 66
42 67
42 68
42 69
42 70
42 72
42 73
42 74
42 76
42 79
42 82
42 83
42 84
42 86
42 89
42 91
42 92
42 93
42 98
42 99
42 100
42 101
42 102
42 106
42 108
42 109
42 111
42 112
42 114
42 117
42 118
42 125
42 127
42 129
42 130
42 131
42 133
42 134
42 138
42 139
42 142
42 146
42 147
42 148
42 151
42 153
42 156
42 159
43 45
43 46
43 50
43 52
43 54
43 55
43 56
43 57
43 60
43 64
43 66
43 67
43 68
43 71
43 72
43 73
43 74
43 77
43 86
43 89
43 93
43 101
43 102
43 104
43 106
43 109
43 112
43 115
43 116
43 117
43 130
43 131
43 133
43 134
43 135
43 136
43 137
43 138
43 140
43 141
43 142
43 146
43 147
43 150
43 151
43 153
43 154
43 158
43 160
43 161
44 45
44 46
44 47
44 48
44 49
44 50
44 52
44 56
44 57
44 59
44 64
44 67
44 68
44 69
44 70
44 72
44 73
44 75
44 76
44 77
44 79
44 80
44 81
44 83
44 85
44 86
44 87
44 88
44 92
44 93
44 94
44 98
44 99
44 101
44 102
44 103
44 104
44 108
44 109
44 112
44 113
44 114
44 115
44 117
44 118
44 120
44 123
44 124
44 125
44 126
44 127
44 128
44 130
44 131
44 133
44 134
44 137
44 139
44 141
44 142
44 143
44 144
44 145
44 150
44 151
44 152
44 153
44 154
44 155
44 158
44 159
44 160
45 46
45 47
45 49
45 51
45 53
45 55
45 56
45 58
45 59
45 61
45 64
45 65
45 66
45 67
45 68
45 69
45 70
45 71
45 72
45 74
45 76
45 77
45 78
45 79
45 80
45 81
45 82
45 83
45 84
45 85
45 86
45 87
45 88
45 89
45 90
45 91
45 92
45 93
45 94
45 95
45 97
45 99
45 100
45 101
45 102
45 103
45 104
45 105
45 106
45 107
45 108
45 109
45 110
45 111
45 112
45 115
45 116
45 117
45 118
45 119
45 122
45 123
45 125
45 126
45 129
45 130
45 131
45 133
45 134
45 137
45 138
45 139
45 140
45 141
45 142
45 143
45 145
45 147
45 149
45 150
45 151
45 153
45 154
45 157
45 158
45 160
45 161
46 48
46 49
46 53
46 54
46 55
46 56
46 58
46 63
46 64
46 65
46 66
46 67
46 68
46 69
46 70
46 71
46 73
46 74
46 76
46 77
46 84
46 85
46 90
46 93
46 94
46 95
46 97
46 98
46 100
46 101
46 102
46 103
46 105
46 106
46 107
46 108
46 113
46 114
46 115
46 117
46 118
46 120
46 122
46 126
46 127
46 129
46 130
46 131
46 132
46 133
46 134
46 137
46 138
46 141
46 142
46 145
46 146
46 147
46 149
46 150
46 152
46 153
46 154
46 155
46 158
46 159
46 160
47 50
47 58
47 66
47 67
47 68
47 70
47 72
47 75
47 83
47 86
47 94
47 101
47 103
47 108
47 115
47 125
47 130
47 133
47 136
47 138
47 141
47 150
47 151
47 152
47 161
48 51
48 54
48 55
48 58
48 59
48 61
48 63
48 64
48 66
48 67
48 69
48 74
48 75
48 79
48 80
48 82
48 86
48 88
48 92
48 94
48 95
48 101
48 102
48 106
48 108
48 110
48 113
48 114
48 118
48 123
48 125
48 128
48 134
48 138
48 139
48 141
48 148
48 153
48 155
48 158
48 160
49 51
49 52
49 53
49 54
49 58
49 59
49 63
49 64
49 65
49 66
49 67
49 68
49 69
49 70
49 71
49 72
49 73
49 74
49 76
49 77
49 78
49 80
49 81
49 82
49 83
49 85
49 86
49 87
49 88
49 89
49 90
49 91
49 93
49 94
49 95
49 96
49 97
49 98
49 99
49 100
49 101
49 103
49 105
49 108
49 110
49 111
49 113
49 115
49 116
49 117
49 118
49 120
49 124
49 125
49 127
49 128
49 129
49 131
49 132
49 133
49 134
49 136
49 137
49 138
49 139
49 141
49 142
49 143
49 144
49 147
49 148
49 150
49 151
49 152
49 153
49 154
49 155
49 157
49 158
49 159
49 161
50 51
50 53
50 54
50 56
50 58
50 59
50 61
50 64
50 65
50 67
50 68
50 69
50 71
50 72
50 73
50 77
50 79
50 80
50 82
50 83
50 85
50 87
50 89
50 93
50 94
50 96
50 97
50 99
50 101
50 106
50 107
50 108
50 109
50 111
50 112
50 114
50 115
50 118
50 120
50 122
50 124
50 125
50 127
50 128
50 133
50 135
50 138
50 142
50 145
50 146
50 147
50 149
50 150
50 151
50 152
50 154
50 158
50 159
50 160
50 161
51 53
51 54
51 58
51 59
51 61
51 65
51 67
51 68
51 69
51 70
51 71
51 72
51 73
51 74
51 75
51 76
51 77
51 80
51 82
51 83
51 84
51 85
51 90
51 91
51 92
51 93
51 96
51 97
51 98
51 99
51 100
51 101
51 102
51 103
51 106
51 107
51 108
51 109
51 110
51 111
51 112
51 113
51 114
51 115
51 116
51 117
51 118
51 119
51 120
51 125
51 126
51 127
51 128
51 129
51 130
51 133
51 135
51 137
51 138
51 140
51 141
51 142
51 143
51 146
51 147
51 148
51 150
51 152
51 153
51 154
51 155
51 156
51 157
51 159
51 160
51 161
52 54
52 55
52 57
52 58
52 63
52 64
52 65
52 66
52 68
52 69
52 72
52 73
52 74
52 75
52 81
52 84
52 88
52 90
52 91
52 92
52 93
52 96
52 97
52 102
52 104
52 105
52 106
52 107
52 108
52 110
52 111
52 112
52 114
52 115
52 116
52 117
52 118
52 128
52 133
52 135
52 137
52 141
52 142
52 145
52 153
52 155
52 157
53 54
53 59
53 63
53 64
53 65
53 66
53 69
53 70
53 72
53 73
53 79
53 85
53 86
53 87
53 88
53 90
53 92
53 96
53 98
53 99
53 101
53 102
53 105
53 106
53 107
53 108
53 109
53 110
53 112
53 113
53 114
53 115
53 116
53 119
53 123
53 126
53 129
53 131
53 137
53 138
53 139
53 142
53 146
53 148
53 153
53 154
54 55
54 56
54 57
54 58
54 59
54 61
54 62
54 63
54 64
54 65
54 66
54 67
54 68
54 69
54 70
54 71
54 72
54 74
54 75
54 77
54 78
54 80
54 84
54 85
54 87
54 89
54 91
54 93
54 94
54 96
54 97
54 98
54 99
54 101
54 102
54 107
54 108
54 109
54 110
54 111
54 112
54 114
54 115
54 117
54 118
54 119
54 120
54 121
54 124
54 125
54 126
54 127
54 128
54 129
54 130
54 133
54 136
54 137
54 138
54 139
54 140
54 141
54 142
54 146
54 149
54 150
54 151
54 152
54 153
54 154
54 155
54 157
54 158
54 159
54 161
55 56
55 58
55 59
55 61
55 62
55 63
55 64
55 65
55 67
55 68
55 69
55 70
55 71
55 72
55 73
55 74
55 75
55 76
55 77
55 79
55 83
55 84
55 85
55 88
55 89
55 90
55 92
55 93
55 94
55 95
55 97
55 99
55 100
55 101
55 102
55 103
55 104
55 105
55 106
55 107
55 108
55 109
55 112
55 113
55 115
55 116
55 122
55 125
55 127
55 129
55 130
55 131
55 133
55 134
55 136
55 137
55 138
55 139
55 141
55 142
55 144
55 145
55 147
55 148
55 149
55 150
55 151
55 152
55 153
55 155
55 156
55 157
55 158
55 160
55 161
56 57
56 58
56 63
56 64
56 65
56 66
56 67
56 68
56 69
56 70
56 71
56 72
56 73
56 74
56 75
56 76
56 78
56 79
56 84
56 85
56 86
56 87
56 88
56 89
56 91
56 92
56 93
56 95
56 97
56 98
56 99
56 101
56 102
56 103
56 104
56 106
56 107
56 108
56 109
56 110
56 111
56 112
56 113
56 114
56 115
56 116
56 117
56 118
56 122
56 123
56 125
56 126
56 127
56 129
56 131
56 132
56 133
56 134
56 135
56 136
56 137
56 138
56 139
56 141
56 142
56 144
56 145
56 147
56 148
56 151
56 152
56 154
56 155
56 157
56 158
56 159
56 160
57 63
57 64
57 66
57 67
57 69
57 70
57 71
57 77
57 83
57 84
57 85
57 86
57 89
57 91
57 97
57 98
57 99
57 101
57 102
57 105
57 108
57 111
57 113
57 114
57 115
57 117
57 122
57 125
57 128
57 129
57 130
57 133
57 135
57 137
57 145
57 146
57 152
57 155
57 157
57 158
57 161
58 59
58 61
58 63
58 64
58 66
58 67
58 68
58 71
58 72
58 75
58 76
58 77
58 79
58 80
58 82
58 86
58 87
58 89
58 92
58 94
58 96
58 97
58 101
58 102
58 104
58 106
58 107
58 108
58 109
58 112
58 113
58 115
58 116
58 117
58 120
58 123
58 124
58 125
58 126
58 127
58 128
58 129
58 131
58 133
58 135
58 137
58 138
58 139
58 142
58 145
58 148
58 149
58 150
58 151
58 152
58 155
58 159
58 161
59 64
59 65
59 66
59 67
59 68
59 70
59 72
59 74
59 75
59 77
59 78
59 80
59 81
59 82
59 88
59 90
59 93
59 99
59 100
59 101
59 102
59 106
59 113
59 115
59 116
59 119
59 125
59 126
59 130
59 131
59 133
59 134
59 135
59 137
59 138
59 139
59 141
59 142
59 145
59 147
59 157
59 158
59 160
59 161
60 64
60 66
60 70
60 74
60 77
60 86
60 99
60 102
60 105
60 106
60 112
60 120
60 125
60 128
60 130
60 131
60 134
60 138
60 150
60 152
60 158
61 64
61 65
61 67
61 69
61 71
61 72
61 75
61 79
61 82
61 83
61 84
61 89
61 91
61 92
61 94
61 97
61 99
61 101
61 105
61 106
61 108
61 112
61 116
61 123
61 124
61 125
61 128
61 129
61 130
61 131
61 132
61 133
61 135
61 137
61 139
61 140
61 142
61 145
61 146
61 147
61 149
61 150
61 151
61 152
61 153
61 159
62 63
62 65
62 66
62 68
62 69
62 71
62 72
62 73
62 75
62 77
62 83
62 85
62 88
62 91
62 92
62 93
62 95
62 96
62 98
62 101
62 102
62 105
62 106
62 107
62 112
62 114
62 115
62 117
62 118
62 120
62 126
62 129
62 130
62 134
62 135
62 137
62 138
62 139
62 140
62 150
62 152
62 153
62 155
62 157
62 158
62 159
63 65
63 66
63 67
63 68
63 69
63 70
63 72
63 73
63 74
63 75
63 76
63 77
63 85
63 86
63 88
63 89
63 90
63 91
63 92
63 94
63 95
63 97
63 100
63 101
63 102
63 103
63 106
63 108
63 111
63 113
63 114
63 115
63 117
63 118
63 125
63 128
63 129
63 131
63 133
63 134
63 135
63 136
63 137
63 138
63 139
63 141
63 142
63 146
63 147
63 150
63 151
63 152
63 154
63 155
63 158
63 159
64 65
64 66
64 67
64 68
64 69
64 70
64 72
64 73
64 74
64 77
64 79
64 80
64 81
64 84
64 88
64 89
64 90
64 93
64 95
64 96
64 97
64 100
64 101
64 102
64 103
64 104
64 105
64 106
64 107
64 108
64 109
64 111
64 112
64 113
64 114
64 115
64 117
64 118
64 119
64 120
64 122
64 126
64 127
64 128
64 129
64 130
64 131
64 133
64 134
64 135
64 136
64 138
64 139
64 141
64 142
64 143
64 145
64 146
64 147
64 148
64 149
64 150
64 151
64 153
64 154
64 157
64 158
64 160
64 161
65 66
65 67
65 68
65 69
65 70
65 71
65 72
65 73
65 74
65 75
65 76
65 77
65 81
65 82
65 83
65 84
65 85
65 86
65 87
65 88
65 89
65 93
65 94
65 95
65 97
65 98
65 100
65 101
65 102
65 103
65 104
65 105
65 106
65 107
65 108
65 109
65 110
65 112
65 113
65 114
65 115
65 116
65 117
65 118
65 119
65 120
65 123
65 125
65 126
65 127
65 128
65 131
65 133
65 134
65 135
65 137
65 140
65 141
65 142
65 146
65 147
65 150
65 155
65 156
65 157
65 160
65 161
66 67
66 71
66 72
66 73
66 74
66 76
66 77
66 80
66 81
66 82
66 83
66 84
66 85
66 86
66 87
66 88
66 89
66 90
66 91
66 92
66 93
66 94
66 95
66 98
66 100
66 101
66 102
66 106
66 108
66 109
66 112
66 114
66 115
66 116
66 117
66 118
66 119
66 120
66 122
66 125
66 126
66 129
66 130
66 131
66 132
66 133
66 134
66 137
66 138
66 139
66 142
66 143
66 145
66 146
66 147
66 150
66 151
66 152
66 153
66 154
66 157
66 158
66 159
66 160
67 68
67 69
67 70
67 71
67 72
67 73
67 74
67 75
67 77
67 79
67 80
67 81
67 83
67 84
67 85
67 86
67 87
67 88
67 89
67 92
67 93
67 96
67 97
67 98
67 99
67 100
67 101
67 102
67 104
67 105
67 108
67 110
67 111
67 112
67 113
67 114
67 115
67 116
67 117
67 118
67 119
67 120
67 121
67 124
67 125
67 126
67 128
67 129
67 130
67 131
67 132
67 133
67 134
67 135
67 136
67 137
67 138
67 139
67 140
67 141
67 142
67 143
67 144
67 145
67 147
67 149
67 150
67 152
67 153
67 154
67 155
67 157
67 159
67 160
67 161
68 69
68 70
68 71
68 72
68 73
68 74
68 75
68 76
68 79
68 81
68 83
68 84
68 87
68 88
68 89
68 91
68 93
68 94
68 95
68 97
68 99
68 100
68 101
68 102
68 103
68 105
68 106
68 108
68 109
68 111
68 113
68 114
68 115
68 117
68 118
68 120
68 122
68 123
68 125
68 127
68 129
68 132
68 133
68 134
68 135
68 137
68 138
68 139
68 140
68 142
68 145
68 146
68 147
68 149
68 151
68 152
68 154
68 155
68 157
68 158
68 160
68 161
69 70
69 71
69 72
69 73
69 74
69 75
69 77
69 79
69 80
69 83
69 84
69 86
69 87
69 88
69 89
69 91
69 95
69 96
69 97
69 98
69 99
69 100
69 101
69 102
69 103
69 104
69 105
69 106
69 107
69 108
69 109
69 110
69 111
69 112
69 113
69 114
69 115
69 116
69 117
69 118
69 121
69 122
69 124
69 125
69 127
69 129
69 130
69 131
69 133
69 134
69 136
69 137
69 138
69 139
69 140
69 141
69 143
69 145
69 146
69 149
69 150
69 151
69 153
69 156
69 157
69 158
69 159
69 161
70 71
70 72
70 73
70 74
70 75
70 79
70 81
70 82
70 83
70 84
70 86
70 87
70 89
70 90
70 91
70 93
70 94
70 95
70 97
70 98
70 100
70 101
70 102
70 103
70 104
70 105
70 106
70 107
70 108
70 109
70 110
70 113
70 114
70 115
70 116
70 117
70 118
70 119
70 125
70 126
70 127
70 128
70 129
70 130
70 131
70 132
70 133
70 134
70 135
70 136
70 137
70 138
70 139
70 141
70 142
70 147
70 149
70 150
70 151
70 152
70 154
70 155
70 156
70 157
70 158
70 159
70 160
70 161
71 72
71 75
71 77
71 78
71 79
71 80
71 81
71 84
71 86
71 87
71 88
71 90
71 93
71 94
71 97
71 98
71 99
71 101
71 102
71 103
71 106
71 108
71 109
71 110
71 111
71 112
71 115
71 116
71 117
71 118
71 119
71 125
71 126
71 127
71 129
71 130
71 131
71 133
71 134
71 135
71 137
71 138
71 139
71 140
71 142
71 143
71 148
71 150
71 152
71 153
71 155
71 157
71 158
71 159
72 73
72 74
72 75
72 77
72 79
72 80
72 82
72 85
72 86
72 87
72 88
72 89
72 90
72 91
72 94
72 95
72 97
72 98
72 99
72 102
72 103
72 104
72 105
72 106
72 107
72 108
72 109
72 110
72 111
72 112
72 114
72 115
72 116
72 117
72 118
72 119
72 120
72 122
72 125
72 127
72 128
72 129
72 130
72 131
72 133
72 134
72 135
72 136
72 137
72 138
72 139
72 140
72 141
72 142
72 143
72 145
72 146
72 147
72 148
72 149
72 151
72 152
72 154
72 155
72 157
72 159
73 74
73 75
73 77
73 80
73 84
73 86
73 88
73 89
73 90
73 93
73 94
73 96
73 98
73 99
73 101
73 102
73 105
73 106
73 107
73 108
73 109
73 111
73 112
73 113
73 114
73 115
73 117
73 118
73 119
73 120
73 123
73 125
73 126
73 127
73 129
73 133
73 137
73 138
73 139
73 145
73 148
73 151
73 153
73 154
73 156
73 157
73 158
73 159
73 160
73 161
74 75
74 76
74 77
74 79
74 80
74 81
74 82
74 86
74 87
74 88
74 89
74 90
74 91
74 93
74 94
74 95
74 96
74 97
74 100
74 102
74 105
74 106
74 107
74 108
74 109
74 110
74 111
74 112
74 114
74 115
74 116
74 117
74 118
74 120
74 122
74 124
74 125
74 126
74 127
74 128
74 132
74 133
74 134
74 137
74 138
74 139
74 140
74 141
74 142
74 144
74 145
74 146
74 147
74 148
74 149
74 150
74 151
74 152
74 153
74 154
74 155
74 157
74 158
74 159
75 77
75 78
75 79
75 82
75 83
75 84
75 85
75 86
75 87
75 88
75 89
75 91
75 92
75 93
75 97
75 99
75 101
75 102
75 104
75 105
75 106
75 107
75 108
75 109
75 111
75 112
75 113
75 114
75 115
75 116
75 117
75 118
75 126
75 128
75 129
75 130
75 131
75 133
75 135
75 136
75 137
75 138
75 141
75 142
75 143
75 144
75 146
75 147
75 150
75 151
75 153
75 154
75 157
75 158
75 159
75 161
76 77
76 79
76 80
76 81
76 86
76 89
76 91
76 94
76 97
76 99
76 101
76 102
76 103
76 108
76 109
76 110
76 111
76 112
76 113
76 117
76 118
76 126
76 129
76 131
76 133
76 134
76 135
76 138
76 139
76 146
76 147
76 151
76 152
76 154
76 157
76 158
77 78
77 79
77 80
77 81
77 82
77 83
77 84
77 85
77 87
77 88
77 89
77 90
77 94
77 95
77 96
77 98
77 100
77 102
77 106
77 108
77 109
77 111
77 112
77 114
77 115
77 116
77 117
77 118
77 124
77 126
77 127
77 129
77 132
77 133
77 134
77 135
77 136
77 137
77 138
77 140
77 141
77 143
77 146
77 147
77 148
77 149
77 150
77 152
77 155
77 158
77 160
77 161
78 84
78 86
78 89
78 93
78 98
78 102
78 113
78 116
78 125
78 127
78 128
78 133
78 134
78 138
78 142
78 146
78 151
78 158
79 80
79 84
79 85
79 86
79 87
79 88
79 89
79 90
79 91
79 92
79 93
79 94
79 95
79 97
79 98
79 101
79 103
79 104
79 105
79 106
79 107
79 108
79 110
79 112
79 113
79 114
79 115
79 117
79 118
79 119
79 121
79 127
79 128
79 129
79 132
79 133
79 134
79 135
79 136
79 137
79 139
79 141
79 142
79 144
79 145
79 148
79 149
79 150
79 151
79 152
79 153
79 154
79 157
79 158
79 159
79 160
79 161
80 81
80 84
80 89
80 93
80 99
80 102
80 103
80 104
80 106
80 108
80 112
80 113
80 115
80 118
80 120
80 123
80 125
80 129
80 130
80 131
80 132
80 133
80 134
80 137
80 139
80 142
80 145
80 147
80 149
80 151
80 152
80 153
80 154
80 155
80 158
80 160
80 161
81 89
81 91
81 94
81 97
81 99
81 106
81 108
81 109
81 111
81 112
81 113
81 115
81 129
81 131
81 133
81 139
81 142
81 147
81 149
81 150
81 151
81 152
81 153
81 154
81 158
82 83
82 86
82 88
82 90
82 91
82 92
82 94
82 95
82 97
82 100
82 101
82 107
82 109
82 113
82 114
82 115
82 116
82 117
82 122
82 125
82 127
82 129
82 131
82 133
82 135
82 136
82 138
82 142
82 143
82 144
82 146
82 150
82 151
82 152
82 153
82 154
82 158
82 161
83 89
83 91
83 94
83 97
83 98
83 100
83 101
83 103
83 106
83 108
83 110
83 111
83 113
83 114
83 115
83 125
83 126
83 128
83 129
83 130
83 131
83 138
83 139
83 142
83 145
83 146
83 147
83 151
83 152
83 153
83 154
83 155
83 157
83 158
84 87
84 89
84 91
84 93
84 95
84 97
84 98
84 99
84 100
84 102
84 103
84 104
84 105
84 106
84 107
84 108
84 109
84 110
84 111
84 112
84 113
84 115
84 117
84 120
84 122
84 133
84 134
84 135
84 136
84 137
84 138
84 139
84 140
84 144
84 147
84 149
84 150
84 151
84 152
84 153
84 158
84 161
85 87
85 88
85 89
85 91
85 92
85 93
85 94
85 95
85 97
85 100
85 102
85 106
85 109
85 110
85 111
85 112
85 113
85 114
85 115
85 116
85 117
85 118
85 119
85 125
85 126
85 130
85 134
85 136
85 138
85 139
85 140
85 141
85 143
85 146
85 149
85 152
85 154
85 156
86 89
86 92
86 94
86 95
86 98
86 101
86 106
86 108
86 109
86 112
86 114
86 115
86 116
86 117
86 118
86 120
86 124
86 128
86 129
86 133
86 134
86 135
86 137
86 138
86 139
86 141
86 143
86 148
86 149
86 150
86 151
86 154
86 155
86 156
86 157
86 158
86 160
86 161
87 88
87 89
87 91
87 92
87 97
87 102
87 104
87 106
87 107
87 108
87 111
87 112
87 113
87 114
87 115
87 116
87 123
87 125
87 126
87 127
87 128
87 130
87 131
87 132
87 133
87 137
87 138
87 139
87 141
87 145
87 146
87 147
87 148
87 151
87 152
87 153
87 154
87 157
87 159
87 161
88 89
88 90
88 91
88 92
88 94
88 97
88 98
88 99
88 100
88 101
88 102
88 103
88 104
88 105
88 106
88 108
88 109
88 111
88 112
88 113
88 114
88 115
88 117
88 121
88 126
88 128
88 130
88 133
88 134
88 135
88 136
88 137
88 138
88 141
88 148
88 152
88 153
88 155
88 156
88 157
88 158
88 161
89 93
89 94
89 96
89 97
89 99
89 100
89 101
89 102
89 103
89 104
89 105
89 106
89 107
89 108
89 110
89 114
89 115
89 116
89 117
89 120
89 121
89 125
89 126
89 128
89 129
89 130
89 131
89 133
89 134
89 135
89 136
89 137
89 138
89 139
89 141
89 142
89 143
89 146
89 147
89 148
89 150
89 151
89 153
89 154
89 155
89 158
89 159
89 161
90 91
90 93
90 97
90 98
90 100
90 101
90 102
90 111
90 114
90 118
90 125
90 126
90 129
90 131
90 133
90 134
90 137
90 142
90 147
90 152
90 153
90 155
90 156
90 157
90 161
91 92
91 94
91 96
91 99
91 100
91 101
91 102
91 106
91 107
91 110
91 112
91 114
91 115
91 125
91 128
91 131
91 133
91 134
91 135
91 136
91 138
91 139
91 145
91 146
91 147
91 151
91 153
91 154
91 157
91 158
91 159
91 160
91 161
92 95
92 99
92 100
92 101
92 102
92 103
92 104
92 106
92 108
92 109
92 111
92 113
92 116
92 117
92 118
92 125
92 128
92 129
92 131
92 132
92 133
92 137
92 138
92 139
92 141
92 142
92 147
92 151
92 152
92 154
92 158
93 94
93 98
93 99
93 102
93 105
93 107
93 108
93 110
93 111
93 112
93 116
93 117
93 118
93 126
93 127
93 129
93 130
93 131
93 133
93 138
93 139
93 140
93 141
93 142
93 143
93 144
93 145
93 149
93 150
93 151
93 152
93 154
93 158
93 159
93 160
93 161
94 96
94 97
94 99
94 100
94 101
94 102
94 103
94 104
94 105
94 106
94 108
94 109
94 110
94 112
94 114
94 116
94 117
94 118
94 122
94 124
94 125
94 126
94 128
94 129
94 130
94 131
94 132
94 133
94 134
94 137
94 138
94 139
94 140
94 141
94 142
94 143
94 145
94 147
94 149
94 150
94 151
94 152
94 153
94 154
94 156
94 157
94 159
94 161
95 97
95 99
95 102
95 108
95 110
95 111
95 112
95 118
95 130
95 131
95 133
95 134
95 137
95 142
95 145
95 154
95 160
96 101
96 102
96 108
96 109
96 110
96 112
96 118
96 127
96 129
96 131
96 134
96 135
96 137
96 139
96 142
96 147
96 148
96 150
96 153
96 154
96 159
96 161
97 98
97 99
97 101
97 102
97 105
97 106
97 107
97 108
97 109
97 110
97 111
97 112
97 113
97 114
97 117
97 118
97 123
97 125
97 127
97 129
97 131
97 133
97 134
97 135
97 137
97 138
97 139
97 141
97 142
97 143
97 145
97 146
97 147
97 148
97 149
97 150
97 151
97 152
97 153
97 154
97 157
97 158
97 159
97 160
97 161
98 99
98 100
98 101
98 102
98 105
98 106
98 108
98 111
98 112
98 114
98 115
98 116
98 117
98 118
98 127
98 129
98 133
98 134
98 137
98 138
98 140
98 143
98 144
98 145
98 147
98 149
98 150
98 151
98 152
98 153
98 154
98 158
98 159
98 161
99 102
99 103
99 104
99 105
99 106
99 108
99 109
99 111
99 112
99 113
99 115
99 118
99 122
99 125
99 127
99 129
99 131
99 132
99 133
99 134
99 135
99 139
99 140
99 142
99 148
99 149
99 150
99 151
99 152
99 154
99 158
99 160
99 161
100 101
100 102
100 106
100 107
100 108
100 109
100 111
100 112
100 114
100 115
100 116
100 117
100 118
100 125
100 126
100 127
100 128
100 131
100 133
100 137
100 138
100 141
100 142
100 147
100 150
100 151
100 153
100 156
100 161
101 102
101 105
101 107
101 108
101 109
101 110
101 112
101 113
101 115
101 116
101 117
101 118
101 120
101 121
101 122
101 126
101 127
101 128
101 129
101 130
101 131
101 133
101 134
101 135
101 136
101 137
101 138
101 139
101 141
101 142
101 145
101 146
101 147
101 149
101 150
101 151
101 152
101 153
101 154
101 155
101 157
101 158
101 159
101 160
101 161
102 103
102 104
102 106
102 108
102 109
102 111
102 112
102 114
102 115
102 116
102 117
102 118
102 119
102 125
102 126
102 129
102 131
102 133
102 134
102 136
102 138
102 139
102 140
102 142
102 143
102 145
102 146
102 147
102 148
102 150
102 151
102 152
102 153
102 154
102 155
102 156
102 157
102 158
102 160
102 161
103 104
103 105
103 106
103 109
103 110
103 112
103 114
103 115
103 117
103 118
103 124
103 125
103 131
103 132
103 134
103 138
103 140
103 141
103 142
103 145
103 148
103 149
103 150
103 151
103 152
103 153
103 154
103 155
104 105
104 107
104 108
104 112
104 118
104 125
104 129
104 131
104 134
104 135
104 142
104 146
104 150
104 152
104 153
104 154
104 158
104 159
104 160
104 161
105 106
105 107
105 108
105 109
105 110
105 111
105 112
105 113
105 117
105 118
105 122
105 123
105 125
105 128
105 129
105 131
105 132
105 133
105 134
105 137
105 138
105 139
105 140
105 142
105 143
105 145
105 146
105 147
105 149
105 150
105 151
105 154
105 155
105 156
105 157
105 159
105 160
105 161
106 107
106 108
106 110
106 111
106 113
106 114
106 115
106 117
106 122
106 125
106 126
106 128
106 129
106 131
106 133
106 134
106 135
106 137
106 138
106 139
106 140
106 141
106 142
106 146
106 147
106 148
106 149
106 150
106 151
106 152
106 153
106 157
106 159
106 161
107 108
107 109
107 110
107 112
107 113
107 118
107 119
107 125
107 127
107 131
107 132
107 133
107 135
107 136
107 138
107 142
107 145
107 151
107 153
107 154
107 156
107 158
107 159
108 109
108 110
108 111
108 112
108 114
108 115
108 116
108 117
108 118
108 120
108 122
108 123
108 125
108 127
108 129
108 130
108 131
108 133
108 134
108 135
108 136
108 137
108 138
108 139
108 140
108 141
108 142
108 143
108 146
108 147
108 148
108 149
108 150
108 151
108 152
108 153
108 154
108 155
108 156
108 157
108 158
108 159
108 161
109 112
109 113
109 115
109 117
109 124
109 125
109 128
109 129
109 130
109 131
109 132
109 134
109 137
109 138
109 141
109 142
109 146
109 147
109 148
109 149
109 150
109 151
109 152
109 154
109 158
109 159
109 160
110 114
110 115
110 116
110 117
110 121
110 125
110 126
110 129
110 131
110 134
110 135
110 136
110 137
110 138
110 139
110 142
110 147
110 151
110 152
110 160
110 161
111 113
111 114
111 118
111 121
111 127
111 129
111 131
111 134
111 136
111 138
111 139
111 140
111 141
111 142
111 146
111 147
111 151
111 152
111 153
111 154
111 155
111 158
111 159
111 160
111 161
112 113
112 114
112 115
112 116
112 117
112 118
112 119
112 120
112 125
112 129
112 133
112 134
112 136
112 137
112 138
112 140
112 141
112 142
112 144
112 145
112 146
112 147
112 148
112 150
112 151
112 152
112 153
112 154
112 156
112 158
112 159
112 160
112 161
113 114
113 115
113 116
113 117
113 118
113 119
113 126
113 127
113 128
113 129
113 130
113 131
113 133
113 136
113 137
113 138
113 142
113 143
113 146
113 149
113 150
113 151
113 152
113 153
113 154
113 157
113 158
113 159
113 160
113 161
114 115
114 116
114 117
114 118
114 119
114 125
114 126
114 129
114 131
114 133
114 134
114 135
114 136
114 137
114 138
114 139
114 142
114 145
114 146
114 147
114 148
114 150
114 151
114 152
114 153
114 154
114 155
114 157
114 158
114 160
114 161
115 116
115 117
115 118
115 119
115 125
115 127
115 128
115 129
115 130
115 131
115 133
115 134
115 138
115 139
115 140
115 141
115 142
115 143
115 145
115 147
115 149
115 150
115 151
115 152
115 153
115 154
115 155
115 156
115 159
115 160
115 161
116 119
116 122
116 128
116 131
116 133
116 134
116 137
116 141
116 146
116 147
116 149
116 150
116 151
116 153
116 154
116 155
116 157
116 158
116 159
117 118
117 120
117 125
117 126
117 127
117 128
117 129
117 131
117 132
117 133
117 134
117 137
117 138
117 139
117 140
117 141
117 142
117 145
117 146
117 147
117 148
117 149
117 150
117 151
117 152
117 153
117 154
117 155
117 156
117 160
118 119
118 120
118 121
118 122
118 123
118 125
118 126
118 128
118 129
118 130
118 131
118 133
118 134
118 135
118 136
118 137
118 138
118 139
118 140
118 141
118 142
118 146
118 147
118 151
118 152
118 153
118 154
118 155
118 156
118 158
118 159
118 161
119 130
119 133
119 134
119 136
119 138
119 140
119 151
119 152
119 159
120 131
120 137
120 139
120 142
120 147
120 152
120 153
120 154
120 160
121 126
121 127
121 131
121 137
121 139
121 150
121 154
121 157
121 161
122 125
122 127
122 129
122 134
122 138
122 141
122 142
122 146
122 147
122 152
122 153
122 158
122 161
123 129
123 134
123 137
123 138
123 141
123 151
123 154
124 125
124 128
124 137
124 138
124 147
124 153
125 126
125 129
125 131
125 133
125 136
125 137
125 138
125 139
125 140
125 141
125 142
125 143
125 145
125 146
125 147
125 148
125 149
125 150
125 151
125 152
125 153
125 154
125 157
125 159
125 160
126 129
126 131
126 133
126 134
126 135
126 137
126 139
126 140
126 142
126 145
126 146
126 147
126 150
126 151
126 153
126 154
126 155
126 158
127 129
127 131
127 132
127 137
127 138
127 139
127 141
127 142
127 145
127 146
127 147
127 148
127 150
127 151
127 153
127 157
128 129
128 131
128 133
128 137
128 138
128 142
128 143
128 146
128 147
128 149
128 153
128 158
128 160
129 130
129 131
129 133
129 134
129 135
129 137
129 138
129 139
129 140
129 142
129 143
129 144
129 146
129 147
129 148
129 149
129 150
129 151
129 152
129 153
129 154
129 155
129 158
129 159
129 160
129 161
130 131
130 133
130 134
130 137
130 138
130 139
130 141
130 142
130 146
130 149
130 153
130 154
130 156
130 158
131 133
131 134
131 137
131 138
131 140
131 141
131 142
131 145
131 146
131 149
131 150
131 151
131 152
131 154
131 155
131 156
131 157
131 158
131 161
132 135
132 138
132 142
132 148
132 154
133 134
133 137
133 138
133 140
133 141
133 142
133 143
133 147
133 148
133 149
133 150
133 151
133 152
133 153
133 154
133 157
133 158
133 159
134 135
134 136
134 137
134 138
134 139
134 140
134 141
134 142
134 144
134 145
134 146
134 148
134 152
134 153
134 154
134 157
134 158
134 159
134 160
135 138
135 139
135 141
135 143
135 146
135 147
135 149
135 151
135 152
135 154
135 155
135 160
136 138
136 139
136 141
136 142
136 144
136 146
136 147
136 150
136 154
136 157
136 158
137 138
137 139
137 140
137 142
137 143
137 145
137 146
137 147
137 150
137 151
137 152
137 154
137 156
137 158
137 159
137 160
137 161
138 139
138 140
138 141
138 142
138 143
138 145
138 146
138 147
138 149
138 151
138 153
138 154
138 155
138 157
138 158
138 160
138 161
139 142
139 143
139 144
139 145
139 146
139 147
139 148
139 150
139 151
139 152
139 153
139 154
139 157
139 158
139 161
140 141
140 143
140 148
140 149
140 154
140 156
140 157
141 142
141 143
141 145
141 146
141 147
141 148
141 150
141 151
141 152
141 153
141 154
141 155
141 157
141 158
141 160
142 143
142 145
142 146
142 147
142 148
142 149
142 151
142 152
142 153
142 154
142 156
142 157
142 158
142 160
142 161
143 145
143 146
143 147
143 149
143 152
143 153
143 155
143 156
143 157
143 158
143 159
143 160
144 152
144 155
144 158
145 147
145 148
145 150
145 153
145 154
145 156
145 157
145 158
145 159
145 160
145 161
146 147
146 149
146 150
146 151
146 153
146 154
146 155
146 156
146 157
147 148
147 149
147 150
147 152
147 153
147 154
147 155
147 158
147 159
147 161
148 154
148 158
149 150
149 151
149 153
149 154
149 155
149 156
149 159
150 151
150 152
150 153
150 154
150 155
150 156
150 157
150 158
150 160
150 161
151 152
151 153
151 154
151 155
151 157
151 158
151 160
151 161
152 153
152 154
152 155
152 156
152 157
152 158
152 159
152 160
152 161
153 154
153 157
153 158
153 159
153 161
154 156
154 157
154 158
154 160
154 161
155 159
155 161
156 157
157 158
157 159
157 160
158 161
