0 2
0 7
0 9
0 10
0 11
0 12
0 15
0 24
0 25
0 27
0 30
0 32
0 35
0 44
0 45
0 49
0 50
0 54
0 55
0 56
0 58
0 66
0 67
0 68
0 70
0 73
0 76
0 77
0 79
0 81
0 85
0 86
0 87
0 89
0 90
0 92
0 94
0 102
0 103
0 105
0 106
0 108
0 109
0 112
0 113
0 115
0 116
0 117
0 118
0 126
0 129
0 131
0 133
0 137
0 142
0 143
0 145
0 146
0 147
0 150
0 151
0 152
0 154
0 157
0 158
0 159
0 160
1 3
1 4
1 6
1 7
1 8
1 9
1 11
1 12
1 14
1 23
1 24
1 31
1 32
1 34
1 35
1 36
1 38
1 39
1 40
1 43
1 45
1 46
1 49
1 52
1 54
1 55
1 56
1 59
1 61
1 63
1 64
1 65
1 67
1 69
1 71
1 72
1 75
1 79
1 81
1 82
1 84
1 85
1 88
1 89
1 93
1 94
1 98
1 100
1 102
1 106
1 107
1 112
1 115
1 117
1 118
1 121
1 126
1 129
1 130
1 131
1 133
1 134
1 135
1 138
1 139
1 144
1 146
1 147
1 150
1 151
1 153
1 154
1 156
1 158
1 160
2 4
2 6
2 8
2 10
2 14
2 19
2 20
2 21
2 24
2 26
2 30
2 31
2 34
2 37
2 38
2 40
2 44
2 45
2 46
2 47
2 50
2 54
2 56
2 58
2 59
2 61
2 64
2 65
2 67
2 69
2 71
2 72
2 73
2 79
2 82
2 84
2 88
2 89
2 93
2 94
2 101
2 102
2 103
2 106
2 118
2 121
2 122
2 125
2 126
2 127
2 128
2 129
2 134
2 135
2 137
2 138
2 142
2 146
2 150
2 151
2 153
2 154
2 158
3 6
3 7
3 8
3 10
3 21
3 25
3 30
3 31
3 32
3 36
3 39
3 42
3 44
3 45
3 49
3 51
3 54
3 58
3 64
3 67
3 74
3 75
3 77
3 80
3 81
3 82
3 85
3 86
3 87
3 90
3 93
3 96
3 97
3 100
3 101
3 105
3 106
3 107
3 108
3 112
3 114
3 115
3 117
3 118
3 120
3 124
3 129
3 130
3 132
3 134
3 135
3 137
3 138
3 142
3 151
3 153
3 154
3 155
3 158
3 160
4 5
4 6
4 7
4 9
4 10
4 11
4 12
4 14
4 16
4 18
4 19
4 20
4 22
4 24
4 25
4 26
4 30
4 31
4 32
4 35
4 36
4 37
4 38
4 39
4 40
4 41
4 44
4 45
4 46
4 47
4 49
4 50
4 51
4 54
4 55
4 56
4 58
4 59
4 63
4 64
4 65
4 66
4 67
4 68
4 70
4 71
4 72
4 73
4 74
4 75
4 76
4 77
4 79
4 82
4 83
4 84
4 86
4 89
4 92
4 93
4 94
4 96
4 97
4 99
4 100
4 101
4 102
4 104
4 105
4 106
4 107
4 109
4 110
4 111
4 113
4 115
4 116
4 118
4 119
4 126
4 127
4 129
4 130
4 131
4 132
4 133
4 134
4 136
4 137
4 139
4 141
4 142
4 143
4 145
4 146
4 147
4 149
4 150
4 151
4 152
4 153
4 154
4 155
4 156
4 157
4 158
4 159
4 160
5 10
5 11
5 13
5 18
5 21
5 25
5 29
5 35
5 36
5 40
5 45
5 46
5 58
5 61
5 63
5 66
5 67
5 71
5 73
5 74
5 75
5 78
5 80
5 82
5 83
5 84
5 87
5 89
5 90
5 93
5 96
5 103
5 107
5 113
5 114
5 115
5 116
5 125
5 127
5 132
5 135
5 138
5 145
5 146
5 150
5 153
5 154
5 155
5 157
5 161
6 7
6 9
6 10
6 11
6 13
6 14
6 15
6 16
6 17
6 18
6 19
6 21
6 23
6 24
6 25
6 26
6 28
6 29
6 30
6 31
6 33
6 34
6 35
6 37
6 38
6 40
6 41
6 43
6 44
6 46
6 47
6 49
6 50
6 51
6 52
6 54
6 56
6 57
6 58
6 59
6 61
6 62
6 63
6 64
6 65
6 66
6 67
6 68
6 70
6 71
6 72
6 73
6 74
6 75
6 77
6 79
6 81
6 82
6 83
6 84
6 86
6 87
6 88
6 89
6 92
6 93
6 94
6 95
6 96
6 97
6 98
6 100
6 103
6 104
6 105
6 106
6 108
6 109
6 110
6 112
6 113
6 114
6 115
6 117
6 118
6 119
6 122
6 124
6 126
6 127
6 128
6 129
6 130
6 131
6 133
6 134
6 135
6 136
6 137
6 138
6 139
6 140
6 142
6 143
6 145
6 146
6 147
6 148
6 149
6 150
6 151
6 152
6 153
6 154
6 155
6 157
6 158
6 160
6 161
7 9
7 10
7 11
7 12
7 14
7 18
7 19
7 20
7 21
7 22
7 23
7 24
7 25
7 26
7 28
7 30
7 31
7 32
7 35
7 36
7 37
7 38
7 39
7 40
7 41
7 42
7 44
7 47
7 48
7 49
7 50
7 51
7 53
7 54
7 55
7 56
7 57
7 58
7 62
7 64
7 65
7 66
7 67
7 68
7 69
7 70
7 71
7 72
7 73
7 74
7 75
7 77
7 79
7 80
7 81
7 83
7 86
7 87
7 88
7 89
7 91
7 92
7 93
7 94
7 95
7 97
7 98
7 99
7 101
7 102
7 104
7 106
7 107
7 108
7 109
7 111
7 112
7 113
7 114
7 115
7 116
7 117
7 118
7 124
7 125
7 128
7 130
7 131
7 133
7 134
7 135
7 137
7 138
7 139
7 142
7 143
7 144
7 145
7 146
7 147
7 148
7 149
7 150
7 151
7 152
7 153
7 154
7 155
7 158
7 159
7 161
8 9
8 11
8 21
8 22
8 24
8 26
8 28
8 33
8 34
8 37
8 39
8 40
8 41
8 43
8 46
8 48
8 49
8 51
8 53
8 56
8 61
8 64
8 67
8 68
8 70
8 71
8 72
8 74
8 76
8 79
8 82
8 83
8 90
8 92
8 94
8 97
8 98
8 99
8 106
8 107
8 109
8 115
8 122
8 129
8 137
8 139
8 141
8 142
8 150
8 151
8 152
8 153
8 157
8 158
9 13
9 14
9 15
9 16
9 18
9 19
9 21
9 23
9 25
9 26
9 28
9 30
9 31
9 33
9 35
9 36
9 37
9 38
9 41
9 43
9 44
9 45
9 46
9 48
9 49
9 50
9 51
9 53
9 54
9 56
9 58
9 59
9 60
9 62
9 63
9 64
9 66
9 67
9 68
9 70
9 72
9 73
9 74
9 77
9 79
9 80
9 83
9 87
9 88
9 89
9 91
9 93
9 97
9 99
9 102
9 106
9 107
9 108
9 109
9 111
9 114
9 115
9 116
9 117
9 118
9 122
9 125
9 126
9 129
9 130
9 131
9 132
9 133
9 134
9 137
9 138
9 139
9 140
9 141
9 142
9 145
9 146
9 147
9 148
9 149
9 150
9 151
9 153
9 154
9 155
9 158
9 159
9 161
10 11
10 18
10 21
10 22
10 24
10 27
10 28
10 30
10 32
10 35
10 37
10 40
10 41
10 42
10 43
10 44
10 45
10 47
10 49
10 50
10 51
10 53
10 54
10 55
10 56
10 59
10 61
10 64
10 65
10 68
10 70
10 73
10 75
10 77
10 79
10 83
10 84
10 86
10 87
10 88
10 89
10 90
10 94
10 95
10 96
10 98
10 100
10 103
10 104
10 106
10 107
10 109
10 112
10 113
10 114
10 115
10 117
10 118
10 121
10 124
10 127
10 129
10 131
10 132
10 133
10 134
10 135
10 136
10 137
10 138
10 142
10 146
10 147
10 150
10 151
10 152
10 154
10 157
10 158
10 160
10 161
11 14
11 15
11 17
11 18
11 20
11 21
11 22
11 23
11 24
11 26
11 27
11 29
11 30
11 31
11 32
11 33
11 34
11 36
11 37
11 38
11 39
11 40
11 42
11 45
11 49
11 52
11 53
11 54
11 57
11 59
11 62
11 63
11 64
11 65
11 66
11 67
11 68
11 69
11 70
11 71
11 72
11 73
11 74
11 75
11 76
11 77
11 78
11 79
11 82
11 84
11 85
11 86
11 88
11 89
11 90
11 91
11 93
11 94
11 96
11 97
11 98
11 100
11 101
11 102
11 103
11 104
11 107
11 108
11 109
11 110
11 111
11 112
11 113
11 114
11 115
11 116
11 117
11 118
11 122
11 124
11 125
11 126
11 127
11 130
11 131
11 134
11 135
11 136
11 137
11 138
11 139
11 141
11 142
11 143
11 144
11 145
11 146
11 147
11 150
11 151
11 152
11 153
11 154
11 155
11 158
11 159
11 161
12 18
12 19
12 21
12 26
12 28
12 29
12 30
12 32
12 34
12 35
12 36
12 39
12 40
12 41
12 45
12 49
12 51
12 55
12 56
12 57
12 63
12 64
12 65
12 66
12 68
12 70
12 71
12 74
12 77
12 79
12 86
12 87
12 88
12 89
12 91
12 97
12 98
12 99
12 100
12 101
12 104
12 105
12 106
12 113
12 114
12 115
12 117
12 118
12 119
12 122
12 125
12 126
12 128
12 129
12 133
12 134
12 137
12 138
12 139
12 141
12 145
12 147
12 148
12 149
12 150
12 151
12 153
12 154
12 155
12 158
12 160
12 161
13 16
13 17
13 19
13 24
13 26
13 30
13 31
13 32
13 34
13 37
13 40
13 45
13 49
13 51
13 54
13 55
13 60
13 63
13 65
13 66
13 69
13 72
13 77
13 78
13 79
13 80
13 84
13 86
13 93
13 98
13 100
13 101
13 104
13 105
13 106
13 108
13 113
13 118
13 123
13 131
13 133
13 134
13 137
13 138
13 141
13 145
13 147
13 150
13 151
13 152
13 154
13 158
13 160
14 17
14 18
14 19
14 21
14 22
14 23
14 26
14 27
14 28
14 29
14 30
14 31
14 32
14 34
14 35
14 36
14 37
14 38
14 39
14 42
14 43
14 44
14 46
14 47
14 48
14 49
14 50
14 51
14 52
14 53
14 54
14 55
14 56
14 58
14 59
14 61
14 63
14 64
14 66
14 67
14 69
14 70
14 71
14 72
14 73
14 74
14 75
14 76
14 79
14 81
14 82
14 84
14 86
14 87
14 88
14 89
14 90
14 91
14 93
14 94
14 95
14 96
14 97
14 98
14 99
14 101
14 102
14 103
14 105
14 106
14 107
14 108
14 111
14 112
14 113
14 114
14 115
14 116
14 117
14 118
14 119
14 120
14 121
14 125
14 126
14 127
14 128
14 129
14 130
14 131
14 133
14 134
14 135
14 136
14 137
14 138
14 139
14 141
14 142
14 146
14 148
14 149
14 150
14 151
14 152
14 154
14 155
14 157
14 158
14 159
14 160
14 161
15 19
15 20
15 21
15 24
15 25
15 30
15 31
15 35
15 40
15 42
15 44
15 45
15 51
15 52
15 54
15 55
15 58
15 59
15 63
15 68
15 69
15 70
15 72
15 74
15 79
15 83
15 84
15 85
15 86
15 88
15 89
15 91
15 93
15 94
15 97
15 100
15 102
15 104
15 106
15 108
15 110
15 111
15 113
15 115
15 117
15 118
15 123
15 126
15 128
15 129
15 134
15 135
15 137
15 141
15 147
15 151
15 152
15 154
15 157
15 158
15 161
16 18
16 21
16 23
16 30
16 31
16 36
16 38
16 39
16 40
16 49
16 51
16 54
16 63
16 64
16 66
16 67
16 71
16 72
16 74
16 75
16 77
16 79
16 81
16 84
16 86
16 88
16 89
16 91
16 92
16 94
16 97
16 102
16 103
16 107
16 109
16 112
16 114
16 118
16 129
16 131
16 137
16 140
16 141
16 142
16 146
16 148
16 149
16 151
16 152
16 153
16 154
16 156
16 157
16 161
17 19
17 21
17 31
17 32
17 37
17 38
17 40
17 44
17 49
17 56
17 59
17 68
17 69
17 86
17 93
17 97
17 99
17 101
17 105
17 106
17 109
17 112
17 113
17 116
17 117
17 118
17 125
17 131
17 133
17 140
17 146
17 152
17 158
17 161
18 19
18 21
18 26
18 28
18 31
18 32
18 34
18 38
18 39
18 40
18 43
18 44
18 45
18 47
18 49
18 51
18 52
18 54
18 56
18 58
18 60
18 63
18 64
18 65
18 66
18 67
18 70
18 72
18 73
18 74
18 75
18 77
18 81
18 87
18 89
18 91
18 94
18 99
18 100
18 101
18 102
18 103
18 108
18 109
18 110
18 111
18 112
18 114
18 115
18 117
18 123
18 125
18 126
18 133
18 134
18 135
18 137
18 142
18 146
18 147
18 150
18 152
18 153
18 159
18 161
19 22
19 24
19 25
19 26
19 27
19 28
19 30
19 31
19 33
19 34
19 35
19 37
19 39
19 40
19 42
19 44
19 45
19 46
19 49
19 50
19 51
19 52
19 53
19 54
19 55
19 56
19 58
19 59
19 61
19 62
19 63
19 64
19 65
19 66
19 67
19 68
19 69
19 70
19 71
19 72
19 73
19 74
19 77
19 79
19 80
19 83
19 86
19 89
19 90
19 91
19 92
19 93
19 94
19 97
19 98
19 99
19 100
19 101
19 102
19 103
19 106
19 108
19 109
19 111
19 112
19 114
19 115
19 117
19 118
19 119
19 125
19 127
19 128
19 129
19 133
19 134
19 135
19 136
19 137
19 138
19 139
19 140
19 141
19 142
19 145
19 146
19 147
19 149
19 150
19 151
19 152
19 154
19 157
19 158
19 159
19 160
19 161
20 26
20 32
20 34
20 36
20 44
20 49
20 50
20 51
20 54
20 57
20 58
20 61
20 65
20 66
20 69
20 70
20 72
20 74
20 77
20 79
20 88
20 89
20 92
20 101
20 102
20 104
20 106
20 108
20 109
20 112
20 114
20 115
20 118
20 124
20 126
20 129
20 131
20 133
20 137
20 138
20 141
20 143
20 149
20 150
20 152
20 154
20 155
20 157
20 160
21 22
21 24
21 25
21 26
21 29
21 30
21 31
21 32
21 35
21 37
21 38
21 40
21 42
21 43
21 44
21 45
21 47
21 49
21 50
21 51
21 54
21 55
21 56
21 58
21 59
21 61
21 62
21 63
21 64
21 65
21 66
21 67
21 68
21 70
21 71
21 72
21 73
21 74
21 75
21 76
21 77
21 79
21 85
21 87
21 88
21 89
21 90
21 92
21 94
21 96
21 97
21 99
21 100
21 101
21 102
21 103
21 105
21 106
21 107
21 108
21 110
21 111
21 112
21 113
21 114
21 115
21 116
21 117
21 118
21 119
21 126
21 128
21 129
21 131
21 133
21 134
21 135
21 136
21 137
21 138
21 139
21 140
21 141
21 142
21 143
21 145
21 146
21 147
21 148
21 150
21 152
21 153
21 154
21 158
21 159
21 161
22 26
22 31
22 33
22 35
22 37
22 39
22 45
22 54
22 55
22 56
22 58
22 64
22 65
22 69
22 72
22 74
22 75
22 77
22 79
22 80
22 87
22 88
22 89
22 100
22 101
22 102
22 105
22 106
22 111
22 113
22 114
22 115
22 117
22 119
22 120
22 121
22 130
22 133
22 134
22 135
22 136
22 138
22 142
22 147
22 149
22 153
22 155
22 158
22 160
22 161
23 26
23 31
23 34
23 35
23 36
23 37
23 40
23 42
23 45
23 46
23 54
23 56
23 61
23 64
23 65
23 66
23 67
23 70
23 72
23 75
23 77
23 83
23 84
23 93
23 94
23 96
23 103
23 104
23 106
23 113
23 114
23 115
23 118
23 121
23 125
23 129
23 134
23 135
23 137
23 142
23 145
23 147
23 149
23 153
23 154
24 25
24 26
24 28
24 30
24 31
24 32
24 38
24 40
24 42
24 43
24 44
24 45
24 46
24 51
24 53
24 54
24 56
24 59
24 64
24 66
24 67
24 68
24 69
24 70
24 71
24 72
24 74
24 75
24 77
24 82
24 83
24 84
24 86
24 91
24 92
24 93
24 94
24 98
24 101
24 104
24 106
24 108
24 111
24 112
24 113
24 114
24 115
24 116
24 117
24 118
24 119
24 122
24 127
24 129
24 134
24 137
24 138
24 141
24 142
24 143
24 147
24 149
24 150
24 151
24 154
24 157
24 158
24 159
25 33
25 36
25 37
25 40
25 44
25 45
25 48
25 49
25 50
25 51
25 52
25 54
25 57
25 61
25 64
25 65
25 66
25 67
25 69
25 72
25 73
25 74
25 78
25 79
25 81
25 83
25 84
25 86
25 88
25 89
25 92
25 93
25 94
25 95
25 96
25 97
25 99
25 100
25 101
25 102
25 103
25 104
25 106
25 107
25 108
25 113
25 114
25 116
25 118
25 120
25 127
25 129
25 130
25 131
25 133
25 135
25 137
25 138
25 139
25 146
25 147
25 150
25 151
25 152
25 154
25 155
25 157
25 158
25 161
26 27
26 28
26 30
26 31
26 32
26 34
26 35
26 36
26 37
26 38
26 39
26 40
26 41
26 43
26 44
26 45
26 46
26 48
26 49
26 50
26 51
26 54
26 55
26 56
26 57
26 58
26 59
26 61
26 62
26 63
26 64
26 65
26 66
26 67
26 69
26 71
26 72
26 73
26 74
26 75
26 77
26 78
26 79
26 80
26 82
26 83
26 84
26 86
26 87
26 88
26 89
26 91
26 94
26 95
26 97
26 98
26 99
26 100
26 101
26 102
26 103
26 104
26 106
26 108
26 109
26 111
26 112
26 113
26 114
26 115
26 117
26 118
26 119
26 124
26 125
26 126
26 127
26 128
26 129
26 130
26 131
26 133
26 134
26 135
26 136
26 137
26 138
26 139
26 141
26 142
26 143
26 144
26 145
26 146
26 147
26 148
26 149
26 151
26 152
26 153
26 158
26 159
26 160
26 161
27 30
27 40
27 71
27 80
27 83
27 89
27 91
27 93
27 102
27 106
27 108
27 109
27 111
27 115
27 118
27 125
27 130
27 134
27 137
27 138
27 142
27 150
27 151
27 153
27 154
28 30
28 31
28 34
28 37
28 44
28 45
28 47
28 49
28 50
28 53
28 54
28 55
28 58
28 61
28 65
28 71
28 72
28 73
28 74
28 76
28 80
28 83
28 85
28 89
28 92
28 99
28 101
28 102
28 103
28 105
28 106
28 107
28 118
28 125
28 126
28 129
28 131
28 134
28 137
28 138
28 141
28 154
28 157
28 158
28 161
29 31
29 32
29 45
29 46
29 49
29 54
29 64
29 66
29 67
29 68
29 70
29 71
29 73
29 74
29 79
29 80
29 87
29 89
29 93
29 97
29 101
29 102
29 104
29 106
29 108
29 109
29 116
29 129
29 141
29 142
29 150
29 160
29 161
30 31
30 32
30 33
30 35
30 38
30 40
30 41
30 43
30 45
30 46
30 49
30 50
30 52
30 53
30 54
30 55
30 56
30 57
30 58
30 59
30 63
30 64
30 65
30 66
30 67
30 68
30 69
30 70
30 71
30 72
30 73
30 74
30 75
30 77
30 78
30 79
30 81
30 83
30 84
30 87
30 88
30 89
30 91
30 92
30 93
30 94
30 97
30 98
30 99
30 101
30 102
30 105
30 108
30 109
30 111
30 114
30 115
30 116
30 117
30 118
30 124
30 125
30 128
30 129
30 131
30 133
30 134
30 135
30 137
30 138
30 139
30 140
30 141
30 142
30 145
30 146
30 147
30 149
30 150
30 151
30 152
30 153
30 154
30 155
30 156
30 157
30 159
31 32
31 33
31 34
31 35
31 36
31 38
31 40
31 41
31 42
31 44
31 45
31 47
31 48
31 49
31 50
31 51
31 52
31 53
31 54
31 55
31 56
31 58
31 59
31 61
31 63
31 64
31 65
31 66
31 67
31 68
31 69
31 70
31 71
31 72
31 74
31 75
31 76
31 78
31 79
31 80
31 81
31 82
31 83
31 84
31 85
31 86
31 87
31 88
31 89
31 91
31 94
31 95
31 96
31 97
31 98
31 99
31 101
31 103
31 105
31 106
31 107
31 108
31 111
31 112
31 113
31 114
31 115
31 116
31 117
31 118
31 125
31 126
31 127
31 128
31 129
31 130
31 131
31 132
31 133
31 134
31 135
31 137
31 138
31 139
31 140
31 141
31 142
31 143
31 145
31 146
31 147
31 150
31 151
31 152
31 153
31 154
31 155
31 157
31 158
31 160
31 161
32 34
32 37
32 38
32 39
32 40
32 41
32 42
32 44
32 45
32 49
32 53
32 54
32 55
32 56
32 57
32 58
32 59
32 61
32 62
32 63
32 64
32 66
32 67
32 68
32 69
32 70
32 72
32 74
32 75
32 76
32 78
32 79
32 81
32 83
32 84
32 87
32 88
32 90
32 91
32 94
32 96
32 98
32 99
32 100
32 101
32 102
32 103
32 105
32 106
32 107
32 108
32 109
32 110
32 112
32 113
32 114
32 115
32 116
32 117
32 118
32 120
32 121
32 124
32 125
32 126
32 127
32 128
32 129
32 131
32 133
32 134
32 135
32 137
32 138
32 139
32 140
32 141
32 142
32 143
32 145
32 147
32 149
32 150
32 151
32 152
32 153
32 154
32 157
32 158
32 159
32 160
32 161
33 34
33 36
33 39
33 42
33 44
33 47
33 49
33 51
33 55
33 56
33 58
33 64
33 65
33 68
33 70
33 71
33 72
33 76
33 77
33 79
33 80
33 84
33 85
33 89
33 94
33 97
33 101
33 102
33 106
33 108
33 113
33 114
33 115
33 117
33 118
33 122
33 125
33 127
33 129
33 130
33 133
33 136
33 137
33 138
33 139
33 140
33 143
33 144
33 147
33 148
33 151
33 152
33 153
34 37
34 38
34 44
34 45
34 46
34 48
34 50
34 51
34 53
34 54
34 55
34 56
34 58
34 59
34 62
34 63
34 64
34 66
34 67
34 68
34 69
34 72
34 74
34 75
34 81
34 83
34 85
34 92
34 94
34 97
34 101
34 103
34 106
34 107
34 109
34 111
34 113
34 114
34 115
34 117
34 118
34 125
34 131
34 134
34 135
34 137
34 138
34 139
34 140
34 141
34 142
34 143
34 145
34 146
34 147
34 149
34 151
34 152
34 153
34 154
34 157
34 158
34 161
35 36
35 37
35 39
35 40
35 44
35 45
35 48
35 49
35 50
35 52
35 54
35 55
35 56
35 58
35 59
35 64
35 65
35 67
35 68
35 70
35 71
35 74
35 75
35 77
35 79
35 80
35 83
35 84
35 87
35 88
35 93
35 94
35 97
35 99
35 101
35 102
35 103
35 104
35 105
35 106
35 107
35 109
35 114
35 115
35 118
35 121
35 123
35 126
35 127
35 129
35 130
35 131
35 133
35 135
35 136
35 137
35 138
35 139
35 140
35 141
35 142
35 146
35 150
35 152
35 153
35 154
35 156
35 157
35 159
36 37
36 38
36 40
36 42
36 48
36 49
36 50
36 51
36 55
36 56
36 58
36 61
36 63
36 64
36 65
36 66
36 67
36 68
36 69
36 70
36 71
36 73
36 74
36 75
36 76
36 77
36 79
36 83
36 84
36 86
36 87
36 88
36 89
36 92
36 93
36 94
36 98
36 101
36 102
36 103
36 104
36 105
36 107
36 108
36 109
36 112
36 113
36 114
36 115
36 116
36 118
36 123
36 125
36 126
36 127
36 129
36 130
36 133
36 134
36 138
36 139
36 141
36 142
36 143
36 146
36 151
36 152
36 154
36 159
36 160
36 161
37 38
37 41
37 43
37 44
37 45
37 46
37 49
37 50
37 52
37 53
37 54
37 56
37 58
37 59
37 63
37 64
37 66
37 67
37 68
37 69
37 75
37 77
37 79
37 82
37 86
37 88
37 89
37 93
37 94
37 96
37 97
37 99
37 100
37 101
37 103
37 105
37 106
37 107
37 108
37 110
37 111
37 113
37 114
37 115
37 116
37 118
37 123
37 125
37 126
37 128
37 130
37 134
37 137
37 139
37 140
37 142
37 146
37 150
37 151
37 152
37 154
37 157
37 158
37 159
37 160
37 161
38 39
38 40
38 41
38 42
38 44
38 45
38 49
38 50
38 51
38 52
38 53
38 54
38 56
38 58
38 63
38 64
38 65
38 67
38 68
38 69
38 70
38 71
38 72
38 74
38 75
38 76
38 77
38 79
38 80
38 83
38 84
38 85
38 87
38 88
38 89
38 92
38 93
38 94
38 96
38 98
38 99
38 100
38 101
38 102
38 104
38 105
38 109
38 110
38 111
38 112
38 113
38 114
38 115
38 118
38 124
38 125
38 126
38 127
38 128
38 129
38 130
38 131
38 134
38 135
38 137
38 138
38 139
38 141
38 143
38 145
38 147
38 150
38 151
38 153
38 156
38 157
38 158
38 160
38 161
39 42
39 43
39 44
39 45
39 49
39 51
39 54
39 56
39 58
39 59
39 63
39 64
39 65
39 66
39 67
39 68
39 69
39 70
39 71
39 72
39 74
39 77
39 79
39 80
39 86
39 87
39 89
39 92
39 93
39 94
39 96
39 97
39 101
39 102
39 103
39 105
39 106
39 112
39 113
39 114
39 118
39 120
39 121
39 126
39 129
39 131
39 133
39 134
39 136
39 137
39 140
39 142
39 145
39 146
39 147
39 149
39 152
39 153
39 154
39 158
39 161
40 42
40 43
40 44
40 45
40 46
40 47
40 48
40 49
40 50
40 51
40 52
40 54
40 56
40 59
40 60
40 62
40 64
40 65
40 66
40 67
40 68
40 69
40 70
40 71
40 72
40 73
40 74
40 75
40 76
40 77
40 78
40 79
40 81
40 82
40 84
40 85
40 87
40 89
40 92
40 93
40 94
40 95
40 97
40 98
40 99
40 100
40 101
40 103
40 104
40 105
40 106
40 108
40 109
40 112
40 113
40 114
40 115
40 116
40 117
40 118
40 119
40 120
40 123
40 124
40 126
40 128
40 129
40 130
40 131
40 132
40 133
40 134
40 135
40 136
40 137
40 138
40 139
40 140
40 142
40 145
40 146
40 147
40 150
40 152
40 153
40 154
40 155
40 157
40 158
40 159
40 160
40 161
41 44
41 48
41 50
41 63
41 64
41 65
41 66
41 68
41 71
41 72
41 75
41 77
41 92
41 94
41 97
41 98
41 99
41 101
41 103
41 105
41 114
41 116
41 117
41 123
41 129
41 131
41 133
41 134
41 137
41 138
41 146
41 147
41 151
42 44
42 45
42 46
42 49
42 51
42 52
42 53
42 56
42 57
42 62
42 63
42 64
42 67
42 70
42 71
42 73
42 74
42 76
42 77
42 78
42 89
42 91
42 93
42 94
42 95
42 99
42 100
42 106
42 107
42 108
42 109
42 111
42 112
42 114
42 118
42 120
42 122
42 125
42 126
42 127
42 129
42 131
42 134
42 135
42 136
42 137
42 138
42 139
42 146
42 147
42 150
42 151
42 152
42 153
42 156
42 160
42 161
43 45
43 46
43 47
43 48
43 50
43 51
43 52
43 54
43 55
43 56
43 58
43 63
43 64
43 65
43 67
43 69
43 70
43 71
43 72
43 73
43 74
43 75
43 79
43 85
43 89
43 95
43 101
43 105
43 106
43 107
43 109
43 111
43 115
43 117
43 118
43 126
43 128
43 129
43 134
43 135
43 137
43 141
43 144
43 145
43 149
43 150
43 152
43 156
43 158
43 161
44 46
44 49
44 50
44 51
44 53
44 54
44 55
44 56
44 58
44 59
44 62
44 63
44 64
44 68
44 70
44 71
44 72
44 73
44 74
44 75
44 76
44 77
44 79
44 80
44 83
44 85
44 87
44 89
44 92
44 94
44 95
44 96
44 97
44 98
44 100
44 101
44 102
44 104
44 106
44 108
44 109
44 110
44 112
44 115
44 117
44 118
44 121
44 122
44 126
44 128
44 129
44 131
44 133
44 134
44 135
44 137
44 138
44 139
44 141
44 142
44 143
44 145
44 146
44 147
44 151
44 152
44 153
44 154
44 159
44 160
44 161
45 46
45 47
45 48
45 49
45 51
45 53
45 54
45 55
45 56
45 57
45 58
45 61
45 64
45 65
45 66
45 68
45 69
45 70
45 71
45 73
45 74
45 77
45 79
45 80
45 81
45 83
45 84
45 85
45 86
45 87
45 88
45 89
45 90
45 92
45 93
45 94
45 95
45 96
45 97
45 99
45 100
45 101
45 102
45 103
45 104
45 105
45 106
45 107
45 108
45 109
45 112
45 113
45 114
45 115
45 116
45 117
45 118
45 119
45 124
45 125
45 127
45 128
45 129
45 130
45 131
45 133
45 135
45 136
45 137
45 138
45 139
45 140
45 141
45 142
45 145
45 146
45 147
45 150
45 152
45 153
45 154
45 157
45 158
45 159
45 161
46 48
46 49
46 50
46 51
46 53
46 54
46 55
46 56
46 59
46 62
46 64
46 68
46 69
46 70
46 72
46 74
46 75
46 76
46 79
46 80
46 82
46 86
46 87
46 89
46 90
46 93
46 94
46 97
46 99
46 101
46 104
46 105
46 106
46 108
46 109
46 111
46 112
46 117
46 127
46 131
46 133
46 134
46 135
46 136
46 138
46 139
46 142
46 145
46 146
46 147
46 149
46 150
46 152
46 154
46 155
46 157
46 158
46 161
47 50
47 61
47 65
47 67
47 70
47 71
47 72
47 74
47 93
47 97
47 101
47 104
47 108
47 112
47 114
47 125
47 131
47 133
47 134
47 138
47 146
47 147
47 150
47 151
47 152
47 161
48 49
48 51
48 58
48 64
48 65
48 67
48 71
48 72
48 74
48 75
48 76
48 80
48 84
48 88
48 94
48 98
48 100
48 103
48 104
48 105
48 112
48 113
48 114
48 117
48 118
48 119
48 131
48 133
48 134
48 139
48 143
48 152
48 153
48 154
48 157
48 158
48 160
49 50
49 51
49 53
49 54
49 56
49 58
49 59
49 61
49 63
49 64
49 65
49 66
49 67
49 68
49 69
49 70
49 71
49 72
49 73
49 74
49 76
49 77
49 78
49 79
49 80
49 81
49 82
49 83
49 84
49 86
49 88
49 89
49 91
49 93
49 94
49 95
49 96
49 97
49 99
49 101
49 102
49 104
49 105
49 106
49 107
49 108
49 109
49 111
49 112
49 113
49 114
49 115
49 116
49 117
49 118
49 122
49 123
49 124
49 125
49 126
49 127
49 128
49 129
49 130
49 133
49 134
49 135
49 137
49 138
49 139
49 140
49 141
49 142
49 143
49 145
49 146
49 147
49 148
49 149
49 150
49 152
49 153
49 154
49 155
49 157
49 158
49 159
49 160
50 53
50 54
50 56
50 57
50 58
50 61
50 62
50 63
50 64
50 65
50 66
50 67
50 68
50 69
50 70
50 71
50 73
50 74
50 76
50 77
50 80
50 84
50 85
50 89
50 91
50 92
50 93
50 94
50 95
50 99
50 102
50 103
50 105
50 106
50 107
50 108
50 111
50 113
50 115
50 116
50 117
50 118
50 119
50 120
50 125
50 129
50 130
50 132
50 133
50 134
50 140
50 142
50 143
50 146
50 147
50 148
50 151
50 152
50 154
50 155
50 156
50 157
50 158
50 159
50 160
50 161
51 52
51 54
51 55
51 56
51 57
51 59
51 60
51 62
51 64
51 67
51 68
51 69
51 71
51 72
51 73
51 74
51 76
51 77
51 79
51 81
51 82
51 83
51 84
51 86
51 89
51 91
51 92
51 94
51 98
51 99
51 100
51 101
51 102
51 103
51 104
51 107
51 108
51 109
51 110
51 111
51 112
51 113
51 114
51 115
51 117
51 118
51 119
51 120
51 124
51 125
51 126
51 128
51 129
51 130
51 131
51 134
51 135
51 137
51 138
51 139
51 140
51 141
51 143
51 144
51 145
51 146
51 147
51 148
51 149
51 150
51 151
51 152
51 153
51 154
51 157
51 159
51 160
51 161
52 54
52 55
52 59
52 64
52 65
52 68
52 69
52 70
52 71
52 72
52 73
52 77
52 79
52 80
52 81
52 82
52 84
52 93
52 94
52 96
52 99
52 100
52 101
52 102
52 103
52 105
52 106
52 108
52 109
52 111
52 113
52 114
52 116
52 117
52 118
52 124
52 126
52 128
52 129
52 131
52 134
52 135
52 136
52 137
52 138
52 139
52 142
52 146
52 147
52 149
52 151
52 153
52 154
52 157
52 158
52 159
52 160
53 54
53 55
53 56
53 58
53 63
53 64
53 66
53 67
53 68
53 71
53 72
53 73
53 74
53 79
53 82
53 84
53 87
53 89
53 93
53 95
53 100
53 101
53 102
53 105
53 106
53 110
53 113
53 114
53 115
53 117
53 129
53 130
53 133
53 134
53 137
53 138
53 140
53 141
53 143
53 148
53 149
53 154
53 157
53 158
53 159
53 160
54 55
54 56
54 58
54 61
54 63
54 64
54 65
54 66
54 67
54 68
54 69
54 70
54 72
54 73
54 74
54 75
54 77
54 79
54 80
54 81
54 82
54 84
54 86
54 87
54 88
54 89
54 92
54 93
54 94
54 96
54 97
54 98
54 99
54 101
54 102
54 103
54 104
54 105
54 106
54 107
54 108
54 111
54 113
54 114
54 115
54 116
54 118
54 119
54 120
54 122
54 124
54 125
54 126
54 127
54 128
54 129
54 131
54 133
54 134
54 135
54 137
54 138
54 141
54 142
54 143
54 145
54 146
54 147
54 148
54 149
54 151
54 152
54 153
54 154
54 155
54 157
54 158
54 159
54 160
54 161
55 56
55 61
55 62
55 65
55 66
55 67
55 68
55 69
55 70
55 71
55 72
55 73
55 74
55 76
55 78
55 79
55 80
55 81
55 82
55 87
55 88
55 89
55 90
55 92
55 97
55 99
55 101
55 102
55 103
55 105
55 106
55 107
55 108
55 109
55 110
55 111
55 113
55 114
55 115
55 117
55 118
55 122
55 125
55 126
55 128
55 129
55 130
55 131
55 133
55 134
55 138
55 142
55 143
55 145
55 146
55 149
55 150
55 151
55 152
55 153
55 154
55 155
55 160
55 161
56 57
56 59
56 62
56 63
56 64
56 65
56 66
56 67
56 68
56 70
56 72
56 73
56 74
56 76
56 77
56 78
56 79
56 80
56 81
56 84
56 85
56 86
56 89
56 90
56 92
56 93
56 94
56 95
56 97
56 98
56 99
56 100
56 101
56 102
56 105
56 106
56 107
56 108
56 109
56 111
56 112
56 113
56 114
56 115
56 117
56 118
56 119
56 121
56 124
56 125
56 126
56 127
56 129
56 133
56 134
56 135
56 136
56 137
56 138
56 139
56 141
56 142
56 146
56 147
56 148
56 149
56 150
56 151
56 152
56 153
56 154
56 156
56 157
56 158
56 160
56 161
57 58
57 64
57 70
57 72
57 73
57 74
57 76
57 79
57 81
57 87
57 88
57 93
57 94
57 101
57 106
57 108
57 112
57 113
57 114
57 115
57 117
57 118
57 119
57 125
57 131
57 135
57 139
57 142
57 147
57 149
57 150
57 152
57 154
57 157
57 160
57 161
58 59
58 60
58 61
58 62
58 63
58 64
58 65
58 66
58 67
58 68
58 69
58 70
58 73
58 74
58 75
58 77
58 79
58 82
58 84
58 85
58 87
58 88
58 89
58 93
58 94
58 95
58 97
58 98
58 101
58 102
58 103
58 104
58 105
58 106
58 109
58 110
58 111
58 112
58 114
58 115
58 118
58 125
58 129
58 131
58 132
58 133
58 134
58 135
58 137
58 138
58 139
58 140
58 141
58 143
58 145
58 146
58 147
58 148
58 149
58 150
58 151
58 152
58 153
58 154
58 155
58 157
58 158
58 159
58 160
58 161
59 63
59 65
59 66
59 67
59 68
59 71
59 72
59 74
59 80
59 82
59 83
59 86
59 91
59 93
59 96
59 98
59 101
59 102
59 103
59 105
59 106
59 107
59 108
59 111
59 112
59 113
59 114
59 115
59 117
59 118
59 127
59 129
59 130
59 131
59 134
59 135
59 136
59 137
59 139
59 140
59 142
59 143
59 145
59 149
59 150
59 151
59 152
59 155
59 161
60 66
60 69
60 74
60 82
60 89
60 97
60 100
60 103
60 106
60 115
60 126
60 129
60 135
60 137
60 142
60 146
60 150
60 151
60 154
60 158
60 161
61 62
61 64
61 65
61 66
61 67
61 68
61 72
61 74
61 76
61 79
61 84
61 86
61 87
61 89
61 90
61 91
61 100
61 102
61 104
61 107
61 112
61 114
61 116
61 117
61 125
61 126
61 129
61 133
61 134
61 137
61 138
61 140
61 144
61 146
61 147
61 150
61 151
61 152
61 153
61 154
61 159
61 160
61 161
62 65
62 68
62 69
62 71
62 74
62 80
62 85
62 86
62 94
62 99
62 101
62 104
62 105
62 106
62 111
62 112
62 114
62 117
62 118
62 125
62 129
62 130
62 131
62 134
62 138
62 139
62 141
62 142
62 145
62 147
62 150
62 151
62 152
62 154
62 157
62 158
62 160
63 64
63 65
63 66
63 68
63 69
63 71
63 72
63 73
63 74
63 75
63 77
63 79
63 80
63 81
63 84
63 85
63 87
63 88
63 90
63 91
63 92
63 94
63 97
63 99
63 100
63 101
63 102
63 105
63 106
63 109
63 110
63 114
63 115
63 116
63 117
63 118
63 120
63 121
63 122
63 123
63 124
63 126
63 129
63 130
63 131
63 132
63 137
63 147
63 150
63 151
63 152
63 153
63 154
63 156
63 157
63 158
63 161
64 65
64 66
64 67
64 68
64 69
64 72
64 73
64 74
64 75
64 76
64 77
64 78
64 79
64 80
64 82
64 83
64 84
64 86
64 88
64 89
64 90
64 92
64 93
64 96
64 97
64 98
64 99
64 100
64 101
64 102
64 104
64 105
64 106
64 108
64 109
64 110
64 111
64 112
64 113
64 114
64 115
64 116
64 117
64 118
64 119
64 122
64 123
64 125
64 126
64 129
64 130
64 131
64 133
64 134
64 135
64 136
64 137
64 139
64 140
64 142
64 144
64 145
64 146
64 147
64 148
64 150
64 151
64 152
64 154
64 158
64 160
64 161
65 66
65 67
65 68
65 69
65 70
65 71
65 72
65 73
65 74
65 76
65 77
65 78
65 79
65 82
65 83
65 84
65 85
65 86
65 87
65 89
65 91
65 93
65 94
65 95
65 97
65 99
65 100
65 101
65 102
65 103
65 106
65 108
65 109
65 110
65 112
65 113
65 114
65 115
65 116
65 118
65 119
65 121
65 123
65 124
65 125
65 128
65 130
65 131
65 133
65 134
65 135
65 137
65 138
65 139
65 140
65 141
65 142
65 143
65 147
65 148
65 149
65 150
65 151
65 152
65 153
65 154
65 155
65 157
65 158
65 159
65 160
65 161
66 67
66 68
66 69
66 70
66 71
66 72
66 73
66 74
66 75
66 77
66 79
66 80
66 81
66 82
66 84
66 85
66 87
66 88
66 89
66 91
66 93
66 94
66 96
66 97
66 98
66 99
66 100
66 101
66 102
66 103
66 104
66 105
66 106
66 107
66 108
66 109
66 110
66 113
66 114
66 119
66 125
66 129
66 130
66 133
66 134
66 135
66 136
66 137
66 138
66 140
66 141
66 142
66 147
66 148
66 149
66 150
66 151
66 152
66 153
66 155
66 156
66 157
66 158
66 160
67 68
67 69
67 70
67 71
67 73
67 74
67 75
67 76
67 77
67 79
67 80
67 81
67 82
67 83
67 84
67 85
67 86
67 87
67 88
67 89
67 94
67 95
67 96
67 99
67 101
67 102
67 104
67 105
67 106
67 107
67 108
67 109
67 111
67 113
67 114
67 115
67 117
67 118
67 119
67 125
67 126
67 127
67 129
67 130
67 133
67 134
67 135
67 137
67 139
67 141
67 142
67 144
67 145
67 146
67 147
67 149
67 150
67 151
67 152
67 153
67 154
67 155
67 156
67 158
67 159
67 161
68 69
68 70
68 71
68 73
68 74
68 75
68 76
68 79
68 80
68 82
68 83
68 84
68 86
68 88
68 89
68 90
68 91
68 92
68 93
68 96
68 97
68 99
68 101
68 102
68 103
68 104
68 106
68 109
68 110
68 113
68 114
68 115
68 116
68 117
68 120
68 125
68 127
68 128
68 130
68 131
68 132
68 133
68 134
68 135
68 137
68 138
68 139
68 140
68 141
68 142
68 143
68 145
68 146
68 147
68 149
68 150
68 151
68 152
68 155
68 157
68 158
68 159
68 160
68 161
69 70
69 71
69 72
69 73
69 75
69 76
69 77
69 78
69 82
69 83
69 84
69 85
69 86
69 88
69 89
69 90
69 91
69 92
69 93
69 94
69 96
69 97
69 98
69 100
69 101
69 102
69 103
69 104
69 106
69 108
69 109
69 110
69 111
69 112
69 113
69 114
69 115
69 116
69 117
69 121
69 122
69 123
69 125
69 128
69 129
69 130
69 131
69 132
69 133
69 134
69 136
69 137
69 138
69 139
69 141
69 142
69 143
69 146
69 147
69 148
69 149
69 152
69 153
69 154
69 155
69 157
69 158
70 71
70 73
70 74
70 75
70 77
70 78
70 79
70 80
70 81
70 82
70 84
70 85
70 86
70 87
70 88
70 89
70 91
70 92
70 93
70 96
70 97
70 98
70 99
70 100
70 101
70 102
70 103
70 105
70 106
70 107
70 108
70 109
70 110
70 111
70 113
70 114
70 115
70 117
70 118
70 119
70 125
70 126
70 128
70 129
70 131
70 133
70 134
70 135
70 136
70 137
70 138
70 141
70 142
70 146
70 147
70 149
70 150
70 151
70 152
70 153
70 154
70 155
70 156
70 157
70 158
70 160
71 73
71 74
71 75
71 79
71 80
71 84
71 86
71 87
71 88
71 90
71 93
71 94
71 96
71 98
71 99
71 101
71 102
71 104
71 105
71 106
71 107
71 108
71 110
71 111
71 113
71 114
71 115
71 116
71 117
71 119
71 124
71 125
71 127
71 131
71 134
71 138
71 139
71 140
71 141
71 142
71 144
71 145
71 146
71 147
71 150
71 151
71 152
71 154
71 155
71 156
71 157
71 158
71 160
71 161
72 73
72 75
72 77
72 78
72 79
72 80
72 82
72 83
72 84
72 85
72 86
72 87
72 88
72 89
72 90
72 91
72 92
72 94
72 95
72 98
72 99
72 100
72 101
72 102
72 103
72 104
72 106
72 107
72 108
72 109
72 111
72 112
72 113
72 114
72 115
72 116
72 117
72 118
72 123
72 125
72 126
72 129
72 130
72 132
72 133
72 134
72 135
72 137
72 138
72 139
72 142
72 143
72 144
72 146
72 149
72 150
72 152
72 153
72 154
72 155
72 156
72 157
72 158
72 159
72 160
72 161
73 74
73 76
73 77
73 78
73 79
73 84
73 87
73 88
73 89
73 91
73 92
73 93
73 94
73 96
73 99
73 101
73 102
73 103
73 105
73 106
73 107
73 108
73 111
73 112
73 113
73 114
73 116
73 117
73 118
73 119
73 122
73 126
73 127
73 129
73 131
73 133
73 134
73 135
73 136
73 137
73 138
73 139
73 140
73 141
73 142
73 143
73 145
73 146
73 147
73 148
73 149
73 150
73 151
73 152
73 153
73 154
73 157
73 158
73 159
73 161
74 75
74 77
74 79
74 80
74 81
74 82
74 83
74 84
74 86
74 87
74 88
74 90
74 92
74 93
74 94
74 95
74 96
74 97
74 98
74 99
74 100
74 101
74 102
74 106
74 109
74 110
74 111
74 112
74 113
74 114
74 115
74 117
74 118
74 120
74 121
74 125
74 128
74 130
74 131
74 133
74 134
74 135
74 136
74 137
74 138
74 139
74 140
74 141
74 142
74 145
74 146
74 149
74 150
74 151
74 152
74 155
74 156
74 157
74 158
75 77
75 78
75 79
75 80
75 84
75 87
75 91
75 93
75 94
75 97
75 98
75 99
75 101
75 102
75 105
75 106
75 108
75 109
75 112
75 113
75 114
75 115
75 116
75 117
75 118
75 119
75 121
75 123
75 126
75 128
75 129
75 130
75 131
75 133
75 134
75 135
75 136
75 137
75 138
75 139
75 140
75 141
75 146
75 147
75 149
75 150
75 151
75 153
75 154
75 157
75 158
75 159
75 161
76 77
76 79
76 88
76 89
76 90
76 91
76 93
76 97
76 101
76 105
76 106
76 107
76 109
76 110
76 111
76 112
76 113
76 116
76 117
76 118
76 121
76 124
76 125
76 126
76 129
76 131
76 133
76 134
76 138
76 139
76 140
76 141
76 147
76 151
76 152
76 153
76 155
76 157
76 161
77 78
77 81
77 82
77 83
77 84
77 87
77 88
77 89
77 91
77 92
77 94
77 95
77 96
77 97
77 98
77 102
77 103
77 104
77 105
77 106
77 107
77 108
77 109
77 110
77 111
77 112
77 113
77 114
77 115
77 116
77 118
77 123
77 124
77 128
77 129
77 130
77 132
77 134
77 135
77 136
77 137
77 138
77 139
77 140
77 142
77 145
77 146
77 147
77 148
77 151
77 152
77 153
77 156
77 157
77 158
77 159
77 160
77 161
78 88
78 89
78 92
78 93
78 97
78 98
78 100
78 102
78 103
78 105
78 108
78 109
78 117
78 120
78 126
78 130
78 131
78 134
78 141
78 142
78 147
78 152
78 154
78 155
78 158
79 80
79 81
79 82
79 83
79 84
79 86
79 88
79 89
79 92
79 94
79 95
79 96
79 97
79 100
79 101
79 102
79 103
79 104
79 106
79 107
79 108
79 109
79 110
79 111
79 112
79 113
79 114
79 115
79 117
79 119
79 120
79 122
79 124
79 125
79 126
79 127
79 128
79 129
79 130
79 131
79 132
79 133
79 135
79 137
79 138
79 140
79 142
79 143
79 145
79 146
79 147
79 148
79 149
79 151
79 152
79 153
79 154
79 155
79 156
79 157
79 161
80 81
80 84
80 86
80 89
80 93
80 94
80 99
80 101
80 102
80 104
80 106
80 108
80 109
80 111
80 112
80 113
80 114
80 115
80 116
80 119
80 123
80 125
80 127
80 130
80 131
80 133
80 134
80 139
80 141
80 142
80 143
80 146
80 147
80 152
80 160
80 161
81 82
81 83
81 85
81 87
81 89
81 91
81 94
81 98
81 101
81 102
81 103
81 104
81 105
81 109
81 112
81 114
81 115
81 117
81 122
81 127
81 129
81 130
81 133
81 135
81 137
81 138
81 142
81 143
81 144
81 147
81 150
81 151
81 153
81 154
81 157
81 158
81 161
82 83
82 84
82 86
82 87
82 91
82 94
82 97
82 98
82 101
82 102
82 106
82 108
82 109
82 117
82 124
82 126
82 128
82 129
82 130
82 133
82 136
82 137
82 142
82 143
82 146
82 149
82 150
82 151
82 152
82 154
82 156
82 157
82 161
83 84
83 85
83 88
83 89
83 90
83 91
83 94
83 98
83 100
83 102
83 103
83 105
83 106
83 109
83 111
83 113
83 115
83 117
83 118
83 125
83 127
83 131
83 134
83 137
83 138
83 142
83 148
83 149
83 154
83 157
83 158
84 87
84 88
84 89
84 92
84 93
84 94
84 97
84 98
84 99
84 100
84 101
84 102
84 103
84 104
84 105
84 106
84 107
84 109
84 111
84 112
84 113
84 114
84 115
84 117
84 118
84 121
84 125
84 126
84 129
84 131
84 132
84 133
84 134
84 136
84 137
84 138
84 139
84 141
84 142
84 144
84 145
84 146
84 147
84 150
84 152
84 153
84 154
84 155
84 158
84 160
84 161
85 86
85 87
85 89
85 94
85 101
85 103
85 106
85 109
85 111
85 113
85 115
85 125
85 126
85 131
85 132
85 133
85 134
85 138
85 140
85 141
85 142
85 145
85 151
85 152
85 153
85 154
85 156
85 157
85 158
85 160
86 87
86 88
86 89
86 90
86 93
86 97
86 98
86 101
86 102
86 103
86 105
86 106
86 107
86 108
86 109
86 110
86 112
86 113
86 114
86 115
86 118
86 120
86 126
86 127
86 129
86 130
86 133
86 134
86 135
86 137
86 140
86 142
86 147
86 152
86 153
86 154
86 160
87 89
87 92
87 94
87 95
87 97
87 98
87 101
87 102
87 106
87 109
87 111
87 112
87 113
87 114
87 115
87 116
87 117
87 118
87 119
87 120
87 121
87 123
87 125
87 126
87 129
87 131
87 133
87 134
87 135
87 137
87 138
87 139
87 141
87 142
87 145
87 147
87 149
87 151
87 153
87 154
87 161
88 89
88 93
88 94
88 97
88 98
88 101
88 102
88 105
88 109
88 111
88 113
88 116
88 117
88 118
88 124
88 127
88 129
88 130
88 133
88 137
88 138
88 139
88 146
88 150
88 152
88 154
88 158
88 160
88 161
89 91
89 92
89 93
89 95
89 96
89 97
89 98
89 99
89 101
89 102
89 103
89 104
89 105
89 106
89 107
89 108
89 111
89 112
89 113
89 114
89 115
89 117
89 118
89 120
89 122
89 125
89 129
89 130
89 131
89 134
89 135
89 136
89 137
89 138
89 139
89 140
89 141
89 143
89 145
89 146
89 147
89 149
89 150
89 151
89 152
89 153
89 154
89 157
89 158
89 160
89 161
90 91
90 97
90 101
90 102
90 103
90 104
90 105
90 108
90 112
90 113
90 114
90 119
90 125
90 130
90 135
90 138
90 147
90 150
90 152
90 153
90 158
90 160
91 94
91 97
91 99
91 101
91 105
91 106
91 108
91 109
91 112
91 113
91 118
91 120
91 125
91 126
91 128
91 129
91 131
91 132
91 133
91 137
91 139
91 141
91 142
91 145
91 147
91 152
91 154
91 158
91 159
92 94
92 96
92 97
92 100
92 101
92 102
92 104
92 105
92 106
92 107
92 110
92 112
92 114
92 115
92 116
92 120
92 125
92 126
92 128
92 129
92 130
92 133
92 137
92 138
92 139
92 141
92 142
92 144
92 146
92 147
92 148
92 150
92 151
92 152
92 154
92 157
92 158
92 160
92 161
93 94
93 97
93 99
93 101
93 102
93 105
93 106
93 108
93 110
93 111
93 112
93 113
93 114
93 117
93 118
93 123
93 127
93 129
93 131
93 133
93 137
93 138
93 139
93 140
93 145
93 146
93 147
93 149
93 150
93 151
93 153
93 154
93 157
93 158
93 160
93 161
94 95
94 96
94 97
94 98
94 100
94 102
94 103
94 104
94 105
94 106
94 108
94 109
94 111
94 112
94 113
94 114
94 115
94 116
94 117
94 118
94 122
94 124
94 125
94 126
94 127
94 128
94 129
94 130
94 131
94 132
94 133
94 134
94 135
94 137
94 138
94 140
94 141
94 142
94 145
94 146
94 147
94 150
94 151
94 152
94 153
94 154
94 155
94 158
94 159
94 160
94 161
95 96
95 97
95 99
95 102
95 103
95 104
95 105
95 109
95 112
95 113
95 115
95 117
95 125
95 126
95 129
95 130
95 133
95 134
95 138
95 140
95 142
95 149
95 151
95 152
95 154
95 155
95 156
95 161
96 97
96 99
96 102
96 106
96 108
96 113
96 115
96 116
96 117
96 120
96 125
96 127
96 128
96 129
96 134
96 141
96 143
96 145
96 146
96 147
96 149
96 150
96 152
96 153
96 161
97 98
97 100
97 101
97 102
97 103
97 105
97 107
97 108
97 109
97 111
97 112
97 114
97 115
97 116
97 117
97 118
97 121
97 125
97 128
97 129
97 131
97 133
97 134
97 135
97 136
97 137
97 138
97 142
97 143
97 145
97 146
97 147
97 148
97 149
97 150
97 152
97 153
97 154
97 158
97 159
97 161
98 99
98 102
98 106
98 107
98 108
98 109
98 111
98 114
98 117
98 118
98 123
98 131
98 133
98 135
98 136
98 137
98 138
98 140
98 142
98 146
98 147
98 150
98 151
98 152
98 153
98 154
98 157
98 158
98 159
98 160
99 100
99 101
99 102
99 103
99 104
99 105
99 106
99 107
99 110
99 113
99 114
99 115
99 116
99 118
99 125
99 127
99 129
99 131
99 132
99 133
99 135
99 137
99 138
99 139
99 140
99 142
99 145
99 147
99 148
99 151
99 152
99 153
99 154
99 155
99 158
99 161
100 101
100 102
100 104
100 106
100 107
100 109
100 110
100 113
100 114
100 118
100 125
100 127
100 128
100 129
100 130
100 131
100 133
100 137
100 138
100 143
100 147
100 151
100 152
100 153
100 154
100 155
100 160
100 161
101 102
101 103
101 106
101 107
101 108
101 109
101 110
101 114
101 115
101 116
101 119
101 121
101 122
101 124
101 126
101 127
101 129
101 131
101 132
101 133
101 134
101 135
101 137
101 139
101 140
101 142
101 145
101 146
101 147
101 148
101 149
101 150
101 151
101 152
101 153
101 154
101 155
101 156
101 157
101 158
101 159
101 160
101 161
102 103
102 105
102 106
102 107
102 108
102 109
102 110
102 111
102 112
102 113
102 114
102 115
102 116
102 117
102 118
102 125
102 126
102 127
102 129
102 131
102 133
102 134
102 135
102 136
102 137
102 138
102 139
102 141
102 142
102 143
102 145
102 146
102 147
102 148
102 149
102 152
102 153
102 154
102 155
102 156
102 157
102 158
102 159
102 160
102 161
103 108
103 109
103 111
103 112
103 115
103 121
103 126
103 127
103 129
103 132
103 133
103 134
103 136
103 138
103 139
103 140
103 141
103 142
103 143
103 146
103 147
103 148
103 149
103 153
103 154
103 158
103 159
103 161
104 106
104 108
104 113
104 115
104 125
104 128
104 138
104 139
104 141
104 146
104 147
104 150
104 151
104 154
104 160
104 161
105 106
105 107
105 108
105 109
105 110
105 111
105 112
105 113
105 114
105 115
105 116
105 117
105 118
105 119
105 124
105 129
105 130
105 131
105 132
105 133
105 134
105 137
105 138
105 139
105 141
105 142
105 143
105 145
105 146
105 147
105 150
105 151
105 152
105 154
105 156
105 158
105 159
105 161
106 107
106 109
106 110
106 112
106 113
106 114
106 116
106 117
106 118
106 119
106 125
106 127
106 129
106 130
106 131
106 134
106 135
106 136
106 137
106 138
106 139
106 141
106 142
106 145
106 147
106 148
106 149
106 150
106 151
106 152
106 153
106 154
106 157
106 158
106 159
106 160
106 161
107 108
107 109
107 110
107 113
107 116
107 117
107 118
107 130
107 131
107 133
107 134
107 135
107 136
107 137
107 138
107 139
107 141
107 142
107 143
107 147
107 149
107 151
107 152
107 153
107 154
107 155
107 157
107 158
107 159
107 160
107 161
108 109
108 110
108 111
108 112
108 113
108 114
108 115
108 117
108 118
108 119
108 120
108 121
108 125
108 126
108 127
108 129
108 130
108 131
108 132
108 133
108 134
108 135
108 136
108 137
108 138
108 140
108 141
108 142
108 143
108 145
108 147
108 150
108 151
108 152
108 153
108 155
108 156
108 157
108 158
108 159
108 160
108 161
109 110
109 111
109 112
109 114
109 115
109 118
109 125
109 127
109 128
109 131
109 132
109 133
109 135
109 137
109 138
109 140
109 141
109 142
109 145
109 146
109 147
109 150
109 151
109 152
109 153
109 154
109 157
109 160
109 161
110 112
110 114
110 117
110 118
110 120
110 129
110 131
110 133
110 134
110 135
110 137
110 139
110 141
110 142
110 147
110 150
110 161
111 112
111 113
111 114
111 115
111 117
111 118
111 119
111 125
111 129
111 130
111 134
111 136
111 137
111 149
111 150
111 151
111 153
111 154
111 157
111 158
111 161
112 113
112 114
112 115
112 117
112 118
112 122
112 124
112 125
112 126
112 128
112 129
112 130
112 132
112 133
112 134
112 135
112 136
112 137
112 139
112 140
112 141
112 142
112 143
112 145
112 147
112 150
112 151
112 157
112 160
113 115
113 116
113 117
113 119
113 123
113 124
113 125
113 126
113 128
113 129
113 130
113 133
113 134
113 137
113 138
113 139
113 140
113 142
113 145
113 147
113 148
113 149
113 150
113 151
113 152
113 153
113 154
113 155
113 156
113 157
113 158
113 159
113 160
113 161
114 115
114 116
114 117
114 118
114 119
114 125
114 127
114 130
114 131
114 132
114 133
114 134
114 135
114 136
114 140
114 141
114 142
114 144
114 149
114 151
114 152
114 153
114 154
114 155
114 157
114 158
114 159
114 160
114 161
115 116
115 117
115 118
115 119
115 120
115 123
115 126
115 127
115 128
115 130
115 131
115 132
115 133
115 134
115 135
115 136
115 137
115 138
115 140
115 141
115 142
115 145
115 146
115 147
115 149
115 150
115 151
115 152
115 153
115 154
115 158
115 160
115 161
116 117
116 118
116 131
116 133
116 134
116 138
116 145
116 146
116 147
116 150
116 151
116 152
116 153
116 154
116 155
117 118
117 125
117 126
117 127
117 128
117 129
117 130
117 131
117 132
117 133
117 134
117 135
117 136
117 137
117 138
117 139
117 140
117 141
117 142
117 143
117 146
117 147
117 148
117 150
117 151
117 154
117 155
117 160
117 161
118 119
118 120
118 125
118 126
118 129
118 130
118 131
118 133
118 134
118 135
118 136
118 137
118 139
118 141
118 142
118 146
118 147
118 149
118 150
118 151
118 152
118 153
118 154
118 155
118 156
118 157
118 158
118 159
118 160
118 161
119 128
119 129
119 133
119 134
119 139
119 141
119 145
119 146
119 152
119 154
119 157
119 161
120 124
120 125
120 129
120 137
120 138
120 139
120 146
120 148
120 150
120 151
120 154
120 157
120 158
121 125
121 127
121 131
121 135
121 141
121 147
121 150
122 126
122 127
122 128
122 129
122 135
122 137
122 138
122 139
122 141
122 142
122 151
122 154
122 158
122 161
123 129
123 133
123 136
123 142
123 151
123 154
124 125
124 129
124 130
124 131
124 132
124 138
124 141
124 142
124 149
124 158
125 126
125 129
125 132
125 133
125 134
125 136
125 137
125 138
125 139
125 140
125 141
125 142
125 144
125 145
125 146
125 150
125 151
125 152
125 154
125 155
125 157
125 158
125 160
125 161
126 127
126 129
126 130
126 131
126 133
126 134
126 135
126 136
126 138
126 147
126 148
126 150
126 152
126 153
126 154
126 155
126 157
126 158
126 160
127 129
127 133
127 137
127 138
127 139
127 140
127 141
127 145
127 146
127 148
127 150
127 153
127 154
127 157
127 158
127 160
127 161
128 129
128 130
128 136
128 137
128 138
128 139
128 141
128 147
128 150
128 151
128 152
128 153
128 155
128 157
128 159
128 161
129 130
129 131
129 133
129 134
129 135
129 137
129 138
129 139
129 140
129 141
129 142
129 144
129 146
129 147
129 148
129 149
129 150
129 151
129 152
129 153
129 154
129 157
129 158
129 159
129 160
129 161
130 131
130 132
130 134
130 135
130 137
130 141
130 147
130 151
130 154
130 159
130 160
130 161
131 132
131 133
131 134
131 135
131 136
131 137
131 138
131 139
131 140
131 141
131 142
131 143
131 146
131 147
131 149
131 150
131 151
131 152
131 153
131 154
131 155
131 157
131 158
131 159
131 160
132 133
132 134
132 137
132 138
132 139
132 142
132 146
132 147
132 150
132 152
132 154
132 158
132 160
133 134
133 135
133 136
133 137
133 138
133 141
133 142
133 143
133 145
133 146
133 147
133 148
133 150
133 151
133 152
133 153
133 154
133 158
133 159
133 160
133 161
134 136
134 137
134 138
134 140
134 141
134 142
134 143
134 145
134 146
134 147
134 150
134 151
134 152
134 153
134 154
134 155
134 156
134 157
134 158
134 160
135 136
135 137
135 138
135 139
135 145
135 147
135 151
135 152
135 153
135 154
135 156
135 157
135 158
135 159
135 161
136 138
136 141
136 146
136 150
136 152
136 154
136 159
136 160
137 138
137 140
137 141
137 142
137 143
137 145
137 147
137 149
137 150
137 151
137 153
137 154
137 157
137 160
137 161
138 139
138 140
138 141
138 142
138 143
138 145
138 146
138 147
138 149
138 150
138 151
138 153
138 154
138 156
138 157
138 158
138 159
138 161
139 141
139 142
139 145
139 146
139 148
139 149
139 153
139 154
139 158
139 159
139 161
140 141
140 142
140 149
140 150
140 151
140 154
140 161
141 142
141 145
141 147
141 148
141 149
141 150
141 151
141 154
141 155
141 156
141 157
141 158
141 160
141 161
142 143
142 144
142 145
142 146
142 147
142 148
142 149
142 151
142 153
142 154
142 155
142 157
142 158
142 159
142 160
142 161
143 146
143 150
143 151
143 152
143 153
143 154
143 156
143 160
144 147
144 151
144 158
144 160
145 146
145 147
145 150
145 151
145 153
145 154
145 156
145 157
145 159
146 147
146 148
146 150
146 151
146 152
146 155
146 157
146 159
147 149
147 150
147 151
147 152
147 153
147 154
147 158
147 159
147 160
147 161
148 149
148 152
148 154
148 158
148 159
149 151
149 152
149 153
149 154
149 155
149 157
149 158
149 160
150 151
150 152
150 153
150 154
150 155
150 156
150 157
150 158
150 159
150 160
150 161
151 152
151 153
151 154
151 155
151 157
151 158
151 161
152 153
152 154
152 157
152 158
152 160
152 161
153 154
153 158
153 161
154 155
154 156
154 157
154 158
154 160
155 160
155 161
157 159
157 161
158 160
