0 1
0 4
0 7
0 12
0 15
0 17
0 18
0 19
0 22
0 26
0 31
0 32
0 34
0 35
0 37
0 38
0 40
0 43
0 44
0 45
0 48
0 51
0 54
0 55
0 56
0 58
0 59
0 62
0 63
0 64
0 65
0 67
0 69
0 71
0 72
0 74
0 75
0 77
0 79
0 81
0 86
0 88
0 89
0 90
0 91
0 93
0 101
0 103
0 106
0 108
0 110
0 112
0 113
0 117
0 118
0 122
0 128
0 129
0 130
0 133
0 134
0 137
0 140
0 141
0 142
0 146
0 148
0 150
0 151
0 153
0 154
0 155
0 157
0 158
0 160
0 161
1 4
1 5
1 6
1 8
1 9
1 12
1 16
1 17
1 18
1 19
1 22
1 25
1 27
1 30
1 31
1 32
1 38
1 39
1 40
1 41
1 42
1 43
1 48
1 49
1 50
1 51
1 54
1 55
1 56
1 59
1 60
1 61
1 64
1 66
1 69
1 70
1 71
1 72
1 73
1 77
1 80
1 81
1 85
1 87
1 94
1 98
1 102
1 105
1 106
1 108
1 109
1 111
1 112
1 113
1 116
1 117
1 125
1 126
1 129
1 130
1 133
1 134
1 135
1 136
1 138
1 139
1 141
1 142
1 145
1 146
1 147
1 150
1 151
1 152
1 159
1 160
2 4
2 6
2 7
2 12
2 15
2 17
2 18
2 19
2 20
2 21
2 25
2 26
2 34
2 40
2 50
2 51
2 53
2 54
2 55
2 56
2 61
2 68
2 72
2 73
2 74
2 77
2 79
2 81
2 88
2 89
2 94
2 101
2 105
2 106
2 109
2 111
2 112
2 113
2 114
2 117
2 125
2 129
2 133
2 137
2 141
2 142
2 156
2 158
3 4
3 8
3 10
3 19
3 20
3 26
3 31
3 32
3 34
3 38
3 40
3 41
3 44
3 45
3 50
3 52
3 54
3 56
3 58
3 59
3 61
3 63
3 64
3 68
3 71
3 72
3 74
3 75
3 79
3 85
3 87
3 89
3 93
3 94
3 95
3 99
3 101
3 102
3 106
3 108
3 109
3 114
3 117
3 118
3 119
3 125
3 126
3 134
3 135
3 137
3 138
3 139
3 144
3 145
3 150
3 152
3 153
3 154
3 157
3 160
4 6
4 7
4 9
4 10
4 11
4 12
4 14
4 17
4 18
4 19
4 20
4 22
4 25
4 26
4 30
4 31
4 32
4 34
4 36
4 38
4 39
4 42
4 43
4 44
4 45
4 46
4 48
4 49
4 50
4 51
4 55
4 56
4 58
4 59
4 60
4 61
4 62
4 63
4 64
4 65
4 66
4 67
4 68
4 69
4 70
4 72
4 73
4 74
4 80
4 81
4 84
4 86
4 88
4 89
4 91
4 92
4 93
4 98
4 100
4 101
4 105
4 106
4 107
4 108
4 109
4 111
4 112
4 114
4 115
4 116
4 118
4 119
4 121
4 122
4 124
4 131
4 132
4 133
4 134
4 135
4 136
4 139
4 141
4 147
4 151
4 152
4 154
4 159
4 160
4 161
5 6
5 11
5 12
5 14
5 19
5 26
5 29
5 36
5 38
5 40
5 46
5 54
5 56
5 61
5 63
5 65
5 66
5 68
5 70
5 71
5 72
5 73
5 77
5 79
5 80
5 82
5 87
5 91
5 92
5 97
5 105
5 109
5 112
5 118
5 129
5 133
5 137
5 138
5 152
5 154
5 158
5 160
5 161
6 7
6 8
6 11
6 12
6 13
6 14
6 15
6 17
6 18
6 19
6 21
6 23
6 24
6 25
6 26
6 27
6 30
6 31
6 32
6 35
6 37
6 38
6 40
6 44
6 45
6 46
6 47
6 48
6 49
6 51
6 52
6 54
6 57
6 58
6 60
6 62
6 64
6 65
6 66
6 68
6 69
6 70
6 72
6 73
6 74
6 77
6 78
6 79
6 80
6 81
6 83
6 84
6 86
6 87
6 88
6 89
6 93
6 94
6 95
6 97
6 98
6 100
6 101
6 102
6 103
6 105
6 106
6 107
6 108
6 109
6 111
6 112
6 113
6 114
6 115
6 116
6 117
6 118
6 119
6 122
6 123
6 124
6 125
6 126
6 127
6 129
6 130
6 133
6 134
6 135
6 137
6 138
6 139
6 141
6 142
6 145
6 147
6 149
6 151
6 152
6 153
6 154
6 155
6 157
6 158
6 159
6 160
6 161
7 10
7 11
7 12
7 13
7 15
7 16
7 18
7 20
7 21
7 22
7 23
7 24
7 25
7 26
7 28
7 30
7 31
7 32
7 33
7 34
7 35
7 36
7 40
7 41
7 42
7 43
7 45
7 46
7 47
7 48
7 49
7 50
7 51
7 52
7 54
7 56
7 57
7 58
7 59
7 60
7 61
7 63
7 64
7 66
7 67
7 68
7 69
7 70
7 71
7 72
7 73
7 74
7 75
7 76
7 77
7 78
7 79
7 80
7 82
7 85
7 86
7 87
7 89
7 91
7 93
7 95
7 98
7 99
7 101
7 102
7 104
7 105
7 106
7 107
7 108
7 109
7 110
7 111
7 112
7 113
7 114
7 115
7 116
7 117
7 118
7 119
7 121
7 123
7 124
7 125
7 126
7 127
7 128
7 129
7 130
7 133
7 134
7 135
7 136
7 137
7 138
7 139
7 140
7 141
7 142
7 143
7 148
7 149
7 150
7 151
7 152
7 153
7 154
7 155
7 156
7 157
7 158
7 159
7 160
7 161
8 14
8 26
8 32
8 37
8 45
8 49
8 54
8 56
8 57
8 63
8 64
8 65
8 67
8 68
8 70
8 72
8 74
8 75
8 80
8 84
8 87
8 88
8 97
8 100
8 101
8 105
8 106
8 113
8 114
8 118
8 120
8 122
8 129
8 130
8 133
8 151
8 156
9 11
9 12
9 14
9 16
9 19
9 21
9 26
9 30
9 31
9 35
9 36
9 38
9 40
9 43
9 49
9 50
9 51
9 54
9 55
9 56
9 58
9 63
9 65
9 66
9 67
9 69
9 71
9 75
9 77
9 78
9 79
9 80
9 84
9 86
9 87
9 89
9 92
9 93
9 94
9 95
9 97
9 98
9 101
9 105
9 107
9 109
9 111
9 112
9 114
9 115
9 116
9 117
9 121
9 125
9 127
9 128
9 129
9 131
9 133
9 134
9 136
9 137
9 140
9 142
9 145
9 146
9 147
9 151
9 153
9 154
9 156
9 157
9 158
9 161
10 14
10 17
10 18
10 19
10 21
10 22
10 24
10 25
10 26
10 30
10 31
10 34
10 38
10 40
10 42
10 44
10 48
10 49
10 50
10 51
10 54
10 55
10 56
10 58
10 59
10 63
10 64
10 65
10 68
10 69
10 70
10 71
10 72
10 74
10 75
10 77
10 78
10 79
10 80
10 82
10 83
10 84
10 86
10 88
10 89
10 91
10 92
10 94
10 97
10 101
10 102
10 105
10 106
10 107
10 110
10 112
10 113
10 116
10 117
10 118
10 120
10 125
10 127
10 128
10 129
10 131
10 137
10 144
10 150
10 151
10 153
10 154
10 157
10 158
10 159
10 161
11 13
11 14
11 18
11 19
11 20
11 25
11 26
11 27
11 28
11 30
11 31
11 33
11 34
11 35
11 36
11 37
11 38
11 42
11 43
11 45
11 47
11 49
11 50
11 51
11 53
11 54
11 55
11 56
11 59
11 62
11 63
11 64
11 65
11 67
11 68
11 70
11 71
11 72
11 73
11 74
11 76
11 77
11 79
11 84
11 86
11 89
11 90
11 91
11 94
11 97
11 99
11 100
11 103
11 104
11 105
11 106
11 108
11 109
11 110
11 111
11 114
11 115
11 117
11 118
11 122
11 129
11 131
11 133
11 134
11 135
11 136
11 137
11 138
11 139
11 141
11 142
11 146
11 147
11 150
11 151
11 152
11 155
11 157
11 158
11 161
12 14
12 16
12 17
12 21
12 22
12 24
12 26
12 28
12 29
12 30
12 32
12 38
12 39
12 40
12 42
12 43
12 44
12 50
12 51
12 53
12 54
12 56
12 58
12 59
12 63
12 64
12 65
12 66
12 67
12 68
12 70
12 71
12 72
12 73
12 74
12 75
12 78
12 84
12 86
12 88
12 89
12 97
12 101
12 105
12 106
12 108
12 114
12 117
12 118
12 120
12 125
12 129
12 131
12 133
12 134
12 139
12 141
12 142
12 145
12 147
12 150
12 152
12 154
12 155
12 157
12 159
12 161
13 19
13 25
13 26
13 28
13 30
13 31
13 35
13 36
13 39
13 41
13 44
13 45
13 46
13 49
13 50
13 54
13 58
13 59
13 64
13 65
13 68
13 72
13 74
13 75
13 82
13 84
13 86
13 88
13 89
13 91
13 93
13 94
13 95
13 96
13 99
13 101
13 106
13 109
13 111
13 113
13 114
13 115
13 117
13 119
13 131
13 133
13 134
13 135
13 137
13 138
13 140
13 141
13 142
13 145
13 147
13 148
13 152
13 154
13 155
13 156
13 157
13 158
13 161
14 15
14 16
14 19
14 20
14 21
14 22
14 23
14 24
14 25
14 26
14 29
14 30
14 31
14 32
14 33
14 34
14 36
14 37
14 38
14 39
14 40
14 42
14 44
14 45
14 46
14 49
14 51
14 52
14 54
14 55
14 56
14 58
14 59
14 61
14 62
14 63
14 64
14 65
14 66
14 67
14 68
14 69
14 70
14 71
14 72
14 73
14 74
14 75
14 76
14 77
14 78
14 79
14 80
14 81
14 84
14 85
14 86
14 88
14 89
14 91
14 92
14 93
14 94
14 95
14 97
14 99
14 100
14 101
14 102
14 103
14 104
14 105
14 106
14 107
14 108
14 109
14 111
14 112
14 113
14 114
14 115
14 116
14 117
14 119
14 121
14 124
14 125
14 127
14 128
14 129
14 130
14 131
14 132
14 133
14 134
14 135
14 137
14 138
14 139
14 143
14 144
14 145
14 146
14 147
14 149
14 151
14 152
14 154
14 155
14 156
14 157
14 158
14 159
15 17
15 18
15 21
15 25
15 26
15 35
15 36
15 37
15 38
15 42
15 43
15 44
15 45
15 50
15 51
15 54
15 55
15 56
15 60
15 61
15 64
15 66
15 67
15 68
15 70
15 72
15 74
15 77
15 83
15 86
15 91
15 93
15 94
15 97
15 98
15 100
15 103
15 105
15 106
15 107
15 114
15 115
15 117
15 118
15 119
15 125
15 126
15 128
15 133
15 134
15 136
15 137
15 138
15 139
15 142
15 145
15 146
15 151
15 152
15 153
15 160
16 18
16 19
16 21
16 25
16 26
16 30
16 31
16 35
16 40
16 41
16 49
16 51
16 52
16 54
16 56
16 58
16 61
16 63
16 64
16 65
16 66
16 67
16 68
16 70
16 71
16 72
16 73
16 74
16 75
16 80
16 88
16 98
16 101
16 102
16 105
16 108
16 109
16 111
16 114
16 115
16 129
16 134
16 136
16 137
16 138
16 139
16 146
16 150
16 152
16 154
16 156
16 158
16 161
17 19
17 36
17 40
17 45
17 46
17 49
17 50
17 51
17 58
17 61
17 63
17 68
17 70
17 72
17 73
17 80
17 89
17 94
17 105
17 106
17 108
17 112
17 115
17 118
17 126
17 133
17 139
17 142
17 147
17 152
17 153
17 154
17 161
18 19
18 21
18 25
18 30
18 31
18 33
18 36
18 37
18 39
18 41
18 45
18 51
18 54
18 55
18 56
18 57
18 63
18 64
18 65
18 66
18 68
18 69
18 70
18 74
18 82
18 83
18 90
18 91
18 94
18 100
18 101
18 104
18 105
18 106
18 108
18 111
18 112
18 113
18 114
18 116
18 118
18 121
18 126
18 131
18 132
18 134
18 136
18 137
18 138
18 142
18 143
18 144
18 145
18 147
18 148
18 150
18 151
18 152
18 153
18 154
18 155
19 21
19 23
19 26
19 27
19 29
19 30
19 31
19 32
19 34
19 36
19 38
19 40
19 41
19 42
19 44
19 45
19 46
19 50
19 51
19 52
19 54
19 55
19 56
19 59
19 62
19 63
19 64
19 65
19 66
19 67
19 68
19 69
19 70
19 71
19 72
19 73
19 74
19 75
19 77
19 78
19 79
19 80
19 84
19 87
19 88
19 91
19 92
19 94
19 96
19 99
19 100
19 101
19 102
19 103
19 105
19 106
19 107
19 108
19 109
19 112
19 114
19 115
19 116
19 117
19 118
19 122
19 124
19 125
19 126
19 128
19 129
19 130
19 131
19 133
19 134
19 137
19 138
19 139
19 140
19 141
19 142
19 143
19 145
19 146
19 147
19 148
19 150
19 151
19 152
19 153
19 154
19 155
19 157
19 158
19 159
19 160
19 161
20 24
20 25
20 26
20 27
20 28
20 36
20 40
20 45
20 49
20 51
20 58
20 63
20 64
20 69
20 70
20 73
20 74
20 75
20 79
20 80
20 89
20 90
20 91
20 92
20 93
20 101
20 102
20 103
20 104
20 105
20 108
20 109
20 114
20 115
20 122
20 131
20 133
20 134
20 139
20 145
20 154
20 155
20 157
20 161
21 22
21 24
21 25
21 26
21 27
21 28
21 30
21 31
21 34
21 35
21 36
21 40
21 42
21 43
21 44
21 45
21 49
21 51
21 52
21 55
21 56
21 58
21 59
21 60
21 61
21 63
21 64
21 65
21 67
21 68
21 69
21 70
21 71
21 72
21 73
21 74
21 75
21 78
21 80
21 82
21 83
21 84
21 85
21 87
21 88
21 89
21 91
21 94
21 97
21 100
21 101
21 102
21 103
21 104
21 106
21 108
21 109
21 111
21 112
21 113
21 114
21 115
21 117
21 118
21 119
21 120
21 121
21 123
21 125
21 126
21 128
21 129
21 131
21 132
21 134
21 137
21 138
21 139
21 140
21 142
21 143
21 144
21 145
21 146
21 147
21 149
21 150
21 151
21 152
21 153
21 154
21 155
21 156
21 157
21 158
21 161
22 23
22 24
22 25
22 26
22 30
22 31
22 32
22 34
22 40
22 43
22 51
22 55
22 65
22 67
22 68
22 69
22 70
22 71
22 72
22 73
22 75
22 79
22 86
22 90
22 93
22 99
22 101
22 103
22 104
22 105
22 115
22 116
22 117
22 126
22 128
22 133
22 135
22 139
22 141
22 142
22 143
22 146
22 147
22 150
22 151
22 158
22 161
23 25
23 26
23 31
23 32
23 34
23 38
23 40
23 44
23 51
23 55
23 56
23 59
23 64
23 65
23 67
23 68
23 69
23 75
23 77
23 80
23 89
23 97
23 98
23 100
23 101
23 102
23 108
23 111
23 112
23 115
23 119
23 125
23 126
23 128
23 129
23 132
23 133
23 136
23 137
23 141
23 143
23 145
23 147
23 149
23 151
23 152
23 157
23 158
23 159
24 26
24 32
24 37
24 38
24 39
24 40
24 43
24 45
24 49
24 54
24 55
24 56
24 60
24 62
24 63
24 64
24 66
24 67
24 70
24 71
24 72
24 73
24 74
24 79
24 83
24 85
24 87
24 89
24 94
24 95
24 101
24 106
24 107
24 108
24 112
24 113
24 115
24 116
24 117
24 125
24 131
24 134
24 136
24 137
24 138
24 146
24 147
24 148
24 149
24 150
24 151
24 152
24 154
24 158
25 26
25 28
25 29
25 31
25 37
25 38
25 39
25 40
25 42
25 43
25 44
25 45
25 46
25 49
25 50
25 53
25 54
25 55
25 56
25 58
25 59
25 62
25 63
25 64
25 65
25 66
25 67
25 70
25 71
25 72
25 74
25 77
25 79
25 82
25 86
25 87
25 88
25 91
25 92
25 94
25 97
25 101
25 104
25 105
25 107
25 108
25 109
25 110
25 111
25 112
25 113
25 114
25 115
25 116
25 117
25 118
25 119
25 124
25 126
25 128
25 130
25 131
25 133
25 134
25 135
25 137
25 138
25 139
25 142
25 145
25 146
25 147
25 150
25 151
25 152
25 153
25 155
25 158
25 160
26 27
26 29
26 30
26 31
26 33
26 34
26 35
26 37
26 38
26 39
26 40
26 43
26 44
26 45
26 48
26 49
26 50
26 51
26 53
26 54
26 55
26 56
26 57
26 58
26 60
26 61
26 62
26 63
26 65
26 66
26 67
26 68
26 69
26 70
26 71
26 72
26 73
26 74
26 75
26 76
26 77
26 80
26 81
26 83
26 84
26 85
26 87
26 88
26 89
26 91
26 92
26 94
26 97
26 98
26 99
26 100
26 101
26 105
26 106
26 108
26 109
26 110
26 111
26 112
26 114
26 115
26 118
26 120
26 121
26 122
26 123
26 124
26 125
26 126
26 127
26 128
26 129
26 130
26 131
26 132
26 134
26 136
26 137
26 138
26 139
26 140
26 141
26 144
26 146
26 147
26 148
26 149
26 150
26 152
26 153
26 154
26 155
26 157
26 158
26 160
26 161
27 31
27 33
27 35
27 36
27 38
27 40
27 54
27 59
27 63
27 65
27 67
27 70
27 71
27 72
27 84
27 86
27 89
27 91
27 93
27 102
27 103
27 106
27 110
27 114
27 116
27 124
27 127
27 130
27 135
27 138
27 141
27 147
27 154
27 158
28 30
28 31
28 32
28 34
28 39
28 40
28 46
28 48
28 49
28 54
28 61
28 63
28 65
28 67
28 68
28 69
28 70
28 74
28 75
28 77
28 79
28 80
28 87
28 88
28 89
28 90
28 94
28 106
28 108
28 109
28 113
28 114
28 115
28 116
28 117
28 120
28 129
28 131
28 133
28 134
28 136
28 139
28 140
28 142
28 152
28 154
28 158
29 31
29 32
29 35
29 38
29 40
29 41
29 43
29 45
29 51
29 52
29 54
29 55
29 57
29 64
29 65
29 71
29 74
29 75
29 77
29 79
29 80
29 83
29 84
29 89
29 93
29 98
29 101
29 105
29 109
29 113
29 114
29 117
29 123
29 126
29 128
29 133
29 136
29 137
29 139
29 141
29 142
29 146
29 147
29 153
29 154
29 156
29 157
29 160
29 161
30 31
30 32
30 33
30 35
30 37
30 38
30 40
30 41
30 42
30 44
30 47
30 49
30 50
30 51
30 56
30 57
30 58
30 59
30 60
30 61
30 62
30 63
30 64
30 65
30 66
30 67
30 68
30 69
30 70
30 71
30 74
30 76
30 80
30 83
30 84
30 85
30 86
30 87
30 90
30 91
30 92
30 94
30 95
30 100
30 102
30 104
30 106
30 108
30 109
30 110
30 111
30 112
30 113
30 114
30 115
30 116
30 117
30 118
30 119
30 120
30 122
30 123
30 125
30 126
30 128
30 129
30 130
30 131
30 133
30 134
30 137
30 138
30 139
30 141
30 142
30 143
30 145
30 147
30 150
30 152
30 153
30 155
30 156
30 157
30 158
30 160
30 161
31 32
31 35
31 36
31 37
31 38
31 42
31 43
31 44
31 45
31 48
31 49
31 50
31 51
31 52
31 53
31 54
31 55
31 57
31 58
31 59
31 60
31 64
31 65
31 68
31 69
31 70
31 71
31 72
31 74
31 75
31 76
31 77
31 79
31 80
31 82
31 83
31 84
31 85
31 86
31 87
31 88
31 89
31 91
31 92
31 94
31 95
31 97
31 98
31 99
31 100
31 101
31 102
31 104
31 105
31 106
31 107
31 109
31 111
31 113
31 114
31 115
31 116
31 117
31 119
31 121
31 122
31 126
31 128
31 129
31 130
31 131
31 132
31 134
31 135
31 136
31 137
31 138
31 139
31 141
31 142
31 143
31 144
31 146
31 147
31 148
31 149
31 150
31 151
31 152
31 155
31 156
31 158
31 161
32 34
32 36
32 39
32 40
32 41
32 45
32 46
32 49
32 50
32 51
32 54
32 55
32 57
32 58
32 59
32 61
32 63
32 64
32 65
32 66
32 67
32 68
32 69
32 70
32 71
32 73
32 74
32 75
32 77
32 79
32 83
32 86
32 87
32 89
32 90
32 91
32 93
32 97
32 101
32 105
32 106
32 107
32 108
32 109
32 110
32 111
32 112
32 113
32 114
32 117
32 118
32 122
32 126
32 127
32 128
32 129
32 130
32 131
32 132
32 133
32 134
32 137
32 138
32 139
32 140
32 141
32 142
32 145
32 147
32 149
32 150
32 151
32 152
32 153
32 154
32 155
32 157
32 158
32 161
33 38
33 44
33 47
33 50
33 51
33 58
33 59
33 66
33 67
33 70
33 71
33 72
33 73
33 74
33 75
33 79
33 84
33 88
33 89
33 91
33 92
33 98
33 106
33 108
33 111
33 112
33 115
33 118
33 121
33 125
33 129
33 131
33 133
33 134
33 136
33 138
33 142
33 150
33 153
34 36
34 44
34 48
34 49
34 50
34 51
34 54
34 56
34 59
34 61
34 62
34 64
34 65
34 66
34 67
34 69
34 70
34 72
34 73
34 75
34 77
34 79
34 81
34 82
34 89
34 92
34 97
34 98
34 100
34 101
34 102
34 108
34 110
34 115
34 117
34 121
34 122
34 125
34 126
34 129
34 130
34 131
34 133
34 135
34 138
34 139
34 141
34 142
34 145
34 150
34 151
34 152
34 153
34 154
34 160
35 38
35 40
35 42
35 43
35 44
35 45
35 46
35 49
35 50
35 51
35 52
35 54
35 56
35 57
35 58
35 62
35 64
35 65
35 66
35 67
35 68
35 71
35 72
35 74
35 75
35 77
35 86
35 89
35 90
35 91
35 92
35 93
35 94
35 95
35 96
35 97
35 98
35 100
35 101
35 102
35 105
35 106
35 108
35 109
35 111
35 114
35 116
35 117
35 118
35 119
35 121
35 122
35 125
35 126
35 127
35 129
35 131
35 134
35 136
35 137
35 138
35 139
35 140
35 141
35 142
35 143
35 145
35 146
35 147
35 150
35 151
35 152
35 153
35 154
35 158
35 160
35 161
36 41
36 42
36 46
36 49
36 51
36 52
36 54
36 57
36 58
36 61
36 63
36 64
36 65
36 66
36 67
36 68
36 69
36 70
36 71
36 72
36 74
36 77
36 80
36 84
36 89
36 93
36 94
36 95
36 97
36 98
36 101
36 102
36 112
36 114
36 115
36 117
36 118
36 119
36 122
36 125
36 126
36 127
36 128
36 129
36 131
36 134
36 136
36 137
36 138
36 142
36 147
36 148
36 150
36 151
36 152
36 154
36 155
36 158
37 39
37 42
37 43
37 44
37 45
37 47
37 48
37 49
37 50
37 51
37 54
37 56
37 57
37 58
37 62
37 63
37 65
37 66
37 67
37 68
37 69
37 70
37 74
37 77
37 79
37 80
37 82
37 83
37 85
37 87
37 88
37 92
37 94
37 97
37 101
37 103
37 104
37 108
37 109
37 110
37 112
37 113
37 114
37 115
37 116
37 117
37 118
37 124
37 125
37 129
37 131
37 132
37 133
37 134
37 136
37 137
37 138
37 139
37 141
37 142
37 146
37 150
37 152
37 154
37 157
37 158
37 160
38 39
38 40
38 43
38 44
38 45
38 46
38 49
38 51
38 52
38 54
38 55
38 56
38 57
38 58
38 61
38 64
38 65
38 67
38 68
38 69
38 70
38 71
38 72
38 73
38 74
38 75
38 76
38 77
38 79
38 80
38 81
38 83
38 85
38 86
38 87
38 88
38 89
38 92
38 93
38 94
38 95
38 96
38 97
38 98
38 99
38 101
38 102
38 103
38 106
38 107
38 108
38 109
38 110
38 111
38 112
38 113
38 114
38 116
38 117
38 118
38 122
38 123
38 125
38 127
38 128
38 129
38 132
38 133
38 134
38 137
38 138
38 139
38 140
38 142
38 143
38 144
38 145
38 146
38 147
38 148
38 152
38 154
38 155
38 156
38 158
38 159
39 40
39 42
39 43
39 45
39 50
39 51
39 54
39 55
39 57
39 58
39 61
39 63
39 64
39 70
39 72
39 74
39 75
39 76
39 79
39 80
39 82
39 84
39 85
39 86
39 90
39 91
39 94
39 98
39 99
39 100
39 101
39 102
39 103
39 105
39 106
39 107
39 109
39 112
39 114
39 117
39 121
39 131
39 134
39 135
39 137
39 138
39 139
39 145
39 146
39 147
39 150
39 151
39 152
39 153
39 154
39 156
39 157
39 159
39 161
40 42
40 43
40 45
40 46
40 49
40 50
40 51
40 54
40 55
40 58
40 60
40 62
40 63
40 64
40 66
40 67
40 68
40 69
40 70
40 71
40 72
40 73
40 74
40 75
40 76
40 77
40 80
40 81
40 82
40 83
40 84
40 87
40 88
40 89
40 90
40 92
40 93
40 94
40 97
40 98
40 102
40 103
40 105
40 106
40 108
40 111
40 112
40 114
40 117
40 118
40 119
40 121
40 122
40 123
40 125
40 126
40 127
40 128
40 129
40 130
40 131
40 132
40 133
40 134
40 135
40 137
40 139
40 140
40 142
40 143
40 145
40 146
40 150
40 151
40 152
40 153
40 154
40 158
40 161
41 42
41 43
41 45
41 52
41 54
41 56
41 63
41 64
41 66
41 68
41 70
41 73
41 84
41 86
41 89
41 93
41 96
41 99
41 101
41 102
41 106
41 108
41 129
41 133
41 134
41 137
41 146
41 147
41 152
41 158
41 161
42 45
42 46
42 49
42 50
42 51
42 53
42 54
42 55
42 56
42 57
42 62
42 64
42 65
42 66
42 68
42 70
42 71
42 79
42 80
42 85
42 87
42 89
42 92
42 94
42 101
42 102
42 106
42 107
42 108
42 113
42 114
42 115
42 117
42 118
42 119
42 125
42 126
42 128
42 131
42 133
42 134
42 137
42 141
42 142
42 147
42 148
42 150
42 151
42 152
42 153
42 154
42 155
42 157
42 161
43 44
43 49
43 54
43 56
43 58
43 59
43 65
43 69
43 70
43 72
43 74
43 78
43 79
43 80
43 84
43 86
43 87
43 88
43 89
43 97
43 101
43 102
43 105
43 107
43 108
43 109
43 111
43 112
43 113
43 114
43 116
43 118
43 122
43 125
43 128
43 129
43 130
43 131
43 134
43 135
43 137
43 138
43 141
43 142
43 143
43 144
43 146
43 147
43 151
43 152
43 154
43 157
43 158
43 159
43 161
44 45
44 46
44 49
44 50
44 51
44 53
44 54
44 56
44 58
44 59
44 61
44 62
44 64
44 65
44 66
44 67
44 68
44 69
44 70
44 71
44 73
44 74
44 75
44 76
44 78
44 80
44 81
44 86
44 88
44 89
44 90
44 92
44 94
44 95
44 97
44 101
44 102
44 106
44 107
44 108
44 109
44 110
44 111
44 112
44 113
44 114
44 116
44 117
44 118
44 120
44 121
44 124
44 125
44 127
44 129
44 130
44 131
44 134
44 136
44 137
44 138
44 139
44 140
44 145
44 147
44 150
44 151
44 153
44 154
44 157
44 158
44 159
44 160
44 161
45 50
45 51
45 52
45 53
45 54
45 55
45 57
45 59
45 62
45 64
45 65
45 66
45 67
45 68
45 69
45 70
45 72
45 73
45 74
45 75
45 79
45 80
45 82
45 83
45 84
45 86
45 89
45 91
45 92
45 93
45 94
45 95
45 97
45 98
45 99
45 101
45 103
45 106
45 108
45 109
45 110
45 113
45 115
45 116
45 117
45 118
45 120
45 122
45 126
45 128
45 129
45 130
45 131
45 132
45 133
45 134
45 137
45 138
45 139
45 141
45 142
45 143
45 146
45 147
45 149
45 151
45 152
45 153
45 154
45 155
45 158
45 160
45 161
46 49
46 50
46 51
46 54
46 56
46 59
46 61
46 65
46 66
46 68
46 70
46 71
46 72
46 73
46 74
46 76
46 77
46 80
46 81
46 82
46 85
46 87
46 89
46 93
46 94
46 95
46 98
46 99
46 101
46 107
46 108
46 109
46 112
46 115
46 117
46 118
46 124
46 126
46 130
46 131
46 132
46 133
46 134
46 135
46 136
46 137
46 141
46 143
46 150
46 151
46 152
46 154
46 156
46 158
46 161
47 56
47 64
47 68
47 69
47 71
47 73
47 74
47 87
47 91
47 93
47 94
47 100
47 104
47 105
47 109
47 113
47 116
47 133
47 139
47 144
47 149
47 150
47 151
47 152
48 49
48 51
48 54
48 55
48 56
48 59
48 65
48 66
48 67
48 68
48 72
48 73
48 74
48 77
48 84
48 86
48 87
48 89
48 94
48 97
48 102
48 103
48 104
48 105
48 107
48 108
48 109
48 110
48 113
48 114
48 115
48 117
48 133
48 136
48 137
48 138
48 147
48 154
48 157
48 161
49 51
49 54
49 56
49 57
49 58
49 63
49 64
49 65
49 67
49 69
49 70
49 71
49 72
49 73
49 74
49 76
49 77
49 79
49 80
49 82
49 84
49 86
49 89
49 91
49 92
49 93
49 94
49 95
49 96
49 97
49 98
49 99
49 100
49 103
49 105
49 106
49 108
49 109
49 110
49 112
49 113
49 114
49 115
49 117
49 118
49 120
49 122
49 125
49 127
49 129
49 130
49 131
49 132
49 137
49 138
49 139
49 142
49 143
49 145
49 146
49 147
49 148
49 150
49 151
49 152
49 153
49 154
49 157
49 158
49 159
49 161
50 51
50 52
50 53
50 56
50 58
50 61
50 64
50 65
50 67
50 68
50 70
50 71
50 72
50 74
50 77
50 79
50 80
50 82
50 83
50 84
50 87
50 89
50 91
50 93
50 94
50 98
50 101
50 102
50 105
50 106
50 108
50 113
50 114
50 115
50 117
50 118
50 125
50 126
50 127
50 129
50 130
50 131
50 132
50 133
50 134
50 136
50 137
50 139
50 142
50 143
50 145
50 146
50 147
50 149
50 150
50 151
50 153
50 157
50 158
50 160
50 161
51 52
51 53
51 54
51 55
51 56
51 57
51 58
51 59
51 62
51 63
51 64
51 65
51 66
51 67
51 68
51 69
51 70
51 71
51 72
51 73
51 74
51 77
51 79
51 80
51 81
51 82
51 83
51 86
51 89
51 90
51 91
51 92
51 94
51 95
51 96
51 97
51 99
51 100
51 101
51 102
51 104
51 105
51 106
51 108
51 109
51 111
51 112
51 113
51 115
51 116
51 117
51 118
51 119
51 125
51 126
51 129
51 131
51 132
51 133
51 134
51 135
51 136
51 137
51 138
51 139
51 141
51 142
51 144
51 145
51 146
51 147
51 149
51 150
51 152
51 153
51 154
51 157
51 158
51 159
51 160
52 54
52 55
52 56
52 58
52 63
52 64
52 65
52 67
52 68
52 72
52 73
52 74
52 75
52 77
52 83
52 85
52 87
52 89
52 94
52 96
52 101
52 102
52 104
52 106
52 108
52 114
52 115
52 118
52 119
52 120
52 121
52 123
52 125
52 127
52 128
52 129
52 133
52 134
52 136
52 137
52 138
52 139
52 141
52 145
52 146
52 147
52 152
52 154
52 158
52 160
52 161
53 54
53 58
53 59
53 62
53 64
53 65
53 68
53 69
53 70
53 74
53 75
53 79
53 81
53 84
53 86
53 87
53 91
53 92
53 101
53 102
53 103
53 106
53 108
53 110
53 112
53 115
53 118
53 122
53 131
53 133
53 137
53 138
53 143
53 144
53 145
53 154
53 155
54 55
54 56
54 58
54 59
54 62
54 64
54 65
54 67
54 69
54 70
54 71
54 72
54 74
54 75
54 76
54 77
54 78
54 79
54 80
54 82
54 83
54 84
54 85
54 88
54 89
54 90
54 91
54 92
54 93
54 94
54 95
54 96
54 97
54 100
54 101
54 102
54 103
54 104
54 106
54 107
54 109
54 110
54 111
54 112
54 113
54 114
54 115
54 118
54 121
54 122
54 123
54 124
54 127
54 128
54 129
54 130
54 131
54 132
54 133
54 134
54 135
54 136
54 137
54 138
54 139
54 140
54 141
54 143
54 145
54 146
54 147
54 149
54 150
54 151
54 152
54 153
54 154
54 158
55 56
55 62
55 63
55 64
55 65
55 66
55 67
55 68
55 70
55 72
55 74
55 75
55 77
55 79
55 81
55 83
55 84
55 85
55 88
55 93
55 94
55 95
55 97
55 98
55 101
55 102
55 103
55 105
55 107
55 111
55 112
55 113
55 114
55 115
55 117
55 118
55 125
55 129
55 131
55 133
55 137
55 138
55 141
55 143
55 144
55 145
55 146
55 147
55 150
55 151
55 152
55 153
55 154
55 158
55 159
55 161
56 57
56 59
56 61
56 63
56 64
56 65
56 66
56 67
56 68
56 69
56 70
56 71
56 72
56 73
56 74
56 77
56 78
56 79
56 83
56 85
56 86
56 87
56 88
56 89
56 90
56 92
56 93
56 94
56 96
56 97
56 98
56 99
56 101
56 102
56 103
56 105
56 106
56 108
56 110
56 111
56 112
56 113
56 114
56 115
56 117
56 118
56 120
56 125
56 126
56 128
56 129
56 131
56 133
56 134
56 136
56 137
56 138
56 139
56 141
56 143
56 145
56 146
56 147
56 149
56 150
56 151
56 152
56 154
56 157
56 159
56 160
56 161
57 58
57 63
57 64
57 65
57 67
57 68
57 72
57 73
57 75
57 87
57 101
57 102
57 108
57 109
57 110
57 111
57 112
57 115
57 117
57 125
57 130
57 137
57 138
57 142
57 145
57 148
57 151
57 154
57 156
57 157
57 158
57 159
58 60
58 61
58 62
58 63
58 64
58 66
58 69
58 71
58 72
58 73
58 74
58 75
58 79
58 83
58 84
58 86
58 89
58 92
58 94
58 95
58 97
58 100
58 101
58 102
58 104
58 105
58 106
58 108
58 112
58 113
58 114
58 115
58 117
58 118
58 125
58 126
58 127
58 128
58 129
58 130
58 131
58 133
58 136
58 137
58 138
58 140
58 141
58 143
58 145
58 146
58 149
58 150
58 151
58 152
58 154
58 156
58 157
59 62
59 65
59 66
59 67
59 68
59 69
59 70
59 71
59 72
59 73
59 78
59 79
59 89
59 93
59 94
59 97
59 100
59 101
59 102
59 106
59 107
59 109
59 110
59 111
59 112
59 114
59 117
59 118
59 119
59 123
59 124
59 125
59 126
59 134
59 137
59 140
59 142
59 144
59 146
59 148
59 153
59 154
59 157
59 158
60 65
60 66
60 69
60 70
60 72
60 94
60 97
60 99
60 102
60 106
60 109
60 125
60 129
60 130
60 137
60 138
60 139
60 152
61 63
61 64
61 65
61 67
61 68
61 70
61 72
61 73
61 74
61 77
61 83
61 85
61 86
61 89
61 91
61 93
61 97
61 99
61 101
61 102
61 106
61 107
61 108
61 113
61 114
61 119
61 120
61 125
61 127
61 130
61 131
61 133
61 134
61 135
61 144
61 145
61 147
61 148
61 151
61 152
61 154
61 155
61 157
61 158
61 160
61 161
62 64
62 65
62 66
62 67
62 68
62 69
62 71
62 72
62 75
62 77
62 79
62 83
62 85
62 87
62 89
62 95
62 98
62 101
62 102
62 105
62 107
62 108
62 109
62 111
62 115
62 116
62 117
62 127
62 129
62 130
62 131
62 133
62 134
62 135
62 139
62 147
62 152
62 154
62 155
63 64
63 68
63 71
63 72
63 74
63 77
63 79
63 80
63 84
63 87
63 89
63 92
63 93
63 95
63 96
63 97
63 101
63 102
63 105
63 106
63 108
63 109
63 110
63 111
63 113
63 117
63 118
63 122
63 125
63 126
63 128
63 129
63 131
63 135
63 136
63 137
63 138
63 141
63 146
63 147
63 149
63 150
63 151
63 152
63 154
63 155
63 158
63 159
63 160
63 161
64 65
64 67
64 68
64 69
64 70
64 71
64 72
64 73
64 74
64 75
64 77
64 79
64 80
64 85
64 86
64 87
64 88
64 89
64 90
64 92
64 93
64 94
64 96
64 97
64 99
64 101
64 102
64 103
64 104
64 105
64 106
64 107
64 108
64 109
64 110
64 112
64 113
64 114
64 115
64 117
64 118
64 119
64 126
64 127
64 128
64 129
64 130
64 131
64 133
64 134
64 135
64 136
64 137
64 138
64 139
64 140
64 142
64 143
64 144
64 148
64 150
64 151
64 152
64 154
64 158
64 159
64 160
65 66
65 67
65 68
65 69
65 70
65 71
65 72
65 74
65 75
65 77
65 79
65 80
65 83
65 84
65 85
65 88
65 89
65 91
65 92
65 93
65 97
65 100
65 101
65 102
65 103
65 104
65 105
65 106
65 108
65 109
65 112
65 113
65 114
65 117
65 118
65 122
65 124
65 125
65 126
65 129
65 130
65 131
65 134
65 135
65 137
65 138
65 142
65 143
65 144
65 145
65 147
65 148
65 150
65 151
65 153
65 154
65 157
65 158
65 159
65 160
66 67
66 69
66 70
66 71
66 72
66 73
66 74
66 75
66 77
66 80
66 81
66 82
66 84
66 87
66 88
66 89
66 90
66 93
66 94
66 95
66 96
66 100
66 101
66 102
66 105
66 109
66 112
66 114
66 115
66 118
66 125
66 126
66 127
66 129
66 131
66 133
66 134
66 137
66 138
66 139
66 141
66 142
66 145
66 146
66 147
66 149
66 150
66 152
66 153
66 154
66 155
66 156
66 157
66 158
66 160
67 68
67 69
67 70
67 71
67 72
67 73
67 74
67 75
67 77
67 79
67 80
67 82
67 83
67 86
67 87
67 88
67 89
67 91
67 93
67 94
67 96
67 97
67 98
67 99
67 100
67 102
67 103
67 104
67 105
67 106
67 107
67 108
67 109
67 110
67 111
67 112
67 113
67 114
67 115
67 116
67 117
67 118
67 119
67 122
67 126
67 127
67 129
67 130
67 131
67 132
67 133
67 134
67 136
67 138
67 141
67 142
67 146
67 147
67 150
67 151
67 152
67 153
67 154
67 156
67 157
67 158
67 159
67 160
67 161
68 69
68 70
68 71
68 72
68 73
68 74
68 75
68 76
68 77
68 78
68 79
68 80
68 81
68 82
68 83
68 85
68 86
68 87
68 88
68 89
68 90
68 93
68 94
68 95
68 96
68 97
68 99
68 100
68 101
68 102
68 104
68 105
68 106
68 108
68 109
68 110
68 111
68 112
68 113
68 114
68 115
68 116
68 117
68 118
68 121
68 125
68 126
68 127
68 128
68 129
68 130
68 131
68 133
68 134
68 136
68 137
68 139
68 140
68 141
68 142
68 146
68 147
68 149
68 150
68 151
68 152
68 153
68 154
68 156
68 157
68 158
68 160
69 70
69 71
69 72
69 74
69 75
69 77
69 78
69 80
69 84
69 87
69 88
69 89
69 93
69 95
69 98
69 99
69 100
69 101
69 102
69 103
69 105
69 106
69 107
69 108
69 109
69 111
69 113
69 114
69 115
69 116
69 117
69 118
69 119
69 121
69 122
69 125
69 126
69 129
69 130
69 131
69 133
69 134
69 136
69 137
69 138
69 139
69 140
69 142
69 143
69 147
69 148
69 150
69 152
69 153
69 154
69 155
69 161
70 72
70 73
70 74
70 75
70 76
70 77
70 80
70 82
70 83
70 84
70 85
70 86
70 87
70 89
70 91
70 92
70 94
70 97
70 99
70 100
70 101
70 104
70 107
70 108
70 112
70 113
70 114
70 115
70 116
70 117
70 118
70 119
70 120
70 121
70 122
70 124
70 125
70 126
70 127
70 128
70 129
70 130
70 131
70 132
70 133
70 134
70 137
70 138
70 141
70 142
70 146
70 147
70 149
70 150
70 151
70 152
70 153
70 155
70 156
70 157
70 158
70 159
70 160
70 161
71 72
71 73
71 74
71 77
71 79
71 80
71 81
71 82
71 83
71 85
71 86
71 88
71 89
71 93
71 94
71 95
71 96
71 97
71 98
71 99
71 101
71 102
71 103
71 105
71 106
71 107
71 108
71 109
71 110
71 112
71 113
71 114
71 115
71 116
71 117
71 118
71 119
71 126
71 127
71 128
71 129
71 131
71 133
71 134
71 135
71 137
71 138
71 139
71 141
71 145
71 146
71 147
71 149
71 150
71 151
71 152
71 154
71 157
71 159
71 160
71 161
72 73
72 74
72 77
72 78
72 79
72 80
72 81
72 82
72 83
72 84
72 85
72 86
72 87
72 88
72 90
72 91
72 93
72 94
72 96
72 97
72 98
72 100
72 101
72 102
72 103
72 104
72 105
72 106
72 107
72 108
72 110
72 111
72 112
72 113
72 114
72 116
72 117
72 118
72 121
72 123
72 128
72 129
72 131
72 133
72 134
72 137
72 138
72 141
72 142
72 143
72 146
72 147
72 148
72 151
72 154
72 155
72 156
72 157
72 158
72 159
72 160
73 75
73 76
73 77
73 78
73 79
73 82
73 83
73 84
73 87
73 89
73 93
73 94
73 95
73 97
73 98
73 101
73 102
73 103
73 105
73 106
73 108
73 112
73 113
73 114
73 115
73 116
73 117
73 118
73 122
73 124
73 125
73 126
73 127
73 128
73 129
73 130
73 131
73 133
73 134
73 136
73 137
73 138
73 139
73 140
73 142
73 143
73 144
73 146
73 147
73 148
73 149
73 151
73 152
73 154
73 156
73 158
73 159
73 161
74 75
74 76
74 77
74 78
74 79
74 84
74 85
74 86
74 87
74 88
74 89
74 91
74 92
74 93
74 94
74 95
74 97
74 98
74 99
74 100
74 102
74 103
74 104
74 105
74 106
74 107
74 108
74 109
74 110
74 111
74 115
74 116
74 117
74 118
74 119
74 122
74 125
74 128
74 129
74 130
74 131
74 133
74 134
74 135
74 136
74 138
74 139
74 140
74 142
74 143
74 145
74 148
74 149
74 151
74 152
74 153
74 154
74 155
74 156
74 157
74 158
74 160
75 79
75 85
75 86
75 88
75 90
75 95
75 97
75 101
75 102
75 104
75 105
75 106
75 108
75 111
75 116
75 118
75 125
75 126
75 127
75 130
75 131
75 133
75 134
75 135
75 137
75 138
75 139
75 141
75 142
75 143
75 145
75 146
75 147
75 149
75 150
75 151
75 152
75 154
75 156
75 158
76 81
76 84
76 92
76 101
76 102
76 106
76 109
76 111
76 113
76 114
76 115
76 117
76 118
76 120
76 125
76 126
76 134
76 135
76 138
76 139
76 140
76 143
76 144
76 151
76 154
76 158
76 159
77 80
77 83
77 85
77 88
77 89
77 91
77 93
77 94
77 97
77 98
77 99
77 100
77 105
77 106
77 108
77 109
77 111
77 112
77 113
77 114
77 115
77 118
77 125
77 127
77 129
77 130
77 131
77 132
77 133
77 135
77 136
77 137
77 138
77 141
77 142
77 143
77 145
77 146
77 147
77 148
77 152
77 153
77 154
77 158
77 159
78 87
78 88
78 89
78 94
78 99
78 101
78 109
78 120
78 125
78 134
78 135
78 138
78 146
78 154
78 158
79 80
79 81
79 82
79 83
79 84
79 85
79 86
79 87
79 88
79 89
79 93
79 94
79 95
79 97
79 98
79 99
79 101
79 102
79 103
79 104
79 105
79 106
79 108
79 109
79 110
79 111
79 112
79 113
79 114
79 116
79 118
79 122
79 123
79 125
79 127
79 128
79 131
79 133
79 134
79 135
79 137
79 138
79 139
79 142
79 143
79 145
79 148
79 149
79 150
79 151
79 152
79 153
79 154
79 155
79 157
79 158
79 159
79 161
80 85
80 88
80 89
80 91
80 92
80 94
80 95
80 98
80 99
80 102
80 103
80 104
80 105
80 106
80 108
80 109
80 111
80 112
80 113
80 115
80 116
80 117
80 121
80 124
80 127
80 129
80 130
80 131
80 133
80 135
80 136
80 137
80 138
80 139
80 141
80 142
80 143
80 145
80 147
80 150
80 151
80 152
80 153
80 154
80 156
80 158
80 161
81 83
81 86
81 88
81 93
81 99
81 101
81 102
81 106
81 107
81 108
81 112
81 113
81 114
81 115
81 118
81 129
81 133
81 138
81 147
81 155
81 157
81 161
82 85
82 86
82 89
82 94
82 101
82 102
82 103
82 108
82 109
82 111
82 114
82 115
82 117
82 118
82 121
82 125
82 129
82 130
82 132
82 133
82 136
82 137
82 138
82 139
82 144
82 145
82 146
82 149
82 151
82 154
82 155
82 157
82 158
83 86
83 89
83 91
83 92
83 96
83 99
83 100
83 105
83 106
83 108
83 111
83 112
83 113
83 114
83 115
83 117
83 118
83 126
83 129
83 130
83 131
83 133
83 136
83 137
83 138
83 139
83 143
83 146
83 151
83 152
83 154
83 156
84 88
84 89
84 90
84 91
84 94
84 95
84 96
84 97
84 99
84 101
84 102
84 103
84 105
84 107
84 108
84 109
84 110
84 112
84 113
84 115
84 117
84 118
84 119
84 120
84 123
84 126
84 127
84 128
84 129
84 130
84 131
84 132
84 133
84 134
84 135
84 136
84 138
84 142
84 146
84 148
84 151
84 152
84 156
84 158
84 159
84 160
85 88
85 89
85 91
85 93
85 94
85 95
85 99
85 100
85 101
85 102
85 105
85 109
85 112
85 113
85 114
85 117
85 118
85 125
85 130
85 133
85 134
85 135
85 138
85 140
85 147
85 149
85 152
85 156
86 87
86 88
86 89
86 93
86 94
86 97
86 98
86 99
86 101
86 102
86 105
86 106
86 107
86 108
86 109
86 114
86 115
86 116
86 126
86 129
86 131
86 133
86 135
86 136
86 137
86 138
86 141
86 142
86 146
86 150
86 151
86 152
86 153
86 154
86 155
86 156
86 161
87 89
87 90
87 91
87 93
87 94
87 96
87 97
87 102
87 106
87 107
87 108
87 112
87 113
87 114
87 115
87 117
87 118
87 123
87 124
87 129
87 131
87 133
87 137
87 140
87 142
87 149
87 151
87 152
87 154
87 157
87 158
87 159
87 160
88 90
88 96
88 97
88 99
88 100
88 102
88 103
88 109
88 111
88 115
88 116
88 118
88 120
88 123
88 128
88 130
88 131
88 133
88 134
88 135
88 137
88 138
88 139
88 141
88 144
88 145
88 147
88 149
88 150
88 151
88 152
88 155
88 156
89 91
89 92
89 94
89 95
89 96
89 97
89 98
89 99
89 100
89 101
89 102
89 105
89 106
89 108
89 109
89 112
89 114
89 115
89 117
89 118
89 125
89 127
89 128
89 129
89 130
89 131
89 132
89 133
89 134
89 136
89 137
89 138
89 139
89 141
89 142
89 143
89 144
89 145
89 146
89 147
89 148
89 149
89 150
89 151
89 152
89 154
89 155
89 157
89 158
89 159
89 160
89 161
90 91
90 93
90 94
90 95
90 101
90 106
90 108
90 114
90 115
90 117
90 129
90 130
90 131
90 133
90 134
90 136
90 137
90 142
90 143
90 147
90 151
90 152
90 158
90 161
91 92
91 94
91 97
91 98
91 99
91 102
91 106
91 108
91 109
91 110
91 112
91 113
91 114
91 115
91 116
91 124
91 125
91 126
91 129
91 130
91 131
91 138
91 140
91 143
91 147
91 148
91 149
91 150
91 154
91 155
91 157
91 158
92 93
92 94
92 95
92 101
92 102
92 106
92 107
92 108
92 111
92 112
92 114
92 115
92 117
92 122
92 126
92 129
92 130
92 131
92 132
92 133
92 136
92 137
92 138
92 142
92 146
92 149
92 151
92 152
92 154
92 155
92 157
92 158
92 160
93 94
93 95
93 97
93 100
93 101
93 103
93 105
93 106
93 108
93 111
93 112
93 113
93 115
93 117
93 118
93 123
93 125
93 127
93 131
93 138
93 141
93 142
93 144
93 146
93 147
93 149
93 152
93 157
93 161
94 97
94 98
94 101
94 102
94 103
94 106
94 107
94 108
94 109
94 111
94 115
94 116
94 117
94 118
94 120
94 121
94 122
94 124
94 125
94 126
94 127
94 128
94 130
94 131
94 133
94 134
94 135
94 136
94 137
94 138
94 139
94 141
94 143
94 145
94 146
94 147
94 150
94 151
94 152
94 154
94 157
94 158
94 159
94 160
95 100
95 101
95 105
95 107
95 116
95 117
95 118
95 129
95 130
95 133
95 134
95 137
95 150
95 151
95 152
95 153
95 154
95 158
95 160
96 97
96 99
96 102
96 103
96 104
96 106
96 107
96 108
96 117
96 134
96 135
96 136
96 137
96 145
96 152
96 154
96 156
96 158
97 102
97 105
97 106
97 107
97 108
97 109
97 110
97 111
97 112
97 113
97 115
97 118
97 120
97 121
97 126
97 127
97 128
97 129
97 130
97 131
97 133
97 134
97 135
97 136
97 137
97 138
97 140
97 141
97 142
97 144
97 145
97 146
97 147
97 151
97 154
97 155
97 158
97 160
97 161
98 99
98 102
98 107
98 108
98 111
98 112
98 113
98 117
98 118
98 122
98 128
98 130
98 131
98 133
98 134
98 138
98 139
98 142
98 143
98 145
98 147
98 149
98 150
98 151
98 153
98 154
98 158
99 101
99 102
99 106
99 112
99 113
99 114
99 115
99 116
99 127
99 129
99 133
99 134
99 142
99 146
99 147
99 148
99 152
99 156
99 158
100 101
100 111
100 112
100 113
100 116
100 118
100 124
100 125
100 128
100 129
100 131
100 134
100 135
100 138
100 142
100 143
100 145
100 146
100 150
100 151
100 152
100 154
100 158
100 160
101 102
101 104
101 105
101 106
101 108
101 109
101 110
101 112
101 113
101 114
101 115
101 116
101 117
101 118
101 119
101 122
101 124
101 126
101 127
101 128
101 129
101 130
101 131
101 132
101 133
101 134
101 136
101 137
101 138
101 139
101 140
101 141
101 142
101 143
101 144
101 146
101 147
101 148
101 149
101 150
101 152
101 153
101 154
101 155
101 157
101 158
101 160
101 161
102 103
102 104
102 106
102 107
102 109
102 110
102 112
102 113
102 115
102 116
102 117
102 118
102 124
102 127
102 129
102 130
102 131
102 132
102 133
102 135
102 137
102 138
102 139
102 140
102 141
102 142
102 146
102 147
102 149
102 150
102 152
102 153
102 154
102 155
102 157
102 158
102 159
102 161
103 106
103 107
103 108
103 109
103 113
103 114
103 116
103 118
103 119
103 123
103 125
103 126
103 127
103 128
103 129
103 131
103 133
103 134
103 137
103 138
103 139
103 145
103 147
103 152
103 153
103 154
103 158
104 105
104 108
104 109
104 112
104 114
104 117
104 118
104 120
104 121
104 122
104 131
104 134
104 137
104 138
104 143
104 147
104 148
104 150
104 152
104 153
104 156
104 157
104 158
104 159
105 106
105 108
105 110
105 111
105 112
105 113
105 114
105 115
105 117
105 118
105 121
105 122
105 126
105 133
105 135
105 138
105 139
105 140
105 143
105 145
105 146
105 147
105 148
105 149
105 150
105 151
105 152
105 153
105 154
105 157
105 158
105 159
105 160
105 161
106 107
106 108
106 109
106 111
106 112
106 113
106 114
106 115
106 116
106 117
106 118
106 123
106 125
106 126
106 127
106 129
106 130
106 131
106 133
106 134
106 136
106 137
106 138
106 139
106 142
106 144
106 146
106 147
106 148
106 150
106 151
106 152
106 153
106 154
106 155
106 157
106 158
106 160
107 108
107 112
107 113
107 114
107 115
107 117
107 118
107 125
107 126
107 127
107 129
107 133
107 134
107 137
107 138
107 139
107 147
107 150
107 151
107 152
107 153
107 155
107 158
107 160
108 111
108 112
108 113
108 114
108 115
108 117
108 118
108 119
108 120
108 121
108 122
108 124
108 125
108 130
108 131
108 133
108 134
108 135
108 137
108 138
108 139
108 141
108 142
108 143
108 145
108 146
108 147
108 148
108 151
108 152
108 153
108 154
108 155
108 156
108 157
108 159
108 161
109 110
109 112
109 113
109 114
109 115
109 116
109 117
109 118
109 125
109 126
109 128
109 130
109 131
109 133
109 135
109 136
109 137
109 138
109 140
109 141
109 142
109 146
109 147
109 149
109 150
109 151
109 152
109 153
109 155
109 156
109 157
109 158
109 160
109 161
110 111
110 113
110 114
110 115
110 118
110 120
110 129
110 130
110 133
110 134
110 138
110 139
110 142
110 152
110 154
111 112
111 115
111 116
111 117
111 118
111 122
111 129
111 130
111 131
111 133
111 134
111 138
111 141
111 142
111 152
111 157
111 158
111 159
111 161
112 113
112 115
112 117
112 118
112 121
112 124
112 125
112 126
112 127
112 129
112 130
112 131
112 133
112 134
112 135
112 136
112 138
112 139
112 140
112 141
112 143
112 145
112 150
112 151
112 152
112 153
112 154
112 156
112 157
112 158
112 160
112 161
113 114
113 115
113 116
113 117
113 118
113 119
113 125
113 126
113 129
113 131
113 132
113 133
113 134
113 135
113 138
113 139
113 140
113 141
113 142
113 146
113 148
113 151
113 152
113 153
113 154
113 157
113 158
113 159
113 160
113 161
114 117
114 118
114 121
114 123
114 124
114 125
114 126
114 127
114 128
114 130
114 132
114 133
114 134
114 135
114 136
114 137
114 141
114 142
114 143
114 145
114 146
114 147
114 148
114 150
114 151
114 152
114 153
114 154
114 157
114 159
114 160
114 161
115 117
115 118
115 120
115 122
115 126
115 127
115 129
115 130
115 131
115 132
115 133
115 136
115 137
115 138
115 139
115 142
115 143
115 145
115 146
115 147
115 148
115 151
115 152
115 153
115 154
115 157
115 158
116 117
116 118
116 125
116 128
116 130
116 131
116 132
116 133
116 138
116 140
116 141
116 142
116 146
116 147
116 149
116 150
116 151
116 152
116 153
116 154
116 157
116 158
116 159
116 160
117 118
117 120
117 123
117 124
117 125
117 126
117 128
117 129
117 130
117 131
117 133
117 134
117 135
117 136
117 138
117 139
117 141
117 143
117 145
117 146
117 147
117 149
117 150
117 151
117 152
117 153
117 154
117 156
117 158
117 161
118 126
118 127
118 129
118 131
118 132
118 133
118 134
118 135
118 136
118 137
118 140
118 145
118 146
118 148
118 149
118 150
118 151
118 152
118 153
118 154
118 155
118 156
118 157
118 158
118 160
118 161
119 134
119 142
119 146
119 147
119 148
119 151
119 158
119 161
120 125
120 128
120 131
120 136
120 138
120 143
120 145
120 152
120 153
120 154
120 157
120 158
121 123
121 137
121 141
121 145
121 152
121 154
121 157
121 161
122 123
122 133
122 138
122 139
122 141
122 142
122 143
122 145
122 146
122 157
122 158
122 161
123 130
123 138
123 151
123 157
123 158
124 125
124 134
124 137
124 139
124 145
124 148
125 129
125 130
125 131
125 133
125 137
125 138
125 139
125 141
125 143
125 146
125 147
125 149
125 150
125 151
125 152
125 154
125 157
125 158
125 160
125 161
126 128
126 129
126 130
126 133
126 134
126 136
126 137
126 138
126 139
126 141
126 142
126 143
126 150
126 154
126 157
126 158
126 160
126 161
127 129
127 130
127 134
127 136
127 137
127 142
127 147
127 150
127 151
127 152
127 154
127 161
128 129
128 130
128 133
128 134
128 136
128 137
128 138
128 139
128 142
128 146
128 147
128 152
128 153
128 158
128 161
129 131
129 133
129 134
129 135
129 136
129 137
129 138
129 139
129 140
129 141
129 142
129 143
129 145
129 146
129 147
129 149
129 150
129 151
129 152
129 153
129 154
129 155
129 157
129 158
129 161
130 131
130 134
130 138
130 139
130 142
130 144
130 147
130 149
130 151
130 152
130 154
130 157
130 159
131 132
131 133
131 135
131 136
131 137
131 138
131 139
131 140
131 141
131 142
131 143
131 145
131 146
131 147
131 151
131 152
131 154
131 156
131 157
131 158
131 159
131 161
132 147
132 154
132 157
132 161
133 136
133 137
133 138
133 140
133 142
133 145
133 146
133 147
133 149
133 150
133 151
133 152
133 153
133 154
133 157
133 158
133 159
133 161
134 135
134 137
134 138
134 139
134 141
134 142
134 146
134 147
134 149
134 150
134 151
134 152
134 154
134 155
134 157
134 158
134 159
134 160
135 137
135 143
135 147
135 148
135 150
135 151
135 161
136 142
136 146
136 147
136 149
136 151
136 154
136 157
136 158
136 161
137 138
137 139
137 140
137 141
137 142
137 143
137 144
137 146
137 148
137 149
137 150
137 151
137 152
137 153
137 154
137 156
137 157
137 158
137 159
137 160
137 161
138 139
138 141
138 142
138 143
138 147
138 148
138 149
138 150
138 151
138 152
138 153
138 154
138 156
138 157
138 158
138 159
138 161
139 140
139 141
139 142
139 146
139 147
139 149
139 151
139 152
139 154
139 157
139 158
139 160
139 161
140 142
140 147
140 150
140 152
140 154
140 158
141 145
141 149
141 150
141 151
141 152
141 153
141 154
141 161
142 145
142 147
142 148
142 150
142 151
142 152
142 154
142 157
142 158
142 159
142 160
142 161
143 147
143 156
143 159
143 160
144 147
144 154
144 158
145 146
145 149
145 151
145 152
145 156
145 157
145 158
146 149
146 150
146 151
146 152
146 153
146 154
146 156
146 157
146 159
146 160
146 161
147 148
147 149
147 151
147 152
147 153
147 154
147 155
147 156
147 159
148 151
148 153
148 155
148 159
149 150
149 151
149 157
149 158
150 151
150 154
150 155
150 156
150 157
150 158
150 159
150 161
151 152
151 154
151 155
151 156
151 157
151 158
151 159
151 160
152 154
152 157
152 158
152 159
152 161
153 154
153 158
154 155
154 156
154 157
154 158
154 159
154 160
155 158
157 159
157 161
158 160
159 161
