0 1
0 4
0 7
0 8
0 12
0 22
0 23
0 25
0 26
0 28
0 31
0 36
0 42
0 44
0 46
0 47
0 49
0 52
0 53
0 54
0 55
0 57
0 58
0 61
0 63
0 64
0 65
0 67
0 69
0 70
0 72
0 73
0 74
0 76
0 77
0 79
0 80
0 82
0 87
0 91
0 94
0 97
0 98
0 99
0 100
0 106
0 110
0 117
0 118
0 125
0 131
0 133
0 134
0 135
0 139
0 142
0 147
0 148
0 151
0 153
0 154
0 155
0 158
0 159
0 161
1 4
1 9
1 11
1 13
1 14
1 15
1 19
1 20
1 21
1 27
1 28
1 31
1 34
1 35
1 36
1 38
1 40
1 42
1 43
1 45
1 46
1 49
1 50
1 51
1 54
1 55
1 56
1 58
1 61
1 63
1 64
1 65
1 69
1 71
1 72
1 73
1 74
1 75
1 79
1 88
1 93
1 94
1 96
1 101
1 104
1 105
1 106
1 110
1 113
1 114
1 117
1 125
1 126
1 129
1 130
1 131
1 133
1 134
1 135
1 136
1 137
1 138
1 140
1 141
1 142
1 143
1 146
1 147
1 150
1 152
1 153
1 158
1 160
2 4
2 6
2 8
2 11
2 14
2 25
2 30
2 31
2 32
2 36
2 39
2 40
2 45
2 48
2 49
2 50
2 55
2 56
2 57
2 58
2 62
2 64
2 70
2 72
2 74
2 76
2 84
2 86
2 89
2 93
2 103
2 104
2 105
2 106
2 107
2 108
2 113
2 115
2 118
2 125
2 130
2 131
2 137
2 138
2 140
2 141
2 147
2 151
2 153
2 154
2 155
3 4
3 10
3 14
3 19
3 21
3 25
3 26
3 30
3 31
3 32
3 43
3 44
3 45
3 46
3 51
3 52
3 54
3 55
3 56
3 58
3 62
3 67
3 68
3 69
3 71
3 72
3 74
3 85
3 89
3 92
3 94
3 101
3 102
3 104
3 107
3 108
3 109
3 113
3 115
3 117
3 118
3 122
3 125
3 128
3 129
3 131
3 133
3 135
3 137
3 138
3 142
3 147
3 149
3 150
3 151
3 154
3 158
3 159
3 160
4 7
4 9
4 10
4 12
4 13
4 14
4 15
4 17
4 18
4 19
4 21
4 22
4 24
4 26
4 27
4 28
4 35
4 38
4 40
4 43
4 44
4 45
4 46
4 48
4 49
4 50
4 51
4 52
4 53
4 54
4 55
4 57
4 59
4 63
4 64
4 65
4 66
4 67
4 68
4 69
4 70
4 71
4 72
4 74
4 76
4 77
4 79
4 80
4 82
4 83
4 85
4 87
4 88
4 89
4 91
4 92
4 94
4 97
4 101
4 102
4 103
4 105
4 106
4 108
4 111
4 112
4 113
4 114
4 115
4 116
4 117
4 118
4 119
4 120
4 123
4 124
4 125
4 126
4 128
4 129
4 130
4 134
4 135
4 137
4 138
4 139
4 141
4 142
4 145
4 147
4 149
4 151
4 152
4 153
4 156
4 157
4 159
4 160
4 161
5 6
5 7
5 12
5 13
5 25
5 27
5 32
5 38
5 40
5 42
5 49
5 50
5 51
5 56
5 57
5 59
5 64
5 68
5 69
5 70
5 92
5 94
5 95
5 97
5 101
5 102
5 109
5 113
5 115
5 118
5 130
5 137
5 142
5 151
5 152
5 154
6 7
6 8
6 9
6 11
6 12
6 14
6 18
6 19
6 20
6 21
6 25
6 26
6 27
6 30
6 31
6 32
6 34
6 35
6 36
6 37
6 38
6 40
6 41
6 42
6 43
6 45
6 46
6 48
6 49
6 50
6 51
6 52
6 53
6 54
6 55
6 56
6 58
6 59
6 60
6 62
6 63
6 64
6 65
6 67
6 68
6 69
6 71
6 72
6 73
6 74
6 79
6 80
6 81
6 83
6 84
6 85
6 86
6 87
6 88
6 89
6 90
6 92
6 96
6 97
6 99
6 100
6 101
6 102
6 105
6 106
6 107
6 108
6 111
6 112
6 113
6 114
6 115
6 116
6 118
6 120
6 124
6 125
6 127
6 128
6 129
6 131
6 132
6 133
6 134
6 136
6 137
6 138
6 139
6 140
6 142
6 143
6 145
6 146
6 147
6 148
6 149
6 150
6 151
6 152
6 153
6 154
6 155
7 8
7 9
7 10
7 11
7 12
7 13
7 14
7 16
7 17
7 18
7 19
7 20
7 21
7 22
7 23
7 25
7 26
7 27
7 28
7 30
7 31
7 32
7 36
7 37
7 38
7 40
7 42
7 43
7 44
7 46
7 48
7 49
7 50
7 51
7 54
7 55
7 56
7 57
7 58
7 59
7 61
7 63
7 64
7 65
7 66
7 67
7 68
7 69
7 70
7 71
7 72
7 73
7 74
7 75
7 81
7 82
7 83
7 85
7 86
7 87
7 92
7 93
7 94
7 96
7 97
7 100
7 101
7 102
7 103
7 104
7 105
7 106
7 108
7 109
7 110
7 111
7 114
7 115
7 116
7 117
7 118
7 119
7 120
7 121
7 122
7 125
7 126
7 127
7 128
7 129
7 130
7 131
7 133
7 134
7 135
7 137
7 138
7 139
7 140
7 141
7 142
7 143
7 144
7 145
7 146
7 147
7 148
7 150
7 151
7 152
7 153
7 154
7 155
7 157
7 158
7 159
7 161
8 13
8 14
8 19
8 21
8 22
8 25
8 26
8 30
8 32
8 34
8 37
8 45
8 47
8 56
8 62
8 67
8 68
8 70
8 71
8 74
8 75
8 79
8 80
8 81
8 94
8 95
8 97
8 101
8 102
8 107
8 109
8 123
8 126
8 129
8 130
8 138
8 139
8 146
8 147
8 151
8 154
8 155
8 158
9 14
9 17
9 18
9 19
9 21
9 25
9 27
9 28
9 32
9 34
9 39
9 43
9 45
9 48
9 49
9 51
9 56
9 63
9 64
9 66
9 67
9 68
9 69
9 71
9 72
9 74
9 75
9 76
9 80
9 81
9 84
9 85
9 87
9 89
9 93
9 95
9 96
9 98
9 99
9 101
9 104
9 106
9 108
9 111
9 113
9 114
9 115
9 117
9 118
9 119
9 120
9 125
9 129
9 130
9 131
9 133
9 134
9 135
9 137
9 138
9 139
9 142
9 146
9 147
9 148
9 150
9 151
9 152
9 153
9 154
9 161
10 12
10 13
10 17
10 26
10 29
10 32
10 33
10 35
10 39
10 40
10 44
10 52
10 54
10 56
10 58
10 62
10 66
10 69
10 70
10 72
10 73
10 74
10 75
10 77
10 79
10 83
10 84
10 85
10 92
10 93
10 94
10 96
10 98
10 100
10 102
10 103
10 106
10 108
10 111
10 112
10 114
10 115
10 117
10 120
10 121
10 123
10 125
10 127
10 130
10 133
10 136
10 138
10 139
10 146
10 148
10 151
10 152
10 153
10 158
11 12
11 14
11 15
11 16
11 17
11 18
11 19
11 21
11 22
11 24
11 26
11 27
11 30
11 31
11 35
11 39
11 40
11 41
11 44
11 45
11 47
11 51
11 56
11 58
11 63
11 66
11 68
11 69
11 70
11 71
11 72
11 74
11 75
11 76
11 79
11 84
11 85
11 86
11 87
11 88
11 89
11 90
11 94
11 97
11 99
11 101
11 102
11 104
11 105
11 106
11 107
11 108
11 110
11 112
11 115
11 117
11 118
11 119
11 121
11 122
11 125
11 129
11 130
11 131
11 132
11 133
11 134
11 137
11 138
11 139
11 140
11 141
11 142
11 143
11 145
11 148
11 152
11 153
11 154
11 157
11 158
11 159
11 160
11 161
12 15
12 18
12 19
12 20
12 21
12 22
12 26
12 31
12 32
12 35
12 36
12 37
12 38
12 40
12 42
12 43
12 44
12 46
12 48
12 51
12 53
12 54
12 55
12 63
12 64
12 67
12 68
12 69
12 70
12 72
12 75
12 79
12 87
12 89
12 94
12 97
12 103
12 110
12 111
12 112
12 117
12 125
12 126
12 129
12 130
12 131
12 133
12 134
12 138
12 142
12 143
12 147
12 151
12 155
12 157
12 158
12 160
13 16
13 19
13 24
13 26
13 29
13 31
13 32
13 38
13 40
13 42
13 43
13 47
13 50
13 51
13 56
13 57
13 58
13 59
13 60
13 64
13 65
13 67
13 68
13 69
13 70
13 71
13 72
13 74
13 75
13 76
13 77
13 78
13 79
13 80
13 83
13 93
13 95
13 101
13 102
13 103
13 106
13 107
13 108
13 112
13 114
13 115
13 118
13 125
13 126
13 127
13 129
13 131
13 133
13 137
13 138
13 140
13 141
13 142
13 143
13 147
13 152
13 155
13 158
13 160
14 16
14 19
14 20
14 22
14 23
14 24
14 26
14 30
14 31
14 32
14 34
14 35
14 36
14 39
14 40
14 42
14 43
14 44
14 45
14 46
14 49
14 50
14 52
14 53
14 54
14 55
14 56
14 57
14 58
14 60
14 62
14 63
14 64
14 65
14 66
14 67
14 68
14 69
14 70
14 71
14 72
14 73
14 74
14 75
14 76
14 79
14 80
14 82
14 83
14 85
14 86
14 88
14 89
14 90
14 91
14 92
14 95
14 97
14 98
14 99
14 100
14 101
14 102
14 104
14 105
14 106
14 107
14 108
14 109
14 110
14 111
14 112
14 113
14 114
14 117
14 118
14 123
14 124
14 125
14 126
14 127
14 128
14 129
14 130
14 133
14 136
14 137
14 138
14 139
14 140
14 141
14 142
14 146
14 147
14 148
14 150
14 151
14 152
14 153
14 154
14 157
14 158
14 161
15 26
15 31
15 32
15 35
15 37
15 45
15 51
15 53
15 59
15 63
15 64
15 65
15 66
15 67
15 68
15 69
15 70
15 72
15 74
15 77
15 80
15 81
15 83
15 84
15 89
15 91
15 95
15 101
15 102
15 106
15 111
15 112
15 118
15 119
15 125
15 126
15 129
15 131
15 135
15 138
15 139
15 141
15 151
15 156
15 158
15 160
15 161
16 18
16 21
16 31
16 38
16 39
16 40
16 43
16 44
16 53
16 54
16 55
16 56
16 58
16 59
16 62
16 64
16 65
16 66
16 67
16 68
16 70
16 72
16 74
16 80
16 84
16 87
16 88
16 91
16 93
16 97
16 105
16 108
16 113
16 117
16 118
16 119
16 125
16 130
16 131
16 133
16 134
16 142
16 148
16 149
16 150
16 151
16 152
16 153
16 154
16 155
16 157
17 18
17 19
17 21
17 32
17 37
17 39
17 40
17 43
17 44
17 45
17 46
17 49
17 51
17 58
17 61
17 62
17 68
17 71
17 72
17 73
17 79
17 86
17 89
17 90
17 91
17 94
17 97
17 106
17 108
17 111
17 114
17 116
17 118
17 119
17 126
17 131
17 132
17 133
17 136
17 138
17 142
17 145
17 146
17 147
17 152
17 161
18 19
18 30
18 31
18 35
18 40
18 41
18 46
18 49
18 50
18 51
18 52
18 56
18 59
18 61
18 62
18 65
18 67
18 68
18 69
18 70
18 72
18 74
18 76
18 79
18 85
18 86
18 90
18 94
18 97
18 108
18 112
18 113
18 114
18 115
18 117
18 118
18 121
18 124
18 129
18 133
18 134
18 136
18 138
18 140
18 145
18 147
18 150
18 151
18 154
18 161
19 20
19 21
19 22
19 23
19 25
19 26
19 27
19 28
19 30
19 31
19 32
19 34
19 35
19 36
19 37
19 38
19 39
19 41
19 42
19 43
19 44
19 45
19 46
19 49
19 50
19 51
19 52
19 53
19 54
19 56
19 57
19 58
19 59
19 60
19 62
19 64
19 65
19 66
19 67
19 68
19 69
19 71
19 72
19 73
19 74
19 76
19 79
19 80
19 81
19 82
19 83
19 87
19 88
19 89
19 90
19 91
19 92
19 93
19 94
19 95
19 97
19 99
19 102
19 103
19 104
19 105
19 106
19 107
19 108
19 109
19 110
19 111
19 112
19 113
19 114
19 115
19 116
19 117
19 118
19 120
19 123
19 125
19 126
19 129
19 130
19 131
19 133
19 134
19 135
19 137
19 138
19 139
19 141
19 142
19 145
19 146
19 147
19 149
19 150
19 151
19 152
19 153
19 154
19 155
19 156
19 158
20 30
20 34
20 39
20 40
20 42
20 43
20 45
20 49
20 50
20 51
20 54
20 56
20 57
20 58
20 66
20 69
20 70
20 72
20 73
20 74
20 83
20 87
20 88
20 89
20 92
20 94
20 95
20 101
20 105
20 106
20 110
20 111
20 113
20 115
20 117
20 118
20 123
20 126
20 131
20 133
20 134
20 135
20 139
20 142
20 146
20 147
20 148
20 150
20 152
20 153
20 154
20 160
21 25
21 26
21 28
21 30
21 31
21 32
21 33
21 34
21 35
21 37
21 39
21 40
21 43
21 44
21 45
21 46
21 49
21 50
21 51
21 54
21 58
21 59
21 63
21 65
21 67
21 68
21 69
21 70
21 71
21 72
21 73
21 74
21 75
21 76
21 78
21 79
21 80
21 81
21 83
21 84
21 85
21 86
21 87
21 89
21 92
21 93
21 95
21 97
21 98
21 100
21 101
21 102
21 103
21 105
21 106
21 107
21 108
21 109
21 112
21 113
21 114
21 115
21 116
21 117
21 123
21 125
21 128
21 129
21 130
21 133
21 134
21 136
21 137
21 138
21 141
21 142
21 145
21 146
21 147
21 148
21 150
21 151
21 152
21 153
21 154
21 155
21 157
21 158
21 160
21 161
22 26
22 30
22 31
22 32
22 40
22 44
22 46
22 48
22 49
22 50
22 51
22 52
22 54
22 56
22 58
22 62
22 71
22 74
22 75
22 79
22 80
22 81
22 82
22 84
22 88
22 89
22 96
22 97
22 101
22 106
22 112
22 115
22 118
22 120
22 128
22 132
22 134
22 138
22 139
22 142
22 145
22 146
22 147
22 151
22 152
22 157
22 159
22 161
23 26
23 32
23 34
23 35
23 39
23 42
23 46
23 51
23 54
23 57
23 58
23 63
23 65
23 68
23 69
23 70
23 72
23 73
23 74
23 82
23 87
23 89
23 95
23 99
23 101
23 104
23 106
23 115
23 117
23 118
23 121
23 122
23 126
23 129
23 137
23 138
23 139
23 140
23 141
23 143
23 146
23 147
23 149
23 152
23 153
23 158
24 26
24 29
24 31
24 35
24 36
24 41
24 44
24 50
24 51
24 52
24 56
24 57
24 59
24 63
24 68
24 70
24 71
24 72
24 74
24 79
24 86
24 88
24 89
24 91
24 94
24 97
24 99
24 101
24 107
24 111
24 114
24 115
24 116
24 118
24 125
24 128
24 129
24 131
24 133
24 135
24 137
24 138
24 139
24 142
24 146
24 152
24 153
24 154
24 155
24 161
25 26
25 30
25 31
25 34
25 35
25 36
25 37
25 38
25 39
25 40
25 44
25 45
25 46
25 48
25 49
25 51
25 53
25 54
25 56
25 58
25 59
25 63
25 64
25 65
25 67
25 70
25 71
25 72
25 74
25 76
25 77
25 79
25 81
25 82
25 84
25 86
25 89
25 92
25 95
25 97
25 98
25 99
25 101
25 102
25 103
25 106
25 107
25 108
25 109
25 112
25 114
25 116
25 125
25 128
25 129
25 130
25 133
25 134
25 135
25 137
25 139
25 140
25 141
25 142
25 143
25 144
25 151
25 152
25 153
25 154
25 157
25 158
25 159
25 161
26 28
26 29
26 30
26 31
26 32
26 33
26 35
26 40
26 42
26 44
26 45
26 47
26 48
26 50
26 51
26 53
26 54
26 55
26 56
26 57
26 58
26 59
26 61
26 63
26 64
26 65
26 66
26 67
26 68
26 70
26 71
26 72
26 74
26 75
26 76
26 77
26 78
26 79
26 81
26 84
26 86
26 87
26 88
26 89
26 90
26 93
26 94
26 95
26 97
26 98
26 100
26 101
26 102
26 103
26 104
26 105
26 106
26 107
26 108
26 109
26 110
26 111
26 112
26 113
26 114
26 115
26 117
26 118
26 119
26 122
26 124
26 125
26 127
26 128
26 129
26 130
26 131
26 133
26 134
26 136
26 137
26 138
26 139
26 142
26 145
26 146
26 148
26 149
26 150
26 151
26 152
26 153
26 154
26 156
26 157
26 158
26 159
26 160
26 161
27 38
27 41
27 42
27 49
27 56
27 62
27 63
27 67
27 69
27 71
27 85
27 87
27 89
27 94
27 100
27 101
27 102
27 104
27 106
27 108
27 112
27 114
27 115
27 131
27 133
27 134
27 138
27 142
27 158
27 161
28 29
28 35
28 40
28 51
28 52
28 54
28 58
28 62
28 64
28 65
28 66
28 71
28 74
28 75
28 76
28 77
28 78
28 79
28 80
28 82
28 89
28 90
28 91
28 92
28 94
28 97
28 99
28 101
28 102
28 103
28 105
28 106
28 112
28 116
28 117
28 122
28 125
28 127
28 128
28 129
28 131
28 135
28 139
28 141
28 142
28 146
28 152
28 157
28 158
29 32
29 35
29 40
29 42
29 51
29 54
29 58
29 59
29 61
29 64
29 65
29 66
29 70
29 72
29 73
29 74
29 79
29 80
29 82
29 84
29 93
29 94
29 98
29 100
29 112
29 115
29 117
29 122
29 124
29 125
29 130
29 134
29 137
29 138
29 139
29 141
29 142
29 149
29 150
29 151
29 155
29 159
30 31
30 32
30 34
30 35
30 37
30 39
30 40
30 42
30 43
30 45
30 46
30 48
30 49
30 50
30 51
30 54
30 56
30 57
30 58
30 59
30 61
30 62
30 64
30 65
30 66
30 67
30 68
30 71
30 72
30 73
30 75
30 77
30 78
30 80
30 83
30 84
30 85
30 86
30 87
30 88
30 90
30 91
30 92
30 93
30 94
30 99
30 100
30 101
30 102
30 103
30 105
30 106
30 108
30 109
30 112
30 113
30 115
30 118
30 120
30 121
30 125
30 126
30 129
30 130
30 131
30 133
30 134
30 136
30 137
30 138
30 141
30 142
30 143
30 145
30 146
30 147
30 149
30 150
30 151
30 152
30 153
30 154
30 157
30 158
30 159
30 160
30 161
31 32
31 35
31 36
31 37
31 39
31 40
31 41
31 43
31 45
31 46
31 47
31 48
31 49
31 50
31 51
31 52
31 53
31 54
31 55
31 56
31 58
31 61
31 62
31 64
31 65
31 66
31 67
31 68
31 69
31 70
31 71
31 72
31 73
31 74
31 75
31 76
31 77
31 78
31 79
31 80
31 81
31 83
31 84
31 86
31 87
31 88
31 89
31 91
31 92
31 94
31 95
31 96
31 97
31 98
31 99
31 100
31 102
31 103
31 105
31 108
31 109
31 110
31 112
31 113
31 114
31 115
31 116
31 117
31 118
31 121
31 123
31 125
31 126
31 128
31 129
31 130
31 131
31 132
31 133
31 134
31 135
31 136
31 137
31 138
31 139
31 142
31 143
31 144
31 147
31 148
31 150
31 151
31 152
31 153
31 154
31 156
31 157
31 158
31 159
31 160
31 161
32 35
32 36
32 39
32 40
32 42
32 46
32 47
32 49
32 50
32 51
32 52
32 54
32 56
32 58
32 59
32 63
32 65
32 67
32 68
32 69
32 70
32 71
32 72
32 74
32 75
32 77
32 79
32 81
32 84
32 85
32 86
32 87
32 88
32 89
32 93
32 94
32 95
32 97
32 98
32 99
32 100
32 101
32 102
32 104
32 105
32 107
32 108
32 110
32 112
32 114
32 117
32 118
32 120
32 122
32 125
32 126
32 128
32 129
32 130
32 131
32 134
32 135
32 137
32 141
32 142
32 143
32 145
32 147
32 149
32 150
32 151
32 154
32 155
32 157
32 158
32 161
33 39
33 40
33 43
33 44
33 46
33 51
33 54
33 58
33 64
33 68
33 69
33 70
33 71
33 72
33 74
33 82
33 84
33 87
33 88
33 99
33 102
33 106
33 109
33 115
33 125
33 129
33 130
33 137
33 138
33 139
33 142
33 157
33 158
34 37
34 39
34 40
34 43
34 44
34 46
34 48
34 49
34 51
34 52
34 53
34 55
34 59
34 63
34 64
34 67
34 68
34 70
34 71
34 72
34 73
34 74
34 76
34 77
34 79
34 80
34 88
34 90
34 93
34 94
34 101
34 102
34 105
34 106
34 107
34 108
34 109
34 110
34 114
34 115
34 126
34 127
34 129
34 131
34 133
34 134
34 138
34 139
34 140
34 141
34 142
34 146
34 147
34 148
34 149
34 150
34 155
34 158
34 159
35 36
35 39
35 42
35 43
35 44
35 45
35 49
35 51
35 52
35 54
35 56
35 57
35 59
35 63
35 64
35 65
35 67
35 68
35 69
35 70
35 72
35 77
35 79
35 85
35 89
35 91
35 93
35 95
35 98
35 99
35 102
35 103
35 104
35 105
35 107
35 108
35 109
35 111
35 112
35 113
35 114
35 115
35 116
35 117
35 124
35 126
35 128
35 130
35 131
35 133
35 134
35 135
35 136
35 137
35 138
35 139
35 140
35 141
35 142
35 144
35 147
35 149
35 150
35 151
35 152
35 153
35 154
35 157
35 158
35 159
35 160
36 37
36 42
36 47
36 53
36 54
36 55
36 56
36 57
36 58
36 61
36 62
36 64
36 65
36 66
36 67
36 68
36 69
36 70
36 72
36 73
36 74
36 75
36 79
36 80
36 82
36 83
36 84
36 85
36 87
36 89
36 90
36 93
36 94
36 95
36 97
36 101
36 102
36 103
36 105
36 106
36 107
36 108
36 111
36 112
36 114
36 115
36 117
36 118
36 126
36 128
36 129
36 131
36 134
36 135
36 137
36 138
36 139
36 142
36 143
36 148
36 149
36 150
36 154
36 157
36 158
37 38
37 39
37 40
37 43
37 44
37 45
37 49
37 55
37 56
37 58
37 61
37 66
37 68
37 70
37 71
37 72
37 74
37 75
37 76
37 77
37 78
37 79
37 84
37 87
37 90
37 91
37 93
37 96
37 99
37 101
37 104
37 106
37 109
37 111
37 112
37 113
37 114
37 115
37 116
37 117
37 118
37 126
37 127
37 128
37 129
37 131
37 133
37 137
37 138
37 139
37 141
37 142
37 146
37 149
37 150
37 151
37 152
37 153
37 155
37 156
37 157
37 158
37 159
37 160
37 161
38 41
38 43
38 44
38 45
38 46
38 48
38 49
38 50
38 51
38 52
38 53
38 56
38 57
38 58
38 59
38 62
38 64
38 65
38 66
38 67
38 68
38 69
38 70
38 71
38 72
38 73
38 74
38 75
38 79
38 80
38 83
38 84
38 85
38 86
38 87
38 88
38 89
38 90
38 91
38 94
38 96
38 101
38 102
38 103
38 104
38 106
38 107
38 108
38 109
38 110
38 111
38 112
38 113
38 114
38 115
38 116
38 117
38 118
38 120
38 124
38 125
38 126
38 127
38 129
38 130
38 131
38 133
38 134
38 139
38 142
38 143
38 145
38 146
38 147
38 149
38 150
38 152
38 153
38 154
38 155
38 157
38 158
38 159
38 160
38 161
39 42
39 43
39 44
39 46
39 47
39 49
39 51
39 52
39 54
39 55
39 56
39 63
39 64
39 65
39 66
39 67
39 68
39 71
39 72
39 74
39 75
39 77
39 79
39 84
39 87
39 88
39 92
39 101
39 102
39 105
39 107
39 108
39 111
39 114
39 115
39 117
39 118
39 123
39 125
39 127
39 128
39 129
39 132
39 134
39 137
39 138
39 139
39 142
39 145
39 147
39 150
39 152
39 154
39 158
39 159
40 43
40 44
40 45
40 46
40 48
40 49
40 50
40 52
40 55
40 56
40 57
40 58
40 59
40 62
40 63
40 64
40 65
40 66
40 67
40 68
40 69
40 70
40 71
40 72
40 73
40 74
40 76
40 78
40 79
40 82
40 83
40 84
40 85
40 91
40 94
40 95
40 97
40 98
40 99
40 100
40 101
40 102
40 104
40 105
40 107
40 108
40 111
40 112
40 113
40 114
40 115
40 116
40 117
40 118
40 120
40 122
40 125
40 126
40 128
40 129
40 130
40 131
40 133
40 134
40 136
40 137
40 138
40 139
40 141
40 142
40 143
40 146
40 147
40 149
40 150
40 151
40 152
40 153
40 154
40 155
40 157
40 158
40 159
40 160
40 161
41 42
41 45
41 49
41 52
41 54
41 56
41 57
41 62
41 67
41 69
41 72
41 73
41 76
41 80
41 88
41 91
41 92
41 96
41 102
41 104
41 105
41 106
41 107
41 114
41 115
41 118
41 133
41 134
41 139
41 142
41 147
41 159
41 160
41 161
42 44
42 49
42 51
42 53
42 54
42 55
42 56
42 62
42 63
42 64
42 67
42 68
42 69
42 71
42 72
42 73
42 74
42 75
42 77
42 81
42 84
42 85
42 86
42 89
42 95
42 97
42 103
42 105
42 106
42 107
42 108
42 109
42 112
42 113
42 115
42 118
42 120
42 127
42 129
42 131
42 132
42 133
42 137
42 148
42 150
42 151
42 157
42 158
42 160
43 44
43 46
43 49
43 51
43 52
43 53
43 54
43 56
43 58
43 59
43 63
43 64
43 65
43 67
43 69
43 70
43 71
43 72
43 73
43 77
43 79
43 84
43 85
43 88
43 91
43 93
43 94
43 98
43 100
43 102
43 106
43 107
43 108
43 112
43 114
43 115
43 118
43 126
43 128
43 130
43 131
43 133
43 134
43 137
43 139
43 140
43 141
43 147
43 152
43 153
43 154
43 155
43 161
44 45
44 46
44 48
44 51
44 53
44 55
44 56
44 57
44 61
44 62
44 63
44 65
44 68
44 69
44 71
44 74
44 75
44 76
44 77
44 80
44 81
44 83
44 84
44 89
44 91
44 92
44 93
44 94
44 95
44 97
44 99
44 100
44 101
44 102
44 105
44 106
44 107
44 108
44 109
44 112
44 113
44 114
44 116
44 124
44 125
44 128
44 129
44 130
44 131
44 132
44 133
44 134
44 135
44 137
44 139
44 140
44 141
44 142
44 146
44 147
44 148
44 149
44 150
44 151
44 153
44 154
44 155
44 157
44 158
44 159
45 46
45 49
45 54
45 56
45 57
45 58
45 59
45 60
45 61
45 62
45 63
45 64
45 65
45 66
45 67
45 69
45 70
45 72
45 73
45 74
45 75
45 76
45 77
45 79
45 80
45 81
45 82
45 84
45 86
45 87
45 88
45 89
45 90
45 91
45 93
45 94
45 95
45 96
45 97
45 101
45 102
45 104
45 105
45 106
45 107
45 108
45 109
45 110
45 113
45 114
45 115
45 117
45 118
45 119
45 120
45 125
45 128
45 129
45 130
45 131
45 132
45 133
45 137
45 138
45 140
45 142
45 143
45 145
45 149
45 150
45 152
45 153
45 154
45 157
45 158
46 49
46 50
46 51
46 54
46 55
46 56
46 57
46 58
46 61
46 64
46 65
46 66
46 67
46 70
46 72
46 73
46 74
46 75
46 79
46 83
46 84
46 85
46 87
46 93
46 94
46 95
46 97
46 101
46 102
46 105
46 106
46 108
46 112
46 113
46 114
46 116
46 117
46 118
46 119
46 121
46 125
46 127
46 130
46 131
46 133
46 134
46 136
46 138
46 140
46 141
46 143
46 146
46 147
46 150
46 151
46 152
46 158
47 49
47 54
47 56
47 58
47 64
47 65
47 67
47 68
47 77
47 79
47 83
47 86
47 87
47 95
47 101
47 105
47 111
47 113
47 115
47 125
47 137
47 140
47 142
48 49
48 52
48 62
48 63
48 65
48 67
48 68
48 69
48 71
48 72
48 74
48 79
48 84
48 92
48 93
48 97
48 98
48 105
48 108
48 114
48 116
48 117
48 118
48 119
48 122
48 128
48 133
48 135
48 136
48 137
48 139
48 144
48 147
48 151
48 154
49 51
49 52
49 53
49 54
49 55
49 58
49 59
49 60
49 61
49 62
49 63
49 64
49 65
49 67
49 69
49 70
49 71
49 73
49 74
49 75
49 76
49 77
49 79
49 84
49 85
49 88
49 89
49 90
49 91
49 92
49 93
49 94
49 95
49 98
49 99
49 100
49 101
49 102
49 104
49 105
49 106
49 108
49 109
49 110
49 111
49 112
49 113
49 114
49 115
49 116
49 117
49 118
49 119
49 120
49 121
49 124
49 125
49 126
49 128
49 130
49 131
49 132
49 133
49 134
49 136
49 137
49 138
49 139
49 143
49 145
49 147
49 149
49 150
49 151
49 152
49 154
49 155
49 157
49 158
49 159
49 160
49 161
50 51
50 52
50 53
50 54
50 56
50 58
50 59
50 61
50 62
50 63
50 64
50 66
50 67
50 69
50 70
50 71
50 74
50 75
50 76
50 77
50 86
50 89
50 90
50 92
50 94
50 98
50 100
50 101
50 102
50 104
50 105
50 111
50 113
50 114
50 115
50 117
50 118
50 124
50 130
50 131
50 132
50 133
50 135
50 137
50 138
50 141
50 142
50 145
50 148
50 151
50 152
50 154
50 155
50 158
50 159
50 161
51 52
51 53
51 54
51 55
51 56
51 57
51 58
51 59
51 62
51 63
51 65
51 66
51 67
51 68
51 70
51 71
51 72
51 74
51 75
51 79
51 80
51 81
51 83
51 84
51 85
51 86
51 87
51 88
51 89
51 90
51 92
51 94
51 95
51 96
51 97
51 101
51 102
51 104
51 105
51 106
51 107
51 108
51 109
51 110
51 113
51 114
51 115
51 116
51 117
51 118
51 119
51 122
51 123
51 125
51 127
51 128
51 131
51 132
51 133
51 134
51 136
51 137
51 139
51 140
51 141
51 142
51 143
51 145
51 146
51 148
51 151
51 152
51 154
51 155
51 156
51 158
51 160
51 161
52 54
52 55
52 56
52 57
52 58
52 62
52 63
52 64
52 65
52 67
52 71
52 73
52 74
52 76
52 77
52 79
52 80
52 82
52 85
52 87
52 91
52 93
52 95
52 96
52 97
52 100
52 101
52 106
52 109
52 115
52 116
52 117
52 129
52 131
52 133
52 134
52 135
52 139
52 141
52 142
52 144
52 151
52 152
52 154
52 157
53 54
53 55
53 56
53 61
53 64
53 66
53 67
53 71
53 72
53 74
53 77
53 78
53 79
53 80
53 81
53 84
53 87
53 89
53 91
53 97
53 101
53 102
53 104
53 106
53 110
53 115
53 117
53 128
53 130
53 131
53 133
53 134
53 135
53 136
53 138
53 139
53 141
53 143
53 151
53 157
54 55
54 56
54 58
54 59
54 60
54 61
54 62
54 63
54 64
54 65
54 66
54 67
54 68
54 69
54 70
54 71
54 73
54 74
54 75
54 76
54 77
54 79
54 81
54 82
54 83
54 84
54 85
54 86
54 87
54 89
54 91
54 93
54 95
54 97
54 102
54 103
54 106
54 107
54 108
54 109
54 110
54 111
54 113
54 114
54 115
54 116
54 117
54 122
54 123
54 124
54 125
54 126
54 129
54 130
54 131
54 133
54 134
54 135
54 136
54 137
54 139
54 140
54 141
54 142
54 143
54 146
54 147
54 148
54 149
54 152
54 153
54 154
54 156
54 157
54 158
54 160
55 56
55 57
55 59
55 64
55 65
55 66
55 68
55 69
55 70
55 71
55 72
55 73
55 74
55 77
55 80
55 82
55 83
55 86
55 88
55 89
55 96
55 98
55 101
55 102
55 103
55 106
55 108
55 109
55 112
55 113
55 114
55 115
55 116
55 118
55 125
55 127
55 128
55 129
55 131
55 133
55 137
55 138
55 145
55 146
55 147
55 148
55 150
55 153
55 154
55 158
55 159
56 59
56 60
56 61
56 64
56 65
56 66
56 68
56 71
56 72
56 73
56 74
56 75
56 76
56 77
56 79
56 80
56 81
56 82
56 83
56 85
56 86
56 88
56 89
56 92
56 93
56 94
56 95
56 97
56 98
56 99
56 100
56 101
56 103
56 105
56 108
56 110
56 111
56 112
56 113
56 114
56 115
56 116
56 117
56 118
56 119
56 125
56 127
56 128
56 129
56 130
56 131
56 134
56 135
56 136
56 137
56 138
56 139
56 140
56 141
56 142
56 143
56 146
56 147
56 148
56 149
56 150
56 151
56 153
56 154
56 156
56 158
56 159
56 161
57 68
57 71
57 72
57 73
57 75
57 84
57 86
57 88
57 89
57 92
57 96
57 106
57 108
57 111
57 113
57 114
57 129
57 131
57 133
57 134
57 136
57 138
57 140
57 141
57 142
57 143
57 145
57 149
57 150
57 151
57 155
58 60
58 61
58 63
58 64
58 66
58 67
58 68
58 70
58 71
58 72
58 76
58 80
58 86
58 87
58 89
58 90
58 92
58 94
58 97
58 100
58 101
58 102
58 103
58 104
58 107
58 108
58 109
58 111
58 112
58 113
58 117
58 118
58 125
58 126
58 127
58 129
58 131
58 132
58 133
58 137
58 138
58 139
58 141
58 142
58 145
58 147
58 148
58 150
58 151
58 152
58 153
58 154
58 155
58 157
58 158
58 160
58 161
59 60
59 61
59 66
59 67
59 68
59 69
59 70
59 71
59 73
59 75
59 77
59 79
59 85
59 86
59 91
59 97
59 98
59 101
59 106
59 111
59 113
59 114
59 115
59 118
59 122
59 123
59 124
59 125
59 130
59 131
59 134
59 136
59 137
59 147
59 149
59 150
59 151
59 154
60 68
60 72
60 76
60 79
60 88
60 89
60 90
60 95
60 102
60 106
60 108
60 111
60 114
60 115
60 129
60 131
60 133
60 138
60 152
60 158
61 62
61 64
61 66
61 67
61 69
61 70
61 71
61 72
61 75
61 82
61 83
61 87
61 88
61 92
61 94
61 96
61 99
61 100
61 101
61 102
61 105
61 109
61 110
61 114
61 115
61 117
61 118
61 122
61 125
61 126
61 127
61 128
61 129
61 130
61 131
61 133
61 137
61 138
61 139
61 141
61 142
61 143
61 144
61 151
61 152
61 154
61 157
61 158
62 63
62 64
62 65
62 68
62 70
62 73
62 74
62 76
62 77
62 80
62 85
62 87
62 88
62 94
62 101
62 106
62 108
62 111
62 115
62 117
62 129
62 130
62 137
62 140
62 142
62 143
62 146
62 150
62 151
62 152
62 154
62 155
62 157
62 159
62 161
63 64
63 66
63 67
63 68
63 69
63 74
63 75
63 76
63 80
63 83
63 87
63 89
63 91
63 92
63 93
63 94
63 95
63 96
63 97
63 100
63 101
63 102
63 106
63 108
63 109
63 112
63 114
63 116
63 117
63 122
63 128
63 129
63 130
63 133
63 134
63 136
63 137
63 138
63 139
63 141
63 142
63 143
63 145
63 146
63 147
63 150
63 151
63 152
63 153
63 154
63 155
63 158
63 160
63 161
64 66
64 67
64 68
64 69
64 70
64 71
64 72
64 73
64 74
64 76
64 77
64 79
64 80
64 81
64 82
64 83
64 84
64 86
64 87
64 89
64 91
64 92
64 93
64 94
64 98
64 99
64 100
64 101
64 102
64 103
64 104
64 105
64 106
64 108
64 109
64 110
64 112
64 113
64 115
64 116
64 117
64 118
64 122
64 126
64 128
64 129
64 130
64 131
64 132
64 133
64 134
64 136
64 137
64 138
64 139
64 140
64 141
64 142
64 143
64 145
64 146
64 147
64 148
64 149
64 150
64 151
64 152
64 154
64 155
64 156
64 157
64 158
64 161
65 67
65 68
65 69
65 70
65 71
65 72
65 73
65 74
65 75
65 77
65 79
65 80
65 81
65 82
65 84
65 86
65 87
65 88
65 89
65 91
65 93
65 95
65 96
65 97
65 99
65 101
65 102
65 103
65 104
65 106
65 108
65 109
65 110
65 111
65 114
65 115
65 116
65 117
65 122
65 125
65 126
65 127
65 128
65 129
65 131
65 134
65 136
65 139
65 143
65 145
65 146
65 147
65 148
65 150
65 151
65 152
65 153
65 154
65 157
65 158
65 159
65 160
65 161
66 67
66 68
66 69
66 71
66 72
66 74
66 75
66 77
66 79
66 80
66 82
66 83
66 84
66 86
66 87
66 89
66 93
66 94
66 98
66 99
66 101
66 102
66 104
66 105
66 106
66 107
66 108
66 109
66 113
66 115
66 117
66 118
66 119
66 123
66 125
66 127
66 128
66 129
66 130
66 131
66 133
66 135
66 138
66 141
66 142
66 149
66 150
66 152
66 153
66 154
66 157
66 158
66 161
67 69
67 70
67 71
67 72
67 73
67 74
67 75
67 76
67 79
67 81
67 84
67 85
67 87
67 89
67 90
67 91
67 92
67 93
67 94
67 96
67 97
67 98
67 100
67 101
67 102
67 103
67 105
67 109
67 111
67 113
67 114
67 115
67 116
67 117
67 118
67 119
67 120
67 123
67 125
67 126
67 127
67 130
67 131
67 133
67 134
67 135
67 137
67 138
67 139
67 141
67 142
67 144
67 145
67 147
67 148
67 150
67 151
67 152
67 153
67 154
67 155
67 157
67 158
67 160
67 161
68 69
68 70
68 71
68 72
68 73
68 74
68 77
68 79
68 81
68 82
68 83
68 84
68 86
68 87
68 89
68 91
68 93
68 94
68 97
68 98
68 99
68 101
68 102
68 105
68 106
68 107
68 108
68 109
68 110
68 111
68 112
68 113
68 114
68 117
68 118
68 121
68 122
68 126
68 127
68 128
68 131
68 133
68 134
68 135
68 136
68 137
68 138
68 139
68 142
68 143
68 146
68 147
68 149
68 150
68 151
68 152
68 153
68 154
68 155
68 157
68 158
69 70
69 71
69 72
69 73
69 74
69 76
69 77
69 79
69 82
69 85
69 86
69 87
69 88
69 89
69 91
69 94
69 96
69 97
69 99
69 100
69 101
69 102
69 103
69 105
69 106
69 108
69 110
69 111
69 112
69 115
69 117
69 118
69 119
69 121
69 122
69 123
69 129
69 131
69 133
69 134
69 136
69 137
69 138
69 139
69 140
69 141
69 142
69 143
69 145
69 146
69 147
69 148
69 149
69 151
69 152
69 154
69 155
69 157
69 159
69 160
70 71
70 72
70 73
70 74
70 76
70 77
70 78
70 79
70 80
70 81
70 82
70 83
70 86
70 87
70 88
70 89
70 90
70 91
70 93
70 94
70 96
70 97
70 100
70 101
70 102
70 104
70 105
70 106
70 107
70 108
70 109
70 111
70 112
70 113
70 114
70 116
70 117
70 118
70 120
70 121
70 122
70 125
70 126
70 127
70 128
70 129
70 130
70 131
70 132
70 133
70 134
70 135
70 137
70 138
70 142
70 146
70 147
70 149
70 151
70 152
70 153
70 154
70 155
70 157
70 158
70 159
70 160
70 161
71 72
71 74
71 75
71 76
71 77
71 78
71 79
71 82
71 83
71 86
71 89
71 90
71 91
71 94
71 95
71 96
71 97
71 99
71 100
71 101
71 102
71 104
71 105
71 106
71 107
71 108
71 109
71 111
71 112
71 113
71 114
71 115
71 117
71 118
71 120
71 122
71 123
71 125
71 126
71 128
71 129
71 131
71 132
71 133
71 136
71 137
71 138
71 139
71 141
71 142
71 146
71 147
71 148
71 150
71 151
71 152
71 153
71 154
71 157
71 158
72 73
72 74
72 75
72 76
72 77
72 79
72 81
72 84
72 86
72 87
72 89
72 92
72 93
72 94
72 96
72 98
72 99
72 100
72 102
72 105
72 108
72 109
72 111
72 112
72 113
72 114
72 115
72 118
72 119
72 120
72 122
72 123
72 127
72 129
72 130
72 132
72 133
72 134
72 136
72 137
72 138
72 140
72 142
72 144
72 145
72 146
72 147
72 148
72 149
72 150
72 151
72 152
72 153
72 154
72 155
72 157
72 158
72 159
72 160
72 161
73 74
73 75
73 76
73 79
73 80
73 82
73 83
73 84
73 86
73 87
73 88
73 89
73 93
73 94
73 95
73 97
73 99
73 100
73 101
73 103
73 104
73 106
73 108
73 109
73 111
73 112
73 113
73 114
73 115
73 117
73 118
73 123
73 125
73 126
73 127
73 130
73 131
73 133
73 134
73 136
73 137
73 138
73 139
73 141
73 142
73 144
73 146
73 148
73 151
73 152
73 153
73 154
73 156
73 157
73 158
73 160
74 75
74 76
74 77
74 78
74 79
74 80
74 82
74 83
74 84
74 85
74 86
74 87
74 88
74 89
74 91
74 93
74 94
74 96
74 97
74 98
74 99
74 100
74 102
74 103
74 104
74 105
74 106
74 107
74 108
74 109
74 111
74 112
74 114
74 115
74 117
74 118
74 120
74 122
74 125
74 126
74 127
74 128
74 129
74 131
74 134
74 137
74 138
74 140
74 144
74 145
74 146
74 147
74 148
74 149
74 150
74 151
74 152
74 154
74 157
74 158
74 159
74 160
74 161
75 79
75 80
75 83
75 84
75 86
75 87
75 88
75 89
75 90
75 93
75 96
75 99
75 102
75 105
75 106
75 108
75 109
75 111
75 114
75 115
75 117
75 119
75 122
75 125
75 130
75 133
75 134
75 135
75 136
75 137
75 142
75 145
75 146
75 147
75 151
75 153
75 155
75 158
75 160
75 161
76 77
76 79
76 80
76 81
76 83
76 86
76 88
76 89
76 91
76 92
76 94
76 97
76 98
76 99
76 101
76 102
76 103
76 104
76 106
76 108
76 110
76 111
76 112
76 114
76 117
76 120
76 122
76 125
76 127
76 129
76 130
76 131
76 133
76 136
76 137
76 138
76 139
76 142
76 143
76 147
76 151
76 152
76 154
76 157
76 158
77 79
77 80
77 81
77 84
77 85
77 86
77 87
77 89
77 92
77 94
77 95
77 97
77 100
77 101
77 102
77 103
77 107
77 113
77 114
77 115
77 116
77 117
77 118
77 125
77 126
77 128
77 129
77 134
77 135
77 139
77 141
77 142
77 143
77 146
77 147
77 148
77 149
77 150
77 151
77 152
77 153
77 158
77 161
78 80
78 81
78 94
78 96
78 101
78 102
78 108
78 111
78 114
78 117
78 129
78 130
78 131
78 134
78 138
78 143
78 153
78 154
79 80
79 81
79 83
79 84
79 85
79 88
79 89
79 90
79 93
79 95
79 96
79 97
79 98
79 101
79 104
79 105
79 106
79 107
79 108
79 109
79 112
79 114
79 115
79 116
79 117
79 118
79 119
79 120
79 121
79 122
79 124
79 126
79 127
79 128
79 129
79 130
79 131
79 133
79 135
79 137
79 138
79 140
79 142
79 145
79 146
79 147
79 151
79 153
79 154
79 157
79 158
79 159
79 160
80 83
80 84
80 86
80 87
80 89
80 92
80 93
80 94
80 95
80 98
80 100
80 102
80 103
80 106
80 107
80 108
80 109
80 110
80 111
80 112
80 113
80 114
80 115
80 117
80 118
80 121
80 125
80 128
80 129
80 133
80 134
80 135
80 137
80 139
80 140
80 142
80 143
80 147
80 150
80 151
80 152
80 153
80 155
80 161
81 84
81 86
81 89
81 95
81 98
81 101
81 102
81 108
81 109
81 115
81 117
81 129
81 131
81 133
81 134
81 138
81 141
81 147
81 151
82 88
82 89
82 93
82 94
82 95
82 101
82 106
82 110
82 113
82 114
82 117
82 129
82 134
82 138
82 141
82 147
82 151
82 157
82 159
82 161
83 88
83 91
83 93
83 94
83 97
83 102
83 105
83 107
83 113
83 114
83 115
83 118
83 128
83 130
83 133
83 134
83 138
83 141
83 142
83 147
83 151
83 153
83 154
83 157
83 158
83 160
83 161
84 85
84 90
84 92
84 93
84 97
84 98
84 102
84 103
84 104
84 105
84 106
84 108
84 109
84 110
84 113
84 114
84 115
84 116
84 117
84 118
84 125
84 131
84 134
84 135
84 136
84 137
84 138
84 142
84 145
84 146
84 147
84 148
84 151
84 152
84 153
84 154
84 155
84 157
84 158
84 160
85 89
85 91
85 100
85 102
85 104
85 105
85 107
85 108
85 111
85 113
85 115
85 117
85 118
85 121
85 125
85 129
85 136
85 137
85 141
85 146
85 147
85 153
85 156
85 161
86 89
86 97
86 100
86 101
86 102
86 105
86 106
86 107
86 108
86 114
86 115
86 116
86 117
86 125
86 127
86 129
86 130
86 131
86 133
86 134
86 136
86 137
86 138
86 139
86 145
86 146
86 150
86 152
86 157
86 158
86 159
86 161
87 88
87 91
87 93
87 94
87 96
87 97
87 100
87 101
87 102
87 104
87 105
87 106
87 108
87 109
87 111
87 112
87 114
87 115
87 116
87 117
87 118
87 122
87 123
87 125
87 130
87 132
87 134
87 141
87 142
87 145
87 147
87 149
87 151
87 152
87 153
87 154
87 157
88 89
88 91
88 94
88 95
88 97
88 99
88 101
88 102
88 103
88 106
88 107
88 111
88 113
88 114
88 115
88 117
88 121
88 125
88 137
88 139
88 140
88 147
88 150
88 151
88 152
88 157
88 158
88 159
89 91
89 92
89 93
89 94
89 95
89 96
89 97
89 98
89 101
89 102
89 103
89 105
89 106
89 108
89 109
89 111
89 112
89 113
89 114
89 116
89 117
89 118
89 120
89 122
89 125
89 128
89 129
89 130
89 131
89 132
89 133
89 134
89 135
89 137
89 138
89 139
89 140
89 141
89 142
89 143
89 146
89 147
89 150
89 152
89 153
89 154
89 155
89 156
89 157
89 158
89 160
90 94
90 97
90 98
90 99
90 101
90 102
90 106
90 112
90 113
90 114
90 115
90 117
90 127
90 136
90 137
90 138
90 139
90 142
90 149
90 151
90 157
90 158
91 97
91 101
91 102
91 103
91 106
91 111
91 112
91 113
91 117
91 118
91 125
91 126
91 131
91 133
91 136
91 141
91 142
91 145
91 147
91 149
91 150
91 152
91 154
91 156
91 159
92 93
92 94
92 108
92 109
92 111
92 112
92 113
92 115
92 117
92 118
92 121
92 125
92 126
92 133
92 135
92 138
92 141
92 142
92 143
92 147
92 150
92 151
92 152
92 153
92 158
92 159
93 95
93 97
93 98
93 100
93 101
93 102
93 104
93 106
93 109
93 110
93 111
93 112
93 113
93 114
93 115
93 117
93 118
93 120
93 122
93 125
93 129
93 130
93 131
93 132
93 134
93 137
93 138
93 139
93 141
93 142
93 146
93 147
93 151
93 152
93 154
93 161
94 95
94 97
94 98
94 99
94 101
94 102
94 104
94 105
94 106
94 107
94 108
94 109
94 110
94 111
94 112
94 115
94 116
94 117
94 118
94 123
94 125
94 126
94 127
94 128
94 129
94 130
94 131
94 133
94 134
94 135
94 136
94 137
94 138
94 142
94 147
94 149
94 150
94 151
94 152
94 153
94 154
94 156
94 157
94 158
94 159
94 160
95 100
95 101
95 103
95 106
95 108
95 111
95 112
95 113
95 114
95 117
95 127
95 129
95 131
95 133
95 135
95 138
95 139
95 145
95 150
95 152
95 158
95 159
95 161
96 97
96 99
96 101
96 102
96 108
96 109
96 110
96 115
96 125
96 126
96 131
96 137
96 138
96 140
96 141
96 142
96 146
96 151
96 154
96 159
97 98
97 99
97 100
97 101
97 102
97 103
97 104
97 105
97 106
97 108
97 111
97 113
97 114
97 115
97 117
97 118
97 120
97 127
97 131
97 133
97 134
97 135
97 137
97 139
97 141
97 142
97 147
97 149
97 151
97 152
97 153
97 154
97 155
97 157
97 158
97 159
97 160
97 161
98 100
98 101
98 102
98 105
98 108
98 111
98 112
98 114
98 115
98 117
98 128
98 129
98 130
98 134
98 137
98 139
98 140
98 141
98 150
98 152
98 154
99 102
99 104
99 108
99 113
99 114
99 115
99 116
99 117
99 118
99 123
99 125
99 126
99 128
99 129
99 131
99 133
99 134
99 138
99 139
99 145
99 147
99 148
99 150
99 151
99 153
99 155
99 156
99 157
99 158
100 101
100 102
100 103
100 105
100 106
100 108
100 109
100 110
100 112
100 113
100 120
100 122
100 125
100 129
100 131
100 133
100 138
100 142
100 147
100 149
100 150
100 151
100 152
100 154
100 157
100 161
101 102
101 103
101 105
101 106
101 108
101 109
101 110
101 111
101 112
101 113
101 114
101 115
101 116
101 117
101 118
101 119
101 122
101 125
101 126
101 127
101 128
101 129
101 130
101 131
101 132
101 133
101 134
101 135
101 136
101 138
101 139
101 140
101 141
101 142
101 145
101 147
101 149
101 151
101 152
101 153
101 154
101 155
101 157
101 158
102 103
102 105
102 106
102 108
102 109
102 110
102 111
102 112
102 113
102 114
102 115
102 116
102 117
102 118
102 121
102 123
102 124
102 125
102 126
102 127
102 129
102 130
102 131
102 133
102 134
102 135
102 136
102 137
102 138
102 141
102 142
102 144
102 146
102 147
102 149
102 150
102 151
102 152
102 153
102 154
102 155
102 156
102 158
102 160
102 161
103 105
103 106
103 107
103 108
103 109
103 112
103 113
103 114
103 115
103 122
103 125
103 128
103 129
103 132
103 133
103 134
103 136
103 137
103 139
103 141
103 143
103 146
103 147
103 150
103 151
103 154
103 155
103 157
103 158
103 160
103 161
104 105
104 106
104 107
104 109
104 112
104 113
104 114
104 115
104 117
104 122
104 125
104 129
104 131
104 138
104 139
104 141
104 142
104 147
104 151
104 152
104 153
104 156
104 157
105 106
105 107
105 109
105 111
105 114
105 115
105 117
105 118
105 125
105 127
105 128
105 129
105 130
105 133
105 134
105 138
105 139
105 140
105 142
105 145
105 147
105 149
105 150
105 151
105 152
105 154
105 157
105 160
105 161
106 108
106 110
106 111
106 112
106 114
106 115
106 117
106 118
106 119
106 124
106 128
106 129
106 130
106 131
106 134
106 135
106 136
106 137
106 138
106 139
106 140
106 141
106 142
106 143
106 145
106 146
106 147
106 148
106 149
106 150
106 151
106 152
106 153
106 154
106 155
106 157
106 158
106 160
106 161
107 108
107 109
107 110
107 112
107 113
107 114
107 115
107 117
107 118
107 120
107 125
107 129
107 130
107 133
107 134
107 137
107 139
107 142
107 144
107 147
107 149
107 152
107 157
107 158
107 159
107 161
108 109
108 110
108 112
108 114
108 115
108 116
108 117
108 118
108 119
108 124
108 127
108 128
108 129
108 130
108 131
108 133
108 134
108 135
108 136
108 137
108 138
108 139
108 140
108 141
108 143
108 145
108 146
108 147
108 149
108 150
108 151
108 152
108 153
108 157
108 159
108 160
108 161
109 110
109 111
109 113
109 114
109 117
109 118
109 119
109 123
109 125
109 130
109 131
109 133
109 134
109 135
109 137
109 138
109 140
109 141
109 143
109 144
109 145
109 146
109 151
109 152
109 153
109 154
109 157
109 160
110 114
110 125
110 129
110 133
110 135
110 136
110 138
110 142
110 144
110 146
110 147
110 151
110 152
110 154
110 155
111 113
111 114
111 115
111 117
111 118
111 119
111 125
111 128
111 133
111 134
111 137
111 139
111 141
111 142
111 146
111 151
111 152
111 154
111 157
111 160
111 161
112 113
112 114
112 115
112 124
112 125
112 128
112 129
112 131
112 133
112 134
112 135
112 137
112 138
112 139
112 141
112 142
112 143
112 144
112 146
112 148
112 150
112 151
112 152
112 153
112 155
112 157
112 159
112 161
113 114
113 115
113 117
113 121
113 124
113 125
113 127
113 128
113 129
113 131
113 134
113 138
113 139
113 140
113 141
113 142
113 143
113 144
113 145
113 148
113 150
113 151
113 152
113 153
113 154
113 155
113 157
113 158
113 159
113 160
113 161
114 117
114 118
114 119
114 122
114 123
114 125
114 126
114 127
114 128
114 129
114 130
114 131
114 133
114 134
114 135
114 136
114 137
114 139
114 142
114 143
114 145
114 147
114 150
114 151
114 152
114 154
114 155
114 156
114 157
114 158
114 160
114 161
115 116
115 117
115 118
115 121
115 122
115 124
115 126
115 129
115 130
115 131
115 132
115 133
115 134
115 135
115 136
115 137
115 138
115 140
115 141
115 142
115 143
115 144
115 145
115 146
115 147
115 148
115 150
115 151
115 152
115 154
115 155
115 156
115 157
115 158
115 159
115 161
116 118
116 124
116 127
116 130
116 134
116 135
116 138
116 140
116 142
116 147
116 151
116 152
116 155
116 156
116 157
116 158
117 118
117 119
117 120
117 125
117 126
117 128
117 129
117 131
117 132
117 133
117 134
117 135
117 136
117 138
117 142
117 144
117 145
117 146
117 147
117 149
117 150
117 152
117 153
117 154
117 155
117 156
117 157
117 158
117 160
117 161
118 125
118 126
118 127
118 129
118 130
118 131
118 133
118 134
118 135
118 136
118 137
118 138
118 139
118 140
118 141
118 142
118 145
118 146
118 147
118 148
118 149
118 150
118 152
118 153
118 154
118 155
118 157
118 158
118 159
118 160
118 161
119 123
119 125
119 126
119 127
119 128
119 129
119 132
119 133
119 134
119 137
119 138
119 146
119 147
119 151
119 152
119 153
119 157
120 125
120 127
120 146
120 151
120 153
120 158
121 126
121 136
121 138
121 147
121 151
121 154
121 161
122 133
122 134
122 137
122 138
122 141
122 142
122 150
122 154
122 158
122 159
123 131
123 132
123 133
123 134
123 138
123 142
123 147
123 150
123 154
123 157
123 158
123 161
124 131
124 137
124 142
124 147
124 150
124 152
124 154
124 156
124 161
125 129
125 131
125 132
125 133
125 134
125 139
125 141
125 142
125 143
125 146
125 147
125 148
125 150
125 151
125 152
125 153
125 154
125 155
125 158
125 160
125 161
126 129
126 130
126 131
126 135
126 137
126 142
126 143
126 145
126 147
126 150
126 153
126 154
126 157
126 158
127 131
127 132
127 133
127 134
127 137
127 138
127 142
127 143
127 151
127 153
127 161
128 131
128 133
128 137
128 138
128 139
128 142
128 143
128 147
128 150
128 151
128 152
128 153
128 161
129 130
129 131
129 132
129 133
129 134
129 136
129 137
129 138
129 139
129 141
129 142
129 143
129 145
129 147
129 150
129 151
129 152
129 153
129 157
129 158
129 160
129 161
130 131
130 133
130 135
130 137
130 139
130 146
130 147
130 150
130 151
130 152
130 154
130 155
130 157
130 160
130 161
131 132
131 133
131 134
131 135
131 136
131 137
131 139
131 140
131 142
131 143
131 144
131 146
131 147
131 148
131 149
131 150
131 151
131 152
131 153
131 154
131 155
131 157
131 158
131 159
131 160
131 161
132 133
132 135
132 137
132 140
132 141
132 151
132 152
132 154
133 134
133 135
133 136
133 140
133 142
133 145
133 146
133 147
133 148
133 149
133 150
133 151
133 152
133 153
133 154
133 158
133 159
133 161
134 135
134 137
134 138
134 139
134 142
134 143
134 144
134 145
134 146
134 147
134 152
134 153
134 154
134 155
134 158
134 160
135 137
135 138
135 139
135 141
135 146
135 147
135 150
135 151
135 155
135 161
136 137
136 140
136 142
136 145
136 148
136 149
136 150
136 151
136 152
136 154
136 155
136 158
137 138
137 139
137 140
137 141
137 143
137 145
137 146
137 147
137 149
137 150
137 151
137 152
137 153
137 154
137 155
137 158
137 159
138 139
138 141
138 142
138 143
138 145
138 147
138 150
138 151
138 152
138 153
138 154
138 157
138 158
138 159
138 160
139 141
139 142
139 144
139 146
139 147
139 149
139 150
139 151
139 152
139 153
139 154
139 159
139 161
140 141
140 142
140 144
140 146
140 149
140 150
140 152
140 154
140 158
141 142
141 143
141 145
141 147
141 152
141 154
141 157
141 158
141 160
141 161
142 146
142 147
142 151
142 152
142 157
142 158
142 159
142 161
143 148
143 152
143 153
143 154
143 157
143 159
144 146
144 150
144 153
144 154
145 146
145 147
145 149
145 150
145 152
145 153
145 154
145 157
145 158
146 147
146 148
146 152
146 154
146 155
146 157
146 158
146 160
146 161
147 149
147 151
147 152
147 153
147 154
147 155
147 156
147 157
148 151
148 152
148 154
148 158
148 159
148 161
149 151
149 152
149 153
149 154
149 157
149 158
149 161
150 151
150 153
150 158
150 159
150 161
151 152
151 153
151 154
151 155
151 159
151 160
151 161
152 153
152 154
152 155
152 159
152 161
153 154
153 155
153 157
153 158
153 161
154 155
154 160
154 161
155 158
157 158
157 159
158 160
158 161
