0 2
0 4
0 7
0 10
0 11
0 13
0 14
0 17
0 18
0 19
0 20
0 21
0 26
0 30
0 31
0 32
0 36
0 38
0 40
0 42
0 49
0 52
0 53
0 54
0 56
0 58
0 61
0 63
0 67
0 70
0 72
0 76
0 80
0 84
0 87
0 88
0 94
0 97
0 101
0 102
0 103
0 105
0 107
0 109
0 112
0 115
0 125
0 129
0 130
0 131
0 133
0 134
0 137
0 139
0 145
0 147
0 150
0 151
0 152
0 154
0 156
0 159
0 161
1 3
1 4
1 5
1 6
1 10
1 11
1 12
1 15
1 16
1 17
1 18
1 30
1 32
1 33
1 37
1 39
1 40
1 42
1 44
1 45
1 50
1 51
1 53
1 54
1 55
1 56
1 57
1 58
1 61
1 63
1 64
1 66
1 67
1 68
1 69
1 72
1 74
1 75
1 77
1 79
1 82
1 84
1 85
1 88
1 89
1 91
1 96
1 100
1 101
1 102
1 104
1 105
1 106
1 113
1 114
1 115
1 117
1 122
1 125
1 128
1 129
1 130
1 131
1 133
1 134
1 138
1 140
1 141
1 142
1 147
1 152
1 157
1 158
1 160
2 6
2 8
2 9
2 10
2 25
2 26
2 32
2 33
2 39
2 43
2 48
2 49
2 51
2 57
2 58
2 59
2 63
2 64
2 66
2 69
2 70
2 71
2 72
2 73
2 75
2 89
2 94
2 97
2 99
2 101
2 102
2 103
2 108
2 112
2 114
2 115
2 116
2 117
2 121
2 125
2 126
2 127
2 129
2 131
2 132
2 134
2 138
2 142
2 153
2 157
2 158
2 161
3 4
3 7
3 11
3 12
3 14
3 15
3 16
3 19
3 25
3 29
3 30
3 31
3 32
3 37
3 38
3 40
3 43
3 45
3 51
3 54
3 59
3 61
3 63
3 64
3 68
3 69
3 70
3 74
3 76
3 79
3 81
3 84
3 87
3 93
3 94
3 96
3 101
3 102
3 106
3 107
3 113
3 114
3 117
3 120
3 121
3 125
3 128
3 131
3 135
3 138
3 139
3 144
3 145
3 147
3 150
3 151
3 154
3 155
3 157
3 161
4 6
4 7
4 8
4 11
4 12
4 14
4 17
4 18
4 19
4 22
4 23
4 24
4 25
4 26
4 28
4 29
4 30
4 31
4 33
4 35
4 36
4 37
4 38
4 39
4 40
4 42
4 43
4 44
4 45
4 49
4 50
4 51
4 52
4 54
4 55
4 56
4 57
4 58
4 59
4 61
4 63
4 64
4 65
4 66
4 67
4 69
4 70
4 71
4 72
4 73
4 74
4 75
4 76
4 77
4 78
4 79
4 80
4 83
4 84
4 88
4 89
4 90
4 91
4 94
4 97
4 99
4 101
4 102
4 103
4 105
4 108
4 109
4 110
4 111
4 113
4 114
4 115
4 117
4 118
4 119
4 121
4 125
4 126
4 128
4 129
4 130
4 131
4 132
4 133
4 134
4 135
4 136
4 137
4 138
4 139
4 140
4 141
4 142
4 143
4 147
4 148
4 149
4 150
4 151
4 152
4 153
4 157
4 159
4 160
4 161
5 6
5 7
5 9
5 11
5 12
5 16
5 19
5 21
5 26
5 30
5 31
5 37
5 38
5 39
5 44
5 53
5 54
5 55
5 56
5 61
5 64
5 65
5 67
5 70
5 71
5 72
5 73
5 77
5 80
5 83
5 89
5 91
5 98
5 106
5 107
5 110
5 111
5 112
5 115
5 117
5 118
5 122
5 129
5 130
5 133
5 134
5 135
5 140
5 147
5 148
5 149
5 151
5 154
5 155
5 160
6 7
6 8
6 11
6 12
6 13
6 18
6 19
6 20
6 21
6 22
6 23
6 25
6 26
6 28
6 29
6 30
6 31
6 32
6 33
6 34
6 35
6 37
6 39
6 40
6 41
6 44
6 45
6 46
6 49
6 51
6 52
6 53
6 54
6 56
6 57
6 58
6 59
6 60
6 61
6 62
6 63
6 64
6 65
6 66
6 67
6 68
6 70
6 71
6 72
6 74
6 75
6 76
6 77
6 79
6 80
6 81
6 83
6 84
6 86
6 87
6 89
6 91
6 93
6 94
6 97
6 99
6 101
6 103
6 105
6 106
6 107
6 108
6 109
6 110
6 111
6 112
6 113
6 114
6 115
6 116
6 118
6 123
6 125
6 126
6 127
6 128
6 129
6 130
6 133
6 134
6 135
6 136
6 137
6 138
6 139
6 142
6 143
6 144
6 145
6 146
6 147
6 151
6 152
6 153
6 154
6 155
6 157
6 158
6 159
6 160
6 161
7 9
7 14
7 15
7 18
7 19
7 21
7 22
7 23
7 26
7 27
7 28
7 29
7 31
7 32
7 34
7 35
7 36
7 37
7 38
7 40
7 43
7 44
7 45
7 46
7 49
7 51
7 52
7 54
7 55
7 56
7 57
7 58
7 59
7 63
7 64
7 65
7 66
7 67
7 68
7 69
7 71
7 72
7 73
7 75
7 76
7 77
7 79
7 80
7 83
7 86
7 88
7 89
7 92
7 93
7 94
7 96
7 97
7 98
7 99
7 100
7 101
7 102
7 104
7 105
7 106
7 108
7 109
7 111
7 112
7 114
7 115
7 117
7 118
7 125
7 126
7 128
7 129
7 130
7 131
7 132
7 133
7 134
7 136
7 137
7 139
7 141
7 142
7 145
7 146
7 148
7 149
7 150
7 151
7 152
7 153
7 154
7 155
7 157
7 158
7 159
7 160
7 161
8 10
8 11
8 19
8 20
8 25
8 26
8 30
8 32
8 38
8 40
8 44
8 45
8 49
8 50
8 51
8 53
8 55
8 63
8 70
8 71
8 72
8 75
8 81
8 84
8 89
8 101
8 102
8 105
8 106
8 109
8 112
8 114
8 116
8 120
8 126
8 128
8 130
8 137
8 138
8 142
8 143
8 145
8 147
8 148
8 153
8 154
8 158
8 161
9 13
9 14
9 16
9 21
9 25
9 26
9 32
9 33
9 35
9 37
9 38
9 40
9 41
9 44
9 45
9 46
9 49
9 50
9 51
9 52
9 54
9 55
9 59
9 61
9 64
9 67
9 68
9 69
9 70
9 71
9 75
9 77
9 79
9 80
9 88
9 89
9 95
9 96
9 97
9 105
9 106
9 109
9 114
9 115
9 125
9 129
9 130
9 133
9 134
9 137
9 141
9 145
9 147
9 149
9 150
9 151
9 153
9 157
9 158
9 160
9 161
10 11
10 14
10 19
10 21
10 23
10 25
10 28
10 32
10 38
10 40
10 42
10 43
10 44
10 45
10 46
10 49
10 51
10 55
10 56
10 58
10 60
10 61
10 62
10 63
10 64
10 65
10 66
10 67
10 69
10 70
10 74
10 75
10 76
10 79
10 80
10 83
10 85
10 89
10 90
10 92
10 94
10 98
10 101
10 102
10 107
10 108
10 112
10 113
10 115
10 116
10 117
10 123
10 124
10 125
10 130
10 131
10 132
10 133
10 134
10 135
10 137
10 139
10 141
10 142
10 143
10 147
10 150
10 151
10 152
10 153
10 154
10 158
10 159
10 161
11 13
11 14
11 16
11 17
11 21
11 24
11 25
11 26
11 32
11 34
11 35
11 40
11 42
11 43
11 45
11 47
11 48
11 49
11 51
11 52
11 54
11 55
11 56
11 58
11 59
11 62
11 64
11 65
11 67
11 68
11 69
11 70
11 71
11 72
11 73
11 76
11 79
11 80
11 82
11 83
11 84
11 88
11 89
11 92
11 98
11 99
11 101
11 103
11 104
11 105
11 106
11 108
11 109
11 113
11 114
11 115
11 117
11 118
11 119
11 122
11 123
11 124
11 125
11 128
11 133
11 134
11 136
11 137
11 138
11 139
11 142
11 143
11 145
11 146
11 147
11 151
11 152
11 154
11 159
11 161
12 13
12 15
12 19
12 26
12 28
12 29
12 30
12 31
12 32
12 34
12 35
12 36
12 39
12 40
12 42
12 44
12 51
12 52
12 53
12 55
12 61
12 63
12 65
12 67
12 70
12 72
12 74
12 77
12 84
12 86
12 87
12 89
12 92
12 93
12 94
12 97
12 98
12 101
12 102
12 105
12 106
12 107
12 108
12 112
12 114
12 115
12 117
12 123
12 125
12 127
12 132
12 133
12 134
12 135
12 136
12 138
12 139
12 140
12 142
12 146
12 147
12 149
12 150
12 152
12 153
12 154
12 155
12 161
13 14
13 15
13 16
13 17
13 18
13 19
13 21
13 23
13 24
13 26
13 30
13 31
13 32
13 33
13 36
13 38
13 39
13 40
13 42
13 45
13 46
13 49
13 52
13 54
13 56
13 63
13 64
13 66
13 67
13 68
13 69
13 70
13 73
13 74
13 75
13 77
13 79
13 80
13 83
13 84
13 85
13 87
13 88
13 89
13 91
13 94
13 95
13 96
13 97
13 99
13 100
13 105
13 106
13 107
13 108
13 118
13 119
13 125
13 129
13 132
13 133
13 137
13 138
13 139
13 141
13 142
13 143
13 145
13 146
13 149
13 150
13 152
13 154
13 158
13 159
13 161
14 15
14 16
14 18
14 20
14 22
14 23
14 24
14 25
14 26
14 27
14 30
14 31
14 32
14 33
14 35
14 36
14 38
14 39
14 40
14 42
14 43
14 44
14 46
14 49
14 51
14 52
14 53
14 54
14 55
14 57
14 58
14 59
14 61
14 62
14 63
14 64
14 65
14 67
14 68
14 69
14 70
14 71
14 72
14 73
14 74
14 75
14 76
14 77
14 78
14 79
14 83
14 87
14 88
14 89
14 92
14 93
14 94
14 95
14 96
14 98
14 99
14 101
14 102
14 104
14 105
14 106
14 107
14 109
14 110
14 111
14 113
14 114
14 115
14 117
14 118
14 122
14 125
14 126
14 127
14 128
14 130
14 132
14 133
14 134
14 135
14 137
14 138
14 139
14 141
14 142
14 143
14 145
14 146
14 147
14 150
14 152
14 153
14 154
14 155
14 157
14 158
14 160
15 19
15 26
15 29
15 31
15 32
15 37
15 39
15 44
15 45
15 51
15 53
15 54
15 55
15 56
15 58
15 62
15 63
15 64
15 65
15 66
15 67
15 70
15 71
15 72
15 75
15 87
15 88
15 89
15 93
15 94
15 95
15 97
15 98
15 99
15 100
15 101
15 105
15 106
15 108
15 113
15 114
15 116
15 117
15 118
15 122
15 127
15 131
15 133
15 134
15 135
15 138
15 139
15 141
15 146
15 147
15 149
15 150
15 154
15 157
16 19
16 25
16 27
16 33
16 35
16 40
16 49
16 50
16 51
16 52
16 53
16 54
16 56
16 62
16 64
16 65
16 70
16 72
16 86
16 89
16 92
16 93
16 97
16 98
16 101
16 103
16 107
16 112
16 114
16 115
16 117
16 125
16 129
16 130
16 134
16 137
16 139
16 140
16 143
16 146
16 147
16 149
16 152
16 154
16 158
17 19
17 22
17 23
17 24
17 28
17 30
17 32
17 33
17 34
17 35
17 38
17 40
17 49
17 57
17 64
17 65
17 67
17 70
17 75
17 77
17 79
17 80
17 83
17 89
17 97
17 101
17 105
17 108
17 115
17 117
17 124
17 126
17 128
17 129
17 133
17 135
17 139
17 141
17 145
17 147
17 148
17 152
17 154
17 155
17 158
17 159
18 29
18 31
18 33
18 34
18 40
18 44
18 48
18 51
18 52
18 54
18 55
18 58
18 62
18 64
18 66
18 67
18 69
18 70
18 71
18 72
18 73
18 75
18 79
18 87
18 88
18 89
18 93
18 94
18 97
18 98
18 101
18 102
18 108
18 112
18 114
18 115
18 116
18 118
18 125
18 129
18 130
18 131
18 134
18 137
18 138
18 142
18 143
18 145
18 147
18 152
18 153
18 154
18 158
18 160
19 21
19 25
19 29
19 31
19 32
19 33
19 34
19 35
19 36
19 39
19 40
19 43
19 44
19 46
19 49
19 50
19 51
19 54
19 55
19 56
19 57
19 59
19 61
19 63
19 64
19 65
19 66
19 67
19 68
19 69
19 70
19 71
19 73
19 74
19 78
19 79
19 81
19 84
19 86
19 87
19 88
19 89
19 92
19 93
19 94
19 95
19 97
19 101
19 102
19 104
19 105
19 106
19 107
19 108
19 109
19 110
19 111
19 113
19 114
19 115
19 117
19 119
19 122
19 125
19 130
19 133
19 134
19 136
19 137
19 138
19 139
19 143
19 144
19 145
19 146
19 147
19 148
19 149
19 150
19 151
19 153
19 154
19 157
19 158
19 159
19 160
19 161
20 21
20 30
20 35
20 38
20 43
20 46
20 51
20 56
20 59
20 62
20 64
20 65
20 68
20 69
20 72
20 75
20 77
20 80
20 94
20 96
20 97
20 102
20 106
20 109
20 115
20 117
20 120
20 125
20 129
20 134
20 139
20 142
20 145
20 146
20 147
20 153
20 154
20 157
21 25
21 26
21 29
21 30
21 31
21 33
21 34
21 35
21 36
21 37
21 38
21 39
21 40
21 42
21 45
21 49
21 50
21 51
21 53
21 54
21 55
21 56
21 57
21 58
21 59
21 60
21 61
21 62
21 63
21 64
21 65
21 66
21 67
21 68
21 70
21 71
21 72
21 73
21 74
21 75
21 77
21 80
21 81
21 83
21 85
21 88
21 89
21 92
21 94
21 97
21 98
21 99
21 100
21 102
21 103
21 106
21 107
21 110
21 111
21 112
21 113
21 114
21 117
21 122
21 125
21 128
21 130
21 131
21 133
21 134
21 136
21 137
21 139
21 141
21 142
21 145
21 146
21 147
21 149
21 150
21 152
21 153
21 154
21 155
21 156
21 161
22 23
22 25
22 30
22 31
22 34
22 38
22 40
22 44
22 49
22 50
22 51
22 54
22 55
22 69
22 70
22 71
22 72
22 74
22 79
22 84
22 85
22 89
22 92
22 93
22 94
22 99
22 101
22 102
22 105
22 106
22 110
22 114
22 115
22 117
22 118
22 125
22 129
22 131
22 135
22 137
22 138
22 139
22 147
22 148
22 151
22 158
22 160
22 161
23 25
23 26
23 30
23 31
23 32
23 40
23 45
23 46
23 50
23 53
23 58
23 67
23 68
23 69
23 74
23 75
23 79
23 87
23 89
23 95
23 99
23 101
23 102
23 108
23 114
23 125
23 126
23 129
23 131
23 133
23 134
23 135
23 137
23 138
23 140
23 141
23 145
23 147
23 149
23 158
23 161
24 26
24 27
24 30
24 31
24 32
24 35
24 36
24 38
24 39
24 40
24 46
24 49
24 51
24 52
24 54
24 55
24 59
24 64
24 65
24 66
24 70
24 71
24 72
24 73
24 75
24 76
24 79
24 81
24 83
24 85
24 89
24 97
24 99
24 101
24 102
24 105
24 106
24 108
24 109
24 111
24 112
24 114
24 115
24 116
24 118
24 122
24 125
24 129
24 130
24 134
24 136
24 137
24 138
24 139
24 141
24 142
24 151
24 152
24 153
24 154
24 157
24 158
24 160
24 161
25 26
25 27
25 30
25 31
25 32
25 33
25 35
25 37
25 38
25 41
25 42
25 43
25 44
25 49
25 50
25 51
25 53
25 54
25 55
25 56
25 58
25 59
25 65
25 67
25 69
25 70
25 71
25 72
25 73
25 75
25 76
25 77
25 79
25 80
25 84
25 85
25 87
25 89
25 90
25 92
25 93
25 94
25 97
25 99
25 100
25 101
25 102
25 104
25 108
25 109
25 111
25 115
25 116
25 128
25 129
25 131
25 133
25 134
25 137
25 141
25 142
25 145
25 146
25 150
25 152
25 155
25 160
25 161
26 28
26 30
26 31
26 32
26 35
26 36
26 39
26 40
26 43
26 44
26 45
26 46
26 49
26 50
26 53
26 54
26 55
26 58
26 61
26 63
26 64
26 65
26 66
26 67
26 68
26 69
26 70
26 72
26 73
26 74
26 75
26 76
26 77
26 78
26 79
26 80
26 82
26 83
26 84
26 85
26 86
26 88
26 89
26 91
26 92
26 93
26 94
26 95
26 96
26 98
26 99
26 100
26 101
26 102
26 103
26 104
26 105
26 107
26 108
26 109
26 111
26 112
26 113
26 114
26 115
26 116
26 118
26 122
26 126
26 127
26 129
26 131
26 132
26 133
26 134
26 135
26 136
26 137
26 138
26 139
26 141
26 142
26 143
26 144
26 146
26 147
26 151
26 152
26 153
26 155
26 156
26 158
26 159
26 161
27 36
27 44
27 45
27 49
27 51
27 54
27 63
27 65
27 73
27 74
27 80
27 87
27 89
27 97
27 101
27 106
27 110
27 113
27 114
27 117
27 124
27 125
27 126
27 129
27 130
27 131
27 135
27 139
27 146
27 153
27 154
27 158
28 29
28 30
28 31
28 32
28 35
28 36
28 37
28 38
28 40
28 43
28 49
28 53
28 54
28 63
28 68
28 69
28 71
28 72
28 73
28 82
28 83
28 89
28 94
28 101
28 102
28 105
28 106
28 108
28 109
28 111
28 113
28 114
28 115
28 117
28 123
28 126
28 129
28 133
28 134
28 137
28 139
28 143
28 145
28 146
28 147
28 149
28 153
28 155
28 157
28 161
29 34
29 35
29 36
29 45
29 51
29 53
29 61
29 65
29 70
29 71
29 72
29 82
29 84
29 86
29 87
29 91
29 95
29 101
29 107
29 109
29 111
29 113
29 114
29 115
29 117
29 119
29 120
29 125
29 133
29 138
29 139
29 141
29 142
29 150
29 151
29 161
30 31
30 34
30 35
30 36
30 37
30 39
30 40
30 41
30 43
30 44
30 45
30 46
30 49
30 51
30 52
30 54
30 55
30 56
30 58
30 59
30 60
30 61
30 62
30 63
30 64
30 66
30 67
30 68
30 69
30 70
30 71
30 72
30 73
30 75
30 77
30 79
30 80
30 83
30 84
30 87
30 88
30 89
30 91
30 93
30 94
30 95
30 96
30 97
30 99
30 100
30 101
30 102
30 103
30 104
30 105
30 108
30 109
30 110
30 112
30 114
30 116
30 117
30 118
30 119
30 125
30 127
30 129
30 130
30 131
30 133
30 134
30 136
30 137
30 138
30 139
30 141
30 142
30 146
30 147
30 149
30 150
30 151
30 153
30 154
30 157
30 158
30 159
30 160
30 161
31 34
31 35
31 36
31 37
31 39
31 40
31 42
31 43
31 44
31 45
31 46
31 49
31 51
31 53
31 54
31 56
31 57
31 58
31 59
31 60
31 61
31 64
31 65
31 66
31 68
31 70
31 71
31 72
31 73
31 74
31 75
31 76
31 77
31 78
31 80
31 82
31 83
31 84
31 85
31 86
31 88
31 89
31 92
31 93
31 94
31 95
31 96
31 97
31 98
31 99
31 100
31 101
31 102
31 103
31 105
31 106
31 107
31 108
31 109
31 113
31 114
31 115
31 116
31 117
31 118
31 119
31 122
31 123
31 125
31 127
31 128
31 129
31 130
31 131
31 133
31 134
31 136
31 137
31 138
31 139
31 141
31 142
31 143
31 144
31 146
31 147
31 148
31 149
31 150
31 151
31 152
31 153
31 154
31 155
31 157
31 158
31 159
31 160
31 161
32 34
32 35
32 36
32 38
32 39
32 40
32 43
32 44
32 46
32 48
32 49
32 50
32 51
32 54
32 56
32 60
32 61
32 63
32 64
32 65
32 66
32 67
32 69
32 70
32 71
32 72
32 74
32 75
32 76
32 77
32 79
32 82
32 86
32 87
32 88
32 89
32 94
32 95
32 98
32 100
32 101
32 102
32 103
32 104
32 105
32 106
32 108
32 109
32 111
32 112
32 113
32 115
32 118
32 120
32 122
32 126
32 127
32 129
32 130
32 131
32 135
32 136
32 138
32 139
32 141
32 143
32 145
32 148
32 151
32 154
32 155
32 157
32 159
32 161
33 35
33 39
33 40
33 45
33 51
33 52
33 54
33 56
33 59
33 63
33 64
33 68
33 69
33 72
33 79
33 80
33 84
33 88
33 90
33 102
33 105
33 106
33 108
33 112
33 114
33 115
33 116
33 133
33 135
33 138
33 139
33 142
33 154
33 157
33 160
34 35
34 36
34 37
34 39
34 40
34 44
34 45
34 49
34 51
34 53
34 55
34 56
34 59
34 64
34 65
34 67
34 68
34 70
34 71
34 72
34 73
34 74
34 77
34 78
34 83
34 88
34 89
34 97
34 99
34 101
34 102
34 106
34 107
34 108
34 109
34 111
34 112
34 115
34 117
34 119
34 121
34 124
34 125
34 127
34 128
34 129
34 134
34 136
34 137
34 138
34 139
34 140
34 142
34 146
34 149
34 150
34 151
34 152
34 153
34 158
34 160
35 36
35 37
35 38
35 40
35 41
35 43
35 44
35 45
35 46
35 49
35 50
35 54
35 56
35 58
35 59
35 63
35 66
35 68
35 69
35 70
35 72
35 73
35 74
35 76
35 77
35 79
35 82
35 84
35 86
35 87
35 89
35 91
35 92
35 94
35 95
35 100
35 101
35 104
35 106
35 107
35 108
35 109
35 111
35 112
35 117
35 120
35 125
35 128
35 129
35 130
35 131
35 132
35 133
35 134
35 135
35 137
35 138
35 139
35 140
35 142
35 143
35 145
35 146
35 147
35 148
35 150
35 155
35 158
35 161
36 38
36 39
36 40
36 43
36 44
36 45
36 46
36 48
36 49
36 51
36 54
36 59
36 62
36 64
36 65
36 66
36 68
36 69
36 70
36 71
36 72
36 73
36 74
36 77
36 79
36 80
36 83
36 84
36 85
36 88
36 91
36 93
36 94
36 95
36 97
36 99
36 101
36 102
36 103
36 105
36 106
36 107
36 108
36 109
36 112
36 113
36 114
36 117
36 118
36 120
36 126
36 128
36 129
36 130
36 131
36 134
36 137
36 138
36 140
36 141
36 142
36 143
36 145
36 147
36 148
36 151
36 154
36 155
36 157
36 159
36 161
37 40
37 42
37 43
37 45
37 49
37 50
37 55
37 56
37 60
37 62
37 64
37 67
37 68
37 69
37 70
37 71
37 72
37 73
37 74
37 75
37 79
37 84
37 85
37 86
37 88
37 89
37 96
37 97
37 105
37 107
37 108
37 109
37 111
37 114
37 115
37 117
37 118
37 125
37 129
37 134
37 136
37 137
37 138
37 141
37 142
37 143
37 144
37 147
37 150
37 153
37 154
37 157
37 161
38 40
38 41
38 42
38 44
38 45
38 49
38 50
38 51
38 53
38 54
38 55
38 59
38 62
38 63
38 64
38 65
38 66
38 67
38 69
38 70
38 71
38 72
38 73
38 74
38 75
38 76
38 79
38 80
38 82
38 83
38 84
38 85
38 86
38 87
38 89
38 90
38 91
38 92
38 93
38 94
38 95
38 98
38 101
38 102
38 103
38 104
38 105
38 106
38 107
38 108
38 109
38 112
38 113
38 114
38 115
38 116
38 117
38 118
38 119
38 120
38 122
38 128
38 129
38 130
38 131
38 132
38 133
38 134
38 136
38 137
38 138
38 139
38 140
38 141
38 142
38 143
38 145
38 146
38 147
38 148
38 149
38 150
38 151
38 152
38 153
38 154
38 155
38 157
38 158
38 159
38 161
39 42
39 44
39 45
39 46
39 48
39 49
39 52
39 56
39 58
39 59
39 61
39 62
39 63
39 64
39 65
39 67
39 68
39 69
39 72
39 73
39 74
39 75
39 76
39 80
39 81
39 84
39 85
39 86
39 89
39 93
39 94
39 97
39 101
39 104
39 106
39 108
39 109
39 111
39 112
39 113
39 114
39 115
39 117
39 124
39 126
39 129
39 131
39 134
39 138
39 139
39 142
39 145
39 147
39 154
39 157
39 158
39 159
39 160
39 161
40 42
40 43
40 44
40 45
40 46
40 47
40 48
40 50
40 51
40 52
40 53
40 54
40 56
40 57
40 58
40 61
40 63
40 64
40 65
40 66
40 67
40 68
40 69
40 70
40 71
40 72
40 73
40 74
40 75
40 76
40 77
40 78
40 79
40 80
40 81
40 82
40 83
40 84
40 85
40 87
40 88
40 89
40 90
40 91
40 94
40 95
40 96
40 97
40 98
40 99
40 100
40 101
40 103
40 104
40 105
40 106
40 107
40 108
40 109
40 111
40 112
40 113
40 114
40 115
40 116
40 117
40 118
40 119
40 121
40 124
40 125
40 127
40 128
40 129
40 130
40 131
40 133
40 134
40 135
40 138
40 140
40 141
40 142
40 145
40 146
40 147
40 148
40 150
40 151
40 152
40 153
40 154
40 155
40 158
41 44
41 48
41 51
41 63
41 66
41 68
41 70
41 71
41 75
41 76
41 77
41 78
41 80
41 81
41 97
41 106
41 108
41 114
41 117
41 134
41 137
41 138
41 139
41 143
41 151
41 153
41 154
41 156
41 158
42 44
42 46
42 49
42 51
42 54
42 56
42 64
42 67
42 69
42 72
42 74
42 75
42 77
42 94
42 95
42 96
42 97
42 101
42 102
42 106
42 108
42 113
42 114
42 117
42 118
42 125
42 128
42 129
42 130
42 131
42 133
42 134
42 135
42 136
42 137
42 141
42 142
42 147
42 149
42 150
42 151
42 152
42 154
42 156
42 158
42 160
43 45
43 49
43 51
43 52
43 53
43 54
43 55
43 60
43 63
43 64
43 65
43 66
43 67
43 69
43 71
43 72
43 73
43 76
43 79
43 87
43 88
43 89
43 90
43 93
43 96
43 97
43 101
43 102
43 103
43 104
43 105
43 106
43 107
43 108
43 109
43 111
43 112
43 115
43 116
43 117
43 118
43 126
43 127
43 129
43 131
43 135
43 136
43 137
43 138
43 139
43 147
43 150
43 151
43 153
43 154
43 157
43 158
43 159
43 161
44 45
44 46
44 50
44 53
44 54
44 55
44 56
44 57
44 59
44 61
44 62
44 65
44 68
44 69
44 70
44 71
44 72
44 73
44 74
44 79
44 84
44 85
44 87
44 88
44 89
44 90
44 91
44 93
44 94
44 97
44 98
44 101
44 102
44 103
44 104
44 106
44 112
44 113
44 114
44 115
44 116
44 118
44 119
44 122
44 125
44 126
44 127
44 128
44 129
44 130
44 131
44 133
44 134
44 136
44 137
44 138
44 140
44 141
44 142
44 146
44 147
44 149
44 150
44 151
44 152
44 153
44 157
44 158
44 159
44 160
45 46
45 49
45 50
45 51
45 52
45 53
45 54
45 59
45 60
45 61
45 63
45 64
45 66
45 67
45 68
45 70
45 71
45 72
45 73
45 74
45 76
45 77
45 82
45 83
45 84
45 88
45 89
45 91
45 94
45 96
45 100
45 102
45 104
45 105
45 106
45 107
45 108
45 109
45 111
45 112
45 113
45 115
45 116
45 117
45 118
45 125
45 126
45 127
45 128
45 129
45 130
45 131
45 133
45 134
45 136
45 137
45 138
45 141
45 144
45 145
45 146
45 147
45 148
45 150
45 151
45 152
45 155
45 157
45 159
45 160
45 161
46 49
46 51
46 52
46 53
46 55
46 56
46 58
46 59
46 61
46 64
46 65
46 66
46 67
46 68
46 71
46 73
46 76
46 79
46 81
46 86
46 87
46 90
46 93
46 94
46 100
46 102
46 106
46 112
46 115
46 125
46 128
46 129
46 131
46 135
46 137
46 139
46 141
46 142
46 146
46 147
46 148
46 150
46 151
46 152
46 154
46 156
46 157
46 158
47 54
47 58
47 64
47 65
47 67
47 70
47 71
47 76
47 77
47 79
47 83
47 89
47 91
47 100
47 102
47 106
47 108
47 114
47 118
47 126
47 131
47 136
47 140
47 149
47 153
47 155
48 50
48 51
48 56
48 59
48 62
48 63
48 64
48 65
48 68
48 70
48 72
48 74
48 75
48 88
48 89
48 90
48 91
48 93
48 95
48 97
48 103
48 109
48 110
48 112
48 115
48 117
48 118
48 125
48 126
48 131
48 134
48 137
48 138
48 139
48 142
48 143
48 151
48 152
48 153
48 154
48 157
48 159
49 50
49 51
49 53
49 55
49 56
49 57
49 59
49 62
49 63
49 64
49 65
49 66
49 67
49 68
49 69
49 70
49 71
49 72
49 73
49 74
49 75
49 76
49 78
49 79
49 80
49 82
49 83
49 85
49 86
49 87
49 88
49 89
49 94
49 96
49 97
49 98
49 100
49 101
49 102
49 103
49 104
49 105
49 106
49 107
49 108
49 111
49 112
49 113
49 114
49 115
49 116
49 117
49 118
49 121
49 123
49 125
49 126
49 127
49 129
49 130
49 131
49 132
49 133
49 134
49 135
49 137
49 138
49 139
49 141
49 142
49 146
49 147
49 148
49 150
49 151
49 152
49 153
49 154
49 158
49 159
49 160
49 161
50 54
50 55
50 56
50 58
50 61
50 62
50 65
50 67
50 68
50 69
50 70
50 71
50 72
50 77
50 80
50 82
50 87
50 89
50 91
50 93
50 94
50 97
50 100
50 101
50 102
50 103
50 104
50 106
50 107
50 111
50 112
50 113
50 115
50 118
50 119
50 120
50 122
50 125
50 126
50 131
50 132
50 133
50 134
50 136
50 139
50 142
50 143
50 147
50 150
50 151
50 152
50 153
50 154
50 157
50 158
50 160
50 161
51 53
51 54
51 55
51 57
51 58
51 59
51 60
51 61
51 62
51 64
51 66
51 67
51 68
51 69
51 70
51 71
51 72
51 73
51 74
51 76
51 77
51 79
51 80
51 81
51 82
51 84
51 86
51 87
51 88
51 89
51 90
51 91
51 92
51 93
51 94
51 95
51 96
51 97
51 98
51 99
51 100
51 101
51 102
51 104
51 105
51 106
51 108
51 109
51 110
51 111
51 112
51 113
51 114
51 115
51 116
51 117
51 118
51 123
51 124
51 126
51 128
51 129
51 130
51 131
51 133
51 134
51 135
51 136
51 137
51 139
51 141
51 143
51 145
51 147
51 149
51 150
51 151
51 152
51 153
51 154
51 155
51 156
51 158
51 159
51 160
52 54
52 56
52 59
52 61
52 63
52 65
52 67
52 69
52 71
52 72
52 73
52 75
52 77
52 79
52 82
52 84
52 89
52 91
52 94
52 95
52 97
52 98
52 101
52 105
52 107
52 109
52 112
52 113
52 115
52 116
52 122
52 129
52 133
52 134
52 137
52 138
52 139
52 142
52 143
52 145
52 150
52 151
52 156
52 157
53 54
53 56
53 60
53 61
53 64
53 68
53 69
53 71
53 72
53 73
53 74
53 81
53 88
53 89
53 92
53 94
53 101
53 102
53 106
53 115
53 125
53 128
53 131
53 132
53 134
53 136
53 142
53 143
53 150
53 152
53 153
53 154
53 155
53 157
53 158
53 161
54 55
54 56
54 58
54 59
54 61
54 62
54 63
54 64
54 65
54 66
54 67
54 68
54 69
54 70
54 71
54 72
54 73
54 74
54 76
54 78
54 79
54 80
54 81
54 82
54 84
54 85
54 86
54 89
54 90
54 92
54 93
54 94
54 95
54 96
54 97
54 98
54 99
54 100
54 102
54 103
54 105
54 106
54 108
54 109
54 111
54 113
54 114
54 115
54 117
54 122
54 124
54 126
54 127
54 129
54 130
54 131
54 133
54 134
54 135
54 136
54 137
54 138
54 139
54 140
54 141
54 142
54 143
54 146
54 147
54 148
54 151
54 152
54 153
54 154
54 156
54 157
54 158
54 159
54 161
55 58
55 62
55 63
55 64
55 65
55 70
55 71
55 73
55 76
55 77
55 84
55 87
55 91
55 92
55 93
55 95
55 96
55 98
55 99
55 101
55 102
55 103
55 108
55 117
55 125
55 129
55 133
55 135
55 136
55 137
55 139
55 141
55 142
55 143
55 147
55 150
55 151
55 152
55 154
55 155
55 156
55 157
55 158
55 159
56 57
56 58
56 59
56 61
56 62
56 65
56 67
56 68
56 70
56 71
56 72
56 73
56 74
56 75
56 77
56 79
56 80
56 85
56 86
56 87
56 88
56 89
56 93
56 94
56 95
56 96
56 97
56 98
56 99
56 100
56 101
56 102
56 103
56 104
56 105
56 106
56 108
56 111
56 112
56 113
56 114
56 115
56 116
56 117
56 118
56 119
56 120
56 122
56 125
56 126
56 127
56 128
56 131
56 132
56 133
56 136
56 137
56 138
56 139
56 140
56 141
56 142
56 145
56 147
56 148
56 149
56 150
56 151
56 152
56 153
56 154
56 158
56 159
56 161
57 62
57 65
57 70
57 72
57 76
57 83
57 86
57 91
57 93
57 94
57 96
57 100
57 102
57 104
57 106
57 108
57 112
57 113
57 115
57 124
57 126
57 128
57 129
57 131
57 134
57 137
57 138
57 139
57 142
57 145
57 147
57 149
57 150
57 151
57 153
57 158
57 160
58 59
58 60
58 63
58 64
58 67
58 69
58 70
58 71
58 72
58 73
58 74
58 75
58 80
58 83
58 85
58 86
58 87
58 88
58 89
58 90
58 92
58 93
58 94
58 95
58 97
58 100
58 101
58 103
58 105
58 106
58 109
58 110
58 115
58 116
58 117
58 118
58 122
58 123
58 125
58 129
58 130
58 131
58 133
58 134
58 136
58 137
58 138
58 141
58 142
58 143
58 145
58 146
58 147
58 148
58 149
58 151
58 153
58 155
58 157
58 158
58 160
59 61
59 64
59 65
59 66
59 69
59 70
59 72
59 73
59 74
59 75
59 76
59 77
59 80
59 83
59 89
59 93
59 99
59 101
59 103
59 105
59 108
59 112
59 113
59 114
59 115
59 116
59 117
59 118
59 119
59 127
59 128
59 129
59 130
59 131
59 136
59 137
59 142
59 144
59 147
59 149
59 153
59 154
59 156
59 157
59 159
59 161
60 68
60 69
60 72
60 73
60 79
60 83
60 87
60 89
60 92
60 99
60 101
60 108
60 113
60 114
60 115
60 117
60 133
60 143
60 146
60 147
60 151
60 152
60 154
61 64
61 65
61 67
61 69
61 70
61 73
61 79
61 83
61 86
61 88
61 89
61 91
61 92
61 94
61 97
61 99
61 100
61 101
61 106
61 107
61 109
61 115
61 118
61 126
61 129
61 130
61 132
61 133
61 134
61 137
61 139
61 142
61 147
61 149
61 150
61 154
61 157
61 159
61 161
62 63
62 67
62 71
62 72
62 74
62 76
62 77
62 78
62 79
62 87
62 93
62 95
62 96
62 100
62 105
62 108
62 112
62 113
62 114
62 125
62 128
62 129
62 130
62 132
62 133
62 134
62 135
62 139
62 140
62 141
62 142
62 146
62 147
62 150
62 151
62 153
62 157
63 64
63 65
63 66
63 67
63 68
63 71
63 73
63 74
63 75
63 76
63 79
63 80
63 84
63 85
63 87
63 88
63 89
63 93
63 94
63 95
63 97
63 100
63 101
63 104
63 106
63 108
63 112
63 113
63 114
63 115
63 117
63 118
63 121
63 125
63 127
63 129
63 131
63 133
63 135
63 136
63 137
63 138
63 139
63 142
63 143
63 147
63 149
63 150
63 151
63 152
63 154
63 155
63 157
63 158
63 159
63 160
63 161
64 65
64 66
64 67
64 68
64 71
64 72
64 74
64 75
64 76
64 77
64 79
64 80
64 81
64 82
64 83
64 84
64 85
64 86
64 87
64 89
64 90
64 91
64 94
64 95
64 96
64 97
64 98
64 99
64 101
64 102
64 103
64 104
64 105
64 106
64 108
64 109
64 110
64 111
64 112
64 113
64 114
64 115
64 116
64 117
64 120
64 122
64 125
64 126
64 127
64 128
64 129
64 130
64 131
64 133
64 134
64 135
64 136
64 137
64 138
64 139
64 140
64 141
64 142
64 143
64 145
64 146
64 147
64 148
64 149
64 150
64 151
64 152
64 153
64 154
64 155
64 156
64 157
64 158
64 159
64 160
64 161
65 67
65 68
65 69
65 70
65 71
65 73
65 74
65 78
65 79
65 82
65 86
65 87
65 88
65 90
65 91
65 92
65 98
65 99
65 100
65 101
65 102
65 103
65 104
65 105
65 106
65 107
65 108
65 109
65 110
65 111
65 112
65 113
65 114
65 115
65 117
65 118
65 122
65 125
65 126
65 127
65 128
65 129
65 131
65 135
65 136
65 137
65 138
65 139
65 140
65 141
65 142
65 143
65 144
65 146
65 149
65 150
65 151
65 152
65 153
65 154
65 155
65 156
65 157
65 158
65 160
65 161
66 67
66 68
66 70
66 71
66 73
66 74
66 75
66 76
66 77
66 83
66 84
66 86
66 87
66 88
66 91
66 92
66 93
66 94
66 95
66 97
66 98
66 99
66 100
66 102
66 103
66 105
66 106
66 108
66 109
66 112
66 115
66 117
66 118
66 120
66 125
66 126
66 128
66 129
66 131
66 133
66 134
66 135
66 137
66 138
66 139
66 141
66 142
66 143
66 147
66 149
66 150
66 151
66 152
66 154
66 158
66 161
67 68
67 69
67 70
67 71
67 72
67 73
67 74
67 75
67 77
67 78
67 79
67 80
67 82
67 83
67 84
67 85
67 86
67 88
67 89
67 92
67 93
67 94
67 95
67 96
67 97
67 98
67 100
67 101
67 103
67 105
67 106
67 108
67 109
67 111
67 112
67 113
67 114
67 115
67 117
67 118
67 121
67 125
67 126
67 128
67 129
67 130
67 131
67 134
67 136
67 137
67 138
67 139
67 141
67 142
67 144
67 147
67 150
67 151
67 152
67 153
67 154
67 155
67 157
67 158
67 159
67 160
67 161
68 69
68 70
68 71
68 72
68 75
68 77
68 79
68 80
68 81
68 82
68 85
68 86
68 89
68 91
68 92
68 93
68 94
68 95
68 98
68 100
68 101
68 103
68 104
68 105
68 106
68 108
68 109
68 111
68 112
68 113
68 114
68 115
68 116
68 117
68 118
68 120
68 121
68 124
68 125
68 126
68 128
68 130
68 131
68 132
68 133
68 134
68 135
68 136
68 137
68 138
68 139
68 141
68 142
68 144
68 147
68 152
68 153
68 154
68 155
68 158
68 160
69 70
69 71
69 72
69 73
69 74
69 75
69 77
69 79
69 80
69 82
69 84
69 86
69 87
69 89
69 93
69 94
69 96
69 97
69 98
69 100
69 101
69 102
69 103
69 106
69 108
69 112
69 113
69 114
69 126
69 127
69 129
69 131
69 132
69 133
69 134
69 135
69 136
69 137
69 138
69 139
69 140
69 141
69 144
69 147
69 151
69 152
69 153
69 154
69 155
69 157
69 160
69 161
70 71
70 72
70 73
70 74
70 76
70 77
70 79
70 80
70 81
70 83
70 84
70 87
70 89
70 91
70 94
70 95
70 97
70 98
70 100
70 101
70 102
70 103
70 104
70 105
70 106
70 107
70 108
70 109
70 111
70 112
70 114
70 115
70 116
70 117
70 118
70 119
70 122
70 125
70 128
70 129
70 131
70 133
70 134
70 135
70 137
70 138
70 139
70 141
70 142
70 144
70 145
70 146
70 147
70 149
70 150
70 152
70 153
70 154
70 155
70 156
70 157
70 160
70 161
71 72
71 73
71 74
71 75
71 76
71 77
71 79
71 80
71 83
71 85
71 86
71 87
71 88
71 89
71 91
71 94
71 97
71 98
71 99
71 101
71 102
71 103
71 105
71 108
71 109
71 112
71 114
71 115
71 117
71 118
71 125
71 128
71 129
71 130
71 131
71 133
71 134
71 136
71 137
71 138
71 139
71 145
71 146
71 147
71 149
71 150
71 151
71 152
71 153
71 154
71 155
71 157
71 158
71 159
72 75
72 76
72 77
72 78
72 79
72 83
72 84
72 87
72 88
72 89
72 93
72 94
72 96
72 97
72 98
72 99
72 100
72 101
72 102
72 103
72 105
72 106
72 107
72 108
72 112
72 113
72 114
72 115
72 116
72 117
72 122
72 123
72 124
72 126
72 128
72 130
72 131
72 134
72 135
72 136
72 137
72 138
72 139
72 140
72 141
72 142
72 143
72 144
72 146
72 148
72 149
72 150
72 151
72 153
72 155
72 157
72 158
72 159
72 160
72 161
73 74
73 75
73 76
73 77
73 79
73 80
73 83
73 84
73 86
73 88
73 89
73 91
73 93
73 94
73 95
73 96
73 97
73 98
73 99
73 100
73 101
73 102
73 105
73 106
73 108
73 111
73 113
73 114
73 115
73 117
73 118
73 120
73 122
73 124
73 125
73 129
73 130
73 131
73 133
73 134
73 136
73 137
73 138
73 140
73 141
73 142
73 145
73 146
73 147
73 149
73 151
73 153
73 154
73 157
73 158
73 159
73 161
74 75
74 76
74 79
74 80
74 81
74 82
74 84
74 85
74 86
74 87
74 89
74 90
74 91
74 92
74 94
74 95
74 99
74 100
74 101
74 102
74 103
74 104
74 105
74 106
74 107
74 108
74 109
74 110
74 111
74 112
74 113
74 115
74 117
74 118
74 121
74 122
74 124
74 126
74 127
74 129
74 130
74 131
74 133
74 134
74 137
74 138
74 140
74 141
74 142
74 146
74 147
74 148
74 150
74 151
74 153
74 154
74 155
74 157
74 158
74 159
74 161
75 77
75 79
75 83
75 85
75 88
75 89
75 92
75 93
75 95
75 97
75 98
75 103
75 108
75 114
75 116
75 117
75 125
75 126
75 129
75 131
75 133
75 137
75 139
75 141
75 142
75 143
75 147
75 150
75 152
75 153
75 154
75 157
75 158
75 159
75 161
76 77
76 83
76 84
76 90
76 94
76 98
76 106
76 108
76 115
76 118
76 119
76 124
76 125
76 126
76 128
76 129
76 130
76 133
76 134
76 135
76 137
76 138
76 142
76 143
76 146
76 147
76 153
76 154
77 81
77 84
77 85
77 86
77 88
77 90
77 91
77 94
77 95
77 97
77 101
77 102
77 105
77 106
77 109
77 115
77 118
77 119
77 120
77 123
77 125
77 129
77 131
77 132
77 133
77 134
77 135
77 137
77 138
77 142
77 144
77 146
77 147
77 152
77 154
77 157
77 159
77 161
78 94
78 97
78 105
78 106
78 112
78 114
78 118
78 121
78 125
78 129
78 131
78 138
78 142
78 147
78 153
78 154
78 158
79 80
79 82
79 84
79 85
79 88
79 89
79 90
79 94
79 96
79 97
79 99
79 100
79 101
79 102
79 103
79 104
79 105
79 106
79 107
79 109
79 111
79 112
79 113
79 114
79 115
79 117
79 118
79 119
79 122
79 123
79 125
79 126
79 131
79 132
79 133
79 134
79 135
79 136
79 137
79 138
79 139
79 141
79 142
79 145
79 146
79 147
79 148
79 150
79 151
79 152
79 153
79 154
79 155
79 156
79 158
79 159
79 161
80 81
80 83
80 87
80 89
80 94
80 95
80 96
80 98
80 99
80 105
80 106
80 108
80 109
80 112
80 113
80 114
80 115
80 118
80 128
80 131
80 132
80 133
80 135
80 137
80 138
80 139
80 141
80 142
80 145
80 146
80 151
80 153
80 155
80 157
80 158
80 159
81 84
81 86
81 89
81 91
81 97
81 101
81 111
81 113
81 115
81 117
81 125
81 133
81 135
81 137
81 138
81 141
81 142
81 147
81 152
81 157
82 84
82 86
82 89
82 93
82 97
82 100
82 101
82 106
82 107
82 114
82 115
82 116
82 117
82 129
82 130
82 133
82 134
82 142
82 144
82 150
82 151
82 153
82 154
82 158
83 84
83 85
83 97
83 100
83 101
83 102
83 103
83 105
83 106
83 107
83 108
83 110
83 111
83 113
83 115
83 117
83 118
83 120
83 131
83 133
83 134
83 137
83 138
83 140
83 141
83 145
83 147
83 148
83 149
83 151
83 152
83 154
83 155
83 157
83 158
83 160
83 161
84 87
84 88
84 89
84 91
84 92
84 97
84 98
84 101
84 104
84 105
84 106
84 107
84 108
84 110
84 111
84 112
84 113
84 114
84 115
84 117
84 123
84 124
84 125
84 129
84 130
84 131
84 133
84 135
84 136
84 137
84 138
84 139
84 142
84 145
84 146
84 147
84 148
84 150
84 151
84 152
84 153
84 154
84 158
84 159
84 160
84 161
85 87
85 89
85 90
85 91
85 99
85 108
85 109
85 111
85 114
85 118
85 119
85 128
85 129
85 133
85 136
85 145
85 148
85 152
85 154
86 88
86 89
86 94
86 96
86 101
86 102
86 105
86 106
86 108
86 109
86 112
86 113
86 114
86 115
86 117
86 118
86 122
86 126
86 128
86 129
86 130
86 134
86 136
86 137
86 139
86 142
86 144
86 149
86 152
86 153
86 154
86 155
86 156
86 159
86 161
87 89
87 90
87 92
87 93
87 94
87 97
87 99
87 101
87 104
87 105
87 108
87 109
87 111
87 112
87 113
87 114
87 115
87 116
87 117
87 118
87 124
87 126
87 131
87 133
87 134
87 135
87 136
87 141
87 146
87 147
87 151
87 154
87 157
87 158
87 159
87 160
88 93
88 101
88 106
88 110
88 112
88 113
88 114
88 115
88 117
88 120
88 129
88 131
88 133
88 134
88 135
88 137
88 138
88 139
88 144
88 146
88 147
88 151
88 154
88 155
88 158
88 159
88 161
89 90
89 91
89 93
89 94
89 97
89 98
89 99
89 100
89 103
89 104
89 105
89 107
89 108
89 109
89 110
89 111
89 112
89 114
89 115
89 117
89 121
89 125
89 126
89 127
89 129
89 130
89 131
89 133
89 134
89 136
89 137
89 138
89 142
89 143
89 145
89 147
89 148
89 149
89 150
89 152
89 153
89 154
89 155
89 157
89 158
89 159
89 161
90 93
90 101
90 105
90 108
90 115
90 127
90 131
90 134
90 138
90 139
90 142
90 143
90 146
90 148
90 152
90 153
90 154
90 157
90 158
91 93
91 94
91 98
91 100
91 101
91 104
91 105
91 109
91 111
91 112
91 113
91 114
91 115
91 118
91 121
91 125
91 126
91 127
91 129
91 133
91 134
91 135
91 139
91 142
91 145
91 146
91 147
91 150
91 152
91 153
91 154
91 157
91 158
91 159
92 93
92 94
92 95
92 97
92 101
92 104
92 106
92 107
92 108
92 109
92 112
92 113
92 115
92 118
92 121
92 129
92 130
92 131
92 134
92 135
92 136
92 137
92 138
92 139
92 140
92 142
92 145
92 147
92 148
92 149
92 151
92 152
92 153
92 154
92 157
92 160
93 94
93 99
93 100
93 101
93 106
93 108
93 109
93 111
93 114
93 115
93 117
93 118
93 119
93 124
93 126
93 133
93 138
93 142
93 143
93 145
93 146
93 147
93 150
93 151
93 152
93 154
93 155
93 157
93 158
93 161
94 96
94 97
94 98
94 99
94 100
94 102
94 103
94 104
94 105
94 107
94 108
94 109
94 110
94 111
94 113
94 114
94 115
94 117
94 118
94 121
94 124
94 125
94 126
94 129
94 130
94 132
94 133
94 134
94 136
94 137
94 138
94 139
94 141
94 142
94 143
94 147
94 150
94 151
94 152
94 153
94 154
94 155
94 157
94 158
94 160
94 161
95 97
95 105
95 106
95 107
95 108
95 109
95 113
95 114
95 115
95 117
95 125
95 127
95 137
95 139
95 142
95 143
95 145
95 146
95 147
95 152
95 153
95 158
96 101
96 102
96 106
96 108
96 113
96 114
96 125
96 127
96 128
96 133
96 136
96 139
96 142
96 145
96 147
96 152
96 157
96 158
96 160
96 161
97 100
97 101
97 102
97 105
97 106
97 107
97 108
97 113
97 114
97 125
97 126
97 128
97 129
97 130
97 131
97 133
97 134
97 135
97 136
97 137
97 138
97 140
97 142
97 144
97 146
97 147
97 148
97 149
97 150
97 151
97 152
97 153
97 154
97 155
97 157
97 158
97 160
97 161
98 102
98 106
98 109
98 112
98 114
98 116
98 117
98 121
98 122
98 129
98 130
98 132
98 134
98 135
98 137
98 141
98 142
98 145
98 146
98 147
98 149
98 151
98 153
98 156
98 158
98 159
99 101
99 102
99 109
99 110
99 112
99 113
99 114
99 116
99 118
99 122
99 124
99 125
99 129
99 131
99 134
99 135
99 137
99 138
99 142
99 146
99 147
99 149
99 151
99 152
99 153
99 155
99 161
100 101
100 102
100 103
100 104
100 106
100 108
100 115
100 117
100 125
100 126
100 128
100 129
100 130
100 131
100 133
100 134
100 136
100 137
100 138
100 143
100 145
100 147
100 148
100 149
100 150
100 151
100 152
100 154
100 155
100 159
100 160
101 102
101 103
101 105
101 106
101 107
101 108
101 109
101 111
101 114
101 115
101 117
101 118
101 119
101 121
101 125
101 127
101 128
101 129
101 130
101 131
101 132
101 133
101 134
101 135
101 136
101 137
101 138
101 139
101 141
101 142
101 143
101 145
101 146
101 147
101 148
101 149
101 150
101 151
101 152
101 153
101 154
101 155
101 157
101 158
101 159
101 160
101 161
102 103
102 104
102 105
102 106
102 108
102 109
102 110
102 111
102 113
102 114
102 115
102 116
102 117
102 118
102 119
102 120
102 124
102 125
102 126
102 129
102 130
102 131
102 133
102 134
102 135
102 137
102 138
102 139
102 141
102 142
102 143
102 145
102 146
102 147
102 148
102 149
102 150
102 151
102 152
102 153
102 154
102 155
102 156
102 157
102 158
102 159
103 106
103 107
103 109
103 113
103 125
103 128
103 130
103 131
103 133
103 134
103 135
103 137
103 138
103 142
103 147
103 151
103 154
103 157
103 158
103 159
103 161
104 105
104 106
104 107
104 108
104 110
104 111
104 114
104 116
104 118
104 130
104 131
104 133
104 137
104 142
104 144
104 145
104 146
104 147
104 152
104 154
104 155
105 106
105 107
105 108
105 112
105 113
105 114
105 115
105 116
105 117
105 118
105 126
105 129
105 130
105 131
105 134
105 135
105 137
105 138
105 139
105 142
105 143
105 146
105 147
105 148
105 149
105 151
105 152
105 154
105 157
105 158
105 160
105 161
106 107
106 108
106 109
106 110
106 111
106 112
106 114
106 115
106 116
106 117
106 118
106 119
106 120
106 121
106 123
106 124
106 125
106 126
106 129
106 131
106 133
106 135
106 137
106 138
106 139
106 140
106 141
106 142
106 143
106 144
106 145
106 146
106 148
106 152
106 153
106 154
106 155
106 156
106 157
106 158
106 159
106 160
107 109
107 111
107 113
107 114
107 115
107 118
107 130
107 131
107 133
107 135
107 138
107 139
107 140
107 142
107 143
107 145
107 146
107 147
107 148
107 154
107 157
107 158
107 161
108 109
108 112
108 113
108 116
108 117
108 122
108 123
108 125
108 127
108 131
108 133
108 134
108 136
108 137
108 138
108 139
108 140
108 142
108 143
108 145
108 146
108 147
108 148
108 149
108 150
108 151
108 152
108 153
108 154
108 157
108 158
108 160
108 161
109 110
109 113
109 114
109 115
109 116
109 120
109 122
109 129
109 130
109 131
109 133
109 134
109 135
109 137
109 139
109 141
109 144
109 145
109 146
109 147
109 148
109 150
109 151
109 152
109 153
109 155
109 158
110 113
110 118
110 126
110 138
110 140
110 152
111 112
111 114
111 118
111 122
111 125
111 127
111 129
111 130
111 133
111 136
111 137
111 138
111 139
111 140
111 142
111 145
111 147
111 150
111 151
111 152
111 154
111 155
111 159
112 113
112 114
112 115
112 116
112 117
112 118
112 125
112 126
112 127
112 130
112 131
112 137
112 138
112 139
112 142
112 145
112 147
112 149
112 150
112 151
112 152
112 153
112 154
112 155
112 158
112 159
112 160
112 161
113 114
113 115
113 117
113 122
113 124
113 125
113 126
113 128
113 130
113 131
113 133
113 134
113 135
113 136
113 137
113 138
113 141
113 145
113 146
113 147
113 148
113 150
113 151
113 152
113 153
113 154
113 155
113 159
113 161
114 115
114 116
114 117
114 119
114 125
114 127
114 128
114 130
114 132
114 133
114 134
114 135
114 136
114 137
114 138
114 140
114 141
114 142
114 143
114 145
114 146
114 147
114 148
114 150
114 151
114 152
114 153
114 154
114 157
114 159
114 161
115 117
115 118
115 119
115 123
115 124
115 125
115 126
115 129
115 130
115 131
115 132
115 133
115 136
115 137
115 138
115 142
115 143
115 145
115 147
115 148
115 150
115 151
115 152
115 154
115 155
115 156
115 157
115 158
115 159
115 160
115 161
116 117
116 118
116 122
116 125
116 128
116 130
116 131
116 133
116 136
116 137
116 138
116 141
116 143
116 146
116 147
116 149
116 150
116 151
116 158
117 118
117 122
117 124
117 125
117 126
117 127
117 128
117 129
117 131
117 133
117 134
117 135
117 137
117 138
117 139
117 141
117 142
117 143
117 144
117 147
117 148
117 149
117 150
117 151
117 152
117 154
117 155
117 157
117 158
117 160
118 119
118 121
118 125
118 126
118 128
118 129
118 130
118 131
118 134
118 137
118 138
118 139
118 140
118 141
118 142
118 143
118 147
118 148
118 149
118 150
118 151
118 152
118 154
118 155
118 157
118 158
118 160
118 161
119 124
119 129
119 130
119 131
119 133
119 134
119 135
119 137
119 139
119 142
119 151
119 152
119 154
119 155
119 157
119 161
120 131
120 133
120 134
120 135
120 136
120 138
120 145
120 146
120 148
120 151
120 152
120 153
121 131
121 132
121 134
121 139
121 141
121 142
121 155
121 157
122 125
122 129
122 131
122 136
122 138
122 141
122 142
122 154
122 158
123 129
123 130
123 134
123 136
123 137
123 140
123 142
123 144
123 147
123 158
124 129
124 131
124 134
124 139
124 141
124 145
124 151
124 152
124 153
124 158
125 126
125 127
125 129
125 130
125 131
125 134
125 137
125 138
125 142
125 145
125 147
125 149
125 151
125 152
125 153
125 155
125 157
125 158
126 127
126 129
126 130
126 134
126 137
126 138
126 142
126 146
126 147
126 148
126 150
126 151
126 154
126 160
126 161
127 128
127 131
127 133
127 136
127 137
127 138
127 139
127 142
127 150
127 153
127 154
127 158
127 159
128 129
128 130
128 133
128 134
128 136
128 137
128 139
128 141
128 143
128 149
128 152
128 154
128 155
128 159
129 130
129 131
129 133
129 134
129 135
129 136
129 137
129 138
129 139
129 140
129 142
129 145
129 146
129 147
129 150
129 151
129 152
129 154
129 156
130 131
130 133
130 134
130 137
130 138
130 143
130 146
130 147
130 151
130 152
130 153
130 154
130 155
130 156
130 157
130 158
130 159
130 161
131 134
131 135
131 137
131 138
131 142
131 143
131 145
131 146
131 147
131 148
131 149
131 151
131 152
131 153
131 154
131 155
131 156
131 157
131 160
131 161
132 133
132 134
132 154
132 161
133 135
133 136
133 137
133 138
133 140
133 141
133 142
133 143
133 147
133 150
133 151
133 152
133 153
133 154
133 155
133 157
133 158
133 160
133 161
134 135
134 136
134 138
134 140
134 141
134 143
134 147
134 148
134 150
134 152
134 153
134 154
134 155
134 157
134 158
134 159
135 136
135 137
135 138
135 139
135 143
135 147
135 149
135 151
135 161
136 139
136 140
136 141
136 142
136 145
136 148
136 150
136 151
136 152
136 153
136 158
136 159
136 161
137 138
137 139
137 140
137 141
137 146
137 147
137 151
137 152
137 153
137 154
137 155
137 156
137 157
137 158
137 159
137 160
137 161
138 139
138 141
138 143
138 146
138 147
138 148
138 149
138 150
138 151
138 152
138 153
138 154
138 155
138 159
138 160
138 161
139 141
139 147
139 150
139 152
139 153
139 155
139 157
139 158
139 159
139 161
140 145
140 147
140 148
140 152
140 158
140 159
140 161
141 142
141 143
141 145
141 149
141 151
141 152
141 153
141 154
141 155
141 159
141 161
142 143
142 145
142 146
142 147
142 148
142 150
142 151
142 152
142 155
142 156
142 158
142 159
142 160
142 161
143 145
143 146
143 149
143 150
143 152
143 153
143 154
143 157
143 158
144 154
144 158
145 146
145 149
145 152
145 153
145 154
145 156
145 157
145 158
145 161
146 147
146 148
146 149
146 150
146 151
146 152
146 154
146 158
146 161
147 149
147 150
147 151
147 152
147 153
147 154
147 155
147 156
147 157
147 158
147 159
147 161
148 151
148 154
148 156
148 158
149 151
149 152
149 153
149 154
149 157
149 158
150 151
150 152
150 153
150 154
150 155
150 157
150 161
151 152
151 153
151 154
151 155
151 157
151 158
151 160
151 161
152 153
152 154
152 155
152 156
152 158
152 159
152 160
153 154
154 155
154 158
154 159
154 160
154 161
155 157
155 158
155 159
155 161
