0 1
0 6
0 12
0 14
0 16
0 19
0 21
0 24
0 26
0 32
0 33
0 36
0 37
0 38
0 42
0 44
0 49
0 51
0 52
0 54
0 56
0 58
0 59
0 63
0 66
0 67
0 68
0 70
0 72
0 74
0 79
0 80
0 81
0 82
0 84
0 89
0 90
0 92
0 94
0 101
0 102
0 103
0 104
0 106
0 109
0 111
0 113
0 115
0 116
0 117
0 118
0 125
0 126
0 127
0 129
0 131
0 133
0 134
0 138
0 139
0 142
0 145
0 147
0 148
0 151
0 152
0 153
0 154
0 157
0 161
1 4
1 7
1 10
1 11
1 13
1 14
1 15
1 21
1 23
1 26
1 29
1 30
1 31
1 32
1 34
1 38
1 40
1 42
1 44
1 45
1 46
1 50
1 51
1 52
1 58
1 60
1 61
1 62
1 64
1 66
1 67
1 68
1 69
1 70
1 72
1 74
1 76
1 80
1 84
1 88
1 90
1 92
1 96
1 97
1 102
1 103
1 104
1 112
1 113
1 114
1 115
1 118
1 119
1 122
1 124
1 126
1 127
1 128
1 129
1 131
1 137
1 138
1 139
1 142
1 143
1 147
1 148
1 150
1 152
1 153
1 157
1 160
2 4
2 6
2 7
2 9
2 14
2 19
2 21
2 23
2 24
2 25
2 26
2 28
2 29
2 32
2 33
2 35
2 36
2 37
2 39
2 40
2 46
2 49
2 51
2 54
2 57
2 59
2 61
2 64
2 65
2 66
2 67
2 71
2 72
2 73
2 74
2 75
2 77
2 88
2 89
2 101
2 103
2 105
2 109
2 112
2 113
2 115
2 118
2 125
2 128
2 131
2 133
2 143
2 146
2 147
2 151
2 161
3 7
3 8
3 11
3 13
3 20
3 26
3 27
3 31
3 35
3 36
3 37
3 40
3 41
3 43
3 44
3 45
3 49
3 50
3 52
3 54
3 59
3 61
3 64
3 66
3 67
3 69
3 71
3 72
3 73
3 79
3 86
3 87
3 90
3 91
3 92
3 94
3 104
3 106
3 109
3 114
3 115
3 118
3 121
3 130
3 131
3 133
3 134
3 141
3 147
3 151
3 152
3 154
3 157
3 158
3 161
4 6
4 7
4 9
4 11
4 14
4 15
4 18
4 19
4 20
4 25
4 26
4 28
4 30
4 31
4 32
4 33
4 34
4 37
4 38
4 39
4 40
4 42
4 43
4 45
4 46
4 48
4 49
4 52
4 53
4 55
4 56
4 58
4 61
4 62
4 63
4 64
4 65
4 66
4 67
4 68
4 70
4 73
4 74
4 75
4 76
4 77
4 82
4 83
4 84
4 85
4 86
4 87
4 88
4 89
4 90
4 91
4 94
4 95
4 97
4 101
4 102
4 103
4 106
4 108
4 109
4 112
4 113
4 114
4 115
4 117
4 118
4 122
4 125
4 126
4 127
4 128
4 129
4 130
4 133
4 134
4 135
4 136
4 137
4 138
4 139
4 140
4 141
4 142
4 143
4 144
4 145
4 146
4 147
4 148
4 150
4 151
4 152
4 153
4 154
4 155
4 157
4 161
5 23
5 26
5 35
5 40
5 45
5 49
5 52
5 56
5 58
5 59
5 64
5 66
5 67
5 68
5 69
5 70
5 74
5 77
5 79
5 86
5 87
5 88
5 89
5 94
5 96
5 101
5 102
5 108
5 111
5 112
5 125
5 127
5 129
5 131
5 133
5 134
5 137
5 139
5 142
5 147
5 149
5 155
5 158
5 160
6 7
6 8
6 9
6 10
6 11
6 13
6 14
6 19
6 21
6 23
6 24
6 25
6 26
6 27
6 29
6 31
6 32
6 33
6 35
6 36
6 37
6 39
6 40
6 42
6 44
6 45
6 46
6 48
6 49
6 50
6 51
6 52
6 53
6 54
6 56
6 57
6 58
6 59
6 60
6 62
6 63
6 64
6 65
6 67
6 68
6 69
6 70
6 71
6 72
6 74
6 75
6 76
6 78
6 79
6 80
6 82
6 83
6 85
6 86
6 87
6 88
6 89
6 91
6 92
6 93
6 94
6 95
6 97
6 100
6 101
6 102
6 103
6 104
6 105
6 106
6 108
6 109
6 111
6 112
6 113
6 114
6 115
6 117
6 118
6 119
6 120
6 122
6 125
6 126
6 129
6 130
6 131
6 134
6 137
6 139
6 140
6 143
6 147
6 151
6 152
6 153
6 154
6 157
6 158
6 159
6 160
6 161
7 8
7 9
7 10
7 11
7 13
7 14
7 15
7 16
7 18
7 19
7 20
7 21
7 24
7 25
7 29
7 30
7 31
7 33
7 35
7 36
7 38
7 40
7 42
7 43
7 44
7 45
7 47
7 49
7 50
7 53
7 54
7 56
7 57
7 58
7 59
7 61
7 63
7 64
7 65
7 66
7 67
7 68
7 69
7 70
7 71
7 72
7 73
7 74
7 75
7 76
7 78
7 79
7 80
7 81
7 83
7 84
7 85
7 86
7 87
7 88
7 89
7 93
7 95
7 96
7 97
7 98
7 99
7 101
7 102
7 103
7 106
7 107
7 108
7 109
7 112
7 113
7 114
7 115
7 116
7 117
7 118
7 119
7 122
7 123
7 125
7 126
7 127
7 129
7 130
7 131
7 133
7 134
7 135
7 136
7 137
7 138
7 139
7 140
7 141
7 142
7 143
7 145
7 148
7 149
7 150
7 151
7 152
7 153
7 154
7 157
7 158
7 159
7 161
8 11
8 14
8 15
8 19
8 21
8 26
8 29
8 37
8 38
8 40
8 43
8 44
8 46
8 47
8 49
8 51
8 55
8 56
8 62
8 64
8 67
8 68
8 73
8 74
8 89
8 91
8 94
8 96
8 98
8 100
8 105
8 108
8 112
8 114
8 115
8 116
8 117
8 118
8 120
8 129
8 131
8 133
8 134
8 141
8 143
8 147
8 152
8 154
8 160
8 161
9 10
9 14
9 15
9 16
9 20
9 21
9 23
9 25
9 26
9 32
9 34
9 36
9 37
9 38
9 42
9 46
9 49
9 50
9 51
9 54
9 56
9 57
9 59
9 61
9 62
9 63
9 64
9 65
9 66
9 67
9 69
9 71
9 72
9 73
9 74
9 75
9 77
9 79
9 80
9 84
9 89
9 93
9 94
9 95
9 97
9 100
9 101
9 102
9 103
9 105
9 107
9 108
9 111
9 112
9 113
9 114
9 115
9 117
9 123
9 125
9 127
9 131
9 133
9 134
9 135
9 137
9 138
9 139
9 140
9 141
9 142
9 146
9 147
9 151
9 152
9 156
9 158
9 161
10 12
10 14
10 19
10 21
10 23
10 24
10 26
10 28
10 31
10 32
10 40
10 44
10 48
10 50
10 52
10 54
10 55
10 57
10 58
10 59
10 61
10 62
10 64
10 65
10 68
10 71
10 72
10 73
10 79
10 80
10 82
10 83
10 90
10 91
10 92
10 93
10 97
10 98
10 102
10 107
10 108
10 113
10 114
10 115
10 116
10 117
10 118
10 126
10 130
10 131
10 133
10 134
10 136
10 138
10 142
10 143
10 147
10 150
10 152
10 153
10 156
10 157
10 159
10 160
10 161
11 12
11 13
11 14
11 16
11 18
11 21
11 22
11 23
11 24
11 25
11 26
11 28
11 30
11 31
11 32
11 34
11 35
11 37
11 38
11 40
11 42
11 45
11 46
11 47
11 48
11 49
11 50
11 52
11 54
11 56
11 58
11 59
11 60
11 62
11 63
11 64
11 65
11 66
11 67
11 68
11 69
11 70
11 71
11 72
11 73
11 74
11 76
11 77
11 79
11 81
11 84
11 86
11 87
11 91
11 93
11 94
11 96
11 99
11 101
11 102
11 103
11 108
11 109
11 114
11 115
11 117
11 120
11 121
11 123
11 125
11 126
11 127
11 129
11 130
11 131
11 132
11 133
11 134
11 137
11 141
11 142
11 145
11 146
11 147
11 150
11 151
11 152
11 153
11 154
11 157
11 158
11 161
12 13
12 14
12 18
12 19
12 23
12 25
12 26
12 30
12 31
12 32
12 35
12 38
12 39
12 44
12 45
12 49
12 50
12 51
12 56
12 57
12 58
12 59
12 66
12 70
12 73
12 74
12 78
12 81
12 86
12 88
12 90
12 94
12 106
12 107
12 108
12 113
12 114
12 115
12 117
12 118
12 125
12 128
12 134
12 135
12 138
12 139
12 142
12 147
12 149
12 151
12 152
12 153
12 154
12 156
12 161
13 15
13 19
13 20
13 21
13 25
13 26
13 27
13 30
13 31
13 32
13 33
13 34
13 37
13 40
13 43
13 45
13 54
13 56
13 58
13 59
13 60
13 61
13 63
13 65
13 66
13 67
13 69
13 72
13 74
13 75
13 79
13 80
13 81
13 86
13 89
13 90
13 91
13 93
13 94
13 95
13 98
13 99
13 100
13 101
13 105
13 106
13 107
13 108
13 111
13 117
13 118
13 121
13 122
13 127
13 129
13 133
13 134
13 137
13 138
13 141
13 142
13 143
13 145
13 149
13 153
13 154
13 158
13 159
13 160
13 161
14 15
14 16
14 18
14 19
14 20
14 21
14 22
14 24
14 25
14 26
14 27
14 28
14 30
14 31
14 32
14 33
14 34
14 35
14 36
14 37
14 38
14 40
14 42
14 43
14 45
14 46
14 48
14 49
14 50
14 51
14 52
14 53
14 54
14 55
14 57
14 58
14 59
14 61
14 62
14 63
14 64
14 65
14 67
14 68
14 69
14 70
14 71
14 72
14 73
14 74
14 75
14 77
14 79
14 81
14 84
14 87
14 88
14 90
14 91
14 94
14 97
14 98
14 99
14 100
14 101
14 102
14 103
14 104
14 105
14 106
14 108
14 109
14 111
14 112
14 113
14 114
14 115
14 116
14 117
14 120
14 125
14 126
14 127
14 129
14 130
14 131
14 132
14 133
14 134
14 135
14 136
14 137
14 138
14 139
14 140
14 142
14 145
14 146
14 147
14 149
14 150
14 151
14 152
14 154
14 158
14 161
15 21
15 29
15 31
15 32
15 38
15 39
15 40
15 42
15 44
15 51
15 53
15 54
15 55
15 56
15 58
15 65
15 66
15 76
15 84
15 89
15 92
15 93
15 94
15 95
15 101
15 103
15 107
15 111
15 114
15 131
15 133
15 134
15 136
15 138
15 139
15 146
15 151
15 152
15 154
15 157
15 158
15 159
16 20
16 25
16 35
16 40
16 45
16 51
16 53
16 54
16 55
16 63
16 67
16 70
16 71
16 72
16 74
16 75
16 77
16 80
16 83
16 84
16 89
16 91
16 97
16 99
16 100
16 102
16 108
16 115
16 116
16 117
16 127
16 129
16 132
16 133
16 134
16 150
16 151
16 154
16 155
16 157
16 161
17 18
17 26
17 31
17 36
17 38
17 39
17 40
17 42
17 43
17 44
17 45
17 49
17 50
17 52
17 54
17 56
17 66
17 68
17 69
17 70
17 75
17 77
17 80
17 89
17 94
17 102
17 103
17 106
17 110
17 114
17 115
17 117
17 125
17 126
17 130
17 133
17 139
17 142
17 147
17 151
17 153
17 154
17 160
18 19
18 25
18 26
18 27
18 28
18 30
18 32
18 33
18 36
18 37
18 38
18 39
18 40
18 41
18 43
18 44
18 45
18 46
18 51
18 54
18 56
18 58
18 61
18 63
18 64
18 65
18 68
18 70
18 71
18 72
18 73
18 74
18 75
18 76
18 77
18 80
18 85
18 89
18 94
18 99
18 101
18 104
18 105
18 106
18 108
18 109
18 111
18 114
18 115
18 117
18 131
18 133
18 134
18 137
18 138
18 139
18 143
18 145
18 146
18 151
18 154
18 158
18 159
18 160
18 161
19 20
19 26
19 30
19 31
19 32
19 33
19 34
19 36
19 37
19 38
19 42
19 44
19 45
19 48
19 49
19 50
19 51
19 52
19 53
19 54
19 55
19 56
19 58
19 59
19 61
19 62
19 64
19 65
19 66
19 67
19 68
19 69
19 70
19 71
19 72
19 73
19 74
19 75
19 78
19 79
19 80
19 83
19 84
19 85
19 86
19 87
19 88
19 89
19 90
19 92
19 93
19 94
19 95
19 96
19 97
19 101
19 102
19 103
19 104
19 106
19 107
19 108
19 110
19 111
19 112
19 113
19 114
19 115
19 117
19 118
19 119
19 120
19 124
19 125
19 126
19 130
19 131
19 132
19 133
19 134
19 136
19 137
19 138
19 139
19 141
19 142
19 143
19 146
19 148
19 149
19 150
19 151
19 152
19 153
19 154
19 157
19 158
19 159
20 21
20 25
20 26
20 27
20 34
20 36
20 37
20 38
20 40
20 41
20 45
20 48
20 49
20 50
20 55
20 58
20 63
20 65
20 66
20 68
20 71
20 72
20 77
20 79
20 82
20 84
20 87
20 88
20 97
20 101
20 106
20 117
20 118
20 124
20 125
20 129
20 131
20 132
20 134
20 137
20 142
20 145
20 147
20 150
20 151
20 153
20 154
20 157
21 22
21 23
21 29
21 30
21 37
21 38
21 39
21 40
21 41
21 42
21 44
21 46
21 49
21 50
21 51
21 52
21 53
21 55
21 56
21 57
21 59
21 60
21 63
21 64
21 65
21 66
21 67
21 68
21 69
21 70
21 71
21 72
21 73
21 74
21 75
21 76
21 77
21 78
21 79
21 80
21 82
21 83
21 85
21 89
21 90
21 92
21 93
21 95
21 96
21 97
21 101
21 102
21 103
21 108
21 110
21 111
21 112
21 113
21 114
21 115
21 116
21 117
21 118
21 125
21 126
21 127
21 128
21 129
21 131
21 134
21 135
21 137
21 138
21 140
21 143
21 144
21 145
21 147
21 149
21 150
21 151
21 152
21 154
21 155
21 156
21 158
21 159
22 26
22 28
22 30
22 38
22 49
22 50
22 51
22 53
22 54
22 55
22 56
22 58
22 63
22 64
22 66
22 70
22 73
22 75
22 79
22 80
22 81
22 86
22 87
22 91
22 94
22 97
22 99
22 101
22 106
22 111
22 112
22 114
22 117
22 118
22 127
22 130
22 131
22 135
22 137
22 139
22 150
22 152
22 154
22 157
22 159
22 161
23 24
23 26
23 35
23 37
23 44
23 45
23 49
23 51
23 54
23 55
23 56
23 65
23 68
23 70
23 80
23 89
23 94
23 100
23 105
23 108
23 109
23 114
23 115
23 117
23 122
23 125
23 128
23 131
23 133
23 137
23 145
23 150
24 30
24 32
24 35
24 36
24 39
24 45
24 48
24 49
24 57
24 58
24 64
24 65
24 67
24 69
24 70
24 71
24 72
24 73
24 74
24 77
24 79
24 86
24 89
24 91
24 97
24 99
24 101
24 102
24 105
24 106
24 107
24 108
24 111
24 112
24 113
24 114
24 116
24 117
24 118
24 129
24 130
24 133
24 139
24 143
24 145
24 147
24 152
24 154
24 158
24 161
25 26
25 29
25 37
25 38
25 40
25 44
25 49
25 50
25 51
25 52
25 53
25 54
25 56
25 58
25 59
25 61
25 62
25 63
25 66
25 69
25 70
25 71
25 72
25 74
25 75
25 79
25 80
25 83
25 84
25 87
25 89
25 93
25 94
25 95
25 97
25 99
25 101
25 102
25 104
25 105
25 108
25 109
25 110
25 112
25 113
25 116
25 117
25 118
25 119
25 125
25 126
25 128
25 129
25 131
25 133
25 134
25 136
25 138
25 140
25 147
25 149
25 150
25 152
25 153
25 154
25 155
25 157
25 158
25 160
25 161
26 28
26 29
26 30
26 32
26 34
26 35
26 37
26 38
26 39
26 40
26 42
26 43
26 44
26 45
26 47
26 48
26 49
26 50
26 51
26 52
26 54
26 55
26 56
26 57
26 58
26 63
26 64
26 65
26 66
26 67
26 68
26 69
26 70
26 71
26 72
26 73
26 74
26 76
26 77
26 79
26 80
26 81
26 82
26 83
26 84
26 85
26 86
26 88
26 89
26 90
26 91
26 93
26 94
26 97
26 99
26 100
26 101
26 102
26 103
26 104
26 105
26 106
26 107
26 110
26 111
26 112
26 114
26 115
26 116
26 117
26 118
26 119
26 121
26 125
26 126
26 129
26 130
26 131
26 133
26 134
26 135
26 136
26 137
26 138
26 139
26 140
26 141
26 142
26 143
26 145
26 146
26 147
26 149
26 150
26 151
26 152
26 153
26 155
26 157
26 158
26 160
26 161
27 32
27 33
27 36
27 37
27 41
27 42
27 51
27 52
27 54
27 64
27 65
27 68
27 70
27 71
27 72
27 73
27 75
27 83
27 84
27 88
27 91
27 92
27 94
27 101
27 109
27 113
27 118
27 120
27 124
27 126
27 138
27 140
27 147
27 152
27 153
27 157
27 158
27 160
28 29
28 31
28 32
28 39
28 40
28 44
28 49
28 51
28 52
28 56
28 57
28 66
28 71
28 72
28 73
28 74
28 89
28 92
28 97
28 101
28 102
28 108
28 109
28 113
28 114
28 115
28 116
28 118
28 126
28 131
28 133
28 134
28 135
28 139
28 140
28 143
28 147
28 151
28 152
28 154
28 157
28 161
29 33
29 34
29 37
29 39
29 43
29 44
29 45
29 46
29 47
29 49
29 51
29 54
29 56
29 64
29 67
29 68
29 69
29 70
29 71
29 73
29 80
29 87
29 89
29 100
29 102
29 112
29 113
29 114
29 117
29 118
29 127
29 131
29 135
29 137
29 138
29 142
29 152
29 154
29 157
29 158
30 32
30 34
30 35
30 36
30 37
30 38
30 39
30 40
30 43
30 44
30 45
30 46
30 48
30 49
30 50
30 51
30 54
30 55
30 56
30 59
30 62
30 63
30 64
30 65
30 68
30 71
30 72
30 73
30 74
30 75
30 76
30 77
30 78
30 79
30 82
30 85
30 87
30 88
30 89
30 93
30 94
30 95
30 98
30 99
30 100
30 101
30 102
30 103
30 105
30 106
30 107
30 108
30 109
30 111
30 112
30 113
30 114
30 115
30 117
30 125
30 127
30 128
30 129
30 130
30 131
30 133
30 136
30 141
30 142
30 143
30 145
30 146
30 147
30 148
30 150
30 152
30 153
30 154
30 155
30 156
30 159
30 160
30 161
31 32
31 36
31 40
31 42
31 43
31 44
31 45
31 46
31 49
31 51
31 53
31 55
31 56
31 58
31 60
31 61
31 63
31 64
31 65
31 67
31 68
31 69
31 70
31 71
31 72
31 73
31 74
31 75
31 76
31 77
31 78
31 79
31 80
31 81
31 82
31 84
31 85
31 86
31 87
31 88
31 89
31 91
31 92
31 93
31 94
31 95
31 98
31 99
31 100
31 101
31 102
31 104
31 105
31 106
31 107
31 108
31 109
31 110
31 112
31 113
31 114
31 115
31 117
31 118
31 119
31 120
31 122
31 126
31 128
31 130
31 131
31 132
31 133
31 134
31 135
31 136
31 137
31 138
31 139
31 141
31 142
31 143
31 145
31 147
31 150
31 154
31 157
31 158
31 159
31 160
32 35
32 36
32 37
32 38
32 39
32 40
32 41
32 43
32 45
32 46
32 48
32 49
32 50
32 51
32 53
32 55
32 56
32 58
32 59
32 60
32 63
32 64
32 67
32 68
32 69
32 72
32 73
32 74
32 77
32 79
32 80
32 84
32 86
32 87
32 88
32 90
32 92
32 94
32 95
32 97
32 98
32 99
32 100
32 101
32 102
32 107
32 108
32 109
32 110
32 111
32 112
32 113
32 114
32 115
32 117
32 118
32 123
32 126
32 127
32 128
32 129
32 130
32 131
32 133
32 134
32 135
32 137
32 138
32 139
32 140
32 141
32 142
32 143
32 144
32 150
32 152
32 153
32 154
32 155
32 156
32 158
32 160
33 34
33 35
33 38
33 43
33 44
33 45
33 48
33 49
33 51
33 56
33 64
33 65
33 66
33 67
33 68
33 69
33 70
33 72
33 79
33 84
33 86
33 88
33 89
33 91
33 93
33 101
33 102
33 108
33 109
33 114
33 117
33 118
33 125
33 131
33 133
33 134
33 138
33 141
33 145
33 154
33 158
34 35
34 36
34 37
34 38
34 40
34 42
34 43
34 44
34 45
34 49
34 51
34 52
34 53
34 54
34 58
34 61
34 64
34 66
34 68
34 69
34 70
34 74
34 79
34 84
34 88
34 89
34 93
34 95
34 96
34 98
34 101
34 105
34 107
34 108
34 109
34 112
34 115
34 117
34 119
34 120
34 126
34 127
34 131
34 133
34 134
34 136
34 137
34 142
34 147
34 150
34 151
34 152
34 159
34 160
35 36
35 38
35 39
35 40
35 42
35 45
35 49
35 50
35 51
35 54
35 58
35 59
35 60
35 64
35 66
35 67
35 69
35 70
35 71
35 72
35 73
35 74
35 75
35 76
35 77
35 80
35 82
35 87
35 88
35 89
35 90
35 91
35 94
35 100
35 102
35 103
35 105
35 106
35 107
35 108
35 109
35 112
35 114
35 115
35 116
35 117
35 118
35 119
35 121
35 125
35 126
35 127
35 128
35 131
35 133
35 134
35 135
35 136
35 137
35 139
35 140
35 142
35 144
35 147
35 148
35 149
35 150
35 151
35 152
35 153
35 154
35 155
35 157
35 159
35 160
36 40
36 42
36 43
36 44
36 45
36 46
36 52
36 56
36 61
36 62
36 63
36 65
36 67
36 68
36 69
36 70
36 71
36 72
36 73
36 75
36 76
36 77
36 80
36 81
36 84
36 86
36 89
36 94
36 96
36 97
36 99
36 101
36 103
36 104
36 108
36 109
36 110
36 112
36 114
36 115
36 117
36 122
36 125
36 126
36 129
36 130
36 131
36 134
36 135
36 136
36 137
36 138
36 139
36 142
36 143
36 145
36 147
36 148
36 150
36 153
36 154
36 156
36 157
36 161
37 38
37 40
37 41
37 42
37 44
37 45
37 49
37 51
37 52
37 56
37 58
37 61
37 63
37 64
37 65
37 66
37 69
37 70
37 72
37 73
37 74
37 77
37 79
37 80
37 81
37 83
37 85
37 88
37 89
37 92
37 96
37 97
37 98
37 101
37 102
37 103
37 108
37 111
37 112
37 114
37 115
37 117
37 118
37 125
37 129
37 131
37 133
37 136
37 137
37 138
37 143
37 145
37 152
37 155
37 157
37 158
37 161
38 39
38 40
38 41
38 42
38 43
38 44
38 45
38 46
38 49
38 50
38 51
38 53
38 54
38 55
38 56
38 58
38 60
38 62
38 64
38 65
38 67
38 68
38 71
38 72
38 73
38 75
38 76
38 79
38 84
38 86
38 87
38 88
38 89
38 90
38 91
38 92
38 93
38 94
38 96
38 97
38 99
38 100
38 101
38 102
38 104
38 105
38 106
38 108
38 109
38 110
38 111
38 113
38 115
38 117
38 118
38 120
38 124
38 125
38 126
38 129
38 130
38 131
38 133
38 135
38 136
38 137
38 138
38 141
38 143
38 147
38 148
38 149
38 150
38 151
38 152
38 154
38 155
38 158
38 159
38 160
38 161
39 40
39 44
39 49
39 50
39 51
39 52
39 54
39 56
39 59
39 61
39 65
39 66
39 67
39 68
39 69
39 70
39 71
39 72
39 73
39 74
39 79
39 80
39 84
39 85
39 86
39 87
39 89
39 91
39 92
39 93
39 97
39 98
39 100
39 103
39 105
39 106
39 107
39 108
39 112
39 113
39 114
39 115
39 116
39 117
39 120
39 126
39 128
39 129
39 130
39 132
39 138
39 146
39 149
39 150
39 151
39 152
39 154
39 155
39 158
39 160
39 161
40 42
40 43
40 44
40 45
40 46
40 47
40 48
40 49
40 50
40 51
40 53
40 54
40 55
40 56
40 58
40 59
40 61
40 62
40 63
40 64
40 65
40 67
40 68
40 69
40 70
40 71
40 72
40 73
40 74
40 75
40 77
40 78
40 79
40 80
40 82
40 84
40 87
40 89
40 90
40 91
40 93
40 94
40 97
40 98
40 100
40 101
40 102
40 103
40 105
40 106
40 108
40 109
40 110
40 112
40 113
40 115
40 118
40 122
40 124
40 125
40 126
40 129
40 130
40 131
40 133
40 135
40 136
40 137
40 138
40 139
40 142
40 146
40 147
40 148
40 149
40 151
40 152
40 153
40 155
40 157
40 159
40 161
41 51
41 56
41 58
41 68
41 70
41 75
41 76
41 89
41 94
41 98
41 106
41 108
41 111
41 114
41 115
41 117
41 119
41 135
41 137
41 139
41 141
41 149
42 45
42 50
42 52
42 54
42 55
42 56
42 58
42 62
42 64
42 65
42 67
42 71
42 72
42 74
42 79
42 80
42 82
42 84
42 86
42 87
42 88
42 89
42 90
42 93
42 97
42 101
42 102
42 103
42 104
42 105
42 106
42 108
42 109
42 112
42 114
42 117
42 119
42 122
42 125
42 129
42 131
42 133
42 134
42 135
42 136
42 138
42 139
42 140
42 141
42 142
42 143
42 150
42 151
42 152
42 158
42 159
43 45
43 46
43 48
43 49
43 50
43 55
43 62
43 67
43 70
43 71
43 72
43 73
43 74
43 75
43 81
43 93
43 94
43 97
43 100
43 101
43 102
43 103
43 105
43 106
43 109
43 111
43 112
43 114
43 115
43 116
43 117
43 118
43 121
43 129
43 131
43 133
43 134
43 135
43 138
43 139
43 146
43 150
43 151
43 153
43 154
43 157
43 159
43 161
44 45
44 46
44 49
44 50
44 51
44 52
44 54
44 56
44 60
44 62
44 64
44 65
44 67
44 68
44 69
44 70
44 71
44 73
44 74
44 78
44 79
44 83
44 84
44 89
44 92
44 93
44 94
44 96
44 98
44 99
44 100
44 101
44 102
44 104
44 105
44 106
44 107
44 108
44 109
44 111
44 112
44 114
44 115
44 118
44 125
44 126
44 127
44 129
44 131
44 133
44 134
44 137
44 138
44 139
44 141
44 142
44 146
44 147
44 150
44 151
44 152
44 153
44 154
44 155
44 158
44 160
44 161
45 49
45 50
45 51
45 52
45 53
45 54
45 56
45 57
45 58
45 61
45 62
45 63
45 64
45 66
45 67
45 68
45 69
45 70
45 73
45 74
45 75
45 76
45 77
45 78
45 79
45 83
45 84
45 86
45 87
45 88
45 89
45 91
45 92
45 93
45 94
45 98
45 100
45 101
45 103
45 104
45 106
45 107
45 108
45 109
45 111
45 112
45 114
45 115
45 116
45 117
45 118
45 120
45 121
45 122
45 125
45 126
45 127
45 130
45 131
45 133
45 134
45 135
45 136
45 137
45 138
45 139
45 144
45 145
45 146
45 147
45 150
45 151
45 152
45 153
45 154
45 155
45 157
45 158
45 160
45 161
46 49
46 51
46 56
46 58
46 64
46 67
46 68
46 69
46 72
46 74
46 76
46 77
46 79
46 86
46 100
46 101
46 102
46 105
46 106
46 108
46 109
46 113
46 114
46 115
46 116
46 117
46 125
46 129
46 134
46 136
46 137
46 138
46 143
46 145
46 147
46 150
46 152
46 153
46 154
46 157
46 158
46 159
46 160
46 161
47 51
47 66
47 69
47 70
47 72
47 74
47 86
47 97
47 101
47 102
47 108
47 112
47 130
47 133
47 146
47 147
47 159
47 161
48 52
48 56
48 63
48 68
48 75
48 79
48 84
48 98
48 101
48 104
48 105
48 108
48 109
48 113
48 117
48 120
48 129
48 133
48 134
48 139
48 142
48 145
48 151
48 152
48 154
48 157
48 158
48 161
49 50
49 51
49 52
49 53
49 54
49 55
49 56
49 58
49 59
49 62
49 63
49 64
49 65
49 67
49 68
49 72
49 73
49 74
49 75
49 77
49 79
49 80
49 82
49 84
49 86
49 88
49 89
49 91
49 92
49 93
49 94
49 97
49 98
49 101
49 102
49 103
49 105
49 106
49 107
49 108
49 109
49 110
49 111
49 113
49 114
49 115
49 117
49 118
49 123
49 125
49 126
49 127
49 128
49 129
49 131
49 133
49 134
49 135
49 136
49 137
49 138
49 139
49 141
49 142
49 144
49 146
49 147
49 149
49 150
49 151
49 152
49 153
49 154
49 155
49 157
49 158
49 160
49 161
50 51
50 52
50 53
50 54
50 56
50 60
50 64
50 66
50 68
50 69
50 70
50 72
50 73
50 74
50 77
50 81
50 83
50 85
50 86
50 87
50 89
50 91
50 93
50 94
50 96
50 97
50 99
50 100
50 101
50 105
50 106
50 108
50 115
50 116
50 117
50 118
50 119
50 125
50 126
50 130
50 134
50 135
50 136
50 137
50 138
50 141
50 142
50 143
50 146
50 147
50 149
50 151
50 152
50 155
50 157
50 158
50 161
51 52
51 53
51 54
51 55
51 56
51 57
51 58
51 59
51 60
51 62
51 64
51 65
51 66
51 67
51 68
51 69
51 70
51 71
51 72
51 73
51 74
51 75
51 76
51 79
51 80
51 82
51 83
51 85
51 87
51 88
51 89
51 90
51 92
51 93
51 94
51 96
51 97
51 99
51 100
51 102
51 105
51 106
51 107
51 108
51 109
51 111
51 112
51 113
51 114
51 115
51 117
51 120
51 121
51 125
51 126
51 127
51 129
51 130
51 131
51 132
51 133
51 134
51 135
51 136
51 137
51 138
51 139
51 142
51 143
51 145
51 146
51 147
51 149
51 150
51 151
51 152
51 153
51 154
51 157
51 158
51 160
52 53
52 61
52 62
52 63
52 64
52 65
52 66
52 67
52 70
52 71
52 74
52 75
52 76
52 79
52 83
52 84
52 85
52 86
52 87
52 89
52 92
52 94
52 96
52 97
52 99
52 101
52 103
52 104
52 106
52 108
52 109
52 114
52 115
52 118
52 122
52 125
52 126
52 128
52 129
52 131
52 135
52 136
52 139
52 140
52 142
52 146
52 147
52 150
52 151
52 153
52 158
52 159
52 161
53 56
53 63
53 64
53 66
53 67
53 68
53 70
53 72
53 75
53 76
53 79
53 80
53 84
53 87
53 89
53 94
53 98
53 99
53 100
53 104
53 105
53 115
53 116
53 117
53 118
53 124
53 125
53 126
53 129
53 130
53 133
53 134
53 136
53 137
53 138
53 139
53 142
53 145
53 146
53 149
53 152
53 154
53 158
53 160
54 55
54 56
54 57
54 58
54 59
54 61
54 63
54 64
54 65
54 66
54 67
54 68
54 69
54 70
54 71
54 74
54 75
54 76
54 77
54 79
54 80
54 82
54 83
54 84
54 87
54 89
54 91
54 95
54 96
54 97
54 98
54 100
54 101
54 102
54 103
54 106
54 107
54 108
54 109
54 110
54 111
54 112
54 113
54 114
54 115
54 116
54 117
54 118
54 122
54 124
54 125
54 126
54 127
54 129
54 130
54 131
54 132
54 133
54 135
54 136
54 137
54 138
54 139
54 141
54 142
54 145
54 146
54 147
54 150
54 151
54 152
54 153
54 155
54 159
54 160
55 63
55 64
55 65
55 66
55 67
55 68
55 69
55 70
55 71
55 72
55 73
55 74
55 77
55 79
55 80
55 84
55 85
55 88
55 89
55 93
55 94
55 97
55 98
55 99
55 101
55 102
55 105
55 106
55 107
55 108
55 110
55 111
55 114
55 115
55 117
55 118
55 125
55 129
55 133
55 134
55 137
55 138
55 139
55 140
55 141
55 142
55 143
55 145
55 147
55 151
55 154
55 155
55 158
55 160
56 58
56 59
56 62
56 63
56 64
56 65
56 66
56 67
56 68
56 70
56 71
56 72
56 73
56 74
56 76
56 77
56 78
56 79
56 80
56 81
56 83
56 84
56 86
56 87
56 89
56 90
56 91
56 92
56 94
56 97
56 101
56 102
56 105
56 106
56 107
56 108
56 109
56 112
56 113
56 114
56 115
56 116
56 119
56 120
56 124
56 126
56 128
56 129
56 132
56 133
56 134
56 135
56 136
56 138
56 139
56 141
56 145
56 146
56 147
56 150
56 151
56 152
56 158
56 159
56 160
57 59
57 65
57 69
57 71
57 72
57 73
57 74
57 75
57 76
57 77
57 87
57 92
57 94
57 97
57 100
57 102
57 104
57 106
57 108
57 112
57 113
57 114
57 115
57 125
57 131
57 133
57 134
57 142
57 143
57 146
57 147
57 151
57 158
58 60
58 61
58 63
58 65
58 67
58 68
58 69
58 70
58 71
58 73
58 74
58 75
58 79
58 80
58 81
58 84
58 86
58 87
58 88
58 89
58 94
58 97
58 98
58 100
58 101
58 102
58 104
58 105
58 106
58 107
58 108
58 109
58 110
58 113
58 114
58 115
58 118
58 119
58 124
58 125
58 126
58 127
58 128
58 129
58 130
58 131
58 132
58 133
58 137
58 139
58 142
58 143
58 144
58 145
58 146
58 147
58 149
58 150
58 151
58 152
58 154
58 157
58 158
58 160
59 61
59 62
59 64
59 65
59 66
59 68
59 69
59 71
59 72
59 73
59 74
59 77
59 79
59 80
59 81
59 86
59 88
59 89
59 93
59 94
59 97
59 99
59 100
59 102
59 105
59 106
59 107
59 113
59 114
59 116
59 117
59 122
59 123
59 126
59 127
59 130
59 131
59 133
59 134
59 136
59 137
59 138
59 140
59 147
59 148
59 149
59 152
59 154
59 155
59 159
59 160
59 161
60 66
60 67
60 69
60 70
60 72
60 77
60 79
60 80
60 85
60 94
60 96
60 102
60 103
60 107
60 108
60 109
60 113
60 114
60 115
60 121
60 129
60 130
60 133
60 137
60 142
60 143
60 146
60 152
60 154
60 155
60 157
60 158
61 63
61 65
61 67
61 68
61 69
61 70
61 71
61 74
61 75
61 77
61 79
61 81
61 84
61 87
61 89
61 94
61 98
61 101
61 102
61 106
61 111
61 112
61 115
61 116
61 119
61 125
61 131
61 133
61 137
61 138
61 142
61 147
61 149
61 150
61 154
61 156
61 160
61 161
62 65
62 68
62 70
62 71
62 72
62 74
62 76
62 79
62 84
62 86
62 89
62 94
62 100
62 101
62 107
62 108
62 112
62 114
62 115
62 116
62 117
62 120
62 122
62 125
62 126
62 129
62 130
62 131
62 133
62 134
62 137
62 138
62 141
62 143
62 145
62 146
62 147
62 151
62 152
62 154
62 158
62 161
63 64
63 65
63 66
63 69
63 70
63 71
63 72
63 73
63 74
63 75
63 78
63 79
63 83
63 84
63 85
63 86
63 88
63 94
63 98
63 99
63 101
63 102
63 103
63 104
63 106
63 108
63 111
63 113
63 114
63 118
63 119
63 125
63 129
63 133
63 134
63 135
63 137
63 138
63 139
63 142
63 145
63 146
63 147
63 149
63 151
63 152
63 153
63 154
63 155
63 158
63 159
63 160
64 65
64 66
64 67
64 68
64 69
64 70
64 71
64 72
64 73
64 74
64 75
64 76
64 77
64 79
64 80
64 81
64 83
64 84
64 86
64 87
64 88
64 89
64 90
64 91
64 93
64 95
64 97
64 98
64 99
64 100
64 101
64 102
64 103
64 104
64 106
64 107
64 109
64 110
64 111
64 112
64 114
64 115
64 117
64 118
64 120
64 123
64 125
64 126
64 127
64 128
64 129
64 131
64 133
64 134
64 135
64 138
64 139
64 140
64 141
64 142
64 145
64 146
64 147
64 148
64 150
64 152
64 153
64 154
64 155
64 157
64 158
64 159
64 160
64 161
65 66
65 67
65 68
65 69
65 70
65 71
65 72
65 73
65 74
65 75
65 76
65 79
65 80
65 81
65 83
65 84
65 87
65 89
65 91
65 94
65 96
65 97
65 99
65 100
65 101
65 103
65 104
65 105
65 106
65 107
65 108
65 109
65 111
65 112
65 113
65 115
65 117
65 118
65 120
65 125
65 126
65 128
65 129
65 131
65 134
65 135
65 136
65 137
65 138
65 140
65 141
65 142
65 143
65 145
65 146
65 147
65 148
65 149
65 150
65 152
65 154
65 155
65 157
65 158
65 159
65 160
66 67
66 69
66 74
66 75
66 76
66 78
66 79
66 80
66 81
66 82
66 84
66 86
66 87
66 88
66 89
66 91
66 92
66 93
66 94
66 96
66 101
66 102
66 103
66 104
66 106
66 108
66 112
66 113
66 114
66 115
66 117
66 118
66 119
66 121
66 122
66 123
66 124
66 125
66 126
66 127
66 131
66 132
66 133
66 135
66 136
66 137
66 138
66 139
66 142
66 143
66 145
66 146
66 147
66 150
66 151
66 153
66 154
66 155
66 157
66 158
66 159
66 160
66 161
67 68
67 69
67 70
67 71
67 72
67 73
67 74
67 75
67 76
67 77
67 79
67 81
67 82
67 83
67 84
67 88
67 89
67 91
67 94
67 95
67 96
67 99
67 100
67 101
67 102
67 103
67 105
67 106
67 111
67 112
67 113
67 114
67 115
67 118
67 120
67 125
67 126
67 127
67 129
67 130
67 131
67 133
67 134
67 136
67 137
67 138
67 141
67 142
67 145
67 146
67 147
67 149
67 150
67 151
67 152
67 153
67 154
67 156
67 157
67 160
67 161
68 70
68 71
68 73
68 74
68 76
68 78
68 79
68 80
68 84
68 87
68 89
68 91
68 92
68 94
68 95
68 96
68 99
68 101
68 102
68 103
68 104
68 105
68 106
68 107
68 108
68 113
68 114
68 116
68 117
68 118
68 119
68 120
68 122
68 123
68 126
68 127
68 129
68 130
68 131
68 133
68 135
68 136
68 137
68 138
68 139
68 141
68 142
68 143
68 144
68 145
68 146
68 147
68 148
68 149
68 150
68 152
68 153
68 154
68 155
68 157
68 158
68 159
68 160
68 161
69 71
69 72
69 73
69 74
69 75
69 76
69 79
69 80
69 83
69 87
69 88
69 89
69 91
69 94
69 95
69 99
69 100
69 102
69 105
69 107
69 108
69 109
69 110
69 111
69 112
69 113
69 114
69 115
69 116
69 117
69 118
69 120
69 121
69 126
69 128
69 129
69 130
69 131
69 133
69 134
69 135
69 136
69 137
69 138
69 139
69 141
69 145
69 146
69 148
69 149
69 151
69 152
69 153
69 154
69 155
69 157
69 158
69 160
70 71
70 72
70 73
70 74
70 75
70 76
70 77
70 79
70 80
70 81
70 82
70 83
70 84
70 85
70 86
70 87
70 88
70 89
70 90
70 91
70 92
70 93
70 94
70 95
70 96
70 98
70 101
70 103
70 104
70 105
70 106
70 108
70 111
70 112
70 113
70 115
70 116
70 117
70 118
70 119
70 123
70 125
70 126
70 129
70 130
70 131
70 133
70 134
70 135
70 136
70 137
70 138
70 139
70 140
70 141
70 143
70 144
70 145
70 146
70 147
70 149
70 150
70 151
70 152
70 155
70 156
70 157
70 158
70 159
70 161
71 72
71 73
71 74
71 75
71 76
71 80
71 81
71 82
71 83
71 84
71 87
71 88
71 90
71 93
71 95
71 97
71 98
71 99
71 100
71 106
71 107
71 108
71 109
71 112
71 113
71 114
71 115
71 117
71 118
71 119
71 120
71 122
71 125
71 127
71 128
71 129
71 131
71 133
71 134
71 135
71 137
71 138
71 139
71 143
71 145
71 146
71 149
71 151
71 153
71 154
71 156
71 157
71 158
71 159
71 161
72 73
72 74
72 79
72 80
72 81
72 82
72 83
72 84
72 86
72 87
72 88
72 89
72 92
72 94
72 97
72 98
72 99
72 100
72 101
72 102
72 103
72 104
72 105
72 108
72 110
72 114
72 115
72 117
72 118
72 119
72 121
72 125
72 126
72 127
72 128
72 129
72 130
72 131
72 132
72 133
72 134
72 135
72 137
72 138
72 139
72 141
72 142
72 143
72 144
72 145
72 146
72 147
72 149
72 150
72 151
72 152
72 153
72 154
72 155
72 156
72 158
72 160
72 161
73 74
73 75
73 78
73 79
73 80
73 83
73 84
73 85
73 88
73 89
73 91
73 93
73 94
73 96
73 97
73 101
73 102
73 103
73 105
73 106
73 108
73 109
73 111
73 112
73 113
73 114
73 115
73 117
73 118
73 119
73 121
73 125
73 127
73 128
73 129
73 130
73 131
73 133
73 134
73 136
73 137
73 138
73 140
73 141
73 142
73 143
73 145
73 146
73 149
73 150
73 151
73 153
73 157
73 158
73 161
74 75
74 77
74 79
74 83
74 85
74 86
74 87
74 90
74 91
74 92
74 93
74 94
74 95
74 97
74 99
74 102
74 103
74 104
74 105
74 108
74 109
74 111
74 112
74 113
74 114
74 115
74 116
74 117
74 118
74 120
74 124
74 125
74 128
74 129
74 130
74 131
74 132
74 134
74 135
74 136
74 137
74 138
74 139
74 141
74 142
74 143
74 145
74 146
74 149
74 150
74 151
74 153
74 154
74 157
74 158
74 160
75 77
75 79
75 80
75 81
75 82
75 83
75 85
75 87
75 88
75 89
75 93
75 94
75 97
75 99
75 102
75 104
75 105
75 111
75 112
75 113
75 114
75 115
75 117
75 118
75 120
75 125
75 127
75 129
75 130
75 131
75 133
75 134
75 136
75 137
75 138
75 142
75 143
75 145
75 146
75 150
75 151
75 152
75 153
75 154
75 158
75 159
76 82
76 84
76 94
76 97
76 101
76 106
76 108
76 110
76 112
76 113
76 114
76 115
76 117
76 120
76 121
76 125
76 129
76 131
76 133
76 136
76 137
76 138
76 139
76 141
76 142
76 143
76 146
76 149
76 150
76 153
76 154
76 155
76 157
76 158
76 160
77 83
77 84
77 85
77 89
77 93
77 94
77 95
77 99
77 101
77 103
77 104
77 105
77 108
77 109
77 117
77 118
77 119
77 125
77 129
77 130
77 131
77 133
77 134
77 135
77 136
77 138
77 139
77 141
77 142
77 145
77 147
77 150
77 152
77 153
77 155
77 157
77 158
77 161
78 87
78 89
78 92
78 99
78 101
78 103
78 104
78 107
78 112
78 118
78 119
78 134
78 137
78 140
78 145
78 150
78 151
78 154
79 80
79 82
79 85
79 86
79 88
79 89
79 90
79 91
79 92
79 93
79 94
79 95
79 97
79 99
79 100
79 101
79 102
79 103
79 104
79 106
79 107
79 108
79 109
79 110
79 112
79 114
79 115
79 117
79 118
79 120
79 121
79 122
79 125
79 126
79 127
79 128
79 129
79 130
79 133
79 134
79 137
79 138
79 139
79 142
79 143
79 145
79 146
79 147
79 150
79 151
79 153
79 154
79 155
79 157
79 158
79 159
79 161
80 83
80 84
80 87
80 88
80 89
80 91
80 93
80 95
80 97
80 98
80 101
80 102
80 104
80 106
80 108
80 109
80 112
80 113
80 114
80 116
80 117
80 120
80 126
80 128
80 129
80 130
80 131
80 133
80 134
80 135
80 136
80 137
80 140
80 147
80 148
80 149
80 151
80 152
80 154
80 158
80 160
81 83
81 86
81 87
81 92
81 94
81 97
81 98
81 105
81 106
81 107
81 109
81 114
81 121
81 125
81 128
81 129
81 131
81 136
81 137
81 145
81 147
81 149
81 150
81 152
81 157
81 160
82 87
82 89
82 95
82 97
82 102
82 105
82 112
82 113
82 115
82 116
82 118
82 124
82 129
82 133
82 134
82 135
82 138
82 139
82 145
82 147
82 150
82 151
82 152
82 154
82 155
82 157
83 84
83 85
83 89
83 90
83 91
83 93
83 99
83 100
83 101
83 103
83 104
83 105
83 106
83 109
83 111
83 114
83 122
83 126
83 129
83 133
83 134
83 142
83 147
83 149
83 151
83 154
83 158
83 161
84 85
84 86
84 89
84 93
84 99
84 100
84 101
84 102
84 103
84 105
84 108
84 109
84 112
84 113
84 114
84 115
84 116
84 118
84 123
84 125
84 128
84 130
84 133
84 134
84 136
84 137
84 138
84 139
84 141
84 142
84 143
84 145
84 146
84 147
84 149
84 150
84 153
84 155
84 161
85 98
85 102
85 106
85 108
85 109
85 114
85 115
85 117
85 120
85 125
85 128
85 132
85 133
85 134
85 137
85 138
85 139
85 140
85 142
85 145
85 147
85 151
85 154
85 155
85 158
86 88
86 91
86 93
86 94
86 97
86 98
86 100
86 103
86 108
86 109
86 115
86 118
86 120
86 121
86 125
86 126
86 128
86 129
86 133
86 134
86 135
86 137
86 139
86 140
86 143
86 145
86 146
86 147
86 152
86 154
86 161
87 88
87 91
87 94
87 98
87 99
87 108
87 109
87 110
87 113
87 115
87 118
87 125
87 130
87 131
87 133
87 136
87 138
87 141
87 142
87 148
87 151
87 152
87 153
87 157
87 158
87 159
88 93
88 94
88 95
88 97
88 98
88 101
88 102
88 103
88 105
88 108
88 111
88 113
88 114
88 115
88 117
88 122
88 125
88 126
88 127
88 129
88 130
88 133
88 134
88 135
88 137
88 138
88 146
88 147
88 150
88 151
88 152
88 154
88 158
88 160
88 161
89 91
89 92
89 93
89 94
89 95
89 97
89 99
89 101
89 102
89 103
89 105
89 106
89 107
89 108
89 109
89 110
89 113
89 114
89 115
89 116
89 117
89 118
89 121
89 122
89 123
89 124
89 128
89 129
89 131
89 133
89 134
89 135
89 136
89 138
89 139
89 140
89 141
89 142
89 143
89 145
89 146
89 147
89 148
89 150
89 151
89 152
89 154
89 157
89 158
89 159
89 160
89 161
90 93
90 94
90 97
90 99
90 101
90 102
90 109
90 112
90 129
90 131
90 133
90 136
90 141
90 151
90 152
90 154
90 155
90 157
90 161
91 92
91 93
91 94
91 97
91 98
91 101
91 105
91 106
91 108
91 109
91 111
91 112
91 114
91 115
91 118
91 119
91 126
91 129
91 131
91 132
91 133
91 137
91 138
91 139
91 142
91 144
91 145
91 147
91 151
91 152
91 154
91 155
91 157
91 159
91 160
92 94
92 97
92 101
92 102
92 106
92 107
92 108
92 109
92 113
92 114
92 117
92 120
92 126
92 127
92 129
92 130
92 131
92 133
92 137
92 139
92 146
92 153
92 154
92 155
92 157
92 160
93 97
93 100
93 101
93 102
93 106
93 107
93 109
93 112
93 113
93 115
93 116
93 117
93 118
93 119
93 125
93 129
93 133
93 134
93 137
93 138
93 139
93 143
93 145
93 146
93 147
93 154
93 157
93 158
93 161
94 96
94 97
94 98
94 99
94 101
94 102
94 103
94 105
94 106
94 107
94 108
94 109
94 110
94 111
94 112
94 113
94 114
94 115
94 117
94 118
94 119
94 122
94 127
94 128
94 129
94 130
94 131
94 133
94 134
94 135
94 136
94 138
94 141
94 142
94 143
94 146
94 147
94 148
94 151
94 153
94 154
94 155
94 157
94 158
94 160
94 161
95 101
95 105
95 107
95 108
95 112
95 114
95 117
95 126
95 127
95 129
95 130
95 131
95 133
95 135
95 139
95 142
95 143
95 150
95 151
95 152
96 98
96 99
96 103
96 106
96 107
96 108
96 112
96 113
96 114
96 117
96 118
96 124
96 125
96 129
96 131
96 137
96 138
96 140
96 141
96 142
96 148
96 161
97 98
97 99
97 101
97 102
97 103
97 104
97 105
97 106
97 107
97 108
97 111
97 112
97 113
97 114
97 116
97 117
97 118
97 123
97 125
97 129
97 131
97 132
97 133
97 134
97 135
97 138
97 142
97 143
97 146
97 147
97 150
97 151
97 152
97 154
97 155
97 156
97 157
97 158
97 160
98 101
98 102
98 103
98 105
98 106
98 107
98 111
98 112
98 117
98 124
98 125
98 129
98 130
98 137
98 138
98 145
98 148
98 149
98 150
98 151
98 153
98 155
98 159
99 102
99 105
99 106
99 113
99 116
99 118
99 125
99 128
99 131
99 133
99 137
99 138
99 141
99 142
99 144
99 146
99 147
99 150
99 154
99 158
100 101
100 102
100 106
100 108
100 111
100 113
100 114
100 116
100 117
100 118
100 125
100 130
100 131
100 133
100 134
100 136
100 137
100 139
100 142
100 143
100 145
100 150
100 151
100 152
100 154
100 158
101 103
101 104
101 105
101 106
101 107
101 112
101 114
101 115
101 116
101 118
101 119
101 125
101 127
101 128
101 129
101 130
101 131
101 132
101 133
101 134
101 135
101 136
101 137
101 138
101 139
101 141
101 142
101 143
101 144
101 145
101 146
101 147
101 149
101 150
101 151
101 152
101 153
101 154
101 155
101 156
101 157
101 158
101 160
101 161
102 103
102 104
102 105
102 106
102 107
102 108
102 109
102 113
102 114
102 115
102 116
102 117
102 118
102 120
102 122
102 125
102 126
102 127
102 128
102 129
102 130
102 131
102 132
102 133
102 135
102 136
102 138
102 139
102 142
102 145
102 146
102 147
102 149
102 150
102 151
102 152
102 155
102 157
102 158
102 160
103 105
103 106
103 108
103 111
103 112
103 113
103 117
103 122
103 125
103 127
103 130
103 131
103 132
103 133
103 134
103 137
103 139
103 141
103 142
103 145
103 151
103 153
103 154
103 161
104 109
104 111
104 112
104 114
104 116
104 117
104 126
104 127
104 129
104 130
104 134
104 135
104 137
104 140
104 147
104 149
104 151
104 160
104 161
105 107
105 110
105 111
105 112
105 113
105 114
105 115
105 117
105 118
105 119
105 125
105 126
105 128
105 129
105 130
105 131
105 134
105 135
105 137
105 139
105 142
105 143
105 146
105 147
105 150
105 151
105 154
105 155
105 158
105 161
106 107
106 108
106 112
106 113
106 114
106 115
106 116
106 117
106 118
106 119
106 122
106 123
106 125
106 126
106 127
106 128
106 129
106 130
106 131
106 132
106 133
106 134
106 135
106 136
106 137
106 138
106 140
106 141
106 142
106 143
106 145
106 146
106 147
106 149
106 150
106 151
106 152
106 153
106 154
106 155
106 157
106 158
106 160
106 161
107 109
107 112
107 113
107 114
107 115
107 117
107 119
107 126
107 128
107 129
107 130
107 131
107 134
107 137
107 138
107 140
107 147
107 149
107 150
107 152
107 154
107 155
107 157
107 159
107 161
108 109
108 110
108 112
108 113
108 114
108 115
108 117
108 118
108 119
108 120
108 121
108 122
108 123
108 124
108 128
108 129
108 130
108 131
108 133
108 137
108 139
108 140
108 141
108 142
108 145
108 146
108 147
108 150
108 151
108 152
108 154
108 156
108 157
108 158
108 159
108 161
109 111
109 112
109 113
109 115
109 116
109 117
109 118
109 119
109 124
109 126
109 128
109 129
109 130
109 131
109 133
109 134
109 135
109 137
109 138
109 139
109 140
109 142
109 143
109 144
109 145
109 147
109 150
109 151
109 152
109 154
109 155
109 158
109 159
109 160
110 114
110 116
110 125
110 129
110 133
110 137
110 139
110 143
110 146
110 150
110 152
110 154
110 155
110 158
110 161
111 114
111 115
111 117
111 118
111 119
111 120
111 125
111 126
111 127
111 128
111 131
111 132
111 133
111 134
111 135
111 137
111 138
111 140
111 141
111 142
111 143
111 145
111 149
111 151
111 157
112 113
112 114
112 115
112 116
112 117
112 126
112 130
112 133
112 134
112 135
112 136
112 137
112 139
112 142
112 143
112 144
112 146
112 147
112 149
112 151
112 152
112 154
112 155
112 157
112 158
112 160
113 114
113 115
113 116
113 117
113 118
113 121
113 126
113 127
113 128
113 129
113 131
113 132
113 133
113 134
113 135
113 136
113 137
113 141
113 142
113 143
113 145
113 146
113 147
113 149
113 150
113 152
113 154
113 155
113 156
113 157
113 158
113 159
114 115
114 116
114 118
114 119
114 120
114 124
114 125
114 126
114 127
114 128
114 131
114 132
114 133
114 134
114 135
114 136
114 137
114 138
114 139
114 142
114 145
114 146
114 147
114 150
114 154
114 157
114 158
114 160
115 117
115 118
115 120
115 121
115 125
115 126
115 128
115 129
115 130
115 131
115 133
115 134
115 135
115 136
115 138
115 139
115 141
115 142
115 145
115 146
115 147
115 148
115 149
115 150
115 151
115 152
115 153
115 154
115 155
115 157
115 158
115 160
115 161
116 117
116 118
116 122
116 123
116 124
116 125
116 126
116 127
116 129
116 131
116 133
116 134
116 137
116 139
116 142
116 147
116 150
116 151
116 152
116 153
116 154
117 118
117 119
117 121
117 129
117 130
117 131
117 133
117 134
117 136
117 137
117 138
117 139
117 140
117 141
117 142
117 145
117 146
117 147
117 149
117 150
117 151
117 152
117 153
117 157
117 159
118 119
118 126
118 127
118 128
118 129
118 130
118 131
118 132
118 133
118 134
118 135
118 137
118 138
118 139
118 141
118 142
118 143
118 145
118 146
118 147
118 148
118 150
118 151
118 154
118 158
118 159
118 161
119 128
119 129
119 133
119 137
119 138
119 146
119 147
119 154
119 158
119 159
119 161
120 129
120 130
120 131
120 141
120 147
120 152
120 158
120 159
121 129
121 137
121 151
121 154
121 155
122 131
122 134
122 136
122 138
122 142
122 143
122 145
122 147
122 150
122 151
122 154
122 159
122 160
123 125
123 129
123 138
123 139
123 146
123 154
123 159
123 160
123 161
124 126
124 135
124 137
124 138
124 139
124 149
124 150
124 158
124 159
125 126
125 128
125 129
125 131
125 132
125 133
125 134
125 137
125 139
125 143
125 146
125 149
125 150
125 151
125 152
125 155
125 157
125 158
125 159
125 160
126 127
126 129
126 131
126 133
126 134
126 135
126 137
126 138
126 141
126 142
126 144
126 147
126 151
126 152
126 154
126 155
126 159
126 160
126 161
127 131
127 133
127 134
127 135
127 136
127 137
127 138
127 146
127 147
127 151
127 153
127 154
127 155
127 158
127 161
128 129
128 131
128 137
128 138
128 139
128 141
128 142
128 146
128 150
128 152
128 155
128 161
129 130
129 131
129 133
129 134
129 135
129 136
129 138
129 139
129 140
129 141
129 143
129 146
129 147
129 150
129 151
129 152
129 154
129 155
129 157
129 158
129 160
129 161
130 131
130 133
130 134
130 135
130 136
130 137
130 139
130 141
130 143
130 146
130 147
130 148
130 150
130 151
130 152
130 153
130 158
130 160
131 133
131 134
131 135
131 136
131 137
131 138
131 139
131 141
131 142
131 144
131 145
131 146
131 147
131 148
131 151
131 153
131 155
131 157
131 158
131 159
131 161
132 133
132 135
132 137
132 138
132 139
132 141
132 146
132 158
133 134
133 135
133 137
133 138
133 139
133 140
133 141
133 143
133 145
133 146
133 147
133 148
133 149
133 150
133 151
133 152
133 154
133 155
133 157
133 158
133 159
133 160
133 161
134 135
134 136
134 137
134 138
134 139
134 142
134 145
134 146
134 147
134 148
134 149
134 150
134 152
134 153
134 154
134 157
134 158
134 159
135 138
135 141
135 142
135 143
135 145
135 148
135 149
135 150
135 151
135 152
135 153
135 154
135 159
136 137
136 140
136 146
136 150
136 151
136 152
136 158
136 159
136 161
137 138
137 139
137 140
137 142
137 143
137 147
137 149
137 150
137 151
137 152
137 153
137 155
137 158
137 159
137 160
137 161
138 140
138 141
138 142
138 143
138 145
138 147
138 150
138 151
138 152
138 154
138 155
138 156
138 157
138 158
138 159
138 160
138 161
139 141
139 142
139 143
139 146
139 147
139 148
139 150
139 151
139 154
139 155
139 157
139 158
139 161
140 143
140 147
140 149
140 151
140 154
140 159
140 161
141 142
141 143
141 146
141 148
141 150
141 151
141 154
141 155
141 158
141 160
141 161
142 143
142 145
142 146
142 147
142 148
142 149
142 150
142 151
142 152
142 153
142 154
142 155
142 156
142 157
142 158
142 159
142 160
142 161
143 144
143 153
143 157
144 154
145 147
145 149
145 150
145 151
145 152
145 153
145 154
145 155
145 158
146 147
146 149
146 150
146 152
146 153
146 154
146 157
147 148
147 149
147 150
147 152
147 157
147 158
147 159
147 160
147 161
148 152
148 153
148 155
148 159
148 161
149 152
149 153
149 155
149 160
150 152
150 154
150 155
151 153
151 157
151 160
151 161
152 153
152 154
152 157
152 158
152 160
152 161
153 154
153 155
153 157
153 158
153 160
154 155
154 157
154 159
154 160
155 159
155 160
155 161
156 158
156 161
157 158
157 160
157 161
159 160
159 161
160 161
