0 1
0 4
0 5
0 6
0 10
0 13
0 14
0 18
0 21
0 22
0 25
0 30
0 32
0 35
0 36
0 39
0 44
0 50
0 51
0 55
0 56
0 58
0 64
0 66
0 67
0 70
0 71
0 72
0 79
0 80
0 82
0 84
0 89
0 94
0 97
0 99
0 102
0 108
0 113
0 115
0 116
0 118
0 119
0 120
0 125
0 128
0 129
0 131
0 133
0 135
0 137
0 138
0 141
0 142
0 146
0 150
0 154
0 157
0 158
0 160
0 161
1 2
1 4
1 5
1 6
1 7
1 11
1 12
1 14
1 18
1 19
1 21
1 24
1 26
1 28
1 29
1 30
1 32
1 35
1 38
1 39
1 40
1 43
1 50
1 51
1 54
1 56
1 59
1 60
1 62
1 63
1 64
1 65
1 66
1 67
1 68
1 69
1 70
1 71
1 73
1 74
1 75
1 76
1 79
1 81
1 82
1 89
1 94
1 96
1 97
1 99
1 100
1 101
1 105
1 107
1 108
1 109
1 110
1 116
1 117
1 124
1 125
1 126
1 127
1 129
1 130
1 135
1 136
1 138
1 139
1 142
1 145
1 146
1 147
1 149
1 150
1 152
1 153
1 154
1 156
1 157
1 158
1 159
1 161
2 4
2 6
2 7
2 8
2 11
2 15
2 19
2 22
2 25
2 31
2 32
2 35
2 36
2 37
2 38
2 39
2 40
2 42
2 44
2 45
2 49
2 51
2 53
2 54
2 55
2 56
2 58
2 63
2 64
2 67
2 68
2 72
2 73
2 76
2 80
2 86
2 90
2 93
2 94
2 96
2 97
2 101
2 102
2 105
2 108
2 110
2 114
2 115
2 117
2 118
2 122
2 126
2 129
2 131
2 133
2 134
2 137
2 138
2 139
2 141
2 145
2 147
2 154
2 157
3 4
3 6
3 7
3 10
3 11
3 21
3 22
3 36
3 40
3 41
3 42
3 46
3 50
3 54
3 55
3 57
3 58
3 64
3 66
3 67
3 69
3 70
3 71
3 72
3 74
3 80
3 85
3 86
3 89
3 94
3 97
3 100
3 101
3 102
3 104
3 105
3 106
3 109
3 112
3 113
3 114
3 115
3 117
3 126
3 128
3 129
3 134
3 135
3 138
3 141
3 143
3 147
3 149
3 150
3 151
3 152
3 154
3 158
3 160
3 161
4 5
4 6
4 7
4 8
4 10
4 11
4 12
4 13
4 14
4 16
4 17
4 18
4 19
4 21
4 22
4 24
4 25
4 26
4 27
4 28
4 30
4 31
4 34
4 37
4 38
4 40
4 41
4 44
4 46
4 49
4 50
4 51
4 52
4 53
4 54
4 55
4 56
4 57
4 58
4 59
4 61
4 62
4 63
4 64
4 65
4 66
4 67
4 68
4 69
4 70
4 71
4 72
4 73
4 74
4 76
4 77
4 79
4 80
4 81
4 82
4 83
4 84
4 88
4 89
4 90
4 91
4 93
4 94
4 95
4 98
4 101
4 102
4 106
4 107
4 108
4 109
4 110
4 112
4 113
4 114
4 115
4 116
4 117
4 118
4 120
4 121
4 124
4 125
4 126
4 128
4 129
4 131
4 133
4 134
4 136
4 137
4 138
4 139
4 143
4 145
4 151
4 152
4 154
4 156
4 157
4 159
4 161
5 6
5 9
5 14
5 15
5 16
5 18
5 21
5 27
5 30
5 34
5 35
5 38
5 43
5 54
5 56
5 59
5 63
5 64
5 65
5 67
5 68
5 69
5 70
5 74
5 77
5 81
5 99
5 101
5 102
5 105
5 106
5 108
5 113
5 115
5 117
5 121
5 123
5 125
5 126
5 131
5 134
5 137
5 138
5 146
5 147
5 150
5 151
5 154
6 7
6 8
6 9
6 12
6 13
6 14
6 15
6 16
6 17
6 18
6 19
6 20
6 21
6 22
6 23
6 25
6 26
6 27
6 29
6 30
6 31
6 33
6 35
6 36
6 37
6 38
6 39
6 40
6 42
6 44
6 45
6 48
6 49
6 50
6 51
6 52
6 53
6 54
6 55
6 56
6 57
6 58
6 59
6 61
6 62
6 63
6 64
6 66
6 67
6 68
6 69
6 70
6 71
6 72
6 73
6 74
6 75
6 76
6 77
6 79
6 82
6 83
6 84
6 85
6 86
6 87
6 88
6 89
6 91
6 92
6 93
6 94
6 96
6 98
6 99
6 101
6 102
6 103
6 104
6 106
6 107
6 108
6 109
6 110
6 111
6 112
6 113
6 114
6 115
6 118
6 119
6 120
6 122
6 123
6 125
6 127
6 128
6 133
6 134
6 135
6 137
6 138
6 139
6 141
6 142
6 143
6 144
6 145
6 146
6 148
6 149
6 150
6 151
6 152
6 154
6 155
6 157
6 158
6 160
7 8
7 10
7 11
7 13
7 14
7 15
7 16
7 20
7 22
7 24
7 25
7 26
7 27
7 29
7 30
7 31
7 32
7 34
7 35
7 36
7 37
7 38
7 39
7 40
7 41
7 42
7 43
7 45
7 46
7 48
7 49
7 50
7 51
7 52
7 54
7 55
7 56
7 57
7 59
7 61
7 62
7 63
7 65
7 66
7 67
7 68
7 69
7 70
7 71
7 73
7 74
7 75
7 76
7 77
7 78
7 79
7 80
7 81
7 82
7 83
7 84
7 88
7 89
7 91
7 93
7 94
7 97
7 98
7 99
7 101
7 102
7 105
7 106
7 108
7 109
7 111
7 112
7 113
7 114
7 115
7 117
7 118
7 122
7 124
7 125
7 129
7 131
7 133
7 134
7 135
7 136
7 137
7 138
7 139
7 140
7 141
7 142
7 143
7 145
7 151
7 152
7 153
7 154
7 157
7 158
7 161
8 9
8 10
8 12
8 13
8 14
8 20
8 21
8 23
8 25
8 26
8 36
8 37
8 39
8 43
8 45
8 49
8 51
8 53
8 58
8 59
8 61
8 63
8 65
8 71
8 72
8 76
8 77
8 80
8 84
8 85
8 88
8 89
8 93
8 94
8 96
8 97
8 100
8 101
8 103
8 106
8 108
8 111
8 113
8 115
8 125
8 127
8 130
8 131
8 134
8 137
8 139
8 143
8 145
8 146
8 147
8 150
8 151
8 152
8 154
8 161
9 11
9 14
9 18
9 19
9 20
9 21
9 22
9 23
9 25
9 32
9 33
9 35
9 36
9 38
9 39
9 41
9 42
9 44
9 45
9 46
9 49
9 51
9 52
9 53
9 55
9 56
9 58
9 61
9 62
9 63
9 64
9 65
9 66
9 67
9 68
9 69
9 71
9 72
9 74
9 75
9 77
9 80
9 82
9 83
9 84
9 85
9 86
9 88
9 89
9 93
9 94
9 95
9 101
9 102
9 104
9 106
9 109
9 110
9 112
9 113
9 114
9 115
9 116
9 118
9 127
9 129
9 134
9 135
9 136
9 137
9 142
9 143
9 144
9 147
9 149
9 151
9 152
9 154
9 158
9 159
10 11
10 12
10 14
10 17
10 19
10 21
10 25
10 26
10 30
10 31
10 32
10 37
10 38
10 39
10 40
10 44
10 49
10 51
10 53
10 55
10 56
10 58
10 62
10 63
10 65
10 66
10 68
10 69
10 70
10 71
10 72
10 74
10 77
10 78
10 85
10 86
10 89
10 97
10 99
10 100
10 101
10 102
10 103
10 106
10 113
10 114
10 115
10 118
10 125
10 130
10 133
10 134
10 137
10 138
10 142
10 143
10 147
10 150
10 151
10 152
10 154
10 155
10 156
10 158
10 161
11 12
11 14
11 16
11 18
11 19
11 26
11 28
11 30
11 32
11 33
11 34
11 37
11 38
11 40
11 44
11 45
11 46
11 51
11 54
11 56
11 57
11 58
11 61
11 62
11 64
11 66
11 67
11 68
11 69
11 73
11 74
11 76
11 77
11 79
11 82
11 83
11 87
11 90
11 91
11 93
11 94
11 95
11 98
11 99
11 101
11 102
11 105
11 106
11 107
11 108
11 110
11 111
11 112
11 113
11 114
11 116
11 117
11 118
11 119
11 120
11 126
11 129
11 130
11 131
11 132
11 133
11 134
11 136
11 137
11 138
11 139
11 142
11 145
11 146
11 147
11 150
11 151
11 152
11 153
11 154
11 155
11 158
11 159
11 160
12 14
12 16
12 18
12 20
12 21
12 23
12 24
12 25
12 26
12 27
12 29
12 30
12 31
12 32
12 36
12 39
12 40
12 44
12 45
12 50
12 52
12 55
12 58
12 59
12 65
12 67
12 68
12 70
12 72
12 76
12 79
12 80
12 83
12 84
12 89
12 90
12 92
12 94
12 99
12 102
12 103
12 105
12 107
12 109
12 113
12 114
12 115
12 116
12 117
12 118
12 121
12 123
12 125
12 127
12 129
12 131
12 133
12 136
12 137
12 138
12 140
12 142
12 145
12 146
12 147
12 150
12 151
12 153
12 154
12 158
12 160
13 14
13 18
13 21
13 26
13 27
13 30
13 32
13 37
13 38
13 42
13 44
13 50
13 51
13 53
13 54
13 55
13 56
13 58
13 61
13 62
13 63
13 64
13 65
13 66
13 67
13 68
13 69
13 73
13 74
13 79
13 80
13 84
13 85
13 86
13 88
13 89
13 91
13 98
13 99
13 100
13 101
13 102
13 103
13 104
13 107
13 108
13 109
13 112
13 113
13 115
13 117
13 118
13 119
13 127
13 129
13 133
13 138
13 142
13 144
13 147
13 151
13 152
13 154
13 155
13 158
13 160
14 16
14 18
14 19
14 20
14 21
14 23
14 24
14 26
14 27
14 30
14 31
14 33
14 34
14 35
14 36
14 37
14 38
14 40
14 41
14 42
14 43
14 44
14 48
14 49
14 51
14 54
14 55
14 56
14 57
14 58
14 60
14 61
14 64
14 65
14 66
14 67
14 68
14 69
14 70
14 71
14 72
14 73
14 74
14 75
14 76
14 77
14 78
14 79
14 80
14 81
14 82
14 84
14 89
14 91
14 92
14 94
14 95
14 96
14 97
14 98
14 99
14 101
14 102
14 104
14 105
14 106
14 109
14 112
14 115
14 116
14 117
14 118
14 119
14 120
14 124
14 125
14 126
14 127
14 128
14 129
14 130
14 131
14 132
14 133
14 134
14 135
14 136
14 137
14 138
14 141
14 142
14 145
14 146
14 147
14 151
14 152
14 154
14 156
14 157
14 158
14 159
14 160
14 161
15 21
15 26
15 32
15 37
15 40
15 42
15 44
15 46
15 51
15 54
15 58
15 64
15 65
15 66
15 67
15 70
15 71
15 73
15 79
15 84
15 87
15 89
15 92
15 97
15 106
15 109
15 112
15 113
15 114
15 117
15 118
15 129
15 130
15 134
15 135
15 138
15 141
15 146
15 147
15 151
15 152
15 154
15 158
15 159
15 160
15 161
16 18
16 19
16 21
16 30
16 32
16 40
16 43
16 46
16 49
16 51
16 52
16 56
16 57
16 58
16 61
16 64
16 65
16 67
16 71
16 72
16 73
16 74
16 88
16 100
16 102
16 106
16 109
16 110
16 118
16 125
16 129
16 130
16 131
16 133
16 137
16 138
16 139
16 152
16 154
16 155
16 156
16 157
16 158
16 161
17 25
17 26
17 28
17 32
17 38
17 40
17 45
17 46
17 50
17 51
17 54
17 55
17 57
17 58
17 61
17 68
17 71
17 73
17 76
17 77
17 79
17 86
17 89
17 95
17 97
17 102
17 112
17 113
17 115
17 117
17 120
17 123
17 124
17 128
17 131
17 133
17 134
17 137
17 138
17 146
17 151
17 152
17 154
17 159
18 20
18 23
18 28
18 30
18 31
18 37
18 38
18 40
18 44
18 45
18 48
18 49
18 51
18 53
18 59
18 63
18 64
18 65
18 66
18 67
18 68
18 73
18 75
18 77
18 80
18 85
18 88
18 90
18 94
18 96
18 101
18 102
18 106
18 108
18 109
18 112
18 113
18 115
18 116
18 117
18 118
18 125
18 131
18 132
18 133
18 134
18 135
18 138
18 141
18 142
18 144
18 145
18 146
18 147
18 150
18 154
18 157
18 158
18 161
19 21
19 22
19 23
19 24
19 28
19 29
19 30
19 31
19 32
19 33
19 35
19 36
19 40
19 42
19 43
19 44
19 45
19 46
19 47
19 48
19 49
19 50
19 51
19 52
19 54
19 56
19 57
19 59
19 61
19 64
19 65
19 66
19 67
19 69
19 70
19 71
19 72
19 74
19 75
19 76
19 77
19 79
19 80
19 82
19 84
19 88
19 89
19 93
19 94
19 95
19 96
19 97
19 98
19 99
19 100
19 101
19 102
19 103
19 104
19 105
19 106
19 108
19 112
19 113
19 114
19 115
19 117
19 119
19 121
19 122
19 125
19 126
19 127
19 129
19 130
19 131
19 133
19 134
19 137
19 138
19 139
19 140
19 142
19 143
19 145
19 147
19 148
19 149
19 150
19 152
19 153
19 154
19 155
19 158
19 160
19 161
20 23
20 28
20 29
20 33
20 36
20 38
20 40
20 46
20 49
20 54
20 59
20 64
20 66
20 67
20 70
20 73
20 74
20 77
20 88
20 96
20 97
20 100
20 101
20 102
20 103
20 111
20 114
20 119
20 131
20 137
20 150
20 152
20 153
20 156
20 157
20 158
20 161
21 23
21 24
21 25
21 30
21 31
21 33
21 34
21 35
21 37
21 38
21 39
21 40
21 44
21 45
21 49
21 52
21 54
21 55
21 60
21 62
21 64
21 65
21 66
21 67
21 68
21 69
21 70
21 71
21 72
21 73
21 76
21 77
21 78
21 79
21 80
21 82
21 83
21 88
21 89
21 90
21 91
21 93
21 94
21 97
21 99
21 100
21 101
21 104
21 105
21 106
21 107
21 108
21 111
21 113
21 114
21 115
21 116
21 118
21 120
21 121
21 122
21 125
21 127
21 128
21 129
21 130
21 131
21 134
21 136
21 137
21 138
21 139
21 140
21 141
21 142
21 144
21 145
21 146
21 151
21 152
21 153
21 154
21 157
21 158
21 160
22 24
22 30
22 31
22 32
22 42
22 44
22 49
22 50
22 51
22 54
22 64
22 66
22 67
22 68
22 69
22 71
22 73
22 83
22 84
22 88
22 89
22 95
22 100
22 101
22 106
22 108
22 110
22 112
22 113
22 114
22 117
22 118
22 119
22 129
22 131
22 133
22 134
22 136
22 137
22 138
22 140
22 142
22 146
22 147
22 153
22 154
22 160
23 26
23 30
23 32
23 34
23 39
23 40
23 43
23 46
23 50
23 51
23 54
23 56
23 60
23 61
23 65
23 68
23 69
23 71
23 73
23 74
23 77
23 79
23 83
23 87
23 93
23 95
23 101
23 106
23 109
23 113
23 122
23 129
23 130
23 133
23 135
23 137
23 138
23 142
23 145
23 147
23 151
23 154
23 158
23 159
23 161
24 25
24 26
24 31
24 32
24 37
24 39
24 40
24 41
24 43
24 45
24 49
24 51
24 53
24 54
24 56
24 57
24 59
24 61
24 64
24 65
24 66
24 67
24 68
24 69
24 70
24 71
24 74
24 79
24 80
24 87
24 89
24 93
24 94
24 98
24 100
24 101
24 102
24 105
24 106
24 107
24 108
24 112
24 114
24 115
24 117
24 118
24 123
24 125
24 127
24 129
24 131
24 134
24 135
24 137
24 139
24 140
24 141
24 142
24 146
24 150
24 151
24 152
24 153
25 26
25 30
25 31
25 32
25 34
25 39
25 42
25 43
25 45
25 46
25 47
25 49
25 50
25 52
25 53
25 54
25 57
25 58
25 64
25 65
25 67
25 68
25 69
25 70
25 72
25 73
25 75
25 76
25 78
25 82
25 85
25 86
25 92
25 93
25 96
25 99
25 101
25 102
25 105
25 106
25 111
25 112
25 114
25 115
25 116
25 117
25 118
25 124
25 130
25 131
25 133
25 135
25 136
25 137
25 138
25 139
25 144
25 146
25 147
25 150
25 151
25 152
25 153
25 154
25 158
25 159
26 27
26 29
26 30
26 31
26 32
26 34
26 35
26 36
26 37
26 38
26 39
26 40
26 41
26 42
26 43
26 44
26 45
26 46
26 48
26 49
26 50
26 51
26 52
26 54
26 55
26 56
26 57
26 59
26 60
26 61
26 62
26 63
26 64
26 65
26 66
26 67
26 68
26 69
26 70
26 71
26 72
26 74
26 75
26 76
26 77
26 79
26 80
26 81
26 83
26 84
26 85
26 89
26 90
26 91
26 93
26 94
26 97
26 98
26 99
26 101
26 103
26 104
26 105
26 106
26 108
26 111
26 112
26 113
26 114
26 115
26 116
26 117
26 118
26 120
26 121
26 125
26 126
26 128
26 129
26 130
26 131
26 132
26 133
26 134
26 135
26 137
26 138
26 139
26 140
26 141
26 142
26 145
26 146
26 147
26 149
26 150
26 153
26 154
26 155
26 156
26 157
26 158
27 31
27 45
27 49
27 52
27 56
27 61
27 63
27 65
27 69
27 70
27 77
27 79
27 85
27 88
27 89
27 97
27 99
27 102
27 103
27 108
27 117
27 118
27 138
27 139
27 142
27 143
27 152
27 154
28 40
28 44
28 45
28 50
28 51
28 52
28 54
28 56
28 57
28 58
28 64
28 65
28 69
28 71
28 72
28 74
28 77
28 78
28 83
28 87
28 89
28 97
28 100
28 101
28 102
28 106
28 110
28 117
28 118
28 120
28 125
28 129
28 130
28 131
28 135
28 137
28 138
28 142
28 143
28 145
28 146
28 150
28 152
28 154
28 155
28 158
28 161
29 32
29 37
29 38
29 42
29 44
29 46
29 49
29 52
29 55
29 56
29 58
29 60
29 62
29 66
29 67
29 68
29 71
29 73
29 75
29 79
29 80
29 82
29 83
29 84
29 85
29 89
29 93
29 94
29 96
29 105
29 106
29 108
29 112
29 114
29 117
29 118
29 124
29 127
29 129
29 130
29 137
29 139
29 151
29 153
29 156
30 33
30 35
30 37
30 38
30 39
30 40
30 44
30 45
30 46
30 48
30 49
30 50
30 51
30 53
30 54
30 55
30 56
30 57
30 58
30 61
30 62
30 63
30 64
30 65
30 66
30 68
30 69
30 71
30 72
30 73
30 74
30 78
30 80
30 83
30 84
30 89
30 93
30 94
30 97
30 98
30 99
30 100
30 101
30 102
30 103
30 105
30 107
30 109
30 111
30 113
30 114
30 115
30 116
30 117
30 118
30 119
30 122
30 125
30 129
30 130
30 131
30 134
30 137
30 138
30 140
30 141
30 142
30 146
30 147
30 149
30 150
30 151
30 152
30 153
30 154
30 155
30 158
30 159
30 160
30 161
31 33
31 34
31 35
31 36
31 37
31 38
31 39
31 42
31 43
31 44
31 45
31 47
31 48
31 49
31 50
31 51
31 52
31 53
31 54
31 55
31 56
31 59
31 63
31 64
31 65
31 66
31 67
31 68
31 69
31 70
31 71
31 73
31 74
31 75
31 76
31 77
31 79
31 80
31 83
31 84
31 88
31 89
31 92
31 94
31 95
31 97
31 99
31 100
31 101
31 102
31 106
31 107
31 108
31 109
31 113
31 114
31 115
31 117
31 118
31 119
31 122
31 124
31 125
31 126
31 127
31 129
31 130
31 133
31 134
31 135
31 137
31 138
31 139
31 142
31 143
31 146
31 147
31 150
31 151
31 152
31 153
31 155
31 156
31 158
31 159
31 160
31 161
32 34
32 35
32 37
32 38
32 39
32 40
32 41
32 43
32 44
32 45
32 49
32 50
32 54
32 56
32 61
32 62
32 63
32 64
32 65
32 67
32 68
32 69
32 71
32 72
32 73
32 74
32 75
32 77
32 79
32 80
32 82
32 83
32 86
32 87
32 89
32 90
32 91
32 92
32 94
32 96
32 97
32 98
32 99
32 102
32 105
32 106
32 107
32 109
32 111
32 112
32 113
32 114
32 115
32 117
32 119
32 121
32 122
32 123
32 125
32 126
32 128
32 129
32 130
32 131
32 133
32 134
32 135
32 137
32 138
32 139
32 140
32 141
32 143
32 144
32 146
32 150
32 151
32 152
32 153
32 154
32 155
32 157
32 158
32 159
32 161
33 34
33 35
33 38
33 39
33 40
33 51
33 54
33 56
33 58
33 61
33 65
33 67
33 68
33 76
33 83
33 89
33 92
33 93
33 94
33 101
33 108
33 109
33 111
33 117
33 121
33 129
33 131
33 133
33 138
33 139
33 142
33 150
33 152
33 153
33 154
33 158
33 160
34 38
34 39
34 40
34 41
34 42
34 44
34 45
34 51
34 52
34 53
34 54
34 55
34 58
34 65
34 67
34 68
34 70
34 72
34 74
34 75
34 79
34 80
34 83
34 87
34 89
34 90
34 91
34 92
34 97
34 99
34 102
34 106
34 108
34 111
34 113
34 117
34 129
34 130
34 131
34 137
34 138
34 144
34 145
34 153
34 157
34 158
34 161
35 36
35 37
35 39
35 40
35 42
35 48
35 49
35 51
35 52
35 54
35 56
35 59
35 60
35 61
35 64
35 65
35 66
35 67
35 69
35 70
35 71
35 72
35 73
35 74
35 75
35 76
35 78
35 79
35 80
35 84
35 87
35 88
35 89
35 91
35 92
35 93
35 94
35 99
35 101
35 102
35 104
35 106
35 107
35 108
35 109
35 111
35 112
35 114
35 115
35 116
35 117
35 118
35 120
35 123
35 129
35 131
35 134
35 136
35 137
35 140
35 141
35 145
35 146
35 147
35 150
35 152
35 155
35 156
35 157
35 158
35 159
36 38
36 40
36 42
36 43
36 44
36 45
36 46
36 50
36 53
36 54
36 55
36 56
36 60
36 65
36 68
36 71
36 72
36 73
36 74
36 75
36 76
36 77
36 78
36 79
36 80
36 84
36 85
36 86
36 87
36 88
36 89
36 91
36 92
36 93
36 94
36 98
36 100
36 101
36 102
36 105
36 106
36 107
36 108
36 110
36 111
36 113
36 114
36 115
36 117
36 120
36 125
36 126
36 128
36 129
36 131
36 133
36 134
36 136
36 137
36 138
36 139
36 147
36 150
36 151
36 152
36 157
36 158
37 39
37 40
37 43
37 45
37 48
37 49
37 50
37 51
37 52
37 54
37 55
37 56
37 58
37 59
37 62
37 63
37 64
37 65
37 66
37 67
37 69
37 70
37 72
37 73
37 74
37 79
37 80
37 81
37 83
37 86
37 87
37 88
37 89
37 91
37 98
37 101
37 102
37 103
37 105
37 106
37 108
37 112
37 113
37 114
37 115
37 116
37 117
37 118
37 119
37 123
37 129
37 133
37 135
37 137
37 139
37 142
37 148
37 150
37 151
37 160
38 39
38 40
38 43
38 44
38 46
38 47
38 48
38 51
38 52
38 54
38 55
38 56
38 58
38 59
38 63
38 65
38 66
38 69
38 72
38 73
38 74
38 75
38 76
38 77
38 79
38 80
38 81
38 83
38 84
38 85
38 86
38 88
38 89
38 90
38 93
38 94
38 95
38 96
38 101
38 102
38 103
38 104
38 105
38 106
38 107
38 112
38 113
38 114
38 119
38 121
38 122
38 124
38 125
38 127
38 128
38 129
38 130
38 131
38 132
38 133
38 136
38 137
38 138
38 140
38 141
38 142
38 145
38 146
38 147
38 148
38 151
38 152
38 153
38 154
38 155
38 158
38 159
38 160
38 161
39 40
39 41
39 42
39 48
39 50
39 51
39 54
39 55
39 56
39 57
39 58
39 59
39 65
39 67
39 68
39 70
39 72
39 73
39 74
39 79
39 82
39 83
39 86
39 87
39 89
39 95
39 96
39 97
39 102
39 103
39 105
39 107
39 108
39 109
39 111
39 112
39 113
39 114
39 117
39 128
39 129
39 131
39 132
39 133
39 134
39 135
39 137
39 138
39 140
39 141
39 142
39 146
39 147
39 149
39 150
39 151
39 152
39 153
39 154
39 157
39 158
39 161
40 42
40 43
40 44
40 45
40 46
40 49
40 51
40 53
40 54
40 55
40 56
40 58
40 59
40 61
40 64
40 65
40 66
40 68
40 69
40 70
40 72
40 73
40 74
40 75
40 76
40 77
40 80
40 82
40 84
40 85
40 88
40 89
40 90
40 93
40 94
40 95
40 96
40 97
40 98
40 99
40 100
40 101
40 102
40 105
40 106
40 107
40 108
40 109
40 110
40 111
40 112
40 113
40 114
40 115
40 117
40 119
40 122
40 125
40 126
40 127
40 128
40 129
40 130
40 131
40 132
40 133
40 134
40 135
40 136
40 137
40 138
40 139
40 141
40 142
40 143
40 145
40 146
40 147
40 150
40 151
40 152
40 153
40 154
40 157
40 158
40 160
41 43
41 44
41 48
41 53
41 56
41 58
41 63
41 64
41 66
41 67
41 68
41 72
41 73
41 79
41 85
41 92
41 100
41 101
41 113
41 114
41 116
41 118
41 125
41 126
41 128
41 129
41 133
41 134
41 136
41 137
41 145
41 147
41 150
41 155
42 43
42 44
42 49
42 50
42 51
42 52
42 58
42 63
42 64
42 65
42 67
42 68
42 69
42 71
42 72
42 74
42 77
42 79
42 85
42 86
42 87
42 90
42 91
42 93
42 95
42 100
42 101
42 105
42 106
42 107
42 110
42 115
42 117
42 121
42 126
42 130
42 133
42 134
42 136
42 138
42 142
42 144
42 147
42 149
42 155
42 157
43 50
43 52
43 53
43 54
43 56
43 57
43 59
43 66
43 68
43 69
43 71
43 72
43 73
43 74
43 76
43 77
43 79
43 80
43 84
43 87
43 88
43 89
43 91
43 92
43 93
43 94
43 96
43 97
43 100
43 102
43 103
43 105
43 106
43 107
43 109
43 110
43 113
43 115
43 117
43 118
43 122
43 125
43 127
43 129
43 134
43 135
43 136
43 137
43 138
43 146
43 147
43 148
43 154
43 155
43 157
43 158
43 161
44 45
44 46
44 49
44 50
44 51
44 54
44 56
44 58
44 59
44 64
44 65
44 66
44 67
44 69
44 70
44 71
44 73
44 74
44 75
44 76
44 77
44 79
44 83
44 84
44 87
44 89
44 91
44 93
44 94
44 97
44 98
44 99
44 103
44 106
44 107
44 108
44 109
44 110
44 112
44 115
44 116
44 118
44 125
44 130
44 131
44 132
44 133
44 134
44 135
44 136
44 137
44 140
44 143
44 146
44 147
44 149
44 150
44 151
44 152
44 154
44 156
44 157
44 158
44 161
45 46
45 48
45 49
45 51
45 53
45 54
45 55
45 56
45 57
45 58
45 59
45 62
45 64
45 65
45 66
45 67
45 68
45 69
45 70
45 71
45 72
45 73
45 74
45 75
45 76
45 77
45 78
45 79
45 80
45 81
45 83
45 84
45 89
45 92
45 93
45 94
45 95
45 96
45 98
45 100
45 104
45 106
45 107
45 108
45 111
45 112
45 113
45 114
45 115
45 117
45 121
45 127
45 128
45 129
45 130
45 131
45 133
45 134
45 135
45 136
45 137
45 138
45 139
45 142
45 143
45 145
45 146
45 147
45 149
45 151
45 152
45 153
45 154
45 155
45 156
45 157
45 159
45 160
45 161
46 48
46 49
46 54
46 61
46 62
46 63
46 65
46 68
46 69
46 71
46 73
46 74
46 75
46 76
46 77
46 79
46 80
46 81
46 82
46 84
46 86
46 94
46 95
46 98
46 99
46 100
46 102
46 106
46 112
46 113
46 114
46 115
46 119
46 120
46 125
46 129
46 130
46 131
46 135
46 137
46 141
46 142
46 146
46 151
46 152
46 154
46 155
46 160
47 50
47 56
47 61
47 69
47 70
47 71
47 72
47 74
47 79
47 101
47 111
47 112
47 114
47 115
47 118
47 129
47 134
47 151
48 49
48 56
48 59
48 63
48 65
48 68
48 70
48 71
48 72
48 73
48 89
48 92
48 94
48 97
48 100
48 106
48 107
48 109
48 111
48 115
48 116
48 122
48 129
48 131
48 133
48 134
48 135
48 139
48 151
48 154
48 157
48 158
49 50
49 52
49 53
49 55
49 58
49 60
49 61
49 62
49 63
49 64
49 65
49 66
49 67
49 68
49 70
49 71
49 72
49 73
49 74
49 77
49 82
49 83
49 84
49 85
49 87
49 89
49 91
49 93
49 94
49 97
49 99
49 100
49 102
49 103
49 104
49 106
49 107
49 108
49 109
49 112
49 113
49 114
49 115
49 116
49 117
49 118
49 121
49 124
49 125
49 126
49 127
49 128
49 129
49 130
49 131
49 133
49 134
49 135
49 137
49 138
49 139
49 140
49 142
49 145
49 149
49 150
49 151
49 152
49 153
49 154
49 155
49 156
49 157
49 158
49 159
49 160
50 54
50 56
50 58
50 63
50 65
50 66
50 67
50 69
50 70
50 71
50 73
50 74
50 75
50 76
50 84
50 86
50 87
50 89
50 93
50 94
50 95
50 99
50 102
50 103
50 105
50 106
50 107
50 108
50 111
50 113
50 114
50 115
50 117
50 118
50 126
50 129
50 130
50 131
50 133
50 134
50 135
50 137
50 145
50 150
50 151
50 154
50 155
50 158
51 54
51 55
51 56
51 58
51 59
51 60
51 61
51 62
51 63
51 65
51 66
51 67
51 68
51 69
51 70
51 71
51 72
51 73
51 74
51 75
51 76
51 79
51 80
51 81
51 82
51 84
51 86
51 87
51 88
51 89
51 90
51 92
51 93
51 94
51 96
51 97
51 98
51 99
51 101
51 102
51 103
51 104
51 105
51 106
51 108
51 109
51 110
51 112
51 113
51 114
51 115
51 116
51 117
51 118
51 125
51 126
51 128
51 130
51 131
51 132
51 133
51 134
51 135
51 137
51 138
51 140
51 141
51 142
51 145
51 146
51 150
51 151
51 152
51 153
51 155
51 156
51 157
51 158
51 159
51 160
51 161
52 55
52 56
52 57
52 58
52 59
52 61
52 63
52 64
52 67
52 69
52 70
52 71
52 72
52 73
52 74
52 76
52 78
52 79
52 84
52 87
52 91
52 92
52 93
52 94
52 101
52 105
52 106
52 107
52 109
52 111
52 112
52 114
52 115
52 117
52 118
52 122
52 125
52 126
52 128
52 129
52 130
52 133
52 138
52 142
52 146
52 147
52 149
52 150
52 151
52 152
52 153
52 155
52 157
52 160
52 161
53 54
53 56
53 58
53 59
53 61
53 63
53 64
53 65
53 66
53 70
53 72
53 74
53 76
53 79
53 84
53 85
53 88
53 89
53 93
53 97
53 101
53 102
53 104
53 108
53 112
53 115
53 117
53 118
53 120
53 122
53 125
53 129
53 131
53 133
53 134
53 136
53 137
53 139
53 141
53 145
53 146
53 147
53 150
53 151
53 153
53 157
54 56
54 58
54 59
54 61
54 62
54 65
54 67
54 68
54 70
54 71
54 72
54 73
54 74
54 75
54 76
54 77
54 78
54 79
54 80
54 83
54 84
54 86
54 87
54 88
54 89
54 91
54 92
54 93
54 94
54 96
54 97
54 99
54 101
54 102
54 103
54 104
54 105
54 106
54 107
54 108
54 109
54 110
54 111
54 113
54 114
54 115
54 116
54 117
54 118
54 120
54 121
54 123
54 125
54 126
54 127
54 128
54 129
54 133
54 135
54 136
54 138
54 139
54 140
54 141
54 142
54 143
54 145
54 146
54 147
54 148
54 150
54 151
54 152
54 153
54 154
54 155
54 157
54 158
54 159
54 161
55 56
55 57
55 58
55 60
55 61
55 65
55 67
55 68
55 70
55 71
55 72
55 73
55 75
55 79
55 84
55 87
55 88
55 89
55 90
55 91
55 95
55 96
55 99
55 101
55 102
55 104
55 105
55 106
55 107
55 108
55 109
55 111
55 112
55 113
55 114
55 116
55 118
55 121
55 122
55 123
55 125
55 127
55 128
55 129
55 131
55 133
55 138
55 139
55 142
55 144
55 145
55 147
55 151
55 152
55 155
55 157
55 158
55 159
55 161
56 57
56 58
56 61
56 62
56 63
56 64
56 66
56 67
56 68
56 70
56 71
56 72
56 73
56 74
56 76
56 77
56 79
56 80
56 81
56 83
56 84
56 86
56 87
56 91
56 92
56 94
56 95
56 97
56 98
56 99
56 100
56 101
56 104
56 105
56 106
56 108
56 109
56 110
56 111
56 112
56 114
56 115
56 116
56 117
56 118
56 124
56 125
56 126
56 127
56 128
56 130
56 131
56 132
56 133
56 134
56 135
56 136
56 137
56 138
56 139
56 140
56 142
56 143
56 144
56 145
56 146
56 147
56 152
56 153
56 154
56 155
56 156
56 158
56 159
56 160
56 161
57 59
57 65
57 66
57 68
57 70
57 71
57 76
57 77
57 79
57 83
57 89
57 94
57 97
57 100
57 102
57 104
57 105
57 106
57 111
57 116
57 122
57 128
57 129
57 131
57 133
57 134
57 140
57 141
57 142
57 147
57 151
57 152
57 153
57 154
57 158
57 161
58 59
58 62
58 64
58 65
58 66
58 67
58 68
58 72
58 73
58 74
58 75
58 77
58 79
58 80
58 87
58 89
58 91
58 92
58 93
58 97
58 98
58 99
58 103
58 105
58 106
58 108
58 109
58 110
58 113
58 114
58 115
58 116
58 128
58 129
58 130
58 131
58 133
58 134
58 135
58 136
58 137
58 138
58 140
58 141
58 142
58 144
58 145
58 146
58 147
58 153
58 154
58 155
58 157
58 159
58 161
59 61
59 62
59 63
59 64
59 67
59 69
59 70
59 72
59 73
59 75
59 76
59 79
59 80
59 83
59 84
59 89
59 92
59 97
59 98
59 100
59 101
59 102
59 103
59 105
59 106
59 108
59 110
59 111
59 113
59 114
59 117
59 118
59 122
59 123
59 125
59 126
59 128
59 129
59 133
59 137
59 138
59 139
59 140
59 142
59 143
59 146
59 147
59 148
59 149
59 150
59 151
59 156
59 157
59 159
59 161
60 62
60 67
60 68
60 69
60 79
60 81
60 83
60 88
60 94
60 101
60 106
60 109
60 111
60 112
60 113
60 115
60 135
60 139
60 144
60 147
60 151
60 153
60 154
61 64
61 69
61 72
61 77
61 79
61 80
61 83
61 91
61 93
61 94
61 97
61 98
61 99
61 101
61 107
61 108
61 109
61 110
61 115
61 117
61 118
61 129
61 131
61 133
61 135
61 136
61 138
61 141
61 143
61 145
61 146
61 147
61 150
61 152
61 153
61 154
61 157
61 158
61 161
62 67
62 68
62 69
62 71
62 73
62 74
62 77
62 79
62 81
62 86
62 90
62 94
62 97
62 99
62 100
62 101
62 105
62 106
62 108
62 111
62 112
62 114
62 117
62 118
62 122
62 126
62 131
62 133
62 136
62 137
62 138
62 142
62 145
62 147
62 149
62 150
62 154
62 157
62 160
62 161
63 64
63 67
63 68
63 69
63 70
63 72
63 73
63 77
63 80
63 81
63 84
63 86
63 87
63 89
63 92
63 94
63 95
63 97
63 101
63 107
63 108
63 109
63 112
63 113
63 115
63 116
63 117
63 118
63 122
63 123
63 125
63 127
63 130
63 131
63 133
63 134
63 135
63 139
63 142
63 145
63 147
63 148
63 150
63 151
63 153
63 155
63 158
63 159
63 160
63 161
64 65
64 66
64 67
64 68
64 69
64 70
64 71
64 72
64 73
64 75
64 78
64 79
64 81
64 82
64 84
64 85
64 86
64 88
64 89
64 90
64 92
64 93
64 94
64 95
64 96
64 97
64 98
64 100
64 101
64 102
64 103
64 104
64 105
64 106
64 107
64 109
64 112
64 113
64 114
64 115
64 117
64 118
64 120
64 121
64 125
64 126
64 129
64 130
64 131
64 133
64 134
64 136
64 137
64 138
64 139
64 142
64 144
64 145
64 146
64 147
64 149
64 150
64 151
64 152
64 153
64 154
64 155
64 157
64 158
64 159
64 161
65 66
65 67
65 68
65 69
65 70
65 71
65 72
65 73
65 74
65 77
65 79
65 80
65 81
65 82
65 85
65 86
65 87
65 88
65 89
65 90
65 92
65 95
65 97
65 98
65 100
65 101
65 102
65 103
65 104
65 105
65 106
65 107
65 108
65 109
65 110
65 111
65 113
65 114
65 116
65 117
65 118
65 120
65 124
65 125
65 126
65 127
65 128
65 129
65 130
65 131
65 133
65 134
65 135
65 136
65 137
65 138
65 140
65 141
65 143
65 145
65 147
65 151
65 152
65 153
65 154
65 156
65 157
65 158
65 159
65 161
66 67
66 68
66 69
66 70
66 71
66 74
66 76
66 77
66 80
66 82
66 83
66 84
66 85
66 86
66 89
66 90
66 91
66 92
66 97
66 98
66 100
66 101
66 102
66 103
66 106
66 107
66 108
66 109
66 110
66 112
66 113
66 114
66 115
66 121
66 122
66 128
66 129
66 131
66 133
66 135
66 137
66 138
66 139
66 140
66 142
66 145
66 146
66 147
66 150
66 152
66 153
66 157
66 161
67 68
67 69
67 70
67 71
67 72
67 73
67 74
67 75
67 77
67 78
67 81
67 82
67 83
67 84
67 85
67 88
67 89
67 90
67 91
67 92
67 93
67 94
67 95
67 96
67 97
67 98
67 99
67 100
67 101
67 102
67 104
67 105
67 106
67 107
67 108
67 109
67 111
67 112
67 113
67 114
67 115
67 116
67 117
67 118
67 119
67 121
67 125
67 126
67 128
67 129
67 130
67 131
67 132
67 134
67 135
67 136
67 137
67 138
67 139
67 140
67 141
67 142
67 143
67 145
67 146
67 147
67 149
67 150
67 151
67 152
67 154
67 155
67 157
67 158
67 159
67 160
67 161
68 70
68 71
68 72
68 73
68 74
68 75
68 76
68 79
68 81
68 82
68 83
68 84
68 85
68 86
68 87
68 89
68 90
68 91
68 94
68 97
68 98
68 101
68 102
68 103
68 104
68 105
68 106
68 107
68 110
68 111
68 112
68 113
68 114
68 115
68 116
68 117
68 118
68 120
68 122
68 123
68 125
68 129
68 130
68 133
68 134
68 135
68 137
68 138
68 139
68 140
68 141
68 142
68 145
68 146
68 147
68 148
68 150
68 151
68 152
68 154
68 155
68 156
68 157
68 158
68 159
68 160
68 161
69 70
69 71
69 73
69 74
69 75
69 76
69 79
69 80
69 82
69 83
69 89
69 90
69 93
69 94
69 95
69 96
69 99
69 101
69 105
69 108
69 109
69 110
69 111
69 112
69 113
69 114
69 116
69 117
69 118
69 119
69 125
69 126
69 129
69 130
69 133
69 136
69 137
69 138
69 139
69 143
69 145
69 146
69 147
69 150
69 151
69 152
69 154
69 157
69 160
69 161
70 71
70 72
70 73
70 74
70 75
70 76
70 77
70 79
70 80
70 82
70 83
70 84
70 85
70 86
70 87
70 88
70 89
70 91
70 92
70 94
70 95
70 97
70 98
70 99
70 100
70 101
70 102
70 104
70 106
70 108
70 109
70 110
70 112
70 113
70 114
70 115
70 117
70 119
70 122
70 125
70 127
70 128
70 129
70 132
70 133
70 134
70 135
70 137
70 138
70 139
70 141
70 142
70 146
70 147
70 149
70 150
70 151
70 152
70 153
70 154
70 158
70 161
71 72
71 73
71 74
71 76
71 79
71 81
71 83
71 84
71 85
71 86
71 88
71 89
71 90
71 91
71 97
71 98
71 99
71 101
71 102
71 103
71 104
71 106
71 107
71 108
71 110
71 111
71 112
71 114
71 115
71 116
71 117
71 121
71 124
71 125
71 126
71 127
71 128
71 129
71 130
71 131
71 133
71 134
71 135
71 136
71 138
71 140
71 141
71 142
71 143
71 146
71 147
71 148
71 149
71 150
71 152
71 153
71 154
71 156
71 158
71 159
71 161
72 73
72 74
72 75
72 76
72 77
72 79
72 80
72 81
72 82
72 84
72 85
72 86
72 87
72 89
72 91
72 92
72 93
72 94
72 96
72 97
72 101
72 102
72 103
72 105
72 106
72 107
72 108
72 109
72 110
72 112
72 113
72 114
72 115
72 117
72 118
72 122
72 123
72 124
72 125
72 126
72 127
72 128
72 129
72 130
72 132
72 135
72 136
72 137
72 138
72 139
72 141
72 142
72 144
72 145
72 146
72 147
72 150
72 151
72 152
72 153
72 155
72 157
72 158
72 160
72 161
73 74
73 75
73 76
73 79
73 83
73 85
73 86
73 87
73 88
73 90
73 96
73 97
73 98
73 101
73 102
73 105
73 106
73 108
73 111
73 112
73 114
73 115
73 116
73 117
73 122
73 125
73 126
73 127
73 128
73 129
73 131
73 132
73 133
73 134
73 135
73 136
73 137
73 138
73 139
73 140
73 142
73 145
73 147
73 150
73 151
73 152
73 153
73 154
73 155
73 157
73 158
73 160
73 161
74 76
74 77
74 78
74 79
74 81
74 83
74 84
74 86
74 87
74 88
74 89
74 91
74 92
74 93
74 94
74 97
74 98
74 100
74 101
74 103
74 104
74 105
74 106
74 107
74 108
74 109
74 110
74 112
74 113
74 114
74 115
74 120
74 124
74 125
74 126
74 128
74 129
74 131
74 132
74 133
74 135
74 137
74 139
74 142
74 143
74 144
74 145
74 146
74 147
74 148
74 149
74 150
74 151
74 152
74 154
74 157
74 158
74 159
74 160
74 161
75 76
75 79
75 83
75 84
75 86
75 88
75 89
75 91
75 93
75 94
75 98
75 101
75 102
75 103
75 106
75 108
75 109
75 110
75 113
75 114
75 115
75 117
75 118
75 119
75 125
75 126
75 127
75 128
75 129
75 130
75 131
75 133
75 134
75 135
75 136
75 137
75 139
75 140
75 142
75 145
75 146
75 147
75 150
75 151
75 153
75 154
75 156
75 157
75 158
76 79
76 81
76 83
76 85
76 93
76 97
76 98
76 99
76 102
76 103
76 108
76 111
76 112
76 115
76 116
76 117
76 125
76 127
76 129
76 131
76 135
76 136
76 138
76 141
76 142
76 145
76 146
76 147
76 148
76 149
76 150
76 151
76 152
76 153
76 154
76 155
76 156
76 157
76 158
77 79
77 80
77 82
77 84
77 85
77 86
77 89
77 91
77 94
77 97
77 98
77 102
77 104
77 105
77 106
77 108
77 109
77 113
77 115
77 116
77 118
77 120
77 122
77 125
77 127
77 128
77 131
77 132
77 133
77 135
77 136
77 137
77 138
77 145
77 147
77 153
77 154
77 156
77 158
77 159
77 160
77 161
78 79
78 82
78 92
78 94
78 97
78 101
78 103
78 106
78 109
78 113
78 119
78 128
78 129
78 137
78 138
78 148
78 161
79 80
79 82
79 84
79 85
79 86
79 87
79 89
79 91
79 92
79 93
79 97
79 98
79 101
79 102
79 103
79 104
79 105
79 108
79 109
79 111
79 112
79 114
79 116
79 117
79 120
79 122
79 123
79 125
79 127
79 129
79 130
79 131
79 133
79 135
79 136
79 137
79 138
79 139
79 140
79 141
79 142
79 143
79 145
79 147
79 148
79 149
79 151
79 152
79 153
79 154
79 155
79 157
79 160
79 161
80 82
80 85
80 89
80 90
80 91
80 96
80 97
80 100
80 101
80 102
80 103
80 105
80 106
80 107
80 108
80 110
80 111
80 112
80 113
80 114
80 115
80 116
80 128
80 129
80 131
80 133
80 138
80 139
80 142
80 145
80 146
80 150
80 151
80 153
80 154
80 157
81 84
81 88
81 95
81 105
81 108
81 109
81 112
81 126
81 134
81 137
81 138
81 140
81 143
81 146
81 147
81 152
81 157
81 158
82 84
82 85
82 89
82 92
82 94
82 97
82 102
82 105
82 110
82 113
82 118
82 131
82 133
82 134
82 135
82 138
82 139
82 142
82 149
82 151
82 153
82 154
82 155
82 158
82 161
83 89
83 90
83 94
83 97
83 101
83 105
83 107
83 109
83 111
83 113
83 115
83 116
83 117
83 118
83 124
83 126
83 129
83 130
83 131
83 133
83 135
83 137
83 139
83 140
83 141
83 142
83 145
83 147
83 150
83 151
83 152
83 153
83 154
83 158
83 160
84 85
84 86
84 87
84 89
84 90
84 94
84 97
84 99
84 100
84 101
84 104
84 105
84 107
84 108
84 110
84 112
84 113
84 116
84 118
84 123
84 124
84 125
84 126
84 128
84 129
84 132
84 133
84 134
84 135
84 136
84 137
84 139
84 142
84 143
84 144
84 145
84 146
84 147
84 148
84 149
84 152
84 155
84 158
84 159
84 161
85 87
85 88
85 89
85 94
85 101
85 105
85 106
85 108
85 109
85 114
85 118
85 119
85 122
85 127
85 129
85 133
85 135
85 136
85 137
85 141
85 144
85 147
85 148
85 150
85 152
85 154
85 155
85 158
85 161
86 87
86 88
86 89
86 91
86 92
86 93
86 99
86 100
86 101
86 103
86 105
86 115
86 117
86 118
86 123
86 124
86 125
86 127
86 131
86 134
86 138
86 140
86 141
86 142
86 143
86 146
86 147
86 151
86 152
86 158
86 161
87 89
87 93
87 94
87 97
87 100
87 102
87 103
87 106
87 107
87 108
87 112
87 113
87 114
87 115
87 117
87 120
87 122
87 123
87 124
87 125
87 129
87 130
87 131
87 132
87 133
87 136
87 137
87 139
87 143
87 144
87 146
87 147
87 149
87 150
87 152
87 154
87 155
87 157
87 158
87 161
88 89
88 92
88 93
88 94
88 95
88 101
88 102
88 105
88 108
88 110
88 112
88 114
88 115
88 116
88 118
88 119
88 123
88 125
88 126
88 129
88 131
88 132
88 133
88 137
88 138
88 139
88 142
88 146
88 148
88 149
88 151
88 152
88 154
88 155
88 158
88 161
89 90
89 91
89 92
89 93
89 94
89 97
89 99
89 102
89 103
89 105
89 106
89 107
89 108
89 109
89 110
89 111
89 114
89 115
89 117
89 120
89 121
89 122
89 125
89 126
89 127
89 129
89 130
89 131
89 133
89 134
89 135
89 137
89 138
89 139
89 142
89 143
89 145
89 146
89 147
89 149
89 150
89 151
89 152
89 153
89 154
89 156
89 157
89 158
89 161
90 94
90 103
90 105
90 106
90 108
90 111
90 112
90 113
90 114
90 117
90 118
90 126
90 127
90 134
90 147
90 150
90 151
90 152
90 153
90 154
90 159
90 161
91 93
91 94
91 97
91 100
91 101
91 102
91 103
91 105
91 106
91 109
91 110
91 113
91 114
91 115
91 116
91 117
91 123
91 128
91 131
91 133
91 134
91 137
91 138
91 139
91 140
91 141
91 142
91 143
91 146
91 147
91 151
91 152
91 153
91 157
91 158
92 94
92 101
92 102
92 103
92 106
92 108
92 110
92 114
92 117
92 125
92 126
92 130
92 131
92 132
92 133
92 134
92 135
92 136
92 139
92 141
92 142
92 143
92 146
92 147
92 149
92 150
92 154
92 159
92 160
92 161
93 94
93 95
93 97
93 102
93 103
93 106
93 107
93 109
93 112
93 116
93 117
93 125
93 126
93 127
93 131
93 133
93 134
93 136
93 137
93 139
93 142
93 143
93 147
93 152
93 153
93 154
93 157
93 159
94 95
94 97
94 99
94 100
94 101
94 103
94 105
94 110
94 111
94 112
94 113
94 114
94 116
94 117
94 118
94 120
94 121
94 122
94 123
94 125
94 126
94 130
94 131
94 133
94 135
94 137
94 138
94 139
94 141
94 142
94 143
94 146
94 147
94 150
94 151
94 152
94 153
94 154
94 155
94 157
94 158
94 159
95 97
95 99
95 101
95 102
95 106
95 114
95 115
95 118
95 126
95 129
95 133
95 134
95 136
95 137
95 138
95 140
95 142
95 147
95 154
95 155
95 157
95 158
96 102
96 106
96 108
96 114
96 115
96 126
96 136
96 137
96 138
96 143
96 147
96 154
96 158
96 160
97 98
97 101
97 105
97 106
97 107
97 108
97 109
97 111
97 112
97 114
97 115
97 116
97 117
97 118
97 119
97 120
97 121
97 122
97 125
97 126
97 129
97 131
97 133
97 134
97 137
97 138
97 140
97 142
97 147
97 150
97 151
97 153
97 154
97 157
97 158
97 159
97 160
98 101
98 104
98 111
98 112
98 113
98 116
98 117
98 125
98 128
98 129
98 130
98 131
98 133
98 138
98 141
98 142
98 147
98 155
98 159
98 161
99 101
99 103
99 107
99 108
99 109
99 110
99 113
99 114
99 116
99 118
99 119
99 125
99 126
99 127
99 129
99 131
99 132
99 137
99 139
99 144
99 147
99 151
99 152
99 158
100 101
100 102
100 107
100 108
100 109
100 110
100 111
100 112
100 113
100 114
100 115
100 116
100 117
100 118
100 120
100 125
100 129
100 131
100 133
100 134
100 137
100 138
100 139
100 140
100 143
100 150
100 151
100 152
100 154
100 158
101 102
101 103
101 105
101 106
101 108
101 109
101 110
101 112
101 114
101 115
101 117
101 118
101 119
101 121
101 122
101 124
101 125
101 129
101 130
101 131
101 132
101 133
101 134
101 136
101 138
101 139
101 140
101 141
101 143
101 145
101 147
101 148
101 149
101 150
101 151
101 152
101 153
101 154
101 155
101 156
101 157
101 158
101 160
101 161
102 103
102 106
102 107
102 108
102 110
102 112
102 113
102 114
102 117
102 118
102 124
102 125
102 126
102 127
102 129
102 131
102 132
102 133
102 135
102 136
102 137
102 138
102 139
102 141
102 142
102 143
102 146
102 147
102 150
102 151
102 152
102 154
102 155
102 157
102 158
102 159
102 160
102 161
103 104
103 107
103 110
103 113
103 114
103 115
103 117
103 118
103 119
103 125
103 128
103 131
103 133
103 134
103 135
103 136
103 137
103 139
103 140
103 141
103 142
103 146
103 147
103 150
103 152
103 154
103 157
103 158
104 105
104 106
104 108
104 113
104 114
104 115
104 116
104 118
104 125
104 126
104 128
104 129
104 130
104 133
104 140
104 142
104 146
104 147
104 151
104 152
104 158
104 160
105 108
105 109
105 110
105 111
105 113
105 114
105 115
105 116
105 120
105 125
105 129
105 130
105 133
105 134
105 135
105 136
105 137
105 138
105 141
105 146
105 148
105 150
105 151
105 152
105 153
105 154
105 155
105 157
105 158
105 161
106 107
106 108
106 109
106 112
106 113
106 114
106 115
106 116
106 117
106 118
106 119
106 122
106 126
106 127
106 128
106 129
106 130
106 131
106 132
106 133
106 134
106 136
106 137
106 138
106 139
106 140
106 141
106 147
106 150
106 152
106 153
106 154
106 156
106 157
106 158
106 159
106 161
107 108
107 112
107 114
107 116
107 117
107 119
107 125
107 126
107 133
107 134
107 137
107 139
107 142
107 143
107 147
107 148
107 151
107 152
107 154
107 157
107 159
108 109
108 111
108 112
108 113
108 114
108 118
108 119
108 120
108 122
108 123
108 125
108 127
108 129
108 130
108 131
108 133
108 134
108 135
108 137
108 138
108 139
108 140
108 141
108 142
108 143
108 145
108 146
108 147
108 150
108 151
108 152
108 153
108 154
109 111
109 112
109 113
109 114
109 115
109 117
109 118
109 119
109 122
109 125
109 126
109 127
109 129
109 130
109 131
109 133
109 134
109 137
109 139
109 142
109 143
109 145
109 148
109 149
109 150
109 151
109 152
109 153
109 154
109 155
109 156
109 157
109 158
109 159
109 160
109 161
110 113
110 117
110 118
110 122
110 128
110 129
110 130
110 142
110 147
110 150
110 158
111 112
111 113
111 115
111 117
111 118
111 128
111 129
111 130
111 133
111 134
111 138
111 142
111 145
111 147
111 152
111 153
111 157
111 158
111 160
111 161
112 113
112 115
112 117
112 118
112 122
112 124
112 125
112 126
112 127
112 129
112 130
112 131
112 134
112 136
112 138
112 139
112 141
112 142
112 144
112 145
112 148
112 151
112 152
112 160
113 114
113 115
113 117
113 118
113 121
113 125
113 126
113 127
113 129
113 130
113 131
113 133
113 134
113 136
113 137
113 138
113 140
113 141
113 142
113 146
113 147
113 150
113 151
113 152
113 153
113 154
113 155
113 157
113 158
113 159
113 160
113 161
114 115
114 116
114 117
114 118
114 119
114 123
114 125
114 126
114 129
114 130
114 131
114 133
114 134
114 135
114 137
114 138
114 141
114 142
114 146
114 147
114 148
114 149
114 150
114 151
114 152
114 153
114 154
114 158
114 160
115 116
115 117
115 118
115 119
115 120
115 121
115 122
115 123
115 124
115 125
115 126
115 127
115 128
115 129
115 131
115 132
115 133
115 134
115 135
115 136
115 137
115 140
115 141
115 142
115 145
115 146
115 147
115 148
115 149
115 150
115 151
115 152
115 154
115 160
115 161
116 117
116 118
116 119
116 121
116 122
116 125
116 129
116 130
116 131
116 133
116 134
116 137
116 138
116 139
116 141
116 142
116 143
116 148
116 150
116 151
116 153
116 154
116 157
116 158
116 159
116 161
117 118
117 119
117 122
117 125
117 126
117 127
117 128
117 129
117 131
117 132
117 134
117 135
117 138
117 139
117 141
117 142
117 143
117 144
117 145
117 147
117 150
117 151
117 152
117 153
117 154
117 155
117 158
117 160
117 161
118 119
118 122
118 123
118 125
118 126
118 127
118 128
118 129
118 130
118 132
118 133
118 134
118 135
118 136
118 137
118 138
118 139
118 142
118 143
118 145
118 146
118 147
118 150
118 152
118 153
118 157
118 158
118 160
119 128
119 129
119 131
119 133
119 134
119 135
119 136
119 137
119 138
119 139
119 143
119 146
119 152
119 153
119 154
119 160
119 161
120 122
120 129
120 130
120 133
120 135
120 137
120 138
120 139
120 142
120 148
121 134
121 136
121 137
121 143
121 149
121 152
121 157
121 160
122 127
122 128
122 133
122 134
122 136
122 142
122 145
122 147
122 148
122 152
122 154
122 161
123 125
123 126
123 127
123 133
123 138
123 139
123 142
123 145
123 147
123 148
123 152
123 154
123 158
123 161
124 133
124 138
124 140
124 152
124 154
124 159
125 126
125 127
125 129
125 130
125 131
125 133
125 135
125 138
125 141
125 145
125 146
125 147
125 148
125 150
125 151
125 152
125 154
125 155
125 157
125 158
125 159
125 160
126 129
126 131
126 132
126 133
126 135
126 137
126 141
126 145
126 146
126 149
126 151
126 152
126 153
126 156
126 157
126 159
126 161
127 130
127 131
127 134
127 138
127 139
127 143
127 148
127 149
127 151
127 152
127 157
127 158
127 160
127 161
128 133
128 135
128 140
128 141
128 142
128 145
128 146
128 147
128 152
128 154
128 157
128 160
129 130
129 133
129 134
129 136
129 137
129 138
129 139
129 140
129 141
129 142
129 143
129 144
129 145
129 147
129 148
129 149
129 151
129 153
129 156
129 157
129 158
129 159
129 160
130 131
130 133
130 134
130 137
130 138
130 139
130 140
130 141
130 142
130 147
130 153
130 154
130 158
131 132
131 133
131 134
131 136
131 137
131 138
131 140
131 141
131 142
131 143
131 146
131 148
131 149
131 150
131 151
131 152
131 154
131 155
131 156
131 157
131 158
131 159
131 161
132 133
132 134
132 138
132 140
132 142
132 145
132 147
132 154
132 158
133 134
133 135
133 136
133 137
133 138
133 140
133 142
133 144
133 145
133 146
133 147
133 149
133 150
133 151
133 152
133 158
133 159
133 160
134 135
134 136
134 137
134 138
134 140
134 142
134 143
134 147
134 150
134 151
134 152
134 153
134 154
134 155
134 157
134 159
135 138
135 142
135 145
135 146
135 147
135 150
135 152
135 154
135 155
135 157
135 158
135 159
135 160
136 143
136 145
136 147
136 150
136 151
136 153
136 154
136 155
136 156
136 157
136 159
137 138
137 139
137 142
137 143
137 144
137 146
137 147
137 148
137 149
137 151
137 152
137 153
137 154
137 156
137 157
137 158
137 159
137 161
138 139
138 141
138 142
138 143
138 145
138 146
138 147
138 149
138 150
138 151
138 152
138 154
138 157
138 158
138 160
139 140
139 141
139 142
139 143
139 144
139 145
139 146
139 147
139 149
139 151
139 152
139 154
139 157
139 158
139 161
140 141
140 142
140 146
140 149
140 152
140 153
140 154
140 158
141 142
141 143
141 144
141 147
141 149
141 150
141 151
141 152
141 154
141 155
141 158
141 159
141 160
142 145
142 146
142 147
142 150
142 152
142 153
142 154
142 155
142 157
142 158
142 159
142 161
143 145
143 147
143 149
143 150
143 152
143 153
143 157
143 158
143 160
144 147
144 154
144 155
145 146
145 150
145 151
145 153
145 154
145 157
145 159
145 160
146 148
146 149
146 151
146 152
146 154
146 155
146 157
146 160
146 161
147 148
147 150
147 151
147 152
147 154
147 155
147 156
147 157
147 158
147 159
147 160
147 161
148 151
148 152
148 154
148 157
148 159
149 150
149 151
149 153
149 154
149 157
149 158
149 159
150 151
150 152
150 153
150 154
150 158
150 159
150 161
151 154
151 155
151 156
151 158
151 159
151 161
152 153
152 154
152 155
152 157
152 159
152 160
152 161
153 154
153 155
153 158
153 161
154 155
154 157
154 158
154 159
154 161
155 156
155 158
155 160
156 158
157 158
157 159
158 159
158 160
158 161
159 161
