0 4
0 9
0 15
0 19
0 21
0 24
0 25
0 26
0 28
0 30
0 32
0 35
0 36
0 40
0 44
0 45
0 49
0 51
0 55
0 59
0 60
0 65
0 66
0 67
0 68
0 69
0 70
0 72
0 75
0 85
0 86
0 89
0 94
0 98
0 101
0 103
0 105
0 107
0 108
0 109
0 110
0 111
0 112
0 114
0 117
0 118
0 119
0 121
0 128
0 129
0 138
0 141
0 142
0 143
0 147
0 150
0 151
0 152
0 161
1 2
1 3
1 7
1 10
1 12
1 13
1 14
1 17
1 19
1 20
1 22
1 23
1 24
1 26
1 30
1 32
1 38
1 39
1 40
1 42
1 43
1 44
1 45
1 46
1 49
1 51
1 52
1 54
1 55
1 56
1 62
1 65
1 67
1 68
1 69
1 70
1 71
1 72
1 73
1 74
1 75
1 79
1 80
1 82
1 84
1 85
1 86
1 88
1 89
1 92
1 93
1 94
1 97
1 100
1 101
1 102
1 103
1 105
1 108
1 111
1 113
1 114
1 115
1 117
1 118
1 119
1 129
1 130
1 132
1 133
1 134
1 137
1 138
1 139
1 140
1 142
1 146
1 147
1 148
1 150
1 151
1 156
1 157
1 158
1 160
2 4
2 6
2 9
2 10
2 19
2 25
2 26
2 30
2 35
2 37
2 38
2 43
2 45
2 49
2 51
2 56
2 61
2 63
2 64
2 65
2 68
2 72
2 73
2 74
2 75
2 79
2 81
2 84
2 89
2 96
2 99
2 101
2 106
2 114
2 115
2 117
2 118
2 120
2 125
2 130
2 131
2 133
2 134
2 137
2 141
2 151
2 152
2 153
2 157
2 158
2 161
3 6
3 7
3 9
3 10
3 12
3 13
3 14
3 31
3 35
3 38
3 40
3 45
3 49
3 50
3 51
3 54
3 55
3 56
3 59
3 64
3 65
3 68
3 69
3 70
3 71
3 74
3 75
3 79
3 82
3 84
3 85
3 87
3 89
3 90
3 91
3 94
3 96
3 101
3 103
3 105
3 108
3 111
3 112
3 114
3 118
3 119
3 126
3 127
3 129
3 130
3 131
3 133
3 134
3 137
3 138
3 142
3 146
3 149
3 150
3 151
3 154
3 155
3 157
3 158
3 159
4 6
4 7
4 8
4 10
4 11
4 14
4 16
4 17
4 18
4 19
4 20
4 21
4 22
4 24
4 25
4 29
4 30
4 31
4 32
4 33
4 34
4 38
4 40
4 42
4 44
4 45
4 46
4 49
4 50
4 53
4 55
4 56
4 58
4 59
4 61
4 63
4 64
4 65
4 66
4 67
4 68
4 69
4 70
4 71
4 72
4 73
4 74
4 75
4 76
4 79
4 80
4 81
4 82
4 84
4 86
4 87
4 88
4 89
4 90
4 91
4 93
4 94
4 97
4 98
4 99
4 100
4 101
4 102
4 104
4 106
4 107
4 108
4 111
4 112
4 113
4 115
4 117
4 118
4 119
4 121
4 127
4 128
4 129
4 130
4 131
4 133
4 134
4 135
4 137
4 138
4 139
4 141
4 145
4 146
4 150
4 151
4 152
4 153
4 154
4 157
4 158
4 159
4 160
5 7
5 9
5 19
5 24
5 30
5 35
5 36
5 40
5 49
5 56
5 63
5 64
5 65
5 67
5 68
5 70
5 75
5 84
5 88
5 89
5 90
5 91
5 92
5 94
5 97
5 99
5 102
5 105
5 108
5 115
5 117
5 125
5 126
5 129
5 131
5 134
5 136
5 142
5 145
5 146
5 151
5 154
6 7
6 8
6 9
6 11
6 13
6 14
6 15
6 18
6 19
6 20
6 21
6 22
6 24
6 25
6 26
6 28
6 30
6 31
6 32
6 37
6 38
6 39
6 40
6 42
6 43
6 45
6 46
6 49
6 51
6 54
6 56
6 58
6 60
6 61
6 62
6 64
6 66
6 67
6 68
6 69
6 71
6 72
6 73
6 74
6 75
6 76
6 77
6 79
6 80
6 84
6 86
6 87
6 88
6 89
6 90
6 91
6 92
6 94
6 96
6 97
6 99
6 100
6 101
6 103
6 104
6 105
6 106
6 108
6 109
6 111
6 112
6 113
6 115
6 116
6 117
6 118
6 119
6 120
6 122
6 124
6 125
6 129
6 131
6 132
6 133
6 134
6 135
6 136
6 137
6 138
6 139
6 140
6 142
6 143
6 144
6 145
6 148
6 149
6 150
6 151
6 152
6 153
6 154
6 158
6 159
6 160
7 8
7 10
7 11
7 12
7 13
7 14
7 15
7 16
7 17
7 18
7 20
7 21
7 22
7 24
7 25
7 27
7 28
7 29
7 30
7 31
7 32
7 33
7 34
7 35
7 36
7 37
7 38
7 40
7 42
7 43
7 46
7 47
7 48
7 49
7 50
7 51
7 52
7 54
7 55
7 57
7 58
7 59
7 60
7 61
7 63
7 64
7 65
7 68
7 69
7 70
7 71
7 72
7 73
7 75
7 76
7 77
7 78
7 79
7 80
7 81
7 84
7 86
7 88
7 89
7 90
7 91
7 92
7 93
7 94
7 96
7 97
7 100
7 101
7 105
7 106
7 107
7 108
7 109
7 111
7 113
7 115
7 116
7 117
7 118
7 125
7 126
7 127
7 128
7 129
7 132
7 133
7 134
7 137
7 138
7 139
7 140
7 142
7 143
7 145
7 146
7 147
7 150
7 151
7 152
7 153
7 154
7 156
7 157
7 160
7 161
8 13
8 14
8 15
8 16
8 18
8 19
8 23
8 25
8 28
8 32
8 37
8 38
8 39
8 44
8 45
8 46
8 49
8 52
8 54
8 59
8 64
8 67
8 68
8 69
8 70
8 72
8 80
8 83
8 84
8 90
8 92
8 98
8 105
8 107
8 108
8 109
8 113
8 115
8 116
8 118
8 129
8 130
8 131
8 133
8 135
8 141
8 146
8 150
8 154
8 158
9 10
9 11
9 12
9 13
9 14
9 16
9 19
9 21
9 25
9 26
9 27
9 36
9 37
9 39
9 41
9 44
9 45
9 46
9 49
9 50
9 51
9 52
9 53
9 54
9 55
9 57
9 58
9 61
9 62
9 63
9 64
9 65
9 66
9 67
9 68
9 69
9 70
9 72
9 73
9 75
9 76
9 78
9 79
9 80
9 86
9 87
9 89
9 91
9 92
9 95
9 97
9 99
9 103
9 104
9 106
9 107
9 108
9 113
9 114
9 115
9 116
9 117
9 124
9 125
9 129
9 131
9 132
9 134
9 135
9 136
9 137
9 138
9 139
9 141
9 142
9 143
9 148
9 150
9 151
9 152
9 153
9 157
9 158
9 160
10 11
10 12
10 13
10 18
10 21
10 22
10 23
10 30
10 31
10 32
10 36
10 38
10 41
10 45
10 47
10 49
10 51
10 54
10 55
10 57
10 58
10 64
10 65
10 66
10 67
10 68
10 69
10 70
10 71
10 76
10 77
10 79
10 80
10 82
10 85
10 87
10 88
10 89
10 93
10 95
10 99
10 100
10 101
10 103
10 105
10 108
10 110
10 111
10 112
10 113
10 114
10 118
10 128
10 129
10 131
10 134
10 136
10 138
10 139
10 144
10 147
10 150
10 153
10 154
10 157
10 159
10 160
10 161
11 12
11 13
11 14
11 15
11 16
11 17
11 19
11 20
11 21
11 23
11 24
11 25
11 26
11 30
11 31
11 33
11 35
11 36
11 38
11 39
11 41
11 43
11 44
11 45
11 46
11 47
11 48
11 49
11 50
11 51
11 53
11 54
11 55
11 56
11 58
11 60
11 61
11 63
11 64
11 65
11 66
11 68
11 69
11 70
11 72
11 74
11 75
11 78
11 80
11 83
11 87
11 88
11 89
11 92
11 93
11 94
11 95
11 97
11 98
11 99
11 102
11 105
11 106
11 107
11 109
11 111
11 114
11 115
11 117
11 118
11 119
11 121
11 124
11 125
11 128
11 129
11 130
11 131
11 133
11 134
11 135
11 136
11 137
11 138
11 142
11 147
11 148
11 149
11 150
11 152
11 153
11 154
11 157
11 158
11 161
12 14
12 16
12 20
12 23
12 26
12 27
12 30
12 31
12 38
12 41
12 43
12 44
12 45
12 46
12 54
12 56
12 58
12 59
12 61
12 62
12 64
12 65
12 66
12 68
12 69
12 70
12 71
12 73
12 74
12 75
12 77
12 79
12 80
12 83
12 86
12 87
12 89
12 90
12 97
12 98
12 100
12 103
12 104
12 106
12 111
12 115
12 116
12 117
12 118
12 121
12 125
12 126
12 128
12 131
12 133
12 134
12 135
12 136
12 138
12 142
12 149
12 150
12 154
12 155
13 14
13 15
13 19
13 20
13 22
13 23
13 26
13 28
13 29
13 30
13 32
13 37
13 39
13 45
13 49
13 51
13 54
13 61
13 63
13 64
13 66
13 67
13 68
13 69
13 71
13 72
13 74
13 77
13 78
13 79
13 86
13 97
13 98
13 99
13 101
13 105
13 106
13 107
13 108
13 112
13 114
13 115
13 116
13 117
13 118
13 121
13 124
13 125
13 133
13 134
13 138
13 145
13 146
13 148
13 151
13 152
13 153
13 154
13 160
13 161
14 15
14 18
14 19
14 21
14 26
14 28
14 29
14 30
14 31
14 34
14 35
14 38
14 40
14 42
14 43
14 44
14 45
14 48
14 49
14 50
14 51
14 52
14 54
14 55
14 56
14 57
14 59
14 61
14 62
14 63
14 64
14 67
14 68
14 69
14 70
14 71
14 72
14 73
14 76
14 77
14 78
14 79
14 80
14 81
14 84
14 85
14 86
14 87
14 88
14 89
14 91
14 92
14 93
14 94
14 96
14 100
14 101
14 102
14 103
14 104
14 105
14 106
14 107
14 108
14 109
14 111
14 112
14 113
14 115
14 116
14 117
14 118
14 120
14 122
14 125
14 130
14 131
14 132
14 133
14 134
14 135
14 136
14 137
14 138
14 139
14 142
14 143
14 145
14 146
14 147
14 148
14 149
14 150
14 151
14 152
14 154
14 157
14 158
14 159
14 160
15 16
15 21
15 25
15 31
15 32
15 35
15 36
15 39
15 40
15 46
15 47
15 49
15 51
15 53
15 56
15 64
15 66
15 70
15 71
15 72
15 73
15 74
15 76
15 81
15 84
15 88
15 94
15 95
15 97
15 101
15 103
15 106
15 107
15 108
15 110
15 113
15 116
15 117
15 120
15 125
15 129
15 130
15 134
15 142
15 145
15 146
15 149
15 150
15 151
15 155
15 158
15 160
15 161
16 18
16 19
16 24
16 26
16 28
16 30
16 31
16 32
16 34
16 37
16 38
16 40
16 43
16 44
16 49
16 50
16 54
16 56
16 58
16 59
16 64
16 65
16 66
16 67
16 68
16 69
16 70
16 71
16 72
16 76
16 77
16 79
16 83
16 88
16 89
16 94
16 95
16 100
16 106
16 108
16 112
16 114
16 117
16 118
16 129
16 131
16 133
16 139
16 147
16 150
16 154
17 22
17 26
17 30
17 32
17 40
17 48
17 58
17 61
17 64
17 66
17 68
17 70
17 79
17 84
17 94
17 98
17 106
17 109
17 112
17 115
17 126
17 131
17 137
17 138
17 147
17 150
17 157
18 25
18 26
18 27
18 31
18 39
18 40
18 44
18 45
18 49
18 50
18 51
18 56
18 57
18 61
18 63
18 65
18 66
18 67
18 68
18 69
18 71
18 72
18 73
18 74
18 77
18 78
18 79
18 83
18 88
18 89
18 94
18 102
18 103
18 106
18 108
18 109
18 111
18 112
18 114
18 115
18 116
18 117
18 119
18 122
18 125
18 126
18 128
18 129
18 131
18 133
18 134
18 136
18 137
18 138
18 143
18 145
18 146
18 147
18 150
18 152
18 157
18 158
18 159
18 160
19 21
19 23
19 24
19 25
19 26
19 30
19 31
19 32
19 33
19 35
19 37
19 38
19 39
19 40
19 41
19 42
19 43
19 44
19 46
19 47
19 48
19 49
19 51
19 52
19 53
19 54
19 55
19 56
19 57
19 61
19 62
19 63
19 64
19 65
19 66
19 67
19 68
19 69
19 70
19 71
19 72
19 73
19 76
19 79
19 80
19 81
19 84
19 86
19 88
19 89
19 90
19 91
19 92
19 93
19 95
19 96
19 97
19 98
19 99
19 100
19 101
19 103
19 105
19 106
19 108
19 109
19 112
19 113
19 114
19 115
19 116
19 117
19 119
19 120
19 125
19 126
19 129
19 130
19 131
19 133
19 136
19 137
19 138
19 139
19 140
19 142
19 143
19 145
19 146
19 149
19 150
19 151
19 152
19 153
19 154
19 157
19 158
19 159
19 160
19 161
20 21
20 24
20 25
20 28
20 31
20 32
20 37
20 38
20 39
20 42
20 54
20 55
20 59
20 64
20 65
20 67
20 68
20 70
20 72
20 75
20 84
20 87
20 91
20 97
20 99
20 103
20 108
20 112
20 115
20 117
20 120
20 129
20 134
20 136
20 146
20 147
20 153
20 156
21 22
21 25
21 26
21 29
21 31
21 32
21 34
21 35
21 36
21 37
21 39
21 40
21 43
21 48
21 49
21 50
21 51
21 52
21 54
21 56
21 58
21 59
21 64
21 65
21 66
21 67
21 69
21 70
21 71
21 72
21 74
21 75
21 76
21 79
21 80
21 82
21 83
21 84
21 87
21 89
21 92
21 93
21 94
21 95
21 97
21 98
21 99
21 100
21 101
21 102
21 103
21 105
21 106
21 107
21 108
21 109
21 110
21 114
21 115
21 117
21 118
21 119
21 120
21 123
21 126
21 128
21 130
21 131
21 133
21 134
21 135
21 137
21 138
21 141
21 142
21 143
21 145
21 146
21 147
21 149
21 150
21 151
21 153
21 154
21 156
21 158
22 26
22 28
22 32
22 34
22 37
22 39
22 40
22 45
22 49
22 51
22 56
22 58
22 65
22 68
22 69
22 79
22 80
22 83
22 86
22 89
22 92
22 102
22 106
22 108
22 109
22 112
22 117
22 118
22 125
22 131
22 133
22 134
22 137
22 138
22 139
22 142
22 143
22 146
22 154
22 158
23 24
23 25
23 26
23 31
23 37
23 44
23 45
23 46
23 50
23 54
23 56
23 59
23 62
23 64
23 65
23 66
23 67
23 68
23 69
23 70
23 71
23 72
23 75
23 79
23 85
23 86
23 88
23 99
23 105
23 106
23 109
23 110
23 112
23 114
23 119
23 126
23 129
23 134
23 136
23 139
23 142
23 143
23 145
23 147
23 152
23 158
23 160
24 25
24 29
24 30
24 32
24 35
24 36
24 37
24 40
24 44
24 45
24 48
24 51
24 54
24 58
24 59
24 64
24 67
24 68
24 70
24 71
24 72
24 75
24 92
24 93
24 94
24 98
24 105
24 106
24 107
24 112
24 115
24 117
24 120
24 126
24 129
24 130
24 133
24 134
24 137
24 139
24 141
24 142
24 144
24 146
24 148
25 26
25 27
25 29
25 30
25 31
25 32
25 33
25 35
25 36
25 37
25 38
25 40
25 42
25 43
25 44
25 45
25 46
25 49
25 50
25 51
25 58
25 60
25 62
25 63
25 64
25 67
25 69
25 70
25 72
25 73
25 74
25 75
25 77
25 78
25 79
25 80
25 81
25 85
25 86
25 88
25 89
25 92
25 93
25 95
25 96
25 97
25 98
25 100
25 101
25 105
25 107
25 108
25 109
25 111
25 113
25 114
25 117
25 119
25 122
25 123
25 125
25 126
25 127
25 128
25 129
25 132
25 133
25 134
25 136
25 138
25 139
25 145
25 146
25 150
25 152
25 153
25 154
25 158
25 159
26 29
26 30
26 31
26 32
26 33
26 34
26 36
26 37
26 38
26 39
26 40
26 41
26 45
26 48
26 49
26 50
26 51
26 52
26 54
26 56
26 57
26 58
26 59
26 64
26 65
26 66
26 67
26 68
26 69
26 70
26 71
26 72
26 73
26 74
26 75
26 76
26 77
26 79
26 80
26 82
26 83
26 84
26 87
26 88
26 89
26 91
26 92
26 93
26 94
26 97
26 99
26 101
26 103
26 104
26 105
26 106
26 107
26 108
26 114
26 115
26 116
26 117
26 118
26 119
26 121
26 123
26 125
26 126
26 127
26 128
26 129
26 130
26 131
26 134
26 135
26 136
26 137
26 138
26 139
26 140
26 143
26 145
26 147
26 148
26 149
26 150
26 152
26 153
26 154
26 155
26 157
26 158
26 159
26 160
26 161
27 29
27 35
27 39
27 40
27 44
27 46
27 48
27 49
27 52
27 54
27 56
27 58
27 64
27 65
27 68
27 70
27 75
27 89
27 91
27 101
27 103
27 104
27 106
27 108
27 112
27 116
27 118
27 131
27 133
27 137
27 142
27 147
27 151
27 152
27 160
28 34
28 37
28 44
28 49
28 55
28 56
28 58
28 63
28 65
28 67
28 68
28 70
28 75
28 80
28 82
28 84
28 87
28 93
28 94
28 97
28 101
28 102
28 103
28 106
28 107
28 108
28 109
28 110
28 111
28 116
28 117
28 118
28 129
28 133
28 136
28 137
28 138
28 139
28 140
28 147
28 152
29 30
29 31
29 32
29 34
29 40
29 44
29 45
29 48
29 49
29 50
29 51
29 54
29 56
29 63
29 64
29 66
29 67
29 68
29 71
29 72
29 73
29 74
29 77
29 79
29 82
29 88
29 89
29 92
29 93
29 94
29 101
29 102
29 106
29 112
29 117
29 125
29 126
29 127
29 128
29 138
29 141
29 143
29 155
29 157
29 158
29 159
29 161
30 31
30 32
30 33
30 35
30 37
30 38
30 39
30 40
30 41
30 42
30 43
30 44
30 45
30 49
30 51
30 53
30 54
30 55
30 57
30 58
30 59
30 61
30 63
30 64
30 65
30 66
30 67
30 68
30 69
30 70
30 71
30 72
30 74
30 76
30 77
30 80
30 85
30 86
30 87
30 88
30 89
30 91
30 93
30 95
30 96
30 97
30 98
30 101
30 102
30 103
30 105
30 106
30 112
30 113
30 114
30 115
30 117
30 118
30 120
30 121
30 122
30 123
30 125
30 128
30 129
30 130
30 133
30 135
30 137
30 138
30 140
30 141
30 142
30 143
30 144
30 145
30 146
30 147
30 148
30 151
30 152
30 154
30 156
30 158
30 159
30 161
31 32
31 35
31 37
31 38
31 39
31 40
31 42
31 43
31 44
31 45
31 46
31 49
31 50
31 51
31 52
31 53
31 54
31 55
31 56
31 58
31 59
31 60
31 61
31 63
31 64
31 65
31 67
31 68
31 69
31 70
31 71
31 72
31 73
31 74
31 75
31 76
31 78
31 79
31 81
31 82
31 84
31 86
31 88
31 89
31 90
31 91
31 93
31 94
31 96
31 97
31 98
31 99
31 100
31 101
31 103
31 104
31 106
31 107
31 108
31 109
31 110
31 112
31 114
31 116
31 117
31 118
31 119
31 122
31 125
31 128
31 129
31 131
31 133
31 134
31 135
31 138
31 139
31 140
31 142
31 143
31 144
31 145
31 146
31 150
31 151
31 152
31 153
31 155
31 157
31 158
31 159
31 160
31 161
32 34
32 35
32 36
32 39
32 40
32 42
32 43
32 44
32 45
32 48
32 49
32 51
32 52
32 54
32 55
32 56
32 58
32 61
32 64
32 65
32 66
32 67
32 69
32 70
32 71
32 72
32 74
32 75
32 77
32 79
32 81
32 83
32 84
32 85
32 88
32 89
32 91
32 95
32 98
32 99
32 101
32 102
32 104
32 105
32 106
32 108
32 110
32 112
32 113
32 114
32 115
32 117
32 118
32 119
32 121
32 122
32 125
32 126
32 128
32 129
32 130
32 131
32 133
32 134
32 135
32 137
32 138
32 139
32 142
32 144
32 145
32 147
32 148
32 150
32 151
32 152
32 153
32 154
32 157
32 159
32 161
33 34
33 35
33 42
33 43
33 45
33 50
33 52
33 53
33 54
33 58
33 60
33 65
33 67
33 69
33 71
33 72
33 74
33 75
33 77
33 79
33 99
33 101
33 103
33 106
33 117
33 118
33 125
33 133
33 137
33 138
33 153
33 154
33 155
33 158
33 161
34 36
34 40
34 41
34 43
34 44
34 45
34 46
34 47
34 48
34 49
34 52
34 54
34 55
34 58
34 59
34 61
34 62
34 65
34 67
34 68
34 70
34 72
34 74
34 75
34 77
34 78
34 79
34 81
34 87
34 91
34 92
34 95
34 97
34 100
34 102
34 103
34 105
34 106
34 112
34 113
34 114
34 115
34 116
34 118
34 119
34 125
34 129
34 130
34 131
34 133
34 134
34 136
34 137
34 138
34 142
34 145
34 147
34 153
34 154
34 157
34 159
35 36
35 37
35 38
35 40
35 45
35 48
35 49
35 50
35 51
35 52
35 53
35 54
35 55
35 56
35 58
35 62
35 64
35 65
35 66
35 67
35 68
35 70
35 71
35 75
35 76
35 79
35 81
35 84
35 85
35 86
35 88
35 91
35 92
35 93
35 94
35 95
35 97
35 99
35 100
35 102
35 103
35 108
35 109
35 112
35 113
35 114
35 115
35 116
35 117
35 118
35 125
35 129
35 131
35 133
35 134
35 135
35 136
35 137
35 138
35 141
35 143
35 145
35 146
35 147
35 150
35 151
35 153
35 154
35 159
35 160
36 37
36 40
36 42
36 44
36 47
36 48
36 49
36 50
36 54
36 56
36 57
36 59
36 61
36 62
36 63
36 64
36 67
36 68
36 70
36 71
36 72
36 75
36 80
36 84
36 87
36 88
36 89
36 92
36 93
36 94
36 99
36 101
36 106
36 108
36 110
36 113
36 117
36 119
36 120
36 125
36 126
36 127
36 130
36 131
36 132
36 133
36 134
36 136
36 137
36 138
36 140
36 142
36 148
36 150
36 152
36 154
36 157
36 158
36 159
37 40
37 42
37 43
37 45
37 46
37 50
37 51
37 55
37 56
37 59
37 63
37 64
37 65
37 67
37 71
37 72
37 74
37 79
37 81
37 82
37 84
37 89
37 91
37 94
37 97
37 98
37 100
37 101
37 105
37 106
37 108
37 109
37 110
37 111
37 112
37 113
37 114
37 115
37 118
37 119
37 120
37 127
37 129
37 130
37 134
37 136
37 137
37 138
37 141
37 143
37 147
37 150
37 151
37 153
37 154
37 157
37 158
37 159
38 43
38 44
38 46
38 49
38 51
38 52
38 54
38 56
38 58
38 63
38 64
38 66
38 67
38 69
38 70
38 72
38 75
38 76
38 77
38 79
38 83
38 85
38 86
38 87
38 88
38 89
38 91
38 93
38 94
38 95
38 97
38 100
38 101
38 103
38 104
38 105
38 106
38 108
38 109
38 110
38 111
38 112
38 113
38 114
38 115
38 116
38 117
38 118
38 121
38 122
38 125
38 126
38 127
38 128
38 129
38 131
38 132
38 133
38 134
38 135
38 136
38 137
38 138
38 140
38 141
38 143
38 144
38 145
38 146
38 147
38 150
38 151
38 152
38 153
38 154
38 157
38 158
38 159
38 161
39 40
39 44
39 45
39 46
39 47
39 50
39 51
39 52
39 54
39 56
39 57
39 58
39 63
39 64
39 65
39 66
39 67
39 68
39 72
39 77
39 85
39 88
39 89
39 90
39 94
39 96
39 98
39 100
39 102
39 103
39 105
39 106
39 108
39 111
39 113
39 115
39 116
39 117
39 118
39 119
39 121
39 123
39 125
39 126
39 129
39 133
39 135
39 136
39 137
39 138
39 142
39 143
39 144
39 145
39 146
39 147
39 150
39 151
39 154
39 157
39 158
39 160
39 161
40 42
40 43
40 44
40 45
40 46
40 51
40 52
40 53
40 54
40 55
40 56
40 58
40 59
40 62
40 64
40 65
40 66
40 69
40 70
40 71
40 72
40 73
40 74
40 75
40 76
40 77
40 79
40 80
40 83
40 84
40 85
40 86
40 87
40 88
40 89
40 92
40 93
40 94
40 95
40 96
40 97
40 98
40 99
40 100
40 101
40 102
40 103
40 106
40 107
40 108
40 109
40 110
40 111
40 112
40 113
40 114
40 117
40 118
40 119
40 122
40 125
40 128
40 129
40 131
40 133
40 134
40 136
40 137
40 138
40 139
40 141
40 142
40 143
40 145
40 146
40 147
40 150
40 151
40 152
40 153
40 154
40 157
40 158
40 159
40 160
41 42
41 44
41 46
41 50
41 54
41 56
41 62
41 69
41 70
41 71
41 72
41 76
41 77
41 79
41 84
41 87
41 92
41 93
41 94
41 97
41 101
41 102
41 108
41 115
41 117
41 126
41 128
41 131
41 139
41 142
41 147
41 152
41 154
41 161
42 45
42 49
42 50
42 52
42 55
42 56
42 58
42 59
42 61
42 63
42 64
42 65
42 66
42 67
42 68
42 70
42 72
42 74
42 75
42 79
42 84
42 86
42 88
42 89
42 93
42 94
42 97
42 101
42 103
42 107
42 108
42 109
42 111
42 115
42 116
42 118
42 123
42 124
42 129
42 131
42 136
42 137
42 139
42 140
42 145
42 146
42 147
42 152
42 157
42 158
42 160
42 161
43 44
43 49
43 50
43 51
43 52
43 54
43 58
43 59
43 64
43 67
43 68
43 70
43 71
43 72
43 76
43 80
43 82
43 83
43 84
43 86
43 87
43 90
43 92
43 94
43 98
43 99
43 101
43 104
43 105
43 106
43 108
43 110
43 112
43 114
43 115
43 116
43 117
43 118
43 120
43 127
43 128
43 131
43 138
43 140
43 142
43 143
43 145
43 146
43 147
43 148
43 149
43 151
43 152
43 154
43 158
43 160
43 161
44 45
44 47
44 48
44 49
44 50
44 51
44 53
44 54
44 55
44 56
44 58
44 59
44 61
44 63
44 64
44 68
44 69
44 70
44 71
44 72
44 73
44 75
44 76
44 77
44 79
44 82
44 84
44 85
44 87
44 88
44 89
44 90
44 91
44 93
44 95
44 99
44 101
44 102
44 105
44 106
44 107
44 108
44 109
44 113
44 114
44 115
44 117
44 118
44 120
44 122
44 125
44 126
44 129
44 130
44 131
44 133
44 134
44 137
44 138
44 139
44 141
44 142
44 145
44 147
44 150
44 152
44 154
44 157
44 158
44 159
44 160
45 46
45 50
45 53
45 56
45 57
45 58
45 59
45 60
45 61
45 63
45 64
45 65
45 66
45 67
45 68
45 69
45 70
45 71
45 72
45 73
45 75
45 77
45 80
45 82
45 83
45 84
45 85
45 87
45 90
45 93
45 94
45 101
45 102
45 103
45 105
45 106
45 107
45 109
45 110
45 112
45 113
45 114
45 115
45 117
45 118
45 125
45 127
45 129
45 130
45 131
45 133
45 137
45 138
45 139
45 142
45 143
45 145
45 146
45 147
45 149
45 150
45 151
45 152
45 153
45 154
45 157
45 158
45 159
45 161
46 49
46 50
46 51
46 54
46 56
46 57
46 64
46 65
46 67
46 68
46 69
46 70
46 72
46 73
46 75
46 77
46 80
46 84
46 86
46 87
46 89
46 93
46 94
46 95
46 97
46 100
46 101
46 102
46 104
46 105
46 106
46 109
46 112
46 118
46 123
46 125
46 127
46 128
46 129
46 131
46 133
46 134
46 138
46 141
46 142
46 146
46 150
46 152
46 153
46 154
46 157
46 158
46 159
47 49
47 54
47 71
47 74
47 76
47 79
47 80
47 84
47 87
47 89
47 101
47 127
47 130
47 134
47 153
47 157
47 158
48 49
48 53
48 54
48 56
48 58
48 59
48 60
48 63
48 67
48 70
48 71
48 73
48 74
48 75
48 79
48 106
48 108
48 109
48 114
48 115
48 117
48 125
48 129
48 135
48 139
48 143
48 148
48 150
48 151
48 153
48 154
48 157
48 158
48 160
49 50
49 52
49 54
49 55
49 56
49 57
49 58
49 59
49 60
49 61
49 62
49 63
49 66
49 67
49 68
49 69
49 70
49 71
49 72
49 73
49 74
49 75
49 77
49 79
49 83
49 84
49 85
49 87
49 89
49 94
49 97
49 98
49 99
49 100
49 101
49 103
49 104
49 105
49 106
49 107
49 108
49 109
49 111
49 112
49 113
49 114
49 115
49 116
49 117
49 118
49 122
49 125
49 126
49 129
49 131
49 132
49 133
49 137
49 138
49 139
49 140
49 141
49 142
49 144
49 145
49 146
49 147
49 152
49 153
49 154
49 155
49 156
49 157
49 158
49 159
49 161
50 51
50 52
50 54
50 56
50 57
50 63
50 64
50 65
50 67
50 68
50 71
50 72
50 74
50 77
50 80
50 81
50 84
50 85
50 89
50 92
50 94
50 95
50 97
50 100
50 101
50 105
50 106
50 107
50 108
50 112
50 115
50 116
50 117
50 125
50 126
50 128
50 129
50 131
50 132
50 133
50 134
50 135
50 136
50 140
50 142
50 148
50 150
50 152
50 154
50 156
50 157
50 158
50 159
51 54
51 55
51 56
51 59
51 62
51 63
51 65
51 66
51 67
51 68
51 69
51 70
51 71
51 73
51 74
51 76
51 77
51 79
51 80
51 83
51 84
51 86
51 87
51 88
51 89
51 91
51 92
51 94
51 95
51 97
51 101
51 103
51 105
51 106
51 108
51 109
51 110
51 111
51 112
51 113
51 114
51 115
51 116
51 117
51 118
51 121
51 122
51 123
51 125
51 126
51 127
51 128
51 129
51 131
51 132
51 134
51 135
51 137
51 138
51 139
51 140
51 142
51 143
51 146
51 147
51 148
51 150
51 151
51 152
51 154
51 156
51 159
51 160
51 161
52 54
52 55
52 56
52 61
52 62
52 66
52 67
52 68
52 69
52 70
52 71
52 72
52 74
52 75
52 78
52 81
52 83
52 84
52 87
52 89
52 91
52 93
52 94
52 97
52 104
52 108
52 109
52 110
52 112
52 113
52 114
52 115
52 116
52 117
52 131
52 135
52 138
52 145
52 146
52 152
52 153
52 154
52 155
52 157
52 158
52 160
52 161
53 54
53 63
53 65
53 69
53 70
53 71
53 75
53 83
53 84
53 94
53 98
53 101
53 103
53 104
53 105
53 114
53 115
53 117
53 120
53 129
53 133
53 134
53 136
53 138
53 141
53 142
53 150
53 151
53 152
53 154
53 156
53 157
53 161
54 56
54 59
54 62
54 63
54 64
54 65
54 67
54 68
54 69
54 71
54 72
54 74
54 75
54 76
54 78
54 79
54 81
54 82
54 83
54 84
54 85
54 86
54 87
54 88
54 89
54 91
54 92
54 93
54 94
54 95
54 96
54 97
54 98
54 99
54 100
54 101
54 103
54 104
54 105
54 106
54 107
54 108
54 109
54 111
54 112
54 114
54 115
54 116
54 117
54 118
54 119
54 121
54 122
54 125
54 126
54 128
54 129
54 131
54 132
54 134
54 136
54 137
54 138
54 139
54 140
54 141
54 142
54 144
54 146
54 147
54 148
54 150
54 151
54 152
54 153
54 154
54 155
54 156
54 158
54 159
54 160
54 161
55 56
55 58
55 59
55 61
55 63
55 65
55 67
55 70
55 71
55 74
55 75
55 79
55 84
55 86
55 88
55 91
55 92
55 94
55 99
55 101
55 102
55 103
55 105
55 108
55 111
55 112
55 113
55 114
55 115
55 116
55 117
55 118
55 119
55 125
55 128
55 131
55 134
55 135
55 137
55 141
55 146
55 147
55 149
55 151
55 152
55 153
55 154
55 155
55 157
55 159
56 57
56 58
56 59
56 61
56 64
56 65
56 67
56 68
56 70
56 71
56 72
56 73
56 74
56 75
56 76
56 79
56 80
56 81
56 83
56 84
56 87
56 88
56 89
56 94
56 96
56 97
56 100
56 102
56 103
56 106
56 108
56 109
56 111
56 112
56 113
56 114
56 115
56 116
56 117
56 118
56 120
56 125
56 127
56 129
56 130
56 131
56 133
56 134
56 135
56 138
56 140
56 141
56 142
56 144
56 145
56 147
56 148
56 149
56 151
56 152
56 153
56 156
56 157
56 159
56 160
56 161
57 63
57 65
57 67
57 68
57 72
57 73
57 74
57 75
57 77
57 79
57 85
57 87
57 89
57 91
57 92
57 93
57 97
57 99
57 102
57 103
57 105
57 106
57 109
57 112
57 113
57 115
57 129
57 133
57 136
57 150
57 153
57 155
57 158
57 159
58 61
58 62
58 63
58 64
58 65
58 67
58 68
58 69
58 70
58 72
58 74
58 75
58 76
58 80
58 83
58 84
58 86
58 87
58 89
58 91
58 92
58 93
58 94
58 97
58 98
58 99
58 100
58 101
58 102
58 103
58 105
58 106
58 107
58 108
58 109
58 114
58 117
58 118
58 119
58 125
58 127
58 128
58 129
58 131
58 134
58 135
58 138
58 139
58 142
58 145
58 147
58 150
58 151
58 153
58 154
58 157
58 160
59 62
59 63
59 64
59 65
59 66
59 68
59 69
59 71
59 72
59 73
59 74
59 77
59 79
59 83
59 84
59 85
59 89
59 90
59 91
59 93
59 96
59 100
59 105
59 106
59 107
59 108
59 110
59 112
59 114
59 115
59 117
59 125
59 127
59 129
59 131
59 132
59 133
59 134
59 136
59 137
59 138
59 139
59 141
59 142
59 145
59 146
59 147
59 151
59 152
59 153
59 154
59 155
59 156
59 157
59 158
59 161
60 64
60 68
60 69
60 72
60 76
60 79
60 84
60 86
60 89
60 106
60 111
60 112
60 122
60 125
60 126
60 133
60 135
60 138
60 141
60 142
60 146
60 151
60 152
60 154
60 158
60 159
60 161
61 62
61 64
61 67
61 68
61 69
61 70
61 71
61 73
61 74
61 75
61 84
61 86
61 88
61 89
61 90
61 94
61 99
61 101
61 102
61 104
61 105
61 106
61 107
61 108
61 109
61 110
61 115
61 117
61 118
61 124
61 125
61 127
61 129
61 133
61 138
61 139
61 142
61 144
61 146
61 147
61 152
61 153
61 154
61 158
61 159
62 63
62 65
62 71
62 72
62 74
62 77
62 79
62 83
62 86
62 87
62 91
62 92
62 94
62 98
62 101
62 102
62 103
62 105
62 107
62 108
62 112
62 113
62 114
62 115
62 121
62 128
62 129
62 131
62 133
62 134
62 135
62 137
62 138
62 139
62 141
62 142
62 146
62 147
62 149
62 152
62 158
62 161
63 64
63 65
63 66
63 67
63 68
63 69
63 71
63 72
63 73
63 74
63 76
63 78
63 79
63 80
63 82
63 86
63 87
63 89
63 90
63 92
63 95
63 96
63 97
63 98
63 99
63 100
63 101
63 105
63 107
63 108
63 109
63 112
63 113
63 114
63 118
63 121
63 130
63 131
63 134
63 135
63 137
63 138
63 139
63 141
63 146
63 147
63 149
63 150
63 152
63 154
63 160
64 66
64 67
64 68
64 69
64 70
64 71
64 72
64 73
64 74
64 75
64 76
64 77
64 79
64 80
64 81
64 83
64 84
64 86
64 87
64 91
64 93
64 94
64 96
64 98
64 99
64 101
64 102
64 105
64 106
64 107
64 108
64 111
64 112
64 113
64 114
64 115
64 116
64 117
64 118
64 119
64 120
64 124
64 125
64 129
64 131
64 132
64 133
64 134
64 135
64 136
64 137
64 138
64 139
64 140
64 141
64 142
64 145
64 146
64 147
64 148
64 150
64 151
64 152
64 153
64 154
64 157
64 158
64 159
64 161
65 66
65 67
65 68
65 69
65 70
65 71
65 72
65 73
65 74
65 75
65 76
65 77
65 78
65 79
65 83
65 84
65 85
65 86
65 88
65 89
65 94
65 97
65 98
65 99
65 102
65 105
65 106
65 107
65 108
65 109
65 110
65 111
65 114
65 115
65 116
65 118
65 122
65 123
65 125
65 126
65 128
65 129
65 131
65 133
65 134
65 135
65 136
65 137
65 138
65 141
65 143
65 146
65 147
65 150
65 151
65 152
65 153
65 154
65 157
65 158
65 159
65 160
65 161
66 67
66 68
66 69
66 70
66 72
66 74
66 75
66 76
66 80
66 85
66 86
66 88
66 89
66 91
66 92
66 93
66 94
66 95
66 96
66 97
66 99
66 100
66 101
66 102
66 103
66 105
66 108
66 109
66 111
66 112
66 114
66 115
66 117
66 118
66 122
66 125
66 126
66 128
66 129
66 131
66 133
66 136
66 137
66 140
66 141
66 142
66 145
66 149
66 153
66 155
66 157
66 158
66 159
66 161
67 68
67 70
67 71
67 72
67 74
67 75
67 77
67 78
67 79
67 80
67 84
67 85
67 86
67 87
67 88
67 89
67 92
67 94
67 95
67 97
67 98
67 101
67 102
67 103
67 104
67 105
67 106
67 107
67 108
67 109
67 110
67 111
67 112
67 113
67 115
67 116
67 117
67 118
67 119
67 121
67 122
67 123
67 125
67 126
67 127
67 128
67 129
67 133
67 134
67 135
67 136
67 137
67 138
67 139
67 140
67 142
67 143
67 144
67 145
67 147
67 149
67 151
67 152
67 154
67 157
67 158
67 160
67 161
68 69
68 70
68 71
68 72
68 73
68 74
68 75
68 79
68 80
68 82
68 86
68 88
68 89
68 90
68 91
68 92
68 94
68 95
68 96
68 97
68 98
68 100
68 101
68 102
68 103
68 105
68 107
68 109
68 111
68 112
68 113
68 114
68 115
68 116
68 117
68 118
68 119
68 121
68 122
68 123
68 125
68 129
68 131
68 133
68 134
68 136
68 137
68 138
68 140
68 142
68 143
68 145
68 147
68 148
68 149
68 151
68 152
68 153
68 154
68 158
69 70
69 71
69 72
69 73
69 74
69 75
69 76
69 77
69 78
69 79
69 81
69 82
69 83
69 85
69 86
69 87
69 89
69 90
69 91
69 92
69 94
69 97
69 99
69 100
69 101
69 102
69 103
69 106
69 107
69 108
69 109
69 110
69 111
69 112
69 113
69 114
69 115
69 116
69 117
69 118
69 120
69 126
69 127
69 128
69 130
69 133
69 134
69 135
69 136
69 137
69 138
69 140
69 141
69 142
69 147
69 150
69 151
69 152
69 153
69 154
69 157
69 158
69 160
69 161
70 71
70 72
70 73
70 74
70 75
70 76
70 77
70 78
70 79
70 80
70 82
70 83
70 84
70 87
70 88
70 89
70 90
70 91
70 92
70 94
70 95
70 97
70 99
70 100
70 101
70 102
70 105
70 106
70 107
70 108
70 109
70 110
70 111
70 112
70 115
70 116
70 117
70 118
70 120
70 123
70 124
70 125
70 126
70 130
70 133
70 134
70 135
70 136
70 137
70 138
70 139
70 141
70 142
70 143
70 145
70 146
70 147
70 148
70 150
70 151
70 152
70 154
70 155
70 157
70 158
70 159
70 160
70 161
71 72
71 73
71 74
71 75
71 77
71 79
71 80
71 81
71 82
71 84
71 86
71 87
71 88
71 89
71 90
71 92
71 93
71 94
71 95
71 97
71 100
71 101
71 102
71 104
71 105
71 106
71 107
71 108
71 109
71 110
71 111
71 114
71 115
71 117
71 121
71 125
71 126
71 128
71 129
71 130
71 131
71 133
71 134
71 135
71 136
71 138
71 141
71 143
71 146
71 148
71 150
71 152
71 153
71 154
71 157
71 158
71 159
71 160
71 161
72 73
72 74
72 75
72 76
72 79
72 80
72 81
72 82
72 83
72 84
72 85
72 87
72 88
72 89
72 93
72 94
72 96
72 98
72 99
72 100
72 101
72 102
72 103
72 105
72 106
72 107
72 108
72 109
72 110
72 113
72 115
72 116
72 117
72 118
72 119
72 120
72 121
72 122
72 123
72 125
72 126
72 127
72 129
72 130
72 131
72 133
72 135
72 136
72 137
72 138
72 139
72 140
72 141
72 142
72 143
72 144
72 146
72 147
72 149
72 150
72 151
72 152
72 154
72 155
72 157
72 158
72 159
72 160
73 74
73 76
73 77
73 79
73 80
73 83
73 84
73 85
73 87
73 89
73 92
73 93
73 94
73 96
73 97
73 99
73 100
73 101
73 102
73 105
73 106
73 107
73 108
73 110
73 112
73 113
73 114
73 115
73 116
73 118
73 121
73 122
73 125
73 127
73 129
73 130
73 132
73 133
73 134
73 135
73 136
73 137
73 138
73 140
73 141
73 142
73 145
73 147
73 148
73 149
73 153
73 154
73 156
73 157
73 158
73 161
74 75
74 77
74 78
74 79
74 80
74 82
74 83
74 85
74 86
74 87
74 88
74 89
74 90
74 91
74 92
74 93
74 94
74 96
74 97
74 99
74 100
74 101
74 102
74 103
74 104
74 105
74 106
74 107
74 108
74 109
74 110
74 111
74 112
74 113
74 114
74 115
74 116
74 117
74 118
74 119
74 122
74 123
74 124
74 125
74 126
74 128
74 129
74 130
74 131
74 133
74 134
74 135
74 136
74 137
74 139
74 140
74 141
74 142
74 143
74 144
74 145
74 147
74 148
74 150
74 152
74 154
74 155
74 156
74 157
74 158
74 159
74 160
74 161
75 77
75 78
75 79
75 80
75 82
75 86
75 89
75 90
75 91
75 92
75 94
75 98
75 99
75 100
75 101
75 105
75 108
75 109
75 111
75 112
75 113
75 114
75 116
75 118
75 121
75 124
75 125
75 126
75 127
75 131
75 133
75 134
75 137
75 139
75 141
75 142
75 144
75 146
75 147
75 148
75 149
75 151
75 152
75 154
75 155
75 156
75 157
76 83
76 85
76 87
76 91
76 92
76 97
76 99
76 102
76 105
76 107
76 108
76 109
76 110
76 113
76 114
76 115
76 118
76 130
76 132
76 133
76 138
76 142
76 144
76 145
76 147
76 148
76 150
76 153
76 158
77 79
77 80
77 82
77 84
77 86
77 87
77 90
77 91
77 92
77 94
77 99
77 101
77 102
77 104
77 105
77 106
77 108
77 109
77 111
77 112
77 113
77 114
77 115
77 118
77 125
77 133
77 134
77 135
77 137
77 138
77 139
77 142
77 145
77 146
77 147
77 148
77 150
77 151
77 152
77 154
77 157
77 158
77 159
77 161
78 86
78 89
78 97
78 104
78 106
78 108
78 112
78 125
78 132
78 146
78 148
78 152
78 154
78 158
78 160
79 80
79 81
79 83
79 84
79 87
79 91
79 92
79 93
79 94
79 95
79 97
79 98
79 99
79 101
79 102
79 103
79 104
79 105
79 106
79 107
79 108
79 109
79 110
79 111
79 112
79 113
79 114
79 115
79 116
79 118
79 124
79 126
79 127
79 129
79 130
79 131
79 134
79 135
79 136
79 137
79 138
79 139
79 141
79 142
79 143
79 146
79 147
79 150
79 151
79 152
79 153
79 154
79 155
79 157
79 158
79 159
80 83
80 84
80 85
80 87
80 88
80 94
80 95
80 96
80 97
80 98
80 100
80 101
80 105
80 108
80 109
80 110
80 112
80 113
80 115
80 117
80 122
80 124
80 125
80 133
80 134
80 138
80 139
80 140
80 141
80 142
80 143
80 151
80 152
80 154
80 155
80 157
80 160
81 84
81 87
81 101
81 102
81 105
81 106
81 108
81 118
81 125
81 130
81 133
81 142
81 143
81 145
81 146
81 147
81 149
81 150
81 151
81 152
81 153
81 157
81 159
82 88
82 91
82 95
82 98
82 101
82 102
82 105
82 106
82 113
82 126
82 132
82 133
82 134
82 137
82 138
82 139
82 141
82 143
82 149
82 154
82 155
82 161
83 84
83 85
83 100
83 101
83 102
83 103
83 106
83 108
83 112
83 113
83 117
83 118
83 129
83 133
83 134
83 137
83 138
83 140
83 142
83 145
83 146
83 147
83 150
83 152
83 154
83 157
84 85
84 86
84 87
84 89
84 91
84 94
84 97
84 102
84 104
84 105
84 107
84 108
84 109
84 113
84 114
84 115
84 116
84 118
84 124
84 125
84 126
84 131
84 132
84 133
84 134
84 137
84 138
84 139
84 142
84 144
84 147
84 149
84 150
84 151
84 152
84 153
84 154
84 158
84 159
84 161
85 88
85 89
85 101
85 106
85 107
85 108
85 109
85 112
85 114
85 115
85 117
85 118
85 122
85 123
85 130
85 131
85 133
85 134
85 139
85 141
85 145
85 151
85 152
85 154
86 87
86 89
86 91
86 97
86 102
86 103
86 109
86 112
86 113
86 114
86 115
86 117
86 122
86 124
86 127
86 128
86 130
86 131
86 133
86 134
86 137
86 140
86 143
86 145
86 152
86 153
86 154
86 160
86 161
87 92
87 93
87 94
87 95
87 96
87 97
87 98
87 99
87 101
87 103
87 105
87 106
87 111
87 113
87 114
87 118
87 121
87 124
87 125
87 126
87 130
87 133
87 135
87 137
87 139
87 142
87 145
87 150
87 152
87 153
87 154
87 155
87 158
87 159
88 90
88 94
88 97
88 100
88 101
88 102
88 103
88 104
88 105
88 108
88 109
88 110
88 113
88 114
88 115
88 117
88 118
88 129
88 130
88 131
88 134
88 135
88 137
88 138
88 140
88 141
88 149
88 151
88 152
88 154
88 155
88 157
88 158
89 91
89 93
89 94
89 96
89 97
89 98
89 99
89 101
89 102
89 103
89 104
89 105
89 106
89 108
89 111
89 112
89 113
89 114
89 115
89 116
89 117
89 118
89 120
89 122
89 123
89 125
89 126
89 128
89 129
89 131
89 133
89 134
89 135
89 137
89 138
89 139
89 142
89 147
89 148
89 149
89 150
89 151
89 152
89 154
89 157
89 158
89 159
90 110
90 115
90 119
90 125
90 126
90 127
90 131
90 133
90 134
90 137
90 139
90 144
90 147
90 151
90 152
90 158
90 161
91 93
91 95
91 99
91 101
91 104
91 105
91 106
91 107
91 112
91 113
91 114
91 116
91 117
91 119
91 125
91 127
91 128
91 130
91 133
91 135
91 137
91 138
91 139
91 141
91 142
91 144
91 145
91 147
91 152
91 154
91 158
91 159
91 161
92 93
92 94
92 97
92 102
92 103
92 109
92 113
92 114
92 115
92 117
92 118
92 125
92 128
92 129
92 131
92 135
92 138
92 139
92 141
92 142
92 147
92 149
92 151
92 152
92 154
92 157
92 158
92 159
92 160
92 161
93 94
93 97
93 100
93 101
93 102
93 103
93 105
93 108
93 110
93 111
93 112
93 114
93 115
93 116
93 117
93 121
93 125
93 126
93 127
93 130
93 134
93 135
93 137
93 139
93 140
93 141
93 142
93 143
93 145
93 148
93 150
93 151
93 152
93 153
93 154
93 156
93 157
93 158
93 160
94 97
94 99
94 101
94 102
94 103
94 104
94 106
94 107
94 108
94 109
94 112
94 113
94 115
94 116
94 117
94 123
94 125
94 126
94 127
94 131
94 132
94 133
94 134
94 138
94 139
94 141
94 142
94 143
94 146
94 148
94 149
94 150
94 151
94 152
94 154
94 157
94 158
94 159
94 160
94 161
95 97
95 98
95 99
95 102
95 107
95 108
95 109
95 112
95 114
95 125
95 129
95 131
95 134
95 136
95 137
95 138
95 140
95 141
95 142
95 143
95 147
95 152
95 158
96 100
96 101
96 102
96 110
96 113
96 117
96 118
96 128
96 129
96 131
96 133
96 138
96 139
96 142
96 147
96 151
96 153
96 154
96 157
96 160
97 101
97 103
97 104
97 105
97 106
97 108
97 109
97 111
97 112
97 113
97 114
97 115
97 117
97 118
97 121
97 122
97 125
97 126
97 128
97 130
97 134
97 135
97 137
97 138
97 139
97 141
97 142
97 143
97 146
97 147
97 150
97 151
97 152
97 154
97 156
97 157
97 158
97 159
97 161
98 101
98 106
98 107
98 109
98 111
98 113
98 127
98 129
98 131
98 133
98 135
98 136
98 137
98 138
98 140
98 141
98 147
98 154
98 155
98 156
98 158
99 100
99 101
99 102
99 105
99 106
99 109
99 111
99 113
99 114
99 115
99 118
99 125
99 126
99 127
99 128
99 131
99 133
99 135
99 137
99 141
99 146
99 148
99 150
99 151
99 152
99 153
99 154
99 158
99 160
99 161
100 102
100 105
100 106
100 108
100 109
100 111
100 112
100 114
100 115
100 117
100 118
100 125
100 127
100 129
100 130
100 131
100 133
100 134
100 138
100 141
100 142
100 145
100 150
100 151
100 152
100 153
100 154
100 157
100 158
101 102
101 104
101 105
101 106
101 108
101 111
101 113
101 114
101 115
101 116
101 117
101 118
101 119
101 120
101 122
101 124
101 125
101 127
101 129
101 130
101 131
101 133
101 134
101 136
101 137
101 138
101 139
101 140
101 142
101 145
101 149
101 150
101 151
101 152
101 153
101 154
101 156
101 157
101 158
101 160
101 161
102 103
102 105
102 106
102 107
102 108
102 109
102 111
102 112
102 113
102 114
102 115
102 117
102 118
102 120
102 124
102 125
102 127
102 128
102 129
102 130
102 131
102 133
102 134
102 136
102 137
102 138
102 141
102 142
102 143
102 146
102 147
102 148
102 149
102 151
102 152
102 153
102 154
102 155
102 157
102 158
102 159
102 160
102 161
103 105
103 109
103 110
103 113
103 114
103 115
103 117
103 118
103 119
103 125
103 127
103 129
103 131
103 133
103 135
103 136
103 138
103 141
103 142
103 143
103 145
103 146
103 147
103 150
103 152
103 153
103 155
103 157
103 158
103 161
104 106
104 109
104 111
104 112
104 114
104 115
104 119
104 126
104 127
104 129
104 131
104 133
104 135
104 142
104 145
104 149
104 151
104 154
104 160
105 106
105 107
105 109
105 110
105 111
105 113
105 115
105 117
105 118
105 122
105 125
105 126
105 127
105 128
105 129
105 130
105 131
105 132
105 135
105 136
105 137
105 138
105 139
105 142
105 147
105 149
105 151
105 153
105 154
105 157
106 107
106 108
106 110
106 111
106 112
106 113
106 114
106 115
106 117
106 118
106 119
106 121
106 122
106 125
106 126
106 127
106 129
106 130
106 131
106 134
106 136
106 137
106 138
106 141
106 142
106 143
106 144
106 146
106 147
106 149
106 151
106 152
106 153
106 154
106 155
106 157
106 158
106 159
106 160
107 108
107 109
107 113
107 115
107 117
107 118
107 119
107 124
107 125
107 129
107 130
107 132
107 135
107 137
107 140
107 141
107 142
107 146
107 147
107 150
107 151
107 152
107 153
107 159
107 160
107 161
108 111
108 112
108 113
108 115
108 116
108 117
108 118
108 120
108 121
108 124
108 125
108 126
108 127
108 129
108 131
108 132
108 133
108 134
108 135
108 136
108 137
108 138
108 139
108 141
108 142
108 143
108 145
108 147
108 148
108 149
108 152
108 153
108 154
108 155
108 157
108 158
108 160
108 161
109 110
109 111
109 112
109 113
109 114
109 115
109 117
109 118
109 125
109 127
109 129
109 130
109 131
109 134
109 135
109 136
109 137
109 138
109 139
109 143
109 147
109 150
109 152
109 153
109 155
109 157
109 158
109 161
110 112
110 113
110 115
110 117
110 124
110 126
110 131
110 133
110 134
110 137
110 138
110 145
110 146
110 147
110 150
110 151
110 154
110 158
110 161
111 112
111 113
111 115
111 116
111 117
111 118
111 125
111 129
111 130
111 133
111 134
111 137
111 138
111 139
111 140
111 141
111 142
111 147
111 149
111 150
111 151
111 152
111 153
111 154
111 158
111 160
111 161
112 113
112 115
112 116
112 118
112 125
112 126
112 127
112 128
112 129
112 130
112 131
112 132
112 133
112 134
112 137
112 139
112 142
112 143
112 145
112 146
112 148
112 149
112 151
112 152
112 153
112 156
112 157
112 158
112 159
112 160
112 161
113 115
113 116
113 124
113 129
113 130
113 133
113 136
113 137
113 139
113 142
113 143
113 145
113 146
113 147
113 148
113 149
113 150
113 153
113 154
113 157
113 159
113 160
114 115
114 118
114 123
114 124
114 125
114 126
114 127
114 128
114 129
114 131
114 132
114 133
114 134
114 137
114 138
114 139
114 141
114 142
114 147
114 149
114 150
114 152
114 153
114 154
114 157
114 158
114 159
114 160
114 161
115 116
115 117
115 118
115 122
115 123
115 125
115 126
115 129
115 131
115 132
115 133
115 134
115 135
115 137
115 138
115 139
115 140
115 141
115 142
115 143
115 146
115 147
115 149
115 150
115 151
115 152
115 153
115 154
115 157
115 158
115 159
115 160
116 118
116 125
116 128
116 129
116 130
116 131
116 132
116 133
116 135
116 138
116 139
116 141
116 146
116 152
116 153
116 158
116 161
117 118
117 119
117 121
117 124
117 126
117 127
117 129
117 130
117 131
117 133
117 134
117 135
117 137
117 138
117 140
117 141
117 142
117 143
117 144
117 146
117 147
117 150
117 152
117 154
117 155
117 157
117 158
117 160
117 161
118 119
118 123
118 124
118 126
118 128
118 129
118 130
118 131
118 132
118 133
118 134
118 135
118 136
118 137
118 138
118 141
118 142
118 146
118 147
118 149
118 151
118 152
118 154
118 155
118 157
118 158
118 159
118 161
119 126
119 128
119 129
119 133
119 134
119 135
119 137
119 142
119 144
119 150
119 158
120 129
120 146
120 152
120 161
121 125
121 133
121 136
121 138
121 143
121 147
121 155
122 127
122 133
122 134
122 136
122 137
122 140
122 147
122 151
123 126
123 129
123 131
123 134
123 135
123 137
123 139
123 145
123 146
123 147
123 158
123 161
124 131
124 137
124 138
124 139
124 147
124 152
124 154
125 127
125 128
125 129
125 130
125 131
125 133
125 134
125 138
125 140
125 142
125 143
125 146
125 147
125 150
125 152
125 153
125 154
125 157
125 158
125 161
126 129
126 130
126 131
126 134
126 135
126 136
126 138
126 139
126 141
126 142
126 150
126 151
126 152
126 153
126 154
126 155
126 157
126 159
127 133
127 136
127 137
127 142
127 146
127 151
127 153
127 154
127 159
128 129
128 131
128 133
128 150
128 151
128 153
128 158
128 159
128 160
128 161
129 131
129 132
129 133
129 134
129 135
129 136
129 137
129 138
129 139
129 140
129 141
129 142
129 143
129 146
129 147
129 148
129 150
129 152
129 155
129 156
129 157
129 158
129 159
129 160
130 131
130 133
130 135
130 142
130 143
130 145
130 146
130 147
130 150
130 151
130 154
130 155
130 158
130 160
130 161
131 133
131 134
131 137
131 138
131 139
131 141
131 142
131 146
131 147
131 150
131 151
131 152
131 154
131 157
131 158
131 160
131 161
132 137
132 138
132 144
132 150
132 152
132 157
132 158
132 159
133 134
133 135
133 137
133 138
133 139
133 140
133 141
133 142
133 144
133 146
133 147
133 149
133 150
133 151
133 152
133 153
133 154
133 155
133 156
133 157
133 158
133 159
133 160
133 161
134 137
134 138
134 139
134 140
134 142
134 143
134 146
134 147
134 150
134 151
134 152
134 157
134 158
134 159
134 160
135 138
135 140
135 147
135 150
135 154
135 155
135 157
135 160
135 161
136 140
136 142
136 146
136 149
136 151
136 153
136 158
136 160
137 138
137 139
137 140
137 141
137 142
137 143
137 144
137 145
137 146
137 147
137 148
137 150
137 151
137 152
137 154
137 155
137 157
137 158
137 159
137 160
137 161
138 139
138 140
138 141
138 147
138 148
138 149
138 150
138 152
138 153
138 154
138 156
138 157
138 158
138 159
138 160
138 161
139 142
139 150
139 151
139 152
139 153
139 154
139 157
139 158
139 160
140 143
140 144
140 145
140 149
140 150
140 152
140 154
140 158
140 159
140 160
140 161
141 143
141 146
141 147
141 151
141 152
141 153
141 155
141 158
141 159
141 161
142 145
142 147
142 148
142 149
142 150
142 151
142 152
142 153
142 154
142 157
142 158
142 159
142 161
143 147
143 149
143 152
143 157
143 158
144 147
144 154
144 158
145 146
145 150
145 151
145 152
145 157
145 158
145 159
145 160
145 161
146 150
146 151
146 152
146 154
146 157
146 158
146 159
147 148
147 149
147 150
147 151
147 152
147 153
147 154
147 157
147 158
148 150
148 156
148 158
149 150
149 152
149 153
149 154
149 158
150 151
150 152
150 153
150 154
150 155
150 156
150 157
150 158
150 159
150 160
151 152
151 154
151 156
151 158
151 159
151 161
152 153
152 154
152 155
152 156
152 158
152 161
153 156
153 159
153 160
153 161
154 155
154 158
154 159
154 160
154 161
155 158
155 160
156 158
156 161
157 158
157 161
158 159
158 160
158 161
159 160
