0 1
0 7
0 10
0 11
0 12
0 14
0 15
0 16
0 19
0 25
0 26
0 27
0 29
0 35
0 38
0 39
0 40
0 45
0 46
0 49
0 50
0 51
0 55
0 59
0 61
0 63
0 66
0 67
0 68
0 72
0 73
0 74
0 77
0 80
0 86
0 89
0 90
0 93
0 94
0 97
0 100
0 101
0 103
0 106
0 108
0 109
0 112
0 114
0 115
0 116
0 117
0 118
0 126
0 128
0 131
0 134
0 137
0 138
0 140
0 142
0 146
0 147
0 151
0 152
0 153
0 154
0 155
0 158
1 4
1 7
1 8
1 10
1 11
1 13
1 14
1 16
1 17
1 19
1 21
1 22
1 25
1 26
1 32
1 34
1 38
1 40
1 41
1 43
1 44
1 45
1 49
1 50
1 51
1 54
1 55
1 57
1 58
1 59
1 61
1 62
1 64
1 65
1 66
1 68
1 69
1 72
1 73
1 75
1 77
1 79
1 80
1 85
1 89
1 91
1 92
1 93
1 96
1 97
1 98
1 101
1 103
1 112
1 114
1 117
1 118
1 119
1 126
1 127
1 128
1 129
1 132
1 133
1 134
1 135
1 138
1 139
1 142
1 147
1 148
1 149
1 152
1 154
1 155
1 157
1 158
1 161
2 4
2 6
2 7
2 9
2 11
2 15
2 27
2 30
2 32
2 35
2 43
2 49
2 50
2 54
2 55
2 63
2 64
2 65
2 66
2 67
2 68
2 70
2 71
2 72
2 73
2 74
2 77
2 84
2 86
2 87
2 88
2 89
2 94
2 101
2 107
2 108
2 109
2 112
2 114
2 115
2 117
2 118
2 122
2 125
2 131
2 133
2 134
2 137
2 138
2 139
2 141
2 143
2 147
2 154
2 157
2 158
2 160
3 6
3 7
3 9
3 10
3 19
3 21
3 24
3 25
3 26
3 31
3 38
3 40
3 43
3 44
3 45
3 46
3 51
3 52
3 54
3 55
3 67
3 69
3 70
3 71
3 72
3 73
3 76
3 77
3 89
3 93
3 94
3 95
3 99
3 100
3 101
3 106
3 108
3 109
3 110
3 112
3 113
3 114
3 115
3 116
3 118
3 125
3 126
3 129
3 130
3 133
3 134
3 135
3 137
3 138
3 141
3 142
3 143
3 146
3 152
3 154
4 6
4 7
4 8
4 9
4 11
4 13
4 17
4 21
4 22
4 24
4 25
4 26
4 27
4 28
4 30
4 31
4 32
4 34
4 36
4 37
4 38
4 39
4 40
4 43
4 44
4 45
4 46
4 48
4 49
4 51
4 52
4 54
4 55
4 56
4 57
4 58
4 59
4 60
4 64
4 65
4 67
4 68
4 69
4 70
4 71
4 72
4 73
4 75
4 77
4 78
4 79
4 80
4 82
4 84
4 87
4 88
4 89
4 93
4 94
4 99
4 100
4 101
4 102
4 105
4 106
4 108
4 109
4 112
4 113
4 114
4 115
4 116
4 117
4 122
4 123
4 125
4 126
4 127
4 128
4 129
4 130
4 131
4 133
4 134
4 135
4 137
4 138
4 139
4 141
4 142
4 143
4 145
4 146
4 148
4 149
4 150
4 151
4 152
4 153
4 154
4 155
4 157
4 158
4 161
5 6
5 7
5 8
5 9
5 14
5 19
5 21
5 29
5 30
5 35
5 36
5 44
5 47
5 48
5 51
5 52
5 54
5 55
5 61
5 62
5 64
5 65
5 68
5 72
5 73
5 80
5 91
5 94
5 105
5 106
5 114
5 115
5 117
5 118
5 129
5 133
5 142
5 145
5 147
5 152
5 154
5 158
5 161
6 7
6 8
6 9
6 11
6 12
6 13
6 16
6 17
6 18
6 19
6 20
6 21
6 22
6 24
6 25
6 26
6 28
6 29
6 30
6 31
6 35
6 36
6 37
6 38
6 40
6 46
6 48
6 49
6 50
6 51
6 52
6 53
6 54
6 55
6 57
6 60
6 61
6 63
6 64
6 65
6 66
6 67
6 68
6 70
6 71
6 72
6 73
6 74
6 75
6 76
6 77
6 79
6 80
6 81
6 82
6 83
6 84
6 85
6 86
6 92
6 93
6 94
6 96
6 97
6 98
6 99
6 100
6 101
6 102
6 105
6 106
6 107
6 108
6 109
6 111
6 112
6 113
6 114
6 115
6 116
6 117
6 118
6 126
6 127
6 128
6 129
6 130
6 131
6 133
6 134
6 136
6 137
6 138
6 139
6 140
6 141
6 142
6 144
6 145
6 147
6 149
6 151
6 152
6 153
6 154
6 156
6 159
6 160
6 161
7 8
7 10
7 12
7 13
7 14
7 15
7 16
7 19
7 21
7 23
7 24
7 25
7 29
7 31
7 32
7 35
7 36
7 37
7 38
7 39
7 42
7 43
7 44
7 45
7 46
7 47
7 49
7 51
7 52
7 54
7 56
7 58
7 59
7 60
7 61
7 62
7 63
7 64
7 65
7 66
7 67
7 68
7 69
7 70
7 71
7 72
7 73
7 74
7 76
7 77
7 79
7 81
7 83
7 85
7 86
7 88
7 89
7 91
7 93
7 94
7 95
7 97
7 98
7 99
7 100
7 101
7 102
7 103
7 105
7 106
7 107
7 108
7 109
7 110
7 111
7 112
7 113
7 114
7 115
7 116
7 117
7 118
7 120
7 121
7 125
7 126
7 128
7 129
7 130
7 131
7 132
7 133
7 134
7 136
7 140
7 141
7 142
7 143
7 145
7 146
7 147
7 150
7 151
7 152
7 153
7 154
7 155
7 156
7 157
7 159
7 160
7 161
8 10
8 14
8 16
8 19
8 21
8 26
8 32
8 35
8 38
8 41
8 54
8 58
8 64
8 65
8 66
8 67
8 68
8 69
8 70
8 72
8 74
8 77
8 78
8 82
8 86
8 101
8 114
8 117
8 118
8 120
8 125
8 134
8 136
8 142
8 143
8 146
8 152
8 155
8 158
8 160
8 161
9 10
9 11
9 14
9 15
9 17
9 18
9 19
9 20
9 25
9 38
9 39
9 40
9 43
9 44
9 46
9 53
9 54
9 55
9 56
9 64
9 65
9 66
9 67
9 68
9 69
9 72
9 73
9 74
9 76
9 78
9 84
9 86
9 91
9 93
9 94
9 97
9 100
9 101
9 102
9 104
9 106
9 107
9 108
9 112
9 113
9 114
9 115
9 117
9 118
9 119
9 125
9 128
9 130
9 131
9 134
9 135
9 137
9 138
9 141
9 142
9 143
9 144
9 147
9 150
9 152
9 153
9 154
9 158
9 159
10 11
10 12
10 14
10 18
10 23
10 25
10 29
10 32
10 34
10 36
10 37
10 38
10 39
10 40
10 44
10 45
10 46
10 48
10 49
10 50
10 52
10 53
10 54
10 55
10 58
10 62
10 64
10 65
10 66
10 67
10 68
10 69
10 70
10 72
10 73
10 76
10 79
10 81
10 83
10 84
10 86
10 92
10 93
10 94
10 95
10 96
10 99
10 101
10 102
10 103
10 106
10 108
10 111
10 112
10 113
10 114
10 118
10 124
10 128
10 129
10 131
10 133
10 134
10 137
10 138
10 142
10 151
10 161
11 13
11 14
11 15
11 16
11 17
11 18
11 19
11 20
11 21
11 26
11 27
11 29
11 30
11 31
11 33
11 37
11 40
11 43
11 44
11 45
11 48
11 49
11 51
11 52
11 53
11 54
11 56
11 57
11 58
11 59
11 60
11 63
11 64
11 65
11 66
11 67
11 68
11 69
11 70
11 71
11 72
11 73
11 74
11 75
11 77
11 79
11 81
11 82
11 83
11 85
11 86
11 88
11 89
11 91
11 94
11 95
11 96
11 97
11 98
11 99
11 101
11 102
11 104
11 109
11 111
11 113
11 117
11 118
11 119
11 122
11 125
11 126
11 127
11 129
11 130
11 132
11 133
11 134
11 135
11 136
11 139
11 141
11 142
11 143
11 145
11 151
11 153
11 155
11 158
11 159
11 161
12 16
12 18
12 21
12 24
12 26
12 30
12 31
12 35
12 36
12 41
12 42
12 46
12 49
12 51
12 52
12 54
12 55
12 61
12 63
12 64
12 65
12 67
12 69
12 70
12 71
12 72
12 79
12 84
12 89
12 95
12 97
12 98
12 99
12 100
12 106
12 108
12 109
12 113
12 114
12 117
12 118
12 119
12 120
12 125
12 126
12 129
12 131
12 133
12 138
12 141
12 142
12 146
12 147
12 151
12 152
12 158
13 15
13 16
13 18
13 21
13 26
13 31
13 34
13 37
13 38
13 40
13 44
13 47
13 51
13 52
13 54
13 55
13 56
13 60
13 61
13 62
13 64
13 66
13 67
13 68
13 69
13 70
13 71
13 73
13 74
13 75
13 77
13 80
13 81
13 87
13 89
13 92
13 93
13 94
13 95
13 96
13 99
13 100
13 101
13 105
13 106
13 107
13 108
13 111
13 114
13 118
13 126
13 130
13 131
13 132
13 133
13 134
13 136
13 137
13 138
13 139
13 140
13 141
13 142
13 145
13 150
13 152
13 155
13 157
13 158
14 15
14 18
14 19
14 21
14 23
14 25
14 26
14 27
14 29
14 31
14 32
14 34
14 35
14 36
14 37
14 38
14 40
14 42
14 43
14 44
14 45
14 48
14 49
14 50
14 51
14 52
14 53
14 54
14 55
14 56
14 60
14 61
14 62
14 63
14 64
14 65
14 66
14 67
14 68
14 69
14 70
14 71
14 72
14 74
14 75
14 76
14 77
14 78
14 79
14 80
14 81
14 82
14 84
14 85
14 86
14 87
14 88
14 89
14 91
14 92
14 93
14 94
14 95
14 98
14 99
14 100
14 101
14 102
14 103
14 104
14 106
14 107
14 108
14 109
14 110
14 111
14 113
14 114
14 115
14 116
14 117
14 118
14 119
14 122
14 124
14 125
14 126
14 128
14 129
14 130
14 131
14 132
14 133
14 135
14 136
14 137
14 138
14 139
14 141
14 142
14 144
14 146
14 147
14 148
14 149
14 150
14 151
14 152
14 153
14 157
14 158
14 159
14 160
14 161
15 17
15 18
15 28
15 31
15 32
15 33
15 34
15 39
15 45
15 46
15 47
15 51
15 54
15 60
15 64
15 65
15 70
15 77
15 82
15 89
15 92
15 93
15 94
15 97
15 99
15 100
15 108
15 112
15 115
15 117
15 118
15 126
15 129
15 130
15 131
15 133
15 134
15 138
15 139
15 141
15 142
15 143
15 146
15 147
15 150
15 152
15 154
15 155
15 160
15 161
16 19
16 20
16 21
16 24
16 26
16 38
16 44
16 49
16 53
16 56
16 58
16 63
16 68
16 69
16 71
16 75
16 79
16 82
16 86
16 89
16 91
16 99
16 102
16 104
16 108
16 111
16 112
16 115
16 116
16 117
16 124
16 125
16 129
16 130
16 134
16 135
16 138
16 141
16 145
16 147
16 151
16 159
17 19
17 30
17 31
17 33
17 35
17 41
17 52
17 54
17 56
17 64
17 65
17 67
17 69
17 71
17 72
17 74
17 79
17 88
17 99
17 103
17 104
17 108
17 112
17 114
17 117
17 125
17 129
17 131
17 136
17 138
17 140
17 150
17 152
17 157
17 161
18 19
18 22
18 25
18 29
18 30
18 31
18 33
18 37
18 38
18 39
18 42
18 43
18 44
18 45
18 46
18 48
18 50
18 51
18 56
18 57
18 60
18 62
18 63
18 64
18 66
18 68
18 70
18 71
18 72
18 73
18 74
18 77
18 79
18 80
18 83
18 86
18 87
18 89
18 97
18 99
18 100
18 102
18 105
18 107
18 112
18 113
18 114
18 117
18 118
18 122
18 124
18 125
18 128
18 131
18 134
18 136
18 137
18 138
18 142
18 147
18 148
18 152
18 153
18 157
18 161
19 20
19 21
19 22
19 23
19 24
19 25
19 26
19 28
19 29
19 30
19 31
19 32
19 34
19 36
19 38
19 39
19 40
19 41
19 42
19 43
19 44
19 45
19 46
19 48
19 49
19 51
19 52
19 54
19 55
19 56
19 58
19 62
19 63
19 64
19 65
19 66
19 67
19 68
19 69
19 70
19 71
19 72
19 73
19 74
19 75
19 77
19 79
19 80
19 84
19 86
19 87
19 88
19 91
19 92
19 96
19 99
19 101
19 104
19 105
19 106
19 107
19 108
19 109
19 111
19 113
19 115
19 117
19 118
19 120
19 125
19 126
19 127
19 129
19 130
19 131
19 132
19 133
19 134
19 136
19 138
19 139
19 141
19 143
19 145
19 146
19 147
19 148
19 149
19 150
19 151
19 152
19 153
19 154
19 156
19 157
19 158
19 160
19 161
20 24
20 26
20 30
20 31
20 32
20 36
20 37
20 44
20 45
20 55
20 58
20 64
20 65
20 67
20 69
20 70
20 71
20 72
20 75
20 76
20 79
20 82
20 83
20 86
20 88
20 89
20 93
20 94
20 96
20 97
20 101
20 102
20 104
20 109
20 112
20 117
20 125
20 129
20 136
20 142
20 145
20 147
20 150
20 151
20 152
20 154
20 158
21 25
21 26
21 28
21 29
21 30
21 31
21 32
21 35
21 36
21 37
21 38
21 40
21 41
21 43
21 44
21 45
21 46
21 49
21 50
21 51
21 52
21 53
21 54
21 55
21 56
21 57
21 58
21 59
21 62
21 63
21 64
21 65
21 66
21 67
21 68
21 71
21 72
21 73
21 76
21 77
21 79
21 80
21 81
21 83
21 86
21 87
21 88
21 89
21 90
21 91
21 93
21 94
21 97
21 100
21 101
21 102
21 104
21 106
21 107
21 111
21 112
21 113
21 114
21 116
21 117
21 118
21 127
21 128
21 129
21 131
21 133
21 134
21 136
21 137
21 138
21 139
21 140
21 141
21 142
21 143
21 146
21 147
21 150
21 152
21 153
21 154
21 155
21 156
21 157
21 158
21 159
21 160
21 161
22 31
22 32
22 35
22 36
22 38
22 42
22 46
22 47
22 50
22 56
22 61
22 67
22 68
22 69
22 72
22 73
22 74
22 76
22 81
22 86
22 88
22 89
22 91
22 95
22 97
22 99
22 102
22 103
22 104
22 112
22 114
22 117
22 118
22 122
22 125
22 128
22 130
22 133
22 134
22 136
22 138
22 142
22 147
22 149
22 150
22 155
22 158
22 159
23 25
23 26
23 31
23 38
23 40
23 43
23 46
23 51
23 55
23 56
23 64
23 67
23 69
23 70
23 71
23 87
23 91
23 92
23 94
23 95
23 99
23 100
23 101
23 106
23 107
23 108
23 115
23 122
23 123
23 127
23 131
23 137
23 139
23 140
23 147
23 149
23 150
23 151
23 152
23 159
24 28
24 30
24 31
24 35
24 38
24 39
24 40
24 43
24 45
24 46
24 49
24 51
24 57
24 64
24 65
24 67
24 69
24 72
24 73
24 74
24 75
24 90
24 92
24 97
24 99
24 100
24 105
24 108
24 114
24 115
24 116
24 125
24 129
24 131
24 133
24 138
24 139
24 142
24 146
24 147
24 150
24 152
24 154
24 155
24 156
24 157
24 158
24 159
24 160
25 26
25 27
25 30
25 31
25 32
25 36
25 37
25 38
25 39
25 40
25 46
25 49
25 50
25 53
25 54
25 55
25 58
25 59
25 63
25 65
25 66
25 67
25 68
25 69
25 70
25 71
25 72
25 73
25 74
25 76
25 79
25 81
25 83
25 84
25 86
25 88
25 89
25 91
25 92
25 94
25 96
25 97
25 101
25 102
25 103
25 106
25 108
25 109
25 110
25 114
25 117
25 118
25 119
25 125
25 128
25 129
25 130
25 131
25 133
25 135
25 136
25 137
25 138
25 140
25 142
25 143
25 145
25 149
25 150
25 152
25 153
25 154
25 159
25 161
26 27
26 28
26 29
26 30
26 31
26 32
26 34
26 35
26 38
26 40
26 41
26 44
26 45
26 46
26 49
26 50
26 51
26 52
26 53
26 55
26 58
26 59
26 61
26 63
26 64
26 65
26 67
26 69
26 70
26 71
26 73
26 74
26 76
26 77
26 79
26 80
26 82
26 83
26 84
26 86
26 87
26 88
26 90
26 91
26 92
26 93
26 94
26 97
26 100
26 101
26 102
26 103
26 104
26 105
26 106
26 108
26 109
26 112
26 113
26 114
26 115
26 118
26 121
26 124
26 125
26 128
26 129
26 130
26 131
26 132
26 133
26 134
26 135
26 137
26 138
26 139
26 141
26 142
26 145
26 146
26 147
26 148
26 150
26 151
26 152
26 153
26 154
26 155
26 157
26 159
26 160
26 161
27 28
27 34
27 35
27 36
27 40
27 43
27 46
27 49
27 51
27 63
27 67
27 68
27 70
27 74
27 79
27 80
27 86
27 87
27 91
27 97
27 102
27 106
27 107
27 108
27 112
27 115
27 118
27 124
27 131
27 133
27 138
27 142
27 147
27 151
27 153
27 155
27 157
27 158
28 29
28 30
28 31
28 38
28 39
28 40
28 44
28 45
28 49
28 50
28 52
28 54
28 60
28 64
28 66
28 68
28 69
28 71
28 74
28 75
28 77
28 80
28 82
28 84
28 86
28 88
28 92
28 93
28 101
28 106
28 110
28 111
28 112
28 115
28 116
28 124
28 130
28 131
28 133
28 134
28 135
28 137
28 138
28 147
28 148
28 152
28 155
28 161
29 30
29 38
29 45
29 46
29 49
29 51
29 54
29 59
29 60
29 64
29 65
29 70
29 71
29 74
29 91
29 97
29 102
29 105
29 107
29 108
29 109
29 114
29 116
29 117
29 122
29 126
29 129
29 130
29 133
29 138
29 146
29 147
29 152
29 153
29 154
29 155
29 157
29 158
30 32
30 33
30 35
30 38
30 40
30 41
30 44
30 45
30 46
30 48
30 49
30 50
30 51
30 53
30 54
30 56
30 57
30 58
30 59
30 64
30 65
30 66
30 67
30 68
30 69
30 70
30 71
30 72
30 73
30 74
30 76
30 77
30 80
30 83
30 86
30 88
30 89
30 91
30 92
30 94
30 97
30 101
30 102
30 103
30 104
30 106
30 107
30 108
30 109
30 111
30 112
30 113
30 114
30 117
30 118
30 120
30 123
30 125
30 126
30 129
30 131
30 133
30 134
30 137
30 138
30 139
30 142
30 146
30 147
30 150
30 151
30 154
30 155
30 157
30 158
30 159
30 161
31 32
31 34
31 35
31 36
31 39
31 40
31 41
31 42
31 43
31 44
31 45
31 46
31 48
31 51
31 53
31 56
31 57
31 58
31 61
31 62
31 63
31 65
31 67
31 68
31 69
31 70
31 71
31 72
31 73
31 74
31 76
31 79
31 81
31 82
31 84
31 85
31 86
31 87
31 88
31 89
31 91
31 92
31 93
31 94
31 97
31 99
31 101
31 104
31 105
31 106
31 107
31 108
31 111
31 113
31 114
31 115
31 117
31 118
31 119
31 120
31 123
31 125
31 126
31 127
31 128
31 129
31 130
31 131
31 133
31 135
31 138
31 139
31 140
31 141
31 142
31 145
31 146
31 147
31 148
31 149
31 150
31 152
31 154
31 155
31 156
31 158
31 159
31 160
31 161
32 33
32 34
32 36
32 40
32 44
32 46
32 49
32 51
32 52
32 53
32 55
32 56
32 57
32 58
32 59
32 61
32 63
32 64
32 65
32 66
32 69
32 70
32 71
32 72
32 73
32 74
32 75
32 76
32 77
32 79
32 80
32 82
32 84
32 86
32 87
32 88
32 94
32 95
32 99
32 101
32 102
32 103
32 105
32 107
32 108
32 110
32 112
32 113
32 114
32 115
32 117
32 118
32 120
32 122
32 124
32 125
32 126
32 128
32 129
32 131
32 132
32 133
32 136
32 138
32 139
32 141
32 142
32 143
32 146
32 148
32 150
32 151
32 152
32 154
32 156
32 157
32 158
32 160
32 161
33 40
33 48
33 50
33 52
33 54
33 55
33 56
33 59
33 64
33 65
33 68
33 69
33 70
33 72
33 74
33 82
33 84
33 87
33 88
33 100
33 101
33 106
33 117
33 127
33 129
33 131
33 133
33 137
33 138
33 140
33 147
33 151
33 154
33 157
33 158
34 36
34 39
34 40
34 41
34 42
34 46
34 49
34 51
34 52
34 54
34 56
34 61
34 63
34 64
34 65
34 67
34 69
34 70
34 71
34 72
34 73
34 76
34 79
34 80
34 81
34 82
34 86
34 94
34 96
34 97
34 99
34 102
34 105
34 107
34 108
34 111
34 112
34 113
34 117
34 118
34 130
34 131
34 134
34 135
34 137
34 138
34 139
34 140
34 141
34 142
34 145
34 147
34 150
34 151
34 153
34 154
34 157
34 161
35 36
35 37
35 38
35 39
35 40
35 42
35 44
35 45
35 46
35 48
35 51
35 52
35 53
35 55
35 56
35 57
35 58
35 59
35 60
35 61
35 62
35 63
35 64
35 65
35 66
35 68
35 70
35 71
35 72
35 74
35 75
35 80
35 86
35 87
35 88
35 89
35 92
35 93
35 94
35 96
35 97
35 100
35 102
35 105
35 106
35 107
35 108
35 109
35 112
35 113
35 115
35 117
35 118
35 124
35 126
35 128
35 130
35 131
35 132
35 133
35 134
35 137
35 138
35 141
35 142
35 144
35 145
35 146
35 147
35 150
35 151
35 154
35 157
35 160
36 37
36 38
36 39
36 40
36 41
36 42
36 45
36 48
36 49
36 51
36 52
36 53
36 54
36 56
36 64
36 67
36 68
36 69
36 72
36 73
36 75
36 76
36 79
36 80
36 84
36 85
36 86
36 87
36 88
36 89
36 92
36 94
36 95
36 97
36 98
36 101
36 103
36 107
36 108
36 109
36 111
36 112
36 115
36 116
36 117
36 118
36 121
36 123
36 125
36 128
36 130
36 131
36 133
36 137
36 138
36 140
36 141
36 142
36 143
36 148
36 153
36 154
36 157
36 158
36 161
37 38
37 40
37 43
37 44
37 45
37 46
37 47
37 49
37 50
37 51
37 53
37 54
37 56
37 62
37 63
37 64
37 66
37 69
37 71
37 72
37 74
37 75
37 77
37 79
37 80
37 83
37 84
37 86
37 90
37 91
37 93
37 94
37 97
37 98
37 100
37 101
37 102
37 105
37 106
37 108
37 113
37 115
37 118
37 122
37 124
37 125
37 128
37 129
37 132
37 134
37 135
37 136
37 137
37 138
37 139
37 141
37 145
37 146
37 147
37 151
37 152
37 156
37 157
37 159
38 39
38 40
38 42
38 43
38 44
38 45
38 48
38 49
38 50
38 53
38 54
38 55
38 56
38 60
38 63
38 64
38 65
38 67
38 68
38 69
38 70
38 71
38 73
38 74
38 75
38 77
38 79
38 80
38 84
38 85
38 87
38 88
38 89
38 94
38 96
38 97
38 101
38 103
38 104
38 105
38 106
38 107
38 110
38 112
38 113
38 114
38 115
38 116
38 118
38 121
38 124
38 125
38 127
38 129
38 131
38 133
38 134
38 135
38 136
38 137
38 140
38 141
38 142
38 143
38 144
38 146
38 150
38 151
38 153
38 154
38 155
38 158
38 160
38 161
39 40
39 44
39 45
39 49
39 51
39 54
39 56
39 62
39 63
39 66
39 67
39 68
39 69
39 70
39 73
39 75
39 80
39 81
39 84
39 85
39 86
39 87
39 91
39 95
39 97
39 99
39 101
39 105
39 106
39 108
39 113
39 114
39 115
39 117
39 118
39 119
39 128
39 129
39 131
39 133
39 134
39 138
39 140
39 141
39 142
39 143
39 146
39 147
39 151
39 152
39 153
39 154
39 155
39 157
39 158
39 160
40 42
40 43
40 44
40 45
40 47
40 48
40 49
40 50
40 51
40 52
40 54
40 55
40 56
40 58
40 62
40 63
40 64
40 65
40 66
40 67
40 68
40 69
40 72
40 74
40 75
40 76
40 77
40 79
40 80
40 81
40 82
40 83
40 84
40 86
40 88
40 89
40 91
40 92
40 93
40 94
40 96
40 97
40 100
40 102
40 103
40 104
40 105
40 106
40 107
40 108
40 109
40 112
40 113
40 114
40 115
40 116
40 117
40 118
40 120
40 123
40 125
40 126
40 127
40 129
40 132
40 133
40 135
40 136
40 137
40 138
40 139
40 142
40 143
40 144
40 145
40 147
40 149
40 153
40 155
40 157
40 158
40 159
40 160
40 161
41 51
41 52
41 54
41 56
41 61
41 62
41 66
41 67
41 70
41 75
41 88
41 89
41 96
41 97
41 102
41 106
41 107
41 111
41 114
41 115
41 118
41 125
41 134
41 136
41 138
41 139
41 142
41 145
41 147
41 151
41 152
41 153
41 157
41 158
42 43
42 44
42 49
42 51
42 53
42 56
42 58
42 68
42 69
42 70
42 71
42 72
42 74
42 75
42 77
42 79
42 81
42 84
42 87
42 89
42 91
42 94
42 95
42 101
42 102
42 105
42 108
42 112
42 114
42 115
42 116
42 117
42 124
42 128
42 130
42 136
42 137
42 138
42 139
42 140
42 141
42 142
42 145
42 146
42 147
42 150
42 152
42 153
42 154
42 157
42 158
42 160
42 161
43 45
43 49
43 51
43 54
43 55
43 56
43 57
43 62
43 63
43 64
43 65
43 66
43 67
43 68
43 69
43 71
43 72
43 74
43 75
43 76
43 77
43 79
43 83
43 88
43 92
43 93
43 94
43 97
43 98
43 101
43 106
43 107
43 108
43 109
43 110
43 112
43 113
43 115
43 117
43 119
43 125
43 128
43 129
43 131
43 133
43 134
43 137
43 139
43 141
43 142
43 143
43 146
43 147
43 149
43 150
43 151
43 152
43 153
43 154
43 158
43 159
43 161
44 45
44 49
44 50
44 52
44 53
44 54
44 55
44 58
44 59
44 61
44 64
44 65
44 66
44 67
44 70
44 72
44 73
44 74
44 77
44 78
44 79
44 80
44 81
44 82
44 83
44 84
44 87
44 88
44 89
44 90
44 94
44 95
44 97
44 99
44 100
44 101
44 102
44 103
44 104
44 107
44 108
44 109
44 110
44 114
44 115
44 117
44 118
44 119
44 121
44 125
44 126
44 128
44 129
44 131
44 133
44 134
44 138
44 139
44 142
44 143
44 144
44 146
44 147
44 151
44 152
44 153
44 154
44 156
44 157
44 158
44 159
44 161
45 46
45 49
45 51
45 52
45 54
45 56
45 57
45 58
45 59
45 61
45 62
45 63
45 65
45 66
45 67
45 68
45 69
45 72
45 74
45 75
45 77
45 79
45 80
45 84
45 85
45 86
45 87
45 88
45 89
45 90
45 93
45 94
45 95
45 97
45 98
45 100
45 101
45 103
45 104
45 105
45 106
45 108
45 109
45 111
45 113
45 114
45 115
45 117
45 118
45 121
45 122
45 125
45 127
45 128
45 129
45 130
45 131
45 132
45 134
45 135
45 137
45 138
45 139
45 140
45 141
45 142
45 143
45 145
45 147
45 150
45 151
45 152
45 154
45 157
45 158
45 159
45 160
45 161
46 47
46 49
46 51
46 54
46 55
46 56
46 58
46 61
46 63
46 64
46 66
46 67
46 69
46 71
46 73
46 74
46 75
46 79
46 80
46 81
46 82
46 83
46 84
46 86
46 87
46 89
46 92
46 94
46 98
46 99
46 102
46 103
46 105
46 106
46 107
46 108
46 110
46 111
46 112
46 114
46 115
46 119
46 129
46 131
46 133
46 137
46 138
46 140
46 141
46 142
46 144
46 145
46 146
46 148
46 150
46 151
46 152
46 153
46 156
46 158
46 160
46 161
47 53
47 56
47 61
47 65
47 67
47 75
47 77
47 79
47 84
47 93
47 97
47 101
47 106
47 112
47 118
47 142
47 160
47 161
48 49
48 54
48 55
48 59
48 64
48 65
48 71
48 73
48 74
48 80
48 89
48 91
48 101
48 102
48 107
48 108
48 109
48 111
48 112
48 113
48 118
48 129
48 130
48 134
48 136
48 138
48 142
48 150
48 152
48 153
48 154
48 156
48 157
49 50
49 52
49 54
49 55
49 56
49 57
49 59
49 60
49 61
49 62
49 63
49 64
49 65
49 67
49 69
49 70
49 71
49 72
49 73
49 74
49 75
49 77
49 79
49 80
49 81
49 82
49 83
49 84
49 87
49 88
49 89
49 91
49 92
49 93
49 94
49 96
49 98
49 101
49 102
49 103
49 104
49 105
49 106
49 107
49 108
49 110
49 111
49 112
49 113
49 114
49 115
49 116
49 118
49 119
49 120
49 122
49 124
49 125
49 126
49 128
49 129
49 131
49 133
49 135
49 137
49 139
49 140
49 141
49 145
49 146
49 147
49 148
49 150
49 151
49 153
49 154
49 157
49 158
49 160
49 161
50 52
50 53
50 54
50 55
50 56
50 58
50 67
50 68
50 69
50 71
50 74
50 77
50 79
50 80
50 83
50 84
50 87
50 89
50 90
50 93
50 94
50 95
50 97
50 101
50 104
50 105
50 107
50 108
50 109
50 110
50 112
50 113
50 114
50 115
50 117
50 118
50 119
50 125
50 126
50 127
50 129
50 130
50 131
50 133
50 134
50 136
50 137
50 139
50 141
50 142
50 143
50 147
50 152
50 154
50 157
50 158
50 159
50 160
50 161
51 54
51 55
51 57
51 58
51 59
51 61
51 63
51 64
51 65
51 66
51 68
51 69
51 70
51 71
51 72
51 73
51 74
51 75
51 77
51 79
51 80
51 83
51 84
51 85
51 86
51 87
51 89
51 93
51 94
51 95
51 96
51 97
51 98
51 99
51 101
51 102
51 103
51 105
51 106
51 107
51 108
51 109
51 110
51 111
51 112
51 113
51 115
51 118
51 120
51 121
51 124
51 125
51 127
51 130
51 131
51 133
51 134
51 136
51 137
51 138
51 139
51 142
51 145
51 147
51 148
51 149
51 151
51 152
51 153
51 154
51 155
51 157
51 158
51 159
51 160
51 161
52 54
52 56
52 59
52 61
52 63
52 64
52 66
52 67
52 68
52 69
52 70
52 71
52 74
52 75
52 76
52 77
52 79
52 80
52 83
52 84
52 85
52 86
52 88
52 89
52 93
52 99
52 101
52 102
52 108
52 109
52 112
52 115
52 117
52 118
52 120
52 125
52 129
52 130
52 132
52 133
52 134
52 135
52 137
52 138
52 140
52 142
52 143
52 147
52 151
52 152
52 154
52 155
52 157
52 159
53 55
53 56
53 58
53 61
53 64
53 67
53 68
53 70
53 73
53 77
53 85
53 87
53 93
53 94
53 95
53 99
53 102
53 105
53 107
53 108
53 111
53 113
53 114
53 116
53 125
53 128
53 129
53 133
53 135
53 137
53 139
53 142
53 143
53 147
53 151
53 152
53 153
53 161
54 55
54 56
54 57
54 58
54 59
54 61
54 63
54 64
54 66
54 67
54 68
54 69
54 70
54 71
54 72
54 73
54 74
54 75
54 77
54 79
54 80
54 82
54 84
54 85
54 86
54 88
54 89
54 91
54 93
54 94
54 95
54 96
54 97
54 98
54 99
54 101
54 102
54 105
54 106
54 107
54 108
54 109
54 110
54 112
54 113
54 114
54 115
54 116
54 117
54 118
54 121
54 125
54 126
54 127
54 130
54 131
54 134
54 136
54 137
54 138
54 139
54 140
54 142
54 144
54 146
54 147
54 150
54 152
54 153
54 154
54 157
54 158
54 159
54 161
55 56
55 59
55 62
55 63
55 64
55 65
55 66
55 67
55 68
55 70
55 71
55 72
55 74
55 75
55 77
55 79
55 80
55 84
55 86
55 87
55 89
55 91
55 93
55 94
55 96
55 100
55 101
55 102
55 104
55 105
55 107
55 108
55 109
55 113
55 114
55 115
55 117
55 118
55 120
55 122
55 125
55 129
55 133
55 134
55 136
55 138
55 139
55 140
55 142
55 143
55 146
55 147
55 151
55 152
55 153
55 154
55 155
55 157
55 160
55 161
56 58
56 61
56 63
56 64
56 65
56 66
56 67
56 68
56 69
56 70
56 71
56 74
56 75
56 76
56 77
56 79
56 80
56 84
56 85
56 86
56 87
56 88
56 89
56 91
56 93
56 94
56 97
56 99
56 101
56 105
56 106
56 107
56 108
56 109
56 110
56 112
56 114
56 115
56 117
56 118
56 119
56 122
56 126
56 127
56 129
56 131
56 133
56 134
56 136
56 137
56 138
56 139
56 140
56 141
56 142
56 145
56 146
56 147
56 148
56 150
56 151
56 152
56 153
56 154
56 157
56 158
56 160
56 161
57 61
57 62
57 63
57 65
57 71
57 89
57 94
57 95
57 99
57 101
57 103
57 106
57 108
57 109
57 113
57 115
57 121
57 129
57 131
57 133
57 136
57 137
57 138
57 142
57 146
57 147
57 151
57 152
57 154
57 157
57 158
57 161
58 59
58 61
58 63
58 64
58 67
58 68
58 69
58 70
58 71
58 72
58 74
58 76
58 77
58 78
58 80
58 84
58 87
58 89
58 91
58 92
58 94
58 97
58 98
58 101
58 102
58 104
58 105
58 106
58 108
58 109
58 111
58 112
58 113
58 114
58 115
58 117
58 118
58 119
58 121
58 122
58 125
58 126
58 129
58 130
58 134
58 136
58 137
58 138
58 139
58 142
58 145
58 147
58 150
58 152
58 154
58 158
58 161
59 62
59 63
59 64
59 65
59 68
59 70
59 71
59 72
59 73
59 75
59 76
59 77
59 78
59 79
59 80
59 87
59 89
59 91
59 94
59 96
59 97
59 99
59 102
59 103
59 109
59 114
59 117
59 126
59 129
59 132
59 133
59 134
59 144
59 145
59 149
59 150
59 152
59 153
59 154
59 156
59 157
59 158
59 159
59 160
59 161
60 64
60 67
60 70
60 71
60 73
60 74
60 76
60 89
60 105
60 107
60 108
60 109
60 118
60 125
60 126
60 138
60 139
60 152
60 153
60 154
61 62
61 63
61 65
61 66
61 68
61 70
61 71
61 72
61 74
61 75
61 76
61 77
61 79
61 80
61 81
61 88
61 89
61 91
61 99
61 101
61 102
61 103
61 106
61 107
61 110
61 112
61 113
61 115
61 117
61 118
61 123
61 129
61 130
61 131
61 133
61 134
61 136
61 137
61 138
61 140
61 141
61 142
61 151
61 152
61 154
61 157
61 159
61 160
61 161
62 63
62 64
62 65
62 67
62 68
62 69
62 72
62 77
62 79
62 80
62 84
62 87
62 89
62 94
62 95
62 97
62 99
62 100
62 101
62 102
62 107
62 108
62 109
62 110
62 111
62 114
62 117
62 118
62 119
62 125
62 129
62 130
62 133
62 135
62 137
62 140
62 143
62 144
62 150
62 151
62 152
62 154
62 155
63 65
63 66
63 67
63 68
63 69
63 70
63 72
63 73
63 74
63 75
63 76
63 80
63 82
63 83
63 85
63 86
63 92
63 93
63 94
63 96
63 99
63 100
63 102
63 103
63 106
63 107
63 108
63 109
63 112
63 113
63 115
63 116
63 117
63 118
63 122
63 125
63 126
63 129
63 131
63 133
63 134
63 135
63 136
63 137
63 138
63 141
63 142
63 143
63 147
63 151
63 152
63 153
63 155
63 157
63 159
63 161
64 65
64 66
64 67
64 68
64 70
64 71
64 72
64 73
64 74
64 75
64 77
64 79
64 80
64 81
64 82
64 83
64 85
64 89
64 90
64 91
64 92
64 94
64 95
64 97
64 98
64 99
64 100
64 101
64 102
64 103
64 105
64 106
64 108
64 109
64 114
64 115
64 117
64 118
64 122
64 125
64 126
64 128
64 129
64 130
64 131
64 133
64 134
64 135
64 136
64 137
64 138
64 139
64 141
64 142
64 143
64 145
64 146
64 147
64 148
64 149
64 150
64 152
64 153
64 154
64 156
64 157
64 158
65 66
65 67
65 68
65 69
65 70
65 71
65 72
65 73
65 74
65 75
65 76
65 79
65 80
65 81
65 83
65 85
65 86
65 87
65 90
65 91
65 92
65 93
65 94
65 95
65 96
65 97
65 98
65 99
65 101
65 102
65 105
65 106
65 112
65 114
65 116
65 117
65 118
65 120
65 121
65 125
65 126
65 129
65 130
65 131
65 133
65 134
65 135
65 136
65 137
65 138
65 139
65 141
65 142
65 143
65 145
65 146
65 147
65 150
65 151
65 152
65 153
65 154
65 155
65 156
65 157
65 158
65 159
65 160
65 161
66 67
66 68
66 69
66 72
66 73
66 74
66 75
66 76
66 77
66 79
66 80
66 81
66 84
66 89
66 90
66 92
66 93
66 94
66 96
66 97
66 98
66 100
66 101
66 102
66 103
66 105
66 106
66 108
66 109
66 115
66 116
66 117
66 118
66 121
66 125
66 126
66 128
66 129
66 130
66 134
66 135
66 136
66 137
66 138
66 139
66 143
66 146
66 147
66 148
66 150
66 152
66 154
66 157
66 158
66 159
67 68
67 69
67 70
67 71
67 73
67 74
67 75
67 76
67 77
67 79
67 80
67 83
67 84
67 85
67 86
67 87
67 91
67 92
67 94
67 95
67 96
67 97
67 98
67 100
67 101
67 102
67 103
67 104
67 105
67 106
67 107
67 108
67 109
67 110
67 111
67 112
67 113
67 114
67 115
67 116
67 117
67 118
67 120
67 121
67 123
67 124
67 125
67 128
67 129
67 130
67 131
67 132
67 133
67 135
67 136
67 137
67 138
67 139
67 142
67 145
67 146
67 147
67 148
67 149
67 150
67 151
67 152
67 153
67 154
67 157
67 158
67 159
67 161
68 69
68 70
68 71
68 72
68 73
68 74
68 75
68 76
68 77
68 79
68 80
68 82
68 83
68 84
68 86
68 87
68 89
68 90
68 91
68 92
68 93
68 94
68 96
68 97
68 99
68 102
68 103
68 104
68 105
68 106
68 108
68 112
68 115
68 116
68 117
68 118
68 124
68 125
68 126
68 128
68 129
68 130
68 131
68 132
68 134
68 135
68 136
68 137
68 138
68 139
68 141
68 142
68 145
68 146
68 147
68 148
68 151
68 152
68 153
68 154
68 155
68 157
68 158
68 161
69 70
69 71
69 72
69 73
69 74
69 75
69 77
69 79
69 80
69 81
69 84
69 87
69 88
69 89
69 92
69 93
69 94
69 96
69 97
69 98
69 99
69 101
69 102
69 104
69 105
69 106
69 107
69 110
69 111
69 112
69 113
69 115
69 116
69 117
69 123
69 125
69 129
69 130
69 131
69 134
69 136
69 137
69 138
69 139
69 140
69 142
69 145
69 146
69 147
69 148
69 149
69 150
69 151
69 153
69 154
69 155
69 157
69 160
69 161
70 71
70 72
70 74
70 77
70 79
70 80
70 82
70 83
70 85
70 86
70 87
70 88
70 89
70 92
70 93
70 94
70 95
70 96
70 97
70 98
70 101
70 103
70 106
70 107
70 109
70 110
70 111
70 113
70 114
70 115
70 117
70 118
70 119
70 122
70 123
70 126
70 127
70 128
70 129
70 131
70 133
70 137
70 138
70 139
70 140
70 141
70 142
70 146
70 147
70 149
70 150
70 151
70 152
70 153
70 154
70 155
70 156
70 158
70 159
70 160
70 161
71 72
71 74
71 76
71 77
71 78
71 79
71 80
71 82
71 83
71 85
71 87
71 89
71 92
71 94
71 97
71 99
71 101
71 102
71 106
71 108
71 109
71 110
71 111
71 113
71 114
71 115
71 117
71 118
71 119
71 120
71 121
71 125
71 126
71 127
71 129
71 130
71 131
71 133
71 134
71 137
71 138
71 141
71 142
71 145
71 147
71 150
71 151
71 152
71 153
71 154
71 155
71 156
71 157
71 158
71 159
71 160
71 161
72 73
72 74
72 75
72 77
72 79
72 80
72 82
72 83
72 84
72 85
72 86
72 87
72 88
72 89
72 91
72 92
72 94
72 95
72 96
72 97
72 99
72 100
72 101
72 102
72 103
72 104
72 105
72 106
72 108
72 110
72 111
72 112
72 115
72 116
72 118
72 119
72 122
72 123
72 124
72 125
72 126
72 127
72 128
72 129
72 133
72 134
72 137
72 138
72 139
72 141
72 142
72 143
72 144
72 145
72 146
72 148
72 150
72 152
72 153
72 154
72 155
72 157
72 158
72 159
72 161
73 74
73 75
73 77
73 80
73 82
73 83
73 84
73 86
73 89
73 91
73 92
73 93
73 94
73 95
73 97
73 98
73 99
73 100
73 101
73 102
73 103
73 104
73 106
73 108
73 110
73 111
73 113
73 114
73 115
73 117
73 118
73 120
73 124
73 125
73 126
73 128
73 129
73 130
73 134
73 136
73 137
73 138
73 139
73 140
73 142
73 143
73 145
73 146
73 147
73 148
73 151
73 152
73 153
73 154
73 157
73 158
74 75
74 76
74 77
74 79
74 80
74 83
74 84
74 85
74 87
74 88
74 89
74 92
74 93
74 94
74 95
74 96
74 98
74 99
74 100
74 101
74 102
74 104
74 105
74 106
74 107
74 108
74 109
74 111
74 112
74 114
74 116
74 117
74 118
74 121
74 122
74 123
74 124
74 126
74 127
74 129
74 131
74 133
74 135
74 136
74 137
74 138
74 139
74 141
74 142
74 143
74 146
74 147
74 149
74 150
74 151
74 152
74 153
74 154
74 155
74 157
74 158
74 159
74 161
75 81
75 84
75 85
75 86
75 87
75 88
75 89
75 91
75 92
75 93
75 101
75 103
75 104
75 105
75 106
75 107
75 108
75 109
75 110
75 111
75 112
75 113
75 114
75 115
75 116
75 117
75 118
75 120
75 121
75 128
75 129
75 131
75 132
75 133
75 134
75 135
75 137
75 139
75 140
75 141
75 143
75 145
75 146
75 147
75 150
75 151
75 154
75 155
75 156
75 159
75 160
76 79
76 89
76 91
76 92
76 94
76 95
76 103
76 106
76 108
76 114
76 117
76 124
76 126
76 127
76 128
76 129
76 131
76 133
76 136
76 137
76 138
76 139
76 143
76 148
76 153
76 154
76 155
76 156
76 158
77 79
77 80
77 83
77 84
77 85
77 87
77 88
77 89
77 91
77 94
77 97
77 98
77 101
77 102
77 103
77 105
77 106
77 111
77 112
77 113
77 115
77 116
77 117
77 118
77 119
77 122
77 124
77 125
77 129
77 130
77 132
77 133
77 134
77 136
77 137
77 138
77 141
77 142
77 143
77 145
77 148
77 149
77 150
77 151
77 152
77 153
77 154
77 156
77 158
78 106
78 114
78 117
78 128
78 129
78 133
78 135
78 136
78 137
78 147
78 152
78 154
79 80
79 81
79 82
79 84
79 87
79 88
79 89
79 91
79 93
79 94
79 95
79 96
79 98
79 99
79 100
79 101
79 102
79 103
79 104
79 105
79 106
79 108
79 109
79 110
79 111
79 112
79 113
79 114
79 117
79 122
79 127
79 128
79 129
79 130
79 131
79 134
79 135
79 137
79 138
79 139
79 142
79 143
79 144
79 145
79 147
79 148
79 149
79 150
79 152
79 153
79 154
79 156
79 157
79 158
79 160
80 82
80 83
80 86
80 87
80 88
80 90
80 91
80 92
80 94
80 95
80 99
80 102
80 103
80 105
80 111
80 112
80 113
80 114
80 115
80 117
80 118
80 119
80 120
80 122
80 126
80 127
80 128
80 129
80 131
80 132
80 133
80 134
80 135
80 136
80 137
80 138
80 139
80 142
80 143
80 145
80 146
80 147
80 150
80 151
80 154
80 157
80 159
80 161
81 84
81 89
81 94
81 99
81 101
81 105
81 106
81 108
81 112
81 114
81 115
81 117
81 125
81 133
81 134
81 136
81 137
81 138
81 141
81 146
81 147
81 150
81 151
81 154
81 158
81 159
82 84
82 87
82 89
82 93
82 94
82 98
82 109
82 114
82 117
82 126
82 129
82 133
82 134
82 136
82 138
82 141
82 142
82 143
82 152
82 153
82 154
82 157
82 158
82 159
83 86
83 89
83 91
83 93
83 97
83 101
83 103
83 114
83 115
83 116
83 117
83 119
83 125
83 127
83 131
83 137
83 138
83 139
83 142
83 143
83 145
83 152
83 154
83 157
83 161
84 86
84 89
84 91
84 92
84 94
84 95
84 97
84 101
84 102
84 105
84 107
84 109
84 111
84 112
84 113
84 114
84 116
84 117
84 118
84 119
84 120
84 122
84 130
84 131
84 134
84 136
84 137
84 138
84 139
84 140
84 143
84 145
84 146
84 147
84 149
84 150
84 152
84 154
84 157
84 158
84 160
85 86
85 89
85 92
85 97
85 101
85 104
85 106
85 108
85 109
85 112
85 115
85 116
85 117
85 127
85 133
85 137
85 138
85 150
85 151
85 152
85 158
86 88
86 92
86 93
86 97
86 99
86 101
86 102
86 105
86 106
86 108
86 109
86 110
86 114
86 116
86 117
86 118
86 120
86 125
86 127
86 130
86 133
86 134
86 135
86 136
86 139
86 141
86 147
86 152
86 154
86 155
86 158
86 161
87 88
87 89
87 93
87 94
87 97
87 100
87 104
87 106
87 108
87 111
87 113
87 114
87 115
87 116
87 117
87 118
87 125
87 129
87 130
87 132
87 133
87 134
87 135
87 137
87 139
87 140
87 141
87 142
87 143
87 146
87 147
87 150
87 151
87 152
87 157
87 158
87 161
88 92
88 93
88 99
88 100
88 102
88 103
88 105
88 106
88 109
88 111
88 113
88 114
88 115
88 116
88 119
88 123
88 129
88 130
88 134
88 135
88 137
88 138
88 139
88 147
88 151
88 152
88 155
88 158
88 160
88 161
89 92
89 94
89 95
89 96
89 97
89 98
89 100
89 101
89 102
89 106
89 107
89 108
89 109
89 110
89 111
89 113
89 114
89 116
89 117
89 118
89 119
89 122
89 125
89 126
89 127
89 128
89 129
89 130
89 131
89 132
89 133
89 134
89 135
89 136
89 137
89 138
89 139
89 142
89 143
89 145
89 146
89 147
89 149
89 150
89 151
89 152
89 154
89 155
89 157
89 158
89 159
89 160
89 161
90 93
90 94
90 95
90 99
90 101
90 103
90 105
90 107
90 109
90 111
90 114
90 118
90 125
90 129
90 142
90 152
90 154
90 159
91 92
91 96
91 100
91 104
91 106
91 108
91 109
91 112
91 113
91 114
91 115
91 117
91 118
91 119
91 120
91 124
91 129
91 132
91 137
91 138
91 141
91 143
91 147
91 149
91 151
91 152
91 154
91 161
92 94
92 95
92 96
92 97
92 98
92 99
92 100
92 102
92 106
92 108
92 109
92 112
92 114
92 115
92 118
92 125
92 126
92 128
92 129
92 132
92 133
92 134
92 135
92 137
92 138
92 143
92 149
92 151
92 152
92 153
92 155
92 156
92 158
93 96
93 97
93 98
93 100
93 101
93 103
93 105
93 106
93 113
93 114
93 115
93 116
93 117
93 118
93 125
93 127
93 129
93 130
93 131
93 133
93 134
93 135
93 142
93 143
93 144
93 146
93 147
93 150
93 151
93 152
93 154
93 161
94 97
94 99
94 101
94 102
94 104
94 105
94 108
94 109
94 111
94 112
94 113
94 114
94 116
94 117
94 118
94 120
94 121
94 125
94 126
94 130
94 133
94 134
94 135
94 137
94 140
94 141
94 142
94 143
94 146
94 147
94 149
94 150
94 151
94 152
94 153
94 154
94 155
94 157
94 158
94 159
94 161
95 97
95 100
95 101
95 106
95 112
95 115
95 116
95 117
95 118
95 126
95 129
95 130
95 133
95 136
95 137
95 138
95 142
95 147
95 150
95 152
95 154
95 155
95 157
95 161
96 97
96 99
96 103
96 105
96 106
96 108
96 113
96 114
96 117
96 121
96 125
96 127
96 129
96 135
96 145
96 147
96 150
96 152
96 160
97 98
97 99
97 101
97 102
97 104
97 105
97 106
97 108
97 109
97 110
97 112
97 115
97 118
97 119
97 128
97 129
97 131
97 133
97 134
97 135
97 136
97 137
97 139
97 141
97 142
97 143
97 144
97 145
97 146
97 147
97 148
97 150
97 151
97 154
97 158
97 159
97 160
97 161
98 100
98 102
98 103
98 105
98 106
98 107
98 108
98 109
98 111
98 117
98 125
98 126
98 134
98 135
98 136
98 137
98 138
98 142
98 145
98 146
98 152
98 155
98 157
98 160
99 101
99 102
99 103
99 106
99 109
99 110
99 111
99 112
99 113
99 114
99 115
99 117
99 118
99 119
99 123
99 125
99 126
99 129
99 130
99 131
99 133
99 135
99 137
99 138
99 139
99 142
99 144
99 145
99 147
99 152
99 153
99 154
100 101
100 102
100 103
100 105
100 106
100 107
100 108
100 111
100 112
100 113
100 115
100 125
100 126
100 128
100 129
100 131
100 132
100 133
100 134
100 135
100 136
100 137
100 138
100 140
100 142
100 145
100 147
100 148
100 151
100 153
100 154
100 157
100 158
101 102
101 103
101 105
101 106
101 107
101 108
101 109
101 110
101 111
101 112
101 114
101 115
101 116
101 117
101 118
101 119
101 120
101 121
101 122
101 125
101 126
101 127
101 128
101 129
101 131
101 134
101 135
101 136
101 137
101 138
101 139
101 140
101 141
101 142
101 143
101 145
101 146
101 148
101 150
101 152
101 153
101 154
101 155
101 157
101 158
101 160
101 161
102 104
102 106
102 107
102 108
102 112
102 113
102 114
102 115
102 116
102 117
102 119
102 121
102 125
102 126
102 127
102 129
102 130
102 131
102 132
102 133
102 134
102 135
102 136
102 137
102 138
102 139
102 140
102 146
102 147
102 150
102 151
102 152
102 154
102 155
102 157
102 159
102 160
102 161
103 105
103 106
103 108
103 111
103 115
103 117
103 118
103 125
103 126
103 128
103 130
103 131
103 132
103 134
103 138
103 139
103 140
103 147
103 148
103 154
103 158
103 159
104 105
104 106
104 108
104 111
104 112
104 114
104 115
104 116
104 117
104 122
104 130
104 133
104 134
104 138
104 142
104 143
104 147
104 150
104 152
104 153
104 154
104 157
104 158
104 159
104 160
105 106
105 107
105 108
105 110
105 112
105 114
105 115
105 117
105 118
105 126
105 129
105 130
105 133
105 134
105 135
105 136
105 138
105 142
105 143
105 145
105 146
105 147
105 149
105 150
105 151
105 152
105 154
105 156
105 158
105 160
105 161
106 107
106 108
106 109
106 111
106 112
106 113
106 114
106 115
106 116
106 117
106 118
106 119
106 120
106 121
106 123
106 125
106 127
106 128
106 130
106 131
106 133
106 137
106 138
106 139
106 140
106 142
106 145
106 146
106 147
106 150
106 151
106 152
106 153
106 154
106 157
106 158
106 159
106 160
107 108
107 111
107 112
107 113
107 117
107 118
107 119
107 123
107 127
107 128
107 129
107 135
107 138
107 141
107 144
107 145
107 146
107 150
107 152
107 154
107 157
107 159
107 161
108 110
108 111
108 112
108 113
108 114
108 116
108 117
108 118
108 119
108 120
108 122
108 124
108 125
108 127
108 129
108 130
108 131
108 133
108 134
108 135
108 136
108 137
108 138
108 139
108 140
108 141
108 142
108 143
108 144
108 145
108 146
108 147
108 149
108 150
108 151
108 152
108 153
108 154
108 155
108 157
108 158
108 159
108 160
109 114
109 115
109 117
109 118
109 122
109 123
109 125
109 126
109 128
109 129
109 130
109 131
109 132
109 133
109 134
109 135
109 137
109 138
109 141
109 146
109 147
109 151
109 152
109 153
109 154
109 155
109 156
109 158
109 160
110 112
110 114
110 116
110 117
110 122
110 129
110 141
110 142
110 147
110 148
110 149
110 150
110 151
110 153
110 154
110 155
110 158
110 161
111 114
111 116
111 117
111 118
111 119
111 122
111 125
111 126
111 127
111 128
111 129
111 131
111 134
111 137
111 139
111 142
111 144
111 146
111 148
111 150
111 151
111 152
111 154
111 158
111 161
112 115
112 117
112 123
112 125
112 129
112 130
112 131
112 132
112 133
112 134
112 135
112 137
112 138
112 139
112 141
112 142
112 145
112 146
112 147
112 149
112 151
112 152
112 154
112 158
112 160
112 161
113 115
113 116
113 117
113 118
113 119
113 125
113 128
113 129
113 130
113 133
113 135
113 136
113 138
113 139
113 142
113 143
113 145
113 146
113 147
113 149
113 151
113 152
113 155
113 157
113 158
113 159
113 161
114 115
114 116
114 117
114 118
114 119
114 120
114 125
114 126
114 127
114 128
114 130
114 131
114 133
114 134
114 135
114 136
114 137
114 138
114 139
114 141
114 142
114 145
114 146
114 147
114 150
114 152
114 153
114 154
114 155
114 159
114 161
115 116
115 117
115 118
115 125
115 126
115 128
115 129
115 131
115 133
115 137
115 138
115 139
115 141
115 142
115 145
115 146
115 147
115 148
115 150
115 151
115 152
115 154
115 157
115 158
115 159
115 161
116 117
116 126
116 127
116 129
116 130
116 131
116 133
116 134
116 140
116 143
116 145
116 147
116 148
116 149
116 151
116 152
116 154
116 157
116 158
116 159
116 161
117 118
117 121
117 122
117 125
117 126
117 127
117 129
117 130
117 131
117 132
117 133
117 135
117 137
117 139
117 140
117 141
117 142
117 143
117 145
117 146
117 147
117 148
117 149
117 150
117 151
117 152
117 154
117 155
117 157
117 158
118 125
118 126
118 127
118 129
118 131
118 132
118 133
118 134
118 135
118 137
118 138
118 139
118 140
118 141
118 142
118 143
118 144
118 145
118 146
118 147
118 149
118 150
118 151
118 153
118 154
118 156
118 157
118 158
118 159
118 161
119 127
119 131
119 133
119 137
119 138
119 142
119 146
119 147
119 149
119 151
119 156
119 157
119 161
120 123
120 131
120 134
120 135
120 151
120 153
120 154
121 126
121 131
121 137
121 139
121 142
121 150
121 152
121 153
121 157
122 126
122 129
122 131
122 137
122 138
122 146
122 147
122 150
122 151
122 152
122 157
122 158
122 160
123 131
123 137
123 142
123 151
123 154
123 155
123 157
123 158
123 159
124 129
124 131
124 134
124 137
124 138
124 142
124 152
124 154
124 155
124 156
124 160
124 161
125 127
125 129
125 130
125 132
125 133
125 134
125 135
125 137
125 138
125 139
125 142
125 143
125 145
125 148
125 149
125 152
125 153
125 154
125 157
125 158
125 159
125 160
125 161
126 127
126 131
126 132
126 133
126 134
126 136
126 137
126 138
126 139
126 142
126 145
126 147
126 151
126 152
126 154
126 155
126 158
126 159
126 160
127 130
127 134
127 138
127 142
127 146
127 147
127 155
127 156
128 129
128 130
128 131
128 132
128 133
128 138
128 140
128 142
128 151
128 152
128 153
128 155
128 158
129 131
129 133
129 134
129 135
129 136
129 137
129 138
129 139
129 141
129 142
129 144
129 145
129 147
129 148
129 150
129 151
129 152
129 153
129 155
129 156
129 157
129 159
129 160
129 161
130 135
130 136
130 137
130 138
130 139
130 144
130 146
130 148
130 151
130 152
130 154
130 155
130 157
130 158
130 161
131 133
131 134
131 136
131 137
131 138
131 139
131 140
131 142
131 143
131 146
131 147
131 149
131 151
131 152
131 153
131 154
131 155
131 156
131 157
131 158
131 159
132 134
132 135
132 137
132 138
132 142
132 151
132 154
132 155
132 159
133 134
133 137
133 138
133 139
133 142
133 143
133 145
133 147
133 148
133 151
133 152
133 153
133 154
133 155
133 156
133 157
133 158
133 159
133 161
134 137
134 138
134 139
134 140
134 141
134 142
134 147
134 150
134 151
134 152
134 153
134 154
134 155
134 157
134 159
134 160
134 161
135 137
135 139
135 140
135 142
135 147
135 149
135 151
135 154
135 156
135 157
135 159
135 161
136 137
136 139
136 142
136 145
136 147
136 149
136 150
136 152
136 157
136 158
137 138
137 139
137 140
137 141
137 142
137 145
137 146
137 147
137 149
137 150
137 151
137 152
137 153
137 154
137 157
137 160
138 139
138 140
138 141
138 142
138 144
138 145
138 146
138 147
138 150
138 151
138 152
138 153
138 154
138 155
138 157
138 158
138 160
139 140
139 141
139 145
139 150
139 154
139 155
139 158
139 159
139 160
139 161
140 150
140 151
140 152
140 154
140 160
141 142
141 143
141 144
141 146
141 148
141 150
141 154
141 156
141 157
141 158
141 161
142 143
142 146
142 148
142 150
142 151
142 152
142 153
142 154
142 157
142 158
142 159
143 146
143 147
143 149
143 150
143 154
143 158
143 160
144 146
144 151
144 152
144 158
145 147
145 149
145 150
145 151
145 153
145 154
145 157
145 158
145 159
145 160
146 147
146 148
146 149
146 151
146 152
146 154
146 157
147 149
147 150
147 151
147 152
147 153
147 154
147 155
147 156
147 157
147 158
147 159
147 160
147 161
148 150
148 152
148 160
148 161
149 150
149 154
149 157
149 161
150 154
150 155
150 158
151 152
151 154
151 155
151 157
151 158
151 159
151 160
151 161
152 153
152 154
152 155
152 157
152 158
152 159
152 161
153 156
153 157
153 158
153 160
154 155
154 157
154 158
154 159
154 160
154 161
155 156
155 159
155 160
155 161
156 158
157 158
157 159
157 160
157 161
158 159
158 160
160 161
