0 1
0 3
0 4
0 5
0 6
0 11
0 17
0 19
0 21
0 22
0 25
0 26
0 28
0 32
0 35
0 37
0 38
0 50
0 54
0 56
0 62
0 63
0 64
0 66
0 67
0 69
0 70
0 71
0 72
0 73
0 74
0 76
0 79
0 80
0 84
0 87
0 90
0 93
0 94
0 97
0 101
0 103
0 109
0 110
0 113
0 114
0 115
0 118
0 119
0 128
0 129
0 133
0 134
0 137
0 138
0 139
0 140
0 142
0 143
0 146
0 147
0 151
0 152
0 154
0 161
1 2
1 3
1 4
1 6
1 10
1 18
1 21
1 24
1 28
1 31
1 33
1 35
1 37
1 39
1 41
1 42
1 44
1 49
1 52
1 54
1 55
1 56
1 57
1 58
1 64
1 65
1 66
1 67
1 68
1 70
1 75
1 79
1 83
1 85
1 89
1 90
1 91
1 93
1 94
1 95
1 96
1 99
1 101
1 104
1 106
1 107
1 108
1 109
1 112
1 114
1 115
1 117
1 118
1 122
1 125
1 129
1 130
1 131
1 133
1 134
1 135
1 136
1 137
1 138
1 140
1 141
1 142
1 145
1 146
1 151
1 152
1 153
1 154
1 155
1 158
1 159
2 3
2 4
2 6
2 7
2 8
2 9
2 10
2 13
2 14
2 25
2 26
2 30
2 31
2 38
2 40
2 41
2 43
2 44
2 51
2 57
2 60
2 61
2 63
2 65
2 66
2 67
2 69
2 70
2 72
2 73
2 74
2 75
2 86
2 88
2 89
2 91
2 94
2 98
2 101
2 102
2 105
2 108
2 116
2 117
2 118
2 126
2 128
2 130
2 135
2 137
2 138
2 141
2 145
2 147
2 149
2 154
2 160
3 4
3 10
3 11
3 16
3 17
3 19
3 22
3 25
3 27
3 28
3 31
3 32
3 37
3 38
3 40
3 42
3 43
3 44
3 50
3 51
3 52
3 54
3 55
3 59
3 61
3 67
3 68
3 69
3 71
3 72
3 73
3 80
3 84
3 89
3 90
3 91
3 92
3 96
3 102
3 103
3 104
3 106
3 108
3 111
3 114
3 115
3 117
3 118
3 124
3 125
3 128
3 129
3 131
3 133
3 134
3 137
3 138
3 139
3 141
3 142
3 146
3 150
3 154
3 157
3 158
3 160
4 7
4 9
4 11
4 13
4 14
4 15
4 17
4 19
4 20
4 21
4 23
4 24
4 25
4 26
4 27
4 29
4 30
4 35
4 36
4 37
4 38
4 40
4 43
4 44
4 45
4 46
4 47
4 49
4 51
4 52
4 54
4 55
4 56
4 57
4 59
4 61
4 65
4 67
4 68
4 69
4 70
4 71
4 72
4 73
4 74
4 76
4 77
4 79
4 80
4 81
4 82
4 86
4 87
4 88
4 89
4 90
4 91
4 92
4 93
4 94
4 95
4 96
4 97
4 99
4 101
4 102
4 103
4 104
4 107
4 108
4 110
4 112
4 113
4 114
4 115
4 116
4 117
4 119
4 120
4 122
4 123
4 124
4 125
4 127
4 129
4 130
4 131
4 132
4 133
4 134
4 136
4 137
4 138
4 140
4 142
4 143
4 144
4 146
4 147
4 149
4 150
4 151
4 154
4 157
4 158
4 159
5 7
5 12
5 13
5 14
5 16
5 17
5 19
5 25
5 26
5 30
5 31
5 38
5 39
5 44
5 45
5 47
5 49
5 50
5 56
5 59
5 62
5 68
5 69
5 71
5 72
5 74
5 79
5 80
5 84
5 88
5 89
5 95
5 97
5 99
5 101
5 103
5 112
5 114
5 115
5 117
5 124
5 125
5 128
5 147
5 151
5 157
5 158
6 7
6 8
6 9
6 10
6 11
6 12
6 14
6 15
6 16
6 18
6 19
6 20
6 21
6 23
6 24
6 25
6 26
6 30
6 31
6 32
6 34
6 38
6 39
6 40
6 43
6 44
6 45
6 46
6 48
6 50
6 51
6 53
6 54
6 55
6 56
6 58
6 59
6 63
6 64
6 65
6 66
6 67
6 68
6 69
6 71
6 72
6 73
6 74
6 75
6 76
6 77
6 80
6 81
6 82
6 83
6 84
6 85
6 86
6 88
6 89
6 90
6 91
6 92
6 94
6 96
6 97
6 98
6 99
6 100
6 101
6 102
6 103
6 104
6 105
6 106
6 107
6 108
6 110
6 112
6 113
6 114
6 115
6 116
6 117
6 118
6 119
6 123
6 124
6 125
6 126
6 129
6 130
6 131
6 132
6 133
6 134
6 136
6 137
6 138
6 139
6 142
6 143
6 146
6 147
6 148
6 149
6 150
6 151
6 152
6 153
6 157
6 158
6 159
6 161
7 9
7 10
7 11
7 13
7 15
7 16
7 17
7 19
7 21
7 23
7 24
7 25
7 26
7 29
7 30
7 31
7 32
7 35
7 36
7 39
7 40
7 41
7 42
7 43
7 44
7 45
7 46
7 47
7 48
7 49
7 51
7 52
7 53
7 54
7 55
7 56
7 57
7 58
7 59
7 61
7 62
7 63
7 64
7 65
7 66
7 68
7 69
7 71
7 72
7 73
7 75
7 76
7 79
7 81
7 83
7 84
7 86
7 88
7 89
7 90
7 91
7 92
7 93
7 94
7 95
7 96
7 98
7 99
7 100
7 101
7 102
7 105
7 106
7 108
7 110
7 111
7 114
7 115
7 116
7 117
7 118
7 120
7 121
7 123
7 124
7 125
7 127
7 128
7 129
7 130
7 131
7 133
7 134
7 137
7 138
7 140
7 142
7 143
7 145
7 146
7 147
7 148
7 149
7 150
7 151
7 152
7 153
7 154
7 155
7 157
7 158
7 159
7 160
8 9
8 10
8 20
8 21
8 26
8 28
8 30
8 31
8 33
8 40
8 49
8 50
8 51
8 53
8 54
8 64
8 65
8 70
8 72
8 75
8 77
8 79
8 80
8 85
8 86
8 89
8 92
8 94
8 98
8 100
8 101
8 102
8 106
8 110
8 112
8 114
8 115
8 118
8 121
8 129
8 130
8 131
8 132
8 134
8 137
8 138
8 139
8 147
8 152
8 154
8 161
9 10
9 12
9 14
9 16
9 19
9 20
9 21
9 22
9 26
9 27
9 30
9 32
9 35
9 37
9 40
9 41
9 45
9 49
9 50
9 51
9 52
9 54
9 55
9 56
9 59
9 61
9 63
9 65
9 66
9 67
9 69
9 70
9 71
9 72
9 74
9 75
9 77
9 79
9 82
9 83
9 84
9 87
9 88
9 89
9 98
9 99
9 101
9 102
9 107
9 112
9 113
9 114
9 118
9 122
9 128
9 129
9 131
9 133
9 134
9 135
9 137
9 138
9 139
9 142
9 145
9 146
9 147
9 149
9 151
9 152
9 153
9 154
9 157
9 159
9 160
10 18
10 19
10 21
10 25
10 29
10 30
10 34
10 35
10 36
10 38
10 39
10 40
10 42
10 43
10 46
10 47
10 48
10 49
10 50
10 51
10 52
10 53
10 54
10 58
10 59
10 60
10 62
10 64
10 65
10 66
10 68
10 73
10 74
10 75
10 76
10 79
10 80
10 84
10 87
10 89
10 90
10 92
10 97
10 99
10 100
10 101
10 104
10 105
10 106
10 107
10 108
10 109
10 112
10 113
10 114
10 115
10 117
10 122
10 124
10 125
10 126
10 127
10 128
10 134
10 137
10 138
10 142
10 151
10 152
10 154
10 155
10 158
10 161
11 13
11 14
11 16
11 17
11 18
11 19
11 24
11 25
11 26
11 29
11 32
11 33
11 35
11 36
11 38
11 39
11 40
11 43
11 45
11 46
11 47
11 49
11 51
11 52
11 54
11 55
11 56
11 58
11 61
11 62
11 63
11 64
11 65
11 67
11 68
11 70
11 72
11 73
11 74
11 76
11 77
11 79
11 80
11 82
11 83
11 84
11 88
11 89
11 91
11 94
11 95
11 96
11 98
11 100
11 101
11 102
11 103
11 106
11 108
11 109
11 112
11 114
11 115
11 116
11 118
11 119
11 122
11 124
11 125
11 126
11 129
11 130
11 131
11 134
11 135
11 137
11 138
11 140
11 142
11 143
11 146
11 147
11 148
11 150
11 151
11 152
11 153
11 154
11 157
11 158
11 161
12 13
12 15
12 17
12 18
12 21
12 24
12 25
12 27
12 29
12 30
12 32
12 35
12 38
12 40
12 45
12 46
12 49
12 53
12 55
12 56
12 58
12 60
12 65
12 72
12 74
12 75
12 77
12 79
12 80
12 82
12 83
12 84
12 85
12 87
12 88
12 89
12 92
12 94
12 95
12 96
12 97
12 99
12 101
12 102
12 103
12 108
12 109
12 112
12 113
12 117
12 122
12 125
12 126
12 135
12 137
12 138
12 139
12 146
12 152
12 154
12 161
13 16
13 18
13 19
13 21
13 23
13 24
13 26
13 28
13 29
13 30
13 31
13 32
13 37
13 40
13 41
13 42
13 43
13 44
13 46
13 49
13 50
13 52
13 53
13 54
13 55
13 56
13 62
13 63
13 64
13 65
13 66
13 67
13 68
13 69
13 70
13 71
13 72
13 73
13 75
13 76
13 77
13 80
13 85
13 87
13 89
13 91
13 93
13 94
13 96
13 97
13 100
13 104
13 107
13 108
13 112
13 113
13 115
13 117
13 119
13 121
13 125
13 128
13 130
13 131
13 133
13 139
13 141
13 142
13 147
13 150
13 151
13 152
13 157
13 159
14 15
14 18
14 19
14 20
14 21
14 22
14 25
14 26
14 28
14 30
14 31
14 32
14 33
14 34
14 35
14 36
14 38
14 39
14 40
14 42
14 43
14 44
14 45
14 46
14 48
14 49
14 51
14 52
14 54
14 55
14 56
14 57
14 58
14 59
14 60
14 63
14 64
14 65
14 66
14 67
14 68
14 69
14 70
14 71
14 72
14 73
14 74
14 75
14 76
14 77
14 79
14 80
14 83
14 85
14 87
14 88
14 89
14 90
14 91
14 92
14 94
14 95
14 96
14 97
14 98
14 100
14 101
14 102
14 103
14 105
14 107
14 108
14 109
14 110
14 112
14 113
14 114
14 115
14 117
14 118
14 120
14 123
14 125
14 126
14 127
14 129
14 130
14 131
14 133
14 136
14 137
14 139
14 141
14 142
14 146
14 148
14 149
14 150
14 151
14 152
14 153
14 154
14 158
14 159
14 161
15 26
15 29
15 30
15 31
15 32
15 35
15 37
15 38
15 40
15 49
15 59
15 63
15 64
15 65
15 67
15 69
15 73
15 74
15 76
15 83
15 86
15 87
15 88
15 89
15 91
15 94
15 103
15 105
15 106
15 107
15 108
15 109
15 111
15 113
15 117
15 118
15 124
15 125
15 127
15 128
15 129
15 131
15 133
15 137
15 141
15 142
15 146
15 149
15 154
15 159
16 21
16 24
16 25
16 31
16 32
16 37
16 40
16 44
16 45
16 50
16 51
16 54
16 55
16 56
16 57
16 61
16 63
16 64
16 67
16 68
16 69
16 71
16 72
16 73
16 74
16 79
16 80
16 82
16 86
16 87
16 89
16 97
16 106
16 108
16 109
16 113
16 115
16 116
16 117
16 119
16 133
16 137
16 138
16 139
16 140
16 142
16 147
16 150
16 151
16 155
16 161
17 25
17 26
17 30
17 32
17 36
17 38
17 39
17 40
17 41
17 43
17 49
17 62
17 63
17 68
17 72
17 75
17 99
17 101
17 102
17 108
17 117
17 118
17 125
17 127
17 129
17 133
17 134
17 138
17 142
17 145
17 147
17 154
17 155
17 160
18 22
18 24
18 25
18 27
18 31
18 32
18 33
18 35
18 40
18 41
18 44
18 51
18 55
18 57
18 58
18 61
18 65
18 66
18 67
18 70
18 71
18 72
18 74
18 75
18 80
18 81
18 82
18 84
18 86
18 89
18 91
18 93
18 96
18 97
18 101
18 102
18 104
18 105
18 106
18 108
18 112
18 113
18 114
18 116
18 129
18 131
18 135
18 137
18 144
18 145
18 146
18 147
18 151
18 152
18 157
18 161
19 21
19 23
19 24
19 25
19 26
19 27
19 28
19 29
19 30
19 31
19 32
19 34
19 35
19 36
19 37
19 40
19 42
19 43
19 44
19 45
19 46
19 49
19 54
19 56
19 58
19 59
19 62
19 64
19 65
19 67
19 68
19 69
19 70
19 71
19 72
19 73
19 74
19 75
19 76
19 79
19 80
19 83
19 84
19 85
19 86
19 90
19 94
19 95
19 96
19 97
19 98
19 99
19 100
19 102
19 103
19 105
19 108
19 109
19 112
19 113
19 114
19 115
19 116
19 117
19 118
19 121
19 123
19 126
19 127
19 129
19 130
19 131
19 132
19 133
19 134
19 137
19 138
19 139
19 140
19 141
19 142
19 143
19 144
19 145
19 146
19 147
19 148
19 149
19 151
19 152
19 153
19 154
19 155
19 156
19 159
19 160
19 161
20 24
20 26
20 30
20 31
20 32
20 40
20 42
20 50
20 51
20 55
20 64
20 65
20 68
20 69
20 71
20 72
20 74
20 78
20 79
20 80
20 91
20 97
20 99
20 101
20 102
20 105
20 106
20 107
20 108
20 109
20 110
20 113
20 115
20 125
20 128
20 131
20 135
20 139
20 140
20 143
20 145
20 147
20 152
20 154
20 158
20 161
21 22
21 24
21 25
21 26
21 27
21 29
21 31
21 36
21 38
21 39
21 40
21 42
21 43
21 46
21 48
21 49
21 51
21 54
21 55
21 56
21 62
21 64
21 65
21 67
21 68
21 69
21 70
21 71
21 72
21 73
21 74
21 76
21 77
21 79
21 80
21 81
21 83
21 84
21 85
21 86
21 88
21 89
21 90
21 91
21 92
21 93
21 94
21 97
21 100
21 102
21 103
21 105
21 106
21 108
21 111
21 112
21 115
21 116
21 117
21 118
21 119
21 121
21 126
21 128
21 129
21 130
21 131
21 132
21 133
21 134
21 137
21 138
21 139
21 140
21 141
21 142
21 143
21 144
21 146
21 147
21 148
21 151
21 152
21 153
21 154
21 155
21 156
21 157
21 160
21 161
22 26
22 29
22 31
22 36
22 37
22 38
22 39
22 45
22 46
22 49
22 50
22 54
22 56
22 60
22 64
22 66
22 67
22 68
22 75
22 79
22 85
22 89
22 98
22 101
22 106
22 107
22 113
22 114
22 115
22 117
22 123
22 125
22 126
22 129
22 131
22 134
22 135
22 137
22 139
22 142
22 152
22 154
22 156
22 157
22 158
22 159
23 25
23 28
23 31
23 35
23 38
23 45
23 49
23 52
23 56
23 64
23 67
23 68
23 70
23 73
23 74
23 77
23 79
23 80
23 84
23 89
23 96
23 101
23 102
23 105
23 108
23 109
23 111
23 112
23 115
23 120
23 129
23 130
23 131
23 134
23 137
23 139
23 141
23 150
23 152
23 153
23 155
23 157
24 27
24 30
24 32
24 40
24 45
24 53
24 54
24 55
24 56
24 57
24 61
24 62
24 63
24 64
24 69
24 71
24 72
24 74
24 87
24 89
24 97
24 102
24 106
24 108
24 109
24 115
24 118
24 131
24 133
24 134
24 137
24 138
24 139
24 142
24 143
24 145
24 147
24 158
25 27
25 30
25 31
25 32
25 33
25 34
25 36
25 42
25 43
25 44
25 45
25 46
25 49
25 50
25 51
25 52
25 53
25 55
25 56
25 57
25 59
25 63
25 64
25 65
25 67
25 69
25 71
25 72
25 74
25 76
25 77
25 78
25 79
25 81
25 87
25 88
25 89
25 90
25 91
25 94
25 97
25 98
25 100
25 101
25 102
25 103
25 104
25 106
25 109
25 111
25 114
25 118
25 125
25 126
25 130
25 131
25 133
25 134
25 135
25 136
25 138
25 139
25 141
25 142
25 143
25 148
25 152
25 153
25 154
25 156
25 157
25 158
25 161
26 28
26 31
26 32
26 34
26 35
26 36
26 37
26 39
26 40
26 42
26 43
26 44
26 45
26 46
26 49
26 50
26 51
26 52
26 53
26 54
26 55
26 56
26 58
26 61
26 62
26 63
26 64
26 65
26 67
26 68
26 69
26 70
26 71
26 72
26 74
26 75
26 76
26 77
26 79
26 80
26 81
26 82
26 83
26 84
26 86
26 87
26 88
26 89
26 91
26 92
26 93
26 94
26 95
26 97
26 98
26 99
26 100
26 101
26 102
26 103
26 104
26 105
26 106
26 107
26 108
26 109
26 110
26 111
26 112
26 113
26 114
26 117
26 118
26 119
26 127
26 128
26 129
26 131
26 132
26 133
26 137
26 138
26 139
26 141
26 142
26 143
26 144
26 145
26 146
26 147
26 150
26 151
26 152
26 153
26 154
26 157
26 158
26 161
27 31
27 34
27 40
27 49
27 53
27 55
27 62
27 63
27 64
27 65
27 71
27 79
27 80
27 89
27 92
27 93
27 97
27 102
27 105
27 109
27 113
27 115
27 117
27 125
27 129
27 133
27 137
27 139
27 142
27 145
27 151
27 154
27 156
27 158
27 161
28 32
28 34
28 38
28 40
28 42
28 44
28 45
28 46
28 49
28 50
28 51
28 54
28 55
28 56
28 58
28 63
28 64
28 65
28 67
28 68
28 70
28 75
28 76
28 77
28 79
28 80
28 84
28 87
28 92
28 93
28 97
28 98
28 99
28 102
28 106
28 107
28 108
28 114
28 115
28 116
28 117
28 118
28 119
28 125
28 128
28 131
28 134
28 137
28 138
28 141
28 142
28 146
28 150
28 152
28 153
28 161
29 31
29 35
29 38
29 40
29 45
29 49
29 54
29 55
29 56
29 57
29 64
29 65
29 71
29 74
29 75
29 77
29 78
29 79
29 80
29 83
29 86
29 93
29 97
29 98
29 101
29 104
29 108
29 110
29 112
29 115
29 116
29 118
29 126
29 129
29 133
29 134
29 135
29 137
29 139
29 140
29 149
29 150
29 154
29 156
29 159
30 31
30 32
30 33
30 34
30 37
30 38
30 40
30 41
30 43
30 44
30 47
30 48
30 49
30 50
30 51
30 54
30 56
30 59
30 61
30 64
30 65
30 66
30 67
30 72
30 73
30 74
30 75
30 77
30 78
30 79
30 80
30 82
30 83
30 84
30 86
30 87
30 89
30 92
30 93
30 94
30 95
30 96
30 97
30 98
30 99
30 100
30 101
30 106
30 107
30 108
30 109
30 111
30 112
30 113
30 114
30 115
30 117
30 125
30 127
30 128
30 129
30 130
30 131
30 132
30 137
30 139
30 141
30 142
30 144
30 146
30 147
30 149
30 150
30 151
30 154
30 157
30 158
30 159
30 160
30 161
31 32
31 33
31 34
31 35
31 38
31 39
31 41
31 43
31 44
31 46
31 48
31 49
31 50
31 51
31 52
31 54
31 58
31 59
31 61
31 63
31 64
31 65
31 66
31 68
31 69
31 70
31 71
31 72
31 73
31 74
31 75
31 77
31 79
31 80
31 84
31 88
31 89
31 91
31 92
31 93
31 94
31 95
31 97
31 99
31 101
31 102
31 103
31 104
31 105
31 106
31 107
31 108
31 109
31 111
31 113
31 115
31 116
31 117
31 118
31 123
31 124
31 125
31 126
31 127
31 128
31 129
31 131
31 134
31 135
31 136
31 137
31 138
31 140
31 141
31 142
31 143
31 145
31 146
31 147
31 148
31 150
31 151
31 152
31 153
31 154
31 155
31 157
31 158
31 161
32 34
32 35
32 36
32 37
32 38
32 39
32 40
32 42
32 43
32 45
32 46
32 47
32 48
32 49
32 50
32 51
32 52
32 54
32 55
32 56
32 59
32 60
32 61
32 62
32 64
32 65
32 66
32 67
32 68
32 69
32 70
32 72
32 73
32 74
32 75
32 76
32 77
32 79
32 80
32 82
32 85
32 87
32 90
32 91
32 92
32 93
32 94
32 95
32 98
32 99
32 101
32 103
32 105
32 106
32 107
32 108
32 109
32 113
32 115
32 117
32 118
32 119
32 121
32 124
32 125
32 126
32 127
32 129
32 131
32 133
32 134
32 136
32 137
32 138
32 139
32 141
32 142
32 143
32 145
32 146
32 148
32 149
32 150
32 151
32 152
32 153
32 155
32 156
32 157
32 158
32 159
32 160
32 161
33 35
33 37
33 38
33 44
33 45
33 47
33 54
33 58
33 61
33 62
33 64
33 65
33 66
33 67
33 69
33 71
33 72
33 74
33 76
33 82
33 87
33 88
33 89
33 93
33 94
33 101
33 109
33 113
33 114
33 117
33 118
33 125
33 126
33 133
33 134
33 137
33 138
33 142
33 152
33 160
33 161
34 35
34 37
34 38
34 40
34 47
34 51
34 54
34 58
34 59
34 60
34 61
34 62
34 64
34 67
34 68
34 69
34 70
34 71
34 74
34 75
34 76
34 77
34 79
34 86
34 90
34 98
34 100
34 102
34 106
34 111
34 112
34 114
34 115
34 117
34 118
34 130
34 134
34 138
34 140
34 141
34 143
34 147
34 150
34 151
34 152
34 153
34 154
34 157
34 158
34 161
35 38
35 39
35 40
35 42
35 45
35 46
35 48
35 49
35 50
35 51
35 52
35 53
35 56
35 60
35 61
35 62
35 63
35 64
35 66
35 70
35 71
35 72
35 74
35 75
35 76
35 81
35 83
35 86
35 89
35 93
35 95
35 96
35 100
35 101
35 103
35 104
35 105
35 107
35 108
35 109
35 114
35 115
35 118
35 119
35 123
35 124
35 129
35 130
35 131
35 133
35 135
35 137
35 138
35 140
35 142
35 143
35 146
35 147
35 151
35 152
35 154
35 155
35 157
35 159
35 160
35 161
36 37
36 39
36 40
36 43
36 45
36 49
36 51
36 55
36 58
36 60
36 62
36 64
36 65
36 66
36 68
36 71
36 73
36 74
36 75
36 76
36 80
36 84
36 89
36 91
36 93
36 94
36 97
36 98
36 102
36 103
36 106
36 108
36 109
36 110
36 112
36 114
36 115
36 117
36 118
36 120
36 122
36 125
36 126
36 127
36 129
36 133
36 134
36 135
36 137
36 138
36 139
36 140
36 142
36 143
36 146
36 153
36 154
36 158
36 159
36 160
36 161
37 38
37 39
37 40
37 43
37 45
37 50
37 51
37 54
37 61
37 62
37 65
37 66
37 68
37 69
37 70
37 73
37 74
37 75
37 76
37 77
37 79
37 80
37 82
37 86
37 87
37 88
37 89
37 93
37 94
37 95
37 97
37 98
37 99
37 101
37 102
37 105
37 112
37 114
37 115
37 117
37 118
37 119
37 120
37 122
37 123
37 125
37 127
37 131
37 133
37 134
37 136
37 137
37 138
37 139
37 142
37 146
37 147
37 148
37 150
37 152
37 154
37 158
37 160
38 40
38 42
38 43
38 44
38 45
38 46
38 47
38 49
38 50
38 51
38 53
38 54
38 55
38 57
38 58
38 59
38 61
38 62
38 63
38 64
38 65
38 66
38 67
38 68
38 69
38 70
38 71
38 72
38 73
38 74
38 79
38 84
38 85
38 88
38 89
38 91
38 92
38 93
38 94
38 95
38 96
38 99
38 100
38 101
38 103
38 104
38 107
38 108
38 109
38 111
38 112
38 113
38 114
38 115
38 116
38 117
38 118
38 119
38 120
38 125
38 129
38 130
38 131
38 132
38 133
38 134
38 137
38 138
38 139
38 140
38 144
38 147
38 148
38 150
38 151
38 153
38 154
38 156
38 157
38 158
38 159
39 42
39 43
39 45
39 46
39 49
39 50
39 51
39 56
39 64
39 65
39 68
39 69
39 70
39 71
39 74
39 76
39 77
39 79
39 80
39 82
39 83
39 85
39 94
39 97
39 100
39 101
39 105
39 106
39 108
39 112
39 113
39 114
39 115
39 117
39 118
39 119
39 125
39 127
39 131
39 133
39 136
39 137
39 138
39 139
39 140
39 142
39 149
39 150
39 153
39 154
39 155
39 156
39 157
39 158
39 159
39 160
40 41
40 42
40 44
40 45
40 46
40 49
40 53
40 54
40 56
40 57
40 58
40 59
40 61
40 63
40 64
40 65
40 67
40 68
40 69
40 70
40 71
40 72
40 73
40 74
40 75
40 76
40 78
40 79
40 82
40 83
40 85
40 86
40 88
40 89
40 91
40 94
40 97
40 101
40 102
40 104
40 106
40 108
40 111
40 112
40 113
40 114
40 116
40 117
40 118
40 125
40 127
40 128
40 129
40 130
40 131
40 133
40 134
40 137
40 138
40 139
40 141
40 142
40 143
40 145
40 146
40 147
40 148
40 150
40 151
40 152
40 154
40 156
40 157
40 158
40 159
40 161
41 43
41 47
41 50
41 51
41 52
41 53
41 55
41 56
41 66
41 67
41 69
41 71
41 74
41 80
41 84
41 92
41 97
41 107
41 108
41 114
41 117
41 118
41 123
41 129
41 130
41 143
41 152
41 153
41 154
42 43
42 49
42 51
42 54
42 55
42 56
42 58
42 60
42 61
42 63
42 64
42 65
42 67
42 68
42 71
42 72
42 74
42 80
42 81
42 87
42 89
42 91
42 94
42 97
42 101
42 102
42 106
42 107
42 112
42 113
42 114
42 115
42 116
42 117
42 118
42 126
42 128
42 129
42 130
42 131
42 133
42 139
42 142
42 143
42 146
42 147
42 148
42 152
42 153
42 156
42 158
42 159
42 161
43 45
43 46
43 48
43 49
43 52
43 54
43 59
43 61
43 62
43 64
43 65
43 67
43 69
43 72
43 75
43 79
43 84
43 85
43 86
43 89
43 90
43 93
43 94
43 97
43 101
43 104
43 108
43 113
43 114
43 115
43 117
43 122
43 124
43 125
43 130
43 131
43 134
43 136
43 137
43 138
43 139
43 140
43 141
43 142
43 143
43 145
43 146
43 147
43 150
43 152
43 155
43 157
44 45
44 46
44 47
44 48
44 49
44 51
44 52
44 53
44 54
44 58
44 61
44 62
44 63
44 64
44 65
44 68
44 69
44 70
44 71
44 72
44 73
44 74
44 76
44 77
44 79
44 81
44 84
44 85
44 88
44 89
44 93
44 94
44 97
44 99
44 100
44 102
44 106
44 108
44 109
44 110
44 112
44 114
44 115
44 125
44 127
44 128
44 129
44 133
44 134
44 135
44 136
44 138
44 140
44 141
44 142
44 143
44 145
44 146
44 147
44 149
44 150
44 151
44 152
44 153
44 154
44 157
44 158
44 160
44 161
45 48
45 49
45 51
45 52
45 53
45 54
45 56
45 57
45 59
45 63
45 66
45 67
45 68
45 70
45 71
45 72
45 73
45 74
45 75
45 77
45 78
45 79
45 80
45 84
45 85
45 86
45 87
45 89
45 90
45 91
45 92
45 93
45 94
45 96
45 98
45 99
45 100
45 101
45 106
45 107
45 108
45 110
45 111
45 113
45 116
45 117
45 118
45 125
45 126
45 128
45 129
45 130
45 131
45 133
45 134
45 135
45 136
45 137
45 139
45 140
45 142
45 144
45 145
45 146
45 147
45 151
45 152
45 153
45 154
45 155
45 159
45 161
46 49
46 55
46 56
46 60
46 64
46 65
46 66
46 68
46 69
46 70
46 71
46 72
46 73
46 74
46 75
46 79
46 81
46 87
46 92
46 94
46 98
46 99
46 101
46 104
46 106
46 107
46 108
46 109
46 113
46 114
46 116
46 118
46 125
46 126
46 130
46 131
46 133
46 134
46 137
46 140
46 141
46 143
46 146
46 151
46 154
46 156
46 158
46 159
47 56
47 68
47 72
47 79
47 88
47 89
47 107
47 108
47 114
47 116
47 129
47 131
47 133
47 134
47 139
47 154
48 49
48 53
48 64
48 67
48 68
48 72
48 79
48 84
48 86
48 87
48 89
48 98
48 101
48 103
48 105
48 114
48 117
48 118
48 126
48 129
48 131
48 133
48 135
48 137
48 138
48 151
48 153
48 154
48 156
48 157
48 161
49 50
49 51
49 54
49 55
49 56
49 58
49 59
49 62
49 63
49 64
49 65
49 66
49 67
49 68
49 69
49 70
49 71
49 72
49 73
49 74
49 75
49 76
49 77
49 78
49 79
49 80
49 82
49 83
49 84
49 85
49 87
49 89
49 91
49 93
49 94
49 95
49 96
49 97
49 98
49 100
49 101
49 102
49 107
49 108
49 109
49 112
49 113
49 115
49 116
49 117
49 119
49 120
49 124
49 125
49 127
49 129
49 131
49 133
49 134
49 135
49 137
49 138
49 139
49 140
49 142
49 145
49 146
49 147
49 149
49 150
49 153
49 154
49 156
49 157
49 158
49 159
49 161
50 52
50 54
50 59
50 63
50 64
50 65
50 67
50 68
50 69
50 70
50 71
50 73
50 74
50 75
50 79
50 83
50 86
50 88
50 89
50 91
50 93
50 94
50 97
50 98
50 101
50 102
50 108
50 109
50 113
50 114
50 115
50 117
50 125
50 126
50 129
50 130
50 132
50 133
50 134
50 135
50 137
50 138
50 139
50 140
50 141
50 142
50 143
50 145
50 147
50 150
50 153
50 159
50 161
51 53
51 54
51 56
51 57
51 59
51 61
51 62
51 64
51 65
51 66
51 67
51 68
51 69
51 70
51 71
51 72
51 73
51 74
51 75
51 76
51 77
51 79
51 80
51 81
51 83
51 84
51 86
51 88
51 89
51 90
51 91
51 93
51 94
51 95
51 97
51 100
51 101
51 102
51 103
51 104
51 105
51 106
51 107
51 108
51 111
51 113
51 114
51 115
51 116
51 117
51 118
51 119
51 125
51 126
51 127
51 128
51 130
51 131
51 133
51 134
51 136
51 137
51 138
51 139
51 141
51 143
51 146
51 147
51 149
51 150
51 151
51 152
51 153
51 155
51 157
51 158
51 160
51 161
52 53
52 60
52 62
52 63
52 64
52 65
52 67
52 68
52 70
52 71
52 72
52 73
52 78
52 79
52 80
52 87
52 89
52 92
52 94
52 97
52 98
52 99
52 101
52 102
52 106
52 107
52 108
52 111
52 112
52 113
52 114
52 115
52 117
52 118
52 120
52 126
52 128
52 131
52 132
52 133
52 134
52 137
52 138
52 139
52 141
52 145
52 146
52 147
52 150
52 152
52 153
52 157
52 158
52 159
52 160
53 54
53 61
53 64
53 65
53 68
53 72
53 73
53 74
53 76
53 77
53 81
53 85
53 89
53 101
53 102
53 106
53 109
53 111
53 113
53 114
53 115
53 117
53 128
53 129
53 131
53 133
53 134
53 137
53 140
53 144
53 145
53 146
53 147
53 150
53 152
53 158
53 160
54 55
54 56
54 58
54 59
54 61
54 64
54 65
54 67
54 68
54 69
54 70
54 71
54 72
54 74
54 76
54 77
54 78
54 79
54 83
54 84
54 85
54 87
54 88
54 89
54 90
54 91
54 92
54 94
54 95
54 96
54 97
54 100
54 101
54 102
54 104
54 106
54 107
54 108
54 110
54 111
54 112
54 113
54 114
54 115
54 116
54 117
54 119
54 126
54 128
54 129
54 131
54 132
54 133
54 134
54 135
54 137
54 140
54 142
54 145
54 146
54 147
54 149
54 150
54 151
54 152
54 154
54 155
54 156
54 157
54 158
54 159
54 160
55 57
55 63
55 65
55 66
55 67
55 68
55 70
55 72
55 73
55 74
55 77
55 79
55 83
55 84
55 87
55 89
55 90
55 93
55 94
55 95
55 96
55 97
55 101
55 102
55 105
55 106
55 107
55 108
55 111
55 112
55 113
55 115
55 116
55 117
55 118
55 125
55 126
55 128
55 129
55 131
55 133
55 134
55 137
55 138
55 139
55 141
55 146
55 148
55 150
55 151
55 154
55 156
55 157
55 158
55 159
55 161
56 58
56 59
56 60
56 63
56 64
56 65
56 68
56 69
56 70
56 71
56 72
56 73
56 77
56 79
56 80
56 82
56 83
56 86
56 87
56 88
56 89
56 90
56 92
56 94
56 97
56 100
56 101
56 102
56 103
56 104
56 105
56 106
56 107
56 109
56 110
56 111
56 112
56 114
56 115
56 116
56 117
56 118
56 119
56 120
56 122
56 125
56 126
56 127
56 128
56 129
56 130
56 131
56 133
56 135
56 136
56 137
56 138
56 139
56 142
56 143
56 145
56 146
56 147
56 148
56 149
56 150
56 151
56 152
56 153
56 154
56 155
56 156
56 157
56 159
56 160
56 161
57 62
57 65
57 66
57 69
57 73
57 74
57 85
57 86
57 90
57 92
57 100
57 102
57 105
57 108
57 109
57 112
57 113
57 114
57 118
57 125
57 129
57 130
57 131
57 133
57 134
57 137
57 138
57 141
57 143
57 146
57 147
57 158
58 59
58 62
58 63
58 64
58 66
58 67
58 68
58 70
58 71
58 72
58 73
58 74
58 76
58 80
58 83
58 84
58 88
58 89
58 90
58 91
58 94
58 98
58 99
58 101
58 102
58 104
58 107
58 108
58 109
58 111
58 112
58 114
58 115
58 118
58 119
58 120
58 122
58 125
58 127
58 128
58 129
58 131
58 133
58 135
58 137
58 138
58 141
58 142
58 145
58 146
58 147
58 149
58 150
58 152
58 154
58 157
58 158
58 159
59 64
59 65
59 66
59 67
59 68
59 69
59 71
59 72
59 73
59 77
59 79
59 84
59 85
59 86
59 87
59 88
59 89
59 93
59 95
59 97
59 99
59 101
59 102
59 103
59 108
59 111
59 113
59 114
59 115
59 116
59 118
59 119
59 125
59 126
59 127
59 128
59 129
59 133
59 134
59 136
59 137
59 138
59 139
59 145
59 146
59 147
59 150
59 151
59 152
59 154
59 157
59 158
59 160
59 161
60 63
60 69
60 70
60 72
60 73
60 74
60 75
60 77
60 79
60 87
60 88
60 89
60 94
60 97
60 104
60 106
60 113
60 117
60 126
60 129
60 135
60 138
60 142
60 145
60 154
60 157
60 160
61 63
61 65
61 66
61 67
61 68
61 69
61 72
61 74
61 75
61 79
61 84
61 86
61 88
61 89
61 94
61 101
61 104
61 107
61 108
61 109
61 112
61 115
61 117
61 118
61 126
61 127
61 128
61 129
61 131
61 133
61 136
61 137
61 145
61 146
61 148
61 154
61 158
61 159
62 63
62 65
62 66
62 68
62 69
62 70
62 71
62 72
62 73
62 74
62 75
62 80
62 81
62 89
62 91
62 94
62 96
62 97
62 98
62 102
62 103
62 108
62 109
62 110
62 112
62 113
62 122
62 128
62 130
62 134
62 136
62 137
62 138
62 139
62 147
62 150
62 153
62 154
62 155
62 158
62 159
63 64
63 65
63 66
63 67
63 68
63 69
63 70
63 71
63 72
63 73
63 74
63 75
63 76
63 79
63 83
63 84
63 87
63 89
63 93
63 94
63 97
63 99
63 100
63 101
63 102
63 103
63 105
63 107
63 108
63 109
63 112
63 113
63 114
63 115
63 118
63 119
63 122
63 129
63 130
63 131
63 133
63 134
63 135
63 137
63 138
63 139
63 141
63 142
63 143
63 145
63 146
63 148
63 150
63 152
63 153
63 155
63 157
63 158
63 159
63 160
63 161
64 65
64 66
64 67
64 68
64 69
64 70
64 71
64 72
64 73
64 74
64 75
64 76
64 77
64 79
64 80
64 81
64 83
64 84
64 85
64 87
64 88
64 89
64 90
64 92
64 93
64 94
64 96
64 97
64 98
64 99
64 100
64 101
64 102
64 105
64 106
64 107
64 108
64 109
64 113
64 114
64 115
64 116
64 117
64 118
64 121
64 125
64 126
64 127
64 128
64 129
64 130
64 131
64 133
64 134
64 136
64 137
64 139
64 140
64 141
64 142
64 145
64 146
64 147
64 148
64 149
64 150
64 151
64 152
64 154
64 156
64 157
64 158
64 160
64 161
65 66
65 67
65 68
65 69
65 70
65 71
65 72
65 73
65 74
65 76
65 77
65 79
65 80
65 81
65 83
65 84
65 86
65 87
65 88
65 89
65 90
65 93
65 94
65 95
65 96
65 97
65 98
65 99
65 100
65 101
65 102
65 106
65 107
65 108
65 109
65 110
65 113
65 114
65 115
65 117
65 120
65 121
65 125
65 126
65 127
65 128
65 131
65 133
65 134
65 137
65 138
65 139
65 142
65 143
65 146
65 147
65 151
65 154
65 156
65 157
65 158
65 160
65 161
66 67
66 68
66 69
66 70
66 71
66 72
66 74
66 75
66 76
66 77
66 79
66 80
66 82
66 84
66 86
66 87
66 88
66 89
66 94
66 95
66 98
66 100
66 101
66 102
66 103
66 104
66 105
66 106
66 108
66 109
66 110
66 111
66 112
66 113
66 118
66 120
66 123
66 125
66 126
66 128
66 129
66 130
66 131
66 133
66 134
66 135
66 136
66 137
66 138
66 139
66 140
66 141
66 142
66 143
66 146
66 147
66 148
66 151
66 152
66 153
66 154
66 158
66 160
67 68
67 69
67 70
67 71
67 73
67 74
67 75
67 76
67 78
67 79
67 80
67 82
67 84
67 86
67 87
67 88
67 89
67 91
67 92
67 93
67 94
67 95
67 97
67 98
67 99
67 100
67 101
67 102
67 104
67 106
67 107
67 108
67 109
67 111
67 112
67 114
67 115
67 116
67 118
67 119
67 125
67 128
67 129
67 130
67 131
67 132
67 133
67 134
67 135
67 136
67 137
67 138
67 139
67 140
67 141
67 142
67 143
67 145
67 146
67 147
67 148
67 150
67 151
67 152
67 153
67 154
67 156
67 157
67 159
67 160
67 161
68 69
68 70
68 71
68 72
68 74
68 76
68 77
68 78
68 79
68 80
68 82
68 83
68 86
68 88
68 89
68 90
68 91
68 93
68 98
68 99
68 100
68 101
68 102
68 104
68 105
68 106
68 107
68 108
68 109
68 112
68 114
68 115
68 116
68 117
68 118
68 119
68 124
68 125
68 126
68 129
68 130
68 131
68 133
68 134
68 135
68 136
68 137
68 138
68 139
68 141
68 142
68 145
68 146
68 147
68 148
68 150
68 151
68 152
68 153
68 154
68 157
68 158
68 159
68 160
68 161
69 70
69 71
69 72
69 74
69 75
69 79
69 81
69 83
69 84
69 88
69 89
69 90
69 91
69 92
69 94
69 98
69 99
69 101
69 103
69 104
69 106
69 108
69 109
69 111
69 112
69 113
69 114
69 115
69 116
69 117
69 118
69 119
69 122
69 124
69 125
69 126
69 127
69 129
69 130
69 131
69 133
69 135
69 137
69 138
69 139
69 141
69 142
69 143
69 146
69 147
69 148
69 150
69 151
69 152
69 154
69 155
69 156
69 157
69 158
69 159
69 161
70 71
70 72
70 73
70 74
70 75
70 76
70 77
70 78
70 80
70 81
70 83
70 84
70 85
70 87
70 88
70 90
70 92
70 94
70 96
70 97
70 99
70 102
70 103
70 105
70 106
70 108
70 110
70 111
70 112
70 113
70 114
70 115
70 116
70 117
70 118
70 121
70 124
70 125
70 126
70 129
70 130
70 131
70 133
70 134
70 136
70 137
70 138
70 140
70 141
70 142
70 143
70 145
70 147
70 149
70 151
70 152
70 153
70 154
70 156
70 157
70 158
70 159
70 160
70 161
71 72
71 73
71 74
71 75
71 77
71 79
71 81
71 83
71 84
71 88
71 89
71 90
71 91
71 92
71 93
71 94
71 95
71 97
71 98
71 100
71 101
71 102
71 104
71 105
71 106
71 107
71 108
71 109
71 111
71 112
71 113
71 114
71 115
71 116
71 117
71 118
71 122
71 125
71 126
71 127
71 128
71 130
71 131
71 132
71 133
71 134
71 135
71 137
71 138
71 140
71 141
71 142
71 143
71 145
71 146
71 147
71 150
71 151
71 152
71 153
71 154
71 155
71 157
71 161
72 73
72 74
72 75
72 77
72 81
72 84
72 85
72 87
72 91
72 92
72 93
72 94
72 96
72 97
72 98
72 101
72 102
72 104
72 105
72 106
72 110
72 111
72 112
72 113
72 114
72 115
72 116
72 117
72 118
72 119
72 121
72 122
72 125
72 126
72 127
72 129
72 131
72 132
72 133
72 134
72 135
72 136
72 137
72 138
72 140
72 142
72 143
72 145
72 146
72 147
72 149
72 150
72 151
72 152
72 153
72 154
72 155
72 156
72 157
72 158
72 160
72 161
73 74
73 76
73 77
73 79
73 80
73 83
73 87
73 88
73 89
73 90
73 91
73 93
73 95
73 96
73 97
73 98
73 100
73 101
73 102
73 105
73 106
73 107
73 108
73 109
73 111
73 113
73 114
73 115
73 116
73 117
73 118
73 122
73 125
73 126
73 127
73 128
73 129
73 131
73 132
73 133
73 134
73 136
73 138
73 139
73 142
73 147
73 148
73 149
73 150
73 151
73 152
73 153
73 154
73 159
73 160
74 75
74 76
74 77
74 79
74 80
74 81
74 83
74 84
74 85
74 87
74 88
74 89
74 90
74 91
74 93
74 94
74 95
74 96
74 97
74 99
74 100
74 101
74 103
74 106
74 108
74 109
74 110
74 111
74 112
74 114
74 115
74 116
74 117
74 118
74 123
74 124
74 125
74 126
74 127
74 128
74 129
74 130
74 131
74 134
74 135
74 136
74 137
74 138
74 140
74 141
74 142
74 143
74 145
74 146
74 147
74 148
74 150
74 151
74 152
74 153
74 155
74 156
74 157
74 161
75 76
75 77
75 79
75 80
75 89
75 90
75 93
75 94
75 97
75 102
75 103
75 105
75 106
75 107
75 109
75 111
75 113
75 114
75 115
75 117
75 118
75 125
75 126
75 128
75 133
75 134
75 137
75 139
75 142
75 143
75 147
75 149
75 150
75 151
75 152
75 154
75 155
75 157
75 158
75 159
75 160
75 161
76 77
76 79
76 80
76 84
76 89
76 90
76 95
76 96
76 99
76 100
76 101
76 102
76 103
76 105
76 108
76 109
76 113
76 114
76 115
76 117
76 125
76 126
76 129
76 130
76 134
76 137
76 142
76 152
76 154
76 157
76 158
76 159
76 161
77 79
77 80
77 82
77 84
77 86
77 87
77 88
77 89
77 90
77 94
77 95
77 98
77 100
77 101
77 102
77 103
77 105
77 109
77 110
77 114
77 115
77 118
77 122
77 125
77 131
77 133
77 134
77 135
77 137
77 138
77 139
77 142
77 143
77 145
77 146
77 147
77 148
77 150
77 151
77 152
77 154
77 157
77 158
77 161
78 79
78 88
78 90
78 91
78 96
78 105
78 106
78 108
78 115
78 118
78 128
78 142
78 147
78 151
78 157
79 80
79 84
79 85
79 88
79 89
79 90
79 91
79 93
79 94
79 95
79 96
79 97
79 98
79 99
79 100
79 101
79 102
79 103
79 104
79 105
79 106
79 107
79 108
79 110
79 111
79 112
79 115
79 116
79 117
79 118
79 119
79 120
79 123
79 125
79 126
79 129
79 131
79 132
79 133
79 134
79 135
79 136
79 137
79 139
79 141
79 142
79 145
79 146
79 147
79 148
79 150
79 151
79 152
79 154
79 155
79 157
79 158
79 159
79 161
80 81
80 83
80 86
80 94
80 95
80 99
80 101
80 102
80 103
80 105
80 106
80 109
80 110
80 113
80 114
80 115
80 118
80 119
80 123
80 125
80 129
80 133
80 134
80 136
80 137
80 138
80 139
80 141
80 144
80 145
80 146
80 147
80 149
80 150
80 151
80 152
80 153
80 154
80 155
80 157
80 158
80 160
80 161
81 82
81 83
81 87
81 91
81 93
81 94
81 101
81 104
81 106
81 108
81 111
81 114
81 115
81 116
81 117
81 118
81 131
81 132
81 133
81 134
81 136
81 140
81 142
81 146
81 151
81 154
82 83
82 84
82 89
82 93
82 94
82 101
82 102
82 104
82 105
82 106
82 108
82 110
82 114
82 115
82 117
82 118
82 126
82 129
82 130
82 131
82 132
82 133
82 135
82 137
82 145
82 151
82 154
82 156
82 157
82 158
83 84
83 87
83 88
83 90
83 91
83 96
83 98
83 101
83 103
83 106
83 107
83 108
83 109
83 114
83 115
83 118
83 120
83 123
83 125
83 127
83 128
83 130
83 131
83 132
83 137
83 138
83 139
83 142
83 145
83 147
83 150
83 151
83 154
83 158
83 159
84 87
84 89
84 90
84 93
84 94
84 95
84 96
84 97
84 100
84 101
84 102
84 104
84 105
84 107
84 108
84 109
84 110
84 111
84 114
84 115
84 120
84 125
84 129
84 130
84 131
84 133
84 134
84 138
84 139
84 145
84 146
84 148
84 149
84 151
84 152
84 154
84 156
84 158
84 159
84 161
85 86
85 97
85 98
85 101
85 109
85 110
85 112
85 115
85 116
85 117
85 125
85 126
85 128
85 129
85 131
85 133
85 137
85 139
85 141
85 142
85 143
85 145
85 146
85 150
85 151
85 153
85 154
85 155
85 157
85 158
85 160
86 88
86 92
86 93
86 96
86 101
86 102
86 103
86 107
86 108
86 109
86 112
86 113
86 114
86 115
86 117
86 125
86 130
86 133
86 136
86 137
86 138
86 139
86 141
86 142
86 143
86 145
86 147
86 150
86 152
86 154
86 158
86 160
86 161
87 89
87 91
87 94
87 95
87 97
87 98
87 99
87 101
87 102
87 106
87 108
87 109
87 111
87 112
87 113
87 114
87 116
87 117
87 118
87 124
87 125
87 128
87 129
87 130
87 131
87 133
87 134
87 135
87 136
87 138
87 139
87 140
87 141
87 142
87 143
87 146
87 149
87 153
87 154
87 157
87 158
87 159
87 160
87 161
88 89
88 91
88 92
88 93
88 99
88 100
88 101
88 102
88 103
88 105
88 106
88 108
88 109
88 111
88 112
88 113
88 114
88 117
88 122
88 125
88 126
88 129
88 130
88 131
88 133
88 135
88 139
88 140
88 142
88 145
88 147
88 150
88 152
88 153
88 154
88 156
88 161
89 93
89 94
89 95
89 97
89 101
89 102
89 103
89 104
89 106
89 108
89 109
89 110
89 111
89 112
89 114
89 115
89 117
89 118
89 122
89 125
89 126
89 127
89 128
89 129
89 131
89 133
89 134
89 135
89 136
89 137
89 138
89 139
89 140
89 142
89 143
89 149
89 150
89 151
89 152
89 153
89 154
89 155
89 157
89 158
89 160
89 161
90 93
90 94
90 95
90 101
90 104
90 106
90 109
90 111
90 112
90 115
90 117
90 118
90 128
90 133
90 137
90 145
90 147
90 149
90 154
90 155
90 158
90 159
91 92
91 93
91 95
91 97
91 99
91 103
91 105
91 109
91 111
91 113
91 114
91 118
91 122
91 125
91 128
91 131
91 133
91 134
91 135
91 138
91 139
91 141
91 142
91 143
91 145
91 146
91 147
91 150
91 154
91 157
91 158
92 93
92 95
92 96
92 97
92 99
92 101
92 103
92 106
92 108
92 109
92 111
92 112
92 113
92 114
92 116
92 117
92 125
92 129
92 131
92 133
92 135
92 136
92 141
92 145
92 147
92 148
92 152
92 153
92 157
92 161
93 94
93 98
93 99
93 101
93 102
93 105
93 107
93 109
93 111
93 112
93 113
93 114
93 115
93 117
93 118
93 120
93 122
93 125
93 126
93 127
93 129
93 133
93 134
93 135
93 136
93 137
93 138
93 142
93 146
93 147
93 151
93 152
93 153
93 155
93 159
93 161
94 95
94 96
94 97
94 98
94 99
94 101
94 103
94 105
94 106
94 108
94 109
94 111
94 112
94 113
94 115
94 117
94 118
94 119
94 122
94 124
94 125
94 127
94 129
94 130
94 131
94 133
94 134
94 135
94 136
94 137
94 138
94 139
94 140
94 141
94 142
94 143
94 145
94 146
94 147
94 149
94 151
94 152
94 157
94 158
94 159
94 161
95 99
95 101
95 105
95 106
95 107
95 108
95 109
95 116
95 118
95 129
95 130
95 138
95 141
95 145
95 147
95 152
95 154
95 157
95 158
95 161
96 101
96 106
96 109
96 112
96 115
96 118
96 122
96 126
96 129
96 132
96 136
96 138
96 141
96 142
96 146
96 147
96 150
96 153
96 154
96 157
96 158
97 99
97 100
97 101
97 102
97 104
97 105
97 106
97 107
97 108
97 113
97 114
97 116
97 117
97 125
97 126
97 128
97 129
97 130
97 134
97 138
97 139
97 140
97 143
97 145
97 147
97 150
97 151
97 155
97 156
97 157
97 159
97 161
98 101
98 105
98 106
98 107
98 108
98 110
98 111
98 114
98 125
98 126
98 127
98 131
98 133
98 134
98 135
98 141
98 142
98 143
98 152
98 157
98 158
98 160
99 101
99 105
99 106
99 107
99 108
99 109
99 113
99 115
99 116
99 117
99 120
99 121
99 125
99 128
99 129
99 130
99 131
99 134
99 135
99 137
99 140
99 141
99 142
99 146
99 151
99 152
99 154
99 158
100 102
100 103
100 105
100 107
100 108
100 112
100 114
100 116
100 117
100 123
100 125
100 129
100 130
100 138
100 139
100 146
100 147
100 149
100 150
100 151
100 152
100 153
100 157
100 158
100 160
100 161
101 102
101 103
101 105
101 106
101 108
101 109
101 111
101 112
101 115
101 116
101 117
101 118
101 119
101 120
101 121
101 123
101 125
101 127
101 129
101 130
101 131
101 132
101 133
101 134
101 137
101 138
101 141
101 142
101 143
101 145
101 146
101 147
101 149
101 150
101 151
101 154
101 155
101 157
101 158
101 159
101 160
101 161
102 103
102 104
102 105
102 106
102 107
102 108
102 110
102 112
102 113
102 114
102 117
102 118
102 122
102 125
102 126
102 127
102 128
102 129
102 131
102 132
102 133
102 135
102 136
102 137
102 140
102 145
102 146
102 147
102 148
102 150
102 151
102 152
102 153
102 154
102 155
102 157
102 158
102 159
102 161
103 106
103 107
103 109
103 112
103 113
103 114
103 117
103 118
103 125
103 126
103 128
103 129
103 131
103 132
103 134
103 136
103 137
103 138
103 151
103 154
103 157
103 158
103 159
104 108
104 109
104 111
104 113
104 116
104 117
104 118
104 131
104 134
104 138
104 146
104 147
104 149
104 151
104 154
104 157
104 161
105 106
105 107
105 112
105 115
105 116
105 117
105 119
105 125
105 128
105 129
105 130
105 134
105 137
105 139
105 141
105 145
105 146
105 150
105 151
105 152
105 154
105 157
105 159
105 160
106 108
106 109
106 110
106 111
106 114
106 115
106 116
106 117
106 119
106 121
106 122
106 124
106 125
106 126
106 128
106 129
106 130
106 131
106 133
106 134
106 135
106 136
106 137
106 138
106 139
106 140
106 142
106 143
106 144
106 145
106 146
106 147
106 148
106 149
106 151
106 152
106 154
106 155
106 156
106 157
106 158
106 159
106 161
107 108
107 110
107 112
107 114
107 115
107 117
107 118
107 125
107 135
107 136
107 137
107 138
107 142
107 146
107 149
107 151
107 152
107 153
107 158
107 159
107 160
107 161
108 109
108 112
108 113
108 114
108 115
108 116
108 117
108 118
108 121
108 125
108 126
108 127
108 128
108 129
108 131
108 133
108 134
108 135
108 138
108 139
108 140
108 145
108 146
108 147
108 150
108 151
108 153
108 154
108 156
108 157
108 158
108 159
108 160
108 161
109 111
109 112
109 117
109 118
109 121
109 125
109 131
109 133
109 135
109 137
109 138
109 139
109 142
109 143
109 145
109 147
109 149
109 154
109 155
109 156
109 157
109 159
109 160
109 161
110 111
110 112
110 125
110 130
110 134
110 138
110 141
110 145
110 152
110 154
110 161
111 113
111 114
111 115
111 116
111 118
111 120
111 123
111 125
111 126
111 129
111 130
111 133
111 134
111 137
111 138
111 145
111 146
111 147
111 148
111 149
111 150
111 151
111 154
111 157
111 158
112 114
112 115
112 117
112 118
112 119
112 125
112 126
112 128
112 129
112 130
112 133
112 135
112 136
112 137
112 138
112 139
112 142
112 146
112 147
112 148
112 150
112 151
112 152
112 153
112 154
112 157
112 158
113 114
113 115
113 117
113 118
113 120
113 122
113 125
113 128
113 129
113 130
113 131
113 132
113 134
113 135
113 137
113 138
113 139
113 141
113 145
113 146
113 152
113 153
113 154
113 157
113 159
113 161
114 115
114 116
114 118
114 119
114 120
114 121
114 122
114 123
114 125
114 126
114 127
114 129
114 131
114 132
114 133
114 134
114 135
114 137
114 138
114 139
114 142
114 145
114 146
114 147
114 151
114 152
114 153
114 154
114 155
114 156
114 157
114 158
114 160
114 161
115 116
115 117
115 118
115 121
115 122
115 125
115 126
115 127
115 128
115 129
115 130
115 131
115 132
115 133
115 138
115 139
115 140
115 141
115 142
115 145
115 146
115 147
115 148
115 149
115 150
115 151
115 152
115 153
115 154
115 155
115 158
116 117
116 118
116 126
116 131
116 133
116 134
116 139
116 143
116 147
116 149
116 151
116 153
116 155
116 158
116 159
116 160
116 161
117 118
117 120
117 122
117 125
117 127
117 129
117 131
117 134
117 135
117 137
117 139
117 140
117 141
117 144
117 145
117 146
117 147
117 150
117 151
117 152
117 153
117 154
117 155
117 157
117 159
118 119
118 122
118 125
118 126
118 128
118 129
118 130
118 131
118 135
118 137
118 138
118 139
118 140
118 141
118 143
118 145
118 146
118 148
118 149
118 150
118 152
118 153
118 156
118 157
118 158
118 159
119 120
119 123
119 125
119 127
119 131
119 132
119 133
119 134
119 141
119 142
119 145
119 146
119 147
119 157
119 161
120 127
120 128
120 133
120 135
120 137
120 138
120 145
120 150
120 152
121 125
121 134
121 140
121 142
121 151
121 157
121 161
122 125
122 130
122 131
122 134
122 138
122 139
122 142
122 146
122 153
123 128
123 132
123 135
123 139
123 144
123 146
123 158
124 128
124 130
124 135
124 139
124 152
124 153
125 126
125 129
125 130
125 131
125 133
125 137
125 138
125 142
125 143
125 145
125 146
125 147
125 148
125 149
125 150
125 152
125 153
125 154
125 156
125 157
125 158
125 160
125 161
126 127
126 128
126 133
126 134
126 135
126 136
126 137
126 138
126 143
126 145
126 147
126 149
126 152
126 154
126 156
126 158
126 161
127 129
127 131
127 135
127 138
127 140
127 142
127 145
127 148
127 154
127 161
128 129
128 130
128 131
128 138
128 139
128 142
128 146
128 150
128 152
128 154
128 155
128 158
128 160
129 131
129 132
129 133
129 134
129 136
129 137
129 138
129 141
129 142
129 143
129 145
129 146
129 147
129 150
129 151
129 152
129 155
129 158
129 159
129 160
130 131
130 133
130 134
130 137
130 138
130 139
130 141
130 145
130 147
130 149
130 150
130 152
130 156
130 157
130 159
130 160
130 161
131 133
131 134
131 136
131 137
131 138
131 140
131 141
131 143
131 146
131 149
131 150
131 151
131 152
131 154
131 155
131 156
131 157
131 158
131 159
131 161
132 133
132 139
132 143
132 146
132 152
132 153
132 154
132 157
132 161
133 134
133 135
133 136
133 137
133 138
133 139
133 141
133 142
133 146
133 147
133 148
133 149
133 152
133 153
133 154
133 157
133 158
133 160
133 161
134 135
134 137
134 138
134 139
134 142
134 143
134 145
134 146
134 147
134 148
134 149
134 150
134 152
134 154
134 155
134 157
134 158
134 160
134 161
135 137
135 138
135 141
135 146
135 147
135 150
135 151
135 152
135 154
135 157
135 158
135 160
136 137
136 141
136 142
136 146
136 147
136 150
136 151
136 155
137 138
137 141
137 142
137 143
137 144
137 145
137 146
137 147
137 148
137 149
137 151
137 152
137 155
137 156
137 157
137 158
137 161
138 142
138 143
138 144
138 145
138 147
138 149
138 150
138 151
138 152
138 153
138 154
138 157
138 158
138 159
138 160
138 161
139 141
139 142
139 145
139 146
139 148
139 150
139 151
139 152
139 153
139 154
139 157
139 159
139 161
140 141
140 147
140 148
140 152
140 156
140 158
141 142
141 147
141 150
141 152
141 157
141 158
142 143
142 145
142 146
142 147
142 149
142 150
142 151
142 152
142 153
142 154
142 155
142 156
142 159
142 160
142 161
143 151
143 155
143 157
143 158
143 159
144 148
144 158
145 146
145 147
145 152
145 153
145 154
145 158
145 159
146 148
146 152
146 153
146 154
146 157
146 158
146 159
146 161
147 150
147 151
147 152
147 154
147 157
147 158
147 159
147 160
147 161
148 150
148 151
148 152
148 154
148 155
149 151
149 152
149 154
149 155
149 157
149 158
150 151
150 152
150 153
150 154
150 155
150 157
150 160
150 161
151 152
151 153
151 154
151 157
151 158
151 161
152 153
152 154
152 155
152 156
152 157
152 158
152 159
152 160
152 161
153 157
153 159
154 156
154 158
154 159
154 160
154 161
155 157
155 158
155 160
157 158
158 159
158 161
159 161
160 161
