0 1
0 6
0 7
0 8
0 10
0 13
0 14
0 15
0 22
0 23
0 25
0 26
0 29
0 30
0 31
0 34
0 39
0 40
0 42
0 43
0 44
0 45
0 50
0 53
0 54
0 55
0 56
0 58
0 67
0 68
0 69
0 72
0 74
0 75
0 79
0 84
0 89
0 91
0 92
0 93
0 94
0 96
0 98
0 101
0 105
0 107
0 111
0 112
0 113
0 115
0 116
0 117
0 128
0 129
0 131
0 136
0 138
0 139
0 143
0 144
0 151
0 152
0 153
0 158
1 2
1 4
1 6
1 7
1 11
1 14
1 15
1 19
1 20
1 23
1 25
1 26
1 27
1 29
1 30
1 34
1 36
1 37
1 42
1 43
1 45
1 48
1 50
1 51
1 53
1 55
1 56
1 59
1 61
1 63
1 64
1 65
1 66
1 68
1 69
1 70
1 71
1 72
1 73
1 74
1 77
1 79
1 80
1 83
1 84
1 91
1 93
1 94
1 95
1 99
1 101
1 105
1 106
1 107
1 109
1 113
1 114
1 115
1 116
1 117
1 118
1 125
1 129
1 131
1 134
1 138
1 139
1 142
1 143
1 145
1 149
1 151
1 152
1 153
1 157
1 158
2 7
2 8
2 9
2 13
2 14
2 19
2 21
2 26
2 31
2 32
2 36
2 38
2 49
2 51
2 54
2 55
2 59
2 64
2 67
2 69
2 70
2 72
2 77
2 84
2 85
2 94
2 101
2 102
2 105
2 106
2 113
2 114
2 117
2 126
2 130
2 131
2 133
2 134
2 145
2 150
2 158
3 4
3 6
3 7
3 9
3 12
3 13
3 15
3 19
3 21
3 22
3 25
3 30
3 35
3 40
3 42
3 44
3 45
3 46
3 50
3 51
3 53
3 54
3 58
3 64
3 65
3 66
3 67
3 69
3 70
3 72
3 75
3 79
3 85
3 86
3 88
3 92
3 97
3 100
3 101
3 102
3 106
3 108
3 109
3 110
3 114
3 117
3 118
3 125
3 131
3 132
3 133
3 134
3 135
3 137
3 138
3 145
3 149
3 151
3 152
3 154
3 157
3 158
3 160
4 5
4 7
4 9
4 11
4 12
4 13
4 14
4 16
4 18
4 19
4 23
4 24
4 25
4 26
4 27
4 28
4 29
4 30
4 32
4 35
4 36
4 37
4 38
4 40
4 42
4 43
4 44
4 45
4 46
4 48
4 50
4 51
4 52
4 53
4 54
4 55
4 56
4 58
4 59
4 61
4 62
4 63
4 64
4 65
4 66
4 67
4 68
4 69
4 70
4 71
4 72
4 73
4 74
4 76
4 77
4 79
4 81
4 82
4 83
4 84
4 86
4 87
4 89
4 91
4 92
4 93
4 94
4 95
4 96
4 97
4 98
4 99
4 100
4 101
4 102
4 103
4 104
4 105
4 106
4 107
4 108
4 109
4 110
4 112
4 114
4 115
4 116
4 117
4 118
4 119
4 125
4 127
4 129
4 130
4 131
4 132
4 133
4 134
4 135
4 136
4 138
4 140
4 141
4 142
4 143
4 145
4 146
4 147
4 148
4 149
4 150
4 151
4 152
4 154
4 155
4 157
4 158
4 159
4 160
4 161
5 11
5 16
5 19
5 31
5 34
5 35
5 36
5 40
5 42
5 52
5 54
5 56
5 58
5 59
5 65
5 68
5 70
5 72
5 73
5 74
5 77
5 79
5 81
5 94
5 95
5 103
5 105
5 108
5 109
5 131
5 138
5 146
5 147
5 154
5 155
5 157
5 158
5 160
6 7
6 8
6 9
6 10
6 11
6 13
6 14
6 16
6 17
6 19
6 20
6 21
6 23
6 24
6 25
6 28
6 29
6 30
6 31
6 32
6 34
6 35
6 36
6 37
6 38
6 39
6 43
6 44
6 45
6 46
6 47
6 49
6 50
6 51
6 52
6 53
6 54
6 59
6 62
6 63
6 64
6 66
6 68
6 69
6 70
6 71
6 72
6 73
6 74
6 75
6 76
6 77
6 79
6 80
6 82
6 83
6 84
6 85
6 86
6 88
6 89
6 90
6 94
6 95
6 96
6 97
6 98
6 99
6 100
6 101
6 104
6 105
6 106
6 107
6 108
6 111
6 112
6 113
6 114
6 115
6 117
6 118
6 120
6 122
6 126
6 127
6 129
6 130
6 131
6 133
6 135
6 137
6 138
6 139
6 141
6 143
6 145
6 146
6 147
6 149
6 150
6 151
6 152
6 153
6 154
6 155
6 157
6 158
6 159
6 161
7 9
7 10
7 12
7 13
7 15
7 16
7 17
7 18
7 19
7 20
7 21
7 23
7 24
7 25
7 26
7 29
7 30
7 31
7 32
7 33
7 34
7 35
7 36
7 37
7 38
7 41
7 43
7 46
7 49
7 50
7 51
7 52
7 53
7 54
7 55
7 56
7 57
7 58
7 59
7 60
7 61
7 62
7 63
7 64
7 65
7 66
7 67
7 68
7 69
7 70
7 71
7 73
7 74
7 75
7 77
7 78
7 79
7 81
7 83
7 84
7 85
7 86
7 87
7 89
7 90
7 91
7 94
7 95
7 96
7 97
7 100
7 101
7 103
7 105
7 106
7 107
7 108
7 109
7 110
7 113
7 114
7 115
7 116
7 117
7 118
7 125
7 126
7 128
7 131
7 133
7 134
7 136
7 137
7 138
7 139
7 141
7 142
7 143
7 145
7 146
7 147
7 148
7 149
7 150
7 151
7 152
7 154
7 155
7 157
7 161
8 11
8 14
8 18
8 19
8 21
8 24
8 26
8 28
8 30
8 32
8 34
8 35
8 36
8 37
8 38
8 45
8 47
8 50
8 51
8 56
8 58
8 59
8 62
8 63
8 64
8 65
8 67
8 68
8 69
8 71
8 72
8 74
8 75
8 77
8 83
8 84
8 86
8 93
8 94
8 97
8 102
8 103
8 105
8 109
8 113
8 118
8 126
8 128
8 129
8 137
8 138
8 139
8 141
8 143
8 147
8 150
8 151
8 154
8 158
8 161
9 10
9 12
9 14
9 15
9 18
9 21
9 22
9 23
9 25
9 26
9 28
9 30
9 31
9 35
9 36
9 37
9 40
9 42
9 43
9 44
9 49
9 51
9 54
9 55
9 56
9 58
9 59
9 62
9 64
9 68
9 69
9 70
9 71
9 72
9 74
9 77
9 79
9 81
9 82
9 85
9 89
9 92
9 94
9 97
9 99
9 100
9 101
9 102
9 103
9 106
9 108
9 111
9 112
9 113
9 115
9 117
9 118
9 119
9 125
9 128
9 129
9 131
9 133
9 134
9 137
9 138
9 139
9 141
9 142
9 145
9 146
9 147
9 149
9 151
9 152
9 153
9 156
9 157
9 158
9 159
9 160
10 11
10 12
10 14
10 16
10 18
10 19
10 21
10 22
10 24
10 25
10 26
10 27
10 29
10 31
10 33
10 34
10 36
10 38
10 40
10 42
10 43
10 44
10 46
10 50
10 51
10 53
10 54
10 56
10 58
10 63
10 65
10 66
10 67
10 68
10 70
10 71
10 72
10 73
10 74
10 76
10 77
10 79
10 81
10 82
10 85
10 86
10 87
10 91
10 94
10 100
10 102
10 106
10 107
10 108
10 109
10 114
10 117
10 118
10 123
10 124
10 125
10 127
10 129
10 131
10 133
10 134
10 137
10 138
10 142
10 145
10 146
10 147
10 149
10 150
10 151
10 152
10 154
10 158
10 159
11 13
11 14
11 16
11 18
11 19
11 20
11 22
11 23
11 26
11 28
11 30
11 31
11 32
11 35
11 36
11 37
11 38
11 39
11 40
11 42
11 44
11 45
11 46
11 49
11 50
11 51
11 52
11 54
11 55
11 56
11 57
11 59
11 63
11 64
11 65
11 66
11 67
11 69
11 72
11 74
11 76
11 77
11 79
11 80
11 82
11 84
11 85
11 87
11 89
11 90
11 91
11 93
11 94
11 96
11 97
11 98
11 99
11 100
11 101
11 102
11 103
11 105
11 106
11 107
11 108
11 109
11 112
11 113
11 114
11 115
11 117
11 118
11 125
11 126
11 129
11 130
11 131
11 132
11 133
11 134
11 136
11 137
11 140
11 142
11 143
11 145
11 146
11 147
11 148
11 149
11 150
11 151
11 152
11 153
11 154
11 157
11 158
11 159
11 160
11 161
12 20
12 24
12 31
12 36
12 37
12 40
12 42
12 44
12 46
12 48
12 51
12 53
12 54
12 56
12 64
12 67
12 68
12 69
12 70
12 71
12 73
12 74
12 76
12 77
12 87
12 89
12 90
12 91
12 93
12 94
12 95
12 96
12 99
12 101
12 105
12 106
12 108
12 109
12 110
12 112
12 113
12 114
12 115
12 116
12 118
12 119
12 122
12 126
12 131
12 133
12 134
12 138
12 142
12 143
12 147
12 149
12 152
12 159
12 161
13 18
13 24
13 26
13 30
13 32
13 35
13 38
13 39
13 40
13 45
13 49
13 50
13 54
13 56
13 58
13 65
13 67
13 68
13 69
13 71
13 72
13 73
13 75
13 82
13 87
13 88
13 89
13 92
13 94
13 97
13 98
13 99
13 101
13 105
13 106
13 107
13 109
13 112
13 113
13 114
13 115
13 117
13 118
13 125
13 126
13 127
13 129
13 131
13 133
13 134
13 137
13 138
13 139
13 144
13 147
13 148
13 152
13 153
13 154
13 155
13 157
13 158
14 15
14 19
14 20
14 21
14 22
14 24
14 25
14 26
14 30
14 31
14 32
14 33
14 34
14 35
14 36
14 37
14 38
14 40
14 43
14 44
14 45
14 46
14 48
14 49
14 50
14 51
14 52
14 53
14 54
14 56
14 57
14 58
14 59
14 61
14 62
14 63
14 64
14 65
14 66
14 68
14 69
14 70
14 71
14 74
14 75
14 80
14 81
14 82
14 84
14 87
14 88
14 89
14 90
14 91
14 93
14 94
14 97
14 98
14 99
14 101
14 102
14 103
14 105
14 106
14 107
14 108
14 109
14 110
14 111
14 112
14 114
14 115
14 116
14 117
14 118
14 121
14 124
14 125
14 126
14 127
14 129
14 130
14 131
14 132
14 133
14 134
14 135
14 137
14 138
14 140
14 141
14 142
14 144
14 145
14 146
14 147
14 148
14 150
14 151
14 152
14 153
14 154
14 157
14 158
14 159
14 161
15 18
15 19
15 20
15 21
15 26
15 31
15 36
15 40
15 43
15 46
15 47
15 49
15 50
15 51
15 54
15 56
15 62
15 65
15 66
15 67
15 68
15 69
15 77
15 79
15 83
15 87
15 89
15 91
15 92
15 94
15 96
15 97
15 100
15 101
15 102
15 105
15 106
15 108
15 110
15 111
15 112
15 113
15 116
15 117
15 118
15 121
15 125
15 129
15 131
15 138
15 142
15 147
15 151
15 153
15 158
15 159
15 161
16 21
16 22
16 25
16 30
16 34
16 40
16 41
16 43
16 44
16 46
16 50
16 53
16 55
16 56
16 59
16 61
16 66
16 67
16 69
16 70
16 73
16 74
16 79
16 80
16 86
16 89
16 91
16 98
16 101
16 102
16 105
16 108
16 109
16 112
16 113
16 114
16 117
16 118
16 124
16 127
16 128
16 129
16 132
16 137
16 138
16 142
16 143
16 145
16 147
16 150
16 151
16 152
16 153
16 154
16 158
16 160
16 161
17 21
17 26
17 38
17 39
17 44
17 48
17 54
17 71
17 72
17 73
17 75
17 77
17 89
17 93
17 101
17 112
17 116
17 118
17 134
17 137
17 138
17 141
17 153
18 19
18 21
18 24
18 26
18 29
18 30
18 31
18 35
18 36
18 37
18 38
18 39
18 41
18 43
18 44
18 45
18 46
18 48
18 49
18 51
18 52
18 53
18 54
18 56
18 57
18 59
18 60
18 62
18 63
18 64
18 67
18 68
18 70
18 71
18 72
18 73
18 76
18 77
18 79
18 82
18 83
18 86
18 87
18 89
18 92
18 97
18 99
18 101
18 102
18 108
18 109
18 112
18 114
18 115
18 116
18 118
18 124
18 125
18 126
18 128
18 129
18 130
18 131
18 133
18 134
18 137
18 138
18 141
18 142
18 143
18 145
18 147
18 152
18 153
18 156
18 158
18 160
18 161
19 20
19 21
19 24
19 25
19 26
19 28
19 30
19 31
19 32
19 34
19 35
19 36
19 37
19 38
19 39
19 40
19 42
19 43
19 44
19 45
19 46
19 47
19 48
19 49
19 51
19 52
19 54
19 55
19 56
19 57
19 58
19 60
19 61
19 63
19 64
19 65
19 66
19 67
19 68
19 69
19 70
19 71
19 72
19 73
19 74
19 75
19 79
19 80
19 83
19 84
19 85
19 86
19 87
19 88
19 89
19 90
19 94
19 95
19 96
19 97
19 98
19 99
19 100
19 101
19 102
19 103
19 104
19 105
19 106
19 107
19 108
19 109
19 110
19 112
19 113
19 114
19 115
19 117
19 118
19 119
19 122
19 123
19 125
19 126
19 127
19 128
19 129
19 130
19 133
19 134
19 135
19 137
19 138
19 139
19 140
19 141
19 143
19 145
19 147
19 148
19 149
19 150
19 151
19 152
19 154
19 155
19 156
19 157
19 158
19 160
20 21
20 36
20 37
20 41
20 45
20 49
20 51
20 54
20 56
20 66
20 67
20 68
20 69
20 74
20 81
20 87
20 89
20 97
20 100
20 101
20 102
20 105
20 106
20 108
20 111
20 112
20 120
20 121
20 127
20 130
20 131
20 133
20 135
20 136
20 139
20 142
20 146
20 147
20 149
20 150
20 151
20 152
20 154
20 157
20 158
21 22
21 23
21 24
21 26
21 27
21 28
21 30
21 31
21 32
21 33
21 34
21 35
21 37
21 38
21 39
21 42
21 43
21 45
21 48
21 50
21 51
21 53
21 54
21 55
21 56
21 57
21 60
21 61
21 63
21 64
21 65
21 66
21 67
21 68
21 69
21 70
21 71
21 72
21 73
21 77
21 79
21 81
21 82
21 83
21 84
21 85
21 86
21 87
21 89
21 93
21 94
21 95
21 97
21 98
21 99
21 101
21 102
21 103
21 104
21 108
21 109
21 110
21 113
21 114
21 115
21 116
21 118
21 120
21 125
21 126
21 127
21 128
21 129
21 130
21 131
21 133
21 134
21 135
21 137
21 138
21 139
21 140
21 142
21 143
21 145
21 146
21 147
21 150
21 151
21 152
21 153
21 157
21 158
21 160
22 26
22 29
22 31
22 32
22 34
22 36
22 40
22 43
22 45
22 49
22 51
22 52
22 58
22 65
22 66
22 68
22 69
22 71
22 72
22 74
22 75
22 76
22 82
22 84
22 89
22 92
22 94
22 97
22 100
22 101
22 103
22 107
22 111
22 112
22 115
22 117
22 118
22 125
22 129
22 131
22 137
22 138
22 142
22 147
22 149
22 150
22 152
22 158
22 160
23 26
23 29
23 30
23 32
23 40
23 45
23 49
23 50
23 51
23 52
23 54
23 56
23 58
23 60
23 63
23 64
23 69
23 70
23 71
23 73
23 87
23 88
23 89
23 92
23 93
23 97
23 99
23 102
23 106
23 112
23 114
23 115
23 118
23 121
23 122
23 130
23 131
23 132
23 133
23 135
23 137
23 141
23 142
23 151
23 153
23 154
23 156
23 158
23 160
24 35
24 40
24 48
24 49
24 51
24 52
24 54
24 55
24 56
24 57
24 59
24 67
24 68
24 72
24 73
24 75
24 78
24 84
24 86
24 89
24 97
24 99
24 101
24 102
24 105
24 106
24 108
24 109
24 110
24 111
24 114
24 115
24 118
24 120
24 125
24 126
24 130
24 131
24 133
24 135
24 137
24 142
24 147
24 152
24 153
24 157
24 158
24 159
25 26
25 28
25 32
25 33
25 34
25 35
25 38
25 39
25 40
25 41
25 44
25 45
25 46
25 49
25 50
25 51
25 53
25 54
25 55
25 58
25 59
25 62
25 64
25 65
25 68
25 69
25 70
25 71
25 74
25 75
25 76
25 77
25 79
25 84
25 88
25 89
25 93
25 94
25 95
25 98
25 99
25 100
25 101
25 102
25 104
25 105
25 106
25 107
25 108
25 109
25 112
25 113
25 114
25 115
25 116
25 117
25 118
25 122
25 125
25 129
25 131
25 132
25 133
25 134
25 135
25 137
25 138
25 139
25 141
25 142
25 144
25 145
25 146
25 147
25 150
25 151
25 152
25 153
25 154
25 156
25 157
25 160
25 161
26 27
26 29
26 30
26 31
26 32
26 34
26 35
26 37
26 38
26 39
26 40
26 41
26 43
26 46
26 47
26 48
26 49
26 50
26 51
26 53
26 54
26 58
26 59
26 60
26 61
26 63
26 64
26 65
26 66
26 67
26 68
26 69
26 70
26 71
26 72
26 73
26 74
26 76
26 77
26 79
26 80
26 81
26 82
26 83
26 84
26 85
26 86
26 87
26 88
26 89
26 90
26 91
26 93
26 94
26 95
26 96
26 100
26 101
26 105
26 106
26 107
26 108
26 109
26 110
26 112
26 113
26 114
26 115
26 116
26 118
26 119
26 120
26 122
26 124
26 125
26 126
26 127
26 128
26 129
26 131
26 134
26 135
26 136
26 137
26 138
26 139
26 140
26 141
26 142
26 143
26 145
26 146
26 147
26 148
26 149
26 151
26 154
26 155
26 156
26 157
26 158
26 160
26 161
27 31
27 38
27 45
27 51
27 65
27 67
27 68
27 71
27 72
27 75
27 84
27 94
27 98
27 100
27 101
27 106
27 110
27 117
27 131
27 133
27 136
27 147
27 152
27 156
27 157
27 159
27 161
28 30
28 31
28 32
28 33
28 34
28 35
28 40
28 45
28 46
28 49
28 51
28 53
28 54
28 59
28 61
28 63
28 67
28 68
28 70
28 73
28 74
28 79
28 84
28 85
28 89
28 90
28 94
28 100
28 101
28 102
28 105
28 106
28 108
28 109
28 112
28 115
28 116
28 118
28 129
28 131
28 133
28 134
28 136
28 138
28 139
28 141
28 142
28 143
28 146
28 147
28 150
28 151
28 153
28 154
28 157
28 158
29 31
29 35
29 51
29 54
29 56
29 57
29 63
29 64
29 65
29 67
29 70
29 75
29 77
29 79
29 81
29 82
29 84
29 85
29 88
29 89
29 91
29 97
29 100
29 101
29 102
29 103
29 105
29 108
29 111
29 112
29 114
29 115
29 116
29 125
29 127
29 130
29 131
29 133
29 135
29 145
29 147
29 150
29 152
29 153
29 154
29 157
29 160
30 31
30 32
30 34
30 36
30 38
30 40
30 43
30 45
30 46
30 48
30 49
30 50
30 51
30 53
30 54
30 55
30 56
30 59
30 61
30 63
30 64
30 65
30 67
30 68
30 69
30 70
30 71
30 72
30 73
30 74
30 75
30 77
30 79
30 83
30 87
30 88
30 89
30 91
30 94
30 95
30 97
30 99
30 100
30 101
30 102
30 103
30 104
30 105
30 106
30 107
30 109
30 111
30 114
30 116
30 117
30 118
30 119
30 120
30 125
30 129
30 131
30 133
30 134
30 135
30 136
30 138
30 139
30 142
30 143
30 145
30 146
30 147
30 150
30 151
30 152
30 153
30 154
30 158
30 159
30 160
30 161
31 32
31 35
31 36
31 38
31 39
31 40
31 42
31 44
31 47
31 48
31 49
31 50
31 51
31 52
31 53
31 54
31 55
31 56
31 57
31 61
31 62
31 63
31 64
31 65
31 66
31 67
31 68
31 69
31 71
31 72
31 73
31 74
31 75
31 76
31 77
31 79
31 80
31 84
31 85
31 86
31 87
31 88
31 89
31 91
31 92
31 93
31 94
31 97
31 98
31 99
31 101
31 103
31 105
31 106
31 107
31 108
31 109
31 110
31 112
31 114
31 115
31 117
31 118
31 119
31 123
31 125
31 126
31 128
31 129
31 131
31 135
31 136
31 137
31 138
31 139
31 142
31 143
31 144
31 145
31 147
31 150
31 151
31 152
31 154
31 155
31 157
31 158
31 159
31 160
31 161
32 34
32 35
32 37
32 38
32 40
32 41
32 43
32 44
32 45
32 46
32 47
32 49
32 50
32 51
32 52
32 53
32 54
32 56
32 59
32 61
32 62
32 63
32 64
32 65
32 66
32 67
32 68
32 69
32 70
32 73
32 74
32 76
32 77
32 81
32 82
32 84
32 85
32 86
32 87
32 89
32 93
32 94
32 95
32 97
32 98
32 99
32 100
32 101
32 102
32 103
32 104
32 105
32 106
32 107
32 108
32 109
32 111
32 112
32 114
32 115
32 116
32 117
32 118
32 122
32 124
32 127
32 128
32 129
32 131
32 133
32 134
32 135
32 136
32 138
32 139
32 141
32 142
32 143
32 147
32 149
32 150
32 151
32 152
32 154
32 155
32 158
32 161
33 35
33 39
33 45
33 49
33 55
33 56
33 57
33 64
33 66
33 67
33 69
33 72
33 73
33 74
33 77
33 79
33 88
33 89
33 91
33 99
33 101
33 102
33 103
33 113
33 116
33 117
33 124
33 131
33 134
33 136
33 138
33 142
33 143
33 146
33 151
33 152
33 153
33 154
33 155
33 156
33 158
33 161
34 37
34 39
34 40
34 43
34 44
34 45
34 50
34 51
34 52
34 55
34 56
34 58
34 59
34 63
34 65
34 68
34 70
34 73
34 74
34 76
34 79
34 81
34 82
34 83
34 84
34 87
34 89
34 94
34 97
34 98
34 101
34 104
34 105
34 106
34 107
34 108
34 112
34 113
34 117
34 118
34 122
34 125
34 129
34 130
34 134
34 137
34 138
34 139
34 140
34 141
34 146
34 147
34 148
34 151
34 152
34 154
34 157
34 161
35 37
35 38
35 40
35 41
35 43
35 45
35 48
35 49
35 51
35 53
35 54
35 55
35 56
35 57
35 58
35 64
35 65
35 66
35 67
35 68
35 69
35 70
35 71
35 72
35 73
35 74
35 75
35 76
35 79
35 80
35 81
35 82
35 83
35 84
35 85
35 87
35 88
35 89
35 90
35 93
35 97
35 101
35 102
35 103
35 106
35 108
35 109
35 113
35 114
35 115
35 117
35 122
35 126
35 127
35 129
35 130
35 131
35 133
35 135
35 136
35 137
35 138
35 139
35 140
35 142
35 145
35 146
35 147
35 148
35 149
35 151
35 152
35 154
35 155
35 157
35 158
35 159
35 160
35 161
36 37
36 39
36 40
36 41
36 42
36 44
36 45
36 48
36 49
36 50
36 51
36 52
36 54
36 55
36 56
36 57
36 58
36 59
36 62
36 63
36 64
36 65
36 67
36 68
36 69
36 70
36 72
36 73
36 74
36 75
36 76
36 77
36 79
36 80
36 82
36 84
36 85
36 87
36 91
36 95
36 96
36 97
36 101
36 102
36 105
36 108
36 109
36 111
36 113
36 114
36 117
36 118
36 119
36 122
36 125
36 128
36 129
36 131
36 132
36 133
36 134
36 136
36 138
36 139
36 141
36 146
36 147
36 149
36 150
36 151
36 152
36 154
36 156
36 157
36 158
36 159
36 160
36 161
37 40
37 45
37 49
37 50
37 54
37 55
37 58
37 63
37 64
37 66
37 68
37 69
37 70
37 72
37 73
37 74
37 75
37 77
37 79
37 80
37 83
37 84
37 85
37 89
37 90
37 91
37 93
37 94
37 97
37 99
37 102
37 103
37 105
37 106
37 108
37 109
37 111
37 113
37 115
37 117
37 120
37 123
37 128
37 129
37 130
37 131
37 133
37 134
37 137
37 138
37 139
37 140
37 142
37 143
37 146
37 149
37 151
37 152
37 154
37 157
37 158
37 160
38 39
38 40
38 42
38 43
38 44
38 45
38 46
38 49
38 50
38 51
38 52
38 53
38 54
38 55
38 56
38 57
38 58
38 59
38 61
38 63
38 64
38 65
38 67
38 68
38 69
38 71
38 74
38 75
38 77
38 78
38 79
38 81
38 83
38 84
38 86
38 87
38 88
38 89
38 92
38 93
38 94
38 97
38 98
38 101
38 102
38 103
38 105
38 106
38 107
38 108
38 109
38 111
38 112
38 113
38 114
38 115
38 116
38 118
38 126
38 127
38 129
38 130
38 131
38 133
38 134
38 135
38 136
38 138
38 139
38 140
38 141
38 144
38 145
38 147
38 150
38 151
38 152
38 153
38 154
38 157
38 158
38 160
38 161
39 43
39 44
39 45
39 49
39 52
39 53
39 54
39 56
39 58
39 64
39 65
39 67
39 68
39 70
39 71
39 72
39 74
39 75
39 80
39 84
39 85
39 88
39 89
39 90
39 91
39 93
39 96
39 97
39 101
39 102
39 105
39 106
39 114
39 117
39 118
39 119
39 125
39 127
39 131
39 133
39 134
39 135
39 136
39 138
39 139
39 141
39 143
39 144
39 146
39 150
39 154
39 158
39 159
40 42
40 43
40 44
40 45
40 46
40 48
40 49
40 50
40 51
40 52
40 54
40 55
40 56
40 57
40 58
40 59
40 61
40 63
40 64
40 65
40 66
40 67
40 69
40 70
40 72
40 73
40 74
40 75
40 77
40 79
40 80
40 82
40 83
40 84
40 86
40 87
40 89
40 90
40 94
40 96
40 98
40 99
40 100
40 101
40 102
40 105
40 109
40 110
40 112
40 113
40 114
40 115
40 116
40 117
40 118
40 122
40 125
40 126
40 127
40 128
40 129
40 131
40 133
40 136
40 137
40 138
40 139
40 141
40 142
40 143
40 145
40 146
40 147
40 148
40 149
40 150
40 151
40 152
40 155
40 158
40 159
40 161
41 45
41 49
41 51
41 56
41 61
41 64
41 65
41 69
41 70
41 73
41 74
41 76
41 92
41 101
41 103
41 105
41 113
41 115
41 125
41 127
41 128
41 130
41 131
41 136
41 138
41 151
41 154
41 157
42 43
42 45
42 50
42 51
42 54
42 56
42 58
42 59
42 62
42 68
42 70
42 72
42 74
42 79
42 80
42 83
42 84
42 86
42 87
42 89
42 91
42 93
42 94
42 97
42 101
42 102
42 103
42 104
42 105
42 106
42 109
42 112
42 114
42 115
42 116
42 117
42 118
42 121
42 124
42 125
42 126
42 129
42 130
42 135
42 136
42 137
42 138
42 142
42 146
42 147
42 149
42 151
42 152
42 155
42 157
42 159
42 161
43 44
43 49
43 56
43 59
43 63
43 64
43 65
43 67
43 70
43 72
43 73
43 74
43 75
43 76
43 77
43 80
43 81
43 83
43 84
43 86
43 89
43 92
43 93
43 97
43 98
43 100
43 104
43 105
43 106
43 107
43 108
43 111
43 112
43 113
43 115
43 116
43 118
43 120
43 125
43 126
43 128
43 129
43 130
43 131
43 133
43 134
43 137
43 138
43 139
43 141
43 143
43 146
43 148
43 149
43 151
43 152
43 153
43 157
43 158
43 159
44 48
44 49
44 51
44 52
44 53
44 54
44 55
44 57
44 58
44 62
44 63
44 64
44 66
44 67
44 68
44 71
44 72
44 73
44 74
44 75
44 76
44 79
44 80
44 82
44 83
44 86
44 87
44 88
44 89
44 93
44 94
44 97
44 99
44 100
44 101
44 102
44 105
44 106
44 107
44 108
44 112
44 114
44 115
44 117
44 118
44 120
44 127
44 129
44 131
44 133
44 134
44 135
44 137
44 140
44 141
44 144
44 145
44 147
44 148
44 150
44 151
44 152
44 153
44 154
44 155
44 158
44 159
44 160
45 47
45 48
45 49
45 50
45 51
45 52
45 54
45 55
45 56
45 58
45 59
45 62
45 64
45 65
45 66
45 67
45 68
45 69
45 72
45 74
45 75
45 76
45 77
45 80
45 82
45 83
45 84
45 86
45 87
45 88
45 89
45 93
45 94
45 96
45 97
45 101
45 102
45 104
45 105
45 106
45 107
45 108
45 109
45 112
45 113
45 114
45 115
45 118
45 125
45 127
45 128
45 131
45 137
45 139
45 142
45 145
45 146
45 148
45 149
45 150
45 151
45 152
45 153
45 154
45 157
45 158
45 159
45 160
46 47
46 48
46 49
46 51
46 52
46 55
46 58
46 59
46 64
46 66
46 68
46 69
46 70
46 71
46 72
46 74
46 77
46 79
46 80
46 83
46 85
46 91
46 92
46 93
46 94
46 95
46 99
46 101
46 102
46 103
46 105
46 106
46 108
46 109
46 110
46 112
46 113
46 114
46 115
46 116
46 117
46 118
46 125
46 129
46 134
46 137
46 141
46 142
46 146
46 147
46 150
46 152
46 153
46 154
46 156
46 160
46 161
47 51
47 59
47 65
47 68
47 74
47 76
47 79
47 86
47 92
47 95
47 97
47 102
47 108
47 109
47 111
47 117
47 127
47 129
47 130
47 131
47 138
47 142
47 147
47 151
47 152
47 153
48 49
48 50
48 51
48 52
48 55
48 56
48 62
48 65
48 68
48 70
48 74
48 77
48 80
48 86
48 92
48 94
48 99
48 109
48 112
48 115
48 116
48 134
48 137
48 143
48 146
48 153
48 159
48 161
49 50
49 51
49 53
49 54
49 55
49 56
49 58
49 59
49 60
49 61
49 62
49 63
49 64
49 65
49 66
49 68
49 69
49 70
49 71
49 72
49 74
49 76
49 77
49 78
49 79
49 80
49 82
49 83
49 84
49 86
49 87
49 88
49 89
49 90
49 92
49 93
49 94
49 95
49 97
49 98
49 99
49 100
49 102
49 105
49 106
49 107
49 108
49 109
49 111
49 112
49 113
49 114
49 115
49 116
49 117
49 118
49 125
49 126
49 127
49 128
49 129
49 130
49 131
49 133
49 134
49 136
49 137
49 138
49 139
49 140
49 145
49 147
49 148
49 150
49 151
49 152
49 153
49 154
49 157
49 158
49 159
49 160
49 161
50 51
50 54
50 55
50 56
50 59
50 60
50 66
50 67
50 68
50 70
50 71
50 72
50 73
50 78
50 79
50 80
50 81
50 83
50 84
50 89
50 92
50 93
50 94
50 95
50 101
50 103
50 111
50 113
50 114
50 115
50 117
50 118
50 121
50 122
50 124
50 127
50 129
50 131
50 133
50 135
50 136
50 137
50 139
50 140
50 142
50 143
50 146
50 147
50 149
50 150
50 152
50 154
50 155
50 158
50 159
50 161
51 52
51 53
51 54
51 55
51 56
51 58
51 59
51 62
51 63
51 64
51 65
51 66
51 67
51 68
51 70
51 71
51 73
51 74
51 75
51 76
51 78
51 79
51 80
51 83
51 84
51 87
51 89
51 90
51 91
51 93
51 95
51 96
51 97
51 98
51 99
51 101
51 102
51 105
51 106
51 107
51 108
51 109
51 112
51 113
51 114
51 115
51 117
51 118
51 119
51 120
51 121
51 125
51 126
51 131
51 132
51 133
51 134
51 136
51 137
51 138
51 139
51 141
51 142
51 143
51 145
51 146
51 147
51 149
51 150
51 151
51 152
51 153
51 155
51 156
51 157
51 158
51 159
51 160
51 161
52 54
52 55
52 64
52 65
52 66
52 68
52 69
52 71
52 72
52 73
52 74
52 77
52 78
52 82
52 84
52 86
52 87
52 88
52 89
52 94
52 97
52 98
52 100
52 101
52 102
52 103
52 105
52 106
52 107
52 108
52 109
52 112
52 113
52 114
52 115
52 118
52 121
52 124
52 125
52 126
52 131
52 133
52 134
52 135
52 137
52 138
52 141
52 142
52 143
52 145
52 146
52 147
52 149
52 151
52 152
52 153
52 154
52 156
52 159
53 56
53 57
53 59
53 64
53 67
53 70
53 72
53 74
53 77
53 79
53 82
53 83
53 84
53 86
53 87
53 93
53 94
53 95
53 98
53 99
53 100
53 102
53 108
53 109
53 113
53 115
53 118
53 125
53 131
53 134
53 135
53 136
53 147
53 148
53 150
53 151
53 152
53 154
53 157
53 159
54 55
54 56
54 57
54 58
54 59
54 61
54 64
54 66
54 67
54 68
54 69
54 70
54 71
54 72
54 73
54 74
54 75
54 76
54 77
54 79
54 80
54 84
54 85
54 86
54 87
54 88
54 89
54 92
54 94
54 95
54 96
54 98
54 99
54 103
54 106
54 108
54 109
54 111
54 114
54 115
54 117
54 118
54 123
54 124
54 125
54 126
54 127
54 128
54 129
54 130
54 131
54 133
54 134
54 136
54 137
54 138
54 139
54 141
54 142
54 143
54 144
54 146
54 147
54 149
54 151
54 152
54 153
54 154
54 155
54 156
54 157
54 158
54 159
54 161
55 62
55 65
55 67
55 68
55 69
55 70
55 71
55 72
55 74
55 75
55 77
55 79
55 80
55 82
55 83
55 85
55 86
55 89
55 90
55 91
55 92
55 94
55 95
55 97
55 99
55 100
55 101
55 102
55 103
55 105
55 106
55 107
55 108
55 110
55 111
55 112
55 113
55 114
55 115
55 116
55 117
55 118
55 119
55 125
55 127
55 129
55 130
55 131
55 133
55 139
55 145
55 146
55 147
55 149
55 152
55 154
55 158
55 159
55 160
56 57
56 58
56 59
56 60
56 62
56 63
56 64
56 65
56 66
56 67
56 68
56 69
56 70
56 71
56 72
56 73
56 74
56 75
56 76
56 77
56 79
56 80
56 84
56 87
56 88
56 89
56 91
56 94
56 97
56 98
56 100
56 101
56 102
56 106
56 107
56 108
56 111
56 113
56 114
56 116
56 117
56 118
56 122
56 125
56 126
56 127
56 130
56 131
56 132
56 133
56 134
56 135
56 136
56 138
56 140
56 141
56 142
56 143
56 144
56 146
56 147
56 148
56 150
56 151
56 152
56 153
56 155
56 158
56 160
56 161
57 66
57 67
57 68
57 69
57 71
57 72
57 81
57 87
57 89
57 97
57 101
57 109
57 114
57 115
57 119
57 125
57 131
57 133
57 137
57 138
57 139
57 144
57 149
57 150
57 151
57 152
57 158
58 63
58 64
58 65
58 66
58 68
58 69
58 70
58 72
58 74
58 75
58 77
58 79
58 83
58 86
58 87
58 88
58 89
58 91
58 93
58 96
58 97
58 98
58 99
58 101
58 104
58 105
58 106
58 108
58 111
58 112
58 113
58 114
58 116
58 117
58 118
58 119
58 121
58 122
58 124
58 125
58 126
58 127
58 129
58 130
58 131
58 133
58 134
58 137
58 138
58 139
58 140
58 141
58 142
58 145
58 147
58 150
58 151
58 152
58 153
58 154
58 155
58 158
58 161
59 63
59 64
59 65
59 67
59 68
59 69
59 71
59 72
59 73
59 83
59 84
59 87
59 89
59 90
59 92
59 93
59 95
59 98
59 99
59 101
59 105
59 106
59 108
59 109
59 112
59 114
59 117
59 118
59 119
59 120
59 125
59 127
59 128
59 131
59 133
59 138
59 141
59 142
59 146
59 150
59 151
59 155
59 159
59 160
59 161
60 65
60 66
60 67
60 79
60 80
60 89
60 101
60 105
60 106
60 114
60 133
60 142
60 148
60 150
60 151
60 157
60 158
61 62
61 66
61 67
61 69
61 72
61 73
61 77
61 82
61 84
61 87
61 88
61 92
61 94
61 95
61 101
61 102
61 104
61 105
61 106
61 108
61 111
61 113
61 115
61 118
61 124
61 125
61 127
61 128
61 129
61 130
61 131
61 133
61 135
61 137
61 138
61 139
61 141
61 147
61 149
61 150
61 151
61 154
61 159
61 160
61 161
62 65
62 67
62 68
62 70
62 71
62 79
62 81
62 84
62 87
62 89
62 91
62 93
62 102
62 105
62 110
62 111
62 114
62 117
62 129
62 131
62 138
62 141
62 142
62 148
62 149
62 151
62 152
62 153
62 158
62 159
63 64
63 65
63 66
63 67
63 68
63 69
63 70
63 71
63 74
63 75
63 76
63 77
63 79
63 82
63 84
63 86
63 87
63 88
63 89
63 94
63 95
63 96
63 97
63 99
63 101
63 102
63 103
63 106
63 108
63 110
63 112
63 113
63 115
63 116
63 117
63 118
63 119
63 121
63 122
63 125
63 126
63 127
63 128
63 129
63 130
63 132
63 133
63 135
63 136
63 137
63 138
63 141
63 142
63 143
63 145
63 146
63 147
63 148
63 150
63 151
63 152
63 154
63 155
63 156
63 158
63 159
63 160
63 161
64 65
64 66
64 67
64 68
64 69
64 70
64 71
64 72
64 73
64 75
64 77
64 78
64 79
64 81
64 82
64 83
64 84
64 86
64 87
64 88
64 89
64 91
64 92
64 93
64 94
64 97
64 98
64 99
64 101
64 102
64 103
64 106
64 107
64 108
64 109
64 113
64 114
64 115
64 117
64 118
64 119
64 120
64 121
64 123
64 125
64 126
64 127
64 128
64 129
64 130
64 131
64 133
64 134
64 137
64 138
64 139
64 140
64 142
64 145
64 146
64 147
64 149
64 150
64 151
64 152
64 153
64 154
64 155
64 157
64 158
64 161
65 66
65 67
65 68
65 69
65 70
65 71
65 72
65 73
65 74
65 76
65 77
65 79
65 80
65 81
65 82
65 83
65 84
65 85
65 87
65 89
65 91
65 92
65 93
65 94
65 95
65 96
65 97
65 98
65 99
65 101
65 102
65 103
65 105
65 106
65 108
65 112
65 114
65 115
65 116
65 118
65 124
65 125
65 126
65 127
65 128
65 129
65 130
65 131
65 132
65 133
65 135
65 136
65 137
65 141
65 142
65 143
65 146
65 147
65 149
65 150
65 151
65 152
65 153
65 154
65 156
65 157
65 158
65 160
66 67
66 68
66 69
66 72
66 73
66 74
66 77
66 79
66 80
66 82
66 83
66 84
66 88
66 89
66 90
66 91
66 92
66 94
66 97
66 98
66 103
66 105
66 106
66 107
66 108
66 109
66 112
66 113
66 114
66 115
66 116
66 117
66 118
66 125
66 126
66 127
66 129
66 130
66 131
66 133
66 134
66 135
66 136
66 138
66 139
66 141
66 143
66 145
66 150
66 151
66 152
66 154
66 157
66 158
66 160
66 161
67 68
67 69
67 70
67 71
67 72
67 73
67 74
67 75
67 76
67 77
67 79
67 80
67 85
67 86
67 87
67 88
67 89
67 90
67 91
67 94
67 95
67 99
67 100
67 101
67 102
67 104
67 105
67 106
67 108
67 109
67 111
67 112
67 113
67 115
67 116
67 117
67 118
67 123
67 125
67 126
67 127
67 128
67 129
67 130
67 131
67 132
67 133
67 136
67 137
67 138
67 139
67 141
67 142
67 145
67 146
67 150
67 151
67 152
67 153
67 154
67 155
67 157
67 158
67 159
67 161
68 69
68 70
68 72
68 73
68 74
68 75
68 76
68 77
68 78
68 79
68 84
68 85
68 86
68 87
68 88
68 89
68 91
68 92
68 94
68 96
68 97
68 98
68 99
68 100
68 101
68 102
68 103
68 105
68 106
68 107
68 108
68 109
68 110
68 111
68 112
68 113
68 114
68 115
68 116
68 117
68 118
68 119
68 120
68 121
68 124
68 125
68 126
68 127
68 128
68 129
68 130
68 131
68 132
68 133
68 134
68 135
68 138
68 140
68 141
68 142
68 143
68 146
68 147
68 148
68 149
68 150
68 151
68 152
68 153
68 154
68 157
68 158
68 159
68 161
69 70
69 72
69 73
69 74
69 76
69 77
69 78
69 80
69 81
69 83
69 84
69 85
69 86
69 87
69 89
69 90
69 94
69 95
69 97
69 98
69 99
69 101
69 102
69 103
69 105
69 106
69 107
69 108
69 109
69 111
69 112
69 113
69 114
69 115
69 116
69 117
69 118
69 120
69 121
69 122
69 123
69 125
69 127
69 128
69 129
69 133
69 137
69 138
69 139
69 141
69 142
69 143
69 145
69 146
69 147
69 151
69 152
69 157
69 158
69 159
69 160
69 161
70 71
70 72
70 73
70 74
70 75
70 77
70 78
70 79
70 80
70 82
70 83
70 84
70 86
70 87
70 88
70 90
70 91
70 92
70 93
70 95
70 97
70 98
70 99
70 101
70 102
70 104
70 105
70 106
70 108
70 109
70 110
70 111
70 112
70 113
70 114
70 115
70 117
70 118
70 122
70 123
70 125
70 126
70 128
70 131
70 132
70 133
70 134
70 135
70 136
70 138
70 139
70 140
70 141
70 142
70 146
70 147
70 148
70 150
70 151
70 152
70 153
70 154
70 156
70 157
70 158
70 159
70 160
70 161
71 73
71 74
71 76
71 78
71 79
71 81
71 83
71 84
71 85
71 88
71 92
71 94
71 96
71 97
71 98
71 100
71 101
71 103
71 104
71 105
71 106
71 107
71 108
71 109
71 111
71 112
71 113
71 114
71 115
71 117
71 118
71 122
71 124
71 126
71 128
71 130
71 131
71 133
71 134
71 135
71 136
71 137
71 140
71 141
71 142
71 143
71 145
71 146
71 148
71 149
71 150
71 151
71 152
71 153
71 154
71 155
71 156
71 157
71 158
71 161
72 73
72 74
72 76
72 78
72 79
72 80
72 82
72 84
72 85
72 87
72 89
72 90
72 91
72 92
72 93
72 94
72 95
72 97
72 98
72 99
72 101
72 103
72 104
72 106
72 107
72 108
72 109
72 112
72 113
72 115
72 116
72 117
72 118
72 119
72 121
72 122
72 123
72 125
72 126
72 130
72 131
72 133
72 134
72 135
72 137
72 138
72 139
72 141
72 142
72 144
72 145
72 146
72 147
72 149
72 151
72 152
72 153
72 155
72 157
72 158
72 160
72 161
73 74
73 79
73 80
73 81
73 84
73 86
73 87
73 88
73 89
73 92
73 93
73 94
73 95
73 97
73 100
73 103
73 104
73 105
73 107
73 109
73 112
73 113
73 114
73 115
73 116
73 117
73 119
73 120
73 122
73 125
73 126
73 129
73 130
73 131
73 133
73 134
73 135
73 136
73 137
73 138
73 141
73 142
73 144
73 146
73 147
73 149
73 151
73 153
73 154
73 155
73 157
73 158
73 161
74 75
74 76
74 77
74 79
74 80
74 81
74 82
74 83
74 84
74 85
74 86
74 89
74 91
74 93
74 94
74 97
74 100
74 101
74 102
74 103
74 105
74 106
74 107
74 108
74 109
74 110
74 111
74 112
74 115
74 116
74 117
74 118
74 119
74 120
74 122
74 123
74 127
74 128
74 129
74 130
74 131
74 132
74 133
74 134
74 135
74 136
74 137
74 138
74 139
74 140
74 141
74 142
74 143
74 145
74 146
74 147
74 148
74 150
74 151
74 153
74 154
74 155
74 157
74 158
74 159
74 160
74 161
75 77
75 79
75 80
75 84
75 86
75 89
75 92
75 94
75 95
75 97
75 102
75 104
75 105
75 106
75 107
75 108
75 109
75 110
75 112
75 113
75 114
75 115
75 117
75 120
75 121
75 122
75 125
75 126
75 127
75 129
75 130
75 131
75 132
75 133
75 134
75 135
75 137
75 138
75 139
75 141
75 142
75 145
75 147
75 148
75 149
75 151
75 152
75 153
75 154
75 155
75 156
75 157
75 158
75 159
75 160
75 161
76 77
76 93
76 98
76 102
76 103
76 107
76 108
76 109
76 114
76 118
76 126
76 128
76 129
76 132
76 133
76 134
76 137
76 138
76 142
76 145
76 147
76 149
76 153
76 159
76 161
77 79
77 80
77 81
77 82
77 83
77 86
77 87
77 88
77 89
77 92
77 93
77 94
77 96
77 97
77 98
77 99
77 100
77 101
77 102
77 103
77 104
77 105
77 106
77 107
77 108
77 109
77 110
77 111
77 112
77 113
77 114
77 117
77 125
77 127
77 128
77 131
77 133
77 134
77 136
77 137
77 138
77 140
77 141
77 143
77 146
77 147
77 148
77 149
77 150
77 151
77 152
77 153
77 154
77 155
77 157
77 158
77 161
78 79
78 81
78 89
78 94
78 102
78 113
78 115
78 116
78 129
78 130
78 133
78 137
78 138
78 141
78 142
78 145
78 147
78 151
78 158
79 83
79 84
79 88
79 90
79 91
79 92
79 93
79 95
79 98
79 100
79 101
79 102
79 103
79 104
79 105
79 106
79 107
79 108
79 109
79 110
79 111
79 113
79 114
79 115
79 116
79 117
79 118
79 120
79 121
79 124
79 126
79 129
79 130
79 131
79 132
79 133
79 134
79 137
79 138
79 139
79 140
79 141
79 142
79 143
79 145
79 147
79 151
79 152
79 153
79 154
79 155
79 156
79 157
79 158
79 159
80 82
80 87
80 89
80 92
80 93
80 96
80 97
80 105
80 106
80 110
80 112
80 113
80 114
80 116
80 117
80 118
80 121
80 122
80 126
80 130
80 131
80 133
80 134
80 135
80 137
80 138
80 141
80 142
80 145
80 147
80 150
80 152
80 153
80 154
80 155
80 156
80 158
80 160
80 161
81 87
81 88
81 89
81 91
81 108
81 114
81 115
81 117
81 118
81 124
81 128
81 129
81 131
81 133
81 134
81 135
81 136
81 137
81 138
81 142
81 146
81 147
81 152
81 158
82 84
82 89
82 92
82 93
82 97
82 98
82 101
82 102
82 105
82 106
82 108
82 111
82 116
82 117
82 118
82 125
82 126
82 128
82 130
82 133
82 134
82 136
82 137
82 140
82 143
82 147
82 150
82 152
82 155
82 157
82 158
83 89
83 94
83 97
83 102
83 105
83 106
83 107
83 108
83 111
83 112
83 113
83 114
83 115
83 117
83 118
83 125
83 131
83 133
83 134
83 139
83 146
83 147
83 149
83 150
83 152
83 158
83 159
83 161
84 89
84 92
84 93
84 94
84 96
84 97
84 98
84 99
84 100
84 101
84 103
84 105
84 108
84 109
84 110
84 111
84 113
84 115
84 117
84 118
84 119
84 120
84 125
84 126
84 127
84 128
84 129
84 130
84 131
84 133
84 134
84 137
84 138
84 139
84 140
84 142
84 145
84 146
84 148
84 149
84 152
84 153
84 154
84 156
84 159
84 160
84 161
85 91
85 92
85 93
85 101
85 102
85 108
85 111
85 114
85 115
85 117
85 125
85 131
85 134
85 137
85 138
85 141
85 149
85 150
85 151
85 153
85 154
85 158
86 87
86 89
86 91
86 92
86 93
86 95
86 97
86 99
86 101
86 102
86 104
86 105
86 106
86 107
86 108
86 109
86 110
86 111
86 112
86 113
86 114
86 115
86 117
86 118
86 122
86 123
86 129
86 131
86 134
86 135
86 136
86 137
86 138
86 141
86 142
86 146
86 147
86 149
86 150
86 151
86 152
86 154
86 156
86 157
86 158
87 88
87 89
87 96
87 98
87 100
87 101
87 102
87 105
87 106
87 108
87 109
87 110
87 111
87 112
87 113
87 114
87 115
87 116
87 118
87 125
87 127
87 128
87 130
87 133
87 134
87 136
87 137
87 138
87 139
87 140
87 141
87 142
87 145
87 146
87 149
87 150
87 152
87 153
87 155
87 157
87 159
87 161
88 89
88 92
88 94
88 97
88 100
88 102
88 106
88 108
88 112
88 114
88 117
88 118
88 120
88 125
88 126
88 127
88 131
88 134
88 135
88 137
88 138
88 141
88 142
88 146
88 147
88 150
88 152
88 154
88 157
88 158
89 90
89 91
89 93
89 94
89 97
89 99
89 100
89 101
89 102
89 103
89 105
89 107
89 108
89 109
89 111
89 113
89 114
89 115
89 117
89 118
89 120
89 121
89 124
89 125
89 126
89 128
89 129
89 130
89 131
89 134
89 135
89 136
89 137
89 139
89 142
89 143
89 145
89 146
89 147
89 148
89 150
89 151
89 152
89 153
89 154
89 157
89 158
89 159
89 160
90 95
90 101
90 102
90 105
90 109
90 111
90 115
90 117
90 129
90 130
90 135
90 138
90 142
90 146
90 150
90 152
90 153
91 93
91 97
91 99
91 100
91 102
91 103
91 107
91 108
91 113
91 114
91 116
91 118
91 124
91 125
91 127
91 137
91 142
91 146
91 147
91 150
91 151
91 152
91 153
91 154
91 156
91 158
91 159
92 93
92 97
92 100
92 101
92 106
92 108
92 109
92 113
92 114
92 115
92 127
92 130
92 132
92 133
92 137
92 141
92 142
92 145
92 147
92 151
92 152
92 153
92 154
92 155
92 157
92 158
92 159
93 94
93 95
93 96
93 97
93 99
93 100
93 101
93 105
93 106
93 108
93 109
93 111
93 113
93 114
93 115
93 116
93 117
93 118
93 120
93 125
93 128
93 129
93 131
93 134
93 135
93 136
93 137
93 138
93 139
93 140
93 142
93 143
93 146
93 147
93 149
93 150
93 152
93 154
93 155
93 156
93 160
93 161
94 95
94 97
94 99
94 100
94 101
94 104
94 105
94 106
94 107
94 109
94 111
94 112
94 114
94 115
94 116
94 117
94 118
94 120
94 125
94 126
94 128
94 129
94 133
94 134
94 135
94 138
94 139
94 141
94 142
94 143
94 145
94 146
94 147
94 148
94 152
94 154
94 155
94 158
94 159
94 160
94 161
95 102
95 103
95 105
95 106
95 113
95 114
95 115
95 125
95 130
95 131
95 133
95 134
95 135
95 139
95 141
95 142
95 144
95 147
95 150
95 152
95 154
95 157
95 158
95 161
96 101
96 105
96 106
96 107
96 109
96 111
96 112
96 113
96 114
96 130
96 131
96 133
96 136
96 139
96 140
96 142
96 145
96 149
96 150
96 151
96 152
96 158
96 161
97 99
97 101
97 102
97 103
97 104
97 105
97 106
97 107
97 108
97 109
97 111
97 112
97 114
97 115
97 117
97 118
97 126
97 127
97 129
97 131
97 133
97 134
97 136
97 138
97 139
97 142
97 146
97 149
97 150
97 151
97 153
97 154
97 155
97 156
97 157
97 158
97 161
98 100
98 101
98 102
98 103
98 105
98 106
98 113
98 115
98 117
98 118
98 122
98 125
98 126
98 129
98 131
98 134
98 137
98 138
98 139
98 146
98 147
98 151
98 152
98 153
98 154
98 158
99 100
99 101
99 102
99 104
99 106
99 107
99 109
99 110
99 111
99 113
99 115
99 117
99 124
99 126
99 128
99 129
99 130
99 131
99 133
99 134
99 136
99 138
99 139
99 142
99 145
99 146
99 152
99 153
99 154
99 157
99 160
100 101
100 102
100 108
100 109
100 110
100 112
100 113
100 115
100 116
100 117
100 120
100 122
100 125
100 130
100 131
100 134
100 136
100 138
100 139
100 141
100 142
100 146
100 151
100 154
100 155
100 157
101 102
101 103
101 104
101 105
101 106
101 107
101 108
101 111
101 112
101 113
101 114
101 115
101 116
101 117
101 118
101 121
101 124
101 128
101 129
101 130
101 131
101 132
101 133
101 134
101 135
101 136
101 137
101 138
101 139
101 141
101 142
101 143
101 145
101 146
101 147
101 148
101 149
101 151
101 153
101 154
101 157
101 158
101 160
101 161
102 105
102 106
102 107
102 108
102 109
102 111
102 112
102 113
102 114
102 115
102 116
102 117
102 118
102 119
102 125
102 129
102 131
102 132
102 133
102 134
102 135
102 136
102 137
102 138
102 139
102 141
102 145
102 147
102 148
102 150
102 152
102 153
102 154
102 155
102 157
102 158
102 161
103 105
103 108
103 109
103 111
103 113
103 114
103 115
103 118
103 119
103 125
103 129
103 131
103 133
103 134
103 135
103 136
103 137
103 138
103 141
103 142
103 144
103 146
103 147
103 148
103 149
103 153
103 154
103 159
104 105
104 106
104 107
104 108
104 111
104 112
104 115
104 116
104 118
104 120
104 125
104 129
104 130
104 133
104 134
104 137
104 138
104 139
104 141
104 142
104 145
104 147
104 151
104 152
104 153
104 154
104 157
104 158
104 161
105 106
105 107
105 108
105 109
105 111
105 112
105 114
105 116
105 118
105 120
105 126
105 128
105 129
105 131
105 133
105 134
105 135
105 137
105 138
105 139
105 140
105 142
105 143
105 146
105 147
105 148
105 150
105 151
105 154
105 157
106 107
106 108
106 109
106 110
106 111
106 112
106 113
106 114
106 115
106 116
106 117
106 118
106 119
106 120
106 122
106 123
106 125
106 126
106 127
106 129
106 130
106 131
106 132
106 133
106 134
106 135
106 137
106 138
106 140
106 142
106 143
106 145
106 146
106 147
106 149
106 150
106 151
106 152
106 154
106 155
106 157
106 158
106 159
106 160
106 161
107 108
107 109
107 111
107 112
107 113
107 115
107 116
107 117
107 118
107 125
107 128
107 129
107 131
107 132
107 134
107 135
107 137
107 138
107 142
107 143
107 146
107 148
107 150
107 151
107 153
107 154
107 157
107 158
107 161
108 111
108 112
108 113
108 114
108 116
108 117
108 118
108 119
108 123
108 126
108 127
108 129
108 130
108 131
108 133
108 134
108 135
108 137
108 138
108 139
108 140
108 142
108 145
108 146
108 147
108 148
108 149
108 150
108 151
108 152
108 153
108 154
108 155
108 157
108 158
108 159
108 160
108 161
109 112
109 113
109 114
109 116
109 117
109 118
109 121
109 122
109 125
109 126
109 127
109 128
109 129
109 130
109 133
109 134
109 137
109 138
109 139
109 141
109 142
109 145
109 146
109 147
109 148
109 149
109 150
109 151
109 152
109 154
109 156
109 157
109 158
109 161
110 112
110 116
110 117
110 118
110 123
110 125
110 129
110 131
110 134
110 141
110 146
110 147
110 149
110 150
110 152
110 154
110 157
110 158
110 160
111 113
111 116
111 118
111 119
111 121
111 125
111 126
111 129
111 130
111 133
111 134
111 137
111 139
111 146
111 147
111 152
111 153
111 154
111 161
112 114
112 116
112 117
112 118
112 122
112 126
112 127
112 129
112 130
112 132
112 133
112 134
112 136
112 137
112 138
112 139
112 141
112 142
112 143
112 145
112 146
112 147
112 148
112 149
112 150
112 151
112 152
112 153
112 154
112 155
112 157
112 158
112 159
112 161
113 114
113 115
113 116
113 117
113 118
113 119
113 125
113 126
113 127
113 128
113 129
113 131
113 132
113 133
113 135
113 136
113 137
113 138
113 139
113 142
113 143
113 145
113 146
113 147
113 149
113 150
113 151
113 152
113 153
113 156
113 158
113 160
113 161
114 115
114 116
114 118
114 119
114 120
114 122
114 124
114 126
114 127
114 129
114 130
114 131
114 132
114 133
114 135
114 137
114 138
114 141
114 142
114 143
114 144
114 146
114 147
114 148
114 150
114 151
114 152
114 153
114 156
114 158
114 160
114 161
115 116
115 117
115 118
115 120
115 125
115 126
115 127
115 129
115 131
115 132
115 133
115 134
115 137
115 138
115 139
115 140
115 141
115 142
115 143
115 144
115 145
115 146
115 147
115 148
115 149
115 150
115 151
115 153
115 154
115 155
115 157
115 159
115 160
115 161
116 118
116 122
116 125
116 126
116 129
116 131
116 133
116 134
116 135
116 137
116 138
116 141
116 142
116 145
116 146
116 147
116 149
116 150
116 151
116 154
116 158
116 161
117 118
117 119
117 120
117 122
117 127
117 128
117 129
117 130
117 131
117 134
117 135
117 136
117 137
117 138
117 139
117 140
117 141
117 142
117 143
117 147
117 149
117 150
117 151
117 152
117 153
117 154
117 156
117 157
117 158
117 161
118 121
118 122
118 123
118 126
118 127
118 128
118 129
118 130
118 132
118 133
118 134
118 135
118 137
118 138
118 139
118 141
118 142
118 143
118 145
118 146
118 147
118 148
118 149
118 150
118 151
118 152
118 153
118 156
118 157
118 158
118 159
118 160
118 161
119 130
119 131
119 134
119 137
119 138
119 142
119 143
119 147
119 148
119 150
119 154
119 157
119 159
120 129
120 131
120 133
120 138
120 141
120 156
120 157
121 122
121 130
121 134
121 141
121 142
121 149
121 156
121 157
121 160
122 125
122 128
122 129
122 131
122 142
122 150
122 154
122 157
122 158
122 161
123 131
123 133
123 141
123 145
123 147
123 148
123 150
123 153
123 155
123 159
124 141
124 142
124 145
124 146
124 147
124 149
124 157
124 158
125 128
125 129
125 131
125 134
125 136
125 137
125 138
125 140
125 141
125 142
125 146
125 147
125 150
125 151
125 152
125 153
125 154
125 155
125 157
125 159
125 161
126 129
126 130
126 131
126 133
126 138
126 145
126 146
126 148
126 149
126 150
126 151
126 152
126 153
126 154
126 158
126 161
127 129
127 133
127 135
127 137
127 138
127 139
127 142
127 143
127 146
127 149
127 151
127 153
127 154
127 159
128 129
128 130
128 131
128 134
128 135
128 137
128 138
128 141
128 142
128 143
128 145
128 146
128 147
128 151
128 154
128 156
128 158
129 130
129 131
129 133
129 134
129 135
129 136
129 137
129 138
129 139
129 142
129 145
129 146
129 150
129 151
129 152
129 153
129 154
129 157
129 158
129 159
129 161
130 133
130 134
130 135
130 138
130 139
130 141
130 142
130 143
130 144
130 145
130 146
130 150
130 151
130 153
130 157
130 158
130 159
131 133
131 134
131 135
131 136
131 137
131 138
131 141
131 142
131 143
131 145
131 146
131 147
131 148
131 151
131 152
131 153
131 154
131 155
131 156
131 158
131 160
131 161
132 133
132 136
132 137
132 138
132 139
132 146
132 147
132 151
132 152
132 158
133 134
133 135
133 136
133 137
133 138
133 139
133 141
133 142
133 143
133 147
133 148
133 151
133 152
133 153
133 154
133 155
133 158
133 160
133 161
134 135
134 137
134 138
134 139
134 141
134 143
134 145
134 146
134 147
134 148
134 150
134 151
134 152
134 153
134 154
134 155
134 157
134 158
134 161
135 137
135 138
135 139
135 141
135 145
135 146
135 149
135 151
135 152
135 153
135 154
135 159
135 161
136 137
136 138
136 141
136 142
136 146
136 147
136 151
136 152
136 153
136 154
136 156
136 158
136 159
137 138
137 139
137 140
137 141
137 142
137 143
137 145
137 147
137 148
137 149
137 150
137 151
137 152
137 154
137 155
137 156
137 157
137 158
137 159
137 160
138 139
138 140
138 141
138 142
138 143
138 145
138 146
138 147
138 149
138 151
138 152
138 154
138 155
138 157
138 158
138 160
138 161
139 142
139 143
139 145
139 146
139 147
139 150
139 151
139 152
139 153
139 154
139 155
139 156
139 157
140 141
140 147
140 148
140 150
140 152
140 153
140 157
140 158
141 142
141 143
141 145
141 147
141 151
141 153
141 154
141 155
141 157
141 158
141 161
142 143
142 146
142 147
142 148
142 149
142 150
142 151
142 152
142 154
142 157
142 158
142 159
142 160
142 161
143 147
143 151
143 153
143 157
143 160
143 161
144 157
144 158
145 151
145 152
145 154
145 158
145 159
146 147
146 149
146 150
146 151
146 152
146 153
146 154
146 155
146 157
146 158
146 159
146 161
147 148
147 150
147 151
147 152
147 153
147 154
147 155
147 158
147 160
148 149
148 150
148 157
148 158
148 160
149 150
149 153
149 155
149 157
149 158
150 151
150 154
150 156
150 160
150 161
151 152
151 155
151 156
151 157
151 158
151 160
152 153
152 154
152 155
152 157
152 158
152 160
152 161
153 154
153 155
153 160
153 161
154 156
154 157
154 158
154 159
154 160
154 161
155 157
155 158
155 160
155 161
156 159
157 159
158 160
158 161
159 161
160 161
