0 1
0 2
0 3
0 4
0 6
0 7
0 9
0 13
0 14
0 16
0 19
0 20
0 21
0 22
0 30
0 31
0 32
0 35
0 36
0 37
0 40
0 43
0 45
0 47
0 50
0 51
0 52
0 54
0 56
0 63
0 65
0 70
0 72
0 73
0 74
0 75
0 76
0 77
0 79
0 84
0 91
0 95
0 96
0 101
0 102
0 103
0 105
0 106
0 107
0 108
0 111
0 112
0 113
0 114
0 116
0 118
0 120
0 125
0 127
0 128
0 129
0 133
0 134
0 137
0 138
0 139
0 140
0 141
0 146
0 147
0 151
0 152
0 153
0 154
0 156
0 157
1 4
1 6
1 9
1 11
1 12
1 13
1 14
1 16
1 19
1 20
1 25
1 26
1 29
1 30
1 31
1 32
1 36
1 37
1 38
1 40
1 45
1 49
1 50
1 51
1 70
1 71
1 72
1 73
1 76
1 79
1 83
1 85
1 86
1 87
1 89
1 91
1 94
1 95
1 97
1 98
1 102
1 105
1 106
1 107
1 108
1 113
1 115
1 117
1 118
1 130
1 133
1 134
1 141
1 142
1 146
1 147
1 148
1 149
1 150
1 151
1 152
1 157
1 161
2 4
2 7
2 9
2 10
2 11
2 17
2 19
2 21
2 26
2 31
2 32
2 37
2 48
2 49
2 54
2 56
2 63
2 64
2 68
2 70
2 74
2 75
2 84
2 85
2 88
2 89
2 94
2 101
2 102
2 105
2 107
2 109
2 112
2 114
2 117
2 131
2 133
2 135
2 138
2 141
2 150
2 152
2 153
2 154
2 155
2 156
2 157
2 159
2 160
2 161
3 4
3 6
3 7
3 10
3 16
3 20
3 26
3 31
3 34
3 35
3 38
3 40
3 44
3 51
3 56
3 57
3 62
3 63
3 64
3 65
3 68
3 69
3 70
3 71
3 72
3 74
3 83
3 84
3 89
3 93
3 99
3 101
3 102
3 103
3 104
3 106
3 108
3 109
3 114
3 121
3 125
3 126
3 140
3 141
3 148
3 153
3 154
3 155
3 158
3 161
4 6
4 8
4 9
4 10
4 14
4 18
4 19
4 21
4 22
4 23
4 25
4 26
4 29
4 30
4 31
4 32
4 33
4 35
4 37
4 39
4 40
4 44
4 45
4 46
4 49
4 50
4 51
4 53
4 54
4 55
4 56
4 57
4 58
4 59
4 62
4 63
4 66
4 67
4 68
4 69
4 70
4 71
4 72
4 73
4 75
4 76
4 77
4 83
4 84
4 85
4 86
4 88
4 89
4 92
4 94
4 96
4 97
4 99
4 100
4 101
4 102
4 104
4 106
4 107
4 108
4 109
4 110
4 111
4 112
4 114
4 115
4 117
4 118
4 120
4 121
4 122
4 125
4 126
4 129
4 131
4 133
4 134
4 135
4 137
4 138
4 139
4 140
4 141
4 142
4 143
4 144
4 145
4 146
4 147
4 148
4 149
4 150
4 151
4 152
4 153
4 154
4 158
4 161
5 6
5 14
5 18
5 19
5 23
5 26
5 31
5 36
5 38
5 42
5 43
5 45
5 49
5 51
5 54
5 55
5 56
5 59
5 63
5 67
5 68
5 71
5 87
5 88
5 92
5 93
5 94
5 97
5 98
5 102
5 108
5 113
5 114
5 115
5 117
5 129
5 131
5 134
5 137
5 138
5 146
5 147
5 158
5 159
6 7
6 8
6 9
6 10
6 11
6 12
6 13
6 15
6 18
6 19
6 21
6 25
6 26
6 28
6 31
6 32
6 35
6 36
6 37
6 38
6 39
6 40
6 43
6 44
6 45
6 46
6 47
6 49
6 50
6 51
6 52
6 54
6 56
6 57
6 58
6 61
6 62
6 63
6 64
6 65
6 66
6 67
6 69
6 70
6 71
6 72
6 73
6 74
6 75
6 76
6 77
6 79
6 80
6 82
6 83
6 84
6 86
6 87
6 88
6 89
6 90
6 91
6 92
6 93
6 94
6 97
6 98
6 99
6 100
6 101
6 102
6 103
6 104
6 105
6 106
6 108
6 109
6 111
6 112
6 113
6 114
6 115
6 116
6 117
6 118
6 119
6 123
6 124
6 125
6 127
6 128
6 129
6 130
6 131
6 133
6 135
6 137
6 138
6 139
6 141
6 142
6 143
6 145
6 146
6 147
6 149
6 151
6 152
6 153
6 154
6 155
6 158
6 159
6 160
6 161
7 9
7 10
7 11
7 12
7 13
7 14
7 15
7 18
7 19
7 20
7 21
7 22
7 23
7 25
7 26
7 28
7 29
7 30
7 31
7 32
7 33
7 35
7 36
7 37
7 38
7 39
7 40
7 42
7 43
7 44
7 45
7 47
7 49
7 50
7 51
7 52
7 56
7 58
7 59
7 60
7 61
7 62
7 64
7 65
7 66
7 67
7 68
7 69
7 70
7 71
7 72
7 73
7 76
7 78
7 79
7 80
7 81
7 82
7 83
7 85
7 86
7 87
7 89
7 91
7 92
7 93
7 94
7 95
7 96
7 97
7 98
7 99
7 100
7 101
7 102
7 103
7 104
7 105
7 106
7 107
7 108
7 111
7 113
7 114
7 117
7 118
7 119
7 123
7 125
7 126
7 127
7 128
7 129
7 131
7 133
7 135
7 136
7 137
7 139
7 140
7 141
7 142
7 143
7 146
7 148
7 149
7 150
7 151
7 152
7 153
7 155
7 157
7 158
7 159
7 161
8 11
8 12
8 14
8 20
8 21
8 23
8 26
8 28
8 31
8 32
8 42
8 44
8 45
8 46
8 50
8 51
8 53
8 54
8 55
8 61
8 63
8 65
8 66
8 69
8 71
8 72
8 73
8 79
8 81
8 84
8 88
8 89
8 97
8 99
8 101
8 109
8 112
8 113
8 114
8 115
8 116
8 117
8 118
8 119
8 125
8 129
8 130
8 137
8 138
8 142
8 146
8 147
8 149
8 152
8 153
8 154
8 157
9 10
9 11
9 14
9 18
9 19
9 22
9 24
9 26
9 28
9 29
9 30
9 31
9 32
9 33
9 34
9 35
9 37
9 38
9 40
9 44
9 45
9 46
9 49
9 50
9 52
9 54
9 55
9 56
9 57
9 60
9 63
9 70
9 72
9 73
9 82
9 84
9 87
9 93
9 94
9 97
9 101
9 102
9 104
9 106
9 108
9 110
9 113
9 114
9 115
9 119
9 123
9 126
9 127
9 129
9 130
9 131
9 132
9 136
9 137
9 138
9 140
9 145
9 148
9 149
9 151
9 152
9 153
9 159
9 160
9 161
10 11
10 14
10 16
10 18
10 23
10 25
10 26
10 30
10 31
10 32
10 33
10 35
10 36
10 37
10 40
10 43
10 44
10 45
10 46
10 52
10 53
10 54
10 55
10 57
10 58
10 59
10 60
10 61
10 62
10 64
10 65
10 67
10 68
10 70
10 72
10 74
10 75
10 76
10 77
10 79
10 80
10 84
10 85
10 86
10 88
10 93
10 96
10 97
10 100
10 101
10 106
10 107
10 109
10 111
10 112
10 113
10 114
10 115
10 117
10 118
10 120
10 125
10 127
10 129
10 130
10 132
10 133
10 134
10 138
10 139
10 141
10 145
10 146
10 147
10 148
10 149
10 152
10 153
10 154
10 161
11 14
11 15
11 16
11 19
11 20
11 21
11 22
11 23
11 25
11 26
11 28
11 29
11 31
11 32
11 35
11 36
11 38
11 39
11 40
11 41
11 43
11 44
11 45
11 46
11 49
11 51
11 53
11 54
11 55
11 56
11 58
11 59
11 61
11 62
11 64
11 65
11 66
11 67
11 68
11 69
11 70
11 71
11 72
11 73
11 74
11 75
11 76
11 79
11 83
11 84
11 86
11 87
11 88
11 89
11 91
11 92
11 94
11 95
11 97
11 98
11 99
11 101
11 102
11 103
11 105
11 107
11 108
11 109
11 110
11 111
11 114
11 115
11 118
11 119
11 122
11 125
11 126
11 128
11 129
11 130
11 131
11 132
11 133
11 134
11 137
11 138
11 140
11 146
11 147
11 150
11 151
11 152
11 153
11 155
11 157
11 158
11 159
12 16
12 18
12 19
12 21
12 26
12 28
12 31
12 35
12 36
12 40
12 44
12 45
12 49
12 50
12 54
12 55
12 61
12 62
12 64
12 65
12 68
12 69
12 71
12 72
12 73
12 74
12 84
12 89
12 93
12 94
12 97
12 101
12 102
12 103
12 105
12 108
12 111
12 112
12 113
12 115
12 116
12 117
12 124
12 126
12 129
12 130
12 131
12 137
12 138
12 140
12 142
12 147
12 152
12 154
12 155
12 158
13 19
13 21
13 25
13 26
13 29
13 30
13 31
13 32
13 34
13 36
13 37
13 39
13 44
13 45
13 49
13 51
13 54
13 55
13 56
13 58
13 66
13 68
13 71
13 72
13 75
13 79
13 81
13 84
13 87
13 89
13 94
13 95
13 101
13 104
13 105
13 109
13 110
13 112
13 113
13 114
13 115
13 117
13 118
13 121
13 126
13 129
13 131
13 134
13 135
13 136
13 138
13 149
13 150
13 151
13 152
13 158
13 159
14 15
14 16
14 19
14 21
14 22
14 23
14 24
14 25
14 26
14 27
14 28
14 30
14 31
14 32
14 36
14 37
14 38
14 40
14 42
14 43
14 44
14 45
14 46
14 48
14 49
14 50
14 51
14 52
14 54
14 55
14 56
14 57
14 58
14 61
14 63
14 64
14 65
14 66
14 67
14 68
14 69
14 70
14 71
14 72
14 73
14 74
14 76
14 77
14 78
14 79
14 81
14 85
14 86
14 87
14 88
14 89
14 92
14 93
14 94
14 97
14 98
14 99
14 100
14 101
14 102
14 105
14 106
14 108
14 109
14 114
14 115
14 117
14 118
14 124
14 127
14 129
14 130
14 131
14 133
14 134
14 135
14 136
14 137
14 138
14 139
14 141
14 142
14 143
14 144
14 146
14 147
14 149
14 151
14 152
14 154
14 155
14 156
14 157
14 160
14 161
15 26
15 28
15 32
15 35
15 37
15 40
15 43
15 45
15 48
15 51
15 54
15 55
15 56
15 62
15 63
15 67
15 68
15 70
15 72
15 73
15 76
15 79
15 80
15 83
15 85
15 87
15 88
15 89
15 91
15 94
15 97
15 100
15 102
15 105
15 109
15 111
15 112
15 114
15 122
15 125
15 126
15 128
15 133
15 134
15 135
15 137
15 140
15 141
15 142
15 147
15 149
15 150
15 154
15 157
15 158
15 160
16 19
16 20
16 21
16 26
16 31
16 33
16 35
16 36
16 38
16 43
16 44
16 45
16 49
16 51
16 54
16 55
16 56
16 64
16 66
16 67
16 68
16 69
16 70
16 72
16 75
16 77
16 80
16 84
16 88
16 89
16 97
16 99
16 101
16 102
16 108
16 109
16 111
16 113
16 115
16 116
16 118
16 125
16 129
16 131
16 133
16 134
16 135
16 136
16 138
16 142
16 146
16 147
16 151
16 152
16 156
17 27
17 31
17 44
17 45
17 56
17 63
17 68
17 74
17 88
17 98
17 100
17 105
17 108
17 112
17 114
17 125
17 129
17 134
17 137
17 138
17 147
17 150
17 151
18 19
18 21
18 22
18 25
18 28
18 31
18 32
18 37
18 38
18 39
18 40
18 42
18 43
18 44
18 45
18 46
18 47
18 51
18 54
18 55
18 56
18 58
18 61
18 62
18 63
18 65
18 68
18 70
18 71
18 72
18 73
18 74
18 75
18 76
18 77
18 80
18 82
18 86
18 88
18 89
18 91
18 93
18 94
18 97
18 100
18 101
18 102
18 105
18 106
18 107
18 108
18 110
18 113
18 114
18 115
18 117
18 121
18 125
18 126
18 129
18 130
18 131
18 134
18 135
18 137
18 138
18 139
18 142
18 147
18 154
18 155
18 158
19 20
19 21
19 22
19 26
19 28
19 30
19 31
19 33
19 34
19 35
19 36
19 39
19 40
19 42
19 43
19 45
19 46
19 49
19 50
19 51
19 52
19 54
19 55
19 56
19 58
19 59
19 61
19 63
19 64
19 65
19 67
19 68
19 69
19 70
19 71
19 72
19 73
19 75
19 76
19 77
19 79
19 80
19 82
19 83
19 84
19 86
19 87
19 89
19 91
19 93
19 94
19 95
19 97
19 101
19 102
19 103
19 105
19 106
19 107
19 108
19 109
19 110
19 112
19 114
19 115
19 117
19 118
19 123
19 125
19 126
19 127
19 128
19 129
19 130
19 131
19 132
19 133
19 134
19 135
19 138
19 139
19 140
19 142
19 144
19 145
19 147
19 148
19 149
19 150
19 152
19 153
19 155
19 157
19 160
20 21
20 31
20 32
20 35
20 36
20 44
20 45
20 46
20 48
20 54
20 55
20 56
20 58
20 62
20 64
20 68
20 69
20 70
20 72
20 74
20 75
20 76
20 80
20 84
20 86
20 87
20 89
20 91
20 94
20 95
20 100
20 104
20 116
20 117
20 118
20 122
20 127
20 129
20 130
20 131
20 133
20 135
20 136
20 137
20 140
20 141
20 142
20 146
20 147
20 152
20 155
20 157
20 158
20 160
20 161
21 22
21 24
21 25
21 26
21 30
21 31
21 32
21 33
21 35
21 36
21 37
21 38
21 40
21 42
21 43
21 44
21 47
21 48
21 49
21 51
21 53
21 55
21 59
21 61
21 62
21 63
21 64
21 65
21 66
21 68
21 69
21 71
21 72
21 73
21 75
21 76
21 77
21 79
21 80
21 81
21 82
21 83
21 84
21 87
21 88
21 89
21 91
21 92
21 93
21 98
21 101
21 103
21 105
21 106
21 108
21 109
21 110
21 111
21 114
21 115
21 116
21 117
21 118
21 119
21 121
21 122
21 125
21 126
21 127
21 129
21 130
21 133
21 134
21 135
21 137
21 138
21 141
21 142
21 145
21 146
21 147
21 148
21 150
21 151
21 152
21 153
21 154
21 155
21 157
21 158
21 160
21 161
22 23
22 26
22 28
22 30
22 31
22 32
22 33
22 35
22 36
22 40
22 41
22 43
22 44
22 45
22 49
22 50
22 51
22 52
22 53
22 54
22 55
22 56
22 58
22 61
22 62
22 65
22 66
22 67
22 69
22 70
22 71
22 72
22 74
22 75
22 77
22 79
22 80
22 84
22 87
22 89
22 92
22 93
22 94
22 95
22 99
22 105
22 106
22 108
22 109
22 113
22 114
22 116
22 118
22 127
22 128
22 129
22 133
22 137
22 138
22 139
22 141
22 142
22 144
22 145
22 147
22 148
22 149
22 150
22 151
22 153
22 154
22 155
22 157
22 158
22 160
23 25
23 26
23 28
23 30
23 35
23 48
23 49
23 51
23 52
23 54
23 58
23 64
23 65
23 66
23 67
23 69
23 72
23 74
23 82
23 86
23 89
23 91
23 93
23 100
23 101
23 102
23 106
23 109
23 111
23 113
23 115
23 117
23 118
23 120
23 125
23 126
23 127
23 129
23 131
23 134
23 135
23 137
23 138
23 141
23 146
23 147
23 149
23 151
23 152
23 154
23 160
23 161
24 26
24 27
24 31
24 34
24 36
24 40
24 42
24 48
24 49
24 51
24 53
24 54
24 56
24 59
24 61
24 64
24 65
24 66
24 68
24 70
24 72
24 73
24 74
24 75
24 79
24 82
24 87
24 88
24 89
24 90
24 92
24 94
24 99
24 101
24 102
24 104
24 106
24 112
24 114
24 118
24 124
24 126
24 131
24 133
24 134
24 138
24 139
24 142
24 143
24 147
24 149
24 152
24 154
24 157
25 27
25 28
25 30
25 37
25 38
25 39
25 40
25 41
25 48
25 49
25 50
25 54
25 56
25 58
25 59
25 61
25 63
25 64
25 65
25 66
25 67
25 68
25 70
25 73
25 74
25 76
25 77
25 80
25 81
25 84
25 86
25 88
25 89
25 92
25 94
25 95
25 97
25 100
25 102
25 105
25 106
25 108
25 112
25 113
25 114
25 115
25 117
25 118
25 127
25 128
25 129
25 130
25 131
25 133
25 134
25 136
25 138
25 139
25 141
25 142
25 146
25 147
25 149
25 150
25 151
25 152
25 153
25 154
25 157
25 158
25 160
25 161
26 27
26 28
26 31
26 32
26 33
26 35
26 36
26 37
26 39
26 40
26 41
26 42
26 44
26 45
26 46
26 47
26 48
26 49
26 50
26 51
26 52
26 54
26 55
26 56
26 58
26 62
26 63
26 64
26 66
26 68
26 69
26 70
26 71
26 73
26 74
26 75
26 76
26 77
26 78
26 79
26 80
26 81
26 83
26 84
26 86
26 87
26 88
26 89
26 91
26 93
26 94
26 95
26 99
26 100
26 101
26 103
26 104
26 105
26 106
26 107
26 108
26 109
26 110
26 112
26 113
26 114
26 115
26 116
26 117
26 118
26 125
26 126
26 127
26 131
26 133
26 134
26 135
26 137
26 138
26 139
26 140
26 141
26 142
26 143
26 146
26 148
26 150
26 151
26 152
26 153
26 154
26 155
26 156
26 157
26 158
26 159
26 161
27 30
27 31
27 35
27 36
27 49
27 56
27 67
27 68
27 70
27 73
27 87
27 97
27 100
27 101
27 105
27 112
27 114
27 129
27 133
27 135
27 137
27 138
27 142
27 147
28 30
28 31
28 38
28 40
28 42
28 43
28 46
28 48
28 49
28 51
28 55
28 65
28 66
28 68
28 69
28 70
28 73
28 76
28 80
28 84
28 86
28 88
28 94
28 97
28 99
28 102
28 103
28 105
28 108
28 111
28 112
28 113
28 115
28 116
28 117
28 118
28 119
28 129
28 134
28 137
28 138
28 139
28 142
28 145
28 146
28 149
28 152
28 153
28 154
28 158
28 161
29 30
29 31
29 38
29 49
29 51
29 56
29 58
29 63
29 64
29 68
29 71
29 72
29 74
29 75
29 79
29 84
29 87
29 94
29 97
29 108
29 109
29 110
29 113
29 114
29 115
29 117
29 124
29 126
29 129
29 131
29 137
29 138
29 139
29 142
29 147
29 151
29 153
29 154
29 156
29 157
29 158
30 31
30 32
30 33
30 34
30 35
30 36
30 37
30 38
30 39
30 40
30 42
30 43
30 44
30 45
30 46
30 47
30 49
30 50
30 51
30 54
30 55
30 56
30 57
30 59
30 62
30 63
30 64
30 65
30 66
30 69
30 70
30 71
30 72
30 73
30 74
30 75
30 76
30 79
30 80
30 82
30 84
30 85
30 86
30 87
30 89
30 90
30 93
30 97
30 100
30 101
30 102
30 104
30 105
30 106
30 111
30 112
30 114
30 115
30 117
30 118
30 119
30 125
30 126
30 128
30 129
30 130
30 131
30 132
30 133
30 134
30 135
30 137
30 138
30 139
30 140
30 141
30 142
30 144
30 145
30 146
30 147
30 149
30 150
30 151
30 152
30 154
30 157
30 158
31 33
31 35
31 36
31 38
31 39
31 40
31 41
31 43
31 44
31 45
31 49
31 50
31 51
31 52
31 53
31 54
31 55
31 56
31 57
31 58
31 59
31 60
31 62
31 64
31 65
31 66
31 67
31 68
31 69
31 70
31 72
31 73
31 74
31 75
31 76
31 77
31 79
31 80
31 81
31 82
31 83
31 84
31 85
31 86
31 87
31 88
31 89
31 90
31 93
31 94
31 95
31 98
31 99
31 101
31 102
31 103
31 105
31 106
31 108
31 109
31 110
31 111
31 112
31 113
31 114
31 115
31 116
31 117
31 118
31 121
31 124
31 126
31 127
31 129
31 130
31 131
31 133
31 134
31 135
31 136
31 138
31 139
31 141
31 142
31 144
31 145
31 146
31 148
31 150
31 151
31 152
31 153
31 154
31 157
31 158
31 159
31 160
31 161
32 34
32 36
32 37
32 38
32 39
32 40
32 41
32 43
32 44
32 45
32 46
32 48
32 49
32 52
32 54
32 56
32 57
32 59
32 63
32 64
32 65
32 66
32 67
32 68
32 70
32 71
32 72
32 73
32 74
32 75
32 77
32 78
32 79
32 80
32 84
32 86
32 91
32 92
32 93
32 94
32 95
32 97
32 101
32 102
32 105
32 106
32 108
32 109
32 112
32 113
32 114
32 115
32 116
32 117
32 118
32 120
32 124
32 125
32 126
32 127
32 128
32 129
32 130
32 133
32 134
32 137
32 138
32 139
32 140
32 141
32 142
32 145
32 146
32 147
32 148
32 149
32 150
32 151
32 152
32 153
32 154
32 155
32 157
32 158
32 159
32 160
33 36
33 39
33 40
33 50
33 51
33 52
33 54
33 56
33 62
33 64
33 66
33 67
33 68
33 73
33 74
33 75
33 76
33 80
33 84
33 88
33 89
33 95
33 101
33 102
33 108
33 109
33 113
33 114
33 115
33 116
33 117
33 118
33 121
33 125
33 129
33 137
34 44
34 45
34 49
34 50
34 51
34 54
34 56
34 58
34 64
34 65
34 66
34 67
34 68
34 69
34 70
34 71
34 72
34 73
34 80
34 82
34 84
34 86
34 87
34 89
34 93
34 94
34 97
34 103
34 104
34 105
34 106
34 107
34 109
34 110
34 111
34 112
34 113
34 114
34 115
34 118
34 122
34 125
34 129
34 130
34 131
34 132
34 133
34 134
34 137
34 138
34 139
34 141
34 142
34 145
34 146
34 147
34 149
34 150
34 151
34 153
34 155
34 156
34 157
35 37
35 38
35 39
35 40
35 41
35 43
35 44
35 45
35 46
35 47
35 48
35 51
35 52
35 54
35 55
35 56
35 58
35 60
35 61
35 64
35 67
35 68
35 69
35 70
35 71
35 72
35 73
35 76
35 77
35 78
35 84
35 85
35 86
35 87
35 88
35 89
35 92
35 93
35 96
35 97
35 98
35 99
35 101
35 103
35 105
35 107
35 108
35 109
35 110
35 111
35 112
35 113
35 114
35 115
35 116
35 118
35 119
35 124
35 125
35 126
35 129
35 133
35 134
35 136
35 137
35 138
35 142
35 143
35 145
35 146
35 147
35 150
35 151
35 152
35 153
35 154
35 155
35 157
35 158
35 161
36 37
36 40
36 42
36 43
36 44
36 45
36 46
36 47
36 50
36 52
36 53
36 54
36 57
36 58
36 59
36 61
36 62
36 66
36 68
36 69
36 70
36 71
36 72
36 74
36 76
36 80
36 81
36 89
36 91
36 93
36 94
36 95
36 97
36 99
36 104
36 109
36 112
36 113
36 114
36 115
36 116
36 117
36 118
36 125
36 126
36 128
36 129
36 131
36 134
36 138
36 140
36 141
36 143
36 146
36 147
36 150
36 151
36 152
36 153
36 154
36 159
36 160
36 161
37 40
37 41
37 44
37 49
37 50
37 51
37 54
37 55
37 61
37 64
37 65
37 67
37 68
37 70
37 71
37 72
37 73
37 74
37 75
37 79
37 83
37 84
37 89
37 90
37 92
37 94
37 95
37 97
37 98
37 101
37 105
37 106
37 108
37 109
37 113
37 114
37 116
37 125
37 126
37 129
37 130
37 132
37 134
37 136
37 137
37 138
37 140
37 141
37 145
37 146
37 147
37 151
37 152
37 153
37 155
37 158
38 39
38 40
38 42
38 43
38 44
38 46
38 50
38 51
38 53
38 54
38 55
38 56
38 57
38 58
38 62
38 64
38 65
38 67
38 68
38 70
38 71
38 72
38 73
38 74
38 75
38 79
38 81
38 82
38 85
38 87
38 88
38 89
38 92
38 93
38 94
38 95
38 97
38 99
38 101
38 102
38 103
38 105
38 106
38 107
38 108
38 109
38 110
38 111
38 112
38 113
38 114
38 115
38 116
38 117
38 118
38 119
38 121
38 125
38 126
38 127
38 129
38 131
38 132
38 134
38 136
38 137
38 138
38 139
38 140
38 141
38 142
38 143
38 146
38 147
38 148
38 149
38 150
38 151
38 152
38 153
38 155
38 157
38 158
38 159
38 161
39 40
39 45
39 46
39 49
39 50
39 51
39 56
39 57
39 61
39 65
39 67
39 68
39 70
39 72
39 74
39 76
39 79
39 84
39 89
39 92
39 93
39 97
39 106
39 107
39 110
39 112
39 113
39 114
39 116
39 121
39 125
39 126
39 129
39 130
39 131
39 133
39 137
39 140
39 142
39 143
39 145
39 146
39 147
39 149
39 151
39 154
39 157
39 158
39 159
39 161
40 42
40 43
40 44
40 45
40 46
40 47
40 48
40 49
40 50
40 52
40 54
40 55
40 56
40 57
40 58
40 59
40 61
40 64
40 65
40 66
40 67
40 68
40 69
40 70
40 71
40 72
40 73
40 74
40 75
40 76
40 77
40 79
40 80
40 81
40 83
40 84
40 85
40 86
40 87
40 88
40 89
40 91
40 92
40 93
40 94
40 97
40 98
40 99
40 100
40 101
40 102
40 103
40 105
40 106
40 107
40 108
40 109
40 111
40 112
40 113
40 114
40 115
40 117
40 118
40 119
40 122
40 126
40 127
40 128
40 129
40 130
40 131
40 133
40 135
40 136
40 137
40 138
40 139
40 141
40 142
40 144
40 145
40 147
40 148
40 149
40 150
40 151
40 152
40 153
40 154
40 155
40 156
40 157
40 158
40 160
40 161
41 46
41 51
41 56
41 67
41 69
41 70
41 76
41 80
41 86
41 91
41 94
41 97
41 100
41 102
41 107
41 111
41 115
41 116
41 118
41 123
41 129
41 130
41 133
41 134
41 137
41 138
41 145
41 146
41 148
41 152
41 154
41 160
41 161
42 44
42 45
42 49
42 50
42 51
42 55
42 56
42 58
42 62
42 63
42 64
42 66
42 67
42 68
42 70
42 71
42 72
42 74
42 76
42 77
42 83
42 85
42 88
42 90
42 93
42 95
42 96
42 98
42 99
42 101
42 104
42 106
42 108
42 110
42 112
42 113
42 115
42 117
42 118
42 119
42 129
42 130
42 133
42 134
42 135
42 137
42 138
42 142
42 143
42 145
42 147
42 150
42 159
43 45
43 46
43 48
43 49
43 54
43 58
43 59
43 64
43 66
43 67
43 70
43 71
43 72
43 73
43 74
43 75
43 76
43 77
43 79
43 80
43 82
43 83
43 84
43 86
43 87
43 89
43 93
43 97
43 98
43 101
43 102
43 104
43 106
43 108
43 109
43 114
43 116
43 117
43 121
43 125
43 126
43 129
43 130
43 133
43 138
43 139
43 140
43 145
43 146
43 149
43 151
43 153
43 154
43 157
43 158
43 159
43 160
43 161
44 46
44 47
44 49
44 50
44 51
44 52
44 54
44 55
44 56
44 58
44 59
44 65
44 66
44 67
44 68
44 69
44 70
44 71
44 72
44 73
44 74
44 75
44 76
44 77
44 79
44 80
44 83
44 85
44 86
44 87
44 88
44 89
44 92
44 93
44 94
44 96
44 97
44 98
44 100
44 101
44 102
44 103
44 105
44 107
44 108
44 113
44 114
44 115
44 117
44 118
44 121
44 122
44 129
44 131
44 132
44 133
44 134
44 135
44 137
44 139
44 142
44 145
44 146
44 147
44 149
44 150
44 151
44 152
44 153
44 154
44 155
44 156
44 158
44 161
45 47
45 48
45 49
45 50
45 51
45 55
45 56
45 59
45 62
45 63
45 64
45 65
45 66
45 67
45 68
45 70
45 71
45 72
45 73
45 74
45 75
45 79
45 80
45 86
45 88
45 91
45 92
45 93
45 94
45 97
45 98
45 99
45 100
45 101
45 104
45 105
45 108
45 109
45 111
45 112
45 114
45 115
45 116
45 117
45 118
45 121
45 123
45 124
45 125
45 126
45 127
45 128
45 129
45 131
45 133
45 134
45 137
45 138
45 140
45 141
45 142
45 143
45 144
45 145
45 147
45 148
45 149
45 150
45 151
45 152
45 153
45 155
45 156
45 157
45 158
46 49
46 50
46 51
46 52
46 53
46 55
46 56
46 58
46 59
46 61
46 63
46 64
46 66
46 67
46 68
46 69
46 70
46 71
46 72
46 74
46 75
46 79
46 80
46 89
46 92
46 93
46 94
46 95
46 97
46 99
46 103
46 104
46 106
46 107
46 108
46 109
46 110
46 112
46 114
46 115
46 116
46 117
46 118
46 122
46 125
46 129
46 130
46 131
46 133
46 134
46 135
46 137
46 140
46 142
46 145
46 147
46 149
46 150
46 151
46 152
46 157
46 158
46 159
46 160
47 54
47 56
47 58
47 64
47 68
47 71
47 72
47 79
47 86
47 92
47 97
47 99
47 105
47 107
47 109
47 113
47 114
47 118
47 125
47 126
47 127
47 128
47 130
47 138
47 142
47 147
47 151
47 152
47 154
47 157
47 161
48 49
48 50
48 54
48 59
48 65
48 67
48 68
48 69
48 70
48 71
48 74
48 84
48 92
48 97
48 101
48 103
48 106
48 107
48 109
48 111
48 113
48 114
48 116
48 117
48 131
48 133
48 138
48 139
48 141
48 142
48 144
48 146
48 147
48 152
48 153
48 154
48 158
48 160
49 51
49 52
49 54
49 55
49 56
49 57
49 58
49 59
49 60
49 63
49 64
49 65
49 67
49 69
49 71
49 72
49 73
49 74
49 75
49 77
49 79
49 80
49 81
49 82
49 83
49 84
49 85
49 86
49 87
49 89
49 93
49 94
49 95
49 96
49 97
49 98
49 99
49 100
49 101
49 102
49 104
49 105
49 106
49 108
49 110
49 112
49 113
49 114
49 115
49 117
49 118
49 119
49 120
49 125
49 126
49 127
49 129
49 130
49 131
49 132
49 133
49 134
49 135
49 136
49 137
49 138
49 139
49 142
49 143
49 145
49 147
49 150
49 151
49 152
49 153
49 155
49 156
49 157
49 158
49 161
50 52
50 53
50 54
50 56
50 57
50 58
50 59
50 61
50 63
50 64
50 65
50 66
50 67
50 68
50 69
50 70
50 72
50 73
50 74
50 80
50 81
50 82
50 83
50 84
50 88
50 89
50 94
50 99
50 102
50 103
50 106
50 108
50 109
50 110
50 111
50 113
50 114
50 115
50 117
50 118
50 120
50 126
50 128
50 131
50 133
50 134
50 137
50 138
50 139
50 141
50 142
50 143
50 146
50 147
50 150
50 151
50 152
50 154
50 156
50 158
51 52
51 54
51 55
51 56
51 58
51 59
51 60
51 61
51 63
51 64
51 65
51 66
51 67
51 68
51 69
51 70
51 71
51 72
51 73
51 74
51 75
51 76
51 77
51 79
51 80
51 81
51 82
51 84
51 86
51 87
51 88
51 91
51 92
51 93
51 94
51 96
51 97
51 100
51 101
51 102
51 103
51 105
51 106
51 107
51 108
51 109
51 110
51 111
51 112
51 113
51 114
51 115
51 116
51 117
51 118
51 120
51 125
51 126
51 127
51 128
51 129
51 130
51 131
51 132
51 133
51 135
51 137
51 138
51 139
51 141
51 142
51 143
51 144
51 145
51 146
51 147
51 148
51 149
51 150
51 152
51 153
51 154
51 157
51 158
51 159
51 160
51 161
52 54
52 55
52 56
52 59
52 64
52 66
52 67
52 68
52 69
52 70
52 71
52 72
52 73
52 74
52 75
52 79
52 83
52 84
52 89
52 91
52 92
52 93
52 94
52 95
52 97
52 100
52 101
52 103
52 105
52 106
52 108
52 109
52 113
52 116
52 117
52 125
52 129
52 131
52 133
52 134
52 137
52 144
52 150
52 151
52 152
52 153
52 154
52 156
52 157
52 158
53 56
53 59
53 62
53 63
53 65
53 69
53 70
53 72
53 73
53 86
53 89
53 93
53 96
53 97
53 101
53 102
53 104
53 105
53 106
53 109
53 110
53 112
53 114
53 116
53 117
53 127
53 128
53 129
53 131
53 133
53 134
53 135
53 136
53 139
53 142
53 145
53 146
53 147
53 152
53 154
53 158
54 55
54 56
54 59
54 61
54 62
54 63
54 64
54 65
54 66
54 67
54 68
54 69
54 70
54 71
54 72
54 73
54 74
54 75
54 76
54 77
54 79
54 80
54 82
54 83
54 85
54 86
54 87
54 88
54 89
54 90
54 92
54 93
54 94
54 95
54 97
54 98
54 99
54 101
54 102
54 103
54 104
54 106
54 108
54 109
54 112
54 113
54 114
54 115
54 116
54 117
54 118
54 120
54 123
54 124
54 125
54 128
54 129
54 130
54 131
54 133
54 134
54 135
54 137
54 138
54 139
54 140
54 141
54 142
54 144
54 145
54 146
54 147
54 148
54 150
54 152
54 153
54 154
54 156
54 158
54 159
54 160
54 161
55 56
55 57
55 58
55 59
55 62
55 63
55 64
55 65
55 66
55 67
55 68
55 69
55 72
55 74
55 79
55 80
55 81
55 83
55 84
55 86
55 89
55 94
55 95
55 96
55 97
55 99
55 101
55 103
55 105
55 106
55 107
55 108
55 109
55 113
55 114
55 115
55 116
55 117
55 125
55 126
55 129
55 130
55 131
55 133
55 134
55 135
55 137
55 138
55 139
55 140
55 141
55 142
55 147
55 149
55 151
55 152
55 153
55 154
55 157
55 158
55 159
55 160
56 58
56 59
56 60
56 62
56 63
56 64
56 66
56 67
56 68
56 69
56 71
56 72
56 73
56 74
56 75
56 77
56 82
56 84
56 85
56 86
56 89
56 90
56 91
56 92
56 93
56 94
56 95
56 97
56 98
56 99
56 100
56 101
56 102
56 103
56 105
56 106
56 108
56 109
56 110
56 111
56 112
56 114
56 115
56 117
56 118
56 119
56 121
56 125
56 126
56 127
56 128
56 130
56 131
56 133
56 134
56 135
56 137
56 138
56 139
56 140
56 141
56 142
56 144
56 145
56 146
56 147
56 148
56 149
56 150
56 151
56 152
56 153
56 154
56 155
56 156
56 158
56 159
56 160
56 161
57 64
57 65
57 66
57 71
57 73
57 77
57 79
57 80
57 81
57 87
57 91
57 93
57 97
57 98
57 101
57 102
57 109
57 118
57 127
57 146
57 151
57 152
57 153
57 154
57 158
58 59
58 62
58 66
58 68
58 69
58 70
58 71
58 72
58 73
58 74
58 77
58 79
58 80
58 84
58 85
58 89
58 91
58 92
58 93
58 95
58 96
58 97
58 98
58 99
58 100
58 101
58 105
58 106
58 108
58 110
58 111
58 113
58 114
58 116
58 117
58 118
58 120
58 121
58 124
58 125
58 127
58 128
58 130
58 131
58 132
58 133
58 134
58 135
58 136
58 137
58 138
58 139
58 141
58 142
58 146
58 149
58 150
58 152
58 153
58 154
58 157
58 158
58 159
59 61
59 64
59 66
59 67
59 69
59 70
59 71
59 72
59 75
59 77
59 80
59 83
59 84
59 85
59 86
59 87
59 88
59 89
59 91
59 92
59 94
59 99
59 101
59 103
59 104
59 105
59 106
59 107
59 108
59 109
59 112
59 113
59 114
59 117
59 119
59 120
59 121
59 122
59 124
59 127
59 128
59 129
59 130
59 131
59 133
59 134
59 137
59 138
59 145
59 146
59 147
59 149
59 151
59 152
59 154
59 161
60 79
60 88
60 93
60 101
60 102
60 107
60 109
60 115
60 123
60 129
60 133
60 139
60 142
60 143
60 144
60 161
61 64
61 66
61 67
61 69
61 70
61 71
61 72
61 73
61 75
61 80
61 88
61 91
61 93
61 97
61 98
61 101
61 102
61 103
61 106
61 108
61 109
61 112
61 113
61 114
61 115
61 118
61 126
61 129
61 130
61 131
61 135
61 136
61 137
61 138
61 142
61 149
61 150
61 151
61 152
61 153
61 157
61 158
62 63
62 64
62 67
62 72
62 73
62 74
62 75
62 79
62 84
62 89
62 94
62 97
62 101
62 102
62 106
62 108
62 111
62 116
62 128
62 129
62 131
62 133
62 137
62 138
62 139
62 141
62 145
62 150
62 154
62 157
62 158
62 160
62 161
63 64
63 65
63 66
63 69
63 70
63 71
63 72
63 74
63 75
63 77
63 79
63 80
63 82
63 83
63 84
63 86
63 87
63 89
63 92
63 93
63 94
63 97
63 98
63 100
63 101
63 102
63 105
63 106
63 107
63 108
63 111
63 112
63 113
63 114
63 115
63 116
63 117
63 120
63 122
63 126
63 129
63 130
63 131
63 134
63 137
63 138
63 142
63 145
63 146
63 149
63 152
63 154
63 156
63 157
63 158
63 159
63 161
64 65
64 67
64 69
64 71
64 72
64 73
64 74
64 75
64 76
64 77
64 78
64 79
64 80
64 83
64 84
64 86
64 87
64 89
64 90
64 91
64 92
64 94
64 95
64 97
64 100
64 101
64 102
64 103
64 105
64 106
64 107
64 108
64 109
64 111
64 112
64 113
64 114
64 115
64 117
64 118
64 119
64 124
64 125
64 127
64 128
64 129
64 130
64 133
64 135
64 136
64 137
64 138
64 139
64 140
64 141
64 142
64 144
64 145
64 146
64 147
64 150
64 151
64 152
64 153
64 154
64 155
64 156
64 157
64 158
64 159
64 161
65 66
65 67
65 68
65 69
65 70
65 71
65 75
65 78
65 79
65 80
65 81
65 84
65 86
65 88
65 89
65 91
65 92
65 93
65 94
65 95
65 97
65 101
65 102
65 103
65 106
65 108
65 109
65 111
65 113
65 114
65 115
65 116
65 117
65 118
65 123
65 125
65 128
65 129
65 130
65 131
65 133
65 134
65 137
65 138
65 139
65 140
65 143
65 146
65 147
65 148
65 149
65 150
65 151
65 152
65 153
65 154
65 155
65 157
65 158
66 68
66 69
66 74
66 76
66 77
66 81
66 85
66 87
66 88
66 89
66 92
66 94
66 95
66 99
66 101
66 103
66 104
66 105
66 106
66 107
66 108
66 109
66 111
66 113
66 114
66 115
66 117
66 118
66 122
66 125
66 126
66 131
66 133
66 134
66 136
66 137
66 139
66 141
66 142
66 145
66 146
66 147
66 148
66 151
66 154
66 155
66 158
66 159
67 68
67 69
67 70
67 71
67 72
67 74
67 75
67 78
67 79
67 80
67 81
67 82
67 84
67 85
67 86
67 87
67 88
67 89
67 91
67 92
67 93
67 94
67 95
67 96
67 97
67 98
67 99
67 100
67 101
67 102
67 103
67 105
67 106
67 108
67 109
67 110
67 111
67 112
67 113
67 114
67 115
67 116
67 117
67 118
67 121
67 125
67 126
67 129
67 130
67 131
67 132
67 133
67 134
67 135
67 137
67 138
67 140
67 141
67 142
67 143
67 144
67 145
67 146
67 147
67 148
67 149
67 150
67 151
67 152
67 153
67 154
67 155
67 156
67 158
67 159
67 160
67 161
68 69
68 70
68 71
68 72
68 73
68 74
68 75
68 77
68 79
68 82
68 84
68 85
68 86
68 88
68 89
68 90
68 92
68 93
68 94
68 97
68 99
68 100
68 101
68 102
68 103
68 106
68 107
68 108
68 109
68 112
68 113
68 114
68 115
68 116
68 117
68 118
68 119
68 121
68 123
68 124
68 125
68 126
68 127
68 129
68 130
68 131
68 133
68 134
68 135
68 136
68 138
68 139
68 140
68 141
68 142
68 144
68 146
68 147
68 150
68 151
68 152
68 153
68 154
68 157
68 158
68 159
68 160
68 161
69 70
69 71
69 72
69 73
69 74
69 75
69 76
69 77
69 79
69 81
69 83
69 84
69 85
69 86
69 89
69 91
69 93
69 94
69 97
69 98
69 99
69 100
69 101
69 102
69 103
69 104
69 105
69 106
69 107
69 108
69 109
69 110
69 112
69 113
69 114
69 115
69 116
69 117
69 118
69 123
69 125
69 126
69 127
69 129
69 130
69 131
69 133
69 134
69 137
69 138
69 139
69 140
69 142
69 143
69 145
69 146
69 147
69 148
69 149
69 150
69 151
69 152
69 153
69 154
69 156
69 157
69 158
69 159
69 161
70 71
70 72
70 73
70 74
70 75
70 76
70 77
70 81
70 84
70 86
70 87
70 88
70 89
70 90
70 91
70 92
70 93
70 96
70 97
70 98
70 99
70 100
70 101
70 102
70 103
70 104
70 105
70 106
70 107
70 108
70 109
70 110
70 111
70 112
70 113
70 115
70 117
70 118
70 120
70 122
70 129
70 131
70 132
70 133
70 134
70 135
70 138
70 139
70 142
70 143
70 146
70 147
70 149
70 150
70 151
70 152
70 153
70 154
70 156
70 157
70 158
70 159
70 160
70 161
71 72
71 73
71 74
71 75
71 76
71 77
71 78
71 79
71 80
71 83
71 84
71 86
71 87
71 88
71 89
71 91
71 92
71 93
71 94
71 96
71 97
71 98
71 99
71 101
71 102
71 103
71 106
71 107
71 108
71 109
71 112
71 113
71 114
71 115
71 117
71 118
71 123
71 125
71 126
71 128
71 129
71 134
71 135
71 136
71 138
71 140
71 141
71 142
71 143
71 146
71 147
71 149
71 151
71 152
71 154
71 157
71 158
71 160
71 161
72 73
72 74
72 75
72 76
72 79
72 80
72 83
72 84
72 85
72 87
72 88
72 89
72 92
72 93
72 94
72 96
72 97
72 98
72 99
72 101
72 102
72 104
72 105
72 106
72 108
72 109
72 110
72 111
72 112
72 113
72 114
72 115
72 116
72 117
72 118
72 119
72 120
72 125
72 126
72 129
72 130
72 131
72 132
72 133
72 134
72 135
72 136
72 137
72 138
72 139
72 140
72 142
72 145
72 147
72 148
72 149
72 150
72 152
72 153
72 155
72 156
72 157
72 158
72 159
72 160
73 74
73 75
73 77
73 79
73 81
73 82
73 83
73 85
73 89
73 91
73 92
73 93
73 94
73 97
73 99
73 101
73 102
73 106
73 107
73 108
73 109
73 110
73 111
73 112
73 113
73 115
73 117
73 118
73 125
73 126
73 127
73 128
73 129
73 130
73 131
73 133
73 134
73 137
73 139
73 140
73 141
73 142
73 145
73 146
73 147
73 151
73 153
73 154
73 155
73 158
73 160
74 76
74 77
74 79
74 82
74 83
74 84
74 85
74 86
74 88
74 89
74 92
74 93
74 94
74 95
74 96
74 97
74 98
74 100
74 101
74 102
74 103
74 104
74 105
74 106
74 107
74 108
74 109
74 110
74 111
74 112
74 113
74 114
74 115
74 117
74 118
74 119
74 122
74 124
74 126
74 129
74 130
74 131
74 132
74 134
74 135
74 136
74 137
74 138
74 139
74 140
74 141
74 142
74 143
74 145
74 146
74 147
74 148
74 150
74 151
74 152
74 154
74 155
74 156
74 157
74 158
74 159
74 160
74 161
75 76
75 77
75 79
75 80
75 81
75 83
75 84
75 87
75 88
75 89
75 93
75 94
75 95
75 97
75 100
75 101
75 102
75 103
75 104
75 107
75 108
75 111
75 112
75 113
75 114
75 115
75 117
75 119
75 126
75 129
75 135
75 137
75 138
75 139
75 142
75 143
75 147
75 148
75 152
75 154
75 157
75 159
75 161
76 79
76 88
76 89
76 90
76 94
76 95
76 96
76 97
76 99
76 105
76 106
76 108
76 109
76 115
76 121
76 127
76 129
76 130
76 131
76 133
76 134
76 137
76 138
76 140
76 141
76 142
76 143
76 147
76 148
76 151
76 152
76 153
76 157
77 79
77 80
77 82
77 83
77 84
77 85
77 86
77 87
77 88
77 89
77 92
77 93
77 94
77 95
77 97
77 98
77 99
77 101
77 102
77 103
77 108
77 109
77 110
77 111
77 112
77 113
77 114
77 115
77 117
77 118
77 119
77 126
77 127
77 128
77 129
77 131
77 133
77 134
77 135
77 139
77 143
77 144
77 146
77 149
77 151
77 153
77 154
77 155
77 160
78 79
78 86
78 89
78 108
78 113
78 130
78 131
78 145
79 80
79 81
79 82
79 83
79 84
79 86
79 87
79 88
79 89
79 91
79 92
79 94
79 97
79 98
79 99
79 100
79 101
79 102
79 103
79 104
79 105
79 106
79 108
79 109
79 111
79 112
79 113
79 114
79 115
79 117
79 118
79 125
79 126
79 128
79 129
79 130
79 131
79 132
79 133
79 134
79 135
79 136
79 137
79 138
79 139
79 140
79 141
79 142
79 143
79 145
79 146
79 147
79 149
79 150
79 151
79 152
79 153
79 154
79 155
79 156
79 157
79 158
79 159
79 161
80 83
80 85
80 88
80 90
80 91
80 92
80 97
80 98
80 100
80 101
80 107
80 108
80 109
80 111
80 113
80 114
80 115
80 117
80 121
80 125
80 126
80 128
80 129
80 130
80 131
80 133
80 134
80 135
80 137
80 141
80 145
80 146
80 147
80 149
80 150
80 151
80 152
80 154
80 155
80 156
80 157
80 158
80 159
80 161
81 82
81 94
81 96
81 97
81 100
81 102
81 105
81 106
81 107
81 108
81 112
81 117
81 125
81 126
81 128
81 131
81 135
81 138
81 143
81 145
81 146
81 147
81 148
81 151
81 154
81 158
82 84
82 88
82 89
82 91
82 94
82 97
82 99
82 101
82 102
82 103
82 104
82 107
82 111
82 112
82 114
82 115
82 116
82 117
82 118
82 120
82 122
82 129
82 130
82 131
82 133
82 137
82 138
82 142
82 147
82 150
82 153
82 154
82 155
82 156
82 158
82 161
83 86
83 87
83 88
83 92
83 96
83 98
83 101
83 102
83 103
83 104
83 105
83 106
83 112
83 113
83 115
83 117
83 119
83 125
83 126
83 127
83 129
83 130
83 131
83 133
83 134
83 136
83 137
83 138
83 140
83 142
83 145
83 147
83 149
83 151
83 152
83 154
83 157
83 158
83 159
83 161
84 85
84 86
84 87
84 88
84 91
84 94
84 95
84 96
84 97
84 99
84 100
84 101
84 102
84 103
84 105
84 107
84 109
84 110
84 111
84 113
84 114
84 115
84 116
84 117
84 118
84 121
84 122
84 124
84 127
84 128
84 129
84 130
84 131
84 132
84 133
84 134
84 136
84 137
84 138
84 139
84 142
84 143
84 145
84 146
84 148
84 150
84 151
84 153
84 154
84 157
84 158
84 161
85 87
85 88
85 99
85 102
85 103
85 107
85 109
85 112
85 114
85 117
85 118
85 125
85 128
85 129
85 131
85 133
85 134
85 137
85 138
85 142
85 145
85 147
85 149
85 151
85 152
85 156
85 157
85 158
85 160
85 161
86 87
86 89
86 93
86 94
86 98
86 101
86 102
86 103
86 105
86 106
86 107
86 108
86 109
86 113
86 114
86 116
86 119
86 126
86 129
86 131
86 133
86 139
86 145
86 146
86 147
86 149
86 150
86 151
86 152
86 153
86 156
86 157
86 158
86 159
86 161
87 88
87 89
87 92
87 97
87 98
87 101
87 102
87 103
87 104
87 106
87 107
87 108
87 109
87 114
87 115
87 116
87 117
87 118
87 124
87 125
87 126
87 128
87 129
87 130
87 133
87 134
87 136
87 137
87 138
87 139
87 141
87 142
87 143
87 146
87 147
87 148
87 149
87 150
87 151
87 152
87 154
87 155
87 156
87 157
87 158
87 160
87 161
88 90
88 92
88 94
88 97
88 98
88 100
88 102
88 103
88 104
88 106
88 107
88 108
88 109
88 111
88 112
88 113
88 114
88 115
88 116
88 117
88 118
88 119
88 125
88 126
88 127
88 128
88 129
88 130
88 131
88 133
88 135
88 137
88 138
88 140
88 141
88 143
88 145
88 146
88 147
88 149
88 154
88 157
88 158
88 159
88 160
88 161
89 91
89 93
89 94
89 95
89 97
89 98
89 99
89 101
89 102
89 103
89 105
89 106
89 108
89 109
89 110
89 112
89 113
89 114
89 115
89 116
89 117
89 118
89 121
89 124
89 127
89 129
89 130
89 131
89 133
89 134
89 135
89 138
89 139
89 141
89 142
89 146
89 149
89 150
89 151
89 152
89 154
89 155
89 156
89 157
89 158
89 159
89 160
90 91
90 94
90 95
90 98
90 100
90 105
90 106
90 107
90 108
90 113
90 114
90 115
90 116
90 118
90 119
90 129
90 134
90 137
90 138
90 145
90 147
90 151
90 152
90 154
90 158
91 93
91 94
91 97
91 98
91 99
91 100
91 101
91 102
91 105
91 106
91 108
91 109
91 118
91 122
91 125
91 129
91 130
91 133
91 134
91 137
91 138
91 142
91 145
91 146
91 152
91 153
91 154
91 161
92 93
92 94
92 95
92 96
92 97
92 98
92 102
92 106
92 107
92 108
92 109
92 111
92 112
92 114
92 116
92 118
92 128
92 129
92 130
92 131
92 133
92 137
92 139
92 140
92 147
92 151
92 152
92 153
92 154
92 157
92 159
92 160
92 161
93 94
93 96
93 97
93 98
93 99
93 100
93 101
93 102
93 104
93 105
93 106
93 108
93 109
93 110
93 111
93 113
93 114
93 115
93 117
93 118
93 121
93 124
93 125
93 126
93 128
93 129
93 133
93 134
93 137
93 138
93 139
93 142
93 144
93 145
93 146
93 147
93 150
93 152
93 154
93 157
93 158
93 161
94 97
94 98
94 99
94 101
94 102
94 103
94 104
94 105
94 106
94 107
94 109
94 110
94 111
94 112
94 114
94 115
94 117
94 118
94 125
94 127
94 128
94 129
94 130
94 131
94 133
94 134
94 136
94 139
94 142
94 143
94 145
94 146
94 147
94 148
94 149
94 150
94 151
94 152
94 153
94 154
94 155
94 157
94 158
94 159
94 161
95 101
95 102
95 103
95 104
95 105
95 106
95 107
95 110
95 112
95 114
95 115
95 117
95 118
95 119
95 120
95 125
95 131
95 133
95 140
95 142
95 152
95 154
95 158
96 97
96 106
96 108
96 111
96 115
96 117
96 118
96 129
96 131
96 134
96 137
96 138
96 142
96 143
96 145
96 146
96 147
96 149
96 153
96 154
97 98
97 99
97 101
97 105
97 106
97 107
97 108
97 112
97 114
97 116
97 117
97 118
97 122
97 123
97 125
97 126
97 128
97 129
97 131
97 132
97 133
97 134
97 135
97 137
97 138
97 139
97 140
97 141
97 145
97 146
97 147
97 149
97 150
97 151
97 152
97 154
97 157
97 158
97 160
97 161
98 101
98 104
98 105
98 109
98 114
98 115
98 116
98 118
98 119
98 121
98 125
98 126
98 129
98 130
98 133
98 134
98 137
98 139
98 142
98 150
98 151
98 154
99 100
99 101
99 102
99 103
99 106
99 107
99 108
99 109
99 111
99 112
99 113
99 114
99 116
99 117
99 118
99 119
99 120
99 121
99 122
99 125
99 126
99 129
99 130
99 131
99 133
99 137
99 138
99 144
99 146
99 151
99 153
99 156
99 158
99 160
99 161
100 101
100 106
100 108
100 111
100 112
100 114
100 115
100 116
100 118
100 128
100 129
100 131
100 132
100 133
100 137
100 139
100 141
100 142
100 145
100 148
100 151
100 152
100 153
100 157
100 161
101 102
101 103
101 106
101 107
101 108
101 109
101 111
101 113
101 114
101 115
101 116
101 117
101 118
101 121
101 122
101 125
101 127
101 128
101 129
101 131
101 132
101 133
101 134
101 136
101 137
101 138
101 140
101 142
101 143
101 144
101 146
101 147
101 148
101 150
101 151
101 152
101 153
101 156
101 158
101 159
101 160
102 104
102 105
102 106
102 107
102 108
102 112
102 113
102 114
102 116
102 117
102 118
102 119
102 121
102 122
102 124
102 125
102 126
102 129
102 131
102 133
102 137
102 138
102 139
102 142
102 143
102 145
102 146
102 147
102 148
102 149
102 151
102 152
102 154
102 156
102 157
102 158
102 159
102 161
103 104
103 105
103 106
103 110
103 112
103 115
103 116
103 117
103 119
103 125
103 127
103 129
103 131
103 133
103 134
103 138
103 140
103 141
103 143
103 146
103 147
103 148
103 149
103 150
103 151
103 152
103 153
103 154
103 161
104 105
104 108
104 110
104 114
104 115
104 116
104 118
104 125
104 128
104 129
104 130
104 131
104 133
104 136
104 137
104 142
104 146
104 147
104 150
104 152
104 155
104 160
104 161
105 107
105 108
105 109
105 110
105 113
105 114
105 115
105 116
105 117
105 118
105 125
105 129
105 133
105 134
105 136
105 137
105 138
105 139
105 140
105 141
105 142
105 143
105 145
105 146
105 147
105 148
105 149
105 150
105 151
105 152
105 153
105 154
105 155
105 156
105 158
106 107
106 109
106 110
106 111
106 112
106 113
106 114
106 115
106 116
106 117
106 118
106 120
106 122
106 123
106 125
106 127
106 128
106 129
106 131
106 132
106 133
106 134
106 137
106 138
106 139
106 140
106 141
106 142
106 143
106 145
106 146
106 147
106 148
106 149
106 150
106 151
106 152
106 154
106 158
106 159
106 161
107 108
107 109
107 114
107 115
107 116
107 118
107 119
107 121
107 125
107 127
107 130
107 131
107 133
107 135
107 137
107 138
107 141
107 142
107 143
107 146
107 147
107 148
107 149
107 151
107 152
107 153
107 155
107 157
107 159
107 161
108 109
108 112
108 114
108 115
108 116
108 117
108 118
108 120
108 125
108 126
108 128
108 129
108 131
108 132
108 133
108 134
108 135
108 137
108 138
108 139
108 140
108 141
108 142
108 143
108 144
108 145
108 146
108 147
108 149
108 150
108 151
108 153
108 154
108 155
108 157
108 158
108 160
108 161
109 110
109 111
109 112
109 114
109 115
109 116
109 117
109 118
109 124
109 126
109 130
109 131
109 133
109 134
109 135
109 136
109 139
109 141
109 142
109 143
109 146
109 147
109 149
109 151
109 152
109 154
109 155
109 157
109 158
109 159
109 160
109 161
110 112
110 113
110 115
110 117
110 125
110 127
110 129
110 131
110 133
110 134
110 137
110 139
110 142
110 147
110 151
110 154
110 159
111 112
111 113
111 118
111 122
111 124
111 125
111 127
111 129
111 131
111 133
111 134
111 136
111 137
111 138
111 139
111 140
111 142
111 147
111 149
111 150
111 152
111 153
111 154
111 156
111 157
111 158
111 159
111 160
112 113
112 115
112 116
112 117
112 118
112 119
112 125
112 126
112 129
112 130
112 131
112 133
112 134
112 138
112 141
112 143
112 145
112 147
112 149
112 150
112 151
112 152
112 153
112 154
112 155
112 157
112 158
112 161
113 114
113 115
113 116
113 117
113 125
113 129
113 130
113 131
113 132
113 133
113 134
113 135
113 136
113 140
113 142
113 143
113 147
113 148
113 149
113 150
113 151
113 152
113 154
113 155
113 157
113 158
113 159
113 160
113 161
114 115
114 116
114 117
114 118
114 119
114 122
114 125
114 127
114 128
114 131
114 133
114 134
114 137
114 138
114 139
114 141
114 142
114 143
114 144
114 146
114 147
114 149
114 150
114 151
114 153
114 154
114 155
114 157
114 158
114 159
115 116
115 117
115 118
115 119
115 122
115 123
115 126
115 127
115 128
115 129
115 130
115 131
115 133
115 134
115 135
115 137
115 138
115 140
115 141
115 142
115 149
115 150
115 151
115 152
115 153
115 154
115 155
115 156
115 157
115 158
115 159
115 160
115 161
116 118
116 120
116 125
116 126
116 129
116 130
116 131
116 133
116 136
116 137
116 138
116 142
116 145
116 146
116 147
116 151
116 153
116 155
116 158
116 159
117 118
117 120
117 122
117 123
117 125
117 129
117 130
117 131
117 134
117 135
117 136
117 137
117 138
117 139
117 141
117 142
117 143
117 146
117 147
117 148
117 149
117 150
117 151
117 152
117 153
117 154
117 157
117 158
117 160
117 161
118 119
118 124
118 125
118 128
118 129
118 130
118 132
118 133
118 134
118 136
118 137
118 138
118 141
118 142
118 143
118 145
118 147
118 148
118 150
118 151
118 152
118 153
118 154
118 155
118 157
118 158
118 159
118 161
119 135
119 137
119 141
119 146
119 153
119 155
119 158
120 133
120 134
120 135
120 138
120 142
120 151
120 152
120 159
121 131
121 147
121 148
121 155
122 126
122 129
122 130
122 136
122 137
122 138
122 142
122 147
122 149
122 152
122 153
122 157
122 158
122 159
122 160
123 130
123 133
123 136
123 145
123 147
123 152
124 125
124 127
124 136
124 137
124 153
125 126
125 127
125 129
125 130
125 131
125 133
125 134
125 135
125 137
125 139
125 141
125 142
125 143
125 145
125 147
125 150
125 151
125 152
125 154
125 156
125 157
125 158
125 159
125 161
126 129
126 131
126 133
126 135
126 136
126 137
126 138
126 139
126 140
126 142
126 146
126 147
126 151
126 152
126 153
126 154
126 156
126 157
126 158
127 137
127 139
127 142
127 146
127 147
127 148
127 150
127 151
127 155
127 160
127 161
128 133
128 134
128 138
128 140
128 142
128 145
128 147
128 148
128 152
128 154
128 157
128 158
128 159
129 130
129 131
129 133
129 134
129 137
129 138
129 139
129 141
129 142
129 144
129 145
129 146
129 148
129 149
129 150
129 151
129 152
129 153
129 154
129 156
129 157
129 158
129 159
129 160
129 161
130 131
130 133
130 136
130 137
130 138
130 142
130 146
130 147
130 149
130 150
130 154
130 157
130 158
130 159
131 132
131 133
131 134
131 135
131 137
131 138
131 139
131 141
131 142
131 143
131 145
131 147
131 149
131 150
131 152
131 153
131 154
131 156
131 157
131 158
131 159
131 160
131 161
132 136
132 138
132 141
132 150
132 154
132 158
133 134
133 135
133 136
133 138
133 139
133 140
133 141
133 142
133 143
133 144
133 146
133 148
133 149
133 150
133 151
133 152
133 153
133 154
133 155
133 156
133 157
133 158
133 159
133 160
133 161
134 136
134 137
134 138
134 140
134 141
134 142
134 143
134 145
134 146
134 147
134 148
134 149
134 151
134 152
134 153
134 154
134 156
134 157
134 159
134 160
135 137
135 138
135 139
135 140
135 142
135 143
135 147
135 149
135 150
135 153
135 154
135 158
136 138
136 142
136 146
136 148
136 150
136 151
136 153
136 157
136 158
137 138
137 139
137 141
137 142
137 143
137 146
137 147
137 149
137 150
137 152
137 153
137 154
137 157
137 158
137 159
137 160
137 161
138 141
138 142
138 143
138 145
138 147
138 148
138 149
138 150
138 151
138 152
138 153
138 154
138 156
138 157
138 158
138 160
139 141
139 142
139 145
139 146
139 147
139 150
139 151
139 152
139 154
139 158
139 159
139 161
140 142
140 147
140 149
140 152
140 153
140 157
140 158
141 142
141 145
141 146
141 149
141 150
141 152
141 154
141 157
141 160
141 161
142 143
142 144
142 146
142 147
142 149
142 150
142 151
142 152
142 153
142 154
142 155
142 156
142 157
142 158
142 159
142 161
143 145
143 146
143 150
143 151
143 152
143 157
143 160
144 147
144 151
144 158
145 147
145 149
145 152
145 158
146 147
146 148
146 149
146 150
146 151
146 152
146 153
146 161
147 148
147 149
147 150
147 151
147 152
147 153
147 154
147 155
147 156
147 157
147 158
147 159
147 160
147 161
148 150
148 151
148 152
148 153
148 154
148 155
148 158
148 161
149 150
149 151
149 153
149 154
149 156
149 157
149 158
150 151
150 152
150 153
150 154
150 157
150 159
150 160
151 152
151 153
151 154
151 155
151 157
151 159
151 161
152 153
152 154
152 155
152 156
152 157
152 158
152 159
152 160
152 161
153 154
153 157
153 158
153 159
153 160
153 161
154 157
154 161
155 157
155 159
155 161
156 158
156 160
157 158
157 160
157 161
158 159
158 161
159 161
