0 1
0 6
0 11
0 13
0 14
0 19
0 21
0 26
0 30
0 32
0 36
0 37
0 38
0 40
0 45
0 46
0 48
0 49
0 51
0 53
0 54
0 56
0 62
0 63
0 64
0 65
0 66
0 68
0 70
0 71
0 72
0 76
0 77
0 79
0 83
0 87
0 89
0 92
0 93
0 100
0 101
0 102
0 108
0 109
0 111
0 114
0 125
0 129
0 134
0 138
0 139
0 142
0 145
0 151
0 153
0 157
0 158
0 161
1 4
1 6
1 7
1 9
1 11
1 12
1 16
1 19
1 21
1 28
1 30
1 31
1 32
1 33
1 34
1 35
1 38
1 43
1 44
1 46
1 48
1 49
1 50
1 51
1 54
1 55
1 56
1 59
1 60
1 61
1 63
1 64
1 65
1 67
1 70
1 71
1 72
1 73
1 74
1 79
1 81
1 82
1 83
1 88
1 91
1 95
1 97
1 101
1 102
1 103
1 105
1 108
1 109
1 111
1 115
1 116
1 117
1 125
1 131
1 134
1 136
1 138
1 139
1 142
1 143
1 147
1 148
1 150
1 152
1 154
1 157
1 158
1 160
2 11
2 12
2 13
2 14
2 15
2 19
2 21
2 26
2 28
2 31
2 32
2 36
2 38
2 40
2 41
2 43
2 45
2 49
2 51
2 52
2 54
2 59
2 60
2 62
2 64
2 65
2 69
2 70
2 73
2 74
2 75
2 77
2 79
2 81
2 82
2 83
2 92
2 93
2 99
2 101
2 105
2 106
2 108
2 112
2 113
2 114
2 115
2 116
2 117
2 118
2 125
2 126
2 127
2 131
2 133
2 134
2 137
2 139
2 141
2 142
2 147
2 150
2 151
2 152
2 154
2 155
3 4
3 6
3 9
3 12
3 14
3 15
3 21
3 26
3 30
3 33
3 35
3 40
3 42
3 43
3 44
3 47
3 49
3 50
3 51
3 53
3 54
3 59
3 62
3 63
3 64
3 65
3 66
3 67
3 69
3 70
3 71
3 72
3 73
3 77
3 79
3 82
3 86
3 87
3 89
3 92
3 93
3 96
3 100
3 101
3 104
3 105
3 106
3 109
3 111
3 112
3 113
3 114
3 121
3 129
3 130
3 133
3 142
3 145
3 149
3 158
4 5
4 7
4 8
4 9
4 10
4 11
4 12
4 14
4 18
4 19
4 20
4 21
4 24
4 26
4 28
4 29
4 31
4 32
4 34
4 35
4 36
4 37
4 38
4 39
4 40
4 42
4 44
4 46
4 47
4 49
4 50
4 51
4 52
4 53
4 54
4 55
4 56
4 57
4 58
4 60
4 61
4 62
4 63
4 64
4 65
4 66
4 67
4 68
4 69
4 70
4 71
4 72
4 74
4 75
4 76
4 77
4 79
4 80
4 83
4 84
4 88
4 89
4 90
4 95
4 97
4 98
4 99
4 100
4 101
4 102
4 103
4 104
4 106
4 107
4 108
4 109
4 112
4 113
4 114
4 115
4 116
4 117
4 118
4 119
4 124
4 125
4 126
4 127
4 128
4 129
4 130
4 131
4 133
4 134
4 135
4 136
4 137
4 138
4 139
4 140
4 141
4 142
4 143
4 145
4 147
4 149
4 150
4 151
4 152
4 153
4 156
4 157
4 158
5 6
5 7
5 10
5 13
5 14
5 16
5 18
5 31
5 32
5 35
5 42
5 43
5 45
5 49
5 51
5 52
5 58
5 63
5 67
5 68
5 69
5 74
5 77
5 79
5 84
5 85
5 89
5 92
5 93
5 97
5 100
5 102
5 105
5 106
5 109
5 116
5 118
5 121
5 125
5 131
5 132
5 133
5 134
5 137
5 138
5 142
5 145
5 154
6 7
6 8
6 10
6 11
6 13
6 14
6 16
6 18
6 19
6 20
6 21
6 22
6 23
6 25
6 26
6 28
6 29
6 30
6 31
6 33
6 34
6 35
6 36
6 37
6 38
6 40
6 42
6 43
6 44
6 45
6 48
6 49
6 50
6 54
6 55
6 56
6 59
6 60
6 61
6 63
6 64
6 65
6 66
6 67
6 68
6 69
6 70
6 71
6 72
6 73
6 74
6 75
6 77
6 79
6 80
6 83
6 84
6 86
6 87
6 88
6 89
6 91
6 93
6 94
6 96
6 97
6 98
6 99
6 100
6 101
6 102
6 104
6 105
6 106
6 108
6 109
6 110
6 111
6 112
6 114
6 115
6 117
6 118
6 122
6 125
6 126
6 127
6 128
6 130
6 131
6 132
6 133
6 134
6 136
6 137
6 138
6 139
6 140
6 141
6 142
6 145
6 146
6 147
6 149
6 150
6 152
6 154
6 155
6 156
6 157
6 158
6 159
6 161
7 9
7 10
7 11
7 12
7 13
7 14
7 15
7 16
7 17
7 19
7 21
7 25
7 26
7 28
7 29
7 30
7 31
7 32
7 33
7 35
7 36
7 37
7 38
7 39
7 40
7 41
7 42
7 43
7 45
7 46
7 49
7 50
7 51
7 52
7 54
7 56
7 57
7 59
7 60
7 63
7 64
7 65
7 66
7 67
7 68
7 69
7 70
7 72
7 73
7 74
7 75
7 77
7 79
7 82
7 83
7 84
7 86
7 87
7 88
7 90
7 93
7 94
7 95
7 97
7 98
7 100
7 101
7 102
7 103
7 104
7 105
7 106
7 107
7 108
7 109
7 111
7 112
7 113
7 114
7 115
7 117
7 118
7 119
7 120
7 122
7 125
7 127
7 128
7 129
7 130
7 133
7 134
7 135
7 137
7 138
7 139
7 140
7 141
7 142
7 146
7 147
7 150
7 151
7 152
7 153
7 154
7 157
7 158
7 160
8 9
8 10
8 11
8 13
8 14
8 15
8 18
8 26
8 30
8 31
8 41
8 43
8 46
8 49
8 54
8 56
8 67
8 68
8 70
8 71
8 72
8 74
8 75
8 82
8 84
8 87
8 89
8 93
8 97
8 99
8 102
8 103
8 106
8 115
8 116
8 117
8 129
8 130
8 133
8 136
8 138
8 142
8 146
8 147
8 150
8 151
8 153
8 154
8 159
8 160
9 10
9 11
9 14
9 17
9 19
9 20
9 21
9 22
9 25
9 26
9 27
9 28
9 29
9 30
9 31
9 35
9 36
9 40
9 44
9 45
9 46
9 47
9 49
9 52
9 53
9 56
9 57
9 58
9 59
9 61
9 62
9 64
9 65
9 66
9 68
9 70
9 72
9 73
9 74
9 75
9 79
9 80
9 82
9 83
9 85
9 86
9 93
9 94
9 97
9 100
9 101
9 103
9 105
9 106
9 107
9 108
9 109
9 110
9 111
9 113
9 114
9 115
9 117
9 118
9 125
9 126
9 129
9 133
9 135
9 136
9 137
9 138
9 139
9 140
9 142
9 147
9 149
9 150
9 151
9 154
9 157
9 158
9 161
10 11
10 15
10 16
10 19
10 20
10 21
10 22
10 29
10 31
10 32
10 34
10 35
10 40
10 44
10 45
10 48
10 49
10 50
10 51
10 52
10 54
10 56
10 59
10 61
10 62
10 63
10 65
10 66
10 67
10 68
10 69
10 70
10 71
10 72
10 73
10 79
10 83
10 85
10 87
10 90
10 93
10 96
10 98
10 99
10 100
10 102
10 103
10 104
10 108
10 109
10 111
10 112
10 117
10 118
10 119
10 125
10 129
10 130
10 131
10 132
10 133
10 134
10 138
10 139
10 140
10 142
10 143
10 144
10 147
10 148
10 150
10 151
10 155
10 157
10 160
10 161
11 12
11 13
11 14
11 15
11 17
11 18
11 19
11 20
11 21
11 24
11 25
11 26
11 29
11 30
11 31
11 32
11 34
11 35
11 36
11 37
11 38
11 39
11 40
11 41
11 43
11 44
11 45
11 49
11 51
11 52
11 54
11 55
11 57
11 58
11 59
11 61
11 62
11 64
11 65
11 66
11 67
11 69
11 70
11 71
11 72
11 74
11 75
11 77
11 79
11 84
11 88
11 91
11 93
11 95
11 96
11 98
11 99
11 100
11 101
11 104
11 105
11 107
11 109
11 111
11 113
11 114
11 115
11 117
11 118
11 123
11 125
11 130
11 131
11 133
11 134
11 136
11 137
11 139
11 140
11 141
11 142
11 147
11 148
11 149
11 150
11 151
11 152
11 154
11 157
11 158
11 160
11 161
12 18
12 21
12 22
12 23
12 26
12 29
12 30
12 35
12 37
12 38
12 40
12 43
12 44
12 45
12 49
12 50
12 51
12 52
12 55
12 63
12 64
12 66
12 67
12 69
12 70
12 73
12 75
12 77
12 79
12 81
12 83
12 84
12 85
12 86
12 87
12 89
12 92
12 94
12 97
12 98
12 99
12 100
12 102
12 105
12 106
12 107
12 113
12 116
12 117
12 124
12 125
12 126
12 129
12 131
12 133
12 134
12 137
12 138
12 139
12 142
12 143
12 146
12 149
12 150
12 151
12 154
12 156
12 161
13 14
13 16
13 19
13 31
13 38
13 40
13 41
13 42
13 47
13 49
13 50
13 51
13 54
13 55
13 56
13 59
13 63
13 65
13 68
13 69
13 72
13 74
13 79
13 84
13 85
13 87
13 88
13 89
13 91
13 92
13 93
13 97
13 100
13 101
13 102
13 103
13 105
13 108
13 111
13 112
13 114
13 115
13 116
13 118
13 122
13 125
13 129
13 130
13 131
13 133
13 135
13 136
13 137
13 139
13 140
13 142
13 145
13 146
13 147
13 150
13 151
13 153
13 154
13 157
13 158
13 159
14 15
14 18
14 21
14 23
14 25
14 30
14 31
14 32
14 34
14 35
14 36
14 37
14 38
14 40
14 42
14 43
14 44
14 45
14 48
14 49
14 50
14 51
14 52
14 53
14 54
14 55
14 56
14 58
14 59
14 61
14 62
14 63
14 64
14 65
14 66
14 67
14 68
14 69
14 70
14 71
14 72
14 73
14 74
14 75
14 76
14 77
14 79
14 80
14 82
14 83
14 84
14 85
14 86
14 87
14 88
14 89
14 90
14 91
14 92
14 94
14 97
14 98
14 99
14 100
14 101
14 102
14 104
14 105
14 106
14 107
14 108
14 109
14 111
14 112
14 113
14 114
14 115
14 116
14 117
14 118
14 119
14 121
14 123
14 124
14 125
14 126
14 127
14 128
14 130
14 133
14 135
14 138
14 141
14 142
14 143
14 146
14 147
14 148
14 149
14 150
14 154
14 157
14 158
14 160
14 161
15 24
15 26
15 29
15 30
15 31
15 33
15 35
15 40
15 45
15 49
15 54
15 55
15 59
15 63
15 64
15 65
15 67
15 70
15 71
15 72
15 73
15 74
15 76
15 77
15 84
15 86
15 87
15 88
15 89
15 94
15 97
15 100
15 101
15 103
15 108
15 109
15 110
15 112
15 114
15 115
15 118
15 120
15 122
15 125
15 126
15 128
15 129
15 134
15 138
15 140
15 142
15 147
15 148
15 149
15 150
15 153
15 154
15 158
15 159
16 21
16 29
16 30
16 31
16 35
16 38
16 40
16 42
16 44
16 45
16 49
16 51
16 54
16 55
16 56
16 57
16 58
16 62
16 64
16 65
16 68
16 70
16 71
16 72
16 73
16 74
16 75
16 80
16 86
16 87
16 89
16 92
16 93
16 94
16 97
16 99
16 101
16 103
16 105
16 106
16 112
16 113
16 118
16 119
16 125
16 129
16 130
16 134
16 137
16 139
16 141
16 146
16 151
16 153
16 155
16 158
16 161
17 18
17 31
17 32
17 35
17 42
17 44
17 46
17 49
17 64
17 67
17 69
17 71
17 72
17 73
17 79
17 89
17 90
17 93
17 94
17 110
17 113
17 114
17 125
17 134
17 141
18 23
18 24
18 25
18 26
18 29
18 30
18 31
18 32
18 34
18 35
18 38
18 40
18 41
18 44
18 45
18 49
18 51
18 54
18 55
18 56
18 58
18 63
18 64
18 67
18 68
18 70
18 71
18 72
18 73
18 77
18 79
18 80
18 83
18 87
18 97
18 100
18 103
18 104
18 106
18 108
18 109
18 111
18 114
18 115
18 116
18 117
18 118
18 119
18 120
18 128
18 131
18 133
18 134
18 135
18 136
18 137
18 138
18 139
18 141
18 142
18 143
18 150
18 152
18 154
18 158
18 161
19 21
19 23
19 24
19 25
19 26
19 30
19 31
19 33
19 35
19 36
19 37
19 38
19 40
19 42
19 43
19 44
19 45
19 46
19 48
19 49
19 50
19 51
19 52
19 53
19 55
19 56
19 57
19 59
19 60
19 61
19 64
19 66
19 67
19 68
19 69
19 71
19 72
19 73
19 75
19 76
19 77
19 80
19 82
19 84
19 85
19 87
19 88
19 90
19 91
19 93
19 94
19 96
19 97
19 98
19 99
19 101
19 102
19 103
19 105
19 106
19 108
19 111
19 112
19 113
19 114
19 115
19 116
19 117
19 118
19 121
19 125
19 126
19 127
19 130
19 131
19 132
19 133
19 134
19 135
19 136
19 137
19 138
19 139
19 140
19 141
19 142
19 147
19 150
19 151
19 152
19 153
19 154
19 155
19 157
19 158
19 160
19 161
20 26
20 28
20 31
20 32
20 34
20 35
20 36
20 38
20 39
20 40
20 42
20 44
20 49
20 50
20 52
20 54
20 58
20 59
20 65
20 71
20 74
20 75
20 77
20 78
20 79
20 81
20 83
20 87
20 89
20 93
20 94
20 99
20 103
20 107
20 108
20 114
20 115
20 116
20 118
20 125
20 128
20 129
20 130
20 131
20 134
20 139
20 141
20 143
20 146
20 150
20 152
20 154
20 156
20 157
21 22
21 23
21 25
21 26
21 27
21 28
21 29
21 30
21 34
21 35
21 36
21 37
21 38
21 39
21 40
21 42
21 44
21 45
21 48
21 49
21 50
21 51
21 53
21 54
21 55
21 56
21 58
21 59
21 61
21 63
21 64
21 65
21 67
21 68
21 69
21 70
21 71
21 72
21 73
21 74
21 76
21 78
21 79
21 80
21 84
21 86
21 87
21 89
21 91
21 92
21 93
21 96
21 98
21 101
21 102
21 103
21 104
21 105
21 106
21 107
21 108
21 109
21 110
21 112
21 113
21 114
21 115
21 117
21 118
21 119
21 120
21 122
21 125
21 126
21 127
21 128
21 129
21 131
21 135
21 136
21 138
21 140
21 142
21 143
21 145
21 146
21 147
21 148
21 149
21 151
21 152
21 153
21 154
21 155
21 156
21 158
21 159
21 160
21 161
22 25
22 30
22 32
22 34
22 35
22 36
22 39
22 40
22 42
22 44
22 45
22 46
22 49
22 51
22 52
22 54
22 56
22 58
22 64
22 67
22 69
22 71
22 72
22 73
22 74
22 75
22 80
22 82
22 84
22 86
22 87
22 89
22 90
22 94
22 97
22 99
22 101
22 105
22 108
22 113
22 116
22 126
22 129
22 131
22 134
22 137
22 142
22 143
22 144
22 146
22 150
22 151
22 152
22 154
22 157
22 160
23 25
23 26
23 29
23 30
23 31
23 33
23 44
23 45
23 49
23 58
23 65
23 67
23 68
23 70
23 72
23 79
23 80
23 85
23 88
23 89
23 91
23 94
23 95
23 97
23 99
23 101
23 106
23 109
23 112
23 114
23 119
23 120
23 124
23 125
23 126
23 133
23 136
23 137
23 138
23 141
23 151
23 152
23 153
23 157
23 158
23 159
23 161
24 25
24 26
24 30
24 31
24 32
24 35
24 38
24 40
24 51
24 57
24 59
24 61
24 63
24 64
24 65
24 68
24 70
24 71
24 75
24 76
24 77
24 83
24 87
24 97
24 101
24 107
24 108
24 113
24 116
24 117
24 118
24 120
24 121
24 125
24 131
24 134
24 136
24 137
24 142
24 145
24 147
24 152
24 154
24 158
24 160
24 161
25 26
25 29
25 30
25 32
25 33
25 36
25 38
25 40
25 41
25 45
25 49
25 50
25 51
25 54
25 55
25 56
25 57
25 58
25 59
25 61
25 64
25 65
25 66
25 69
25 70
25 71
25 72
25 73
25 74
25 75
25 77
25 79
25 83
25 85
25 87
25 88
25 89
25 90
25 91
25 93
25 94
25 99
25 100
25 101
25 102
25 103
25 105
25 106
25 107
25 109
25 110
25 111
25 112
25 113
25 115
25 116
25 117
25 125
25 130
25 131
25 133
25 136
25 137
25 138
25 139
25 141
25 143
25 147
25 149
25 152
25 153
25 154
25 158
25 159
26 31
26 32
26 33
26 34
26 35
26 36
26 38
26 39
26 40
26 42
26 43
26 44
26 45
26 46
26 47
26 49
26 50
26 52
26 53
26 54
26 56
26 59
26 60
26 64
26 65
26 66
26 67
26 68
26 70
26 71
26 72
26 73
26 74
26 76
26 77
26 79
26 80
26 82
26 84
26 85
26 86
26 87
26 88
26 89
26 90
26 91
26 94
26 99
26 100
26 101
26 102
26 103
26 105
26 106
26 108
26 109
26 110
26 112
26 114
26 115
26 117
26 118
26 121
26 123
26 125
26 126
26 127
26 129
26 130
26 131
26 133
26 134
26 135
26 137
26 138
26 139
26 140
26 141
26 142
26 143
26 145
26 146
26 147
26 149
26 150
26 151
26 152
26 153
26 154
26 156
26 157
26 158
26 159
26 161
27 30
27 31
27 34
27 40
27 43
27 46
27 49
27 51
27 54
27 64
27 65
27 67
27 68
27 75
27 79
27 83
27 93
27 94
27 97
27 99
27 101
27 104
27 108
27 109
27 111
27 116
27 125
27 128
27 129
27 133
27 140
27 141
27 147
27 150
27 153
27 158
27 161
28 29
28 30
28 31
28 35
28 36
28 38
28 40
28 44
28 45
28 49
28 50
28 51
28 52
28 54
28 55
28 63
28 64
28 67
28 68
28 69
28 70
28 72
28 74
28 75
28 78
28 80
28 87
28 89
28 94
28 99
28 101
28 102
28 106
28 108
28 110
28 113
28 115
28 116
28 118
28 120
28 126
28 127
28 128
28 129
28 130
28 131
28 133
28 134
28 137
28 141
28 142
28 147
28 150
28 151
28 152
28 153
28 154
28 157
28 158
29 30
29 36
29 37
29 40
29 45
29 46
29 48
29 49
29 58
29 59
29 64
29 65
29 66
29 67
29 68
29 70
29 71
29 73
29 78
29 80
29 88
29 89
29 91
29 94
29 95
29 97
29 106
29 107
29 108
29 110
29 112
29 113
29 117
29 135
29 137
29 143
29 144
29 145
29 146
29 147
29 148
29 149
29 151
29 152
29 154
29 156
29 157
29 159
30 35
30 36
30 39
30 41
30 43
30 44
30 45
30 46
30 48
30 49
30 50
30 51
30 52
30 53
30 54
30 55
30 56
30 58
30 64
30 65
30 67
30 68
30 69
30 70
30 71
30 72
30 73
30 74
30 75
30 77
30 79
30 81
30 82
30 83
30 84
30 86
30 87
30 88
30 89
30 94
30 95
30 96
30 97
30 98
30 99
30 100
30 101
30 102
30 103
30 104
30 105
30 106
30 107
30 108
30 110
30 113
30 115
30 116
30 117
30 119
30 122
30 123
30 124
30 125
30 127
30 128
30 129
30 133
30 134
30 135
30 136
30 137
30 138
30 140
30 141
30 142
30 143
30 147
30 150
30 151
30 152
30 153
30 154
30 156
30 157
30 158
30 160
30 161
31 32
31 36
31 37
31 38
31 40
31 42
31 43
31 44
31 46
31 47
31 48
31 49
31 50
31 51
31 52
31 54
31 55
31 56
31 59
31 62
31 63
31 64
31 65
31 66
31 67
31 68
31 69
31 70
31 71
31 72
31 74
31 75
31 76
31 77
31 78
31 79
31 80
31 81
31 82
31 83
31 84
31 86
31 87
31 88
31 89
31 90
31 91
31 92
31 93
31 94
31 95
31 96
31 97
31 98
31 99
31 101
31 102
31 103
31 104
31 105
31 106
31 108
31 109
31 110
31 112
31 113
31 114
31 115
31 116
31 117
31 118
31 121
31 123
31 125
31 126
31 128
31 129
31 131
31 133
31 134
31 135
31 137
31 138
31 140
31 141
31 142
31 143
31 144
31 147
31 148
31 149
31 150
31 151
31 152
31 153
31 154
31 155
31 156
31 157
31 158
31 161
32 34
32 35
32 36
32 38
32 39
32 43
32 45
32 46
32 49
32 50
32 52
32 53
32 54
32 56
32 58
32 59
32 63
32 64
32 65
32 66
32 67
32 68
32 69
32 70
32 71
32 72
32 73
32 74
32 75
32 76
32 77
32 79
32 81
32 84
32 85
32 86
32 87
32 89
32 92
32 93
32 94
32 95
32 97
32 98
32 99
32 101
32 102
32 106
32 107
32 108
32 109
32 111
32 112
32 113
32 114
32 116
32 118
32 120
32 122
32 124
32 126
32 127
32 129
32 130
32 133
32 134
32 135
32 136
32 137
32 139
32 140
32 141
32 142
32 144
32 146
32 150
32 151
32 152
32 153
32 154
32 157
32 158
32 159
32 161
33 35
33 46
33 48
33 55
33 56
33 61
33 62
33 63
33 68
33 70
33 71
33 77
33 79
33 80
33 82
33 85
33 87
33 89
33 93
33 94
33 102
33 103
33 108
33 111
33 115
33 117
33 118
33 129
33 130
33 131
33 135
33 139
33 140
33 141
33 149
33 150
33 151
33 152
33 154
33 157
34 35
34 36
34 37
34 38
34 39
34 40
34 43
34 46
34 49
34 51
34 52
34 54
34 55
34 58
34 60
34 64
34 67
34 69
34 70
34 71
34 72
34 73
34 74
34 77
34 79
34 80
34 82
34 86
34 87
34 89
34 98
34 99
34 100
34 101
34 102
34 104
34 106
34 108
34 109
34 110
34 112
34 114
34 115
34 116
34 117
34 128
34 129
34 131
34 132
34 133
34 136
34 138
34 141
34 145
34 147
34 150
34 151
34 152
34 153
34 154
34 161
35 37
35 38
35 42
35 45
35 48
35 49
35 50
35 51
35 54
35 56
35 57
35 59
35 63
35 64
35 68
35 69
35 70
35 71
35 72
35 73
35 74
35 75
35 77
35 79
35 80
35 81
35 83
35 84
35 87
35 88
35 89
35 90
35 93
35 94
35 95
35 96
35 97
35 98
35 99
35 100
35 101
35 103
35 104
35 108
35 109
35 110
35 111
35 112
35 115
35 118
35 122
35 123
35 125
35 129
35 130
35 131
35 133
35 134
35 135
35 137
35 138
35 139
35 140
35 141
35 142
35 143
35 145
35 146
35 147
35 148
35 150
35 151
35 152
35 154
35 155
35 156
35 157
35 158
35 159
35 160
35 161
36 37
36 38
36 39
36 40
36 43
36 44
36 45
36 46
36 49
36 50
36 51
36 52
36 54
36 55
36 56
36 57
36 61
36 62
36 64
36 65
36 66
36 68
36 69
36 70
36 71
36 73
36 74
36 76
36 79
36 80
36 81
36 82
36 83
36 84
36 85
36 87
36 89
36 90
36 92
36 94
36 99
36 101
36 102
36 104
36 105
36 107
36 108
36 109
36 110
36 111
36 112
36 113
36 114
36 115
36 116
36 117
36 118
36 120
36 125
36 127
36 128
36 129
36 131
36 133
36 134
36 135
36 136
36 138
36 139
36 140
36 141
36 145
36 146
36 147
36 148
36 149
36 150
36 151
36 152
36 153
36 154
36 156
36 157
36 158
36 159
36 161
37 38
37 40
37 43
37 44
37 45
37 46
37 49
37 51
37 52
37 54
37 56
37 58
37 61
37 62
37 63
37 65
37 68
37 70
37 71
37 72
37 74
37 75
37 77
37 79
37 82
37 84
37 86
37 89
37 92
37 93
37 94
37 97
37 99
37 102
37 104
37 105
37 106
37 107
37 108
37 109
37 112
37 113
37 115
37 117
37 118
37 119
37 126
37 128
37 129
37 130
37 131
37 135
37 137
37 140
37 144
37 147
37 149
37 150
37 151
37 152
37 153
37 159
38 40
38 41
38 42
38 43
38 44
38 45
38 46
38 47
38 49
38 50
38 51
38 52
38 53
38 54
38 55
38 56
38 58
38 59
38 61
38 63
38 64
38 65
38 66
38 67
38 68
38 70
38 71
38 72
38 73
38 74
38 75
38 77
38 79
38 80
38 86
38 88
38 89
38 90
38 91
38 93
38 94
38 97
38 99
38 101
38 102
38 103
38 104
38 106
38 108
38 109
38 112
38 114
38 115
38 116
38 118
38 119
38 126
38 127
38 128
38 129
38 131
38 133
38 134
38 135
38 137
38 139
38 141
38 142
38 144
38 145
38 147
38 149
38 150
38 151
38 152
38 153
38 154
38 155
38 157
38 158
38 160
38 161
39 40
39 42
39 44
39 46
39 49
39 51
39 52
39 54
39 55
39 56
39 57
39 58
39 61
39 63
39 64
39 65
39 66
39 68
39 69
39 72
39 73
39 74
39 75
39 76
39 77
39 79
39 80
39 81
39 84
39 88
39 92
39 93
39 94
39 97
39 99
39 104
39 106
39 107
39 109
39 111
39 112
39 114
39 115
39 116
39 117
39 118
39 119
39 126
39 130
39 131
39 132
39 133
39 134
39 135
39 137
39 138
39 139
39 147
39 151
39 152
39 153
39 154
39 155
39 157
39 158
39 161
40 41
40 43
40 44
40 45
40 48
40 49
40 50
40 51
40 53
40 54
40 55
40 56
40 60
40 61
40 63
40 65
40 66
40 68
40 69
40 70
40 72
40 73
40 74
40 75
40 76
40 79
40 81
40 84
40 85
40 86
40 87
40 88
40 89
40 91
40 94
40 95
40 96
40 97
40 100
40 101
40 102
40 104
40 106
40 108
40 109
40 113
40 114
40 115
40 116
40 117
40 118
40 119
40 123
40 126
40 129
40 131
40 132
40 133
40 134
40 135
40 136
40 137
40 138
40 140
40 141
40 143
40 144
40 147
40 149
40 150
40 151
40 152
40 153
40 154
40 155
40 157
40 159
40 161
41 45
41 53
41 54
41 68
41 71
41 72
41 79
41 96
41 102
41 103
41 104
41 106
41 107
41 108
41 110
41 117
41 118
41 131
41 137
41 138
41 139
41 142
41 146
41 154
41 157
41 160
42 44
42 45
42 51
42 54
42 55
42 58
42 64
42 66
42 67
42 68
42 69
42 71
42 72
42 74
42 75
42 86
42 92
42 93
42 96
42 97
42 100
42 101
42 103
42 106
42 108
42 109
42 111
42 112
42 113
42 114
42 115
42 116
42 117
42 118
42 122
42 125
42 126
42 128
42 129
42 131
42 134
42 135
42 138
42 143
42 145
42 146
42 149
42 152
42 154
42 161
43 44
43 51
43 52
43 53
43 56
43 59
43 62
43 63
43 64
43 65
43 66
43 68
43 70
43 71
43 72
43 74
43 75
43 77
43 78
43 79
43 84
43 85
43 90
43 93
43 97
43 101
43 102
43 103
43 104
43 105
43 107
43 109
43 112
43 113
43 114
43 118
43 122
43 126
43 131
43 133
43 134
43 135
43 138
43 139
43 140
43 142
43 144
43 146
43 147
43 152
43 155
43 156
43 157
43 161
44 45
44 46
44 49
44 50
44 51
44 52
44 53
44 55
44 56
44 59
44 62
44 65
44 66
44 67
44 68
44 69
44 70
44 72
44 73
44 74
44 76
44 77
44 79
44 82
44 86
44 87
44 89
44 93
44 94
44 95
44 96
44 97
44 99
44 100
44 102
44 103
44 105
44 106
44 107
44 108
44 109
44 111
44 112
44 113
44 114
44 115
44 116
44 117
44 118
44 123
44 127
44 128
44 129
44 130
44 131
44 133
44 135
44 137
44 138
44 139
44 141
44 142
44 143
44 145
44 146
44 148
44 149
44 150
44 151
44 152
44 153
44 154
44 156
44 157
44 158
44 159
44 161
45 48
45 49
45 50
45 51
45 52
45 53
45 58
45 60
45 62
45 64
45 65
45 66
45 67
45 68
45 69
45 70
45 71
45 72
45 74
45 75
45 76
45 77
45 79
45 82
45 84
45 85
45 86
45 87
45 88
45 89
45 91
45 93
45 94
45 95
45 98
45 99
45 100
45 101
45 102
45 103
45 104
45 105
45 106
45 107
45 108
45 109
45 111
45 112
45 114
45 115
45 116
45 118
45 125
45 126
45 129
45 130
45 131
45 133
45 134
45 135
45 137
45 138
45 139
45 142
45 145
45 146
45 147
45 149
45 150
45 151
45 152
45 153
45 154
45 157
45 158
45 159
45 160
46 49
46 51
46 52
46 54
46 57
46 58
46 59
46 61
46 62
46 64
46 65
46 67
46 70
46 73
46 75
46 76
46 79
46 84
46 86
46 89
46 90
46 91
46 95
46 96
46 99
46 101
46 106
46 107
46 108
46 111
46 112
46 113
46 114
46 115
46 117
46 118
46 126
46 127
46 128
46 129
46 131
46 133
46 134
46 135
46 137
46 138
46 140
46 142
46 145
46 146
46 147
46 148
46 150
46 152
46 153
46 156
46 157
46 158
46 161
47 52
47 58
47 60
47 65
47 67
47 69
47 70
47 71
47 73
47 74
47 77
47 79
47 96
47 97
47 101
47 102
47 106
47 112
47 114
47 115
47 117
47 118
47 128
47 131
47 137
47 138
47 154
47 159
48 49
48 55
48 64
48 65
48 68
48 70
48 72
48 73
48 79
48 80
48 85
48 87
48 97
48 98
48 99
48 101
48 106
48 108
48 116
48 126
48 128
48 132
48 134
48 137
48 139
48 142
48 147
48 150
48 151
48 158
48 159
49 50
49 51
49 52
49 53
49 54
49 55
49 56
49 61
49 62
49 63
49 64
49 65
49 66
49 67
49 68
49 69
49 71
49 72
49 73
49 74
49 76
49 77
49 79
49 80
49 81
49 83
49 84
49 86
49 87
49 88
49 89
49 91
49 92
49 93
49 94
49 96
49 99
49 100
49 101
49 102
49 103
49 104
49 105
49 106
49 107
49 109
49 110
49 111
49 112
49 113
49 114
49 115
49 116
49 117
49 119
49 122
49 125
49 126
49 129
49 130
49 131
49 133
49 134
49 135
49 137
49 138
49 139
49 140
49 142
49 146
49 147
49 150
49 151
49 152
49 154
49 155
49 158
49 159
49 160
49 161
50 51
50 52
50 54
50 55
50 56
50 63
50 65
50 66
50 67
50 68
50 69
50 70
50 71
50 72
50 74
50 79
50 80
50 84
50 85
50 86
50 91
50 92
50 93
50 95
50 97
50 99
50 100
50 101
50 106
50 107
50 108
50 109
50 111
50 112
50 113
50 114
50 115
50 116
50 118
50 119
50 123
50 126
50 129
50 130
50 131
50 132
50 133
50 134
50 137
50 138
50 142
50 145
50 146
50 151
50 152
50 154
50 158
50 161
51 52
51 54
51 55
51 56
51 58
51 61
51 62
51 63
51 64
51 65
51 67
51 68
51 69
51 70
51 71
51 73
51 74
51 76
51 77
51 78
51 79
51 80
51 81
51 85
51 86
51 87
51 88
51 89
51 90
51 91
51 92
51 93
51 94
51 95
51 96
51 97
51 99
51 101
51 102
51 105
51 106
51 107
51 108
51 109
51 110
51 111
51 112
51 113
51 115
51 116
51 117
51 118
51 119
51 120
51 124
51 125
51 126
51 128
51 131
51 133
51 134
51 137
51 138
51 141
51 142
51 143
51 147
51 148
51 150
51 151
51 153
51 154
51 155
51 157
51 158
51 159
51 161
52 55
52 56
52 58
52 64
52 65
52 66
52 67
52 72
52 73
52 79
52 82
52 84
52 85
52 86
52 87
52 88
52 89
52 90
52 96
52 97
52 98
52 100
52 105
52 106
52 107
52 111
52 112
52 115
52 117
52 118
52 125
52 126
52 129
52 131
52 133
52 134
52 137
52 138
52 139
52 145
52 146
52 147
52 151
52 152
52 153
52 154
52 157
52 158
52 161
53 54
53 56
53 58
53 61
53 66
53 68
53 69
53 70
53 72
53 75
53 79
53 81
53 85
53 87
53 88
53 89
53 94
53 97
53 101
53 105
53 110
53 111
53 114
53 115
53 116
53 117
53 118
53 127
53 128
53 130
53 131
53 133
53 134
53 137
53 141
53 142
53 147
53 152
53 153
53 154
53 157
53 158
53 161
54 55
54 56
54 60
54 61
54 62
54 63
54 64
54 65
54 66
54 67
54 68
54 69
54 70
54 71
54 72
54 73
54 74
54 76
54 77
54 78
54 79
54 80
54 83
54 84
54 85
54 86
54 87
54 88
54 89
54 90
54 91
54 93
54 96
54 97
54 98
54 99
54 102
54 103
54 104
54 105
54 106
54 107
54 108
54 109
54 112
54 113
54 114
54 115
54 116
54 117
54 118
54 120
54 123
54 124
54 125
54 126
54 127
54 128
54 129
54 130
54 131
54 132
54 133
54 134
54 135
54 136
54 137
54 138
54 139
54 141
54 142
54 144
54 145
54 146
54 147
54 148
54 150
54 151
54 152
54 153
54 154
54 155
54 157
54 158
54 159
54 160
55 56
55 58
55 63
55 64
55 67
55 68
55 69
55 70
55 71
55 72
55 73
55 74
55 75
55 83
55 85
55 97
55 100
55 101
55 106
55 107
55 108
55 110
55 111
55 114
55 115
55 117
55 118
55 121
55 125
55 130
55 131
55 133
55 135
55 138
55 139
55 141
55 142
55 143
55 145
55 146
55 147
55 149
55 150
55 151
55 152
55 153
55 154
55 155
55 158
55 159
56 58
56 59
56 61
56 62
56 63
56 64
56 65
56 66
56 67
56 68
56 69
56 70
56 71
56 72
56 73
56 74
56 76
56 78
56 79
56 83
56 84
56 85
56 87
56 88
56 89
56 91
56 92
56 93
56 94
56 95
56 97
56 99
56 100
56 101
56 102
56 103
56 105
56 106
56 107
56 108
56 109
56 110
56 112
56 114
56 115
56 116
56 117
56 118
56 121
56 122
56 125
56 126
56 127
56 129
56 130
56 133
56 135
56 136
56 137
56 138
56 139
56 141
56 142
56 143
56 146
56 147
56 149
56 150
56 151
56 152
56 154
56 155
56 156
56 157
56 158
57 60
57 70
57 71
57 73
57 78
57 79
57 80
57 85
57 87
57 97
57 101
57 106
57 107
57 109
57 112
57 115
57 118
57 128
57 130
57 133
57 136
57 137
57 138
57 139
57 142
57 146
57 152
58 61
58 63
58 64
58 67
58 68
58 70
58 71
58 72
58 74
58 76
58 79
58 80
58 84
58 85
58 86
58 87
58 89
58 92
58 93
58 94
58 97
58 100
58 101
58 102
58 103
58 106
58 107
58 108
58 112
58 114
58 115
58 117
58 118
58 124
58 125
58 129
58 131
58 132
58 133
58 134
58 135
58 137
58 138
58 139
58 141
58 142
58 143
58 145
58 149
58 151
58 152
58 153
58 154
58 155
58 157
58 158
58 159
58 160
58 161
59 66
59 67
59 68
59 69
59 70
59 71
59 72
59 73
59 75
59 76
59 77
59 79
59 84
59 87
59 89
59 92
59 93
59 94
59 97
59 99
59 102
59 108
59 109
59 112
59 114
59 116
59 117
59 125
59 128
59 129
59 130
59 131
59 133
59 134
59 135
59 136
59 137
59 139
59 141
59 142
59 145
59 146
59 147
59 150
59 151
59 152
59 155
59 157
59 159
60 64
60 70
60 74
60 75
60 79
60 93
60 94
60 97
60 98
60 102
60 106
60 109
60 114
60 118
60 131
60 133
60 134
60 154
60 155
60 158
61 63
61 64
61 66
61 69
61 70
61 71
61 72
61 73
61 74
61 75
61 78
61 79
61 84
61 87
61 88
61 90
61 97
61 99
61 102
61 105
61 106
61 109
61 113
61 114
61 115
61 117
61 119
61 121
61 124
61 125
61 127
61 129
61 131
61 133
61 138
61 139
61 143
61 145
61 146
61 147
61 150
61 157
61 158
61 161
62 65
62 66
62 68
62 70
62 71
62 72
62 74
62 77
62 80
62 84
62 89
62 90
62 94
62 97
62 98
62 101
62 106
62 107
62 108
62 109
62 114
62 115
62 116
62 117
62 125
62 129
62 130
62 131
62 133
62 138
62 140
62 142
62 143
62 147
62 150
62 151
62 152
62 153
62 158
62 159
62 160
63 64
63 65
63 66
63 68
63 71
63 72
63 74
63 75
63 76
63 79
63 80
63 81
63 84
63 85
63 86
63 88
63 89
63 91
63 93
63 95
63 96
63 97
63 101
63 102
63 105
63 106
63 107
63 108
63 110
63 112
63 113
63 114
63 115
63 117
63 118
63 121
63 122
63 125
63 128
63 129
63 130
63 131
63 133
63 134
63 137
63 138
63 139
63 142
63 145
63 147
63 149
63 150
63 153
63 154
63 155
63 157
63 158
63 161
64 65
64 66
64 67
64 68
64 70
64 71
64 72
64 74
64 75
64 77
64 79
64 80
64 82
64 83
64 84
64 85
64 86
64 87
64 88
64 89
64 90
64 91
64 92
64 93
64 97
64 98
64 99
64 101
64 102
64 103
64 105
64 107
64 108
64 109
64 110
64 111
64 112
64 113
64 114
64 115
64 116
64 117
64 118
64 119
64 125
64 126
64 127
64 128
64 129
64 131
64 133
64 134
64 136
64 138
64 139
64 140
64 141
64 143
64 145
64 146
64 147
64 148
64 149
64 150
64 151
64 152
64 154
64 155
64 160
64 161
65 67
65 68
65 70
65 72
65 73
65 74
65 76
65 77
65 79
65 80
65 81
65 84
65 89
65 90
65 91
65 92
65 93
65 100
65 101
65 102
65 105
65 106
65 107
65 108
65 109
65 112
65 113
65 114
65 115
65 116
65 117
65 118
65 125
65 126
65 127
65 129
65 130
65 131
65 132
65 133
65 134
65 136
65 137
65 139
65 141
65 142
65 144
65 145
65 147
65 148
65 150
65 151
65 154
65 157
65 158
65 159
66 67
66 68
66 70
66 72
66 73
66 74
66 75
66 76
66 79
66 82
66 84
66 85
66 88
66 89
66 90
66 91
66 93
66 96
66 97
66 103
66 104
66 106
66 107
66 108
66 113
66 114
66 115
66 116
66 117
66 118
66 125
66 130
66 131
66 132
66 133
66 134
66 135
66 137
66 139
66 140
66 141
66 142
66 143
66 144
66 146
66 149
66 150
66 152
66 158
66 160
67 68
67 69
67 70
67 71
67 72
67 73
67 74
67 75
67 76
67 77
67 79
67 80
67 81
67 82
67 83
67 84
67 85
67 86
67 87
67 88
67 89
67 91
67 92
67 94
67 95
67 97
67 98
67 99
67 100
67 101
67 106
67 107
67 108
67 109
67 111
67 112
67 113
67 115
67 117
67 118
67 119
67 120
67 123
67 125
67 126
67 129
67 132
67 133
67 134
67 135
67 136
67 138
67 139
67 141
67 142
67 146
67 148
67 149
67 150
67 151
67 152
67 153
67 154
67 157
67 159
67 161
68 69
68 70
68 72
68 73
68 74
68 75
68 76
68 77
68 79
68 80
68 81
68 83
68 85
68 88
68 89
68 90
68 92
68 94
68 95
68 96
68 97
68 99
68 100
68 101
68 102
68 104
68 106
68 108
68 109
68 110
68 111
68 112
68 113
68 114
68 115
68 116
68 117
68 126
68 127
68 128
68 129
68 130
68 131
68 133
68 134
68 135
68 137
68 138
68 139
68 140
68 141
68 142
68 143
68 144
68 145
68 146
68 147
68 148
68 149
68 150
68 151
68 152
68 153
68 154
68 155
68 157
68 158
68 159
68 160
68 161
69 70
69 71
69 72
69 74
69 75
69 77
69 79
69 84
69 86
69 89
69 90
69 91
69 93
69 94
69 95
69 97
69 98
69 101
69 102
69 103
69 104
69 105
69 106
69 107
69 109
69 110
69 111
69 112
69 113
69 114
69 115
69 116
69 118
69 119
69 122
69 125
69 126
69 128
69 129
69 131
69 133
69 134
69 136
69 137
69 138
69 139
69 141
69 142
69 143
69 147
69 148
69 149
69 150
69 151
69 152
69 153
69 154
69 155
69 157
69 158
69 160
69 161
70 71
70 72
70 73
70 75
70 77
70 79
70 80
70 81
70 83
70 84
70 85
70 87
70 88
70 89
70 92
70 94
70 95
70 96
70 97
70 98
70 99
70 100
70 101
70 102
70 103
70 106
70 107
70 108
70 109
70 111
70 113
70 114
70 115
70 117
70 118
70 119
70 121
70 125
70 126
70 127
70 130
70 131
70 132
70 133
70 134
70 135
70 136
70 137
70 138
70 139
70 141
70 142
70 143
70 145
70 146
70 147
70 149
70 150
70 151
70 152
70 153
70 154
70 155
70 158
70 159
70 161
71 72
71 73
71 74
71 75
71 77
71 78
71 79
71 80
71 81
71 82
71 84
71 87
71 88
71 89
71 91
71 92
71 93
71 96
71 98
71 99
71 100
71 101
71 102
71 103
71 104
71 105
71 106
71 107
71 109
71 113
71 114
71 115
71 117
71 118
71 124
71 125
71 126
71 128
71 129
71 130
71 131
71 133
71 135
71 137
71 138
71 139
71 140
71 142
71 143
71 145
71 146
71 147
71 149
71 150
71 151
71 152
71 154
71 155
71 156
71 158
71 159
72 73
72 74
72 76
72 77
72 79
72 83
72 87
72 88
72 89
72 91
72 93
72 94
72 95
72 97
72 99
72 101
72 102
72 104
72 105
72 107
72 108
72 110
72 111
72 112
72 114
72 117
72 118
72 119
72 121
72 122
72 124
72 125
72 126
72 131
72 133
72 134
72 135
72 136
72 137
72 138
72 139
72 140
72 141
72 142
72 143
72 146
72 147
72 148
72 150
72 151
72 152
72 153
72 154
72 155
72 156
72 157
72 158
72 160
72 161
73 74
73 75
73 77
73 79
73 84
73 86
73 87
73 89
73 90
73 92
73 93
73 98
73 99
73 101
73 106
73 108
73 109
73 112
73 113
73 114
73 115
73 118
73 120
73 125
73 126
73 128
73 129
73 130
73 131
73 132
73 133
73 134
73 135
73 137
73 138
73 139
73 140
73 142
73 143
73 144
73 146
73 147
73 148
73 149
73 152
73 153
73 154
73 155
73 157
73 158
73 161
74 75
74 77
74 79
74 82
74 84
74 85
74 86
74 87
74 89
74 91
74 93
74 94
74 96
74 97
74 98
74 99
74 101
74 102
74 103
74 105
74 107
74 108
74 109
74 110
74 111
74 114
74 115
74 117
74 118
74 119
74 120
74 122
74 124
74 125
74 126
74 127
74 128
74 130
74 131
74 132
74 134
74 135
74 136
74 137
74 138
74 139
74 141
74 142
74 143
74 145
74 147
74 148
74 149
74 150
74 151
74 152
74 153
74 154
74 155
74 156
74 157
74 158
74 159
74 160
74 161
75 77
75 79
75 80
75 81
75 82
75 88
75 89
75 93
75 95
75 96
75 97
75 99
75 101
75 102
75 105
75 106
75 107
75 108
75 109
75 110
75 112
75 113
75 114
75 116
75 117
75 118
75 125
75 126
75 127
75 129
75 130
75 131
75 133
75 134
75 137
75 138
75 139
75 140
75 145
75 147
75 151
75 152
75 155
75 158
75 161
76 79
76 80
76 82
76 83
76 84
76 93
76 94
76 95
76 96
76 100
76 102
76 103
76 106
76 108
76 109
76 112
76 114
76 118
76 126
76 129
76 131
76 133
76 134
76 135
76 137
76 138
76 147
76 150
76 151
76 152
76 153
76 154
76 158
76 159
76 160
76 161
77 79
77 80
77 81
77 84
77 87
77 89
77 94
77 97
77 101
77 103
77 104
77 105
77 106
77 107
77 108
77 111
77 112
77 113
77 114
77 115
77 117
77 118
77 125
77 128
77 130
77 131
77 135
77 136
77 137
77 138
77 139
77 140
77 142
77 143
77 145
77 147
77 149
77 150
77 151
77 152
77 153
77 154
77 156
77 157
77 158
77 159
77 161
78 79
78 83
78 91
78 94
78 99
78 102
78 106
78 108
78 115
78 116
78 127
78 128
78 129
78 143
78 145
78 147
78 149
78 150
78 158
78 159
79 80
79 81
79 84
79 87
79 88
79 90
79 91
79 92
79 93
79 94
79 95
79 98
79 100
79 101
79 102
79 103
79 105
79 106
79 107
79 108
79 109
79 110
79 111
79 112
79 113
79 114
79 115
79 116
79 117
79 118
79 119
79 121
79 126
79 127
79 128
79 129
79 130
79 131
79 133
79 134
79 135
79 138
79 139
79 141
79 142
79 143
79 146
79 149
79 151
79 153
79 154
79 155
79 157
79 158
79 159
80 82
80 83
80 84
80 87
80 88
80 89
80 94
80 97
80 100
80 101
80 102
80 103
80 104
80 108
80 109
80 111
80 114
80 115
80 116
80 117
80 118
80 127
80 130
80 131
80 132
80 133
80 134
80 136
80 138
80 142
80 145
80 146
80 147
80 150
80 151
80 152
80 155
80 157
80 158
80 159
80 160
81 82
81 84
81 86
81 91
81 95
81 99
81 102
81 103
81 105
81 106
81 110
81 111
81 112
81 113
81 114
81 115
81 116
81 117
81 118
81 125
81 129
81 134
81 137
81 138
81 143
81 151
81 157
81 158
81 159
81 161
82 84
82 87
82 89
82 94
82 100
82 103
82 104
82 105
82 107
82 108
82 110
82 111
82 112
82 113
82 114
82 117
82 118
82 125
82 126
82 130
82 131
82 134
82 139
82 145
82 146
82 147
82 150
82 151
82 158
82 159
82 160
82 161
83 92
83 93
83 97
83 99
83 101
83 106
83 108
83 110
83 114
83 115
83 117
83 119
83 125
83 126
83 129
83 133
83 137
83 138
83 139
83 140
83 146
83 147
83 149
83 150
83 151
83 154
83 155
83 158
84 87
84 88
84 89
84 92
84 94
84 97
84 98
84 99
84 102
84 103
84 104
84 105
84 106
84 107
84 108
84 109
84 110
84 111
84 112
84 114
84 115
84 116
84 117
84 118
84 119
84 121
84 123
84 125
84 126
84 127
84 129
84 130
84 131
84 132
84 133
84 134
84 135
84 136
84 137
84 138
84 141
84 142
84 145
84 147
84 150
84 151
84 152
84 153
84 154
84 155
84 156
84 158
84 159
84 160
84 161
85 88
85 89
85 97
85 101
85 102
85 110
85 113
85 115
85 117
85 118
85 131
85 133
85 134
85 137
85 141
85 142
85 146
85 147
85 152
85 154
85 155
85 157
85 158
85 160
86 87
86 88
86 89
86 93
86 96
86 100
86 101
86 109
86 112
86 113
86 115
86 118
86 125
86 129
86 130
86 131
86 134
86 136
86 138
86 140
86 142
86 145
86 147
86 149
86 150
86 151
86 152
86 153
86 156
86 158
86 159
87 88
87 89
87 91
87 94
87 97
87 101
87 103
87 105
87 106
87 109
87 111
87 112
87 113
87 114
87 115
87 116
87 117
87 118
87 120
87 124
87 125
87 128
87 129
87 130
87 131
87 132
87 133
87 135
87 137
87 138
87 139
87 141
87 142
87 146
87 148
87 151
87 152
87 153
87 154
87 158
87 159
87 161
88 89
88 92
88 97
88 99
88 100
88 102
88 105
88 106
88 107
88 110
88 111
88 114
88 115
88 120
88 122
88 126
88 129
88 130
88 133
88 134
88 137
88 138
88 142
88 143
88 147
88 150
88 151
88 152
88 153
88 154
88 155
88 157
88 158
88 161
89 91
89 93
89 94
89 95
89 97
89 98
89 99
89 100
89 101
89 102
89 103
89 104
89 105
89 106
89 107
89 108
89 109
89 110
89 112
89 113
89 114
89 115
89 117
89 118
89 122
89 125
89 126
89 127
89 128
89 129
89 130
89 131
89 132
89 133
89 134
89 136
89 137
89 138
89 139
89 140
89 141
89 142
89 144
89 145
89 146
89 147
89 149
89 150
89 151
89 153
89 154
89 155
89 157
89 158
89 159
89 160
89 161
90 93
90 97
90 100
90 102
90 105
90 112
90 113
90 114
90 115
90 116
90 117
90 131
90 133
90 137
90 139
90 141
90 142
90 144
90 150
90 152
90 161
91 94
91 97
91 101
91 106
91 108
91 112
91 113
91 114
91 116
91 117
91 118
91 125
91 126
91 128
91 129
91 132
91 133
91 134
91 135
91 138
91 139
91 142
91 143
91 152
91 154
91 155
91 158
91 159
92 93
92 97
92 101
92 106
92 109
92 110
92 113
92 114
92 118
92 128
92 129
92 130
92 133
92 136
92 137
92 140
92 141
92 142
92 143
92 146
92 147
92 150
92 151
92 152
92 154
92 155
92 161
93 94
93 95
93 99
93 100
93 101
93 102
93 103
93 105
93 106
93 107
93 108
93 109
93 111
93 112
93 113
93 114
93 115
93 116
93 117
93 118
93 119
93 126
93 127
93 129
93 130
93 133
93 134
93 136
93 137
93 138
93 139
93 140
93 141
93 142
93 145
93 146
93 147
93 148
93 149
93 150
93 151
93 152
93 153
93 161
94 95
94 97
94 100
94 101
94 102
94 104
94 105
94 106
94 107
94 108
94 109
94 111
94 112
94 113
94 117
94 118
94 120
94 121
94 124
94 125
94 126
94 127
94 129
94 130
94 131
94 133
94 134
94 135
94 137
94 138
94 141
94 142
94 143
94 145
94 147
94 148
94 150
94 151
94 152
94 153
94 154
94 155
94 157
94 158
94 160
94 161
95 97
95 98
95 101
95 102
95 109
95 115
95 116
95 117
95 118
95 125
95 126
95 129
95 133
95 134
95 136
95 138
95 139
95 142
95 143
95 145
95 146
95 147
95 150
95 151
95 152
95 155
95 157
95 159
96 97
96 98
96 100
96 102
96 104
96 107
96 108
96 114
96 115
96 116
96 131
96 137
96 140
96 142
96 146
96 147
96 150
96 151
96 161
97 98
97 99
97 100
97 101
97 103
97 104
97 108
97 109
97 110
97 112
97 113
97 114
97 115
97 116
97 118
97 121
97 125
97 127
97 128
97 133
97 134
97 135
97 137
97 138
97 141
97 142
97 143
97 146
97 148
97 150
97 151
97 152
97 153
97 154
97 155
97 157
97 159
97 161
98 101
98 102
98 104
98 107
98 108
98 110
98 112
98 114
98 117
98 125
98 129
98 130
98 132
98 139
98 140
98 145
98 146
98 147
98 152
98 157
99 101
99 102
99 103
99 104
99 106
99 107
99 108
99 109
99 110
99 112
99 114
99 115
99 116
99 117
99 118
99 119
99 122
99 125
99 126
99 127
99 129
99 130
99 131
99 132
99 133
99 137
99 138
99 139
99 141
99 142
99 145
99 146
99 147
99 148
99 149
99 150
99 151
99 152
99 156
99 157
99 158
99 160
100 101
100 103
100 106
100 109
100 111
100 112
100 113
100 114
100 115
100 116
100 117
100 122
100 124
100 125
100 129
100 130
100 131
100 134
100 137
100 138
100 139
100 140
100 142
100 147
100 149
100 152
100 153
100 154
100 158
100 161
101 102
101 104
101 105
101 106
101 107
101 108
101 109
101 110
101 111
101 113
101 114
101 115
101 116
101 117
101 118
101 119
101 120
101 122
101 125
101 126
101 127
101 128
101 129
101 130
101 131
101 133
101 134
101 135
101 136
101 137
101 138
101 139
101 141
101 142
101 143
101 145
101 146
101 147
101 150
101 151
101 152
101 153
101 154
101 155
101 157
101 158
101 159
101 160
101 161
102 104
102 105
102 106
102 108
102 109
102 110
102 111
102 112
102 113
102 114
102 115
102 117
102 118
102 119
102 125
102 126
102 127
102 129
102 131
102 133
102 135
102 136
102 137
102 138
102 139
102 140
102 143
102 146
102 147
102 148
102 149
102 150
102 151
102 152
102 153
102 154
102 155
102 156
102 157
102 158
102 160
103 104
103 105
103 106
103 107
103 108
103 112
103 114
103 115
103 116
103 118
103 123
103 126
103 129
103 131
103 133
103 137
103 138
103 139
103 144
103 149
103 151
103 153
103 154
103 157
103 158
103 159
103 160
104 112
104 114
104 116
104 118
104 125
104 126
104 127
104 129
104 130
104 131
104 134
104 135
104 138
104 139
104 142
104 143
104 147
104 150
104 151
104 152
104 153
104 158
104 161
105 106
105 107
105 108
105 110
105 111
105 115
105 117
105 118
105 119
105 122
105 124
105 125
105 126
105 127
105 129
105 130
105 131
105 134
105 137
105 138
105 140
105 141
105 142
105 143
105 146
105 147
105 148
105 149
105 150
105 151
105 152
105 154
105 157
105 158
105 160
106 108
106 109
106 110
106 111
106 112
106 113
106 115
106 116
106 117
106 118
106 119
106 124
106 125
106 126
106 128
106 129
106 130
106 131
106 132
106 133
106 134
106 135
106 137
106 138
106 139
106 141
106 142
106 143
106 144
106 145
106 147
106 148
106 149
106 151
106 152
106 154
106 155
106 157
106 158
106 159
106 160
106 161
107 108
107 109
107 113
107 114
107 115
107 117
107 118
107 119
107 121
107 128
107 129
107 131
107 134
107 135
107 139
107 141
107 142
107 144
107 147
107 149
107 150
107 152
107 153
107 154
107 155
107 156
107 160
108 109
108 110
108 112
108 113
108 114
108 115
108 116
108 117
108 118
108 121
108 125
108 129
108 130
108 131
108 132
108 133
108 134
108 135
108 136
108 137
108 138
108 141
108 142
108 144
108 146
108 147
108 148
108 150
108 151
108 152
108 153
108 154
108 157
108 158
108 161
109 111
109 112
109 113
109 115
109 116
109 118
109 120
109 125
109 126
109 127
109 129
109 130
109 131
109 132
109 133
109 134
109 135
109 137
109 139
109 141
109 142
109 143
109 145
109 146
109 147
109 148
109 150
109 151
109 152
109 153
109 154
109 155
109 156
109 157
109 158
109 160
109 161
110 112
110 113
110 114
110 115
110 116
110 118
110 120
110 125
110 126
110 129
110 132
110 134
110 138
110 141
110 144
110 146
110 147
110 152
110 154
110 158
110 160
110 161
111 114
111 116
111 117
111 126
111 127
111 129
111 131
111 134
111 136
111 137
111 138
111 139
111 145
111 146
111 147
111 148
111 150
111 151
111 152
111 154
111 155
111 156
111 158
111 159
111 161
112 114
112 115
112 117
112 118
112 122
112 125
112 128
112 129
112 130
112 131
112 133
112 134
112 135
112 137
112 138
112 142
112 143
112 144
112 146
112 148
112 149
112 152
112 155
112 156
112 157
112 158
112 159
112 160
112 161
113 115
113 116
113 117
113 118
113 119
113 120
113 121
113 126
113 129
113 130
113 133
113 134
113 135
113 136
113 138
113 141
113 142
113 143
113 145
113 146
113 147
113 149
113 151
113 152
113 153
113 154
113 155
113 158
113 159
114 115
114 116
114 117
114 119
114 122
114 123
114 125
114 126
114 129
114 131
114 132
114 133
114 134
114 135
114 137
114 138
114 139
114 141
114 143
114 145
114 146
114 147
114 149
114 150
114 151
114 152
114 153
114 154
114 156
114 158
114 159
114 161
115 116
115 117
115 118
115 123
115 125
115 126
115 129
115 130
115 133
115 134
115 135
115 136
115 137
115 138
115 139
115 141
115 142
115 145
115 146
115 149
115 150
115 151
115 152
115 154
115 155
115 157
115 158
115 159
115 160
115 161
116 118
116 122
116 125
116 126
116 131
116 133
116 134
116 136
116 137
116 142
116 145
116 150
116 151
116 152
116 153
116 154
116 156
116 157
116 158
116 159
116 161
117 118
117 128
117 130
117 131
117 133
117 135
117 137
117 138
117 139
117 140
117 141
117 142
117 143
117 146
117 147
117 149
117 150
117 151
117 152
117 154
117 157
117 158
117 159
118 119
118 125
118 128
118 129
118 130
118 131
118 133
118 134
118 135
118 136
118 137
118 138
118 139
118 140
118 141
118 142
118 143
118 144
118 145
118 146
118 147
118 148
118 149
118 150
118 151
118 152
118 153
118 155
118 156
118 157
118 158
119 129
119 130
119 131
119 133
119 137
119 140
119 145
119 157
119 161
120 131
120 134
120 138
120 142
120 147
120 151
120 157
121 124
121 127
121 131
121 138
121 141
121 142
121 147
121 150
121 159
121 161
122 139
122 145
122 154
122 157
123 126
123 129
123 131
123 134
123 147
123 150
123 152
123 159
124 129
124 131
124 133
124 142
124 147
124 150
124 152
124 154
125 126
125 127
125 129
125 130
125 131
125 133
125 134
125 135
125 136
125 137
125 138
125 139
125 140
125 141
125 142
125 143
125 146
125 148
125 149
125 151
125 152
125 153
125 154
125 155
125 156
125 157
125 158
125 159
125 160
125 161
126 129
126 130
126 131
126 136
126 137
126 138
126 139
126 140
126 142
126 146
126 147
126 149
126 150
126 154
126 155
126 158
126 159
127 129
127 130
127 134
127 138
127 141
127 146
127 147
127 150
127 153
127 154
127 158
127 159
127 161
128 129
128 130
128 133
128 135
128 141
128 142
128 145
128 146
128 150
128 151
128 153
128 154
128 159
128 161
129 130
129 131
129 132
129 134
129 136
129 137
129 138
129 139
129 142
129 143
129 145
129 146
129 147
129 148
129 149
129 150
129 151
129 152
129 153
129 154
129 155
129 156
129 158
129 160
130 131
130 133
130 134
130 137
130 140
130 141
130 142
130 145
130 146
130 147
130 152
130 153
130 154
130 155
130 157
130 158
130 161
131 133
131 134
131 135
131 136
131 138
131 139
131 140
131 142
131 143
131 144
131 145
131 146
131 147
131 148
131 149
131 150
131 151
131 152
131 153
131 155
131 156
131 157
131 158
131 159
131 160
132 136
132 137
132 138
132 153
132 154
132 157
132 158
132 161
133 136
133 137
133 138
133 142
133 143
133 145
133 147
133 148
133 150
133 151
133 152
133 153
133 154
133 155
133 158
133 159
133 160
133 161
134 137
134 138
134 141
134 144
134 146
134 147
134 148
134 149
134 150
134 151
134 152
134 153
134 154
134 159
134 161
135 137
135 138
135 140
135 142
135 143
135 145
135 147
135 150
135 151
135 152
135 154
135 155
135 157
135 158
135 160
135 161
136 137
136 142
136 143
136 147
136 153
136 157
136 159
136 161
137 138
137 139
137 140
137 141
137 142
137 145
137 146
137 147
137 148
137 152
137 153
137 154
137 157
137 158
137 159
137 160
137 161
138 139
138 140
138 141
138 142
138 143
138 145
138 147
138 148
138 149
138 150
138 151
138 152
138 153
138 155
138 157
138 158
138 159
138 160
138 161
139 142
139 144
139 146
139 147
139 148
139 149
139 150
139 152
139 153
139 157
139 158
139 161
140 141
140 142
140 150
140 151
140 152
140 155
140 157
140 160
141 142
141 146
141 148
141 149
141 150
141 151
141 152
141 154
141 156
141 157
141 159
141 160
142 143
142 145
142 146
142 147
142 148
142 150
142 151
142 152
142 154
142 158
142 159
142 160
142 161
143 147
143 149
143 151
143 152
143 155
143 161
144 146
145 146
145 147
145 149
145 150
145 151
145 152
145 153
145 154
145 157
145 158
146 147
146 149
146 150
146 152
146 153
146 154
146 155
146 158
146 159
146 160
147 148
147 149
147 150
147 151
147 152
147 153
147 154
147 155
147 157
147 158
147 159
148 150
148 151
148 152
148 154
148 159
149 151
149 152
149 154
149 155
149 158
150 151
150 152
150 153
150 154
150 157
150 158
150 159
150 160
150 161
151 152
151 153
151 154
151 156
151 157
151 158
151 160
151 161
152 154
152 155
152 156
152 157
152 158
153 154
153 157
153 158
153 159
153 160
153 161
154 155
154 156
154 157
154 158
154 159
154 160
154 161
155 157
155 158
155 159
156 157
156 158
157 158
157 159
157 160
157 161
158 159
158 160
158 161
159 161
