0 7
0 9
0 10
0 12
0 14
0 18
0 19
0 24
0 25
0 26
0 27
0 28
0 30
0 31
0 35
0 46
0 48
0 49
0 51
0 54
0 55
0 56
0 64
0 66
0 67
0 68
0 70
0 72
0 74
0 77
0 80
0 81
0 83
0 84
0 87
0 97
0 98
0 99
0 106
0 110
0 113
0 115
0 118
0 126
0 135
0 139
0 141
0 142
0 147
0 151
0 152
0 157
0 161
1 2
1 4
1 6
1 7
1 9
1 10
1 12
1 14
1 18
1 19
1 20
1 21
1 22
1 24
1 25
1 31
1 32
1 33
1 34
1 35
1 36
1 37
1 38
1 39
1 40
1 44
1 48
1 49
1 53
1 55
1 56
1 58
1 61
1 64
1 65
1 66
1 67
1 69
1 71
1 72
1 77
1 79
1 83
1 84
1 89
1 91
1 94
1 97
1 98
1 101
1 106
1 113
1 114
1 116
1 117
1 118
1 119
1 122
1 130
1 131
1 132
1 133
1 134
1 137
1 138
1 139
1 140
1 142
1 146
1 147
1 149
1 152
1 153
1 154
1 156
1 157
2 4
2 10
2 15
2 19
2 21
2 25
2 26
2 29
2 32
2 37
2 38
2 40
2 45
2 54
2 61
2 64
2 65
2 66
2 68
2 69
2 71
2 73
2 74
2 76
2 79
2 83
2 88
2 89
2 93
2 97
2 100
2 102
2 105
2 106
2 108
2 109
2 111
2 113
2 114
2 117
2 125
2 127
2 129
2 131
2 138
2 146
2 151
2 152
2 153
2 154
2 155
2 157
2 160
2 161
3 6
3 11
3 14
3 15
3 16
3 19
3 20
3 21
3 26
3 31
3 36
3 37
3 40
3 42
3 49
3 52
3 55
3 56
3 58
3 61
3 65
3 67
3 72
3 73
3 74
3 75
3 77
3 83
3 84
3 85
3 89
3 96
3 99
3 101
3 102
3 106
3 108
3 113
3 114
3 115
3 117
3 118
3 129
3 131
3 133
3 134
3 137
3 140
3 142
3 145
3 146
3 147
3 152
3 154
3 155
3 160
4 6
4 7
4 9
4 10
4 11
4 15
4 17
4 18
4 19
4 21
4 22
4 24
4 25
4 26
4 30
4 31
4 32
4 35
4 36
4 37
4 39
4 42
4 43
4 44
4 45
4 48
4 49
4 50
4 51
4 53
4 54
4 55
4 56
4 57
4 58
4 59
4 60
4 61
4 62
4 63
4 64
4 65
4 66
4 67
4 68
4 69
4 70
4 71
4 72
4 73
4 74
4 76
4 77
4 78
4 79
4 80
4 84
4 86
4 87
4 89
4 90
4 93
4 95
4 96
4 98
4 99
4 101
4 103
4 105
4 106
4 107
4 108
4 109
4 110
4 112
4 113
4 114
4 115
4 118
4 119
4 120
4 121
4 122
4 123
4 125
4 126
4 127
4 128
4 129
4 131
4 133
4 134
4 136
4 138
4 140
4 142
4 145
4 146
4 147
4 148
4 150
4 151
4 152
4 153
4 154
4 155
4 156
4 157
4 158
4 159
4 160
4 161
5 6
5 12
5 13
5 16
5 19
5 21
5 30
5 32
5 33
5 35
5 39
5 43
5 45
5 51
5 58
5 59
5 61
5 66
5 70
5 73
5 74
5 75
5 78
5 79
5 80
5 86
5 96
5 97
5 98
5 106
5 107
5 109
5 111
5 112
5 113
5 115
5 125
5 127
5 131
5 133
5 135
5 137
5 141
5 143
5 148
5 151
5 152
5 154
5 158
5 161
6 7
6 10
6 11
6 12
6 14
6 15
6 19
6 20
6 21
6 24
6 25
6 26
6 27
6 28
6 30
6 31
6 34
6 36
6 37
6 38
6 39
6 40
6 44
6 45
6 46
6 48
6 49
6 50
6 51
6 52
6 53
6 54
6 56
6 57
6 59
6 63
6 64
6 65
6 67
6 68
6 69
6 70
6 71
6 73
6 74
6 75
6 76
6 77
6 79
6 81
6 83
6 84
6 85
6 87
6 89
6 91
6 92
6 94
6 95
6 97
6 99
6 100
6 101
6 102
6 103
6 104
6 105
6 106
6 107
6 108
6 109
6 111
6 115
6 116
6 117
6 118
6 125
6 126
6 127
6 128
6 129
6 130
6 131
6 133
6 134
6 136
6 137
6 138
6 139
6 140
6 141
6 142
6 148
6 149
6 150
6 151
6 152
6 153
6 154
6 155
6 156
6 157
6 158
6 159
6 160
6 161
7 8
7 9
7 10
7 11
7 12
7 14
7 19
7 21
7 24
7 26
7 28
7 29
7 30
7 31
7 33
7 34
7 35
7 36
7 39
7 40
7 41
7 42
7 43
7 45
7 46
7 47
7 48
7 49
7 50
7 51
7 53
7 54
7 55
7 56
7 58
7 59
7 63
7 64
7 65
7 67
7 68
7 69
7 70
7 71
7 72
7 73
7 74
7 75
7 76
7 77
7 79
7 80
7 81
7 84
7 85
7 86
7 88
7 89
7 90
7 91
7 92
7 94
7 95
7 96
7 97
7 99
7 101
7 102
7 103
7 104
7 105
7 106
7 107
7 108
7 109
7 110
7 112
7 113
7 114
7 115
7 117
7 118
7 119
7 121
7 123
7 126
7 129
7 130
7 131
7 132
7 133
7 134
7 135
7 137
7 138
7 140
7 141
7 143
7 144
7 145
7 146
7 149
7 150
7 151
7 152
7 154
7 157
7 158
7 159
7 160
7 161
8 11
8 14
8 19
8 30
8 31
8 35
8 36
8 38
8 39
8 44
8 45
8 50
8 51
8 54
8 55
8 58
8 59
8 62
8 66
8 67
8 68
8 70
8 73
8 74
8 75
8 77
8 78
8 80
8 85
8 87
8 89
8 91
8 92
8 93
8 94
8 101
8 103
8 105
8 119
8 128
8 129
8 134
8 137
8 138
8 139
8 149
8 151
8 152
8 157
9 11
9 13
9 14
9 15
9 18
9 19
9 24
9 25
9 26
9 30
9 31
9 32
9 34
9 36
9 41
9 43
9 44
9 46
9 49
9 50
9 51
9 54
9 56
9 58
9 62
9 63
9 64
9 65
9 67
9 68
9 70
9 71
9 72
9 73
9 74
9 75
9 79
9 81
9 84
9 86
9 87
9 88
9 90
9 91
9 93
9 94
9 96
9 99
9 101
9 102
9 106
9 108
9 112
9 113
9 114
9 115
9 117
9 118
9 119
9 122
9 124
9 127
9 128
9 129
9 131
9 133
9 138
9 139
9 142
9 147
9 148
9 149
9 150
9 151
9 152
9 153
9 154
9 155
9 157
9 158
9 159
9 161
10 11
10 13
10 14
10 16
10 18
10 19
10 21
10 23
10 24
10 25
10 26
10 27
10 28
10 29
10 31
10 32
10 33
10 34
10 38
10 39
10 40
10 42
10 44
10 45
10 47
10 49
10 50
10 51
10 53
10 54
10 56
10 58
10 60
10 61
10 62
10 64
10 65
10 67
10 68
10 69
10 70
10 71
10 72
10 73
10 75
10 76
10 77
10 79
10 80
10 82
10 84
10 85
10 87
10 88
10 89
10 93
10 94
10 98
10 100
10 101
10 103
10 104
10 105
10 106
10 108
10 109
10 110
10 112
10 113
10 114
10 115
10 116
10 117
10 118
10 125
10 126
10 129
10 131
10 132
10 133
10 134
10 135
10 136
10 137
10 139
10 142
10 143
10 144
10 145
10 146
10 147
10 149
10 151
10 152
10 153
10 154
10 155
10 158
10 161
11 12
11 19
11 21
11 22
11 24
11 25
11 26
11 29
11 30
11 31
11 32
11 33
11 34
11 37
11 38
11 39
11 40
11 41
11 42
11 43
11 44
11 45
11 48
11 49
11 50
11 51
11 53
11 54
11 56
11 64
11 67
11 68
11 70
11 71
11 72
11 74
11 75
11 76
11 77
11 79
11 80
11 82
11 84
11 87
11 88
11 89
11 90
11 91
11 92
11 93
11 94
11 95
11 96
11 97
11 98
11 101
11 103
11 104
11 105
11 106
11 108
11 109
11 110
11 112
11 113
11 114
11 119
11 122
11 125
11 126
11 127
11 129
11 131
11 133
11 134
11 136
11 137
11 138
11 139
11 141
11 142
11 146
11 147
11 148
11 149
11 150
11 151
11 152
11 153
11 154
11 157
11 158
11 160
11 161
12 16
12 18
12 19
12 20
12 21
12 23
12 25
12 27
12 29
12 31
12 34
12 35
12 36
12 38
12 40
12 43
12 46
12 47
12 49
12 54
12 59
12 60
12 63
12 64
12 65
12 66
12 67
12 68
12 69
12 70
12 73
12 74
12 77
12 78
12 79
12 80
12 87
12 89
12 93
12 94
12 95
12 100
12 101
12 102
12 103
12 104
12 106
12 108
12 109
12 112
12 113
12 115
12 122
12 123
12 125
12 127
12 131
12 133
12 135
12 137
12 138
12 146
12 147
12 150
12 152
12 154
12 155
13 18
13 19
13 25
13 28
13 31
13 32
13 35
13 37
13 38
13 39
13 40
13 46
13 48
13 49
13 50
13 52
13 53
13 54
13 55
13 56
13 58
13 63
13 64
13 65
13 67
13 68
13 69
13 70
13 71
13 72
13 74
13 75
13 79
13 80
13 81
13 84
13 87
13 89
13 91
13 93
13 97
13 98
13 101
13 105
13 106
13 107
13 111
13 112
13 113
13 114
13 115
13 118
13 120
13 126
13 127
13 129
13 131
13 132
13 133
13 134
13 137
13 139
13 142
13 143
13 146
13 147
13 150
13 151
13 152
13 158
14 15
14 17
14 20
14 21
14 22
14 23
14 25
14 26
14 28
14 29
14 30
14 32
14 33
14 34
14 36
14 37
14 39
14 40
14 41
14 42
14 44
14 45
14 46
14 48
14 49
14 51
14 52
14 53
14 54
14 55
14 56
14 58
14 59
14 61
14 62
14 63
14 64
14 66
14 67
14 68
14 69
14 70
14 71
14 72
14 73
14 74
14 75
14 77
14 78
14 79
14 81
14 82
14 83
14 84
14 85
14 86
14 87
14 88
14 89
14 91
14 92
14 94
14 95
14 96
14 97
14 99
14 100
14 101
14 102
14 103
14 104
14 107
14 109
14 110
14 111
14 112
14 113
14 115
14 116
14 118
14 124
14 125
14 127
14 129
14 130
14 131
14 132
14 133
14 135
14 137
14 138
14 140
14 142
14 143
14 145
14 146
14 147
14 148
14 149
14 150
14 152
14 153
14 154
14 155
14 156
14 157
14 158
14 160
14 161
15 21
15 22
15 25
15 26
15 30
15 31
15 32
15 33
15 36
15 37
15 38
15 41
15 44
15 45
15 49
15 53
15 55
15 56
15 65
15 67
15 68
15 70
15 74
15 75
15 77
15 79
15 83
15 84
15 87
15 89
15 90
15 92
15 97
15 99
15 101
15 102
15 103
15 107
15 108
15 113
15 117
15 118
15 122
15 125
15 126
15 127
15 129
15 131
15 133
15 134
15 137
15 142
15 143
15 144
15 150
15 151
15 153
15 157
16 21
16 23
16 30
16 31
16 35
16 36
16 37
16 40
16 43
16 45
16 46
16 51
16 52
16 54
16 58
16 62
16 63
16 65
16 66
16 67
16 69
16 70
16 71
16 72
16 74
16 75
16 77
16 84
16 86
16 89
16 90
16 94
16 95
16 101
16 102
16 105
16 106
16 107
16 113
16 115
16 116
16 117
16 124
16 125
16 126
16 128
16 134
16 136
16 138
16 141
16 142
16 144
16 145
16 146
16 150
16 151
16 152
16 153
16 154
16 158
17 21
17 26
17 35
17 40
17 45
17 46
17 49
17 51
17 52
17 54
17 56
17 64
17 67
17 70
17 82
17 92
17 93
17 94
17 97
17 101
17 109
17 111
17 113
17 114
17 116
17 126
17 131
17 136
17 137
17 142
17 150
17 151
17 152
17 161
18 19
18 20
18 21
18 27
18 28
18 30
18 32
18 35
18 36
18 38
18 40
18 42
18 44
18 45
18 51
18 56
18 57
18 58
18 59
18 60
18 61
18 63
18 64
18 67
18 68
18 69
18 71
18 76
18 79
18 82
18 84
18 89
18 95
18 101
18 106
18 107
18 111
18 116
18 117
18 118
18 126
18 129
18 130
18 131
18 133
18 134
18 135
18 137
18 145
18 146
18 147
18 150
18 152
18 154
18 155
18 157
18 158
19 20
19 21
19 22
19 23
19 25
19 26
19 27
19 29
19 30
19 31
19 32
19 33
19 35
19 37
19 38
19 40
19 42
19 43
19 44
19 45
19 48
19 49
19 51
19 53
19 54
19 55
19 56
19 57
19 58
19 59
19 61
19 62
19 63
19 66
19 67
19 68
19 69
19 70
19 73
19 74
19 76
19 77
19 79
19 80
19 81
19 83
19 84
19 86
19 87
19 88
19 89
19 90
19 91
19 93
19 94
19 97
19 99
19 100
19 101
19 102
19 103
19 105
19 106
19 107
19 108
19 109
19 111
19 113
19 114
19 115
19 116
19 117
19 119
19 121
19 124
19 125
19 126
19 129
19 130
19 131
19 133
19 134
19 135
19 136
19 137
19 138
19 139
19 140
19 141
19 142
19 143
19 146
19 148
19 152
19 153
19 154
19 155
19 156
19 157
19 158
19 160
19 161
20 22
20 26
20 30
20 31
20 32
20 37
20 45
20 50
20 51
20 52
20 59
20 65
20 68
20 69
20 74
20 82
20 84
20 87
20 88
20 89
20 97
20 102
20 105
20 108
20 114
20 115
20 117
20 125
20 129
20 131
20 136
20 139
20 142
20 149
20 150
20 151
20 154
20 157
20 158
20 159
20 161
21 23
21 25
21 26
21 28
21 29
21 31
21 32
21 34
21 35
21 36
21 37
21 38
21 40
21 43
21 44
21 45
21 46
21 48
21 49
21 50
21 51
21 52
21 54
21 56
21 57
21 61
21 62
21 63
21 64
21 65
21 66
21 67
21 68
21 69
21 70
21 72
21 73
21 74
21 75
21 79
21 80
21 85
21 86
21 87
21 88
21 89
21 90
21 92
21 93
21 94
21 96
21 97
21 98
21 99
21 101
21 103
21 105
21 106
21 108
21 109
21 112
21 113
21 114
21 115
21 116
21 117
21 118
21 121
21 122
21 124
21 125
21 129
21 130
21 131
21 133
21 134
21 136
21 137
21 138
21 141
21 142
21 145
21 146
21 147
21 148
21 150
21 152
21 154
21 155
21 158
21 160
22 26
22 27
22 28
22 31
22 32
22 35
22 40
22 41
22 42
22 43
22 44
22 52
22 54
22 58
22 59
22 63
22 64
22 65
22 67
22 68
22 69
22 71
22 72
22 74
22 75
22 76
22 77
22 79
22 83
22 84
22 85
22 86
22 89
22 91
22 101
22 103
22 105
22 106
22 108
22 109
22 112
22 113
22 114
22 116
22 117
22 125
22 126
22 129
22 130
22 131
22 133
22 134
22 136
22 137
22 138
22 141
22 146
22 147
22 148
22 153
22 154
22 155
22 158
22 161
23 29
23 39
23 40
23 41
23 45
23 46
23 49
23 51
23 56
23 58
23 63
23 65
23 66
23 67
23 69
23 70
23 74
23 78
23 81
23 84
23 87
23 88
23 89
23 91
23 98
23 99
23 100
23 101
23 103
23 105
23 106
23 109
23 116
23 117
23 125
23 128
23 129
23 133
23 134
23 135
23 140
23 144
23 152
23 154
23 157
23 158
23 160
24 29
24 30
24 31
24 35
24 40
24 49
24 50
24 51
24 54
24 55
24 56
24 58
24 61
24 63
24 65
24 66
24 67
24 68
24 69
24 70
24 73
24 75
24 79
24 89
24 94
24 95
24 101
24 102
24 105
24 107
24 108
24 110
24 113
24 115
24 117
24 118
24 125
24 127
24 129
24 130
24 133
24 134
24 137
24 139
24 144
24 145
24 147
24 152
24 154
24 157
24 158
25 26
25 31
25 32
25 35
25 36
25 38
25 40
25 44
25 45
25 46
25 48
25 50
25 51
25 54
25 56
25 59
25 60
25 62
25 64
25 66
25 67
25 68
25 69
25 70
25 71
25 72
25 74
25 75
25 77
25 80
25 81
25 82
25 83
25 84
25 86
25 87
25 89
25 91
25 92
25 93
25 94
25 96
25 101
25 103
25 106
25 107
25 108
25 109
25 110
25 111
25 112
25 113
25 114
25 117
25 118
25 121
25 124
25 125
25 128
25 129
25 130
25 131
25 133
25 134
25 136
25 137
25 138
25 143
25 145
25 147
25 148
25 151
25 152
25 154
25 158
25 159
25 161
26 27
26 30
26 31
26 32
26 35
26 38
26 39
26 40
26 41
26 43
26 44
26 45
26 46
26 47
26 48
26 49
26 50
26 51
26 52
26 54
26 56
26 57
26 58
26 62
26 64
26 65
26 66
26 67
26 69
26 70
26 71
26 72
26 73
26 74
26 75
26 77
26 78
26 79
26 80
26 82
26 83
26 84
26 86
26 87
26 89
26 90
26 91
26 94
26 95
26 97
26 98
26 99
26 100
26 101
26 102
26 103
26 104
26 106
26 107
26 108
26 109
26 111
26 112
26 113
26 114
26 115
26 116
26 117
26 118
26 122
26 123
26 124
26 125
26 126
26 128
26 129
26 130
26 131
26 133
26 134
26 135
26 136
26 137
26 138
26 142
26 145
26 146
26 147
26 148
26 149
26 150
26 151
26 152
26 153
26 157
26 159
26 161
27 31
27 35
27 41
27 54
27 58
27 63
27 69
27 71
27 73
27 74
27 77
27 79
27 83
27 87
27 93
27 94
27 101
27 102
27 108
27 112
27 114
27 117
27 129
27 133
27 134
27 138
27 145
27 150
27 154
28 29
28 35
28 36
28 37
28 45
28 46
28 50
28 52
28 53
28 54
28 55
28 56
28 59
28 60
28 62
28 64
28 65
28 67
28 68
28 69
28 72
28 74
28 75
28 77
28 79
28 80
28 82
28 83
28 84
28 86
28 88
28 92
28 93
28 94
28 98
28 99
28 100
28 101
28 102
28 103
28 104
28 105
28 107
28 113
28 114
28 115
28 118
28 126
28 129
28 131
28 135
28 136
28 137
28 140
28 142
28 146
28 147
28 148
28 149
28 152
28 157
28 158
29 31
29 40
29 43
29 44
29 45
29 49
29 51
29 54
29 57
29 58
29 66
29 67
29 68
29 69
29 71
29 73
29 74
29 76
29 84
29 88
29 89
29 91
29 92
29 93
29 97
29 98
29 100
29 101
29 102
29 106
29 109
29 111
29 112
29 113
29 115
29 116
29 117
29 118
29 125
29 129
29 131
29 133
29 138
29 139
29 141
29 142
29 143
29 147
29 149
29 150
29 154
29 155
29 159
30 31
30 32
30 33
30 35
30 36
30 39
30 44
30 45
30 46
30 49
30 50
30 53
30 54
30 55
30 56
30 57
30 58
30 61
30 62
30 63
30 64
30 65
30 66
30 67
30 68
30 69
30 70
30 71
30 72
30 73
30 74
30 75
30 76
30 77
30 79
30 80
30 81
30 82
30 83
30 84
30 85
30 86
30 88
30 89
30 92
30 93
30 94
30 96
30 97
30 98
30 99
30 100
30 101
30 102
30 104
30 105
30 106
30 107
30 108
30 109
30 113
30 114
30 115
30 119
30 123
30 124
30 125
30 126
30 129
30 133
30 134
30 137
30 138
30 139
30 142
30 143
30 145
30 146
30 147
30 149
30 150
30 151
30 152
30 153
30 154
30 155
30 157
30 158
30 159
30 160
30 161
31 32
31 33
31 35
31 36
31 37
31 38
31 39
31 42
31 43
31 44
31 45
31 46
31 48
31 49
31 55
31 56
31 57
31 58
31 59
31 62
31 63
31 65
31 66
31 67
31 68
31 69
31 70
31 71
31 72
31 73
31 74
31 76
31 77
31 79
31 80
31 81
31 82
31 83
31 84
31 87
31 88
31 89
31 90
31 93
31 94
31 95
31 96
31 97
31 98
31 99
31 100
31 101
31 102
31 103
31 104
31 105
31 106
31 107
31 109
31 111
31 112
31 114
31 116
31 117
31 119
31 121
31 125
31 126
31 129
31 130
31 131
31 132
31 136
31 137
31 138
31 139
31 142
31 144
31 145
31 146
31 147
31 148
31 150
31 151
31 152
31 154
31 156
31 160
32 33
32 35
32 37
32 38
32 39
32 40
32 43
32 44
32 45
32 46
32 48
32 49
32 50
32 51
32 52
32 53
32 54
32 55
32 56
32 58
32 61
32 62
32 63
32 64
32 65
32 67
32 68
32 69
32 70
32 71
32 72
32 73
32 74
32 75
32 76
32 79
32 80
32 85
32 86
32 89
32 91
32 92
32 93
32 94
32 95
32 98
32 99
32 100
32 103
32 104
32 105
32 106
32 107
32 110
32 111
32 112
32 114
32 115
32 117
32 120
32 121
32 123
32 125
32 126
32 127
32 128
32 129
32 131
32 133
32 134
32 136
32 137
32 138
32 139
32 140
32 141
32 142
32 143
32 147
32 150
32 151
32 152
32 153
32 154
32 155
32 156
32 158
33 36
33 38
33 40
33 44
33 49
33 51
33 53
33 61
33 66
33 67
33 69
33 72
33 77
33 79
33 86
33 89
33 92
33 93
33 94
33 96
33 98
33 101
33 102
33 104
33 105
33 108
33 109
33 112
33 113
33 114
33 117
33 130
33 131
33 133
33 142
33 145
33 150
33 152
33 158
33 161
34 35
34 37
34 39
34 40
34 44
34 47
34 49
34 52
34 54
34 55
34 61
34 63
34 64
34 67
34 69
34 70
34 73
34 74
34 76
34 77
34 79
34 80
34 83
34 87
34 88
34 89
34 93
34 98
34 100
34 101
34 102
34 105
34 106
34 107
34 108
34 109
34 117
34 118
34 123
34 125
34 126
34 127
34 129
34 131
34 132
34 133
34 134
34 135
34 136
34 137
34 138
34 139
34 147
34 152
34 153
34 158
35 37
35 38
35 39
35 40
35 41
35 43
35 44
35 45
35 46
35 49
35 50
35 51
35 52
35 54
35 55
35 57
35 60
35 63
35 64
35 66
35 67
35 68
35 69
35 70
35 71
35 72
35 73
35 74
35 75
35 76
35 77
35 79
35 82
35 84
35 86
35 87
35 88
35 89
35 90
35 91
35 93
35 97
35 99
35 100
35 101
35 102
35 104
35 105
35 106
35 107
35 108
35 109
35 112
35 114
35 115
35 118
35 125
35 128
35 130
35 131
35 133
35 134
35 136
35 137
35 138
35 139
35 140
35 141
35 142
35 143
35 146
35 147
35 148
35 149
35 150
35 151
35 152
35 153
35 154
35 155
35 157
35 158
35 159
35 160
36 38
36 39
36 40
36 41
36 42
36 43
36 44
36 45
36 48
36 51
36 54
36 56
36 58
36 61
36 63
36 64
36 66
36 68
36 69
36 70
36 71
36 72
36 73
36 74
36 76
36 79
36 82
36 84
36 87
36 88
36 90
36 92
36 93
36 94
36 96
36 97
36 98
36 100
36 101
36 102
36 103
36 104
36 108
36 109
36 112
36 113
36 116
36 117
36 118
36 124
36 125
36 128
36 129
36 131
36 133
36 134
36 139
36 140
36 141
36 142
36 145
36 147
36 149
36 150
36 152
36 158
36 160
36 161
37 39
37 40
37 42
37 44
37 46
37 47
37 48
37 52
37 54
37 56
37 57
37 62
37 65
37 67
37 68
37 69
37 70
37 71
37 72
37 73
37 74
37 75
37 79
37 80
37 81
37 85
37 87
37 89
37 91
37 94
37 101
37 102
37 108
37 109
37 110
37 111
37 112
37 113
37 114
37 115
37 116
37 117
37 118
37 122
37 129
37 130
37 131
37 132
37 133
37 136
37 138
37 143
37 144
37 145
37 146
37 147
37 149
37 152
37 153
37 154
37 157
37 159
37 160
37 161
38 40
38 42
38 44
38 45
38 48
38 49
38 51
38 52
38 53
38 55
38 56
38 58
38 59
38 62
38 65
38 67
38 68
38 70
38 71
38 73
38 74
38 77
38 80
38 82
38 83
38 84
38 85
38 87
38 88
38 89
38 93
38 94
38 95
38 96
38 98
38 99
38 100
38 101
38 102
38 103
38 104
38 105
38 106
38 107
38 108
38 110
38 111
38 112
38 113
38 114
38 115
38 116
38 117
38 118
38 120
38 125
38 126
38 128
38 129
38 130
38 131
38 132
38 133
38 135
38 136
38 137
38 138
38 139
38 140
38 141
38 142
38 143
38 152
38 153
38 154
38 156
38 157
38 158
38 159
39 42
39 45
39 46
39 47
39 48
39 49
39 50
39 51
39 54
39 56
39 58
39 60
39 61
39 63
39 64
39 65
39 66
39 67
39 68
39 69
39 70
39 71
39 72
39 73
39 76
39 77
39 88
39 94
39 98
39 101
39 102
39 103
39 104
39 108
39 113
39 114
39 115
39 117
39 118
39 119
39 123
39 125
39 129
39 131
39 133
39 137
39 138
39 139
39 141
39 142
39 143
39 145
39 146
39 147
39 149
39 151
39 152
39 154
40 42
40 43
40 45
40 46
40 48
40 49
40 50
40 51
40 52
40 53
40 54
40 56
40 57
40 58
40 60
40 61
40 62
40 63
40 64
40 65
40 66
40 67
40 68
40 69
40 70
40 71
40 72
40 73
40 74
40 75
40 77
40 79
40 80
40 81
40 82
40 83
40 84
40 85
40 86
40 87
40 88
40 89
40 90
40 92
40 94
40 95
40 99
40 100
40 101
40 102
40 104
40 106
40 107
40 109
40 110
40 111
40 113
40 114
40 115
40 116
40 118
40 119
40 120
40 121
40 122
40 123
40 125
40 126
40 129
40 130
40 131
40 133
40 136
40 137
40 138
40 139
40 141
40 142
40 143
40 145
40 146
40 147
40 149
40 150
40 151
40 152
40 155
40 156
40 157
40 158
40 159
40 160
40 161
41 49
41 52
41 54
41 56
41 59
41 63
41 67
41 70
41 71
41 72
41 78
41 89
41 94
41 100
41 101
41 108
41 109
41 113
41 126
41 130
41 131
41 139
41 145
41 147
41 150
41 154
41 158
42 48
42 50
42 51
42 54
42 57
42 59
42 61
42 62
42 63
42 64
42 65
42 66
42 67
42 68
42 70
42 72
42 74
42 75
42 77
42 79
42 80
42 93
42 94
42 97
42 98
42 102
42 103
42 104
42 106
42 108
42 109
42 110
42 112
42 113
42 117
42 118
42 130
42 131
42 133
42 134
42 135
42 138
42 139
42 142
42 147
42 149
42 152
42 158
42 161
43 44
43 45
43 46
43 50
43 51
43 54
43 61
43 63
43 64
43 66
43 67
43 68
43 69
43 70
43 71
43 73
43 74
43 79
43 81
43 86
43 87
43 89
43 90
43 91
43 92
43 93
43 94
43 96
43 97
43 100
43 101
43 102
43 103
43 104
43 106
43 107
43 108
43 109
43 111
43 112
43 114
43 115
43 117
43 120
43 129
43 131
43 133
43 134
43 137
43 138
43 139
43 140
43 141
43 142
43 145
43 146
43 150
43 151
43 152
43 153
43 154
43 155
43 158
43 159
43 160
44 49
44 50
44 51
44 52
44 53
44 54
44 55
44 61
44 62
44 63
44 64
44 65
44 67
44 68
44 69
44 71
44 72
44 73
44 74
44 75
44 76
44 77
44 80
44 83
44 86
44 87
44 89
44 91
44 93
44 94
44 96
44 97
44 98
44 102
44 105
44 106
44 107
44 108
44 109
44 111
44 112
44 113
44 114
44 117
44 118
44 119
44 122
44 123
44 125
44 126
44 129
44 131
44 132
44 133
44 135
44 137
44 141
44 142
44 145
44 146
44 147
44 149
44 150
44 151
44 152
44 153
44 154
44 157
44 159
44 160
44 161
45 48
45 49
45 51
45 55
45 56
45 58
45 59
45 60
45 61
45 62
45 63
45 64
45 65
45 66
45 67
45 68
45 69
45 70
45 72
45 73
45 74
45 75
45 76
45 77
45 78
45 79
45 80
45 81
45 83
45 84
45 87
45 89
45 90
45 92
45 93
45 94
45 95
45 96
45 97
45 100
45 101
45 103
45 105
45 106
45 108
45 109
45 111
45 112
45 113
45 114
45 115
45 116
45 117
45 118
45 120
45 125
45 128
45 129
45 130
45 131
45 137
45 138
45 140
45 142
45 145
45 147
45 149
45 150
45 152
45 154
45 155
45 157
45 158
45 159
45 161
46 51
46 52
46 53
46 56
46 58
46 59
46 63
46 66
46 67
46 68
46 70
46 71
46 72
46 73
46 75
46 77
46 79
46 80
46 81
46 86
46 88
46 89
46 90
46 91
46 94
46 96
46 97
46 101
46 102
46 105
46 108
46 111
46 112
46 114
46 115
46 116
46 117
46 118
46 121
46 125
46 128
46 129
46 131
46 132
46 133
46 134
46 138
46 141
46 142
46 145
46 146
46 147
46 148
46 149
46 150
46 151
46 152
46 153
46 154
46 158
46 159
46 161
47 49
47 51
47 54
47 56
47 58
47 62
47 65
47 67
47 71
47 73
47 83
47 87
47 89
47 93
47 106
47 107
47 109
47 114
47 117
47 118
47 132
47 133
47 134
47 142
47 149
47 150
47 152
48 49
48 51
48 54
48 56
48 59
48 65
48 67
48 69
48 70
48 71
48 72
48 74
48 77
48 84
48 87
48 89
48 97
48 101
48 103
48 105
48 106
48 108
48 109
48 111
48 115
48 127
48 128
48 131
48 133
48 135
48 137
48 141
48 150
48 152
48 155
48 158
49 50
49 51
49 52
49 54
49 55
49 56
49 57
49 58
49 60
49 62
49 63
49 65
49 66
49 68
49 69
49 70
49 71
49 72
49 73
49 74
49 76
49 79
49 80
49 82
49 87
49 88
49 89
49 91
49 92
49 93
49 95
49 97
49 99
49 100
49 101
49 102
49 106
49 107
49 108
49 109
49 110
49 111
49 112
49 113
49 114
49 115
49 116
49 118
49 119
49 124
49 125
49 126
49 127
49 128
49 129
49 131
49 133
49 135
49 137
49 138
49 139
49 142
49 145
49 147
49 148
49 150
49 151
49 152
49 153
49 155
49 157
49 158
49 159
49 160
49 161
50 52
50 54
50 55
50 56
50 58
50 59
50 61
50 63
50 64
50 65
50 67
50 68
50 69
50 72
50 74
50 76
50 79
50 80
50 84
50 85
50 86
50 87
50 88
50 93
50 94
50 97
50 101
50 106
50 107
50 108
50 110
50 111
50 112
50 114
50 115
50 117
50 120
50 121
50 125
50 126
50 129
50 131
50 132
50 133
50 134
50 136
50 137
50 138
50 139
50 142
50 144
50 147
50 151
50 152
50 153
50 154
50 160
50 161
51 52
51 53
51 56
51 57
51 58
51 59
51 62
51 63
51 64
51 65
51 67
51 68
51 69
51 71
51 72
51 73
51 74
51 75
51 76
51 77
51 79
51 80
51 81
51 84
51 86
51 87
51 88
51 89
51 91
51 92
51 93
51 94
51 95
51 99
51 101
51 102
51 103
51 104
51 105
51 108
51 109
51 111
51 112
51 113
51 114
51 115
51 117
51 118
51 119
51 120
51 124
51 125
51 127
51 129
51 130
51 131
51 133
51 134
51 136
51 137
51 138
51 139
51 140
51 141
51 142
51 145
51 146
51 148
51 150
51 152
51 153
51 154
51 155
51 157
51 158
51 159
51 160
51 161
52 56
52 58
52 60
52 62
52 64
52 66
52 68
52 69
52 70
52 71
52 73
52 79
52 80
52 82
52 86
52 87
52 92
52 95
52 96
52 99
52 101
52 102
52 106
52 108
52 109
52 111
52 113
52 114
52 117
52 118
52 119
52 126
52 130
52 131
52 132
52 133
52 137
52 138
52 141
52 146
52 147
52 150
52 152
52 153
52 159
52 161
53 54
53 55
53 56
53 62
53 64
53 65
53 68
53 69
53 72
53 77
53 79
53 89
53 93
53 94
53 97
53 98
53 100
53 101
53 102
53 103
53 106
53 109
53 110
53 113
53 115
53 118
53 123
53 126
53 129
53 130
53 134
53 137
53 138
53 145
53 146
53 147
53 149
53 154
53 155
53 158
53 161
54 55
54 56
54 57
54 58
54 59
54 62
54 63
54 64
54 65
54 67
54 68
54 69
54 72
54 73
54 74
54 75
54 76
54 77
54 79
54 83
54 85
54 86
54 87
54 92
54 93
54 94
54 95
54 97
54 98
54 99
54 101
54 103
54 104
54 105
54 106
54 107
54 108
54 111
54 112
54 113
54 114
54 115
54 116
54 117
54 119
54 124
54 125
54 126
54 127
54 128
54 129
54 130
54 131
54 132
54 133
54 134
54 135
54 136
54 137
54 138
54 139
54 140
54 141
54 142
54 144
54 146
54 147
54 148
54 149
54 150
54 151
54 152
54 153
54 154
54 157
54 158
54 159
54 160
54 161
55 56
55 58
55 59
55 62
55 63
55 65
55 66
55 68
55 69
55 70
55 72
55 73
55 74
55 80
55 84
55 85
55 88
55 89
55 91
55 93
55 94
55 98
55 99
55 101
55 102
55 103
55 105
55 107
55 108
55 109
55 112
55 114
55 115
55 116
55 117
55 124
55 128
55 129
55 130
55 133
55 134
55 136
55 141
55 142
55 143
55 145
55 147
55 149
55 151
55 152
55 154
55 155
55 156
55 158
55 159
55 161
56 57
56 58
56 59
56 61
56 62
56 64
56 65
56 66
56 67
56 68
56 70
56 71
56 72
56 74
56 75
56 76
56 79
56 80
56 81
56 83
56 84
56 87
56 89
56 91
56 92
56 93
56 94
56 96
56 97
56 98
56 99
56 100
56 101
56 102
56 103
56 105
56 106
56 107
56 108
56 109
56 110
56 111
56 113
56 114
56 115
56 116
56 117
56 118
56 124
56 125
56 126
56 127
56 128
56 129
56 131
56 133
56 134
56 135
56 137
56 138
56 139
56 140
56 141
56 142
56 143
56 144
56 146
56 148
56 151
56 153
56 154
56 155
56 157
56 158
56 160
56 161
57 68
57 69
57 70
57 74
57 77
57 79
57 83
57 84
57 92
57 94
57 95
57 97
57 100
57 101
57 102
57 109
57 112
57 114
57 125
57 126
57 129
57 133
57 137
57 142
57 144
57 146
57 148
57 151
57 152
57 153
57 156
57 157
58 61
58 64
58 65
58 66
58 67
58 68
58 69
58 70
58 71
58 74
58 75
58 77
58 79
58 84
58 85
58 86
58 87
58 89
58 90
58 91
58 93
58 94
58 97
58 98
58 101
58 103
58 104
58 106
58 108
58 113
58 115
58 117
58 122
58 127
58 129
58 134
58 137
58 138
58 140
58 141
58 142
58 143
58 146
58 147
58 150
58 151
58 152
58 154
58 157
58 158
58 161
59 62
59 64
59 65
59 69
59 70
59 71
59 75
59 76
59 77
59 79
59 81
59 85
59 89
59 91
59 92
59 93
59 97
59 101
59 106
59 109
59 111
59 112
59 113
59 114
59 117
59 118
59 121
59 125
59 127
59 131
59 133
59 136
59 137
59 138
59 141
59 142
59 147
59 153
59 154
59 157
59 158
59 159
59 161
60 74
60 83
60 84
60 89
60 94
60 98
60 102
60 105
60 115
60 118
60 130
60 134
60 138
60 146
60 153
60 159
60 160
61 63
61 64
61 65
61 66
61 67
61 71
61 72
61 73
61 77
61 79
61 82
61 83
61 94
61 98
61 100
61 101
61 102
61 104
61 106
61 112
61 113
61 114
61 115
61 117
61 126
61 127
61 129
61 131
61 134
61 136
61 137
61 138
61 141
61 142
61 145
61 150
61 152
61 154
61 157
61 158
61 159
62 65
62 66
62 68
62 69
62 70
62 72
62 73
62 74
62 77
62 79
62 84
62 85
62 86
62 87
62 88
62 89
62 96
62 105
62 106
62 111
62 112
62 113
62 114
62 115
62 117
62 118
62 120
62 125
62 128
62 129
62 130
62 133
62 135
62 138
62 142
62 145
62 146
62 152
62 153
62 159
62 161
63 65
63 66
63 67
63 68
63 69
63 71
63 72
63 74
63 75
63 76
63 77
63 79
63 83
63 89
63 93
63 95
63 97
63 102
63 103
63 104
63 105
63 108
63 114
63 115
63 117
63 118
63 119
63 123
63 125
63 129
63 131
63 133
63 134
63 136
63 137
63 138
63 139
63 141
63 142
63 148
63 149
63 151
63 152
63 153
63 154
63 157
63 159
63 161
64 65
64 66
64 67
64 68
64 69
64 70
64 71
64 72
64 73
64 74
64 75
64 77
64 79
64 80
64 81
64 84
64 85
64 86
64 87
64 88
64 89
64 90
64 91
64 92
64 93
64 94
64 98
64 99
64 100
64 101
64 102
64 104
64 106
64 107
64 108
64 109
64 110
64 111
64 112
64 113
64 115
64 116
64 117
64 118
64 119
64 120
64 121
64 124
64 125
64 126
64 129
64 131
64 132
64 133
64 134
64 136
64 137
64 138
64 139
64 141
64 142
64 144
64 145
64 146
64 147
64 149
64 150
64 151
64 152
64 153
64 154
64 155
64 157
64 158
64 160
64 161
65 66
65 68
65 69
65 70
65 71
65 72
65 73
65 74
65 75
65 76
65 77
65 78
65 79
65 81
65 82
65 83
65 84
65 85
65 86
65 87
65 89
65 91
65 92
65 94
65 95
65 96
65 97
65 101
65 102
65 104
65 105
65 106
65 107
65 108
65 109
65 110
65 111
65 112
65 113
65 114
65 115
65 116
65 117
65 120
65 123
65 125
65 128
65 129
65 130
65 133
65 134
65 135
65 137
65 138
65 139
65 141
65 145
65 146
65 147
65 148
65 150
65 151
65 152
65 154
65 157
65 158
65 161
66 67
66 68
66 69
66 70
66 71
66 72
66 75
66 77
66 80
66 83
66 84
66 85
66 86
66 87
66 88
66 89
66 90
66 94
66 97
66 98
66 100
66 103
66 105
66 107
66 109
66 110
66 111
66 113
66 114
66 115
66 117
66 118
66 119
66 125
66 126
66 127
66 129
66 131
66 132
66 134
66 135
66 138
66 139
66 141
66 142
66 143
66 144
66 145
66 147
66 149
66 151
66 152
66 153
66 154
66 155
66 156
66 157
66 158
66 160
67 68
67 69
67 70
67 71
67 72
67 73
67 75
67 77
67 79
67 80
67 81
67 83
67 84
67 85
67 86
67 87
67 88
67 89
67 91
67 92
67 93
67 94
67 95
67 97
67 98
67 99
67 100
67 101
67 102
67 103
67 104
67 105
67 106
67 108
67 110
67 112
67 113
67 114
67 115
67 116
67 118
67 119
67 121
67 125
67 126
67 127
67 129
67 130
67 131
67 132
67 133
67 134
67 136
67 137
67 138
67 139
67 140
67 141
67 142
67 143
67 145
67 147
67 148
67 149
67 150
67 151
67 152
67 153
67 155
67 157
67 158
67 160
68 69
68 70
68 71
68 72
68 74
68 75
68 77
68 79
68 84
68 85
68 87
68 88
68 89
68 90
68 91
68 92
68 93
68 95
68 96
68 97
68 98
68 99
68 101
68 102
68 103
68 104
68 105
68 106
68 108
68 109
68 111
68 112
68 113
68 114
68 117
68 118
68 119
68 120
68 123
68 127
68 129
68 131
68 133
68 134
68 136
68 137
68 138
68 139
68 141
68 142
68 144
68 145
68 146
68 147
68 148
68 149
68 150
68 151
68 152
68 153
68 154
68 155
68 156
68 157
68 158
68 159
68 161
69 70
69 71
69 72
69 73
69 74
69 75
69 76
69 77
69 79
69 80
69 81
69 84
69 86
69 87
69 89
69 91
69 92
69 93
69 94
69 95
69 96
69 97
69 98
69 99
69 101
69 102
69 103
69 104
69 105
69 106
69 107
69 108
69 111
69 112
69 113
69 114
69 115
69 116
69 117
69 118
69 125
69 126
69 128
69 129
69 130
69 132
69 133
69 134
69 135
69 137
69 138
69 141
69 142
69 145
69 147
69 148
69 149
69 150
69 151
69 152
69 153
69 154
69 157
69 158
69 159
69 160
69 161
70 71
70 72
70 73
70 74
70 77
70 78
70 79
70 81
70 82
70 84
70 85
70 86
70 87
70 88
70 89
70 90
70 91
70 93
70 94
70 97
70 98
70 99
70 100
70 101
70 102
70 103
70 104
70 105
70 106
70 108
70 109
70 110
70 111
70 113
70 114
70 115
70 116
70 117
70 118
70 121
70 122
70 123
70 125
70 127
70 128
70 129
70 130
70 133
70 134
70 137
70 138
70 139
70 140
70 141
70 142
70 143
70 146
70 147
70 148
70 149
70 150
70 151
70 152
70 153
70 155
70 156
70 157
70 158
70 160
70 161
71 72
71 73
71 74
71 76
71 79
71 82
71 83
71 84
71 85
71 88
71 89
71 90
71 91
71 92
71 93
71 94
71 95
71 96
71 97
71 98
71 101
71 103
71 105
71 108
71 109
71 110
71 111
71 113
71 114
71 115
71 116
71 117
71 123
71 125
71 126
71 129
71 130
71 137
71 138
71 139
71 140
71 141
71 142
71 143
71 145
71 146
71 147
71 148
71 150
71 151
71 153
71 155
71 156
71 157
71 158
71 160
72 73
72 74
72 75
72 77
72 83
72 84
72 85
72 86
72 87
72 88
72 90
72 91
72 93
72 94
72 96
72 97
72 98
72 99
72 100
72 101
72 102
72 103
72 104
72 106
72 108
72 109
72 110
72 111
72 112
72 114
72 115
72 116
72 117
72 118
72 119
72 120
72 121
72 122
72 125
72 126
72 127
72 128
72 129
72 130
72 131
72 133
72 136
72 137
72 138
72 139
72 142
72 145
72 146
72 147
72 148
72 149
72 150
72 151
72 152
72 153
72 154
72 156
72 157
72 158
72 160
72 161
73 74
73 75
73 77
73 79
73 83
73 84
73 89
73 91
73 94
73 97
73 100
73 101
73 102
73 103
73 104
73 105
73 106
73 109
73 110
73 112
73 113
73 114
73 115
73 116
73 117
73 118
73 120
73 121
73 123
73 124
73 125
73 128
73 129
73 130
73 131
73 133
73 135
73 136
73 137
73 139
73 142
73 143
73 145
73 146
73 147
73 148
73 150
73 152
73 153
73 154
73 157
73 158
73 159
73 160
73 161
74 75
74 76
74 77
74 79
74 80
74 82
74 84
74 85
74 86
74 87
74 88
74 89
74 91
74 92
74 93
74 94
74 97
74 98
74 99
74 100
74 101
74 102
74 103
74 104
74 105
74 107
74 108
74 109
74 110
74 111
74 113
74 115
74 116
74 117
74 118
74 120
74 122
74 124
74 126
74 129
74 130
74 131
74 133
74 134
74 135
74 136
74 137
74 138
74 140
74 142
74 144
74 145
74 146
74 147
74 150
74 151
74 152
74 153
74 154
74 158
74 159
74 160
75 77
75 79
75 83
75 84
75 85
75 87
75 89
75 93
75 94
75 95
75 97
75 98
75 100
75 101
75 102
75 103
75 105
75 106
75 107
75 108
75 109
75 112
75 113
75 114
75 115
75 116
75 117
75 118
75 119
75 129
75 133
75 135
75 137
75 138
75 139
75 141
75 142
75 146
75 147
75 149
75 151
75 152
75 153
75 154
75 155
75 157
75 158
76 79
76 82
76 84
76 87
76 88
76 89
76 93
76 94
76 100
76 102
76 103
76 104
76 106
76 107
76 108
76 109
76 114
76 117
76 118
76 120
76 121
76 126
76 129
76 133
76 136
76 137
76 138
76 139
76 142
76 147
76 149
76 150
76 151
76 152
76 154
76 160
76 161
77 79
77 80
77 84
77 85
77 87
77 88
77 92
77 93
77 94
77 95
77 96
77 98
77 101
77 102
77 103
77 105
77 106
77 107
77 108
77 110
77 113
77 114
77 115
77 116
77 117
77 118
77 122
77 125
77 128
77 129
77 134
77 137
77 138
77 139
77 142
77 143
77 146
77 147
77 150
77 151
77 152
77 153
77 154
77 157
77 158
78 79
78 89
78 90
78 101
78 106
78 109
78 113
78 129
78 134
78 136
78 137
78 152
78 161
79 80
79 81
79 82
79 83
79 85
79 86
79 87
79 88
79 89
79 91
79 92
79 93
79 97
79 98
79 99
79 100
79 102
79 103
79 104
79 105
79 108
79 109
79 110
79 111
79 112
79 113
79 114
79 117
79 118
79 121
79 123
79 124
79 125
79 126
79 127
79 129
79 130
79 131
79 133
79 134
79 135
79 136
79 137
79 138
79 139
79 140
79 141
79 142
79 143
79 144
79 146
79 147
79 149
79 150
79 151
79 152
79 153
79 154
79 157
79 158
79 159
79 161
80 81
80 83
80 86
80 87
80 89
80 90
80 91
80 93
80 95
80 97
80 101
80 102
80 103
80 106
80 107
80 109
80 110
80 112
80 113
80 114
80 115
80 118
80 122
80 125
80 126
80 127
80 129
80 131
80 133
80 134
80 136
80 137
80 140
80 143
80 146
80 147
80 149
80 151
80 153
80 154
80 158
80 159
80 161
81 86
81 97
81 104
81 114
81 118
81 128
81 129
81 130
81 134
81 138
81 145
81 147
81 152
81 154
81 155
81 157
81 158
81 160
82 83
82 84
82 86
82 89
82 93
82 94
82 102
82 105
82 106
82 111
82 112
82 113
82 117
82 126
82 130
82 137
82 139
82 140
82 141
82 146
82 147
82 150
82 152
82 154
82 157
82 158
82 161
83 86
83 88
83 89
83 92
83 94
83 95
83 96
83 97
83 98
83 101
83 102
83 103
83 105
83 106
83 108
83 111
83 112
83 113
83 114
83 116
83 118
83 125
83 126
83 131
83 137
83 138
83 142
83 147
83 150
83 154
83 155
83 161
84 88
84 89
84 94
84 97
84 100
84 101
84 102
84 103
84 104
84 106
84 107
84 108
84 109
84 110
84 112
84 113
84 114
84 116
84 117
84 118
84 119
84 120
84 122
84 123
84 125
84 126
84 127
84 129
84 131
84 133
84 135
84 136
84 137
84 138
84 142
84 144
84 145
84 146
84 147
84 150
84 152
84 153
84 154
84 158
84 159
84 161
85 87
85 89
85 90
85 95
85 99
85 102
85 103
85 105
85 106
85 107
85 108
85 111
85 112
85 119
85 127
85 129
85 133
85 134
85 135
85 139
85 141
85 142
85 145
85 147
85 150
85 152
85 153
85 154
85 156
85 157
85 158
85 159
86 88
86 89
86 90
86 92
86 93
86 96
86 97
86 99
86 100
86 101
86 102
86 106
86 107
86 111
86 112
86 113
86 114
86 115
86 125
86 126
86 128
86 129
86 133
86 135
86 137
86 138
86 140
86 142
86 146
86 147
86 149
86 150
86 151
86 152
86 153
86 154
86 155
86 156
86 157
86 158
86 161
87 89
87 90
87 91
87 93
87 94
87 95
87 96
87 99
87 101
87 102
87 103
87 106
87 107
87 108
87 112
87 113
87 114
87 115
87 116
87 117
87 118
87 119
87 126
87 129
87 130
87 131
87 133
87 134
87 137
87 138
87 139
87 141
87 142
87 145
87 147
87 148
87 150
87 152
87 153
87 154
87 157
87 158
87 160
87 161
88 89
88 90
88 91
88 93
88 96
88 97
88 100
88 106
88 107
88 111
88 112
88 113
88 114
88 116
88 117
88 120
88 125
88 126
88 129
88 130
88 131
88 133
88 134
88 135
88 136
88 138
88 139
88 140
88 141
88 143
88 146
88 150
88 151
88 152
88 153
88 154
88 157
88 159
88 160
88 161
89 90
89 92
89 93
89 94
89 96
89 97
89 98
89 99
89 101
89 106
89 108
89 109
89 111
89 112
89 114
89 115
89 117
89 118
89 120
89 122
89 125
89 127
89 129
89 130
89 132
89 133
89 134
89 135
89 136
89 137
89 138
89 139
89 141
89 142
89 143
89 144
89 145
89 147
89 149
89 150
89 152
89 153
89 154
89 155
89 159
90 91
90 94
90 101
90 102
90 108
90 114
90 117
90 125
90 133
90 137
90 139
90 142
90 150
90 154
90 160
91 94
91 96
91 97
91 98
91 101
91 102
91 105
91 106
91 107
91 108
91 112
91 114
91 115
91 117
91 120
91 125
91 129
91 130
91 131
91 137
91 138
91 139
91 142
91 143
91 145
91 146
91 149
91 150
91 151
91 153
91 154
91 155
91 159
91 160
91 161
92 96
92 97
92 101
92 102
92 103
92 106
92 111
92 112
92 114
92 115
92 118
92 119
92 125
92 126
92 127
92 128
92 129
92 131
92 134
92 137
92 138
92 139
92 142
92 146
92 150
92 151
92 152
92 153
92 154
92 157
92 159
92 161
93 94
93 95
93 98
93 103
93 104
93 105
93 106
93 107
93 108
93 113
93 114
93 115
93 117
93 118
93 124
93 126
93 129
93 133
93 134
93 137
93 139
93 140
93 141
93 143
93 146
93 147
93 150
93 151
93 152
93 154
93 157
93 160
93 161
94 95
94 96
94 97
94 98
94 99
94 101
94 103
94 104
94 105
94 106
94 109
94 110
94 111
94 112
94 114
94 115
94 117
94 118
94 119
94 121
94 124
94 125
94 127
94 129
94 130
94 131
94 134
94 136
94 137
94 138
94 140
94 141
94 142
94 144
94 145
94 146
94 147
94 149
94 151
94 152
94 153
94 154
94 155
94 157
94 159
94 161
95 97
95 102
95 104
95 105
95 106
95 107
95 108
95 113
95 114
95 115
95 118
95 119
95 129
95 130
95 133
95 137
95 139
95 147
95 150
95 152
95 158
95 161
96 99
96 102
96 104
96 105
96 106
96 108
96 114
96 115
96 117
96 118
96 128
96 129
96 133
96 134
96 135
96 137
96 141
96 146
96 150
96 151
96 152
96 154
96 155
96 157
96 158
97 99
97 100
97 101
97 102
97 104
97 106
97 108
97 109
97 111
97 112
97 113
97 115
97 116
97 117
97 118
97 120
97 121
97 122
97 125
97 127
97 129
97 131
97 133
97 134
97 137
97 138
97 139
97 142
97 145
97 146
97 147
97 148
97 150
97 151
97 152
97 153
97 154
97 155
97 158
97 160
97 161
98 101
98 102
98 106
98 108
98 109
98 110
98 113
98 118
98 119
98 125
98 126
98 128
98 129
98 130
98 131
98 133
98 134
98 135
98 138
98 141
98 145
98 148
98 152
98 154
98 161
99 102
99 103
99 105
99 106
99 107
99 108
99 112
99 113
99 115
99 116
99 117
99 118
99 120
99 125
99 126
99 129
99 131
99 133
99 137
99 138
99 140
99 143
99 146
99 147
99 151
99 155
99 158
99 159
99 160
99 161
100 101
100 102
100 104
100 105
100 106
100 109
100 111
100 114
100 115
100 116
100 118
100 125
100 129
100 131
100 134
100 139
100 141
100 145
100 147
100 150
100 151
100 153
100 154
100 160
101 102
101 103
101 105
101 106
101 107
101 108
101 109
101 110
101 111
101 112
101 113
101 114
101 115
101 116
101 117
101 118
101 120
101 123
101 125
101 126
101 127
101 128
101 129
101 130
101 131
101 133
101 134
101 135
101 136
101 138
101 139
101 140
101 141
101 142
101 143
101 145
101 146
101 147
101 148
101 149
101 150
101 151
101 152
101 154
101 156
101 158
101 159
101 160
102 105
102 106
102 107
102 109
102 110
102 112
102 113
102 114
102 115
102 116
102 117
102 118
102 119
102 125
102 126
102 127
102 128
102 131
102 132
102 133
102 135
102 136
102 137
102 138
102 139
102 141
102 142
102 146
102 147
102 149
102 150
102 151
102 152
102 154
102 156
102 157
102 158
102 159
102 161
103 106
103 108
103 109
103 110
103 112
103 113
103 114
103 115
103 117
103 123
103 125
103 126
103 129
103 131
103 132
103 133
103 137
103 138
103 141
103 142
103 144
103 146
103 147
103 149
103 151
103 152
103 154
103 157
103 158
103 160
103 161
104 106
104 107
104 111
104 113
104 114
104 118
104 128
104 131
104 132
104 133
104 136
104 137
104 139
104 142
104 145
104 146
104 152
104 153
104 157
104 158
104 161
105 107
105 108
105 109
105 112
105 113
105 114
105 115
105 116
105 117
105 119
105 122
105 127
105 128
105 129
105 130
105 131
105 133
105 136
105 137
105 139
105 140
105 141
105 142
105 143
105 147
105 149
105 150
105 151
105 153
105 154
105 157
105 158
105 159
105 161
106 108
106 109
106 111
106 112
106 113
106 115
106 116
106 117
106 118
106 122
106 123
106 125
106 126
106 127
106 129
106 130
106 131
106 133
106 135
106 136
106 137
106 138
106 139
106 140
106 145
106 147
106 149
106 151
106 152
106 153
106 154
106 155
106 157
106 158
106 159
106 161
107 108
107 109
107 114
107 116
107 117
107 125
107 129
107 131
107 132
107 133
107 136
107 137
107 138
107 140
107 141
107 142
107 143
107 146
107 147
107 152
107 153
107 159
107 160
107 161
108 109
108 110
108 112
108 113
108 114
108 115
108 116
108 117
108 118
108 120
108 121
108 123
108 125
108 126
108 128
108 129
108 131
108 132
108 133
108 134
108 135
108 137
108 138
108 140
108 141
108 142
108 143
108 147
108 148
108 149
108 151
108 152
108 153
108 154
108 155
108 157
108 158
109 111
109 115
109 116
109 117
109 126
109 127
109 129
109 131
109 132
109 133
109 134
109 138
109 139
109 140
109 143
109 144
109 145
109 147
109 149
109 150
109 151
109 152
109 154
109 157
109 158
109 160
109 161
110 111
110 113
110 115
110 116
110 125
110 126
110 128
110 130
110 132
110 134
110 137
110 138
110 139
110 143
110 146
110 147
110 148
110 154
110 158
111 112
111 113
111 114
111 115
111 116
111 125
111 128
111 133
111 137
111 138
111 139
111 141
111 144
111 147
111 149
111 152
111 154
111 158
111 159
111 161
112 113
112 114
112 115
112 120
112 124
112 125
112 126
112 128
112 129
112 130
112 133
112 134
112 135
112 137
112 138
112 139
112 141
112 142
112 144
112 145
112 146
112 147
112 148
112 149
112 150
112 153
112 154
112 158
113 114
113 115
113 116
113 118
113 119
113 121
113 125
113 126
113 127
113 129
113 130
113 131
113 132
113 133
113 134
113 135
113 138
113 141
113 142
113 143
113 145
113 146
113 148
113 150
113 152
113 154
113 155
113 157
113 158
113 161
114 115
114 117
114 118
114 122
114 124
114 125
114 126
114 128
114 129
114 130
114 131
114 132
114 133
114 134
114 135
114 136
114 137
114 138
114 141
114 142
114 143
114 149
114 150
114 151
114 152
114 153
114 154
114 157
114 158
114 160
114 161
115 116
115 117
115 119
115 124
115 127
115 128
115 129
115 131
115 132
115 133
115 134
115 135
115 136
115 138
115 141
115 142
115 143
115 144
115 147
115 148
115 149
115 150
115 151
115 152
115 153
115 154
115 155
115 156
115 157
115 158
115 159
115 160
116 117
116 118
116 122
116 125
116 129
116 130
116 131
116 134
116 135
116 137
116 138
116 139
116 142
116 147
116 149
116 150
116 152
116 153
116 154
116 157
117 119
117 125
117 127
117 128
117 129
117 130
117 131
117 132
117 133
117 134
117 135
117 136
117 137
117 138
117 140
117 141
117 142
117 145
117 147
117 150
117 151
117 152
117 153
117 154
117 155
117 156
117 157
117 158
117 159
117 161
118 119
118 120
118 123
118 124
118 125
118 126
118 127
118 128
118 129
118 130
118 131
118 133
118 135
118 137
118 138
118 139
118 145
118 146
118 147
118 149
118 150
118 151
118 152
118 153
118 154
118 156
118 157
118 158
118 160
118 161
119 134
119 135
119 137
119 138
119 139
119 145
119 154
119 158
119 160
120 128
120 129
120 131
120 134
120 138
120 142
120 148
120 150
120 152
120 153
120 158
120 161
121 133
121 137
121 138
121 142
121 146
121 147
121 153
121 154
121 158
121 161
122 131
122 133
122 139
122 142
122 147
122 155
122 158
123 131
123 133
123 137
123 140
123 146
123 149
123 150
123 160
124 125
124 129
124 131
124 133
124 137
124 142
124 146
124 151
125 127
125 129
125 131
125 132
125 133
125 137
125 138
125 141
125 142
125 144
125 146
125 147
125 149
125 150
125 151
125 152
125 153
125 154
125 156
125 157
125 158
125 159
125 160
125 161
126 130
126 131
126 134
126 136
126 137
126 139
126 141
126 149
126 152
126 153
126 154
126 156
126 157
126 158
126 159
126 160
126 161
127 129
127 130
127 134
127 141
127 142
127 146
127 147
127 151
127 152
127 154
127 161
128 129
128 131
128 134
128 137
128 140
128 142
128 146
128 147
128 148
128 150
128 152
128 154
128 157
128 158
129 131
129 133
129 134
129 137
129 138
129 139
129 140
129 141
129 142
129 145
129 146
129 147
129 150
129 151
129 152
129 153
129 154
129 155
129 157
129 161
130 131
130 133
130 134
130 137
130 138
130 139
130 142
130 145
130 147
130 149
130 150
130 152
130 155
130 156
130 157
130 158
130 159
130 160
130 161
131 133
131 135
131 136
131 137
131 140
131 141
131 142
131 144
131 145
131 146
131 147
131 148
131 150
131 151
131 152
131 153
131 155
131 157
131 158
131 159
131 160
131 161
132 134
132 138
132 147
132 150
132 152
132 160
133 134
133 135
133 136
133 137
133 139
133 140
133 141
133 142
133 143
133 145
133 146
133 149
133 150
133 151
133 153
133 154
133 155
133 156
133 157
133 158
133 160
133 161
134 135
134 137
134 138
134 139
134 142
134 146
134 147
134 148
134 149
134 155
134 156
134 157
134 158
134 159
135 137
135 138
135 139
135 140
135 142
135 143
135 145
135 146
135 147
135 150
135 153
135 154
135 155
135 157
135 158
135 160
136 138
136 143
136 147
136 150
136 151
136 152
136 154
137 138
137 139
137 140
137 141
137 142
137 143
137 144
137 145
137 146
137 147
137 149
137 150
137 151
137 152
137 153
137 154
137 157
137 158
137 160
137 161
138 140
138 142
138 143
138 147
138 148
138 149
138 150
138 151
138 152
138 153
138 154
138 155
138 157
138 158
138 159
138 160
138 161
139 141
139 142
139 143
139 145
139 146
139 147
139 149
139 150
139 151
139 152
139 153
139 154
139 156
139 158
139 159
139 161
140 142
140 147
140 149
140 152
140 153
140 161
141 142
141 145
141 146
141 147
141 151
141 152
141 153
141 154
141 155
141 157
141 158
141 160
141 161
142 143
142 145
142 146
142 148
142 150
142 153
142 154
142 155
142 158
142 160
142 161
143 145
143 146
143 147
143 151
143 152
143 154
143 155
143 156
144 154
144 158
145 147
145 149
145 150
145 154
145 158
145 159
145 160
146 147
146 148
146 150
146 151
146 152
146 153
146 154
146 159
146 161
147 149
147 150
147 151
147 152
147 154
147 155
147 156
147 157
147 158
147 159
147 160
147 161
148 152
148 154
148 158
148 160
148 161
149 150
149 151
149 152
149 157
149 158
150 153
150 154
150 160
150 161
151 152
151 153
151 154
151 157
151 158
151 159
151 160
151 161
152 153
152 154
152 155
152 157
152 158
152 159
152 160
152 161
153 154
153 158
153 159
153 160
153 161
154 156
154 157
154 160
154 161
155 159
157 158
157 161
158 160
159 160
159 161
160 161
