0 1
0 2
0 4
0 7
0 8
0 11
0 16
0 18
0 20
0 21
0 23
0 26
0 28
0 31
0 32
0 35
0 36
0 37
0 39
0 40
0 41
0 43
0 44
0 45
0 51
0 54
0 55
0 56
0 64
0 67
0 68
0 71
0 72
0 73
0 74
0 76
0 79
0 80
0 82
0 83
0 85
0 90
0 92
0 94
0 96
0 102
0 105
0 106
0 108
0 110
0 112
0 113
0 115
0 116
0 117
0 120
0 124
0 126
0 128
0 129
0 130
0 131
0 133
0 134
0 137
0 138
0 139
0 142
0 145
0 146
0 150
0 151
0 154
0 157
0 158
0 159
1 2
1 3
1 4
1 6
1 11
1 14
1 15
1 21
1 23
1 28
1 29
1 30
1 31
1 32
1 34
1 36
1 37
1 38
1 40
1 44
1 45
1 49
1 51
1 54
1 62
1 63
1 64
1 65
1 66
1 69
1 71
1 72
1 74
1 75
1 76
1 79
1 80
1 84
1 86
1 89
1 97
1 98
1 99
1 101
1 102
1 103
1 108
1 111
1 112
1 113
1 114
1 115
1 117
1 118
1 120
1 129
1 130
1 131
1 133
1 134
1 135
1 138
1 141
1 142
1 143
1 147
1 148
1 151
1 152
1 153
1 154
1 157
1 158
1 160
1 161
2 4
2 8
2 10
2 15
2 19
2 25
2 26
2 29
2 31
2 32
2 39
2 44
2 52
2 54
2 55
2 56
2 59
2 63
2 64
2 65
2 67
2 68
2 70
2 71
2 73
2 74
2 79
2 80
2 82
2 83
2 86
2 87
2 91
2 92
2 93
2 94
2 96
2 97
2 98
2 99
2 101
2 105
2 108
2 109
2 110
2 113
2 117
2 123
2 125
2 129
2 133
2 134
2 138
2 141
2 146
2 147
2 149
2 151
2 152
2 153
2 156
2 158
2 159
2 161
3 6
3 9
3 10
3 14
3 19
3 23
3 26
3 35
3 37
3 38
3 40
3 41
3 42
3 44
3 45
3 49
3 51
3 52
3 54
3 55
3 61
3 64
3 67
3 68
3 69
3 71
3 72
3 84
3 88
3 93
3 94
3 95
3 96
3 97
3 98
3 99
3 101
3 105
3 106
3 112
3 114
3 115
3 125
3 126
3 127
3 133
3 138
3 139
3 141
3 143
3 149
3 152
3 153
3 154
3 157
3 158
3 160
4 5
4 6
4 8
4 9
4 10
4 13
4 14
4 15
4 16
4 18
4 19
4 21
4 22
4 24
4 25
4 26
4 28
4 29
4 30
4 31
4 35
4 36
4 37
4 39
4 40
4 41
4 42
4 45
4 46
4 49
4 50
4 52
4 53
4 54
4 55
4 56
4 58
4 59
4 64
4 66
4 67
4 68
4 70
4 71
4 72
4 74
4 75
4 76
4 77
4 79
4 81
4 83
4 84
4 85
4 87
4 88
4 89
4 92
4 93
4 94
4 96
4 97
4 98
4 99
4 100
4 101
4 102
4 103
4 105
4 106
4 107
4 109
4 112
4 113
4 114
4 115
4 117
4 118
4 119
4 120
4 121
4 123
4 124
4 125
4 127
4 129
4 130
4 131
4 132
4 134
4 135
4 136
4 137
4 139
4 140
4 142
4 143
4 144
4 147
4 149
4 150
4 151
4 152
4 153
4 154
4 155
4 157
4 158
4 160
4 161
5 6
5 7
5 11
5 19
5 25
5 26
5 27
5 28
5 30
5 31
5 35
5 36
5 40
5 42
5 46
5 50
5 56
5 60
5 61
5 63
5 65
5 67
5 68
5 69
5 71
5 72
5 80
5 87
5 91
5 97
5 100
5 101
5 104
5 105
5 112
5 115
5 117
5 118
5 126
5 127
5 128
5 129
5 133
5 134
5 135
5 139
5 141
5 142
5 145
5 147
5 151
5 152
5 153
5 154
5 157
5 159
6 7
6 10
6 11
6 13
6 14
6 16
6 18
6 19
6 20
6 21
6 22
6 24
6 25
6 26
6 27
6 28
6 29
6 30
6 31
6 32
6 33
6 34
6 36
6 37
6 38
6 39
6 40
6 41
6 42
6 43
6 44
6 45
6 46
6 47
6 49
6 50
6 51
6 52
6 54
6 55
6 56
6 58
6 63
6 64
6 65
6 67
6 68
6 69
6 70
6 71
6 74
6 75
6 77
6 79
6 81
6 83
6 84
6 85
6 87
6 89
6 91
6 93
6 94
6 95
6 97
6 99
6 100
6 101
6 102
6 103
6 104
6 105
6 106
6 107
6 108
6 109
6 111
6 112
6 113
6 114
6 115
6 116
6 117
6 118
6 119
6 120
6 123
6 125
6 126
6 127
6 128
6 129
6 130
6 131
6 133
6 134
6 135
6 137
6 138
6 139
6 141
6 142
6 143
6 144
6 145
6 146
6 147
6 149
6 150
6 151
6 152
6 153
6 157
6 158
6 159
6 160
6 161
7 9
7 10
7 11
7 12
7 13
7 14
7 15
7 16
7 18
7 19
7 20
7 21
7 22
7 23
7 25
7 26
7 28
7 29
7 30
7 34
7 35
7 36
7 37
7 38
7 40
7 41
7 42
7 44
7 45
7 46
7 48
7 49
7 50
7 51
7 52
7 54
7 56
7 58
7 61
7 62
7 63
7 64
7 65
7 67
7 68
7 69
7 70
7 71
7 72
7 73
7 74
7 75
7 77
7 79
7 80
7 83
7 84
7 85
7 86
7 87
7 89
7 91
7 92
7 93
7 94
7 95
7 97
7 98
7 99
7 101
7 103
7 104
7 105
7 106
7 107
7 108
7 110
7 111
7 112
7 113
7 114
7 115
7 116
7 118
7 119
7 123
7 125
7 126
7 128
7 129
7 130
7 131
7 132
7 133
7 134
7 135
7 136
7 137
7 138
7 139
7 141
7 142
7 145
7 147
7 148
7 149
7 150
7 151
7 152
7 153
7 154
7 155
7 157
7 158
7 159
7 161
8 13
8 14
8 19
8 22
8 31
8 37
8 39
8 40
8 44
8 49
8 50
8 51
8 54
8 56
8 57
8 63
8 65
8 73
8 75
8 76
8 79
8 82
8 89
8 91
8 94
8 101
8 102
8 104
8 105
8 106
8 108
8 109
8 111
8 112
8 116
8 117
8 118
8 125
8 133
8 138
8 142
8 148
8 150
8 156
9 10
9 11
9 12
9 18
9 19
9 21
9 24
9 26
9 28
9 30
9 31
9 33
9 35
9 36
9 38
9 40
9 46
9 49
9 51
9 54
9 55
9 56
9 61
9 63
9 64
9 65
9 66
9 67
9 68
9 70
9 71
9 73
9 74
9 75
9 77
9 78
9 79
9 80
9 86
9 89
9 93
9 95
9 98
9 101
9 102
9 104
9 105
9 106
9 107
9 108
9 109
9 110
9 113
9 114
9 116
9 117
9 118
9 121
9 126
9 127
9 128
9 129
9 130
9 131
9 132
9 133
9 134
9 139
9 140
9 146
9 147
9 151
9 152
9 153
9 154
9 155
9 157
9 158
9 160
10 11
10 14
10 18
10 19
10 21
10 23
10 24
10 25
10 26
10 27
10 28
10 32
10 36
10 40
10 42
10 43
10 44
10 49
10 51
10 52
10 53
10 54
10 56
10 59
10 64
10 66
10 67
10 68
10 70
10 71
10 72
10 73
10 74
10 75
10 79
10 80
10 84
10 86
10 89
10 91
10 92
10 93
10 95
10 96
10 97
10 99
10 100
10 101
10 102
10 104
10 105
10 108
10 109
10 112
10 113
10 114
10 117
10 118
10 119
10 121
10 122
10 126
10 131
10 133
10 138
10 139
10 141
10 142
10 143
10 147
10 149
10 151
10 152
10 153
10 155
10 157
10 158
10 160
10 161
11 12
11 15
11 16
11 18
11 19
11 21
11 22
11 24
11 25
11 26
11 28
11 29
11 30
11 31
11 32
11 35
11 36
11 37
11 44
11 45
11 49
11 50
11 51
11 54
11 55
11 56
11 59
11 61
11 62
11 64
11 65
11 67
11 68
11 69
11 70
11 72
11 73
11 74
11 75
11 76
11 79
11 87
11 89
11 90
11 93
11 94
11 95
11 98
11 100
11 101
11 103
11 106
11 107
11 108
11 112
11 113
11 114
11 115
11 117
11 119
11 125
11 127
11 128
11 129
11 130
11 131
11 132
11 133
11 134
11 135
11 137
11 138
11 141
11 142
11 143
11 144
11 145
11 148
11 150
11 151
11 152
11 157
11 158
11 160
11 161
12 14
12 19
12 21
12 22
12 25
12 26
12 31
12 32
12 33
12 34
12 40
12 44
12 47
12 54
12 56
12 61
12 65
12 67
12 68
12 69
12 70
12 74
12 76
12 77
12 79
12 80
12 83
12 90
12 92
12 101
12 102
12 103
12 105
12 106
12 110
12 112
12 113
12 114
12 115
12 116
12 117
12 125
12 127
12 129
12 131
12 133
12 134
12 136
12 137
12 139
12 141
12 142
12 144
12 146
12 147
12 150
12 152
12 154
12 157
12 158
12 160
12 161
13 14
13 18
13 19
13 21
13 24
13 35
13 36
13 37
13 39
13 40
13 41
13 42
13 43
13 45
13 49
13 50
13 54
13 58
13 63
13 64
13 67
13 68
13 69
13 72
13 74
13 76
13 79
13 80
13 81
13 83
13 86
13 89
13 93
13 96
13 98
13 99
13 100
13 103
13 104
13 105
13 107
13 108
13 109
13 112
13 113
13 115
13 117
13 123
13 124
13 133
13 134
13 135
13 137
13 139
13 142
13 147
13 150
13 151
13 152
13 154
13 156
14 15
14 16
14 17
14 18
14 19
14 21
14 23
14 25
14 26
14 27
14 30
14 31
14 34
14 35
14 36
14 37
14 38
14 40
14 41
14 42
14 43
14 44
14 45
14 46
14 47
14 49
14 50
14 51
14 52
14 53
14 54
14 56
14 57
14 58
14 59
14 60
14 61
14 64
14 65
14 66
14 67
14 68
14 69
14 70
14 71
14 72
14 73
14 74
14 75
14 76
14 77
14 78
14 79
14 80
14 81
14 83
14 86
14 87
14 88
14 89
14 91
14 93
14 94
14 95
14 97
14 98
14 100
14 101
14 102
14 103
14 104
14 105
14 106
14 108
14 109
14 111
14 112
14 113
14 114
14 115
14 116
14 117
14 118
14 125
14 128
14 129
14 131
14 132
14 133
14 134
14 135
14 136
14 137
14 139
14 140
14 142
14 143
14 144
14 146
14 147
14 150
14 151
14 152
14 153
14 154
14 156
14 157
14 158
14 159
14 160
14 161
15 21
15 22
15 25
15 26
15 28
15 30
15 31
15 32
15 35
15 38
15 40
15 41
15 45
15 50
15 51
15 52
15 54
15 55
15 56
15 58
15 61
15 63
15 68
15 69
15 72
15 73
15 75
15 76
15 77
15 79
15 83
15 86
15 87
15 88
15 91
15 94
15 97
15 101
15 102
15 103
15 104
15 105
15 106
15 109
15 112
15 113
15 114
15 115
15 116
15 117
15 118
15 122
15 125
15 127
15 131
15 132
15 135
15 136
15 137
15 138
15 140
15 142
15 144
15 147
15 148
15 152
15 153
15 158
15 161
16 20
16 21
16 22
16 25
16 26
16 31
16 36
16 38
16 39
16 40
16 44
16 49
16 53
16 54
16 55
16 56
16 65
16 67
16 68
16 70
16 72
16 74
16 75
16 76
16 77
16 80
16 82
16 83
16 86
16 88
16 89
16 92
16 101
16 106
16 107
16 109
16 113
16 116
16 117
16 118
16 125
16 126
16 128
16 129
16 132
16 133
16 137
16 138
16 141
16 143
16 148
16 149
16 150
16 151
16 152
16 159
17 19
17 24
17 26
17 31
17 37
17 44
17 50
17 51
17 52
17 53
17 54
17 56
17 63
17 64
17 68
17 70
17 74
17 76
17 77
17 85
17 89
17 102
17 106
17 111
17 115
17 118
17 125
17 126
17 128
17 133
17 134
17 146
17 151
17 158
17 160
17 161
18 19
18 21
18 26
18 28
18 31
18 36
18 37
18 39
18 43
18 45
18 46
18 49
18 54
18 56
18 62
18 63
18 64
18 65
18 66
18 67
18 68
18 69
18 70
18 71
18 72
18 75
18 77
18 79
18 87
18 94
18 96
18 100
18 102
18 103
18 105
18 106
18 108
18 110
18 111
18 113
18 116
18 117
18 118
18 125
18 126
18 129
18 131
18 132
18 133
18 134
18 137
18 139
18 142
18 145
18 146
18 147
18 151
18 152
18 154
18 158
18 159
19 21
19 22
19 23
19 24
19 26
19 28
19 29
19 31
19 32
19 34
19 35
19 36
19 37
19 39
19 40
19 41
19 42
19 44
19 45
19 46
19 49
19 50
19 51
19 52
19 54
19 56
19 57
19 58
19 59
19 62
19 63
19 64
19 65
19 66
19 67
19 68
19 69
19 70
19 72
19 73
19 74
19 75
19 76
19 77
19 79
19 80
19 83
19 84
19 86
19 87
19 88
19 89
19 90
19 91
19 92
19 93
19 95
19 96
19 97
19 98
19 100
19 101
19 102
19 103
19 105
19 106
19 107
19 108
19 109
19 110
19 112
19 113
19 114
19 115
19 116
19 118
19 119
19 124
19 126
19 127
19 129
19 130
19 131
19 133
19 134
19 135
19 136
19 137
19 138
19 139
19 140
19 142
19 143
19 145
19 146
19 147
19 148
19 149
19 150
19 151
19 152
19 153
19 154
19 157
19 158
19 159
20 21
20 23
20 25
20 28
20 30
20 31
20 32
20 35
20 36
20 38
20 39
20 40
20 44
20 45
20 49
20 50
20 51
20 53
20 55
20 57
20 69
20 70
20 75
20 76
20 87
20 89
20 94
20 97
20 99
20 101
20 102
20 105
20 107
20 108
20 110
20 117
20 118
20 124
20 127
20 131
20 133
20 135
20 138
20 139
20 141
20 147
20 151
20 152
20 157
20 158
21 24
21 25
21 26
21 28
21 29
21 30
21 32
21 33
21 34
21 35
21 36
21 38
21 39
21 40
21 41
21 42
21 44
21 45
21 49
21 50
21 51
21 52
21 53
21 54
21 55
21 56
21 58
21 59
21 60
21 61
21 62
21 63
21 64
21 65
21 67
21 68
21 69
21 70
21 71
21 73
21 74
21 75
21 76
21 77
21 79
21 80
21 83
21 84
21 85
21 86
21 87
21 88
21 89
21 92
21 93
21 94
21 95
21 96
21 97
21 98
21 100
21 101
21 102
21 103
21 104
21 105
21 108
21 109
21 111
21 112
21 113
21 114
21 115
21 116
21 118
21 122
21 124
21 125
21 126
21 127
21 129
21 130
21 131
21 133
21 134
21 137
21 138
21 139
21 141
21 142
21 143
21 146
21 147
21 150
21 151
21 152
21 154
21 155
21 157
21 158
21 159
21 160
21 161
22 25
22 26
22 28
22 30
22 32
22 35
22 41
22 42
22 43
22 44
22 45
22 46
22 49
22 50
22 51
22 52
22 54
22 55
22 57
22 60
22 64
22 66
22 67
22 70
22 71
22 72
22 73
22 74
22 76
22 77
22 78
22 79
22 84
22 88
22 92
22 93
22 94
22 102
22 103
22 104
22 108
22 109
22 110
22 111
22 113
22 114
22 115
22 117
22 118
22 120
22 125
22 127
22 131
22 133
22 134
22 137
22 138
22 139
22 141
22 142
22 151
22 152
22 153
22 154
22 155
22 157
22 158
22 159
22 160
22 161
23 25
23 26
23 28
23 29
23 34
23 36
23 38
23 40
23 43
23 46
23 49
23 51
23 56
23 64
23 69
23 70
23 72
23 73
23 76
23 84
23 85
23 88
23 89
23 92
23 97
23 98
23 100
23 101
23 103
23 105
23 106
23 108
23 109
23 110
23 113
23 117
23 125
23 127
23 129
23 131
23 133
23 134
23 136
23 142
23 147
23 148
23 150
23 151
23 152
23 154
23 155
23 157
23 160
23 161
24 26
24 34
24 39
24 40
24 42
24 43
24 44
24 50
24 51
24 53
24 55
24 56
24 60
24 65
24 66
24 69
24 70
24 73
24 74
24 75
24 76
24 79
24 80
24 81
24 84
24 86
24 87
24 89
24 92
24 94
24 97
24 98
24 99
24 101
24 102
24 103
24 107
24 109
24 111
24 113
24 114
24 115
24 118
24 127
24 129
24 131
24 133
24 136
24 137
24 138
24 142
24 147
24 150
24 151
24 152
24 153
24 154
24 157
24 158
25 26
25 29
25 30
25 31
25 32
25 34
25 36
25 40
25 41
25 42
25 45
25 49
25 51
25 52
25 54
25 55
25 57
25 59
25 63
25 65
25 66
25 67
25 68
25 69
25 70
25 72
25 73
25 74
25 78
25 79
25 80
25 81
25 83
25 84
25 86
25 87
25 88
25 89
25 90
25 91
25 93
25 94
25 95
25 97
25 98
25 99
25 102
25 103
25 105
25 106
25 107
25 108
25 109
25 110
25 112
25 113
25 115
25 117
25 118
25 125
25 129
25 130
25 131
25 133
25 135
25 137
25 138
25 139
25 140
25 141
25 142
25 143
25 145
25 146
25 148
25 150
25 151
25 153
25 154
25 155
25 157
25 158
25 160
25 161
26 28
26 30
26 31
26 32
26 33
26 34
26 35
26 36
26 37
26 38
26 40
26 43
26 44
26 45
26 46
26 47
26 48
26 49
26 51
26 53
26 54
26 55
26 56
26 63
26 65
26 66
26 67
26 68
26 70
26 71
26 72
26 73
26 74
26 75
26 77
26 78
26 79
26 80
26 83
26 84
26 85
26 86
26 88
26 89
26 90
26 91
26 92
26 93
26 94
26 95
26 96
26 97
26 101
26 102
26 103
26 104
26 105
26 106
26 107
26 108
26 109
26 110
26 111
26 112
26 114
26 115
26 116
26 117
26 118
26 120
26 121
26 126
26 127
26 128
26 129
26 130
26 132
26 133
26 134
26 137
26 138
26 139
26 140
26 141
26 142
26 143
26 147
26 148
26 149
26 150
26 151
26 152
26 153
26 154
26 155
26 156
26 157
26 158
26 159
26 161
27 34
27 45
27 51
27 54
27 60
27 64
27 68
27 69
27 70
27 72
27 81
27 84
27 89
27 90
27 99
27 102
27 106
27 112
27 115
27 117
27 124
27 129
27 131
27 133
27 138
27 139
27 140
27 149
27 152
27 156
27 157
27 158
28 33
28 36
28 37
28 38
28 41
28 43
28 44
28 49
28 51
28 58
28 63
28 66
28 67
28 69
28 70
28 71
28 72
28 73
28 77
28 79
28 81
28 83
28 86
28 87
28 89
28 94
28 101
28 103
28 104
28 106
28 109
28 112
28 114
28 116
28 117
28 118
28 125
28 126
28 127
28 129
28 130
28 131
28 133
28 134
28 136
28 142
28 147
28 150
28 151
28 158
28 161
29 30
29 31
29 32
29 35
29 37
29 40
29 44
29 49
29 50
29 51
29 52
29 54
29 56
29 59
29 64
29 66
29 67
29 73
29 74
29 78
29 81
29 82
29 83
29 86
29 89
29 92
29 94
29 100
29 101
29 106
29 107
29 108
29 112
29 113
29 114
29 115
29 116
29 117
29 118
29 127
29 129
29 134
29 135
29 138
29 142
29 149
29 152
29 154
29 157
29 161
30 31
30 32
30 35
30 36
30 37
30 38
30 39
30 40
30 41
30 43
30 44
30 46
30 48
30 49
30 51
30 53
30 54
30 55
30 56
30 59
30 60
30 62
30 63
30 64
30 65
30 66
30 68
30 70
30 71
30 72
30 73
30 74
30 75
30 77
30 80
30 84
30 85
30 87
30 89
30 91
30 92
30 93
30 94
30 95
30 97
30 99
30 104
30 106
30 107
30 110
30 112
30 114
30 116
30 117
30 118
30 121
30 123
30 125
30 126
30 129
30 130
30 131
30 132
30 133
30 134
30 137
30 138
30 139
30 141
30 145
30 146
30 147
30 148
30 150
30 151
30 152
30 153
30 154
30 158
30 160
30 161
31 32
31 33
31 35
31 36
31 38
31 39
31 40
31 43
31 44
31 45
31 46
31 49
31 50
31 51
31 52
31 53
31 54
31 55
31 56
31 57
31 59
31 60
31 61
31 62
31 63
31 64
31 65
31 66
31 67
31 68
31 69
31 70
31 71
31 72
31 73
31 74
31 75
31 76
31 77
31 79
31 83
31 86
31 87
31 89
31 90
31 91
31 93
31 94
31 96
31 97
31 98
31 99
31 101
31 102
31 105
31 106
31 107
31 108
31 109
31 110
31 111
31 112
31 114
31 115
31 116
31 117
31 118
31 119
31 120
31 121
31 123
31 125
31 126
31 127
31 128
31 129
31 130
31 131
31 133
31 135
31 137
31 138
31 139
31 140
31 141
31 143
31 145
31 146
31 147
31 148
31 149
31 151
31 152
31 153
31 154
31 155
31 156
31 158
31 160
31 161
32 34
32 37
32 38
32 39
32 42
32 43
32 45
32 46
32 49
32 52
32 54
32 55
32 57
32 58
32 60
32 61
32 63
32 64
32 65
32 66
32 67
32 68
32 69
32 72
32 74
32 76
32 77
32 78
32 79
32 80
32 83
32 90
32 92
32 98
32 101
32 102
32 103
32 104
32 105
32 106
32 107
32 108
32 109
32 110
32 111
32 113
32 114
32 115
32 117
32 118
32 120
32 123
32 124
32 125
32 127
32 131
32 133
32 134
32 136
32 137
32 138
32 139
32 140
32 141
32 142
32 146
32 147
32 149
32 150
32 151
32 152
32 153
32 154
32 156
32 157
32 159
32 160
32 161
33 40
33 43
33 48
33 50
33 51
33 61
33 68
33 69
33 72
33 73
33 75
33 84
33 88
33 94
33 97
33 98
33 107
33 108
33 114
33 117
33 118
33 126
33 131
33 134
33 135
33 136
33 137
33 138
33 141
33 142
33 145
33 146
33 151
33 152
33 153
33 157
33 160
33 161
34 35
34 36
34 38
34 40
34 43
34 44
34 46
34 49
34 50
34 51
34 55
34 56
34 58
34 62
34 63
34 64
34 68
34 69
34 70
34 73
34 74
34 75
34 76
34 80
34 82
34 84
34 88
34 89
34 92
34 97
34 100
34 101
34 104
34 105
34 106
34 109
34 112
34 113
34 118
34 119
34 125
34 126
34 127
34 130
34 131
34 133
34 134
34 137
34 138
34 139
34 141
34 142
34 146
34 147
34 150
34 152
34 155
34 161
35 38
35 40
35 42
35 43
35 44
35 45
35 47
35 48
35 50
35 51
35 54
35 55
35 56
35 59
35 61
35 63
35 64
35 65
35 66
35 67
35 68
35 69
35 70
35 71
35 73
35 74
35 75
35 79
35 80
35 87
35 88
35 91
35 93
35 94
35 97
35 98
35 101
35 104
35 105
35 106
35 107
35 108
35 109
35 110
35 112
35 114
35 115
35 117
35 118
35 119
35 124
35 125
35 127
35 130
35 131
35 133
35 134
35 135
35 138
35 139
35 141
35 142
35 146
35 147
35 150
35 151
35 153
35 154
35 155
35 157
35 158
35 159
35 160
36 39
36 40
36 41
36 44
36 45
36 46
36 50
36 51
36 52
36 54
36 55
36 56
36 57
36 58
36 62
36 64
36 65
36 66
36 67
36 68
36 70
36 71
36 72
36 74
36 76
36 83
36 86
36 87
36 89
36 91
36 93
36 94
36 96
36 100
36 101
36 102
36 103
36 104
36 105
36 106
36 107
36 108
36 109
36 110
36 112
36 113
36 114
36 115
36 116
36 117
36 119
36 125
36 126
36 128
36 130
36 131
36 133
36 135
36 138
36 142
36 146
36 147
36 149
36 150
36 151
36 152
36 154
36 155
36 157
36 158
36 161
37 38
37 40
37 42
37 43
37 46
37 48
37 49
37 51
37 52
37 54
37 55
37 56
37 58
37 59
37 64
37 65
37 67
37 69
37 70
37 72
37 76
37 77
37 78
37 79
37 80
37 82
37 83
37 84
37 85
37 88
37 89
37 91
37 92
37 93
37 96
37 97
37 100
37 101
37 102
37 103
37 105
37 106
37 108
37 111
37 112
37 113
37 114
37 115
37 117
37 118
37 130
37 131
37 133
37 134
37 137
37 138
37 139
37 140
37 146
37 150
37 151
37 152
37 154
37 157
37 158
37 159
37 160
37 161
38 39
38 42
38 43
38 45
38 46
38 47
38 48
38 49
38 50
38 51
38 53
38 54
38 55
38 58
38 59
38 62
38 63
38 64
38 65
38 66
38 67
38 68
38 69
38 72
38 73
38 74
38 75
38 77
38 79
38 80
38 83
38 86
38 87
38 89
38 93
38 97
38 99
38 100
38 101
38 102
38 104
38 105
38 106
38 108
38 109
38 111
38 112
38 114
38 115
38 116
38 117
38 118
38 121
38 127
38 128
38 129
38 131
38 133
38 134
38 135
38 136
38 137
38 138
38 139
38 141
38 142
38 143
38 145
38 146
38 147
38 148
38 149
38 151
38 153
38 154
38 158
38 159
38 160
39 40
39 42
39 45
39 46
39 49
39 50
39 51
39 53
39 56
39 61
39 62
39 63
39 65
39 66
39 67
39 68
39 69
39 71
39 72
39 73
39 74
39 75
39 76
39 80
39 83
39 84
39 85
39 87
39 89
39 93
39 94
39 97
39 101
39 102
39 106
39 109
39 110
39 112
39 113
39 114
39 117
39 118
39 123
39 124
39 125
39 127
39 128
39 130
39 133
39 134
39 137
39 138
39 139
39 145
39 151
39 152
39 153
39 154
39 157
39 158
39 159
39 160
39 161
40 43
40 45
40 48
40 49
40 50
40 51
40 52
40 54
40 56
40 58
40 59
40 61
40 63
40 64
40 65
40 66
40 67
40 69
40 70
40 71
40 72
40 73
40 74
40 75
40 79
40 80
40 81
40 83
40 84
40 85
40 86
40 87
40 88
40 89
40 93
40 94
40 95
40 96
40 97
40 98
40 99
40 101
40 102
40 103
40 104
40 105
40 106
40 107
40 108
40 109
40 110
40 112
40 113
40 115
40 116
40 117
40 118
40 122
40 124
40 125
40 126
40 129
40 130
40 131
40 132
40 133
40 134
40 135
40 136
40 138
40 139
40 140
40 142
40 143
40 146
40 147
40 148
40 149
40 150
40 151
40 152
40 153
40 154
40 155
40 157
40 159
40 161
41 45
41 49
41 56
41 67
41 69
41 72
41 73
41 75
41 77
41 87
41 94
41 96
41 98
41 102
41 106
41 114
41 115
41 118
41 124
41 128
41 130
41 132
41 133
41 141
41 142
41 145
41 147
41 150
41 151
41 152
41 153
42 43
42 45
42 46
42 49
42 51
42 54
42 56
42 65
42 67
42 68
42 72
42 73
42 74
42 79
42 80
42 82
42 83
42 84
42 86
42 88
42 89
42 90
42 91
42 92
42 93
42 94
42 97
42 98
42 101
42 106
42 107
42 108
42 112
42 114
42 115
42 116
42 117
42 123
42 127
42 129
42 134
42 137
42 138
42 141
42 143
42 145
42 151
42 152
42 158
42 161
43 45
43 46
43 49
43 53
43 55
43 56
43 57
43 58
43 59
43 64
43 66
43 67
43 68
43 69
43 72
43 73
43 75
43 77
43 86
43 87
43 93
43 94
43 102
43 104
43 105
43 106
43 111
43 114
43 115
43 116
43 117
43 118
43 119
43 121
43 125
43 129
43 130
43 131
43 132
43 134
43 135
43 137
43 138
43 139
43 141
43 142
43 143
43 146
43 147
43 148
43 150
43 151
43 152
43 154
43 156
43 158
43 159
43 160
43 161
44 45
44 47
44 49
44 50
44 51
44 52
44 54
44 55
44 56
44 57
44 59
44 61
44 63
44 64
44 65
44 66
44 67
44 68
44 70
44 73
44 75
44 76
44 77
44 79
44 82
44 83
44 84
44 88
44 89
44 91
44 93
44 94
44 95
44 97
44 98
44 99
44 106
44 107
44 108
44 109
44 110
44 111
44 112
44 113
44 114
44 115
44 117
44 118
44 119
44 123
44 125
44 126
44 127
44 128
44 129
44 131
44 132
44 133
44 134
44 137
44 140
44 141
44 145
44 146
44 148
44 149
44 150
44 152
44 153
44 154
44 158
44 159
44 161
45 46
45 51
45 53
45 54
45 55
45 56
45 59
45 60
45 61
45 63
45 64
45 66
45 67
45 68
45 69
45 70
45 71
45 72
45 73
45 74
45 76
45 79
45 81
45 82
45 83
45 84
45 86
45 87
45 88
45 89
45 91
45 92
45 93
45 94
45 95
45 97
45 98
45 99
45 100
45 101
45 102
45 103
45 104
45 105
45 106
45 107
45 108
45 109
45 112
45 113
45 114
45 115
45 117
45 118
45 120
45 125
45 130
45 131
45 133
45 138
45 141
45 142
45 144
45 146
45 148
45 149
45 150
45 151
45 152
45 153
45 154
45 155
45 157
45 158
45 159
45 160
46 49
46 50
46 51
46 54
46 56
46 57
46 62
46 63
46 65
46 66
46 67
46 68
46 70
46 71
46 73
46 74
46 75
46 79
46 83
46 84
46 86
46 87
46 89
46 94
46 97
46 101
46 102
46 105
46 108
46 109
46 112
46 113
46 115
46 117
46 118
46 125
46 126
46 129
46 130
46 131
46 133
46 134
46 137
46 138
46 139
46 141
46 142
46 147
46 149
46 150
46 151
46 152
46 153
46 155
46 157
46 158
46 159
46 160
47 49
47 51
47 53
47 54
47 56
47 58
47 67
47 68
47 69
47 70
47 74
47 79
47 81
47 84
47 87
47 88
47 93
47 99
47 102
47 112
47 115
47 118
47 130
47 134
47 138
47 139
47 142
47 146
47 147
47 148
47 150
47 154
47 158
48 52
48 54
48 55
48 58
48 64
48 65
48 67
48 68
48 70
48 72
48 73
48 80
48 84
48 93
48 94
48 98
48 101
48 106
48 107
48 108
48 109
48 112
48 114
48 115
48 117
48 118
48 126
48 129
48 131
48 132
48 133
48 134
48 136
48 139
48 142
48 157
49 50
49 52
49 53
49 54
49 55
49 56
49 58
49 59
49 60
49 62
49 63
49 64
49 65
49 66
49 67
49 70
49 71
49 72
49 73
49 74
49 75
49 78
49 79
49 81
49 82
49 83
49 84
49 86
49 87
49 90
49 91
49 92
49 93
49 94
49 95
49 99
49 100
49 101
49 102
49 104
49 105
49 106
49 107
49 108
49 109
49 110
49 111
49 112
49 113
49 114
49 115
49 116
49 117
49 118
49 119
49 120
49 121
49 123
49 124
49 125
49 127
49 129
49 131
49 132
49 133
49 134
49 136
49 137
49 138
49 139
49 140
49 141
49 142
49 144
49 145
49 146
49 147
49 149
49 150
49 151
49 152
49 153
49 154
49 155
49 157
49 158
49 160
49 161
50 51
50 55
50 56
50 57
50 58
50 61
50 63
50 64
50 65
50 66
50 67
50 68
50 69
50 70
50 71
50 72
50 73
50 74
50 75
50 76
50 77
50 80
50 83
50 84
50 89
50 90
50 93
50 96
50 99
50 101
50 102
50 103
50 104
50 105
50 106
50 108
50 109
50 112
50 115
50 128
50 129
50 130
50 131
50 133
50 134
50 135
50 136
50 137
50 138
50 139
50 143
50 145
50 149
50 151
50 152
50 154
50 155
50 156
50 159
50 161
51 52
51 53
51 54
51 55
51 56
51 57
51 58
51 61
51 63
51 64
51 65
51 67
51 68
51 70
51 71
51 72
51 73
51 74
51 75
51 76
51 77
51 79
51 80
51 81
51 83
51 84
51 85
51 87
51 88
51 89
51 91
51 92
51 93
51 94
51 95
51 96
51 97
51 99
51 100
51 101
51 102
51 103
51 104
51 105
51 106
51 107
51 108
51 109
51 110
51 111
51 112
51 113
51 114
51 115
51 116
51 117
51 118
51 119
51 120
51 121
51 123
51 124
51 125
51 126
51 128
51 129
51 130
51 131
51 133
51 134
51 137
51 138
51 141
51 142
51 143
51 146
51 147
51 148
51 149
51 150
51 152
51 153
51 154
51 155
51 157
51 158
52 54
52 56
52 58
52 61
52 63
52 64
52 65
52 68
52 71
52 72
52 73
52 74
52 78
52 79
52 81
52 82
52 88
52 89
52 91
52 104
52 105
52 106
52 107
52 108
52 109
52 112
52 113
52 115
52 117
52 118
52 125
52 127
52 129
52 134
52 137
52 138
52 141
52 142
52 146
52 148
52 149
52 150
52 152
52 154
52 158
53 54
53 57
53 58
53 62
53 64
53 67
53 68
53 69
53 70
53 72
53 74
53 76
53 77
53 79
53 83
53 84
53 89
53 92
53 93
53 94
53 95
53 96
53 97
53 99
53 102
53 104
53 109
53 110
53 113
53 114
53 115
53 118
53 122
53 126
53 128
53 133
53 134
53 135
53 136
53 137
53 138
53 142
53 145
53 151
53 152
53 154
53 156
53 159
54 56
54 57
54 58
54 59
54 60
54 62
54 63
54 64
54 65
54 66
54 67
54 68
54 69
54 70
54 71
54 72
54 73
54 74
54 75
54 76
54 78
54 79
54 84
54 85
54 88
54 89
54 93
54 94
54 95
54 97
54 98
54 101
54 104
54 105
54 106
54 107
54 109
54 110
54 111
54 112
54 113
54 114
54 115
54 116
54 118
54 119
54 120
54 121
54 124
54 125
54 126
54 127
54 129
54 131
54 133
54 134
54 136
54 137
54 138
54 139
54 140
54 141
54 145
54 147
54 149
54 150
54 151
54 153
54 154
54 155
54 157
54 158
54 160
54 161
55 56
55 58
55 63
55 64
55 66
55 67
55 68
55 69
55 71
55 73
55 74
55 75
55 76
55 80
55 84
55 85
55 86
55 87
55 88
55 89
55 90
55 92
55 93
55 94
55 96
55 98
55 99
55 102
55 105
55 107
55 108
55 109
55 112
55 113
55 114
55 115
55 116
55 117
55 118
55 119
55 124
55 125
55 126
55 127
55 128
55 129
55 131
55 135
55 137
55 138
55 139
55 141
55 142
55 146
55 150
55 151
55 152
55 153
55 155
55 158
55 159
55 160
55 161
56 57
56 60
56 62
56 63
56 64
56 65
56 66
56 67
56 68
56 69
56 70
56 71
56 72
56 73
56 75
56 76
56 79
56 80
56 81
56 82
56 84
56 85
56 86
56 88
56 90
56 91
56 92
56 93
56 94
56 97
56 98
56 99
56 101
56 102
56 103
56 106
56 107
56 108
56 109
56 111
56 112
56 113
56 114
56 115
56 116
56 117
56 119
56 121
56 122
56 125
56 127
56 128
56 129
56 131
56 133
56 134
56 135
56 137
56 138
56 139
56 141
56 142
56 143
56 144
56 145
56 147
56 148
56 149
56 150
56 151
56 152
56 153
56 154
56 157
56 158
56 159
56 160
57 61
57 64
57 65
57 67
57 71
57 72
57 73
57 74
57 76
57 77
57 79
57 80
57 84
57 87
57 89
57 91
57 94
57 101
57 103
57 105
57 114
57 116
57 117
57 118
57 121
57 131
57 137
57 141
57 142
57 143
57 145
57 146
57 147
57 149
57 151
57 153
57 159
58 59
58 60
58 61
58 62
58 63
58 64
58 65
58 66
58 67
58 68
58 70
58 72
58 74
58 77
58 79
58 80
58 87
58 92
58 95
58 97
58 99
58 104
58 105
58 106
58 107
58 108
58 109
58 110
58 112
58 114
58 115
58 117
58 118
58 119
58 122
58 125
58 128
58 129
58 130
58 131
58 133
58 134
58 136
58 137
58 138
58 139
58 142
58 144
58 146
58 147
58 150
58 151
58 152
58 154
58 155
58 158
58 160
58 161
59 62
59 63
59 65
59 66
59 67
59 68
59 70
59 73
59 75
59 77
59 79
59 81
59 88
59 89
59 92
59 93
59 97
59 99
59 101
59 102
59 106
59 107
59 108
59 110
59 112
59 113
59 114
59 115
59 117
59 118
59 122
59 123
59 125
59 126
59 127
59 129
59 131
59 133
59 139
59 141
59 142
59 143
59 145
59 149
59 150
59 151
59 152
59 154
59 158
60 62
60 64
60 67
60 72
60 74
60 79
60 83
60 87
60 94
60 98
60 100
60 106
60 107
60 112
60 114
60 118
60 125
60 131
60 138
60 153
61 63
61 64
61 68
61 70
61 72
61 79
61 83
61 87
61 91
61 93
61 94
61 97
61 100
61 101
61 103
61 105
61 109
61 114
61 115
61 116
61 118
61 119
61 120
61 124
61 125
61 126
61 129
61 133
61 134
61 135
61 136
61 137
61 150
61 154
61 156
61 158
62 64
62 65
62 66
62 68
62 70
62 71
62 72
62 74
62 75
62 76
62 77
62 87
62 93
62 97
62 101
62 102
62 109
62 113
62 114
62 117
62 118
62 122
62 125
62 126
62 127
62 137
62 138
62 152
62 157
62 158
63 64
63 66
63 68
63 69
63 70
63 71
63 72
63 73
63 74
63 75
63 76
63 77
63 79
63 80
63 85
63 86
63 89
63 94
63 95
63 96
63 97
63 99
63 100
63 103
63 105
63 107
63 108
63 109
63 110
63 111
63 113
63 114
63 116
63 117
63 118
63 123
63 125
63 126
63 131
63 133
63 137
63 138
63 142
63 143
63 145
63 147
63 148
63 150
63 151
63 152
63 154
63 155
63 158
63 160
64 65
64 66
64 67
64 68
64 69
64 70
64 71
64 73
64 74
64 75
64 76
64 77
64 78
64 79
64 80
64 82
64 83
64 84
64 87
64 88
64 89
64 90
64 91
64 92
64 93
64 94
64 95
64 96
64 97
64 98
64 100
64 101
64 102
64 103
64 104
64 105
64 106
64 107
64 108
64 109
64 110
64 112
64 113
64 114
64 116
64 118
64 120
64 122
64 124
64 125
64 126
64 128
64 129
64 130
64 131
64 133
64 134
64 135
64 136
64 137
64 138
64 139
64 140
64 141
64 143
64 145
64 146
64 147
64 148
64 150
64 151
64 152
64 153
64 154
64 156
64 157
64 158
64 159
64 160
64 161
65 66
65 67
65 68
65 69
65 70
65 71
65 72
65 73
65 74
65 75
65 76
65 77
65 79
65 80
65 81
65 82
65 84
65 86
65 87
65 88
65 89
65 91
65 93
65 94
65 97
65 98
65 99
65 101
65 102
65 103
65 106
65 107
65 109
65 110
65 113
65 114
65 115
65 117
65 118
65 119
65 122
65 125
65 127
65 128
65 129
65 130
65 131
65 132
65 133
65 134
65 135
65 136
65 137
65 138
65 139
65 141
65 142
65 143
65 146
65 147
65 148
65 150
65 151
65 152
65 153
65 154
65 155
65 156
65 157
65 158
65 159
65 161
66 68
66 69
66 70
66 71
66 72
66 74
66 75
66 77
66 78
66 79
66 80
66 83
66 84
66 86
66 87
66 88
66 89
66 92
66 93
66 95
66 97
66 99
66 100
66 101
66 102
66 103
66 105
66 106
66 107
66 109
66 112
66 113
66 114
66 116
66 117
66 118
66 123
66 125
66 126
66 131
66 133
66 138
66 139
66 140
66 142
66 146
66 147
66 150
66 152
66 153
66 154
66 157
66 158
66 161
67 68
67 69
67 71
67 72
67 73
67 74
67 76
67 80
67 81
67 82
67 83
67 84
67 85
67 87
67 88
67 89
67 91
67 92
67 93
67 94
67 95
67 96
67 97
67 100
67 101
67 102
67 103
67 105
67 106
67 108
67 109
67 110
67 111
67 112
67 113
67 114
67 115
67 116
67 118
67 120
67 122
67 123
67 125
67 126
67 127
67 128
67 129
67 131
67 133
67 134
67 135
67 136
67 137
67 138
67 139
67 140
67 141
67 142
67 144
67 146
67 147
67 149
67 151
67 152
67 154
67 155
67 156
67 157
67 161
68 69
68 70
68 72
68 74
68 76
68 77
68 78
68 79
68 80
68 81
68 83
68 84
68 85
68 87
68 88
68 89
68 91
68 92
68 95
68 97
68 100
68 101
68 102
68 103
68 105
68 106
68 107
68 108
68 109
68 110
68 112
68 114
68 115
68 116
68 117
68 120
68 123
68 125
68 126
68 128
68 129
68 130
68 131
68 132
68 133
68 134
68 135
68 136
68 137
68 138
68 139
68 140
68 141
68 142
68 143
68 144
68 145
68 146
68 147
68 148
68 150
68 151
68 152
68 153
68 154
68 157
68 158
68 159
68 160
68 161
69 70
69 71
69 73
69 74
69 75
69 77
69 79
69 82
69 83
69 86
69 87
69 89
69 90
69 91
69 92
69 94
69 97
69 99
69 101
69 102
69 103
69 104
69 105
69 106
69 107
69 108
69 110
69 111
69 112
69 114
69 115
69 116
69 117
69 118
69 119
69 120
69 124
69 126
69 127
69 129
69 130
69 133
69 134
69 136
69 138
69 139
69 140
69 141
69 142
69 144
69 146
69 147
69 149
69 150
69 151
69 152
69 153
69 156
69 157
69 161
70 71
70 72
70 73
70 74
70 75
70 79
70 80
70 81
70 82
70 84
70 85
70 86
70 87
70 88
70 89
70 92
70 94
70 95
70 97
70 100
70 101
70 102
70 103
70 104
70 106
70 107
70 108
70 109
70 111
70 112
70 113
70 114
70 115
70 116
70 117
70 118
70 121
70 125
70 127
70 128
70 129
70 131
70 137
70 138
70 141
70 142
70 143
70 146
70 148
70 149
70 150
70 151
70 154
70 155
70 156
70 157
70 158
70 160
70 161
71 72
71 73
71 75
71 76
71 77
71 79
71 82
71 85
71 86
71 87
71 88
71 89
71 91
71 92
71 93
71 96
71 97
71 99
71 100
71 101
71 102
71 103
71 104
71 105
71 106
71 107
71 109
71 112
71 113
71 114
71 115
71 117
71 118
71 119
71 120
71 122
71 125
71 126
71 128
71 129
71 130
71 131
71 133
71 134
71 135
71 136
71 137
71 139
71 142
71 143
71 145
71 146
71 147
71 149
71 150
71 151
71 152
71 153
71 154
71 157
71 158
71 159
71 161
72 73
72 74
72 75
72 77
72 79
72 80
72 81
72 83
72 85
72 87
72 88
72 89
72 90
72 91
72 92
72 93
72 94
72 95
72 97
72 98
72 99
72 100
72 101
72 102
72 104
72 105
72 106
72 108
72 109
72 112
72 113
72 114
72 116
72 117
72 118
72 119
72 125
72 126
72 128
72 129
72 130
72 132
72 133
72 136
72 137
72 139
72 142
72 143
72 145
72 146
72 147
72 148
72 149
72 151
72 152
72 153
72 154
72 155
72 156
72 158
72 159
72 161
73 74
73 77
73 78
73 79
73 81
73 83
73 84
73 86
73 88
73 89
73 90
73 92
73 93
73 94
73 95
73 97
73 99
73 101
73 103
73 105
73 106
73 107
73 108
73 109
73 111
73 114
73 115
73 116
73 118
73 119
73 121
73 122
73 124
73 125
73 129
73 130
73 131
73 133
73 135
73 137
73 140
73 141
73 145
73 146
73 147
73 149
73 150
73 151
73 152
73 154
73 155
73 156
73 157
73 159
73 161
74 75
74 76
74 77
74 78
74 79
74 80
74 84
74 85
74 86
74 87
74 88
74 90
74 91
74 94
74 96
74 97
74 98
74 99
74 100
74 101
74 103
74 105
74 108
74 110
74 111
74 112
74 113
74 114
74 115
74 117
74 118
74 119
74 122
74 123
74 124
74 125
74 126
74 127
74 128
74 129
74 131
74 133
74 134
74 137
74 138
74 139
74 141
74 142
74 143
74 145
74 146
74 147
74 149
74 150
74 151
74 152
74 153
74 155
74 157
74 160
75 77
75 79
75 80
75 82
75 83
75 85
75 86
75 87
75 93
75 94
75 95
75 100
75 101
75 102
75 103
75 104
75 107
75 108
75 109
75 110
75 111
75 112
75 113
75 115
75 116
75 117
75 123
75 126
75 128
75 129
75 133
75 134
75 135
75 136
75 137
75 139
75 146
75 147
75 148
75 149
75 150
75 151
75 152
75 153
75 154
75 155
75 157
75 158
75 160
76 77
76 79
76 80
76 82
76 85
76 89
76 93
76 95
76 100
76 101
76 102
76 104
76 105
76 106
76 109
76 112
76 113
76 114
76 118
76 119
76 121
76 125
76 129
76 132
76 135
76 137
76 138
76 141
76 142
76 146
76 147
76 148
76 149
76 150
76 151
76 154
76 158
76 159
77 80
77 82
77 84
77 85
77 86
77 87
77 88
77 89
77 92
77 93
77 94
77 95
77 97
77 101
77 102
77 103
77 104
77 106
77 108
77 110
77 111
77 113
77 115
77 116
77 117
77 118
77 119
77 123
77 125
77 126
77 129
77 130
77 131
77 133
77 134
77 137
77 138
77 139
77 142
77 143
77 145
77 146
77 147
77 148
77 149
77 150
77 151
77 152
77 154
77 156
77 157
77 158
77 161
78 97
78 108
78 111
78 115
78 131
78 133
78 139
78 142
78 147
78 151
78 152
78 158
79 81
79 82
79 83
79 84
79 85
79 86
79 87
79 88
79 89
79 90
79 91
79 92
79 93
79 94
79 95
79 97
79 99
79 100
79 101
79 102
79 103
79 104
79 105
79 106
79 107
79 108
79 109
79 111
79 112
79 115
79 116
79 118
79 119
79 122
79 123
79 126
79 127
79 130
79 131
79 132
79 133
79 135
79 137
79 138
79 139
79 140
79 141
79 142
79 143
79 144
79 145
79 146
79 148
79 149
79 150
79 151
79 152
79 153
79 154
79 156
79 157
79 158
79 159
79 160
79 161
80 82
80 83
80 86
80 88
80 89
80 92
80 94
80 98
80 99
80 101
80 105
80 106
80 108
80 109
80 111
80 113
80 115
80 117
80 122
80 127
80 129
80 133
80 134
80 135
80 137
80 138
80 139
80 141
80 142
80 144
80 145
80 146
80 149
80 151
80 152
80 153
80 154
80 158
80 160
80 161
81 84
81 88
81 89
81 93
81 97
81 105
81 108
81 109
81 118
81 129
81 130
81 131
81 138
81 146
81 150
81 153
81 154
81 161
82 84
82 88
82 94
82 105
82 106
82 108
82 112
82 115
82 117
82 122
82 124
82 126
82 127
82 129
82 131
82 136
82 137
82 138
82 140
82 142
82 143
82 149
82 151
82 152
82 154
82 156
82 158
82 161
83 85
83 92
83 93
83 94
83 100
83 101
83 102
83 104
83 105
83 109
83 113
83 114
83 118
83 119
83 126
83 129
83 131
83 133
83 136
83 137
83 138
83 139
83 140
83 144
83 145
83 146
83 150
83 151
83 152
83 154
83 157
83 158
83 160
84 87
84 88
84 92
84 94
84 97
84 98
84 99
84 102
84 103
84 106
84 107
84 108
84 109
84 111
84 112
84 113
84 114
84 116
84 117
84 118
84 119
84 124
84 125
84 129
84 130
84 131
84 133
84 134
84 136
84 137
84 139
84 142
84 143
84 147
84 148
84 149
84 150
84 151
84 152
84 153
84 154
85 89
85 92
85 93
85 94
85 97
85 98
85 99
85 101
85 102
85 108
85 109
85 112
85 115
85 125
85 128
85 130
85 132
85 134
85 138
85 141
85 142
85 143
85 147
85 148
85 150
85 151
85 154
85 155
85 157
85 160
85 161
86 87
86 89
86 92
86 93
86 94
86 97
86 98
86 99
86 101
86 102
86 103
86 104
86 105
86 108
86 109
86 110
86 111
86 112
86 115
86 117
86 118
86 129
86 130
86 131
86 135
86 137
86 138
86 139
86 140
86 142
86 143
86 147
86 150
86 151
86 152
86 155
86 157
86 158
86 160
86 161
87 89
87 90
87 92
87 93
87 94
87 98
87 99
87 100
87 101
87 102
87 105
87 106
87 111
87 113
87 116
87 117
87 118
87 120
87 122
87 125
87 126
87 127
87 129
87 133
87 135
87 136
87 138
87 139
87 140
87 142
87 145
87 146
87 148
87 149
87 150
87 151
87 152
87 153
87 154
87 155
87 157
87 158
87 159
87 161
88 89
88 90
88 91
88 93
88 94
88 100
88 103
88 108
88 109
88 111
88 112
88 113
88 114
88 116
88 118
88 120
88 124
88 125
88 126
88 129
88 130
88 131
88 133
88 134
88 135
88 139
88 140
88 141
88 142
88 145
88 146
88 147
88 149
88 151
88 153
88 154
88 158
88 159
88 160
89 91
89 93
89 94
89 95
89 96
89 97
89 99
89 100
89 101
89 102
89 103
89 105
89 107
89 108
89 110
89 111
89 113
89 114
89 117
89 118
89 119
89 122
89 125
89 127
89 129
89 131
89 132
89 133
89 134
89 135
89 137
89 138
89 139
89 141
89 142
89 144
89 145
89 146
89 149
89 151
89 152
89 153
89 154
89 155
89 157
89 158
89 161
90 93
90 97
90 99
90 101
90 102
90 108
90 110
90 114
90 115
90 117
90 118
90 120
90 124
90 131
90 133
90 134
90 136
90 137
90 138
90 141
90 142
90 151
90 156
90 159
90 160
90 161
91 96
91 102
91 105
91 106
91 109
91 111
91 112
91 114
91 115
91 116
91 118
91 125
91 129
91 130
91 131
91 134
91 135
91 137
91 139
91 141
91 144
91 146
91 147
91 150
91 151
91 152
91 154
91 157
91 158
91 160
91 161
92 94
92 97
92 98
92 101
92 102
92 103
92 105
92 106
92 107
92 115
92 116
92 117
92 118
92 129
92 130
92 131
92 134
92 135
92 136
92 138
92 140
92 141
92 146
92 147
92 154
92 156
92 159
93 94
93 97
93 99
93 101
93 105
93 106
93 108
93 109
93 110
93 112
93 113
93 114
93 115
93 117
93 118
93 120
93 129
93 130
93 133
93 135
93 137
93 138
93 139
93 141
93 142
93 143
93 144
93 146
93 147
93 149
93 151
93 152
93 153
93 154
93 158
93 160
93 161
94 95
94 97
94 98
94 99
94 100
94 101
94 102
94 103
94 104
94 105
94 106
94 107
94 108
94 111
94 113
94 115
94 117
94 118
94 122
94 126
94 127
94 128
94 129
94 130
94 131
94 132
94 133
94 134
94 135
94 136
94 137
94 138
94 140
94 141
94 142
94 143
94 145
94 146
94 147
94 151
94 152
94 153
94 154
94 155
94 157
94 158
94 161
95 101
95 104
95 105
95 106
95 110
95 111
95 114
95 115
95 116
95 118
95 120
95 125
95 135
95 140
95 142
95 147
95 152
95 154
95 156
95 157
95 158
95 161
96 102
96 108
96 109
96 112
96 113
96 127
96 130
96 131
96 133
96 135
96 137
96 138
96 141
96 143
96 147
96 148
96 150
96 158
97 99
97 100
97 101
97 102
97 103
97 104
97 105
97 106
97 107
97 109
97 110
97 111
97 112
97 115
97 117
97 118
97 119
97 120
97 121
97 122
97 123
97 125
97 126
97 127
97 129
97 131
97 133
97 134
97 137
97 138
97 139
97 141
97 142
97 145
97 146
97 147
97 149
97 150
97 152
97 153
97 154
97 155
97 157
97 158
98 99
98 101
98 102
98 106
98 108
98 109
98 111
98 112
98 117
98 118
98 123
98 129
98 131
98 133
98 134
98 135
98 136
98 138
98 140
98 141
98 142
98 147
98 150
98 152
98 153
98 154
98 155
98 157
98 158
98 159
99 100
99 102
99 103
99 106
99 109
99 112
99 113
99 114
99 117
99 118
99 125
99 126
99 130
99 133
99 134
99 135
99 136
99 137
99 139
99 140
99 141
99 142
99 150
99 151
99 152
99 154
99 157
99 158
99 159
99 161
100 102
100 104
100 106
100 107
100 108
100 109
100 113
100 114
100 125
100 131
100 137
100 139
100 142
100 143
100 144
100 145
100 147
100 150
100 151
100 153
100 155
100 157
100 158
101 103
101 104
101 105
101 106
101 107
101 111
101 112
101 113
101 115
101 116
101 117
101 118
101 123
101 125
101 126
101 129
101 131
101 132
101 133
101 134
101 136
101 137
101 138
101 139
101 140
101 142
101 145
101 146
101 147
101 150
101 151
101 152
101 153
101 154
101 155
101 157
101 158
101 161
102 104
102 105
102 106
102 109
102 111
102 112
102 113
102 114
102 115
102 116
102 117
102 118
102 119
102 121
102 124
102 125
102 126
102 127
102 129
102 130
102 133
102 134
102 136
102 137
102 138
102 139
102 140
102 142
102 143
102 145
102 147
102 149
102 150
102 151
102 152
102 153
102 154
102 157
102 158
102 159
102 161
103 105
103 106
103 108
103 109
103 112
103 113
103 114
103 115
103 117
103 118
103 126
103 129
103 130
103 131
103 135
103 137
103 138
103 140
103 142
103 147
103 148
103 149
103 151
103 152
103 153
103 154
103 155
103 157
103 158
104 106
104 108
104 110
104 112
104 113
104 114
104 115
104 117
104 129
104 131
104 133
104 134
104 136
104 137
104 138
104 142
104 145
104 147
104 152
104 153
104 154
104 155
104 157
104 159
105 108
105 109
105 110
105 113
105 114
105 115
105 117
105 118
105 125
105 126
105 129
105 130
105 131
105 132
105 134
105 135
105 136
105 137
105 138
105 139
105 140
105 141
105 143
105 145
105 147
105 152
105 153
105 155
105 157
105 158
105 161
106 107
106 108
106 110
106 111
106 112
106 113
106 115
106 117
106 118
106 124
106 125
106 126
106 127
106 129
106 130
106 131
106 133
106 134
106 135
106 136
106 137
106 138
106 139
106 141
106 142
106 146
106 147
106 149
106 150
106 151
106 152
106 153
106 154
106 155
106 156
106 157
106 159
106 161
107 108
107 109
107 110
107 111
107 112
107 114
107 115
107 117
107 118
107 122
107 127
107 129
107 130
107 131
107 132
107 134
107 135
107 136
107 137
107 138
107 140
107 147
107 148
107 149
107 151
107 152
107 154
107 155
107 157
107 158
107 161
108 109
108 111
108 112
108 113
108 114
108 115
108 116
108 117
108 118
108 122
108 127
108 128
108 129
108 130
108 131
108 132
108 133
108 134
108 137
108 138
108 141
108 142
108 146
108 147
108 148
108 149
108 150
108 151
108 152
108 153
108 154
108 155
108 157
108 158
108 160
108 161
109 114
109 115
109 117
109 118
109 122
109 125
109 126
109 128
109 129
109 131
109 132
109 133
109 134
109 137
109 138
109 139
109 141
109 142
109 145
109 146
109 148
109 150
109 151
109 152
109 153
109 154
109 158
109 159
109 160
110 112
110 113
110 115
110 116
110 117
110 125
110 130
110 132
110 133
110 136
110 139
110 141
110 144
110 146
110 150
110 154
110 158
111 112
111 113
111 114
111 115
111 117
111 118
111 120
111 125
111 126
111 127
111 129
111 130
111 131
111 132
111 133
111 134
111 138
111 139
111 141
111 143
111 144
111 147
111 150
111 151
111 152
111 153
111 154
111 155
111 157
111 158
111 159
112 113
112 114
112 115
112 116
112 118
112 119
112 121
112 123
112 125
112 129
112 131
112 133
112 134
112 137
112 138
112 139
112 141
112 142
112 143
112 146
112 147
112 149
112 150
112 151
112 152
112 154
112 157
112 158
112 161
113 114
113 115
113 116
113 118
113 120
113 122
113 124
113 129
113 130
113 131
113 133
113 134
113 135
113 137
113 139
113 141
113 142
113 145
113 147
113 150
113 151
113 152
113 153
113 157
113 158
113 159
113 160
114 115
114 117
114 118
114 120
114 121
114 125
114 126
114 127
114 130
114 131
114 132
114 133
114 134
114 135
114 137
114 138
114 139
114 141
114 142
114 146
114 147
114 150
114 151
114 152
114 154
114 155
114 157
114 158
114 159
114 160
114 161
115 116
115 117
115 118
115 121
115 125
115 126
115 127
115 128
115 129
115 130
115 131
115 133
115 134
115 135
115 136
115 137
115 138
115 140
115 141
115 142
115 143
115 144
115 145
115 146
115 147
115 150
115 151
115 152
115 153
115 154
115 155
115 156
115 158
115 159
115 160
115 161
116 117
116 118
116 119
116 121
116 126
116 127
116 130
116 131
116 133
116 134
116 136
116 137
116 138
116 139
116 141
116 142
116 147
116 150
116 152
116 156
116 157
116 160
117 118
117 119
117 120
117 125
117 126
117 127
117 129
117 131
117 133
117 134
117 135
117 136
117 137
117 138
117 141
117 142
117 143
117 144
117 145
117 147
117 149
117 150
117 151
117 153
117 154
117 156
117 157
117 158
117 160
117 161
118 119
118 120
118 123
118 125
118 126
118 129
118 133
118 134
118 135
118 136
118 137
118 139
118 141
118 142
118 143
118 145
118 146
118 147
118 149
118 151
118 152
118 154
118 155
118 157
118 158
118 159
118 161
119 122
119 124
119 125
119 128
119 129
119 130
119 131
119 133
119 138
119 140
119 142
119 147
119 150
119 151
119 152
119 154
119 156
119 157
119 158
120 129
120 130
120 131
120 139
120 141
120 146
120 151
120 152
120 157
121 130
121 133
121 134
121 147
121 152
122 124
122 144
122 145
122 150
122 158
123 130
123 131
123 133
123 138
123 143
123 151
123 152
124 125
124 142
124 150
124 161
125 126
125 129
125 130
125 131
125 133
125 134
125 135
125 136
125 137
125 138
125 139
125 141
125 142
125 144
125 146
125 147
125 149
125 150
125 151
125 152
125 153
125 157
125 158
125 159
125 161
126 128
126 129
126 133
126 134
126 137
126 138
126 139
126 143
126 147
126 150
126 152
126 154
126 157
126 158
126 161
127 131
127 133
127 138
127 139
127 141
127 142
127 147
127 152
127 154
127 156
127 157
127 160
127 161
128 129
128 130
128 131
128 138
128 141
128 147
128 150
128 152
128 157
128 161
129 130
129 131
129 132
129 134
129 138
129 140
129 141
129 142
129 143
129 144
129 145
129 146
129 147
129 148
129 149
129 150
129 151
129 152
129 153
129 154
129 155
129 157
129 158
129 159
129 160
130 131
130 134
130 137
130 139
130 142
130 143
130 144
130 145
130 146
130 147
130 149
130 150
130 151
130 152
130 154
130 155
130 157
130 159
130 160
131 132
131 133
131 134
131 135
131 136
131 137
131 141
131 142
131 144
131 146
131 147
131 149
131 150
131 151
131 152
131 153
131 154
131 155
131 156
131 157
131 158
131 160
132 133
132 137
132 140
132 142
132 148
132 150
132 161
133 134
133 135
133 137
133 138
133 139
133 140
133 141
133 142
133 144
133 146
133 147
133 148
133 150
133 151
133 152
133 154
133 157
133 161
134 137
134 138
134 141
134 142
134 143
134 144
134 145
134 147
134 149
134 150
134 151
134 152
134 153
134 154
134 158
134 159
134 161
135 136
135 137
135 142
135 150
135 151
135 152
135 156
135 157
135 160
135 161
136 137
136 138
136 142
136 145
136 147
136 148
136 153
136 160
137 138
137 142
137 144
137 145
137 146
137 147
137 149
137 150
137 151
137 152
137 153
137 154
137 157
137 160
138 139
138 140
138 141
138 142
138 145
138 146
138 147
138 149
138 150
138 151
138 152
138 153
138 154
138 155
138 156
138 158
138 159
138 160
139 141
139 142
139 145
139 146
139 147
139 150
139 151
139 152
139 154
139 155
139 158
140 142
140 146
140 150
140 151
140 152
140 154
140 157
140 160
141 142
141 143
141 147
141 148
141 150
141 151
141 152
141 153
141 154
141 157
141 158
141 161
142 143
142 145
142 146
142 147
142 148
142 150
142 152
142 154
142 155
142 158
142 161
143 146
143 147
143 150
143 152
143 153
143 154
143 155
143 160
144 149
144 151
144 154
144 155
144 161
145 150
145 152
145 153
145 154
145 156
146 147
146 149
146 150
146 151
146 152
146 154
146 157
146 158
147 148
147 150
147 151
147 152
147 153
147 154
147 155
147 157
147 158
147 159
147 161
148 149
148 153
148 158
148 159
148 161
149 154
149 156
149 158
149 159
150 151
150 154
150 155
150 156
150 157
150 158
150 159
150 160
150 161
151 152
151 153
151 154
151 155
151 156
151 157
151 158
151 159
151 160
152 153
152 154
152 155
152 156
152 157
152 158
152 159
152 160
152 161
153 154
153 155
153 156
153 157
153 158
154 158
154 159
154 160
155 159
155 160
155 161
156 157
157 158
157 160
157 161
158 159
158 160
158 161
159 161
