0 6
0 11
0 15
0 19
0 26
0 29
0 31
0 32
0 36
0 37
0 45
0 49
0 50
0 51
0 52
0 54
0 55
0 56
0 60
0 61
0 63
0 64
0 65
0 70
0 72
0 76
0 77
0 79
0 85
0 86
0 89
0 90
0 92
0 94
0 98
0 100
0 101
0 103
0 105
0 107
0 108
0 113
0 115
0 118
0 122
0 123
0 124
0 126
0 127
0 133
0 137
0 138
0 140
0 142
0 143
0 149
0 151
0 152
0 154
0 156
0 161
1 3
1 4
1 10
1 11
1 12
1 14
1 15
1 18
1 19
1 21
1 22
1 25
1 26
1 28
1 29
1 30
1 31
1 32
1 36
1 38
1 40
1 42
1 44
1 49
1 50
1 51
1 52
1 53
1 55
1 58
1 59
1 63
1 66
1 67
1 70
1 71
1 72
1 73
1 79
1 86
1 87
1 89
1 93
1 97
1 100
1 101
1 102
1 104
1 106
1 108
1 109
1 111
1 112
1 113
1 114
1 115
1 116
1 117
1 118
1 125
1 129
1 130
1 131
1 133
1 134
1 136
1 139
1 142
1 143
1 145
1 146
1 147
1 149
1 153
1 154
1 156
1 161
2 3
2 4
2 7
2 9
2 11
2 12
2 13
2 18
2 26
2 29
2 31
2 37
2 39
2 49
2 58
2 61
2 63
2 66
2 67
2 68
2 69
2 70
2 71
2 72
2 73
2 74
2 77
2 79
2 83
2 85
2 86
2 87
2 88
2 89
2 91
2 101
2 102
2 105
2 107
2 108
2 111
2 112
2 113
2 114
2 117
2 118
2 127
2 129
2 130
2 131
2 133
2 134
2 137
2 139
2 145
2 147
2 150
2 151
2 152
2 155
3 6
3 7
3 13
3 18
3 21
3 23
3 25
3 27
3 30
3 31
3 32
3 38
3 40
3 45
3 48
3 52
3 53
3 54
3 59
3 64
3 66
3 67
3 68
3 71
3 72
3 73
3 78
3 84
3 86
3 87
3 88
3 89
3 93
3 97
3 98
3 103
3 105
3 112
3 113
3 114
3 115
3 116
3 117
3 118
3 122
3 125
3 129
3 130
3 133
3 134
3 138
3 140
3 143
3 145
3 147
3 149
3 150
3 152
3 161
4 6
4 7
4 8
4 9
4 10
4 11
4 12
4 13
4 14
4 15
4 16
4 18
4 19
4 20
4 21
4 24
4 26
4 28
4 29
4 30
4 34
4 36
4 38
4 39
4 40
4 41
4 42
4 43
4 44
4 46
4 49
4 50
4 51
4 53
4 54
4 55
4 56
4 57
4 59
4 61
4 62
4 63
4 64
4 65
4 66
4 67
4 68
4 69
4 70
4 71
4 73
4 74
4 75
4 76
4 79
4 80
4 83
4 86
4 88
4 89
4 90
4 91
4 92
4 93
4 94
4 95
4 97
4 99
4 100
4 101
4 102
4 103
4 104
4 105
4 108
4 109
4 110
4 111
4 112
4 113
4 114
4 115
4 116
4 117
4 118
4 119
4 120
4 124
4 125
4 127
4 128
4 129
4 130
4 131
4 133
4 134
4 136
4 138
4 139
4 141
4 142
4 143
4 144
4 145
4 146
4 147
4 150
4 151
4 152
4 154
4 157
4 158
4 160
5 7
5 10
5 11
5 14
5 26
5 30
5 34
5 37
5 39
5 43
5 46
5 47
5 51
5 58
5 59
5 64
5 68
5 70
5 72
5 73
5 75
5 79
5 80
5 81
5 83
5 87
5 89
5 94
5 97
5 101
5 103
5 105
5 106
5 107
5 110
5 114
5 115
5 116
5 117
5 126
5 129
5 134
5 137
5 138
5 139
5 142
5 145
5 151
5 154
5 155
5 158
5 160
5 161
6 7
6 10
6 11
6 12
6 13
6 14
6 15
6 19
6 20
6 21
6 22
6 24
6 25
6 26
6 30
6 31
6 32
6 34
6 35
6 36
6 37
6 38
6 41
6 42
6 44
6 45
6 47
6 49
6 51
6 52
6 53
6 55
6 56
6 57
6 58
6 60
6 61
6 62
6 64
6 65
6 67
6 68
6 70
6 71
6 72
6 73
6 74
6 75
6 77
6 79
6 80
6 82
6 83
6 84
6 85
6 87
6 89
6 90
6 92
6 93
6 94
6 96
6 97
6 98
6 99
6 101
6 104
6 105
6 106
6 107
6 108
6 109
6 110
6 112
6 113
6 114
6 115
6 116
6 117
6 118
6 125
6 126
6 127
6 129
6 130
6 131
6 133
6 134
6 135
6 136
6 137
6 138
6 140
6 141
6 144
6 146
6 147
6 148
6 150
6 151
6 152
6 153
6 154
6 155
6 157
6 158
6 160
6 161
7 9
7 11
7 12
7 13
7 14
7 15
7 17
7 18
7 19
7 21
7 23
7 25
7 26
7 29
7 30
7 31
7 32
7 33
7 34
7 35
7 36
7 37
7 41
7 42
7 43
7 44
7 45
7 46
7 49
7 51
7 53
7 54
7 56
7 57
7 58
7 61
7 62
7 64
7 65
7 66
7 67
7 68
7 69
7 71
7 72
7 73
7 75
7 76
7 77
7 79
7 80
7 82
7 83
7 84
7 85
7 86
7 87
7 88
7 91
7 93
7 95
7 96
7 97
7 98
7 99
7 100
7 101
7 102
7 103
7 104
7 105
7 107
7 108
7 109
7 112
7 113
7 114
7 115
7 116
7 117
7 118
7 124
7 125
7 126
7 128
7 129
7 131
7 132
7 133
7 135
7 136
7 137
7 138
7 139
7 140
7 141
7 142
7 143
7 145
7 146
7 150
7 151
7 153
7 155
7 157
7 158
7 161
8 9
8 11
8 12
8 14
8 21
8 25
8 26
8 31
8 40
8 44
8 50
8 51
8 56
8 62
8 63
8 64
8 66
8 67
8 68
8 69
8 72
8 74
8 75
8 77
8 79
8 83
8 85
8 88
8 94
8 97
8 100
8 101
8 103
8 104
8 106
8 108
8 114
8 115
8 116
8 117
8 118
8 122
8 124
8 125
8 129
8 131
8 132
8 139
8 140
8 142
8 145
8 147
8 152
8 153
8 154
8 158
9 11
9 12
9 13
9 14
9 18
9 19
9 21
9 24
9 26
9 27
9 29
9 31
9 32
9 33
9 34
9 35
9 37
9 39
9 40
9 42
9 43
9 46
9 47
9 51
9 54
9 55
9 56
9 60
9 63
9 64
9 65
9 66
9 69
9 71
9 74
9 77
9 79
9 82
9 84
9 88
9 89
9 97
9 99
9 104
9 105
9 106
9 107
9 108
9 109
9 113
9 114
9 116
9 118
9 123
9 125
9 129
9 130
9 131
9 133
9 134
9 136
9 137
9 140
9 141
9 142
9 143
9 147
9 150
9 152
9 154
9 155
9 158
9 160
10 11
10 12
10 13
10 14
10 16
10 18
10 19
10 21
10 23
10 25
10 29
10 30
10 32
10 33
10 35
10 37
10 38
10 42
10 45
10 49
10 51
10 52
10 53
10 54
10 55
10 56
10 58
10 61
10 63
10 64
10 65
10 66
10 67
10 69
10 70
10 72
10 73
10 74
10 75
10 76
10 77
10 79
10 82
10 84
10 87
10 92
10 93
10 97
10 101
10 103
10 105
10 106
10 107
10 108
10 109
10 111
10 112
10 113
10 114
10 115
10 116
10 118
10 119
10 125
10 126
10 127
10 130
10 131
10 133
10 135
10 137
10 139
10 140
10 141
10 142
10 143
10 146
10 147
10 152
10 154
10 157
10 158
10 161
11 12
11 13
11 14
11 15
11 18
11 19
11 20
11 21
11 22
11 25
11 26
11 28
11 35
11 36
11 37
11 39
11 40
11 41
11 45
11 46
11 47
11 48
11 49
11 50
11 51
11 52
11 54
11 55
11 56
11 57
11 58
11 59
11 62
11 65
11 66
11 67
11 68
11 69
11 70
11 71
11 72
11 73
11 74
11 75
11 77
11 78
11 79
11 80
11 81
11 84
11 88
11 89
11 92
11 93
11 97
11 99
11 100
11 102
11 103
11 104
11 106
11 108
11 109
11 111
11 113
11 114
11 115
11 117
11 118
11 125
11 127
11 128
11 130
11 131
11 132
11 133
11 134
11 135
11 137
11 138
11 141
11 145
11 146
11 147
11 149
11 150
11 151
11 152
11 153
11 154
11 156
11 157
11 158
11 161
12 18
12 21
12 22
12 26
12 28
12 31
12 33
12 36
12 38
12 40
12 41
12 44
12 45
12 51
12 56
12 63
12 64
12 65
12 67
12 68
12 69
12 70
12 71
12 74
12 76
12 77
12 79
12 83
12 84
12 86
12 88
12 89
12 90
12 91
12 93
12 94
12 95
12 96
12 97
12 98
12 102
12 103
12 105
12 109
12 111
12 112
12 114
12 118
12 125
12 128
12 129
12 131
12 132
12 133
12 134
12 137
12 138
12 139
12 141
12 157
12 158
12 159
13 14
13 16
13 19
13 20
13 21
13 22
13 23
13 25
13 26
13 31
13 32
13 34
13 35
13 38
13 40
13 43
13 44
13 46
13 49
13 51
13 54
13 55
13 57
13 59
13 61
13 63
13 64
13 65
13 66
13 67
13 68
13 70
13 71
13 72
13 73
13 74
13 75
13 78
13 79
13 87
13 88
13 89
13 91
13 94
13 97
13 99
13 100
13 102
13 106
13 108
13 109
13 115
13 116
13 117
13 118
13 119
13 125
13 129
13 134
13 136
13 137
13 138
13 141
13 146
13 147
13 150
13 151
13 152
13 153
13 155
13 156
13 157
13 158
14 15
14 16
14 18
14 19
14 20
14 21
14 22
14 23
14 24
14 25
14 26
14 28
14 29
14 30
14 31
14 32
14 33
14 34
14 35
14 36
14 37
14 38
14 39
14 41
14 44
14 45
14 46
14 49
14 50
14 51
14 52
14 53
14 55
14 58
14 59
14 61
14 62
14 63
14 64
14 66
14 67
14 68
14 69
14 71
14 72
14 73
14 74
14 76
14 77
14 79
14 80
14 84
14 85
14 87
14 88
14 89
14 91
14 92
14 93
14 94
14 95
14 96
14 97
14 99
14 100
14 101
14 102
14 103
14 104
14 105
14 106
14 107
14 108
14 109
14 110
14 111
14 112
14 113
14 114
14 115
14 116
14 117
14 118
14 121
14 124
14 126
14 127
14 129
14 133
14 134
14 135
14 136
14 137
14 138
14 139
14 140
14 142
14 143
14 145
14 146
14 147
14 149
14 151
14 152
14 153
14 154
14 157
14 158
14 160
15 16
15 17
15 21
15 22
15 25
15 26
15 30
15 31
15 32
15 34
15 38
15 40
15 42
15 44
15 45
15 49
15 51
15 53
15 56
15 57
15 64
15 66
15 68
15 73
15 79
15 82
15 84
15 86
15 89
15 92
15 93
15 96
15 98
15 100
15 101
15 102
15 105
15 106
15 107
15 108
15 113
15 114
15 115
15 116
15 117
15 128
15 129
15 131
15 132
15 133
15 134
15 137
15 138
15 139
15 141
15 142
15 144
15 145
15 147
15 151
15 152
15 158
15 161
16 19
16 21
16 24
16 25
16 26
16 30
16 31
16 32
16 37
16 38
16 40
16 42
16 43
16 45
16 46
16 47
16 49
16 51
16 53
16 54
16 55
16 59
16 62
16 66
16 68
16 69
16 70
16 71
16 72
16 74
16 75
16 79
16 90
16 94
16 98
16 100
16 101
16 102
16 106
16 110
16 111
16 113
16 114
16 117
16 118
16 125
16 129
16 130
16 132
16 133
16 135
16 142
16 143
16 150
16 151
16 153
16 158
16 159
16 161
17 26
17 35
17 40
17 46
17 48
17 54
17 69
17 70
17 72
17 77
17 85
17 107
17 108
17 110
17 114
17 118
17 119
17 140
17 145
17 153
17 154
18 19
18 24
18 25
18 26
18 32
18 34
18 36
18 39
18 40
18 41
18 44
18 48
18 51
18 52
18 54
18 55
18 56
18 57
18 64
18 65
18 67
18 69
18 70
18 71
18 72
18 73
18 74
18 77
18 79
18 80
18 83
18 85
18 86
18 88
18 89
18 91
18 96
18 97
18 99
18 106
18 107
18 109
18 110
18 111
18 113
18 115
18 116
18 117
18 119
18 125
18 127
18 129
18 130
18 131
18 133
18 134
18 137
18 138
18 141
18 142
18 145
18 146
18 149
18 150
18 154
18 157
18 158
19 22
19 24
19 25
19 29
19 30
19 31
19 32
19 33
19 34
19 36
19 37
19 39
19 40
19 44
19 45
19 48
19 49
19 50
19 51
19 53
19 54
19 55
19 56
19 57
19 58
19 59
19 60
19 61
19 62
19 63
19 64
19 65
19 66
19 67
19 68
19 69
19 70
19 71
19 72
19 73
19 76
19 80
19 81
19 82
19 83
19 84
19 86
19 87
19 88
19 89
19 91
19 95
19 96
19 97
19 98
19 100
19 102
19 104
19 106
19 108
19 109
19 112
19 113
19 114
19 115
19 116
19 117
19 118
19 119
19 121
19 126
19 128
19 129
19 130
19 131
19 133
19 136
19 137
19 138
19 139
19 140
19 141
19 142
19 143
19 145
19 146
19 147
19 148
19 149
19 150
19 151
19 152
19 153
19 154
19 155
19 157
19 160
19 161
20 21
20 26
20 35
20 36
20 38
20 40
20 44
20 45
20 49
20 51
20 52
20 54
20 56
20 63
20 64
20 65
20 66
20 70
20 71
20 74
20 79
20 83
20 88
20 91
20 92
20 101
20 103
20 105
20 108
20 112
20 116
20 117
20 118
20 119
20 125
20 131
20 133
20 134
20 137
20 143
20 149
20 150
20 151
20 152
20 157
21 25
21 28
21 30
21 31
21 32
21 35
21 36
21 37
21 38
21 41
21 42
21 44
21 48
21 49
21 50
21 51
21 54
21 56
21 57
21 58
21 59
21 61
21 62
21 63
21 67
21 69
21 70
21 72
21 73
21 74
21 76
21 77
21 79
21 80
21 84
21 86
21 87
21 88
21 89
21 91
21 92
21 94
21 97
21 98
21 100
21 101
21 102
21 103
21 105
21 106
21 107
21 108
21 109
21 110
21 111
21 112
21 113
21 114
21 115
21 116
21 117
21 118
21 122
21 125
21 126
21 127
21 128
21 129
21 130
21 131
21 132
21 133
21 134
21 135
21 137
21 138
21 139
21 141
21 142
21 143
21 144
21 145
21 146
21 147
21 150
21 152
21 154
21 155
21 157
21 158
21 159
21 160
21 161
22 24
22 25
22 26
22 31
22 36
22 37
22 38
22 40
22 45
22 46
22 49
22 50
22 55
22 56
22 58
22 64
22 67
22 70
22 71
22 73
22 74
22 75
22 77
22 79
22 80
22 82
22 83
22 87
22 89
22 93
22 94
22 97
22 99
22 102
22 115
22 116
22 124
22 125
22 129
22 130
22 131
22 134
22 137
22 138
22 139
22 142
22 143
22 147
22 150
22 151
22 153
22 154
22 156
22 157
22 158
23 26
23 28
23 31
23 32
23 34
23 41
23 45
23 49
23 50
23 54
23 58
23 60
23 64
23 66
23 67
23 71
23 72
23 73
23 77
23 79
23 80
23 86
23 91
23 94
23 97
23 99
23 102
23 103
23 105
23 106
23 108
23 109
23 111
23 114
23 118
23 124
23 125
23 128
23 129
23 131
23 134
23 135
23 137
23 141
23 142
23 150
23 151
23 154
23 157
23 158
24 29
24 31
24 35
24 37
24 40
24 48
24 49
24 51
24 54
24 55
24 56
24 57
24 58
24 59
24 67
24 69
24 70
24 72
24 74
24 75
24 77
24 86
24 88
24 89
24 93
24 94
24 98
24 99
24 102
24 106
24 108
24 111
24 113
24 117
24 118
24 119
24 121
24 125
24 131
24 132
24 133
24 134
24 139
24 142
24 145
24 146
24 150
24 151
24 152
24 154
24 159
24 160
24 161
25 27
25 29
25 30
25 31
25 32
25 35
25 36
25 37
25 38
25 39
25 41
25 45
25 46
25 49
25 51
25 53
25 54
25 57
25 59
25 60
25 62
25 65
25 66
25 67
25 68
25 69
25 70
25 71
25 72
25 74
25 75
25 78
25 79
25 80
25 81
25 83
25 84
25 86
25 87
25 88
25 89
25 90
25 91
25 92
25 93
25 98
25 99
25 100
25 101
25 102
25 103
25 104
25 106
25 107
25 108
25 109
25 111
25 112
25 113
25 114
25 115
25 116
25 117
25 124
25 125
25 126
25 127
25 129
25 131
25 132
25 133
25 135
25 136
25 137
25 138
25 139
25 141
25 142
25 143
25 146
25 149
25 150
25 151
25 152
25 153
25 154
25 157
25 159
25 160
25 161
26 30
26 31
26 32
26 34
26 35
26 36
26 37
26 38
26 39
26 40
26 42
26 43
26 44
26 46
26 49
26 51
26 52
26 53
26 54
26 55
26 56
26 59
26 60
26 61
26 62
26 65
26 66
26 67
26 69
26 70
26 71
26 72
26 73
26 75
26 76
26 77
26 79
26 80
26 82
26 84
26 85
26 86
26 87
26 88
26 89
26 90
26 91
26 92
26 93
26 94
26 96
26 97
26 98
26 100
26 101
26 102
26 103
26 104
26 105
26 108
26 109
26 112
26 113
26 114
26 115
26 116
26 117
26 118
26 119
26 120
26 125
26 126
26 128
26 129
26 130
26 131
26 133
26 134
26 136
26 137
26 138
26 139
26 141
26 142
26 145
26 146
26 147
26 148
26 149
26 150
26 151
26 152
26 153
26 154
26 157
26 158
26 160
26 161
27 28
27 29
27 30
27 34
27 38
27 39
27 45
27 49
27 51
27 58
27 65
27 67
27 71
27 79
27 83
27 91
27 94
27 113
27 118
27 122
27 131
27 134
27 138
27 152
27 154
27 157
27 158
27 161
28 29
28 30
28 31
28 34
28 35
28 40
28 43
28 44
28 50
28 51
28 52
28 53
28 54
28 56
28 58
28 59
28 63
28 64
28 65
28 66
28 67
28 68
28 69
28 70
28 71
28 73
28 76
28 79
28 83
28 87
28 96
28 97
28 98
28 99
28 101
28 108
28 113
28 114
28 117
28 118
28 120
28 126
28 128
28 129
28 130
28 131
28 133
28 134
28 135
28 142
28 145
28 146
28 147
28 151
28 153
28 154
28 158
28 159
28 161
29 30
29 35
29 36
29 37
29 38
29 42
29 44
29 49
29 51
29 54
29 56
29 63
29 64
29 68
29 72
29 79
29 82
29 84
29 89
29 91
29 100
29 101
29 102
29 105
29 106
29 112
29 114
29 127
29 130
29 131
29 133
29 137
29 138
29 141
29 142
29 143
29 146
29 150
29 152
29 158
29 160
30 31
30 32
30 33
30 34
30 35
30 36
30 37
30 38
30 39
30 40
30 43
30 44
30 45
30 46
30 49
30 51
30 52
30 53
30 54
30 55
30 57
30 58
30 59
30 60
30 61
30 62
30 63
30 64
30 65
30 67
30 69
30 70
30 72
30 73
30 74
30 75
30 77
30 79
30 80
30 81
30 86
30 87
30 88
30 89
30 91
30 93
30 94
30 95
30 97
30 98
30 100
30 101
30 102
30 104
30 105
30 106
30 108
30 109
30 111
30 113
30 114
30 115
30 116
30 117
30 118
30 125
30 126
30 127
30 128
30 129
30 130
30 131
30 133
30 134
30 135
30 136
30 137
30 138
30 139
30 140
30 141
30 142
30 143
30 145
30 146
30 147
30 149
30 150
30 152
30 153
30 154
30 156
30 157
30 158
30 159
30 161
31 33
31 34
31 35
31 38
31 39
31 40
31 42
31 43
31 44
31 45
31 48
31 49
31 50
31 52
31 54
31 55
31 57
31 58
31 59
31 61
31 62
31 63
31 64
31 65
31 66
31 67
31 68
31 69
31 70
31 71
31 72
31 73
31 77
31 78
31 79
31 83
31 85
31 86
31 88
31 89
31 93
31 94
31 95
31 97
31 98
31 101
31 104
31 106
31 107
31 108
31 109
31 110
31 111
31 112
31 115
31 116
31 117
31 118
31 120
31 124
31 126
31 127
31 129
31 130
31 131
31 132
31 133
31 134
31 135
31 137
31 138
31 139
31 140
31 143
31 144
31 145
31 146
31 147
31 148
31 149
31 150
31 151
31 152
31 153
31 154
31 158
31 159
31 160
31 161
32 33
32 36
32 37
32 38
32 39
32 40
32 42
32 43
32 44
32 45
32 48
32 49
32 51
32 52
32 56
32 57
32 59
32 61
32 62
32 63
32 64
32 67
32 68
32 69
32 71
32 72
32 73
32 74
32 75
32 76
32 77
32 79
32 80
32 83
32 84
32 87
32 88
32 89
32 92
32 93
32 94
32 95
32 96
32 97
32 99
32 100
32 101
32 102
32 103
32 105
32 106
32 107
32 108
32 109
32 112
32 113
32 114
32 115
32 116
32 118
32 124
32 128
32 130
32 131
32 132
32 133
32 134
32 135
32 136
32 137
32 140
32 141
32 142
32 145
32 146
32 147
32 149
32 150
32 152
32 153
32 154
32 155
32 157
32 158
32 159
32 161
33 39
33 46
33 49
33 51
33 54
33 55
33 58
33 64
33 67
33 70
33 75
33 77
33 84
33 87
33 89
33 93
33 98
33 100
33 101
33 103
33 106
33 108
33 113
33 117
33 122
33 125
33 129
33 130
33 133
33 134
33 135
33 138
33 142
33 147
33 148
33 150
33 153
33 155
33 158
33 160
33 161
34 35
34 37
34 39
34 40
34 44
34 45
34 49
34 51
34 54
34 56
34 58
34 59
34 63
34 66
34 67
34 68
34 70
34 71
34 72
34 74
34 75
34 77
34 80
34 81
34 82
34 84
34 85
34 88
34 92
34 93
34 96
34 98
34 99
34 101
34 102
34 105
34 106
34 109
34 110
34 112
34 115
34 129
34 130
34 131
34 134
34 135
34 136
34 137
34 138
34 141
34 143
34 145
34 147
34 149
34 150
34 151
34 152
34 154
34 156
34 157
34 158
34 161
35 36
35 37
35 38
35 39
35 40
35 42
35 43
35 44
35 45
35 46
35 49
35 51
35 52
35 53
35 54
35 55
35 56
35 58
35 59
35 61
35 62
35 64
35 65
35 66
35 67
35 68
35 69
35 70
35 71
35 72
35 73
35 74
35 75
35 77
35 79
35 80
35 83
35 84
35 86
35 87
35 88
35 89
35 90
35 91
35 92
35 93
35 94
35 95
35 98
35 101
35 102
35 103
35 104
35 105
35 106
35 107
35 108
35 109
35 112
35 113
35 114
35 115
35 117
35 118
35 119
35 122
35 123
35 128
35 129
35 130
35 131
35 134
35 135
35 137
35 138
35 139
35 140
35 141
35 142
35 143
35 145
35 147
35 150
35 151
35 152
35 153
35 154
35 157
35 158
35 159
35 161
36 38
36 39
36 40
36 42
36 43
36 44
36 45
36 46
36 49
36 51
36 52
36 53
36 54
36 55
36 56
36 58
36 61
36 62
36 63
36 64
36 65
36 68
36 69
36 70
36 71
36 73
36 74
36 75
36 76
36 77
36 79
36 82
36 84
36 87
36 88
36 89
36 91
36 94
36 96
36 97
36 99
36 100
36 101
36 102
36 103
36 104
36 105
36 108
36 109
36 111
36 112
36 114
36 115
36 117
36 119
36 122
36 125
36 126
36 127
36 128
36 129
36 130
36 134
36 135
36 137
36 138
36 139
36 141
36 142
36 143
36 146
36 151
36 152
36 154
36 155
36 157
36 158
36 159
36 160
36 161
37 40
37 44
37 45
37 46
37 49
37 50
37 56
37 58
37 59
37 63
37 64
37 65
37 68
37 70
37 71
37 72
37 73
37 75
37 77
37 80
37 81
37 85
37 86
37 87
37 89
37 90
37 94
37 97
37 98
37 100
37 102
37 104
37 106
37 108
37 109
37 113
37 114
37 115
37 117
37 118
37 124
37 129
37 131
37 133
37 135
37 137
37 138
37 140
37 142
37 143
37 145
37 146
37 147
37 150
37 151
37 152
37 153
37 157
37 158
37 161
38 40
38 41
38 42
38 43
38 44
38 47
38 49
38 50
38 51
38 52
38 54
38 55
38 56
38 58
38 59
38 60
38 62
38 63
38 64
38 65
38 66
38 67
38 68
38 69
38 70
38 71
38 73
38 74
38 77
38 81
38 82
38 83
38 84
38 87
38 89
38 93
38 94
38 95
38 97
38 98
38 99
38 100
38 104
38 105
38 108
38 111
38 112
38 113
38 115
38 116
38 117
38 118
38 120
38 121
38 123
38 125
38 127
38 128
38 129
38 130
38 131
38 132
38 133
38 135
38 137
38 138
38 141
38 142
38 143
38 147
38 148
38 153
38 154
38 156
38 158
38 159
38 161
39 40
39 42
39 43
39 44
39 45
39 46
39 49
39 51
39 54
39 55
39 61
39 64
39 65
39 66
39 67
39 68
39 73
39 74
39 75
39 79
39 84
39 85
39 86
39 89
39 91
39 94
39 97
39 104
39 106
39 112
39 115
39 116
39 118
39 125
39 126
39 128
39 129
39 130
39 133
39 134
39 137
39 138
39 143
39 151
39 152
39 154
39 157
39 158
39 161
40 41
40 42
40 43
40 44
40 47
40 48
40 49
40 51
40 52
40 53
40 54
40 55
40 56
40 59
40 60
40 63
40 64
40 65
40 66
40 67
40 68
40 69
40 71
40 72
40 74
40 75
40 76
40 77
40 79
40 82
40 84
40 85
40 86
40 87
40 88
40 89
40 91
40 92
40 93
40 94
40 95
40 96
40 97
40 98
40 99
40 102
40 103
40 104
40 105
40 106
40 107
40 111
40 112
40 114
40 115
40 116
40 117
40 118
40 119
40 122
40 125
40 126
40 127
40 128
40 129
40 131
40 132
40 133
40 134
40 135
40 136
40 137
40 138
40 139
40 140
40 143
40 145
40 146
40 147
40 150
40 151
40 152
40 153
40 154
40 155
40 157
40 158
40 159
40 161
41 49
41 53
41 56
41 64
41 66
41 68
41 69
41 70
41 71
41 74
41 75
41 79
41 86
41 87
41 94
41 96
41 97
41 99
41 101
41 104
41 117
41 124
41 125
41 131
41 133
41 134
41 140
41 150
41 151
41 157
41 158
41 159
41 160
42 43
42 49
42 54
42 55
42 63
42 64
42 65
42 67
42 70
42 71
42 74
42 77
42 84
42 86
42 89
42 92
42 99
42 101
42 105
42 106
42 108
42 109
42 113
42 116
42 118
42 128
42 129
42 130
42 133
42 134
42 137
42 142
42 143
42 146
42 149
42 152
42 154
42 157
42 159
43 44
43 45
43 48
43 49
43 51
43 52
43 53
43 54
43 56
43 59
43 62
43 63
43 64
43 65
43 68
43 69
43 70
43 71
43 73
43 74
43 75
43 76
43 77
43 79
43 94
43 96
43 100
43 101
43 103
43 105
43 106
43 107
43 108
43 109
43 112
43 113
43 115
43 119
43 121
43 124
43 126
43 128
43 130
43 133
43 134
43 135
43 136
43 137
43 138
43 139
43 140
43 141
43 146
43 147
43 150
43 151
43 152
43 153
43 154
43 158
43 159
43 161
44 46
44 47
44 49
44 50
44 51
44 54
44 56
44 57
44 61
44 65
44 66
44 67
44 68
44 69
44 71
44 72
44 74
44 75
44 76
44 77
44 79
44 82
44 83
44 84
44 86
44 88
44 90
44 93
44 94
44 97
44 99
44 100
44 102
44 103
44 106
44 108
44 110
44 111
44 114
44 115
44 116
44 117
44 118
44 126
44 127
44 129
44 131
44 132
44 133
44 134
44 138
44 139
44 140
44 142
44 145
44 146
44 147
44 149
44 150
44 151
44 152
44 153
44 154
44 158
44 161
45 46
45 47
45 49
45 50
45 51
45 54
45 55
45 56
45 58
45 59
45 60
45 62
45 65
45 66
45 67
45 69
45 71
45 72
45 73
45 74
45 76
45 77
45 79
45 81
45 84
45 85
45 86
45 87
45 88
45 89
45 90
45 91
45 92
45 93
45 97
45 98
45 99
45 100
45 102
45 103
45 104
45 105
45 106
45 108
45 109
45 112
45 113
45 115
45 116
45 117
45 118
45 119
45 120
45 121
45 125
45 127
45 130
45 131
45 134
45 135
45 137
45 138
45 139
45 140
45 141
45 142
45 146
45 147
45 149
45 150
45 151
45 153
45 154
45 157
45 158
45 159
45 160
45 161
46 49
46 51
46 52
46 54
46 58
46 63
46 64
46 66
46 67
46 68
46 69
46 70
46 71
46 72
46 73
46 75
46 79
46 81
46 83
46 84
46 86
46 87
46 88
46 90
46 92
46 93
46 97
46 102
46 103
46 105
46 108
46 112
46 113
46 115
46 116
46 117
46 118
46 123
46 125
46 126
46 127
46 128
46 129
46 130
46 131
46 133
46 134
46 137
46 142
46 145
46 147
46 150
46 151
46 154
46 157
46 158
46 160
47 51
47 68
47 75
47 83
47 86
47 88
47 89
47 103
47 105
47 106
47 114
47 115
47 125
47 126
47 130
47 133
47 134
47 137
47 147
47 150
47 154
48 50
48 54
48 55
48 56
48 58
48 61
48 64
48 67
48 68
48 71
48 75
48 88
48 93
48 94
48 100
48 101
48 106
48 107
48 108
48 112
48 113
48 115
48 118
48 127
48 129
48 133
48 134
48 137
48 138
48 152
48 153
49 52
49 54
49 55
49 56
49 57
49 58
49 59
49 60
49 61
49 62
49 63
49 65
49 66
49 67
49 68
49 69
49 70
49 71
49 72
49 73
49 74
49 75
49 76
49 77
49 79
49 80
49 81
49 82
49 83
49 84
49 86
49 87
49 88
49 89
49 90
49 91
49 92
49 94
49 97
49 98
49 99
49 100
49 101
49 103
49 104
49 105
49 106
49 108
49 110
49 111
49 112
49 113
49 114
49 117
49 118
49 119
49 121
49 122
49 123
49 125
49 126
49 128
49 129
49 131
49 132
49 134
49 135
49 136
49 137
49 138
49 139
49 140
49 141
49 142
49 143
49 144
49 146
49 147
49 148
49 150
49 151
49 152
49 153
49 154
49 155
49 157
49 158
49 160
49 161
50 51
50 53
50 54
50 55
50 56
50 62
50 63
50 64
50 68
50 69
50 71
50 74
50 77
50 79
50 80
50 84
50 86
50 87
50 88
50 89
50 97
50 102
50 104
50 105
50 106
50 107
50 108
50 109
50 112
50 114
50 118
50 125
50 129
50 131
50 132
50 133
50 134
50 137
50 140
50 141
50 142
50 143
50 145
50 146
50 154
50 157
50 158
50 160
51 52
51 54
51 55
51 56
51 58
51 59
51 61
51 63
51 64
51 65
51 66
51 67
51 68
51 70
51 71
51 72
51 73
51 74
51 76
51 77
51 79
51 80
51 82
51 83
51 84
51 85
51 87
51 88
51 89
51 90
51 92
51 93
51 95
51 97
51 98
51 99
51 101
51 102
51 104
51 105
51 107
51 108
51 112
51 114
51 117
51 118
51 119
51 121
51 122
51 123
51 125
51 126
51 128
51 130
51 131
51 133
51 134
51 136
51 137
51 139
51 140
51 141
51 142
51 146
51 147
51 149
51 150
51 151
51 152
51 154
51 156
51 157
51 158
51 160
51 161
52 54
52 55
52 58
52 59
52 60
52 62
52 63
52 65
52 67
52 70
52 74
52 75
52 77
52 79
52 80
52 83
52 84
52 85
52 91
52 94
52 96
52 97
52 99
52 101
52 102
52 105
52 106
52 108
52 109
52 111
52 112
52 113
52 114
52 115
52 116
52 117
52 125
52 127
52 129
52 130
52 131
52 132
52 134
52 136
52 137
52 138
52 142
52 143
52 145
52 148
52 149
52 151
52 152
52 154
52 158
53 62
53 63
53 65
53 66
53 67
53 68
53 69
53 72
53 73
53 74
53 79
53 80
53 86
53 89
53 98
53 104
53 106
53 113
53 115
53 126
53 129
53 131
53 133
53 134
53 137
53 138
53 139
53 141
53 146
53 147
53 151
53 152
53 157
53 158
53 160
54 56
54 57
54 58
54 59
54 60
54 62
54 63
54 64
54 65
54 66
54 67
54 68
54 70
54 71
54 73
54 74
54 75
54 76
54 77
54 79
54 80
54 81
54 84
54 85
54 86
54 87
54 91
54 92
54 93
54 94
54 98
54 99
54 101
54 102
54 103
54 105
54 106
54 107
54 108
54 111
54 112
54 113
54 114
54 115
54 116
54 117
54 118
54 119
54 121
54 122
54 123
54 126
54 129
54 130
54 131
54 132
54 133
54 134
54 137
54 138
54 139
54 141
54 142
54 143
54 145
54 146
54 147
54 149
54 150
54 151
54 152
54 153
54 154
54 155
54 158
54 159
54 161
55 56
55 58
55 63
55 64
55 65
55 67
55 68
55 69
55 70
55 71
55 72
55 73
55 74
55 75
55 79
55 80
55 81
55 84
55 86
55 87
55 89
55 93
55 94
55 96
55 97
55 100
55 101
55 102
55 106
55 108
55 109
55 113
55 114
55 115
55 117
55 118
55 127
55 129
55 131
55 133
55 134
55 137
55 139
55 141
55 142
55 143
55 146
55 147
55 148
55 149
55 150
55 151
55 153
55 154
55 157
55 161
56 60
56 62
56 63
56 64
56 65
56 66
56 67
56 68
56 69
56 70
56 71
56 72
56 73
56 74
56 77
56 78
56 79
56 80
56 82
56 83
56 84
56 89
56 91
56 92
56 93
56 94
56 97
56 101
56 102
56 103
56 104
56 106
56 107
56 108
56 109
56 110
56 111
56 113
56 114
56 115
56 116
56 117
56 118
56 119
56 121
56 122
56 124
56 125
56 128
56 129
56 130
56 131
56 133
56 134
56 137
56 138
56 139
56 141
56 142
56 145
56 146
56 148
56 149
56 150
56 151
56 153
56 154
56 157
56 158
56 159
56 160
56 161
57 64
57 72
57 74
57 79
57 84
57 88
57 89
57 92
57 93
57 94
57 97
57 101
57 108
57 109
57 112
57 116
57 117
57 118
57 124
57 128
57 129
57 131
57 134
57 137
57 138
57 146
57 150
57 151
57 152
57 154
58 64
58 67
58 68
58 69
58 71
58 72
58 73
58 74
58 75
58 77
58 79
58 80
58 81
58 89
58 93
58 94
58 95
58 101
58 102
58 103
58 105
58 106
58 107
58 110
58 113
58 115
58 116
58 117
58 118
58 119
58 126
58 128
58 129
58 130
58 131
58 133
58 134
58 135
58 136
58 137
58 138
58 141
58 147
58 151
58 152
58 154
58 156
58 157
59 61
59 62
59 63
59 65
59 67
59 70
59 71
59 72
59 83
59 86
59 87
59 88
59 89
59 92
59 94
59 97
59 100
59 101
59 102
59 105
59 107
59 108
59 109
59 111
59 112
59 113
59 114
59 115
59 117
59 118
59 123
59 125
59 129
59 131
59 133
59 137
59 138
59 145
59 149
59 151
59 153
59 154
59 157
59 158
59 160
60 62
60 64
60 71
60 72
60 79
60 83
60 89
60 91
60 97
60 101
60 112
60 114
60 130
60 134
60 137
60 138
60 142
60 157
60 158
61 64
61 65
61 72
61 74
61 77
61 81
61 82
61 84
61 86
61 87
61 89
61 90
61 91
61 92
61 93
61 94
61 96
61 98
61 100
61 102
61 107
61 108
61 118
61 125
61 126
61 128
61 130
61 133
61 134
61 138
61 142
61 146
61 147
61 148
61 151
61 152
61 153
61 154
61 159
62 64
62 65
62 67
62 68
62 70
62 71
62 74
62 76
62 80
62 81
62 85
62 88
62 89
62 91
62 92
62 94
62 99
62 100
62 101
62 108
62 111
62 112
62 113
62 114
62 115
62 117
62 118
62 119
62 126
62 128
62 129
62 130
62 131
62 133
62 134
62 137
62 138
62 139
62 146
62 147
62 149
62 150
62 151
62 153
62 154
62 155
62 158
62 161
63 64
63 65
63 67
63 69
63 70
63 71
63 72
63 73
63 77
63 79
63 80
63 82
63 83
63 86
63 87
63 88
63 89
63 90
63 91
63 93
63 94
63 96
63 99
63 100
63 101
63 106
63 107
63 108
63 109
63 110
63 111
63 112
63 113
63 115
63 116
63 117
63 118
63 119
63 123
63 124
63 126
63 127
63 128
63 129
63 131
63 133
63 134
63 135
63 137
63 138
63 143
63 144
63 145
63 146
63 147
63 148
63 150
63 151
63 152
63 153
63 155
63 157
63 158
63 160
63 161
64 66
64 67
64 68
64 69
64 70
64 71
64 72
64 73
64 74
64 77
64 79
64 80
64 81
64 82
64 83
64 84
64 85
64 86
64 87
64 88
64 89
64 91
64 94
64 97
64 99
64 100
64 101
64 102
64 103
64 104
64 105
64 106
64 108
64 109
64 110
64 111
64 112
64 113
64 114
64 115
64 116
64 118
64 120
64 121
64 122
64 124
64 125
64 126
64 128
64 129
64 130
64 131
64 133
64 134
64 137
64 138
64 139
64 140
64 142
64 143
64 144
64 146
64 147
64 148
64 151
64 152
64 153
64 154
64 155
64 156
64 157
64 158
64 159
64 160
64 161
65 66
65 67
65 68
65 69
65 70
65 71
65 72
65 73
65 74
65 75
65 76
65 77
65 80
65 81
65 83
65 84
65 86
65 89
65 90
65 92
65 93
65 94
65 95
65 100
65 101
65 102
65 103
65 106
65 108
65 109
65 110
65 111
65 113
65 115
65 117
65 118
65 121
65 122
65 123
65 125
65 128
65 129
65 130
65 131
65 133
65 134
65 137
65 138
65 139
65 141
65 142
65 145
65 146
65 147
65 148
65 149
65 150
65 151
65 152
65 154
65 157
65 158
65 160
65 161
66 67
66 68
66 69
66 70
66 71
66 72
66 73
66 74
66 75
66 77
66 81
66 82
66 83
66 84
66 86
66 87
66 89
66 90
66 93
66 94
66 95
66 96
66 101
66 102
66 103
66 106
66 107
66 108
66 111
66 113
66 114
66 117
66 120
66 125
66 126
66 129
66 130
66 131
66 133
66 134
66 136
66 137
66 138
66 142
66 143
66 144
66 145
66 146
66 147
66 149
66 150
66 152
66 154
66 155
66 157
66 158
66 160
67 68
67 69
67 70
67 71
67 72
67 73
67 74
67 75
67 76
67 77
67 79
67 85
67 86
67 87
67 88
67 89
67 90
67 92
67 93
67 94
67 98
67 99
67 100
67 101
67 102
67 103
67 104
67 105
67 106
67 107
67 109
67 110
67 111
67 112
67 113
67 114
67 115
67 116
67 117
67 118
67 119
67 123
67 125
67 126
67 127
67 128
67 129
67 130
67 131
67 133
67 134
67 135
67 136
67 137
67 138
67 140
67 141
67 142
67 143
67 146
67 147
67 149
67 150
67 151
67 152
67 154
67 156
67 157
67 158
67 159
67 160
67 161
68 69
68 72
68 73
68 74
68 75
68 77
68 79
68 83
68 84
68 86
68 87
68 88
68 89
68 92
68 93
68 94
68 97
68 98
68 100
68 102
68 103
68 104
68 105
68 106
68 108
68 109
68 110
68 111
68 112
68 113
68 114
68 115
68 117
68 118
68 119
68 124
68 125
68 126
68 129
68 130
68 131
68 132
68 133
68 134
68 135
68 136
68 137
68 139
68 141
68 142
68 143
68 146
68 147
68 148
68 149
68 150
68 151
68 152
68 153
68 154
68 155
68 156
68 157
68 158
68 159
68 161
69 70
69 71
69 73
69 74
69 75
69 76
69 77
69 78
69 79
69 80
69 85
69 86
69 87
69 88
69 89
69 90
69 92
69 93
69 96
69 97
69 98
69 99
69 101
69 102
69 103
69 105
69 106
69 107
69 108
69 109
69 111
69 112
69 113
69 114
69 117
69 118
69 128
69 129
69 131
69 132
69 135
69 136
69 138
69 139
69 142
69 143
69 146
69 147
69 149
69 150
69 151
69 152
69 153
69 154
69 155
69 157
69 158
69 159
69 160
69 161
70 71
70 72
70 73
70 76
70 77
70 78
70 79
70 80
70 81
70 82
70 83
70 84
70 86
70 87
70 89
70 92
70 93
70 94
70 96
70 97
70 99
70 100
70 101
70 102
70 103
70 104
70 105
70 106
70 107
70 108
70 109
70 110
70 111
70 112
70 113
70 114
70 115
70 116
70 117
70 118
70 119
70 121
70 125
70 126
70 128
70 129
70 130
70 133
70 134
70 135
70 136
70 137
70 138
70 139
70 140
70 142
70 143
70 146
70 147
70 148
70 149
70 151
70 152
70 154
70 155
70 158
70 159
70 161
71 72
71 73
71 75
71 79
71 80
71 82
71 83
71 86
71 87
71 88
71 90
71 91
71 92
71 93
71 95
71 97
71 99
71 100
71 101
71 102
71 103
71 105
71 106
71 109
71 111
71 112
71 113
71 114
71 120
71 126
71 129
71 130
71 131
71 133
71 134
71 135
71 136
71 137
71 138
71 141
71 142
71 143
71 146
71 147
71 150
71 151
71 152
71 154
71 157
71 158
71 159
71 160
71 161
72 73
72 74
72 75
72 76
72 77
72 79
72 81
72 83
72 84
72 86
72 87
72 88
72 89
72 91
72 93
72 94
72 97
72 98
72 99
72 101
72 102
72 103
72 104
72 107
72 108
72 109
72 110
72 111
72 112
72 113
72 114
72 115
72 116
72 117
72 118
72 120
72 121
72 123
72 125
72 126
72 128
72 129
72 131
72 133
72 134
72 135
72 136
72 137
72 138
72 141
72 142
72 143
72 145
72 146
72 147
72 149
72 150
72 151
72 152
72 153
72 154
72 155
72 157
72 158
72 159
72 160
73 74
73 75
73 76
73 77
73 80
73 82
73 83
73 84
73 87
73 88
73 89
73 90
73 91
73 93
73 95
73 97
73 99
73 101
73 102
73 103
73 104
73 105
73 106
73 107
73 108
73 109
73 110
73 112
73 113
73 114
73 115
73 116
73 117
73 118
73 122
73 123
73 125
73 126
73 127
73 128
73 129
73 130
73 133
73 134
73 135
73 136
73 137
73 138
73 139
73 141
73 144
73 145
73 146
73 147
73 149
73 150
73 152
73 153
73 154
73 157
73 158
73 159
73 160
74 75
74 77
74 78
74 79
74 80
74 82
74 84
74 86
74 87
74 89
74 90
74 91
74 92
74 93
74 94
74 95
74 97
74 99
74 101
74 102
74 105
74 106
74 108
74 109
74 110
74 111
74 113
74 115
74 116
74 117
74 118
74 119
74 125
74 126
74 128
74 129
74 130
74 131
74 135
74 136
74 137
74 138
74 139
74 140
74 141
74 142
74 143
74 144
74 146
74 149
74 150
74 151
74 152
74 153
74 154
74 156
74 157
74 158
74 160
74 161
75 76
75 77
75 79
75 80
75 81
75 84
75 86
75 88
75 91
75 92
75 94
75 95
75 96
75 97
75 99
75 100
75 102
75 103
75 105
75 106
75 107
75 108
75 109
75 111
75 113
75 114
75 115
75 117
75 118
75 119
75 122
75 124
75 125
75 129
75 130
75 131
75 134
75 135
75 136
75 138
75 139
75 140
75 142
75 146
75 147
75 149
75 150
75 151
75 152
75 154
75 155
75 157
75 161
76 77
76 79
76 81
76 88
76 89
76 93
76 95
76 99
76 101
76 102
76 106
76 108
76 109
76 112
76 113
76 114
76 117
76 124
76 125
76 126
76 127
76 129
76 131
76 133
76 135
76 137
76 138
76 141
76 146
76 147
76 149
76 151
76 152
76 153
76 154
76 157
76 158
76 159
77 79
77 80
77 82
77 83
77 87
77 89
77 91
77 92
77 93
77 94
77 95
77 100
77 101
77 104
77 105
77 106
77 107
77 108
77 112
77 113
77 114
77 115
77 116
77 117
77 118
77 120
77 129
77 130
77 131
77 132
77 133
77 134
77 135
77 137
77 138
77 141
77 142
77 145
77 146
77 149
77 151
77 152
77 154
77 156
77 157
77 158
77 159
77 160
78 89
78 105
78 113
78 115
78 133
78 137
78 142
78 151
78 152
78 154
79 80
79 81
79 82
79 83
79 84
79 85
79 87
79 88
79 89
79 90
79 92
79 94
79 95
79 97
79 98
79 99
79 100
79 102
79 103
79 104
79 105
79 106
79 107
79 108
79 109
79 111
79 112
79 113
79 114
79 115
79 116
79 117
79 118
79 121
79 122
79 125
79 126
79 128
79 129
79 130
79 131
79 133
79 134
79 135
79 136
79 138
79 140
79 141
79 142
79 143
79 146
79 147
79 148
79 150
79 151
79 152
79 153
79 154
79 155
79 157
79 158
79 159
79 160
79 161
80 81
80 84
80 85
80 92
80 94
80 98
80 101
80 102
80 103
80 112
80 113
80 114
80 126
80 129
80 130
80 131
80 134
80 138
80 139
80 141
80 142
80 143
80 147
80 148
80 150
80 152
80 153
80 154
80 157
80 158
80 161
81 89
81 92
81 97
81 101
81 102
81 106
81 108
81 115
81 118
81 122
81 125
81 130
81 131
81 133
81 146
81 147
81 152
81 155
81 158
81 160
82 83
82 84
82 89
82 97
82 98
82 101
82 106
82 111
82 112
82 114
82 115
82 116
82 117
82 125
82 126
82 128
82 129
82 132
82 133
82 134
82 137
82 141
82 142
82 145
82 149
82 151
82 152
82 153
82 154
83 86
83 87
83 89
83 94
83 96
83 97
83 101
83 102
83 105
83 106
83 107
83 108
83 113
83 114
83 119
83 126
83 127
83 130
83 131
83 134
83 135
83 138
83 139
83 142
83 145
83 146
83 147
83 149
83 150
83 151
83 152
83 153
83 160
83 161
84 89
84 92
84 94
84 97
84 99
84 100
84 101
84 102
84 105
84 106
84 107
84 108
84 112
84 113
84 115
84 118
84 125
84 130
84 131
84 134
84 137
84 138
84 140
84 143
84 144
84 146
84 147
84 151
84 152
84 154
84 157
84 161
85 87
85 92
85 94
85 97
85 98
85 102
85 103
85 105
85 106
85 107
85 108
85 113
85 114
85 123
85 126
85 127
85 129
85 130
85 132
85 138
85 140
85 142
85 149
85 151
85 152
85 153
85 154
85 157
85 159
86 87
86 88
86 89
86 92
86 93
86 94
86 101
86 102
86 105
86 106
86 109
86 111
86 113
86 114
86 117
86 118
86 119
86 120
86 122
86 126
86 129
86 131
86 133
86 135
86 137
86 138
86 140
86 141
86 142
86 146
86 147
86 150
86 151
86 152
86 154
86 155
86 158
86 161
87 88
87 89
87 90
87 91
87 94
87 95
87 98
87 99
87 100
87 103
87 105
87 106
87 107
87 108
87 114
87 115
87 116
87 117
87 118
87 119
87 122
87 125
87 130
87 131
87 132
87 133
87 134
87 135
87 137
87 138
87 141
87 142
87 145
87 146
87 147
87 149
87 151
87 152
87 154
87 155
87 157
87 158
87 159
87 160
88 94
88 98
88 99
88 100
88 101
88 102
88 108
88 109
88 111
88 112
88 113
88 114
88 115
88 116
88 117
88 123
88 125
88 126
88 127
88 129
88 131
88 133
88 134
88 135
88 141
88 142
88 146
88 147
88 150
88 153
88 154
88 155
89 90
89 91
89 92
89 93
89 94
89 97
89 98
89 99
89 100
89 102
89 109
89 110
89 111
89 112
89 113
89 114
89 115
89 116
89 117
89 118
89 119
89 122
89 125
89 129
89 130
89 131
89 133
89 134
89 135
89 137
89 138
89 139
89 142
89 143
89 145
89 146
89 147
89 149
89 150
89 152
89 153
89 154
89 156
89 157
89 158
89 160
89 161
90 93
90 95
90 102
90 106
90 109
90 113
90 117
90 125
90 128
90 137
90 145
90 146
90 150
90 152
90 154
90 158
90 160
90 161
91 92
91 100
91 101
91 103
91 108
91 114
91 115
91 117
91 118
91 125
91 129
91 131
91 134
91 136
91 137
91 138
91 145
91 146
91 150
91 152
91 154
91 157
92 94
92 97
92 99
92 101
92 104
92 105
92 111
92 112
92 115
92 116
92 124
92 125
92 127
92 128
92 129
92 130
92 131
92 133
92 136
92 145
92 147
92 151
92 152
92 154
92 158
93 94
93 95
93 96
93 97
93 99
93 101
93 102
93 104
93 105
93 106
93 107
93 108
93 109
93 110
93 112
93 113
93 114
93 115
93 117
93 118
93 119
93 121
93 125
93 128
93 129
93 130
93 131
93 133
93 134
93 137
93 139
93 140
93 141
93 144
93 152
93 154
93 157
93 158
94 97
94 98
94 99
94 100
94 101
94 102
94 104
94 105
94 106
94 107
94 108
94 109
94 110
94 111
94 112
94 113
94 114
94 115
94 116
94 117
94 118
94 125
94 128
94 129
94 130
94 131
94 133
94 135
94 136
94 137
94 138
94 139
94 141
94 142
94 146
94 147
94 149
94 150
94 151
94 152
94 153
94 154
94 155
94 157
94 158
94 159
94 160
94 161
95 97
95 99
95 106
95 107
95 108
95 112
95 113
95 114
95 115
95 118
95 130
95 134
95 142
95 147
95 149
95 150
95 152
95 158
95 161
96 97
96 106
96 108
96 110
96 111
96 114
96 117
96 125
96 128
96 129
96 131
96 133
96 137
96 138
96 145
96 150
96 151
96 152
96 157
96 158
97 100
97 101
97 102
97 104
97 106
97 108
97 109
97 111
97 113
97 117
97 118
97 125
97 126
97 129
97 130
97 131
97 132
97 134
97 135
97 136
97 137
97 138
97 139
97 140
97 142
97 144
97 145
97 146
97 147
97 149
97 151
97 152
97 153
97 154
97 155
97 156
97 157
97 158
97 159
97 161
98 99
98 101
98 102
98 103
98 104
98 106
98 112
98 125
98 130
98 131
98 133
98 134
98 137
98 138
98 139
98 140
98 142
98 145
98 146
98 147
98 149
98 151
98 152
98 153
98 154
98 157
98 158
99 101
99 102
99 108
99 109
99 110
99 111
99 112
99 113
99 115
99 116
99 117
99 118
99 122
99 124
99 125
99 127
99 128
99 129
99 130
99 132
99 133
99 134
99 137
99 138
99 142
99 146
99 147
99 148
99 152
99 155
99 158
99 161
100 103
100 106
100 107
100 108
100 109
100 111
100 113
100 114
100 116
100 118
100 124
100 127
100 128
100 129
100 131
100 133
100 137
100 142
100 146
100 147
100 148
100 152
100 153
100 154
100 155
100 157
100 161
101 102
101 103
101 104
101 106
101 107
101 109
101 111
101 112
101 113
101 114
101 115
101 116
101 117
101 118
101 119
101 120
101 122
101 124
101 125
101 126
101 127
101 128
101 129
101 130
101 131
101 132
101 133
101 134
101 135
101 136
101 137
101 138
101 139
101 141
101 142
101 143
101 145
101 146
101 147
101 148
101 150
101 151
101 152
101 153
101 157
101 158
101 159
101 160
102 104
102 105
102 106
102 107
102 108
102 109
102 110
102 112
102 113
102 114
102 115
102 117
102 118
102 120
102 125
102 128
102 129
102 130
102 131
102 132
102 134
102 135
102 136
102 137
102 138
102 139
102 140
102 142
102 143
102 146
102 150
102 151
102 152
102 153
102 154
102 156
102 158
102 159
102 160
102 161
103 105
103 106
103 109
103 111
103 112
103 114
103 116
103 118
103 119
103 120
103 125
103 128
103 129
103 131
103 132
103 133
103 134
103 136
103 137
103 138
103 139
103 142
103 143
103 147
103 150
103 152
103 153
103 161
104 106
104 108
104 110
104 113
104 114
104 115
104 118
104 126
104 129
104 131
104 132
104 133
104 134
104 142
104 146
104 147
104 149
104 150
104 152
104 153
104 156
104 157
104 159
105 106
105 107
105 108
105 110
105 112
105 113
105 114
105 116
105 118
105 125
105 126
105 129
105 130
105 131
105 132
105 133
105 134
105 135
105 136
105 137
105 138
105 139
105 141
105 142
105 143
105 146
105 147
105 149
105 150
105 151
105 152
105 158
105 160
105 161
106 107
106 109
106 110
106 113
106 114
106 115
106 116
106 117
106 118
106 121
106 123
106 124
106 125
106 126
106 128
106 129
106 131
106 134
106 136
106 137
106 139
106 141
106 143
106 145
106 146
106 147
106 148
106 150
106 151
106 152
106 153
106 154
106 157
106 158
106 159
106 161
107 109
107 112
107 113
107 114
107 117
107 128
107 129
107 130
107 131
107 133
107 134
107 135
107 137
107 138
107 139
107 141
107 142
107 143
107 145
107 149
107 150
107 152
107 153
107 154
107 155
107 157
107 158
107 159
107 160
108 111
108 112
108 113
108 114
108 115
108 116
108 117
108 118
108 119
108 121
108 122
108 124
108 126
108 127
108 129
108 131
108 133
108 135
108 137
108 139
108 140
108 142
108 144
108 145
108 146
108 147
108 149
108 151
108 152
108 153
108 154
108 155
108 157
108 158
108 159
108 160
109 111
109 112
109 113
109 117
109 118
109 123
109 125
109 128
109 129
109 131
109 133
109 134
109 140
109 141
109 142
109 143
109 146
109 147
109 151
109 152
109 153
109 154
109 157
109 158
109 160
109 161
110 114
110 115
110 118
110 125
110 129
110 131
110 134
110 137
110 138
110 141
110 145
110 146
110 148
110 151
110 152
110 156
110 158
110 159
110 160
110 161
111 112
111 113
111 114
111 116
111 117
111 122
111 124
111 131
111 133
111 134
111 135
111 137
111 138
111 140
111 141
111 149
111 150
111 151
111 152
111 153
111 154
111 157
111 158
111 159
111 160
112 113
112 114
112 115
112 117
112 118
112 120
112 123
112 124
112 125
112 126
112 127
112 128
112 129
112 130
112 131
112 133
112 134
112 135
112 137
112 138
112 141
112 142
112 145
112 147
112 149
112 150
112 152
112 154
112 155
112 157
112 160
112 161
113 114
113 115
113 116
113 117
113 118
113 119
113 125
113 126
113 127
113 129
113 131
113 132
113 133
113 134
113 135
113 140
113 142
113 143
113 145
113 146
113 147
113 148
113 149
113 150
113 151
113 152
113 153
113 154
113 155
113 156
113 157
113 158
113 160
113 161
114 115
114 116
114 118
114 121
114 124
114 125
114 129
114 130
114 131
114 132
114 133
114 134
114 135
114 136
114 137
114 138
114 139
114 140
114 141
114 142
114 145
114 146
114 147
114 150
114 151
114 152
114 154
114 156
114 158
114 160
114 161
115 116
115 117
115 119
115 120
115 122
115 126
115 127
115 129
115 130
115 131
115 133
115 134
115 135
115 136
115 137
115 138
115 139
115 140
115 141
115 143
115 144
115 145
115 146
115 147
115 148
115 150
115 153
115 154
115 157
115 158
115 159
115 161
116 125
116 126
116 129
116 130
116 131
116 132
116 134
116 136
116 138
116 139
116 141
116 142
116 143
116 144
116 145
116 147
116 148
116 149
116 150
116 151
117 119
117 120
117 121
117 125
117 126
117 127
117 129
117 130
117 132
117 135
117 136
117 137
117 138
117 139
117 141
117 142
117 145
117 146
117 147
117 148
117 151
117 152
117 153
117 154
117 155
117 156
117 157
117 158
117 159
117 160
117 161
118 119
118 121
118 125
118 126
118 129
118 130
118 132
118 133
118 134
118 135
118 137
118 138
118 139
118 140
118 141
118 142
118 143
118 145
118 146
118 147
118 150
118 151
118 152
118 153
118 154
118 155
118 158
118 159
118 160
118 161
119 125
119 129
119 133
119 137
119 138
119 139
119 146
119 149
119 150
119 152
119 153
119 154
119 157
120 125
120 134
120 136
120 137
120 138
120 142
121 126
121 128
121 134
121 142
121 152
121 155
122 125
122 129
122 131
122 135
122 137
122 142
122 143
122 145
122 150
122 151
122 152
123 125
123 126
123 127
123 135
124 129
124 134
124 135
124 136
124 137
124 138
124 142
124 146
124 150
124 151
124 153
124 158
125 126
125 127
125 128
125 131
125 132
125 133
125 134
125 135
125 136
125 137
125 138
125 140
125 142
125 143
125 145
125 146
125 147
125 149
125 151
125 152
125 153
125 154
125 155
125 156
125 157
125 158
125 160
126 133
126 135
126 136
126 137
126 138
126 139
126 142
126 145
126 149
126 150
126 152
126 154
126 158
126 160
127 129
127 131
127 133
127 137
127 139
127 140
127 142
127 147
127 152
127 155
127 158
127 159
127 161
128 129
128 130
128 131
128 133
128 134
128 138
128 143
128 146
128 147
128 153
128 154
128 155
128 157
128 160
128 161
129 130
129 131
129 133
129 135
129 137
129 138
129 139
129 140
129 141
129 142
129 143
129 144
129 145
129 146
129 147
129 148
129 150
129 151
129 152
129 156
129 158
129 159
129 160
129 161
130 131
130 134
130 135
130 137
130 138
130 139
130 141
130 142
130 143
130 147
130 149
130 150
130 151
130 152
130 154
130 157
131 133
131 134
131 135
131 136
131 137
131 138
131 139
131 141
131 142
131 143
131 145
131 147
131 149
131 151
131 152
131 153
131 154
131 155
131 158
131 159
131 160
132 133
132 137
132 138
132 147
132 150
132 151
132 154
133 134
133 135
133 136
133 137
133 138
133 139
133 140
133 141
133 142
133 143
133 144
133 145
133 146
133 150
133 151
133 152
133 153
133 154
133 155
133 157
133 158
133 160
133 161
134 136
134 137
134 138
134 139
134 140
134 142
134 143
134 147
134 148
134 149
134 152
134 153
134 154
134 155
134 156
134 158
134 159
134 160
134 161
135 138
135 139
135 141
135 142
135 143
135 146
135 151
135 152
135 154
135 158
135 161
136 137
136 138
136 139
136 141
136 151
136 154
136 157
136 158
137 138
137 139
137 141
137 144
137 146
137 147
137 148
137 150
137 151
137 152
137 153
137 154
137 155
137 156
137 157
137 158
137 159
137 160
137 161
138 139
138 140
138 141
138 142
138 143
138 146
138 147
138 148
138 152
138 153
138 154
138 155
138 159
139 140
139 141
139 145
139 146
139 147
139 150
139 151
139 152
139 153
139 157
140 142
140 144
140 145
140 153
140 154
140 159
140 161
141 144
141 145
141 146
141 150
141 151
141 152
141 154
141 158
141 161
142 144
142 145
142 146
142 147
142 150
142 151
142 152
142 153
142 154
142 155
142 156
142 157
142 158
142 159
142 160
142 161
143 144
143 145
143 146
143 147
143 148
143 149
143 152
143 153
143 154
143 157
143 158
143 160
143 161
144 158
145 146
145 147
145 149
145 151
145 152
145 158
145 159
146 147
146 152
146 153
146 154
146 155
146 158
146 159
146 160
146 161
147 150
147 152
147 154
147 155
147 156
147 157
147 158
147 161
148 151
148 153
148 154
148 156
148 157
149 150
149 152
149 154
149 157
149 158
149 161
150 151
150 152
150 153
150 154
150 155
150 158
150 161
151 154
151 155
151 158
151 159
151 160
151 161
152 153
152 154
152 156
152 158
152 159
153 154
153 156
153 157
153 158
154 157
154 158
154 159
154 161
155 157
155 158
155 160
155 161
156 158
157 161
158 159
158 161
159 161
