0 4
0 6
0 7
0 11
0 12
0 13
0 14
0 16
0 19
0 26
0 27
0 31
0 32
0 36
0 37
0 40
0 41
0 42
0 45
0 53
0 54
0 56
0 58
0 59
0 64
0 66
0 67
0 68
0 70
0 72
0 74
0 75
0 79
0 84
0 88
0 91
0 92
0 95
0 98
0 106
0 111
0 114
0 115
0 118
0 121
0 123
0 125
0 127
0 129
0 133
0 134
0 137
0 139
0 141
0 142
0 147
0 151
0 152
0 153
0 154
0 158
1 6
1 9
1 10
1 11
1 13
1 14
1 15
1 16
1 18
1 19
1 21
1 22
1 25
1 27
1 29
1 30
1 31
1 37
1 40
1 42
1 44
1 45
1 49
1 51
1 52
1 54
1 55
1 56
1 59
1 63
1 64
1 65
1 67
1 69
1 70
1 72
1 73
1 74
1 76
1 78
1 79
1 87
1 88
1 89
1 98
1 102
1 103
1 106
1 108
1 109
1 112
1 113
1 114
1 115
1 128
1 129
1 130
1 131
1 132
1 133
1 134
1 136
1 137
1 138
1 141
1 143
1 146
1 147
1 152
1 154
1 158
1 159
2 6
2 7
2 9
2 11
2 14
2 18
2 19
2 21
2 23
2 27
2 30
2 31
2 32
2 35
2 38
2 42
2 45
2 48
2 53
2 58
2 63
2 65
2 70
2 71
2 79
2 83
2 85
2 86
2 89
2 93
2 97
2 99
2 106
2 108
2 109
2 110
2 114
2 115
2 116
2 117
2 118
2 125
2 126
2 131
2 133
2 134
2 137
2 138
2 140
2 142
2 145
2 148
2 150
2 151
2 152
2 154
2 155
2 157
2 158
2 159
2 160
3 5
3 6
3 7
3 14
3 21
3 28
3 32
3 40
3 43
3 45
3 52
3 54
3 56
3 58
3 63
3 64
3 68
3 70
3 71
3 74
3 76
3 77
3 79
3 84
3 86
3 87
3 90
3 93
3 94
3 97
3 99
3 101
3 103
3 104
3 106
3 107
3 108
3 114
3 117
3 118
3 133
3 139
3 142
3 143
3 146
3 147
3 150
3 151
3 154
3 157
3 158
3 160
4 5
4 6
4 7
4 8
4 9
4 10
4 11
4 14
4 16
4 19
4 20
4 22
4 23
4 25
4 26
4 27
4 28
4 31
4 32
4 33
4 34
4 35
4 37
4 38
4 39
4 40
4 41
4 43
4 44
4 45
4 47
4 49
4 52
4 53
4 54
4 56
4 61
4 62
4 63
4 64
4 65
4 66
4 67
4 68
4 69
4 70
4 71
4 72
4 73
4 75
4 77
4 78
4 79
4 80
4 81
4 84
4 85
4 86
4 87
4 88
4 89
4 90
4 91
4 93
4 94
4 95
4 96
4 97
4 99
4 101
4 102
4 103
4 104
4 106
4 107
4 108
4 110
4 111
4 114
4 115
4 116
4 117
4 118
4 121
4 124
4 127
4 128
4 129
4 130
4 131
4 134
4 135
4 137
4 139
4 140
4 142
4 144
4 146
4 147
4 148
4 149
4 150
4 151
4 152
4 153
4 154
4 158
4 161
5 7
5 8
5 11
5 14
5 18
5 25
5 26
5 28
5 32
5 38
5 47
5 49
5 50
5 56
5 61
5 63
5 64
5 70
5 72
5 75
5 80
5 85
5 87
5 89
5 90
5 98
5 99
5 103
5 108
5 109
5 112
5 113
5 114
5 133
5 144
5 145
5 147
5 150
5 152
5 158
6 7
6 8
6 9
6 10
6 11
6 12
6 13
6 14
6 15
6 16
6 18
6 19
6 22
6 25
6 26
6 27
6 29
6 30
6 31
6 32
6 37
6 38
6 40
6 41
6 42
6 43
6 44
6 45
6 48
6 49
6 50
6 51
6 52
6 53
6 54
6 55
6 57
6 58
6 59
6 60
6 61
6 63
6 64
6 65
6 66
6 68
6 70
6 71
6 73
6 74
6 75
6 77
6 80
6 81
6 82
6 84
6 86
6 87
6 88
6 89
6 90
6 91
6 92
6 98
6 99
6 101
6 102
6 103
6 104
6 105
6 106
6 108
6 109
6 110
6 111
6 112
6 113
6 114
6 115
6 116
6 117
6 124
6 125
6 126
6 127
6 129
6 130
6 131
6 132
6 133
6 134
6 135
6 136
6 137
6 138
6 139
6 140
6 141
6 143
6 145
6 146
6 149
6 151
6 152
6 154
6 155
6 158
6 160
6 161
7 8
7 9
7 10
7 11
7 12
7 13
7 14
7 15
7 16
7 17
7 18
7 20
7 21
7 24
7 25
7 26
7 27
7 29
7 30
7 31
7 32
7 33
7 35
7 37
7 38
7 39
7 40
7 42
7 44
7 45
7 46
7 48
7 49
7 51
7 52
7 53
7 54
7 55
7 56
7 57
7 59
7 62
7 63
7 64
7 67
7 68
7 69
7 70
7 71
7 72
7 73
7 74
7 75
7 76
7 77
7 78
7 79
7 83
7 84
7 85
7 86
7 87
7 89
7 90
7 92
7 93
7 94
7 96
7 97
7 99
7 100
7 101
7 102
7 103
7 104
7 105
7 106
7 107
7 108
7 110
7 111
7 112
7 113
7 114
7 115
7 116
7 117
7 118
7 119
7 124
7 129
7 130
7 131
7 133
7 136
7 137
7 138
7 139
7 140
7 141
7 142
7 145
7 146
7 149
7 150
7 151
7 152
7 153
7 154
7 155
7 156
7 157
7 158
7 159
7 160
7 161
8 10
8 14
8 16
8 18
8 19
8 23
8 25
8 26
8 31
8 32
8 35
8 41
8 44
8 63
8 64
8 65
8 68
8 69
8 72
8 75
8 77
8 79
8 87
8 94
8 95
8 97
8 102
8 106
8 107
8 108
8 113
8 114
8 115
8 118
8 131
8 133
8 134
8 137
8 142
8 147
8 152
8 155
8 161
9 11
9 12
9 15
9 21
9 23
9 26
9 28
9 30
9 31
9 35
9 36
9 38
9 39
9 40
9 41
9 43
9 44
9 45
9 49
9 51
9 55
9 58
9 61
9 64
9 65
9 67
9 68
9 69
9 70
9 71
9 72
9 74
9 77
9 79
9 83
9 84
9 85
9 86
9 87
9 88
9 90
9 91
9 93
9 94
9 97
9 102
9 106
9 107
9 108
9 111
9 112
9 113
9 114
9 116
9 117
9 118
9 121
9 123
9 126
9 128
9 129
9 130
9 133
9 134
9 135
9 136
9 137
9 138
9 139
9 141
9 142
9 151
9 152
9 153
9 154
9 155
9 158
9 160
9 161
10 13
10 14
10 15
10 19
10 21
10 22
10 23
10 26
10 29
10 30
10 32
10 34
10 36
10 38
10 39
10 42
10 44
10 45
10 46
10 49
10 51
10 54
10 55
10 62
10 63
10 64
10 65
10 67
10 68
10 69
10 72
10 74
10 76
10 77
10 79
10 80
10 81
10 84
10 85
10 87
10 88
10 89
10 94
10 97
10 98
10 100
10 102
10 103
10 105
10 106
10 108
10 111
10 113
10 115
10 116
10 118
10 121
10 125
10 131
10 133
10 134
10 135
10 137
10 139
10 146
10 150
10 151
10 152
10 158
10 159
11 13
11 14
11 15
11 18
11 19
11 23
11 24
11 26
11 30
11 31
11 32
11 34
11 36
11 38
11 39
11 40
11 43
11 44
11 45
11 47
11 49
11 51
11 53
11 54
11 55
11 56
11 59
11 60
11 61
11 64
11 65
11 66
11 67
11 68
11 69
11 70
11 71
11 72
11 73
11 74
11 75
11 76
11 77
11 79
11 80
11 81
11 82
11 83
11 84
11 87
11 88
11 90
11 92
11 93
11 94
11 101
11 102
11 103
11 106
11 107
11 110
11 111
11 112
11 113
11 114
11 115
11 116
11 117
11 118
11 123
11 125
11 126
11 128
11 129
11 130
11 131
11 132
11 133
11 135
11 136
11 138
11 139
11 141
11 142
11 143
11 146
11 150
11 151
11 152
11 154
11 157
11 159
11 160
11 161
12 14
12 18
12 19
12 21
12 26
12 30
12 31
12 38
12 40
12 43
12 49
12 51
12 54
12 58
12 60
12 63
12 64
12 66
12 67
12 68
12 69
12 70
12 71
12 73
12 74
12 76
12 79
12 85
12 94
12 101
12 105
12 106
12 107
12 112
12 113
12 115
12 117
12 118
12 125
12 126
12 129
12 131
12 137
12 138
12 141
12 142
12 146
12 151
12 154
12 157
12 158
13 14
13 15
13 16
13 17
13 18
13 19
13 27
13 28
13 30
13 31
13 32
13 34
13 35
13 36
13 40
13 42
13 44
13 46
13 49
13 50
13 51
13 52
13 53
13 54
13 58
13 64
13 66
13 67
13 68
13 69
13 70
13 72
13 74
13 77
13 78
13 79
13 80
13 87
13 88
13 89
13 93
13 94
13 98
13 101
13 103
13 106
13 107
13 108
13 109
13 112
13 113
13 114
13 116
13 117
13 120
13 125
13 126
13 127
13 129
13 130
13 131
13 134
13 135
13 136
13 138
13 139
13 140
13 147
13 151
13 152
13 153
13 161
14 15
14 16
14 18
14 19
14 20
14 21
14 22
14 23
14 25
14 26
14 29
14 30
14 31
14 32
14 33
14 36
14 37
14 38
14 39
14 41
14 44
14 45
14 46
14 49
14 50
14 51
14 52
14 55
14 56
14 58
14 59
14 62
14 63
14 65
14 66
14 67
14 69
14 71
14 72
14 73
14 74
14 75
14 76
14 79
14 80
14 82
14 83
14 84
14 85
14 86
14 87
14 88
14 93
14 94
14 95
14 97
14 98
14 102
14 105
14 106
14 108
14 109
14 110
14 112
14 113
14 114
14 115
14 116
14 117
14 118
14 120
14 121
14 123
14 126
14 127
14 129
14 130
14 132
14 136
14 138
14 139
14 140
14 141
14 142
14 143
14 145
14 147
14 149
14 150
14 151
14 152
14 153
14 154
14 157
14 158
14 160
14 161
15 16
15 19
15 22
15 25
15 26
15 29
15 31
15 40
15 44
15 49
15 51
15 55
15 64
15 67
15 68
15 69
15 70
15 71
15 73
15 74
15 84
15 87
15 88
15 89
15 92
15 93
15 94
15 95
15 102
15 106
15 107
15 108
15 110
15 112
15 117
15 118
15 122
15 126
15 127
15 128
15 129
15 133
15 134
15 136
15 137
15 139
15 141
15 145
15 152
15 153
15 154
15 158
16 19
16 20
16 28
16 30
16 33
16 35
16 38
16 43
16 45
16 46
16 51
16 54
16 55
16 56
16 57
16 58
16 64
16 65
16 66
16 67
16 68
16 70
16 71
16 72
16 78
16 80
16 86
16 89
16 92
16 93
16 94
16 97
16 100
16 103
16 105
16 106
16 108
16 110
16 113
16 118
16 120
16 125
16 129
16 130
16 131
16 135
16 138
16 139
16 140
16 142
16 150
16 152
16 154
16 157
16 158
16 161
17 19
17 31
17 35
17 36
17 44
17 51
17 53
17 63
17 64
17 65
17 68
17 69
17 72
17 73
17 79
17 80
17 105
17 109
17 112
17 115
17 117
17 119
17 125
17 141
17 145
17 146
17 147
17 152
17 153
17 157
17 158
17 160
17 161
18 19
18 21
18 26
18 28
18 30
18 31
18 32
18 34
18 35
18 38
18 39
18 43
18 51
18 54
18 55
18 58
18 59
18 63
18 65
18 67
18 68
18 69
18 70
18 71
18 72
18 73
18 74
18 75
18 77
18 80
18 81
18 83
18 84
18 86
18 87
18 90
18 91
18 93
18 97
18 98
18 99
18 101
18 105
18 106
18 107
18 108
18 109
18 110
18 111
18 113
18 114
18 115
18 117
18 118
18 119
18 125
18 129
18 130
18 132
18 133
18 134
18 136
18 142
18 143
18 145
18 146
18 147
18 151
18 154
18 155
18 158
18 161
19 20
19 21
19 23
19 25
19 31
19 32
19 34
19 35
19 36
19 38
19 40
19 42
19 43
19 44
19 45
19 46
19 50
19 51
19 52
19 54
19 55
19 56
19 57
19 58
19 61
19 62
19 64
19 65
19 66
19 67
19 68
19 70
19 71
19 72
19 73
19 74
19 75
19 77
19 79
19 80
19 84
19 85
19 86
19 88
19 89
19 91
19 92
19 93
19 94
19 97
19 99
19 101
19 102
19 104
19 105
19 106
19 107
19 108
19 109
19 111
19 112
19 113
19 114
19 115
19 117
19 118
19 121
19 124
19 125
19 126
19 127
19 128
19 129
19 130
19 133
19 134
19 135
19 137
19 138
19 139
19 140
19 142
19 143
19 145
19 147
19 148
19 149
19 151
19 152
19 153
19 154
19 156
19 157
19 158
19 161
20 24
20 29
20 39
20 40
20 45
20 47
20 54
20 56
20 59
20 64
20 65
20 68
20 72
20 73
20 86
20 92
20 93
20 97
20 100
20 101
20 102
20 105
20 108
20 109
20 117
20 126
20 127
20 131
20 135
20 136
20 137
20 138
20 142
20 152
20 154
21 23
21 25
21 28
21 29
21 30
21 31
21 32
21 35
21 36
21 37
21 38
21 40
21 41
21 44
21 45
21 49
21 50
21 51
21 52
21 53
21 54
21 55
21 56
21 58
21 59
21 64
21 65
21 67
21 68
21 69
21 71
21 73
21 79
21 80
21 81
21 83
21 84
21 85
21 86
21 89
21 92
21 93
21 94
21 97
21 99
21 101
21 102
21 103
21 104
21 106
21 107
21 108
21 109
21 110
21 112
21 113
21 114
21 115
21 116
21 117
21 118
21 119
21 120
21 125
21 126
21 129
21 130
21 131
21 132
21 133
21 134
21 135
21 137
21 138
21 139
21 140
21 141
21 142
21 143
21 146
21 147
21 149
21 150
21 151
21 152
21 153
21 154
21 157
21 158
21 159
21 160
21 161
22 25
22 26
22 31
22 35
22 36
22 39
22 40
22 44
22 45
22 46
22 51
22 54
22 56
22 58
22 61
22 63
22 66
22 68
22 70
22 72
22 74
22 75
22 77
22 80
22 81
22 86
22 87
22 89
22 92
22 93
22 94
22 95
22 96
22 98
22 100
22 101
22 102
22 103
22 105
22 106
22 107
22 109
22 111
22 113
22 115
22 117
22 120
22 127
22 129
22 131
22 133
22 134
22 136
22 137
22 144
22 150
22 152
22 161
23 26
23 29
23 34
23 40
23 42
23 43
23 45
23 48
23 49
23 54
23 63
23 65
23 67
23 70
23 71
23 75
23 79
23 82
23 84
23 89
23 97
23 102
23 108
23 112
23 113
23 114
23 115
23 118
23 122
23 129
23 130
23 131
23 138
23 141
23 149
23 154
23 157
23 158
24 26
24 29
24 32
24 34
24 36
24 38
24 41
24 42
24 44
24 54
24 55
24 56
24 63
24 64
24 66
24 67
24 70
24 74
24 77
24 79
24 84
24 87
24 88
24 89
24 90
24 93
24 94
24 96
24 100
24 101
24 104
24 105
24 107
24 108
24 111
24 115
24 117
24 119
24 122
24 129
24 130
24 131
24 133
24 134
24 137
24 138
24 141
24 142
24 147
24 152
24 158
25 26
25 28
25 30
25 31
25 32
25 34
25 35
25 37
25 38
25 39
25 40
25 41
25 43
25 45
25 46
25 48
25 49
25 50
25 54
25 56
25 57
25 63
25 64
25 65
25 66
25 67
25 69
25 70
25 71
25 72
25 73
25 75
25 77
25 79
25 80
25 81
25 83
25 84
25 86
25 89
25 91
25 92
25 93
25 94
25 99
25 101
25 102
25 103
25 104
25 106
25 111
25 112
25 114
25 116
25 117
25 118
25 124
25 125
25 126
25 128
25 129
25 130
25 131
25 132
25 133
25 134
25 135
25 136
25 137
25 138
25 139
25 141
25 142
25 144
25 145
25 146
25 147
25 148
25 150
25 151
25 152
25 153
25 154
25 157
25 158
25 159
26 29
26 30
26 31
26 32
26 33
26 34
26 35
26 36
26 37
26 38
26 39
26 40
26 41
26 42
26 43
26 44
26 45
26 46
26 48
26 49
26 51
26 52
26 53
26 54
26 55
26 56
26 58
26 59
26 60
26 61
26 62
26 63
26 64
26 65
26 66
26 67
26 68
26 69
26 70
26 71
26 72
26 74
26 75
26 76
26 77
26 79
26 80
26 83
26 84
26 85
26 86
26 87
26 88
26 89
26 92
26 93
26 99
26 100
26 101
26 102
26 103
26 104
26 105
26 106
26 107
26 111
26 112
26 113
26 115
26 122
26 124
26 125
26 126
26 131
26 134
26 135
26 137
26 138
26 140
26 141
26 143
26 146
26 147
26 148
26 150
26 151
26 152
26 153
26 154
26 155
26 157
26 158
26 159
26 160
26 161
27 31
27 32
27 37
27 40
27 46
27 63
27 64
27 76
27 77
27 91
27 93
27 101
27 106
27 107
27 108
27 111
27 131
27 134
27 135
27 139
27 141
27 142
27 147
27 151
27 154
27 157
27 158
27 161
28 30
28 37
28 38
28 39
28 41
28 44
28 45
28 49
28 51
28 54
28 55
28 60
28 62
28 63
28 64
28 66
28 67
28 68
28 69
28 71
28 72
28 73
28 74
28 79
28 81
28 83
28 85
28 88
28 89
28 96
28 97
28 98
28 99
28 101
28 104
28 105
28 106
28 107
28 108
28 112
28 113
28 117
28 118
28 125
28 128
28 129
28 131
28 133
28 134
28 135
28 136
28 137
28 138
28 142
28 148
28 152
28 157
28 158
28 161
29 31
29 32
29 35
29 36
29 40
29 43
29 49
29 50
29 51
29 54
29 56
29 58
29 60
29 63
29 65
29 66
29 67
29 68
29 69
29 71
29 72
29 73
29 74
29 77
29 79
29 85
29 88
29 93
29 97
29 106
29 111
29 121
29 129
29 131
29 133
29 134
29 135
29 138
29 142
29 145
29 146
29 147
29 148
29 151
29 152
29 153
29 159
30 31
30 34
30 35
30 38
30 40
30 42
30 43
30 44
30 45
30 46
30 48
30 49
30 50
30 51
30 52
30 53
30 54
30 55
30 56
30 58
30 59
30 60
30 61
30 64
30 65
30 66
30 68
30 69
30 70
30 71
30 72
30 74
30 76
30 79
30 80
30 83
30 85
30 86
30 87
30 88
30 89
30 94
30 95
30 96
30 97
30 99
30 100
30 101
30 102
30 103
30 104
30 105
30 106
30 107
30 108
30 109
30 111
30 112
30 113
30 114
30 115
30 117
30 118
30 119
30 121
30 128
30 129
30 130
30 131
30 133
30 134
30 136
30 138
30 139
30 141
30 142
30 143
30 145
30 146
30 147
30 149
30 152
30 153
30 154
30 160
30 161
31 32
31 34
31 35
31 36
31 37
31 38
31 39
31 40
31 41
31 42
31 43
31 44
31 45
31 46
31 48
31 49
31 51
31 52
31 53
31 54
31 55
31 56
31 58
31 61
31 62
31 63
31 64
31 65
31 66
31 67
31 68
31 69
31 70
31 72
31 74
31 76
31 77
31 78
31 79
31 82
31 84
31 85
31 86
31 87
31 88
31 89
31 92
31 93
31 94
31 95
31 96
31 97
31 101
31 102
31 103
31 105
31 106
31 107
31 108
31 109
31 110
31 112
31 113
31 114
31 115
31 117
31 118
31 121
31 125
31 126
31 128
31 129
31 130
31 131
31 132
31 133
31 134
31 136
31 137
31 138
31 139
31 141
31 142
31 143
31 146
31 147
31 149
31 151
31 152
31 153
31 154
31 155
31 157
31 158
31 160
31 161
32 35
32 36
32 38
32 40
32 43
32 44
32 46
32 47
32 49
32 51
32 52
32 54
32 55
32 56
32 57
32 58
32 59
32 62
32 63
32 64
32 67
32 68
32 69
32 70
32 71
32 72
32 74
32 75
32 76
32 78
32 79
32 80
32 83
32 88
32 89
32 91
32 93
32 94
32 95
32 96
32 97
32 99
32 101
32 102
32 103
32 105
32 106
32 107
32 108
32 109
32 110
32 113
32 115
32 117
32 120
32 121
32 125
32 127
32 129
32 130
32 131
32 132
32 133
32 134
32 135
32 137
32 138
32 139
32 140
32 141
32 142
32 143
32 144
32 145
32 146
32 147
32 148
32 150
32 151
32 152
32 153
32 154
32 155
32 158
32 159
32 160
33 40
33 42
33 49
33 50
33 51
33 58
33 67
33 72
33 76
33 79
33 80
33 81
33 82
33 83
33 91
33 97
33 101
33 106
33 112
33 116
33 126
33 128
33 129
33 131
33 134
33 135
33 137
33 138
33 152
33 154
33 157
33 158
34 37
34 38
34 40
34 42
34 45
34 50
34 51
34 54
34 56
34 60
34 61
34 63
34 64
34 65
34 67
34 69
34 70
34 72
34 73
34 77
34 79
34 89
34 91
34 92
34 93
34 94
34 101
34 104
34 105
34 106
34 107
34 109
34 114
34 115
34 130
34 131
34 132
34 133
34 134
34 135
34 137
34 138
34 139
34 140
34 142
34 144
34 146
34 147
34 148
34 149
34 150
34 152
34 159
34 160
35 36
35 37
35 38
35 40
35 43
35 44
35 45
35 46
35 50
35 51
35 55
35 56
35 58
35 59
35 60
35 63
35 64
35 67
35 68
35 70
35 71
35 72
35 73
35 76
35 77
35 78
35 81
35 82
35 83
35 84
35 87
35 92
35 93
35 94
35 96
35 97
35 98
35 99
35 101
35 102
35 103
35 105
35 106
35 107
35 108
35 110
35 111
35 112
35 114
35 115
35 116
35 121
35 122
35 127
35 128
35 129
35 131
35 133
35 134
35 135
35 138
35 139
35 141
35 142
35 143
35 145
35 146
35 147
35 151
35 152
35 153
35 154
35 155
35 156
35 157
35 160
35 161
36 42
36 43
36 44
36 46
36 48
36 49
36 52
36 53
36 54
36 55
36 56
36 57
36 58
36 62
36 63
36 64
36 65
36 66
36 67
36 68
36 70
36 71
36 72
36 74
36 75
36 77
36 78
36 79
36 80
36 81
36 87
36 92
36 94
36 95
36 99
36 102
36 103
36 104
36 105
36 106
36 107
36 108
36 109
36 110
36 111
36 113
36 114
36 115
36 117
36 118
36 127
36 129
36 132
36 133
36 136
36 137
36 138
36 139
36 142
36 143
36 144
36 145
36 146
36 147
36 149
36 150
36 151
36 153
36 155
36 157
36 158
36 160
37 38
37 40
37 45
37 49
37 51
37 53
37 55
37 56
37 57
37 58
37 61
37 64
37 66
37 67
37 68
37 69
37 70
37 71
37 72
37 73
37 74
37 75
37 77
37 79
37 80
37 82
37 83
37 87
37 88
37 89
37 92
37 93
37 97
37 99
37 105
37 106
37 108
37 109
37 111
37 112
37 113
37 114
37 117
37 120
37 123
37 125
37 127
37 129
37 130
37 131
37 132
37 133
37 134
37 138
37 139
37 140
37 141
37 142
37 146
37 147
37 151
37 152
37 157
37 158
37 160
38 40
38 41
38 42
38 43
38 46
38 47
38 48
38 50
38 51
38 52
38 53
38 54
38 55
38 56
38 57
38 58
38 59
38 62
38 63
38 64
38 65
38 66
38 68
38 69
38 70
38 71
38 72
38 75
38 77
38 78
38 79
38 80
38 83
38 84
38 85
38 86
38 87
38 88
38 89
38 91
38 92
38 94
38 95
38 96
38 97
38 99
38 100
38 101
38 102
38 104
38 105
38 106
38 107
38 109
38 111
38 113
38 114
38 115
38 117
38 119
38 120
38 121
38 123
38 125
38 126
38 127
38 128
38 130
38 131
38 133
38 134
38 137
38 138
38 139
38 140
38 141
38 142
38 143
38 147
38 148
38 149
38 150
38 151
38 152
38 153
38 154
38 155
38 156
38 157
38 158
38 160
38 161
39 40
39 45
39 46
39 56
39 59
39 60
39 62
39 63
39 64
39 65
39 67
39 68
39 69
39 70
39 71
39 72
39 73
39 75
39 76
39 78
39 81
39 88
39 89
39 94
39 95
39 96
39 97
39 100
39 101
39 102
39 105
39 106
39 108
39 112
39 113
39 114
39 117
39 118
39 126
39 127
39 128
39 129
39 131
39 133
39 134
39 135
39 136
39 137
39 138
39 139
39 140
39 142
39 146
39 147
39 148
39 151
39 152
39 154
39 155
39 157
39 158
39 159
40 41
40 43
40 44
40 45
40 47
40 48
40 49
40 50
40 51
40 52
40 53
40 55
40 56
40 57
40 59
40 60
40 61
40 62
40 63
40 64
40 65
40 66
40 67
40 68
40 69
40 71
40 72
40 73
40 74
40 75
40 76
40 79
40 80
40 81
40 84
40 85
40 86
40 87
40 88
40 89
40 91
40 92
40 93
40 94
40 97
40 98
40 99
40 101
40 102
40 106
40 107
40 108
40 109
40 110
40 111
40 112
40 113
40 114
40 115
40 117
40 118
40 119
40 120
40 122
40 123
40 125
40 126
40 128
40 129
40 130
40 131
40 134
40 135
40 136
40 137
40 138
40 139
40 142
40 143
40 146
40 149
40 150
40 151
40 152
40 153
40 154
40 157
40 158
40 159
40 161
41 43
41 45
41 47
41 52
41 54
41 58
41 59
41 63
41 64
41 65
41 70
41 74
41 80
41 98
41 100
41 101
41 104
41 106
41 107
41 109
41 113
41 114
41 115
41 116
41 117
41 127
41 128
41 129
41 137
41 143
41 144
41 150
41 152
41 154
41 157
41 159
42 43
42 44
42 46
42 48
42 49
42 51
42 56
42 65
42 66
42 67
42 69
42 70
42 72
42 73
42 76
42 77
42 80
42 84
42 87
42 88
42 91
42 93
42 98
42 99
42 101
42 102
42 108
42 110
42 112
42 113
42 114
42 116
42 117
42 120
42 121
42 126
42 129
42 133
42 134
42 135
42 138
42 139
42 141
42 142
42 147
42 150
42 151
42 154
42 155
42 157
42 158
42 161
43 45
43 48
43 50
43 51
43 54
43 55
43 56
43 57
43 58
43 61
43 62
43 64
43 65
43 66
43 68
43 69
43 70
43 71
43 72
43 73
43 75
43 76
43 77
43 78
43 79
43 80
43 83
43 85
43 87
43 89
43 91
43 93
43 94
43 95
43 98
43 99
43 101
43 102
43 103
43 104
43 105
43 106
43 108
43 112
43 114
43 116
43 117
43 121
43 125
43 128
43 129
43 133
43 134
43 137
43 138
43 139
43 141
43 147
43 151
43 152
43 154
43 157
43 158
44 45
44 46
44 49
44 50
44 51
44 53
44 56
44 58
44 62
44 63
44 64
44 65
44 66
44 67
44 68
44 69
44 70
44 71
44 72
44 73
44 74
44 78
44 79
44 80
44 82
44 83
44 85
44 86
44 87
44 88
44 91
44 94
44 95
44 97
44 100
44 101
44 102
44 103
44 105
44 106
44 108
44 111
44 112
44 113
44 114
44 115
44 116
44 117
44 118
44 120
44 122
44 123
44 126
44 128
44 131
44 132
44 135
44 136
44 137
44 138
44 140
44 141
44 145
44 146
44 149
44 150
44 151
44 152
44 154
44 156
44 157
44 159
44 160
44 161
45 46
45 48
45 50
45 51
45 52
45 53
45 55
45 56
45 59
45 60
45 62
45 63
45 64
45 65
45 66
45 67
45 68
45 72
45 73
45 74
45 75
45 77
45 78
45 79
45 81
45 83
45 85
45 87
45 88
45 89
45 91
45 92
45 93
45 94
45 95
45 97
45 99
45 100
45 101
45 102
45 103
45 105
45 108
45 109
45 112
45 113
45 114
45 115
45 116
45 117
45 118
45 119
45 121
45 125
45 129
45 130
45 131
45 133
45 137
45 138
45 139
45 141
45 142
45 143
45 145
45 146
45 147
45 150
45 151
45 152
45 153
45 158
45 160
45 161
46 47
46 49
46 51
46 53
46 54
46 55
46 56
46 61
46 62
46 64
46 66
46 67
46 68
46 69
46 70
46 72
46 73
46 76
46 77
46 79
46 81
46 85
46 87
46 88
46 89
46 90
46 92
46 93
46 94
46 95
46 97
46 98
46 100
46 102
46 106
46 108
46 112
46 113
46 114
46 115
46 116
46 117
46 118
46 121
46 125
46 129
46 131
46 133
46 134
46 137
46 138
46 139
46 140
46 143
46 146
46 147
46 152
46 153
46 154
46 155
46 157
46 161
47 52
47 63
47 67
47 68
47 73
47 74
47 89
47 92
47 97
47 101
47 110
47 112
47 115
47 131
47 138
47 143
47 145
47 146
47 152
47 158
47 160
47 161
48 49
48 50
48 51
48 52
48 54
48 60
48 66
48 70
48 71
48 72
48 75
48 76
48 79
48 81
48 83
48 84
48 89
48 91
48 95
48 101
48 104
48 106
48 112
48 113
48 115
48 117
48 129
48 131
48 138
48 139
48 140
48 141
48 142
48 143
48 148
48 149
48 150
48 152
48 153
48 155
48 157
48 158
48 161
49 51
49 52
49 53
49 54
49 55
49 56
49 57
49 59
49 61
49 62
49 63
49 64
49 65
49 66
49 67
49 68
49 69
49 70
49 71
49 72
49 73
49 74
49 76
49 77
49 79
49 80
49 81
49 83
49 84
49 85
49 87
49 89
49 91
49 92
49 93
49 94
49 95
49 97
49 99
49 101
49 102
49 103
49 105
49 106
49 107
49 109
49 110
49 111
49 112
49 113
49 114
49 115
49 116
49 117
49 118
49 121
49 122
49 124
49 125
49 126
49 127
49 128
49 129
49 130
49 131
49 132
49 133
49 134
49 135
49 139
49 141
49 146
49 147
49 148
49 149
49 150
49 151
49 152
49 153
49 154
49 155
49 157
49 158
49 159
49 160
49 161
50 52
50 58
50 61
50 63
50 64
50 65
50 66
50 67
50 69
50 70
50 71
50 72
50 74
50 75
50 77
50 79
50 80
50 84
50 87
50 89
50 93
50 94
50 97
50 100
50 101
50 102
50 103
50 105
50 108
50 109
50 110
50 111
50 112
50 114
50 115
50 116
50 117
50 118
50 122
50 130
50 133
50 134
50 135
50 137
50 138
50 139
50 140
50 141
50 143
50 145
50 146
50 147
50 148
50 150
50 152
50 153
50 154
50 157
50 158
50 159
50 160
50 161
51 53
51 54
51 55
51 56
51 57
51 59
51 60
51 63
51 64
51 67
51 68
51 69
51 71
51 72
51 73
51 74
51 75
51 76
51 77
51 78
51 79
51 80
51 85
51 86
51 87
51 88
51 89
51 90
51 92
51 93
51 94
51 95
51 96
51 97
51 98
51 100
51 101
51 102
51 103
51 104
51 105
51 106
51 107
51 108
51 109
51 111
51 113
51 114
51 115
51 119
51 123
51 126
51 129
51 130
51 131
51 133
51 134
51 135
51 136
51 137
51 138
51 139
51 141
51 142
51 143
51 145
51 146
51 147
51 149
51 150
51 151
51 153
51 154
51 155
51 158
51 159
51 161
52 53
52 55
52 56
52 60
52 64
52 66
52 68
52 70
52 71
52 74
52 75
52 77
52 82
52 83
52 84
52 90
52 92
52 93
52 94
52 97
52 100
52 102
52 104
52 107
52 108
52 109
52 112
52 115
52 117
52 126
52 129
52 131
52 132
52 137
52 139
52 142
52 143
52 146
52 147
52 149
52 153
52 154
52 157
52 158
52 161
53 54
53 55
53 56
53 64
53 67
53 69
53 71
53 74
53 75
53 85
53 86
53 91
53 93
53 94
53 97
53 100
53 112
53 114
53 120
53 122
53 125
53 126
53 127
53 129
53 131
53 133
53 137
53 138
53 142
53 146
53 154
53 155
53 156
53 160
54 55
54 56
54 57
54 59
54 61
54 63
54 64
54 65
54 66
54 67
54 69
54 70
54 72
54 73
54 74
54 75
54 76
54 77
54 79
54 80
54 81
54 82
54 83
54 86
54 87
54 89
54 90
54 91
54 93
54 94
54 95
54 96
54 97
54 99
54 101
54 102
54 105
54 106
54 108
54 109
54 111
54 112
54 113
54 114
54 115
54 116
54 117
54 118
54 119
54 125
54 126
54 127
54 129
54 130
54 131
54 132
54 133
54 134
54 135
54 137
54 138
54 139
54 141
54 142
54 145
54 146
54 147
54 148
54 150
54 151
54 152
54 154
54 155
54 157
54 158
54 159
54 161
55 56
55 57
55 58
55 63
55 64
55 67
55 69
55 70
55 71
55 72
55 73
55 74
55 77
55 79
55 80
55 81
55 84
55 86
55 92
55 93
55 94
55 97
55 99
55 101
55 104
55 105
55 106
55 108
55 111
55 113
55 114
55 115
55 116
55 117
55 118
55 125
55 130
55 131
55 132
55 133
55 134
55 137
55 141
55 142
55 145
55 146
55 147
55 152
55 153
55 154
55 155
55 157
55 158
55 159
55 160
56 57
56 59
56 60
56 61
56 62
56 63
56 65
56 66
56 67
56 68
56 69
56 70
56 71
56 72
56 73
56 74
56 75
56 76
56 77
56 79
56 80
56 81
56 83
56 84
56 85
56 87
56 89
56 90
56 92
56 94
56 95
56 96
56 97
56 99
56 100
56 101
56 102
56 103
56 105
56 106
56 107
56 108
56 109
56 111
56 112
56 113
56 114
56 115
56 116
56 117
56 118
56 119
56 122
56 126
56 127
56 128
56 130
56 131
56 132
56 133
56 134
56 135
56 137
56 138
56 139
56 140
56 141
56 142
56 144
56 145
56 146
56 148
56 149
56 150
56 151
56 152
56 153
56 154
56 157
56 158
56 159
56 160
56 161
57 58
57 61
57 63
57 64
57 65
57 66
57 71
57 72
57 73
57 80
57 82
57 84
57 86
57 88
57 93
57 102
57 107
57 109
57 113
57 114
57 115
57 117
57 119
57 122
57 124
57 135
57 138
57 142
57 151
57 152
57 158
58 63
58 64
58 65
58 66
58 67
58 68
58 70
58 71
58 73
58 74
58 75
58 76
58 77
58 80
58 84
58 85
58 86
58 87
58 88
58 92
58 93
58 97
58 98
58 100
58 101
58 102
58 103
58 105
58 106
58 107
58 109
58 110
58 111
58 112
58 114
58 116
58 117
58 118
58 127
58 131
58 133
58 135
58 138
58 139
58 140
58 141
58 142
58 143
58 145
58 146
58 149
58 151
58 152
58 157
58 158
58 159
58 161
59 61
59 63
59 64
59 65
59 67
59 69
59 70
59 71
59 72
59 73
59 76
59 77
59 78
59 80
59 91
59 94
59 95
59 97
59 98
59 101
59 102
59 103
59 105
59 108
59 111
59 113
59 114
59 115
59 116
59 117
59 118
59 124
59 126
59 127
59 130
59 134
59 137
59 138
59 139
59 142
59 143
59 152
59 154
59 157
59 158
59 159
60 61
60 64
60 67
60 68
60 70
60 71
60 72
60 79
60 86
60 89
60 95
60 105
60 106
60 112
60 113
60 114
60 115
60 127
60 128
60 129
60 130
60 131
60 133
60 135
60 137
60 141
60 145
60 147
60 159
61 62
61 63
61 64
61 65
61 66
61 68
61 69
61 71
61 72
61 73
61 74
61 79
61 80
61 84
61 86
61 89
61 91
61 94
61 96
61 97
61 99
61 100
61 106
61 108
61 109
61 110
61 112
61 113
61 114
61 115
61 116
61 118
61 125
61 129
61 131
61 133
61 136
61 138
61 142
61 143
61 148
61 150
61 152
61 153
61 154
61 157
61 161
62 63
62 67
62 69
62 72
62 75
62 77
62 79
62 82
62 83
62 89
62 94
62 102
62 103
62 104
62 105
62 106
62 108
62 109
62 112
62 113
62 115
62 118
62 125
62 126
62 129
62 131
62 133
62 134
62 138
62 143
62 145
62 146
62 150
62 151
62 152
62 153
62 158
63 64
63 67
63 68
63 70
63 72
63 76
63 77
63 79
63 80
63 81
63 82
63 84
63 86
63 87
63 88
63 90
63 91
63 92
63 93
63 94
63 95
63 97
63 100
63 101
63 102
63 105
63 106
63 109
63 112
63 114
63 116
63 117
63 118
63 121
63 124
63 126
63 128
63 129
63 132
63 133
63 136
63 137
63 138
63 141
63 145
63 147
63 150
63 151
63 153
63 154
63 155
63 156
63 158
63 159
63 160
64 65
64 66
64 67
64 68
64 69
64 70
64 71
64 72
64 73
64 74
64 75
64 76
64 77
64 79
64 80
64 81
64 86
64 88
64 89
64 92
64 93
64 94
64 96
64 97
64 99
64 100
64 101
64 102
64 105
64 106
64 107
64 108
64 109
64 110
64 111
64 113
64 114
64 115
64 117
64 118
64 122
64 125
64 126
64 127
64 128
64 129
64 130
64 131
64 132
64 134
64 137
64 138
64 139
64 141
64 143
64 145
64 146
64 147
64 149
64 150
64 151
64 152
64 153
64 154
64 155
64 156
64 158
64 159
65 67
65 68
65 69
65 70
65 72
65 73
65 74
65 75
65 76
65 77
65 79
65 80
65 83
65 84
65 86
65 88
65 90
65 91
65 93
65 94
65 97
65 98
65 99
65 100
65 101
65 102
65 103
65 104
65 105
65 106
65 107
65 108
65 109
65 110
65 111
65 113
65 114
65 115
65 116
65 118
65 119
65 126
65 127
65 129
65 130
65 131
65 132
65 134
65 135
65 136
65 137
65 138
65 140
65 142
65 143
65 145
65 146
65 147
65 150
65 151
65 153
65 154
65 158
65 159
65 161
66 67
66 68
66 69
66 70
66 71
66 72
66 75
66 76
66 77
66 79
66 84
66 87
66 88
66 89
66 90
66 91
66 92
66 94
66 95
66 97
66 98
66 99
66 101
66 104
66 107
66 108
66 109
66 111
66 112
66 114
66 115
66 116
66 118
66 122
66 123
66 124
66 125
66 126
66 128
66 129
66 130
66 131
66 133
66 134
66 136
66 138
66 139
66 141
66 142
66 146
66 147
66 148
66 149
66 150
66 151
66 152
66 153
66 154
66 157
66 158
66 159
66 161
67 68
67 69
67 70
67 71
67 72
67 73
67 74
67 75
67 77
67 78
67 79
67 80
67 82
67 84
67 85
67 87
67 88
67 89
67 90
67 92
67 93
67 94
67 95
67 97
67 98
67 99
67 100
67 101
67 102
67 103
67 104
67 105
67 106
67 108
67 109
67 110
67 112
67 113
67 114
67 115
67 116
67 117
67 118
67 120
67 124
67 125
67 126
67 127
67 128
67 129
67 130
67 131
67 133
67 134
67 135
67 136
67 138
67 139
67 141
67 142
67 143
67 144
67 147
67 148
67 149
67 150
67 152
67 153
67 154
67 155
67 156
67 157
67 158
67 159
67 160
67 161
68 69
68 70
68 71
68 72
68 73
68 74
68 75
68 76
68 77
68 78
68 79
68 80
68 81
68 82
68 83
68 84
68 85
68 86
68 87
68 89
68 90
68 92
68 93
68 94
68 95
68 97
68 98
68 99
68 101
68 102
68 103
68 106
68 107
68 108
68 109
68 110
68 111
68 113
68 114
68 115
68 116
68 117
68 119
68 121
68 122
68 124
68 125
68 126
68 127
68 129
68 130
68 131
68 133
68 134
68 135
68 137
68 138
68 140
68 141
68 142
68 145
68 146
68 147
68 149
68 150
68 151
68 152
68 153
68 154
68 156
68 157
68 158
68 159
68 160
68 161
69 70
69 71
69 74
69 75
69 76
69 77
69 79
69 80
69 84
69 89
69 90
69 91
69 93
69 94
69 95
69 97
69 99
69 101
69 102
69 103
69 104
69 105
69 106
69 107
69 108
69 109
69 112
69 113
69 114
69 115
69 116
69 117
69 118
69 119
69 120
69 124
69 126
69 129
69 130
69 131
69 133
69 135
69 136
69 137
69 138
69 142
69 146
69 147
69 149
69 150
69 151
69 152
69 153
69 154
69 155
69 159
69 160
69 161
70 72
70 73
70 74
70 76
70 77
70 79
70 81
70 83
70 84
70 87
70 88
70 89
70 90
70 91
70 92
70 93
70 94
70 95
70 96
70 97
70 99
70 101
70 102
70 104
70 105
70 106
70 107
70 108
70 109
70 110
70 112
70 113
70 114
70 115
70 116
70 117
70 118
70 119
70 120
70 122
70 124
70 125
70 126
70 127
70 128
70 129
70 130
70 131
70 132
70 133
70 134
70 135
70 136
70 138
70 139
70 140
70 141
70 142
70 143
70 145
70 147
70 148
70 150
70 151
70 152
70 153
70 154
70 155
70 157
70 158
70 160
70 161
71 73
71 74
71 75
71 79
71 80
71 83
71 84
71 87
71 90
71 91
71 92
71 94
71 95
71 97
71 100
71 101
71 102
71 103
71 104
71 105
71 106
71 107
71 109
71 110
71 111
71 112
71 113
71 114
71 115
71 118
71 119
71 120
71 123
71 125
71 126
71 127
71 129
71 133
71 134
71 135
71 136
71 137
71 138
71 139
71 140
71 141
71 142
71 143
71 146
71 147
71 148
71 149
71 150
71 151
71 152
71 153
71 154
71 155
71 157
71 158
71 160
71 161
72 73
72 75
72 76
72 77
72 79
72 80
72 84
72 86
72 88
72 89
72 92
72 93
72 94
72 95
72 96
72 98
72 99
72 100
72 101
72 102
72 104
72 106
72 107
72 108
72 109
72 110
72 111
72 113
72 114
72 115
72 116
72 117
72 118
72 119
72 120
72 121
72 122
72 124
72 125
72 127
72 129
72 130
72 131
72 133
72 134
72 135
72 137
72 138
72 139
72 140
72 141
72 142
72 145
72 146
72 147
72 149
72 150
72 151
72 152
72 153
72 154
72 155
72 157
72 158
73 74
73 75
73 77
73 79
73 83
73 84
73 87
73 89
73 91
73 92
73 94
73 95
73 97
73 98
73 99
73 100
73 102
73 103
73 104
73 105
73 106
73 110
73 113
73 114
73 115
73 116
73 117
73 118
73 119
73 126
73 128
73 129
73 133
73 134
73 136
73 137
73 138
73 139
73 142
73 146
73 147
73 148
73 149
73 150
73 152
73 153
73 154
73 156
73 157
73 158
73 161
74 75
74 76
74 78
74 79
74 81
74 83
74 85
74 86
74 87
74 89
74 90
74 91
74 94
74 95
74 96
74 97
74 99
74 100
74 101
74 102
74 103
74 104
74 105
74 106
74 108
74 109
74 110
74 112
74 113
74 114
74 115
74 117
74 118
74 122
74 123
74 124
74 126
74 127
74 128
74 129
74 130
74 131
74 132
74 133
74 134
74 135
74 137
74 138
74 139
74 141
74 142
74 143
74 144
74 145
74 146
74 147
74 148
74 149
74 150
74 151
74 152
74 153
74 154
74 155
74 157
74 158
74 159
74 160
74 161
75 76
75 79
75 80
75 82
75 83
75 88
75 89
75 90
75 91
75 97
75 98
75 102
75 104
75 105
75 106
75 107
75 108
75 109
75 110
75 111
75 112
75 113
75 114
75 117
75 118
75 119
75 120
75 125
75 126
75 128
75 129
75 130
75 131
75 135
75 137
75 138
75 139
75 142
75 145
75 150
75 152
75 153
75 154
75 157
75 158
75 160
75 161
76 77
76 92
76 93
76 94
76 97
76 99
76 101
76 103
76 104
76 105
76 106
76 109
76 111
76 112
76 113
76 114
76 115
76 116
76 117
76 120
76 127
76 128
76 131
76 132
76 136
76 137
76 138
76 142
76 145
76 147
76 150
76 151
76 152
76 154
76 158
76 161
77 79
77 84
77 86
77 87
77 88
77 91
77 94
77 98
77 99
77 100
77 101
77 102
77 103
77 104
77 106
77 107
77 108
77 109
77 110
77 111
77 112
77 113
77 118
77 122
77 123
77 125
77 127
77 129
77 131
77 133
77 136
77 137
77 138
77 139
77 140
77 141
77 142
77 143
77 144
77 145
77 147
77 148
77 149
77 150
77 152
77 153
77 154
77 156
77 157
77 158
77 161
78 80
78 84
78 88
78 105
78 108
78 109
78 115
78 118
78 125
78 126
78 143
78 149
78 151
78 158
79 80
79 83
79 84
79 87
79 88
79 90
79 91
79 92
79 93
79 94
79 95
79 97
79 100
79 101
79 103
79 104
79 105
79 106
79 107
79 108
79 109
79 111
79 112
79 113
79 115
79 117
79 118
79 123
79 125
79 126
79 127
79 130
79 131
79 133
79 134
79 135
79 136
79 137
79 138
79 139
79 141
79 142
79 143
79 144
79 145
79 146
79 148
79 149
79 150
79 151
79 152
79 154
79 155
79 157
79 158
79 159
79 160
79 161
80 87
80 88
80 90
80 91
80 92
80 94
80 100
80 101
80 102
80 104
80 106
80 108
80 109
80 110
80 111
80 112
80 118
80 120
80 122
80 128
80 129
80 130
80 131
80 132
80 133
80 134
80 137
80 138
80 139
80 140
80 142
80 143
80 151
80 152
80 154
80 155
80 157
80 158
80 159
81 82
81 83
81 84
81 88
81 93
81 101
81 105
81 106
81 108
81 110
81 111
81 114
81 115
81 125
81 129
81 130
81 131
81 135
81 138
81 139
81 141
81 146
81 147
81 157
82 83
82 85
82 87
82 102
82 103
82 106
82 108
82 109
82 112
82 115
82 116
82 117
82 118
82 119
82 126
82 130
82 134
82 136
82 137
82 139
82 142
82 150
82 151
82 152
82 154
82 157
82 161
83 85
83 88
83 90
83 93
83 95
83 96
83 97
83 100
83 103
83 106
83 108
83 113
83 115
83 117
83 118
83 119
83 120
83 121
83 125
83 128
83 129
83 133
83 137
83 138
83 139
83 142
83 145
83 147
83 150
83 151
83 152
83 153
83 154
83 157
84 85
84 86
84 88
84 89
84 90
84 91
84 92
84 94
84 96
84 97
84 98
84 100
84 101
84 102
84 104
84 105
84 106
84 109
84 110
84 111
84 114
84 115
84 118
84 125
84 127
84 128
84 132
84 133
84 134
84 135
84 138
84 139
84 140
84 141
84 142
84 146
84 149
84 150
84 151
84 152
84 153
84 154
84 155
84 156
84 157
84 158
84 160
84 161
85 94
85 97
85 101
85 102
85 104
85 108
85 115
85 128
85 130
85 131
85 134
85 135
85 138
85 141
85 142
85 145
85 146
85 150
85 151
85 152
85 155
85 157
85 158
85 159
86 88
86 89
86 92
86 100
86 101
86 102
86 103
86 105
86 106
86 108
86 110
86 111
86 114
86 115
86 116
86 117
86 118
86 122
86 125
86 126
86 128
86 129
86 130
86 133
86 134
86 137
86 138
86 142
86 148
86 151
86 157
86 158
86 159
86 160
87 88
87 89
87 91
87 92
87 94
87 97
87 98
87 99
87 100
87 101
87 102
87 103
87 104
87 105
87 106
87 108
87 109
87 112
87 113
87 114
87 116
87 117
87 118
87 119
87 125
87 126
87 127
87 128
87 129
87 130
87 131
87 133
87 134
87 136
87 137
87 138
87 139
87 140
87 141
87 143
87 145
87 147
87 150
87 151
87 152
87 153
87 155
87 157
87 158
87 159
87 161
88 89
88 94
88 97
88 101
88 102
88 103
88 106
88 107
88 108
88 109
88 112
88 113
88 115
88 116
88 117
88 122
88 125
88 126
88 129
88 130
88 131
88 133
88 134
88 135
88 136
88 137
88 149
88 150
88 152
88 153
88 154
88 155
88 157
88 158
88 160
89 90
89 92
89 93
89 94
89 95
89 97
89 98
89 99
89 100
89 101
89 102
89 103
89 105
89 106
89 108
89 109
89 112
89 113
89 114
89 115
89 116
89 117
89 118
89 119
89 121
89 125
89 126
89 129
89 130
89 131
89 133
89 134
89 135
89 137
89 138
89 139
89 140
89 141
89 142
89 143
89 144
89 145
89 146
89 147
89 148
89 149
89 150
89 152
89 153
89 154
89 155
89 156
89 157
89 158
89 159
89 160
89 161
90 94
90 97
90 101
90 105
90 106
90 108
90 110
90 113
90 117
90 118
90 125
90 129
90 130
90 131
90 133
90 142
90 151
91 93
91 94
91 95
91 98
91 101
91 108
91 109
91 111
91 115
91 116
91 117
91 118
91 125
91 126
91 127
91 130
91 131
91 134
91 137
91 138
91 142
91 146
91 147
91 148
91 149
91 150
91 151
91 152
91 153
91 154
91 157
91 159
91 161
92 94
92 99
92 106
92 107
92 108
92 109
92 110
92 111
92 113
92 114
92 117
92 118
92 129
92 130
92 131
92 132
92 133
92 134
92 138
92 141
92 142
92 143
92 145
92 146
92 147
92 150
92 152
92 153
92 157
92 160
92 161
93 96
93 97
93 98
93 101
93 102
93 104
93 105
93 108
93 109
93 110
93 111
93 112
93 113
93 114
93 115
93 116
93 117
93 118
93 125
93 126
93 129
93 131
93 133
93 134
93 135
93 137
93 138
93 140
93 142
93 146
93 148
93 149
93 150
93 153
93 154
93 156
93 157
93 158
94 95
94 97
94 100
94 101
94 102
94 103
94 105
94 106
94 108
94 109
94 111
94 112
94 113
94 114
94 115
94 116
94 117
94 118
94 119
94 125
94 126
94 129
94 134
94 135
94 137
94 138
94 139
94 141
94 142
94 143
94 145
94 146
94 147
94 149
94 150
94 152
94 153
94 154
94 156
94 157
94 159
94 160
94 161
95 97
95 101
95 102
95 103
95 105
95 108
95 109
95 111
95 113
95 115
95 118
95 120
95 125
95 129
95 133
95 134
95 136
95 137
95 138
95 141
95 145
95 147
95 150
95 151
95 152
95 156
96 99
96 101
96 102
96 106
96 107
96 109
96 110
96 111
96 112
96 113
96 115
96 118
96 121
96 128
96 129
96 131
96 133
96 138
96 139
96 140
96 145
96 147
96 154
96 157
97 98
97 99
97 100
97 101
97 102
97 103
97 105
97 106
97 108
97 112
97 114
97 117
97 118
97 121
97 122
97 123
97 126
97 128
97 131
97 133
97 134
97 135
97 136
97 137
97 138
97 139
97 141
97 142
97 143
97 145
97 147
97 149
97 151
97 152
97 153
97 154
97 155
97 158
97 159
97 160
97 161
98 99
98 100
98 101
98 102
98 103
98 105
98 108
98 111
98 112
98 114
98 115
98 117
98 118
98 126
98 129
98 134
98 137
98 138
98 143
98 146
98 147
98 148
98 150
98 153
98 156
98 158
98 159
99 100
99 102
99 105
99 106
99 107
99 108
99 109
99 110
99 111
99 112
99 113
99 114
99 117
99 118
99 127
99 129
99 131
99 133
99 134
99 137
99 142
99 144
99 147
99 148
99 149
99 150
99 154
99 158
99 160
100 101
100 104
100 105
100 106
100 107
100 109
100 111
100 112
100 113
100 115
100 118
100 126
100 128
100 129
100 130
100 131
100 133
100 134
100 137
100 138
100 140
100 142
100 145
100 146
100 147
100 151
100 152
100 157
100 159
100 160
100 161
101 103
101 104
101 106
101 107
101 108
101 109
101 112
101 113
101 114
101 115
101 117
101 118
101 119
101 124
101 125
101 126
101 128
101 129
101 130
101 131
101 133
101 134
101 135
101 136
101 138
101 139
101 140
101 143
101 144
101 145
101 147
101 150
101 151
101 152
101 153
101 154
101 155
101 157
101 158
101 159
101 160
101 161
102 104
102 105
102 106
102 108
102 109
102 111
102 112
102 113
102 114
102 115
102 116
102 118
102 119
102 122
102 123
102 125
102 126
102 127
102 131
102 133
102 134
102 136
102 137
102 138
102 139
102 141
102 142
102 146
102 148
102 149
102 151
102 152
102 154
102 156
102 157
102 158
102 159
102 160
103 104
103 105
103 106
103 108
103 110
103 111
103 112
103 113
103 114
103 115
103 116
103 117
103 121
103 125
103 130
103 131
103 134
103 135
103 137
103 138
103 142
103 144
103 147
103 151
103 152
103 154
103 157
103 158
103 160
103 161
104 109
104 113
104 115
104 116
104 118
104 123
104 125
104 129
104 133
104 136
104 137
104 138
104 142
104 146
104 147
104 148
104 151
104 152
104 156
104 157
104 158
105 106
105 108
105 109
105 111
105 112
105 113
105 114
105 115
105 116
105 117
105 118
105 125
105 126
105 129
105 133
105 134
105 136
105 137
105 138
105 140
105 141
105 142
105 143
105 145
105 149
105 150
105 151
105 152
105 153
105 154
105 158
105 160
105 161
106 107
106 108
106 110
106 111
106 112
106 114
106 115
106 116
106 117
106 123
106 125
106 126
106 129
106 130
106 131
106 132
106 133
106 134
106 136
106 137
106 138
106 139
106 141
106 143
106 144
106 145
106 146
106 147
106 150
106 151
106 152
106 153
106 154
106 156
106 157
106 158
106 160
106 161
107 108
107 111
107 114
107 116
107 119
107 120
107 125
107 129
107 131
107 133
107 134
107 135
107 137
107 138
107 139
107 142
107 147
107 150
107 152
107 153
107 154
107 158
107 160
108 109
108 110
108 112
108 113
108 114
108 115
108 117
108 118
108 119
108 123
108 125
108 126
108 127
108 128
108 129
108 131
108 133
108 134
108 136
108 137
108 138
108 139
108 142
108 143
108 146
108 149
108 151
108 152
108 153
108 155
108 157
108 158
108 159
108 160
109 111
109 112
109 114
109 115
109 116
109 117
109 124
109 125
109 126
109 130
109 131
109 133
109 134
109 135
109 139
109 141
109 142
109 144
109 146
109 147
109 151
109 152
109 154
109 158
109 159
109 161
110 111
110 112
110 114
110 115
110 122
110 125
110 127
110 129
110 130
110 131
110 134
110 135
110 137
110 142
110 145
110 147
110 149
110 153
110 157
110 158
110 159
111 114
111 115
111 116
111 117
111 118
111 120
111 129
111 130
111 131
111 133
111 134
111 137
111 138
111 139
111 140
111 141
111 142
111 151
111 152
111 154
111 157
111 158
111 159
112 113
112 115
112 116
112 118
112 119
112 121
112 126
112 128
112 129
112 130
112 133
112 134
112 137
112 138
112 139
112 141
112 145
112 146
112 150
112 152
112 153
112 157
112 158
112 160
112 161
113 114
113 115
113 116
113 117
113 118
113 122
113 126
113 129
113 130
113 131
113 134
113 135
113 138
113 140
113 141
113 142
113 150
113 151
113 152
113 153
113 154
113 155
113 158
113 161
114 115
114 117
114 118
114 119
114 122
114 124
114 129
114 130
114 131
114 133
114 134
114 135
114 136
114 137
114 139
114 140
114 141
114 142
114 143
114 144
114 145
114 147
114 148
114 149
114 151
114 152
114 154
114 155
114 157
114 158
114 159
114 160
114 161
115 117
115 119
115 121
115 122
115 124
115 125
115 126
115 128
115 129
115 131
115 132
115 133
115 134
115 135
115 136
115 137
115 138
115 139
115 140
115 142
115 146
115 147
115 149
115 150
115 151
115 152
115 154
115 155
115 156
115 157
115 158
115 161
116 118
116 123
116 125
116 126
116 127
116 129
116 130
116 134
116 136
116 137
116 138
116 140
116 141
116 142
116 146
116 147
116 150
116 151
116 152
116 153
116 154
117 118
117 124
117 126
117 129
117 130
117 131
117 133
117 134
117 135
117 136
117 138
117 139
117 140
117 141
117 142
117 145
117 147
117 150
117 151
117 152
117 153
117 154
117 155
117 156
117 157
117 158
117 159
117 160
117 161
118 119
118 121
118 122
118 126
118 128
118 129
118 130
118 131
118 132
118 133
118 134
118 136
118 137
118 138
118 139
118 141
118 142
118 143
118 145
118 146
118 147
118 148
118 149
118 151
118 152
118 153
118 154
118 155
118 156
118 157
118 158
118 161
119 125
119 129
119 137
119 139
119 142
119 147
119 151
119 152
119 154
119 157
119 159
119 161
120 129
120 131
120 133
120 153
120 158
121 133
121 136
121 137
121 138
121 139
121 142
121 145
121 146
121 153
121 158
122 129
122 131
122 133
122 137
122 138
122 142
122 146
122 152
122 154
122 158
123 129
123 133
123 136
123 142
123 152
123 154
123 160
124 130
124 131
124 138
124 142
124 149
124 151
124 152
124 157
125 126
125 128
125 130
125 131
125 133
125 134
125 137
125 138
125 139
125 140
125 141
125 142
125 143
125 145
125 147
125 149
125 151
125 152
125 154
125 155
125 156
125 157
125 158
125 159
125 160
126 127
126 129
126 133
126 135
126 137
126 138
126 141
126 143
126 144
126 147
126 149
126 150
126 152
126 153
126 154
126 155
126 157
126 161
127 129
127 130
127 131
127 133
127 135
127 137
127 138
127 139
127 140
127 142
127 143
127 147
127 149
127 152
127 154
127 158
127 160
128 129
128 130
128 133
128 137
128 138
128 141
128 146
128 147
128 150
128 151
128 153
128 157
128 160
128 161
129 130
129 131
129 132
129 133
129 134
129 135
129 137
129 138
129 139
129 140
129 141
129 142
129 145
129 146
129 147
129 149
129 150
129 151
129 152
129 153
129 154
129 156
129 157
129 158
129 159
129 160
129 161
130 131
130 134
130 136
130 138
130 141
130 142
130 146
130 147
130 148
130 149
130 152
130 153
130 154
130 156
130 158
130 161
131 133
131 134
131 136
131 137
131 138
131 139
131 140
131 141
131 142
131 143
131 144
131 146
131 148
131 150
131 151
131 152
131 153
131 154
131 155
131 156
131 158
131 159
131 160
131 161
132 138
132 139
132 142
132 143
132 152
132 153
132 154
132 157
132 159
133 134
133 136
133 137
133 138
133 139
133 140
133 141
133 142
133 143
133 146
133 147
133 148
133 149
133 150
133 151
133 152
133 153
133 154
133 155
133 157
133 158
133 159
133 160
133 161
134 135
134 136
134 137
134 138
134 139
134 141
134 142
134 143
134 145
134 146
134 147
134 149
134 150
134 151
134 152
134 153
134 154
134 158
134 159
134 160
134 161
135 138
135 140
135 141
135 142
135 145
135 146
135 150
135 152
135 153
135 155
135 157
135 160
135 161
136 137
136 138
136 139
136 142
136 145
136 147
136 149
136 150
136 152
136 154
136 157
136 161
137 138
137 139
137 140
137 142
137 143
137 145
137 146
137 147
137 148
137 149
137 150
137 151
137 152
137 153
137 154
137 156
137 157
137 158
138 142
138 143
138 145
138 146
138 147
138 148
138 149
138 150
138 151
138 152
138 153
138 154
138 155
138 158
138 159
138 160
138 161
139 141
139 142
139 143
139 145
139 146
139 147
139 149
139 150
139 151
139 152
139 153
139 154
139 158
139 159
139 160
139 161
140 141
140 145
140 146
140 147
140 149
140 154
140 158
141 142
141 143
141 146
141 150
141 151
141 153
141 157
141 158
141 161
142 145
142 147
142 148
142 149
142 151
142 152
142 153
142 157
142 158
142 159
142 160
142 161
143 146
143 150
143 151
143 154
143 155
143 157
143 158
143 159
143 160
143 161
144 146
144 158
145 146
145 151
145 152
146 147
146 148
146 150
146 151
146 154
146 155
146 157
146 158
146 159
146 161
147 148
147 150
147 151
147 152
147 153
147 154
147 155
147 156
147 158
147 159
147 160
147 161
148 150
148 157
148 158
148 161
149 150
149 154
149 155
149 157
149 158
149 161
150 151
150 152
150 154
150 157
150 158
150 161
151 153
151 154
151 155
151 157
151 158
151 160
151 161
152 153
152 156
152 158
152 159
152 160
152 161
153 154
153 155
153 157
153 158
153 159
153 160
153 161
154 155
154 156
154 157
154 158
154 159
154 160
154 161
155 157
157 158
159 161
