0 4
0 7
0 10
0 11
0 12
0 13
0 14
0 19
0 21
0 23
0 24
0 25
0 30
0 32
0 38
0 39
0 40
0 47
0 49
0 51
0 52
0 54
0 55
0 56
0 58
0 61
0 63
0 64
0 65
0 66
0 67
0 68
0 69
0 71
0 72
0 73
0 74
0 79
0 82
0 83
0 89
0 91
0 93
0 94
0 96
0 100
0 102
0 106
0 109
0 111
0 112
0 113
0 114
0 115
0 117
0 118
0 127
0 129
0 130
0 131
0 133
0 134
0 137
0 139
0 140
0 145
0 147
0 149
0 150
0 151
0 153
0 155
0 161
1 3
1 4
1 5
1 6
1 7
1 9
1 11
1 14
1 18
1 19
1 21
1 24
1 26
1 28
1 30
1 31
1 32
1 33
1 35
1 36
1 37
1 38
1 39
1 40
1 43
1 44
1 45
1 46
1 49
1 50
1 51
1 52
1 54
1 55
1 56
1 58
1 61
1 63
1 64
1 65
1 66
1 67
1 68
1 69
1 70
1 71
1 72
1 73
1 75
1 77
1 79
1 80
1 84
1 89
1 91
1 93
1 99
1 100
1 101
1 102
1 104
1 105
1 106
1 108
1 109
1 111
1 113
1 115
1 117
1 118
1 121
1 125
1 126
1 129
1 131
1 133
1 136
1 137
1 138
1 141
1 142
1 147
1 150
1 152
1 153
1 154
1 155
1 157
1 158
1 159
2 3
2 6
2 7
2 10
2 11
2 14
2 17
2 18
2 19
2 21
2 26
2 30
2 37
2 38
2 44
2 45
2 49
2 52
2 56
2 57
2 63
2 65
2 66
2 67
2 69
2 70
2 72
2 73
2 74
2 85
2 89
2 94
2 101
2 102
2 103
2 109
2 112
2 113
2 114
2 128
2 129
2 131
2 134
2 135
2 138
2 146
2 147
2 149
2 150
2 152
2 154
2 158
3 4
3 6
3 7
3 9
3 10
3 11
3 14
3 17
3 18
3 19
3 21
3 24
3 26
3 32
3 36
3 37
3 38
3 40
3 42
3 44
3 45
3 49
3 51
3 53
3 54
3 55
3 56
3 57
3 63
3 64
3 65
3 66
3 67
3 70
3 72
3 79
3 80
3 89
3 95
3 101
3 102
3 103
3 105
3 106
3 108
3 109
3 110
3 111
3 113
3 117
3 118
3 125
3 128
3 129
3 133
3 134
3 136
3 137
3 138
3 139
3 142
3 146
3 147
3 149
3 150
3 152
3 153
3 154
3 155
3 157
3 158
4 5
4 6
4 8
4 9
4 10
4 11
4 13
4 14
4 15
4 17
4 18
4 19
4 20
4 21
4 22
4 23
4 24
4 28
4 30
4 32
4 33
4 35
4 37
4 38
4 39
4 40
4 41
4 43
4 45
4 48
4 49
4 50
4 51
4 53
4 54
4 55
4 56
4 57
4 59
4 61
4 62
4 63
4 64
4 65
4 66
4 67
4 68
4 69
4 70
4 71
4 72
4 73
4 74
4 75
4 76
4 77
4 79
4 80
4 82
4 84
4 85
4 86
4 87
4 88
4 89
4 92
4 93
4 94
4 97
4 99
4 100
4 101
4 103
4 105
4 106
4 107
4 108
4 110
4 112
4 113
4 114
4 115
4 116
4 117
4 118
4 120
4 124
4 125
4 126
4 128
4 129
4 130
4 131
4 133
4 134
4 135
4 136
4 137
4 138
4 139
4 140
4 141
4 142
4 143
4 145
4 146
4 149
4 150
4 151
4 152
4 153
4 154
4 155
4 157
4 158
4 161
5 6
5 7
5 10
5 18
5 19
5 20
5 21
5 24
5 26
5 29
5 31
5 35
5 39
5 40
5 44
5 45
5 46
5 51
5 52
5 54
5 56
5 58
5 59
5 63
5 64
5 67
5 68
5 69
5 70
5 71
5 72
5 75
5 76
5 77
5 79
5 86
5 87
5 89
5 92
5 93
5 95
5 97
5 99
5 101
5 102
5 103
5 106
5 112
5 113
5 125
5 126
5 127
5 129
5 131
5 133
5 137
5 139
5 140
5 142
5 149
5 150
5 152
5 153
5 154
5 158
6 7
6 8
6 9
6 10
6 11
6 13
6 15
6 18
6 19
6 20
6 21
6 22
6 24
6 25
6 26
6 27
6 28
6 30
6 31
6 32
6 33
6 34
6 35
6 36
6 37
6 40
6 41
6 42
6 43
6 44
6 45
6 46
6 47
6 48
6 49
6 50
6 51
6 53
6 54
6 55
6 56
6 58
6 60
6 61
6 62
6 64
6 65
6 66
6 67
6 68
6 69
6 70
6 72
6 73
6 74
6 75
6 76
6 77
6 79
6 80
6 82
6 84
6 86
6 87
6 88
6 89
6 90
6 91
6 92
6 93
6 94
6 96
6 97
6 98
6 99
6 100
6 101
6 102
6 103
6 104
6 105
6 106
6 107
6 108
6 109
6 111
6 112
6 113
6 114
6 115
6 116
6 117
6 118
6 119
6 123
6 124
6 125
6 126
6 128
6 129
6 131
6 133
6 134
6 135
6 136
6 137
6 138
6 139
6 141
6 142
6 143
6 145
6 146
6 147
6 149
6 152
6 153
6 154
6 155
6 156
6 157
6 158
6 160
6 161
7 9
7 10
7 11
7 12
7 13
7 16
7 19
7 22
7 23
7 25
7 26
7 28
7 29
7 30
7 31
7 32
7 33
7 34
7 35
7 37
7 38
7 39
7 40
7 41
7 42
7 43
7 44
7 45
7 46
7 48
7 49
7 50
7 51
7 52
7 53
7 54
7 55
7 56
7 57
7 58
7 59
7 60
7 61
7 63
7 64
7 65
7 66
7 67
7 68
7 69
7 70
7 71
7 72
7 73
7 74
7 75
7 76
7 77
7 79
7 80
7 81
7 82
7 84
7 85
7 87
7 88
7 89
7 91
7 92
7 94
7 95
7 96
7 97
7 98
7 101
7 102
7 104
7 105
7 106
7 107
7 108
7 110
7 111
7 112
7 113
7 114
7 115
7 116
7 117
7 118
7 119
7 120
7 121
7 125
7 127
7 128
7 129
7 130
7 131
7 133
7 134
7 137
7 138
7 139
7 141
7 142
7 143
7 145
7 146
7 147
7 148
7 149
7 150
7 151
7 152
7 153
7 154
7 155
7 157
7 158
7 159
7 160
7 161
8 10
8 11
8 18
8 31
8 35
8 37
8 38
8 40
8 44
8 45
8 46
8 51
8 54
8 55
8 58
8 63
8 67
8 68
8 69
8 70
8 74
8 75
8 79
8 80
8 84
8 86
8 87
8 89
8 92
8 93
8 94
8 96
8 97
8 99
8 101
8 102
8 103
8 105
8 106
8 107
8 108
8 109
8 112
8 114
8 118
8 120
8 125
8 129
8 131
8 133
8 134
8 135
8 137
8 138
8 139
8 142
8 147
8 149
8 154
8 157
8 158
8 161
9 10
9 11
9 12
9 14
9 17
9 19
9 21
9 25
9 26
9 32
9 34
9 35
9 37
9 42
9 44
9 45
9 46
9 47
9 48
9 49
9 54
9 56
9 58
9 61
9 63
9 64
9 65
9 66
9 67
9 68
9 69
9 70
9 71
9 72
9 74
9 77
9 79
9 83
9 84
9 85
9 91
9 93
9 94
9 97
9 99
9 100
9 101
9 102
9 105
9 106
9 107
9 108
9 113
9 114
9 115
9 116
9 117
9 121
9 126
9 129
9 131
9 133
9 134
9 135
9 136
9 137
9 138
9 139
9 141
9 142
9 143
9 146
9 147
9 148
9 150
9 151
9 152
9 154
9 155
9 157
9 158
9 160
10 11
10 13
10 14
10 15
10 17
10 18
10 20
10 21
10 24
10 25
10 26
10 30
10 31
10 32
10 34
10 35
10 39
10 40
10 41
10 43
10 44
10 45
10 49
10 51
10 53
10 54
10 55
10 56
10 58
10 61
10 63
10 64
10 65
10 68
10 69
10 70
10 71
10 73
10 74
10 75
10 77
10 79
10 80
10 81
10 85
10 86
10 87
10 88
10 89
10 90
10 92
10 94
10 97
10 98
10 101
10 102
10 105
10 108
10 109
10 112
10 113
10 114
10 115
10 118
10 129
10 130
10 131
10 133
10 134
10 137
10 139
10 141
10 142
10 145
10 149
10 150
10 151
10 153
10 157
10 158
10 159
11 12
11 14
11 15
11 16
11 17
11 18
11 19
11 21
11 22
11 24
11 25
11 26
11 29
11 30
11 31
11 33
11 35
11 36
11 38
11 40
11 42
11 43
11 44
11 46
11 47
11 49
11 51
11 54
11 55
11 56
11 58
11 63
11 64
11 65
11 66
11 68
11 69
11 70
11 71
11 72
11 74
11 76
11 77
11 78
11 81
11 82
11 83
11 84
11 86
11 87
11 88
11 89
11 92
11 93
11 94
11 95
11 97
11 98
11 99
11 101
11 102
11 103
11 105
11 106
11 108
11 109
11 113
11 114
11 115
11 117
11 118
11 119
11 120
11 121
11 122
11 125
11 128
11 129
11 132
11 133
11 134
11 136
11 137
11 138
11 139
11 140
11 141
11 142
11 146
11 147
11 149
11 150
11 151
11 152
11 153
11 154
11 156
11 157
11 158
11 159
11 161
12 15
12 19
12 22
12 23
12 24
12 25
12 26
12 31
12 32
12 34
12 35
12 36
12 38
12 40
12 44
12 46
12 49
12 52
12 54
12 56
12 58
12 61
12 63
12 65
12 66
12 67
12 68
12 70
12 71
12 75
12 77
12 79
12 80
12 82
12 84
12 87
12 89
12 93
12 94
12 95
12 98
12 100
12 101
12 102
12 105
12 106
12 107
12 108
12 116
12 117
12 118
12 121
12 123
12 125
12 127
12 128
12 129
12 130
12 131
12 133
12 134
12 135
12 136
12 137
12 138
12 139
12 141
12 142
12 146
12 147
12 151
12 152
12 156
12 157
12 158
12 160
13 14
13 16
13 18
13 19
13 26
13 30
13 31
13 32
13 34
13 37
13 38
13 39
13 40
13 44
13 45
13 46
13 49
13 50
13 51
13 54
13 55
13 56
13 60
13 62
13 63
13 65
13 66
13 67
13 68
13 69
13 70
13 72
13 74
13 75
13 80
13 84
13 91
13 93
13 94
13 98
13 101
13 104
13 105
13 106
13 107
13 109
13 111
13 113
13 114
13 115
13 116
13 119
13 124
13 126
13 129
13 133
13 134
13 135
13 138
13 139
13 141
13 142
13 143
13 146
13 147
13 148
13 150
13 151
13 152
13 153
13 154
13 158
13 160
13 161
14 15
14 16
14 17
14 18
14 19
14 21
14 22
14 23
14 24
14 25
14 26
14 27
14 28
14 30
14 31
14 32
14 33
14 34
14 35
14 36
14 37
14 38
14 40
14 41
14 42
14 43
14 44
14 45
14 46
14 48
14 49
14 50
14 51
14 54
14 55
14 56
14 57
14 58
14 59
14 60
14 61
14 62
14 63
14 64
14 65
14 67
14 68
14 69
14 70
14 71
14 72
14 73
14 74
14 75
14 76
14 77
14 78
14 79
14 80
14 82
14 83
14 84
14 85
14 86
14 87
14 88
14 89
14 90
14 91
14 92
14 93
14 94
14 95
14 96
14 97
14 99
14 101
14 102
14 104
14 105
14 107
14 108
14 110
14 112
14 113
14 114
14 115
14 116
14 118
14 121
14 122
14 124
14 125
14 126
14 127
14 128
14 129
14 130
14 131
14 132
14 133
14 134
14 135
14 136
14 138
14 139
14 140
14 141
14 142
14 143
14 144
14 146
14 147
14 148
14 149
14 150
14 152
14 153
14 154
14 156
14 157
14 158
14 159
14 161
15 16
15 19
15 21
15 23
15 24
15 25
15 26
15 30
15 31
15 32
15 33
15 35
15 36
15 38
15 40
15 43
15 45
15 46
15 49
15 51
15 54
15 55
15 56
15 58
15 59
15 61
15 63
15 66
15 67
15 68
15 69
15 70
15 71
15 72
15 74
15 77
15 80
15 82
15 86
15 88
15 89
15 97
15 99
15 100
15 101
15 102
15 105
15 107
15 109
15 111
15 112
15 114
15 115
15 116
15 117
15 125
15 127
15 129
15 131
15 132
15 133
15 134
15 137
15 139
15 141
15 142
15 143
15 145
15 148
15 149
15 151
15 154
15 155
15 157
15 158
15 159
15 161
16 18
16 20
16 21
16 23
16 26
16 27
16 30
16 34
16 35
16 37
16 39
16 40
16 44
16 49
16 51
16 54
16 58
16 63
16 64
16 67
16 69
16 70
16 71
16 72
16 75
16 81
16 82
16 84
16 85
16 91
16 102
16 103
16 107
16 110
16 112
16 114
16 115
16 118
16 121
16 124
16 125
16 131
16 138
16 139
16 141
16 150
16 152
16 153
16 154
16 157
16 158
16 159
16 160
16 161
17 36
17 40
17 43
17 45
17 51
17 53
17 54
17 58
17 61
17 67
17 68
17 69
17 71
17 72
17 76
17 83
17 89
17 95
17 97
17 106
17 109
17 113
17 125
17 129
17 133
17 151
17 152
17 154
17 157
17 160
18 19
18 21
18 24
18 25
18 26
18 27
18 30
18 31
18 32
18 33
18 37
18 38
18 40
18 45
18 48
18 49
18 51
18 54
18 55
18 59
18 62
18 63
18 64
18 65
18 66
18 67
18 68
18 69
18 70
18 71
18 72
18 74
18 75
18 79
18 80
18 82
18 89
18 93
18 98
18 99
18 102
18 105
18 106
18 107
18 108
18 109
18 110
18 111
18 112
18 113
18 114
18 115
18 117
18 118
18 121
18 125
18 129
18 130
18 133
18 134
18 135
18 137
18 138
18 139
18 141
18 142
18 143
18 147
18 148
18 149
18 150
18 152
18 153
18 154
18 155
18 156
18 158
18 161
19 21
19 22
19 24
19 26
19 28
19 29
19 30
19 31
19 32
19 33
19 34
19 35
19 36
19 37
19 38
19 39
19 42
19 43
19 44
19 45
19 46
19 47
19 48
19 49
19 50
19 51
19 55
19 56
19 58
19 59
19 60
19 63
19 64
19 65
19 66
19 67
19 68
19 69
19 70
19 71
19 72
19 73
19 75
19 76
19 79
19 80
19 81
19 82
19 83
19 84
19 86
19 87
19 88
19 89
19 91
19 93
19 94
19 95
19 97
19 98
19 99
19 100
19 101
19 102
19 103
19 104
19 105
19 106
19 107
19 108
19 109
19 110
19 111
19 112
19 113
19 114
19 116
19 117
19 118
19 119
19 122
19 123
19 124
19 125
19 126
19 127
19 128
19 129
19 130
19 131
19 133
19 134
19 135
19 136
19 137
19 138
19 139
19 140
19 142
19 145
19 146
19 147
19 148
19 149
19 150
19 151
19 152
19 153
19 154
19 155
19 156
19 157
19 158
19 159
19 160
19 161
20 23
20 26
20 28
20 30
20 31
20 32
20 36
20 38
20 40
20 43
20 51
20 54
20 56
20 58
20 62
20 65
20 66
20 67
20 68
20 70
20 72
20 75
20 81
20 82
20 88
20 92
20 94
20 99
20 101
20 106
20 107
20 114
20 115
20 117
20 122
20 129
20 135
20 137
20 138
20 139
20 142
20 143
20 145
20 147
20 150
20 151
20 153
20 158
21 22
21 23
21 24
21 25
21 26
21 28
21 30
21 31
21 32
21 34
21 35
21 36
21 37
21 38
21 39
21 41
21 42
21 43
21 44
21 45
21 47
21 48
21 49
21 50
21 53
21 54
21 55
21 56
21 57
21 58
21 59
21 63
21 64
21 65
21 66
21 67
21 68
21 69
21 72
21 73
21 75
21 78
21 79
21 80
21 81
21 85
21 87
21 88
21 89
21 90
21 91
21 92
21 93
21 94
21 97
21 98
21 99
21 100
21 101
21 102
21 105
21 106
21 107
21 108
21 109
21 113
21 114
21 115
21 116
21 117
21 121
21 122
21 125
21 126
21 128
21 129
21 130
21 131
21 133
21 134
21 135
21 137
21 138
21 141
21 142
21 145
21 146
21 148
21 149
21 150
21 151
21 152
21 154
21 156
21 157
21 158
21 159
21 160
22 26
22 31
22 40
22 42
22 45
22 46
22 49
22 50
22 51
22 52
22 57
22 58
22 61
22 63
22 66
22 67
22 70
22 73
22 74
22 75
22 77
22 83
22 90
22 92
22 94
22 98
22 100
22 101
22 102
22 106
22 108
22 112
22 113
22 116
22 117
22 118
22 129
22 131
22 133
22 134
22 135
22 137
22 139
22 142
22 144
22 145
22 146
22 147
22 150
22 151
22 152
22 153
22 157
22 158
22 161
23 24
23 25
23 37
23 38
23 40
23 44
23 52
23 54
23 59
23 63
23 66
23 71
23 79
23 82
23 86
23 88
23 94
23 97
23 99
23 101
23 102
23 106
23 107
23 108
23 112
23 114
23 115
23 116
23 117
23 118
23 121
23 124
23 129
23 131
23 132
23 139
23 148
23 149
23 150
23 151
23 152
23 153
23 158
23 161
24 25
24 26
24 28
24 30
24 31
24 35
24 36
24 37
24 38
24 39
24 40
24 43
24 44
24 45
24 46
24 49
24 50
24 54
24 55
24 56
24 58
24 59
24 62
24 63
24 67
24 68
24 69
24 71
24 72
24 75
24 78
24 79
24 83
24 87
24 88
24 89
24 92
24 97
24 100
24 101
24 102
24 106
24 107
24 108
24 109
24 111
24 112
24 113
24 115
24 118
24 119
24 126
24 127
24 129
24 130
24 133
24 136
24 137
24 138
24 139
24 142
24 143
24 144
24 146
24 147
24 148
24 149
24 151
24 152
24 153
24 154
24 157
24 159
24 161
25 26
25 30
25 31
25 32
25 34
25 35
25 36
25 37
25 38
25 40
25 42
25 44
25 45
25 46
25 49
25 51
25 52
25 54
25 55
25 56
25 57
25 59
25 63
25 65
25 66
25 67
25 68
25 70
25 71
25 72
25 74
25 77
25 78
25 80
25 81
25 86
25 88
25 89
25 90
25 93
25 94
25 97
25 100
25 101
25 102
25 103
25 106
25 107
25 111
25 112
25 113
25 114
25 115
25 116
25 118
25 119
25 125
25 129
25 130
25 131
25 134
25 135
25 136
25 137
25 138
25 141
25 142
25 143
25 146
25 147
25 148
25 150
25 151
25 152
25 153
25 154
25 155
25 156
25 157
25 158
25 159
25 160
26 28
26 29
26 30
26 31
26 33
26 35
26 36
26 37
26 38
26 39
26 40
26 42
26 43
26 44
26 45
26 46
26 48
26 49
26 50
26 51
26 52
26 53
26 54
26 55
26 56
26 57
26 58
26 60
26 61
26 62
26 63
26 64
26 65
26 66
26 67
26 68
26 70
26 71
26 72
26 73
26 74
26 75
26 76
26 77
26 78
26 79
26 82
26 84
26 85
26 86
26 88
26 89
26 90
26 91
26 92
26 93
26 94
26 96
26 97
26 99
26 101
26 102
26 103
26 104
26 105
26 106
26 107
26 108
26 109
26 112
26 113
26 114
26 115
26 116
26 117
26 118
26 120
26 121
26 122
26 125
26 128
26 129
26 131
26 132
26 133
26 134
26 135
26 136
26 137
26 138
26 139
26 141
26 142
26 143
26 145
26 146
26 147
26 148
26 149
26 150
26 151
26 152
26 153
26 154
26 155
26 157
26 158
26 159
26 160
26 161
27 28
27 30
27 31
27 44
27 45
27 51
27 53
27 64
27 67
27 68
27 69
27 73
27 74
27 79
27 89
27 92
27 102
27 105
27 108
27 112
27 115
27 117
27 128
27 129
27 131
27 132
27 133
27 142
27 145
27 149
27 157
27 159
27 161
28 31
28 33
28 34
28 38
28 40
28 44
28 45
28 49
28 51
28 54
28 55
28 56
28 59
28 62
28 63
28 64
28 67
28 70
28 72
28 74
28 79
28 80
28 85
28 86
28 88
28 89
28 93
28 97
28 98
28 99
28 101
28 102
28 103
28 106
28 109
28 112
28 115
28 116
28 118
28 126
28 130
28 131
28 134
28 135
28 145
28 146
28 149
28 150
28 151
28 152
28 153
28 157
29 30
29 32
29 34
29 38
29 40
29 41
29 42
29 45
29 49
29 51
29 54
29 58
29 63
29 65
29 67
29 69
29 70
29 73
29 77
29 79
29 80
29 83
29 86
29 89
29 92
29 94
29 97
29 101
29 102
29 104
29 107
29 108
29 109
29 110
29 116
29 117
29 128
29 129
29 131
29 133
29 135
29 136
29 137
29 141
29 142
29 146
29 147
29 153
29 154
29 160
30 31
30 32
30 33
30 34
30 35
30 36
30 37
30 38
30 40
30 41
30 42
30 43
30 44
30 45
30 46
30 47
30 49
30 50
30 51
30 53
30 54
30 55
30 56
30 57
30 58
30 60
30 61
30 63
30 64
30 65
30 66
30 67
30 68
30 70
30 71
30 72
30 74
30 75
30 77
30 79
30 80
30 82
30 83
30 84
30 85
30 87
30 88
30 89
30 90
30 91
30 93
30 94
30 96
30 97
30 98
30 99
30 101
30 102
30 104
30 105
30 106
30 107
30 108
30 109
30 111
30 112
30 113
30 114
30 115
30 117
30 119
30 122
30 124
30 125
30 126
30 128
30 130
30 131
30 133
30 134
30 135
30 137
30 138
30 139
30 140
30 141
30 142
30 143
30 145
30 146
30 147
30 149
30 150
30 151
30 152
30 153
30 154
30 156
30 157
30 158
30 159
30 160
30 161
31 32
31 33
31 34
31 35
31 36
31 37
31 38
31 40
31 41
31 43
31 44
31 45
31 46
31 47
31 48
31 49
31 50
31 51
31 52
31 53
31 54
31 55
31 56
31 57
31 58
31 59
31 62
31 63
31 64
31 65
31 66
31 67
31 68
31 69
31 71
31 72
31 73
31 74
31 75
31 76
31 77
31 79
31 80
31 82
31 83
31 84
31 85
31 86
31 87
31 88
31 89
31 90
31 93
31 94
31 95
31 101
31 102
31 103
31 104
31 105
31 106
31 108
31 109
31 110
31 111
31 112
31 114
31 115
31 116
31 117
31 119
31 122
31 124
31 125
31 126
31 127
31 129
31 130
31 133
31 135
31 136
31 137
31 138
31 139
31 140
31 141
31 143
31 144
31 145
31 146
31 147
31 148
31 149
31 150
31 151
31 152
31 153
31 154
31 155
31 156
31 157
31 158
31 159
31 160
31 161
32 34
32 35
32 37
32 38
32 39
32 40
32 43
32 44
32 45
32 46
32 48
32 49
32 50
32 53
32 54
32 55
32 56
32 57
32 58
32 59
32 64
32 65
32 67
32 68
32 69
32 70
32 71
32 72
32 73
32 75
32 76
32 77
32 78
32 80
32 81
32 84
32 85
32 87
32 88
32 89
32 90
32 91
32 92
32 94
32 97
32 99
32 100
32 101
32 102
32 103
32 104
32 105
32 107
32 108
32 112
32 113
32 114
32 115
32 116
32 117
32 118
32 119
32 125
32 127
32 128
32 129
32 130
32 131
32 133
32 134
32 135
32 137
32 138
32 139
32 141
32 143
32 147
32 149
32 151
32 152
32 153
32 154
32 155
32 157
32 158
32 159
33 37
33 38
33 39
33 40
33 43
33 45
33 47
33 52
33 53
33 56
33 64
33 65
33 67
33 69
33 70
33 71
33 72
33 74
33 75
33 83
33 86
33 87
33 91
33 93
33 94
33 99
33 102
33 112
33 115
33 117
33 122
33 125
33 128
33 129
33 132
33 138
33 141
33 142
33 146
33 150
33 151
33 153
33 154
33 161
34 41
34 42
34 43
34 44
34 45
34 48
34 50
34 56
34 57
34 61
34 63
34 64
34 65
34 66
34 67
34 68
34 70
34 72
34 74
34 79
34 80
34 83
34 84
34 89
34 90
34 93
34 94
34 97
34 99
34 101
34 102
34 106
34 109
34 112
34 113
34 118
34 123
34 125
34 128
34 130
34 131
34 133
34 134
34 137
34 139
34 142
34 147
34 151
34 152
34 153
34 154
34 161
35 36
35 38
35 39
35 42
35 44
35 45
35 46
35 49
35 51
35 52
35 54
35 55
35 56
35 57
35 58
35 63
35 64
35 66
35 67
35 68
35 69
35 70
35 71
35 72
35 73
35 74
35 79
35 82
35 83
35 84
35 85
35 87
35 88
35 89
35 93
35 94
35 97
35 99
35 100
35 101
35 102
35 103
35 107
35 108
35 109
35 110
35 111
35 112
35 113
35 114
35 115
35 118
35 120
35 123
35 124
35 125
35 126
35 129
35 130
35 131
35 132
35 133
35 135
35 136
35 137
35 138
35 139
35 141
35 142
35 144
35 145
35 146
35 147
35 148
35 149
35 150
35 151
35 152
35 153
35 154
35 157
35 159
35 161
36 37
36 38
36 39
36 40
36 43
36 44
36 45
36 46
36 48
36 49
36 51
36 52
36 53
36 54
36 55
36 56
36 58
36 61
36 62
36 63
36 64
36 65
36 66
36 68
36 69
36 70
36 71
36 72
36 73
36 76
36 77
36 78
36 79
36 80
36 83
36 85
36 87
36 89
36 91
36 92
36 93
36 94
36 96
36 97
36 100
36 101
36 102
36 105
36 106
36 107
36 108
36 109
36 111
36 113
36 114
36 115
36 117
36 119
36 121
36 125
36 126
36 127
36 128
36 129
36 131
36 134
36 136
36 138
36 139
36 140
36 142
36 145
36 146
36 147
36 150
36 151
36 152
36 154
36 155
36 157
36 158
36 160
37 40
37 41
37 42
37 43
37 44
37 45
37 49
37 50
37 51
37 53
37 54
37 56
37 58
37 59
37 60
37 64
37 67
37 68
37 69
37 70
37 71
37 74
37 75
37 76
37 79
37 82
37 86
37 87
37 91
37 93
37 94
37 97
37 99
37 100
37 101
37 103
37 106
37 108
37 110
37 113
37 115
37 116
37 118
37 127
37 128
37 131
37 133
37 134
37 135
37 138
37 140
37 142
37 146
37 147
37 150
37 151
37 152
37 154
37 155
37 156
37 157
37 158
37 161
38 40
38 42
38 43
38 44
38 46
38 47
38 48
38 49
38 51
38 52
38 53
38 54
38 55
38 56
38 58
38 59
38 62
38 63
38 64
38 67
38 68
38 69
38 70
38 71
38 73
38 74
38 75
38 76
38 77
38 80
38 81
38 83
38 85
38 86
38 87
38 89
38 90
38 91
38 92
38 93
38 97
38 98
38 99
38 101
38 102
38 103
38 104
38 105
38 106
38 107
38 108
38 109
38 110
38 111
38 112
38 113
38 114
38 115
38 116
38 117
38 118
38 119
38 120
38 122
38 125
38 126
38 128
38 129
38 130
38 131
38 132
38 133
38 134
38 135
38 136
38 137
38 138
38 139
38 142
38 147
38 148
38 149
38 150
38 151
38 152
38 154
38 156
38 157
38 158
38 159
38 160
38 161
39 45
39 46
39 50
39 51
39 52
39 54
39 56
39 58
39 59
39 61
39 64
39 67
39 70
39 72
39 73
39 74
39 75
39 79
39 81
39 83
39 85
39 86
39 87
39 89
39 92
39 98
39 101
39 102
39 106
39 107
39 115
39 118
39 119
39 125
39 126
39 129
39 131
39 133
39 136
39 137
39 138
39 139
39 142
39 145
39 147
39 151
39 152
39 153
39 154
39 155
39 157
39 161
40 41
40 43
40 44
40 45
40 47
40 48
40 49
40 51
40 52
40 53
40 54
40 56
40 57
40 58
40 59
40 60
40 61
40 62
40 63
40 64
40 65
40 66
40 67
40 68
40 69
40 70
40 71
40 72
40 73
40 74
40 75
40 77
40 78
40 79
40 80
40 82
40 84
40 86
40 87
40 88
40 89
40 90
40 93
40 94
40 96
40 97
40 98
40 100
40 101
40 102
40 103
40 104
40 105
40 106
40 107
40 108
40 109
40 110
40 111
40 112
40 113
40 114
40 115
40 116
40 117
40 118
40 120
40 122
40 123
40 125
40 126
40 129
40 130
40 131
40 133
40 136
40 137
40 138
40 139
40 140
40 141
40 143
40 144
40 145
40 146
40 147
40 150
40 151
40 152
40 153
40 154
40 157
40 158
40 159
40 160
40 161
41 45
41 54
41 56
41 58
41 63
41 72
41 74
41 80
41 82
41 84
41 86
41 87
41 100
41 101
41 105
41 107
41 112
41 113
41 114
41 115
41 117
41 124
41 126
41 131
41 134
41 135
41 137
41 138
41 139
41 142
41 146
41 147
41 151
41 153
41 157
41 158
41 161
42 44
42 46
42 49
42 51
42 56
42 57
42 59
42 67
42 68
42 69
42 71
42 72
42 73
42 74
42 75
42 77
42 88
42 89
42 93
42 99
42 100
42 101
42 104
42 105
42 106
42 109
42 111
42 113
42 118
42 119
42 121
42 124
42 125
42 126
42 129
42 130
42 131
42 133
42 134
42 136
42 138
42 142
42 143
42 146
42 147
42 149
42 150
42 151
42 152
42 154
42 158
42 159
43 45
43 47
43 48
43 49
43 50
43 52
43 53
43 54
43 57
43 59
43 63
43 65
43 66
43 67
43 68
43 70
43 71
43 72
43 74
43 77
43 79
43 82
43 85
43 86
43 87
43 88
43 89
43 90
43 93
43 95
43 97
43 99
43 100
43 102
43 103
43 105
43 107
43 108
43 109
43 111
43 112
43 113
43 114
43 115
43 117
43 118
43 125
43 126
43 127
43 128
43 129
43 130
43 131
43 133
43 134
43 137
43 138
43 139
43 141
43 142
43 148
43 150
43 151
43 153
43 154
43 157
43 158
43 160
44 45
44 46
44 49
44 50
44 51
44 52
44 53
44 54
44 55
44 56
44 57
44 59
44 61
44 63
44 64
44 65
44 66
44 67
44 68
44 69
44 70
44 71
44 72
44 73
44 74
44 75
44 76
44 77
44 79
44 80
44 81
44 82
44 84
44 86
44 87
44 88
44 89
44 90
44 91
44 93
44 94
44 95
44 96
44 97
44 99
44 100
44 101
44 102
44 103
44 105
44 106
44 107
44 108
44 109
44 110
44 113
44 114
44 115
44 116
44 117
44 118
44 122
44 125
44 127
44 129
44 130
44 131
44 132
44 133
44 134
44 135
44 136
44 137
44 138
44 139
44 141
44 143
44 145
44 146
44 147
44 149
44 151
44 153
44 154
44 155
44 156
44 157
44 158
44 159
44 160
44 161
45 46
45 47
45 48
45 49
45 51
45 52
45 53
45 54
45 55
45 56
45 57
45 58
45 59
45 61
45 62
45 63
45 64
45 65
45 66
45 67
45 68
45 69
45 70
45 71
45 72
45 73
45 74
45 75
45 76
45 77
45 79
45 80
45 81
45 82
45 83
45 84
45 86
45 87
45 88
45 89
45 90
45 92
45 93
45 94
45 95
45 96
45 97
45 98
45 99
45 100
45 101
45 102
45 103
45 104
45 105
45 106
45 107
45 108
45 109
45 110
45 112
45 113
45 114
45 115
45 116
45 117
45 118
45 123
45 125
45 127
45 130
45 131
45 132
45 133
45 135
45 136
45 137
45 138
45 139
45 140
45 141
45 142
45 145
45 146
45 147
45 148
45 149
45 150
45 151
45 152
45 153
45 154
45 155
45 157
45 158
45 159
45 161
46 49
46 50
46 51
46 52
46 53
46 54
46 55
46 56
46 57
46 62
46 64
46 65
46 68
46 70
46 72
46 73
46 74
46 75
46 77
46 79
46 80
46 84
46 85
46 86
46 87
46 88
46 89
46 92
46 93
46 94
46 97
46 98
46 100
46 101
46 102
46 103
46 104
46 105
46 106
46 108
46 109
46 110
46 111
46 112
46 113
46 114
46 115
46 120
46 122
46 125
46 128
46 129
46 130
46 131
46 133
46 134
46 135
46 138
46 139
46 142
46 145
46 146
46 147
46 149
46 150
46 151
46 152
46 153
46 154
46 155
46 157
46 158
46 159
46 160
46 161
47 49
47 50
47 51
47 52
47 54
47 58
47 67
47 69
47 70
47 72
47 79
47 82
47 83
47 94
47 102
47 106
47 109
47 113
47 114
47 115
47 125
47 129
47 134
47 137
47 138
47 141
47 142
47 144
47 147
47 153
47 155
47 157
47 158
48 49
48 53
48 54
48 57
48 58
48 61
48 66
48 68
48 69
48 70
48 71
48 72
48 73
48 77
48 79
48 84
48 105
48 108
48 113
48 114
48 115
48 116
48 117
48 118
48 126
48 129
48 131
48 134
48 137
48 138
48 142
48 146
48 147
48 151
48 152
48 154
49 50
49 51
49 52
49 54
49 56
49 57
49 58
49 59
49 60
49 61
49 63
49 64
49 65
49 66
49 67
49 68
49 69
49 70
49 71
49 72
49 74
49 75
49 77
49 79
49 80
49 81
49 82
49 83
49 84
49 85
49 87
49 88
49 91
49 92
49 93
49 94
49 95
49 96
49 97
49 99
49 100
49 101
49 103
49 104
49 105
49 106
49 107
49 109
49 111
49 112
49 113
49 114
49 116
49 117
49 118
49 120
49 122
49 123
49 124
49 125
49 127
49 128
49 129
49 131
49 133
49 134
49 135
49 137
49 138
49 139
49 140
49 141
49 142
49 145
49 146
49 147
49 148
49 149
49 150
49 152
49 153
49 158
49 159
49 160
50 51
50 53
50 54
50 56
50 57
50 63
50 64
50 66
50 67
50 70
50 71
50 72
50 74
50 76
50 77
50 82
50 87
50 88
50 89
50 91
50 93
50 94
50 97
50 98
50 100
50 102
50 103
50 104
50 108
50 109
50 112
50 113
50 115
50 117
50 121
50 124
50 125
50 129
50 133
50 134
50 135
50 139
50 145
50 147
50 149
50 151
50 152
50 153
50 154
50 156
50 158
50 159
50 160
50 161
51 52
51 53
51 54
51 55
51 56
51 57
51 58
51 59
51 60
51 61
51 62
51 63
51 64
51 65
51 66
51 67
51 68
51 70
51 71
51 72
51 73
51 74
51 75
51 76
51 77
51 79
51 80
51 83
51 84
51 85
51 88
51 89
51 91
51 92
51 93
51 94
51 96
51 97
51 98
51 99
51 100
51 101
51 102
51 105
51 106
51 107
51 108
51 109
51 111
51 112
51 113
51 114
51 115
51 117
51 118
51 120
51 125
51 126
51 127
51 128
51 129
51 131
51 133
51 134
51 135
51 137
51 138
51 139
51 141
51 142
51 144
51 146
51 147
51 149
51 150
51 151
51 152
51 153
51 154
51 157
51 158
51 159
51 160
51 161
52 53
52 56
52 58
52 61
52 62
52 63
52 64
52 65
52 68
52 69
52 70
52 74
52 75
52 77
52 80
52 85
52 87
52 89
52 90
52 92
52 94
52 97
52 98
52 100
52 101
52 103
52 105
52 106
52 108
52 109
52 111
52 113
52 114
52 118
52 125
52 126
52 129
52 130
52 131
52 134
52 135
52 136
52 137
52 138
52 142
52 145
52 147
52 149
52 150
52 151
52 152
52 153
52 154
52 157
52 158
52 160
52 161
53 54
53 55
53 56
53 59
53 61
53 63
53 64
53 65
53 67
53 68
53 69
53 74
53 75
53 76
53 77
53 80
53 82
53 84
53 85
53 86
53 88
53 94
53 97
53 100
53 101
53 102
53 108
53 109
53 115
53 116
53 120
53 123
53 127
53 129
53 130
53 131
53 133
53 138
53 139
53 146
53 147
53 150
53 151
53 157
53 158
53 160
54 55
54 56
54 57
54 58
54 59
54 61
54 62
54 64
54 65
54 66
54 68
54 69
54 70
54 71
54 72
54 73
54 74
54 75
54 76
54 77
54 78
54 79
54 80
54 83
54 84
54 85
54 87
54 88
54 89
54 91
54 92
54 93
54 94
54 96
54 97
54 98
54 99
54 100
54 101
54 102
54 103
54 104
54 105
54 106
54 107
54 108
54 109
54 110
54 111
54 112
54 113
54 114
54 115
54 118
54 119
54 120
54 121
54 122
54 123
54 125
54 126
54 128
54 129
54 130
54 131
54 133
54 134
54 135
54 136
54 137
54 138
54 139
54 140
54 141
54 142
54 143
54 145
54 146
54 147
54 149
54 150
54 151
54 152
54 153
54 154
54 156
54 157
54 158
54 160
54 161
55 56
55 58
55 59
55 63
55 64
55 65
55 66
55 67
55 68
55 69
55 70
55 71
55 72
55 73
55 74
55 77
55 79
55 80
55 81
55 82
55 83
55 86
55 88
55 89
55 90
55 93
55 94
55 97
55 99
55 101
55 102
55 103
55 105
55 106
55 108
55 109
55 111
55 112
55 113
55 114
55 117
55 119
55 121
55 125
55 129
55 133
55 134
55 135
55 136
55 138
55 139
55 144
55 145
55 146
55 147
55 149
55 151
55 152
55 153
55 154
55 158
55 159
56 57
56 58
56 59
56 61
56 62
56 63
56 64
56 65
56 66
56 67
56 68
56 69
56 70
56 71
56 72
56 73
56 74
56 75
56 76
56 77
56 79
56 80
56 82
56 84
56 86
56 87
56 88
56 89
56 91
56 92
56 93
56 94
56 95
56 96
56 97
56 98
56 102
56 106
56 107
56 108
56 109
56 110
56 111
56 112
56 113
56 114
56 115
56 116
56 117
56 118
56 120
56 121
56 122
56 123
56 124
56 125
56 126
56 128
56 129
56 131
56 133
56 137
56 138
56 139
56 140
56 141
56 143
56 145
56 146
56 147
56 149
56 150
56 151
56 152
56 153
56 154
56 155
56 157
56 158
56 159
57 60
57 65
57 66
57 67
57 68
57 70
57 71
57 73
57 74
57 80
57 81
57 84
57 85
57 86
57 89
57 91
57 93
57 94
57 99
57 103
57 106
57 107
57 109
57 114
57 117
57 120
57 125
57 127
57 129
57 133
57 135
57 137
57 138
57 144
57 146
57 147
57 149
57 153
57 158
58 61
58 62
58 63
58 64
58 65
58 66
58 67
58 68
58 70
58 71
58 72
58 74
58 75
58 81
58 82
58 84
58 85
58 86
58 88
58 89
58 91
58 92
58 93
58 94
58 95
58 96
58 97
58 99
58 101
58 102
58 103
58 104
58 105
58 106
58 108
58 109
58 111
58 112
58 114
58 115
58 118
58 126
58 128
58 129
58 131
58 133
58 135
58 136
58 137
58 138
58 141
58 142
58 147
58 148
58 149
58 150
58 151
58 152
58 153
58 155
58 157
58 158
58 159
58 161
59 64
59 65
59 66
59 67
59 71
59 72
59 75
59 77
59 78
59 79
59 80
59 81
59 84
59 85
59 86
59 87
59 90
59 91
59 92
59 93
59 94
59 97
59 98
59 99
59 101
59 102
59 105
59 107
59 109
59 112
59 113
59 114
59 115
59 117
59 121
59 122
59 125
59 126
59 127
59 129
59 132
59 134
59 135
59 138
59 140
59 141
59 143
59 146
59 147
59 149
59 150
59 151
59 152
59 154
59 158
60 63
60 64
60 66
60 70
60 72
60 74
60 80
60 97
60 103
60 114
60 117
60 118
60 125
60 134
60 135
60 138
60 142
60 143
60 149
60 150
60 152
61 64
61 65
61 66
61 67
61 68
61 69
61 70
61 72
61 74
61 75
61 77
61 79
61 82
61 86
61 87
61 89
61 98
61 99
61 101
61 102
61 106
61 109
61 110
61 116
61 117
61 118
61 125
61 127
61 128
61 129
61 130
61 132
61 134
61 136
61 137
61 138
61 140
61 142
61 147
61 150
61 152
61 154
61 157
61 158
61 160
62 63
62 64
62 67
62 69
62 71
62 74
62 78
62 79
62 80
62 85
62 89
62 90
62 95
62 97
62 100
62 101
62 103
62 106
62 107
62 109
62 111
62 113
62 114
62 118
62 121
62 128
62 129
62 130
62 131
62 133
62 134
62 136
62 137
62 138
62 139
62 144
62 147
62 150
62 151
62 152
62 158
62 159
63 64
63 65
63 66
63 67
63 68
63 70
63 71
63 72
63 73
63 74
63 77
63 78
63 79
63 80
63 82
63 87
63 88
63 89
63 92
63 93
63 94
63 95
63 97
63 98
63 99
63 101
63 102
63 106
63 108
63 112
63 113
63 114
63 116
63 117
63 118
63 122
63 127
63 128
63 129
63 130
63 131
63 133
63 134
63 135
63 136
63 137
63 138
63 139
63 142
63 145
63 146
63 147
63 149
63 150
63 152
63 153
63 154
63 156
63 157
63 158
63 159
63 161
64 65
64 67
64 68
64 69
64 70
64 71
64 72
64 73
64 74
64 75
64 76
64 77
64 78
64 79
64 80
64 82
64 83
64 84
64 85
64 86
64 87
64 88
64 89
64 91
64 92
64 93
64 94
64 95
64 96
64 97
64 98
64 99
64 101
64 102
64 103
64 105
64 106
64 107
64 108
64 109
64 111
64 112
64 113
64 114
64 115
64 117
64 118
64 119
64 121
64 122
64 124
64 125
64 126
64 127
64 128
64 129
64 131
64 133
64 134
64 136
64 137
64 138
64 139
64 141
64 142
64 143
64 145
64 147
64 150
64 151
64 152
64 153
64 154
64 156
64 157
64 158
64 159
64 160
65 67
65 68
65 69
65 70
65 71
65 74
65 75
65 77
65 79
65 80
65 81
65 83
65 84
65 85
65 86
65 87
65 89
65 92
65 93
65 94
65 95
65 96
65 97
65 98
65 99
65 100
65 101
65 102
65 103
65 104
65 105
65 106
65 107
65 108
65 109
65 110
65 111
65 113
65 118
65 122
65 123
65 124
65 125
65 128
65 129
65 130
65 131
65 133
65 134
65 135
65 137
65 138
65 139
65 140
65 141
65 142
65 143
65 145
65 146
65 149
65 150
65 151
65 152
65 153
65 154
65 155
65 157
65 158
65 161
66 67
66 68
66 69
66 70
66 71
66 72
66 73
66 74
66 77
66 79
66 84
66 85
66 87
66 88
66 89
66 92
66 94
66 97
66 100
66 101
66 102
66 103
66 105
66 106
66 107
66 108
66 111
66 112
66 114
66 115
66 117
66 118
66 121
66 122
66 124
66 125
66 126
66 127
66 128
66 129
66 131
66 133
66 134
66 135
66 136
66 137
66 138
66 139
66 141
66 142
66 143
66 145
66 146
66 147
66 151
66 152
66 153
66 154
66 158
66 160
66 161
67 68
67 70
67 71
67 72
67 73
67 74
67 75
67 76
67 77
67 78
67 79
67 82
67 84
67 85
67 86
67 87
67 88
67 89
67 90
67 92
67 93
67 94
67 95
67 96
67 97
67 99
67 101
67 102
67 103
67 104
67 105
67 106
67 107
67 109
67 110
67 111
67 112
67 114
67 116
67 117
67 118
67 122
67 123
67 126
67 128
67 129
67 130
67 133
67 134
67 135
67 136
67 137
67 138
67 140
67 141
67 142
67 143
67 145
67 146
67 147
67 148
67 149
67 150
67 151
67 152
67 153
67 154
67 155
67 156
67 157
67 158
67 159
67 160
67 161
68 69
68 71
68 72
68 73
68 74
68 75
68 76
68 77
68 80
68 81
68 82
68 84
68 85
68 87
68 88
68 89
68 90
68 91
68 92
68 93
68 94
68 97
68 99
68 101
68 102
68 104
68 106
68 107
68 108
68 109
68 111
68 112
68 113
68 115
68 116
68 118
68 119
68 121
68 122
68 123
68 125
68 126
68 128
68 129
68 130
68 131
68 133
68 134
68 135
68 136
68 137
68 138
68 139
68 141
68 142
68 145
68 146
68 147
68 148
68 149
68 150
68 151
68 152
68 153
68 154
68 155
68 158
68 159
68 160
68 161
69 70
69 72
69 73
69 74
69 75
69 76
69 77
69 79
69 80
69 82
69 85
69 86
69 87
69 88
69 89
69 91
69 92
69 93
69 94
69 97
69 98
69 99
69 100
69 101
69 104
69 105
69 106
69 107
69 108
69 109
69 110
69 112
69 114
69 115
69 116
69 117
69 119
69 120
69 122
69 125
69 126
69 127
69 128
69 129
69 130
69 131
69 133
69 134
69 135
69 136
69 137
69 138
69 139
69 140
69 141
69 142
69 143
69 144
69 145
69 146
69 147
69 148
69 149
69 150
69 151
69 152
69 153
69 154
69 157
69 158
69 159
69 160
69 161
70 71
70 72
70 73
70 74
70 75
70 77
70 79
70 81
70 83
70 84
70 85
70 86
70 87
70 88
70 89
70 90
70 91
70 92
70 93
70 94
70 97
70 98
70 99
70 100
70 101
70 102
70 103
70 104
70 106
70 107
70 108
70 109
70 111
70 112
70 113
70 114
70 115
70 117
70 118
70 125
70 126
70 127
70 128
70 129
70 131
70 133
70 134
70 135
70 137
70 138
70 139
70 140
70 141
70 142
70 143
70 145
70 146
70 147
70 149
70 150
70 151
70 152
70 153
70 154
70 156
70 157
70 158
70 159
70 160
71 72
71 74
71 75
71 79
71 82
71 83
71 84
71 85
71 86
71 87
71 88
71 89
71 91
71 92
71 93
71 94
71 95
71 97
71 99
71 101
71 102
71 103
71 104
71 106
71 108
71 109
71 112
71 113
71 114
71 115
71 117
71 118
71 121
71 124
71 125
71 129
71 130
71 131
71 133
71 135
71 136
71 137
71 138
71 139
71 140
71 141
71 142
71 143
71 145
71 146
71 147
71 148
71 150
71 151
71 152
71 153
71 154
71 155
71 157
71 158
71 161
72 73
72 74
72 75
72 76
72 79
72 80
72 82
72 83
72 85
72 86
72 87
72 88
72 89
72 90
72 91
72 92
72 94
72 95
72 96
72 97
72 99
72 100
72 101
72 102
72 104
72 105
72 106
72 107
72 108
72 109
72 111
72 112
72 113
72 114
72 115
72 116
72 117
72 118
72 119
72 122
72 125
72 126
72 127
72 129
72 130
72 131
72 132
72 133
72 134
72 135
72 137
72 138
72 141
72 142
72 143
72 146
72 147
72 148
72 149
72 150
72 151
72 152
72 153
72 154
72 155
72 157
72 158
72 159
72 160
72 161
73 74
73 75
73 76
73 77
73 79
73 80
73 82
73 83
73 85
73 86
73 87
73 88
73 90
73 92
73 94
73 96
73 98
73 99
73 101
73 102
73 106
73 108
73 109
73 112
73 113
73 114
73 115
73 119
73 125
73 129
73 130
73 131
73 132
73 133
73 134
73 136
73 137
73 138
73 141
73 142
73 144
73 146
73 147
73 149
73 150
73 151
73 152
73 153
73 157
73 158
73 159
73 160
74 75
74 77
74 79
74 80
74 82
74 83
74 84
74 85
74 88
74 89
74 91
74 92
74 93
74 94
74 97
74 98
74 99
74 100
74 101
74 102
74 103
74 105
74 106
74 107
74 108
74 109
74 110
74 113
74 114
74 115
74 116
74 117
74 118
74 119
74 122
74 125
74 126
74 128
74 129
74 130
74 131
74 133
74 135
74 136
74 137
74 138
74 139
74 140
74 141
74 142
74 143
74 144
74 145
74 146
74 147
74 149
74 150
74 151
74 152
74 153
74 154
74 155
74 156
74 157
74 158
74 159
74 160
74 161
75 76
75 77
75 79
75 80
75 84
75 85
75 89
75 90
75 91
75 92
75 93
75 94
75 95
75 97
75 98
75 99
75 100
75 102
75 105
75 106
75 107
75 108
75 109
75 112
75 113
75 114
75 115
75 116
75 117
75 118
75 122
75 123
75 125
75 127
75 128
75 129
75 130
75 131
75 133
75 134
75 135
75 139
75 140
75 142
75 143
75 144
75 145
75 148
75 149
75 150
75 151
75 153
75 154
75 155
75 156
75 157
75 158
75 161
76 86
76 89
76 91
76 92
76 94
76 100
76 101
76 102
76 108
76 113
76 114
76 115
76 116
76 118
76 119
76 126
76 127
76 128
76 129
76 130
76 131
76 133
76 134
76 137
76 144
76 146
76 147
76 150
76 152
76 153
76 154
76 158
76 159
77 79
77 80
77 81
77 82
77 83
77 84
77 85
77 86
77 87
77 88
77 89
77 91
77 92
77 93
77 94
77 96
77 98
77 99
77 100
77 101
77 102
77 105
77 106
77 107
77 108
77 109
77 111
77 112
77 113
77 115
77 116
77 117
77 118
77 119
77 120
77 121
77 124
77 125
77 126
77 129
77 130
77 131
77 133
77 134
77 135
77 137
77 138
77 139
77 142
77 147
77 148
77 150
77 151
77 152
77 153
77 155
77 157
77 158
77 159
77 161
78 89
78 92
78 94
78 107
78 108
78 110
78 117
78 118
78 128
78 130
78 137
78 141
78 143
78 147
78 149
78 154
79 80
79 82
79 83
79 84
79 85
79 86
79 87
79 88
79 91
79 93
79 94
79 96
79 97
79 98
79 100
79 101
79 102
79 103
79 104
79 105
79 106
79 107
79 108
79 109
79 110
79 111
79 112
79 113
79 114
79 115
79 116
79 117
79 118
79 119
79 124
79 125
79 126
79 127
79 128
79 129
79 130
79 131
79 133
79 134
79 135
79 136
79 137
79 138
79 140
79 141
79 142
79 144
79 146
79 147
79 148
79 149
79 150
79 151
79 152
79 153
79 154
79 157
79 159
79 160
79 161
80 82
80 84
80 86
80 87
80 89
80 91
80 94
80 95
80 101
80 105
80 106
80 107
80 108
80 111
80 113
80 114
80 118
80 122
80 125
80 127
80 129
80 131
80 132
80 133
80 135
80 138
80 139
80 141
80 142
80 145
80 146
80 147
80 148
80 150
80 151
80 154
80 156
80 157
80 161
81 84
81 87
81 88
81 89
81 92
81 94
81 95
81 102
81 106
81 107
81 108
81 116
81 117
81 125
81 132
81 133
81 134
81 135
81 139
81 141
81 142
81 143
81 145
81 147
81 153
81 154
82 84
82 85
82 87
82 89
82 90
82 93
82 94
82 99
82 102
82 103
82 106
82 108
82 113
82 115
82 118
82 125
82 126
82 128
82 129
82 133
82 135
82 137
82 142
82 146
82 147
82 151
82 153
82 154
82 155
82 157
83 84
83 92
83 93
83 97
83 101
83 102
83 104
83 105
83 108
83 109
83 111
83 113
83 114
83 117
83 118
83 122
83 124
83 125
83 126
83 130
83 138
83 139
83 140
83 141
83 142
83 143
83 146
83 150
83 151
83 152
83 153
83 157
83 160
84 87
84 88
84 89
84 93
84 96
84 97
84 98
84 101
84 103
84 105
84 106
84 107
84 108
84 109
84 111
84 112
84 113
84 115
84 116
84 117
84 123
84 124
84 125
84 126
84 128
84 129
84 130
84 133
84 134
84 135
84 136
84 137
84 138
84 139
84 140
84 141
84 142
84 143
84 145
84 146
84 147
84 149
84 150
84 151
84 152
84 153
84 154
84 155
84 157
84 158
84 159
84 161
85 89
85 94
85 96
85 97
85 99
85 100
85 101
85 102
85 103
85 105
85 107
85 111
85 113
85 114
85 115
85 116
85 117
85 125
85 129
85 133
85 135
85 137
85 139
85 145
85 146
85 147
85 149
85 150
85 151
85 154
85 157
85 158
85 161
86 87
86 88
86 89
86 90
86 91
86 94
86 95
86 97
86 101
86 108
86 115
86 117
86 119
86 125
86 126
86 129
86 133
86 136
86 137
86 138
86 139
86 142
86 143
86 146
86 147
86 148
86 150
86 151
86 152
86 153
86 154
86 158
86 160
86 161
87 88
87 89
87 90
87 92
87 93
87 94
87 96
87 97
87 101
87 102
87 103
87 105
87 106
87 108
87 109
87 112
87 113
87 114
87 115
87 116
87 117
87 118
87 125
87 127
87 128
87 129
87 130
87 131
87 133
87 134
87 136
87 137
87 138
87 139
87 140
87 141
87 142
87 147
87 148
87 149
87 150
87 151
87 152
87 153
87 154
87 158
87 160
87 161
88 89
88 90
88 92
88 94
88 96
88 99
88 101
88 102
88 106
88 107
88 109
88 111
88 112
88 113
88 115
88 116
88 125
88 127
88 128
88 129
88 130
88 131
88 133
88 134
88 136
88 137
88 138
88 142
88 143
88 146
88 147
88 150
88 151
88 152
88 154
88 155
88 157
88 158
88 161
89 91
89 92
89 93
89 94
89 95
89 96
89 97
89 98
89 99
89 101
89 102
89 103
89 104
89 105
89 106
89 107
89 108
89 109
89 110
89 111
89 112
89 113
89 114
89 115
89 116
89 118
89 120
89 121
89 122
89 124
89 125
89 126
89 127
89 129
89 130
89 131
89 133
89 134
89 135
89 136
89 137
89 138
89 139
89 141
89 142
89 143
89 145
89 146
89 147
89 149
89 150
89 151
89 152
89 153
89 154
89 156
89 157
89 158
89 160
90 91
90 93
90 97
90 99
90 101
90 102
90 104
90 108
90 111
90 112
90 113
90 115
90 117
90 118
90 125
90 128
90 131
90 133
90 137
90 139
90 140
90 145
90 147
90 149
90 151
90 152
90 153
90 154
90 159
90 161
91 92
91 93
91 94
91 95
91 96
91 97
91 98
91 101
91 102
91 103
91 105
91 106
91 108
91 113
91 114
91 115
91 116
91 117
91 118
91 121
91 123
91 124
91 126
91 129
91 131
91 133
91 134
91 137
91 138
91 139
91 141
91 142
91 143
91 145
91 146
91 149
91 150
91 151
91 152
91 153
91 154
91 158
91 161
92 93
92 94
92 97
92 99
92 105
92 106
92 108
92 109
92 110
92 113
92 114
92 115
92 118
92 126
92 129
92 130
92 131
92 133
92 134
92 137
92 138
92 139
92 142
92 147
92 150
92 151
92 153
92 154
92 155
92 157
93 94
93 97
93 98
93 99
93 101
93 104
93 105
93 109
93 110
93 113
93 114
93 115
93 116
93 118
93 125
93 126
93 128
93 129
93 130
93 131
93 133
93 134
93 135
93 136
93 137
93 138
93 142
93 143
93 144
93 146
93 147
93 148
93 150
93 151
93 152
93 153
93 158
93 159
93 160
94 97
94 98
94 100
94 101
94 102
94 103
94 104
94 105
94 106
94 107
94 108
94 109
94 111
94 113
94 114
94 115
94 116
94 117
94 118
94 121
94 122
94 125
94 126
94 129
94 130
94 131
94 132
94 134
94 135
94 136
94 137
94 138
94 139
94 140
94 141
94 142
94 143
94 145
94 146
94 147
94 149
94 150
94 152
94 153
94 154
94 158
94 159
94 160
94 161
95 99
95 106
95 113
95 115
95 117
95 118
95 119
95 123
95 125
95 131
95 132
95 137
95 138
95 143
95 146
95 147
95 151
95 152
95 153
95 156
95 161
96 101
96 102
96 109
96 111
96 112
96 114
96 115
96 118
96 125
96 129
96 131
96 133
96 134
96 142
96 144
96 150
96 152
96 154
96 157
96 158
96 159
97 98
97 100
97 101
97 102
97 103
97 105
97 106
97 108
97 109
97 112
97 113
97 115
97 116
97 117
97 121
97 122
97 124
97 125
97 128
97 129
97 131
97 132
97 133
97 134
97 135
97 138
97 140
97 142
97 146
97 147
97 150
97 152
97 153
97 154
97 155
97 157
97 158
97 159
97 161
98 99
98 101
98 102
98 103
98 104
98 106
98 107
98 108
98 112
98 113
98 114
98 115
98 116
98 117
98 118
98 129
98 130
98 131
98 133
98 134
98 137
98 138
98 140
98 142
98 143
98 147
98 150
98 151
98 152
98 153
98 154
98 158
98 160
98 161
99 101
99 102
99 103
99 105
99 106
99 107
99 108
99 109
99 112
99 113
99 115
99 116
99 118
99 119
99 122
99 125
99 126
99 129
99 131
99 132
99 133
99 137
99 138
99 139
99 140
99 142
99 143
99 149
99 150
99 157
99 158
99 159
100 101
100 102
100 105
100 106
100 107
100 108
100 109
100 113
100 114
100 115
100 117
100 125
100 127
100 128
100 129
100 130
100 131
100 134
100 137
100 138
100 139
100 142
100 146
100 147
100 150
100 151
100 154
100 158
100 160
100 161
101 102
101 103
101 104
101 106
101 107
101 108
101 109
101 110
101 111
101 112
101 113
101 114
101 115
101 116
101 117
101 118
101 121
101 122
101 123
101 125
101 126
101 127
101 129
101 131
101 133
101 135
101 137
101 138
101 139
101 140
101 141
101 142
101 143
101 145
101 146
101 147
101 148
101 149
101 150
101 151
101 152
101 153
101 154
101 155
101 158
101 159
101 160
102 105
102 106
102 107
102 108
102 110
102 111
102 112
102 113
102 114
102 115
102 116
102 117
102 118
102 120
102 121
102 125
102 128
102 130
102 131
102 132
102 133
102 134
102 135
102 137
102 138
102 139
102 141
102 142
102 143
102 145
102 146
102 147
102 149
102 150
102 151
102 153
102 154
102 155
102 156
102 157
102 158
102 161
103 104
103 106
103 108
103 109
103 112
103 114
103 118
103 119
103 122
103 124
103 125
103 126
103 129
103 131
103 133
103 136
103 137
103 138
103 140
103 145
103 147
103 149
103 150
103 152
103 154
103 155
103 158
103 161
104 106
104 107
104 108
104 109
104 112
104 113
104 114
104 116
104 117
104 122
104 125
104 126
104 129
104 130
104 133
104 138
104 139
104 142
104 145
104 149
104 150
104 152
104 153
104 154
104 156
104 157
105 106
105 107
105 111
105 112
105 113
105 114
105 115
105 116
105 117
105 118
105 120
105 126
105 128
105 129
105 130
105 131
105 133
105 134
105 135
105 138
105 139
105 141
105 142
105 143
105 144
105 146
105 149
105 150
105 151
105 152
105 153
105 154
105 157
105 158
105 161
106 107
106 108
106 109
106 110
106 111
106 112
106 113
106 114
106 116
106 117
106 118
106 119
106 122
106 126
106 127
106 128
106 129
106 130
106 131
106 132
106 133
106 134
106 135
106 137
106 139
106 140
106 141
106 142
106 143
106 144
106 145
106 146
106 147
106 148
106 149
106 150
106 151
106 152
106 153
106 154
106 157
106 158
106 160
106 161
107 108
107 112
107 116
107 117
107 118
107 125
107 126
107 127
107 129
107 130
107 131
107 134
107 135
107 137
107 138
107 142
107 145
107 146
107 147
107 149
107 150
107 151
107 153
107 154
107 157
107 158
107 160
107 161
108 111
108 113
108 114
108 115
108 122
108 124
108 126
108 127
108 128
108 129
108 130
108 131
108 132
108 133
108 134
108 135
108 136
108 137
108 138
108 139
108 140
108 141
108 142
108 145
108 147
108 149
108 150
108 151
108 152
108 153
108 154
108 155
108 157
108 158
108 159
108 160
108 161
109 111
109 112
109 114
109 115
109 116
109 119
109 120
109 123
109 124
109 125
109 126
109 127
109 129
109 130
109 131
109 134
109 135
109 137
109 138
109 140
109 143
109 145
109 146
109 147
109 149
109 150
109 152
109 153
109 157
109 158
109 159
109 160
109 161
110 112
110 116
110 118
110 123
110 129
110 131
110 133
110 135
110 137
110 138
110 141
110 142
110 147
110 149
110 151
110 153
110 154
110 155
111 115
111 118
111 125
111 129
111 130
111 131
111 133
111 134
111 137
111 141
111 142
111 145
111 147
111 150
111 152
111 158
112 113
112 114
112 115
112 117
112 118
112 119
112 120
112 121
112 122
112 123
112 125
112 127
112 128
112 129
112 130
112 131
112 133
112 134
112 139
112 142
112 143
112 145
112 146
112 148
112 150
112 152
112 153
112 154
112 158
112 161
113 114
113 115
113 116
113 118
113 120
113 121
113 125
113 126
113 127
113 129
113 130
113 131
113 133
113 134
113 135
113 136
113 137
113 138
113 139
113 141
113 142
113 143
113 146
113 147
113 148
113 150
113 152
113 153
113 154
113 158
113 159
113 160
113 161
114 115
114 116
114 117
114 118
114 125
114 126
114 128
114 129
114 131
114 133
114 135
114 137
114 138
114 139
114 140
114 141
114 142
114 144
114 145
114 146
114 147
114 148
114 150
114 151
114 152
114 154
114 155
114 157
114 158
114 159
114 161
115 116
115 117
115 118
115 122
115 124
115 125
115 126
115 127
115 128
115 130
115 131
115 132
115 133
115 134
115 135
115 136
115 137
115 138
115 139
115 140
115 142
115 143
115 145
115 146
115 147
115 148
115 149
115 150
115 151
115 152
115 154
115 155
115 157
115 158
115 159
115 160
115 161
116 117
116 118
116 121
116 129
116 130
116 131
116 136
116 137
116 138
116 139
116 142
116 147
116 148
116 151
116 152
116 154
116 158
117 118
117 119
117 121
117 123
117 126
117 127
117 128
117 130
117 131
117 132
117 133
117 134
117 135
117 136
117 137
117 138
117 139
117 141
117 142
117 143
117 145
117 146
117 147
117 149
117 150
117 152
117 154
117 157
117 158
117 159
117 160
117 161
118 122
118 123
118 125
118 126
118 128
118 129
118 130
118 131
118 133
118 134
118 136
118 137
118 138
118 139
118 141
118 142
118 143
118 146
118 149
118 150
118 151
118 152
118 153
118 154
118 155
118 157
118 158
118 160
118 161
119 127
119 129
119 134
119 140
119 141
119 142
119 147
119 152
119 153
119 159
119 161
120 133
120 134
120 137
120 138
120 142
120 149
120 151
120 152
120 154
120 158
121 131
121 132
121 133
121 137
121 138
121 150
121 151
121 157
121 158
121 159
122 126
122 131
122 132
122 133
122 134
122 135
122 137
122 139
122 143
122 145
122 146
122 147
122 149
122 151
122 152
122 154
122 157
122 158
122 159
122 161
123 125
123 129
123 136
123 137
123 138
123 140
123 152
123 154
124 125
124 131
124 133
124 137
124 142
124 143
124 145
124 146
124 147
124 150
124 151
124 153
124 154
124 161
125 126
125 129
125 130
125 133
125 134
125 136
125 137
125 138
125 139
125 140
125 141
125 142
125 143
125 145
125 147
125 149
125 150
125 151
125 152
125 153
125 154
125 157
125 158
125 160
125 161
126 127
126 128
126 131
126 132
126 133
126 134
126 135
126 137
126 142
126 143
126 144
126 145
126 147
126 149
126 150
126 151
126 152
126 153
126 157
126 158
126 160
126 161
127 131
127 133
127 134
127 135
127 137
127 138
127 139
127 145
127 146
127 147
127 148
127 151
127 154
127 155
128 133
128 136
128 137
128 138
128 145
128 147
128 150
128 153
128 154
128 158
129 131
129 133
129 134
129 136
129 137
129 138
129 139
129 140
129 141
129 142
129 144
129 145
129 146
129 147
129 149
129 150
129 151
129 152
129 153
129 154
129 155
129 156
129 157
129 158
129 159
129 161
130 131
130 132
130 133
130 134
130 135
130 137
130 138
130 142
130 144
130 145
130 146
130 147
130 149
130 151
130 152
130 153
130 154
130 158
130 159
130 161
131 132
131 133
131 134
131 135
131 136
131 137
131 138
131 139
131 141
131 142
131 143
131 146
131 147
131 148
131 149
131 150
131 151
131 152
131 153
131 154
131 155
131 158
131 159
131 160
131 161
132 143
132 150
132 157
132 161
133 134
133 135
133 136
133 137
133 138
133 140
133 141
133 142
133 143
133 144
133 146
133 147
133 148
133 150
133 151
133 152
133 153
133 154
133 155
133 156
133 158
133 159
133 160
133 161
134 137
134 138
134 139
134 141
134 142
134 145
134 146
134 147
134 148
134 150
134 151
134 153
134 154
134 155
134 157
134 158
134 159
134 161
135 137
135 138
135 142
135 145
135 148
135 150
135 151
135 152
135 154
135 157
135 158
135 161
136 137
136 139
136 142
136 144
136 146
136 147
136 149
136 150
136 151
136 152
136 154
136 156
136 158
137 139
137 140
137 142
137 143
137 145
137 146
137 147
137 148
137 149
137 150
137 151
137 152
137 153
137 155
137 157
137 158
137 161
138 139
138 140
138 141
138 142
138 143
138 145
138 146
138 147
138 148
138 149
138 150
138 151
138 152
138 154
138 155
138 157
138 158
138 161
139 141
139 142
139 143
139 145
139 146
139 147
139 151
139 152
139 153
139 154
139 155
139 158
139 159
139 160
139 161
140 143
140 145
140 146
140 147
140 151
140 152
140 153
140 154
140 160
141 142
141 146
141 148
141 151
141 153
141 154
141 157
141 158
141 159
141 160
141 161
142 145
142 146
142 147
142 148
142 149
142 150
142 151
142 152
142 154
142 157
142 159
142 161
143 146
143 151
143 152
143 156
143 157
143 158
143 159
144 145
144 146
144 150
144 152
144 153
144 158
145 146
145 147
145 148
145 149
145 152
145 153
145 158
145 159
145 161
146 147
146 149
146 150
146 151
146 152
146 153
146 154
146 155
146 157
146 158
146 159
147 150
147 151
147 152
147 153
147 154
147 158
147 159
147 160
147 161
148 150
148 158
148 160
148 161
149 150
149 152
149 154
149 157
149 158
149 159
149 161
150 151
150 152
150 154
150 156
150 157
150 158
150 160
151 152
151 153
151 154
151 155
151 156
151 157
151 158
151 159
151 160
151 161
152 153
152 154
152 155
152 157
152 158
152 159
152 160
152 161
153 154
153 155
153 156
153 157
153 158
153 159
153 161
154 156
154 157
154 158
154 159
154 160
154 161
155 156
155 161
157 158
158 159
158 160
158 161
