0 3
0 4
0 5
0 6
0 9
0 13
0 14
0 16
0 18
0 19
0 21
0 23
0 24
0 26
0 28
0 30
0 36
0 38
0 39
0 43
0 45
0 46
0 51
0 54
0 55
0 56
0 64
0 65
0 67
0 68
0 69
0 70
0 72
0 73
0 74
0 75
0 79
0 83
0 84
0 85
0 86
0 87
0 88
0 89
0 93
0 102
0 103
0 104
0 105
0 106
0 107
0 109
0 111
0 113
0 114
0 115
0 117
0 125
0 126
0 127
0 129
0 133
0 134
0 135
0 136
0 137
0 138
0 142
0 145
0 146
0 147
0 148
0 151
0 152
0 153
0 155
0 158
1 4
1 5
1 6
1 7
1 9
1 11
1 14
1 21
1 24
1 25
1 26
1 30
1 31
1 32
1 38
1 39
1 40
1 44
1 45
1 49
1 50
1 52
1 54
1 55
1 56
1 57
1 59
1 61
1 62
1 68
1 69
1 70
1 73
1 74
1 75
1 77
1 79
1 80
1 82
1 84
1 86
1 87
1 89
1 91
1 92
1 93
1 95
1 97
1 102
1 103
1 105
1 106
1 107
1 112
1 114
1 116
1 117
1 118
1 125
1 126
1 128
1 129
1 131
1 132
1 133
1 134
1 135
1 137
1 138
1 139
1 140
1 141
1 142
1 145
1 146
1 147
1 148
1 151
1 152
1 153
1 156
1 158
1 161
2 6
2 7
2 10
2 13
2 14
2 15
2 19
2 24
2 26
2 30
2 31
2 32
2 33
2 38
2 40
2 45
2 46
2 49
2 54
2 55
2 56
2 58
2 63
2 67
2 71
2 73
2 77
2 79
2 82
2 84
2 86
2 87
2 99
2 101
2 102
2 105
2 108
2 109
2 110
2 112
2 114
2 117
2 118
2 124
2 129
2 131
2 133
2 134
2 136
2 141
2 142
2 146
2 147
2 151
2 157
2 158
2 161
3 4
3 6
3 7
3 12
3 14
3 16
3 19
3 20
3 21
3 22
3 25
3 26
3 30
3 35
3 40
3 44
3 49
3 50
3 57
3 58
3 65
3 68
3 69
3 71
3 73
3 74
3 75
3 77
3 78
3 84
3 94
3 97
3 98
3 100
3 102
3 106
3 107
3 109
3 110
3 111
3 112
3 117
3 118
3 125
3 129
3 130
3 133
3 134
3 135
3 138
3 141
3 142
3 146
3 148
3 152
3 153
3 155
3 157
3 158
3 160
3 161
4 5
4 6
4 7
4 9
4 10
4 11
4 12
4 13
4 14
4 15
4 19
4 20
4 21
4 23
4 24
4 25
4 26
4 28
4 29
4 30
4 31
4 33
4 34
4 35
4 37
4 40
4 42
4 44
4 45
4 48
4 49
4 50
4 51
4 52
4 53
4 54
4 55
4 56
4 58
4 59
4 61
4 63
4 64
4 65
4 66
4 67
4 68
4 69
4 70
4 71
4 72
4 73
4 74
4 75
4 76
4 77
4 78
4 79
4 80
4 81
4 83
4 86
4 88
4 89
4 93
4 95
4 97
4 99
4 100
4 101
4 102
4 103
4 105
4 106
4 107
4 108
4 109
4 111
4 112
4 113
4 114
4 115
4 117
4 118
4 120
4 121
4 122
4 125
4 126
4 127
4 128
4 129
4 130
4 131
4 132
4 133
4 134
4 135
4 137
4 138
4 139
4 141
4 142
4 143
4 145
4 146
4 147
4 148
4 150
4 151
4 152
4 153
4 154
4 155
4 157
4 160
4 161
5 6
5 7
5 10
5 12
5 14
5 18
5 19
5 21
5 22
5 23
5 25
5 26
5 28
5 31
5 32
5 43
5 48
5 57
5 58
5 59
5 63
5 64
5 65
5 67
5 68
5 69
5 70
5 72
5 75
5 79
5 84
5 85
5 89
5 90
5 94
5 96
5 99
5 103
5 108
5 109
5 112
5 114
5 115
5 116
5 118
5 126
5 133
5 138
5 145
5 146
5 147
5 150
5 151
5 158
6 7
6 8
6 11
6 12
6 15
6 16
6 18
6 19
6 20
6 22
6 23
6 24
6 25
6 26
6 28
6 29
6 30
6 31
6 32
6 33
6 34
6 35
6 36
6 37
6 38
6 39
6 40
6 41
6 43
6 44
6 45
6 46
6 47
6 50
6 51
6 54
6 56
6 57
6 58
6 59
6 61
6 62
6 63
6 64
6 65
6 67
6 68
6 69
6 71
6 72
6 73
6 74
6 75
6 76
6 77
6 78
6 81
6 82
6 83
6 84
6 88
6 89
6 90
6 91
6 93
6 94
6 95
6 96
6 97
6 99
6 100
6 101
6 102
6 104
6 105
6 106
6 108
6 109
6 110
6 112
6 113
6 114
6 115
6 116
6 118
6 121
6 123
6 125
6 126
6 127
6 128
6 129
6 130
6 131
6 133
6 134
6 135
6 136
6 137
6 138
6 139
6 140
6 141
6 145
6 147
6 150
6 151
6 152
6 153
6 154
6 155
6 158
6 159
6 160
6 161
7 8
7 9
7 10
7 11
7 12
7 13
7 14
7 15
7 16
7 18
7 19
7 21
7 22
7 24
7 26
7 30
7 31
7 33
7 37
7 38
7 39
7 40
7 41
7 43
7 44
7 45
7 46
7 47
7 49
7 50
7 51
7 52
7 53
7 54
7 55
7 56
7 57
7 58
7 61
7 63
7 64
7 65
7 66
7 67
7 68
7 69
7 70
7 71
7 72
7 73
7 74
7 75
7 76
7 77
7 79
7 80
7 82
7 83
7 84
7 85
7 86
7 87
7 89
7 90
7 92
7 93
7 94
7 95
7 96
7 97
7 98
7 99
7 100
7 101
7 102
7 104
7 105
7 106
7 108
7 109
7 110
7 112
7 113
7 114
7 115
7 117
7 118
7 124
7 125
7 126
7 127
7 128
7 129
7 130
7 131
7 133
7 134
7 135
7 136
7 137
7 138
7 139
7 141
7 142
7 144
7 146
7 147
7 148
7 149
7 150
7 151
7 152
7 153
7 154
7 157
7 158
7 160
7 161
8 9
8 11
8 12
8 14
8 15
8 16
8 19
8 21
8 26
8 34
8 38
8 45
8 49
8 50
8 51
8 54
8 63
8 65
8 67
8 68
8 70
8 72
8 74
8 77
8 79
8 80
8 83
8 87
8 89
8 92
8 93
8 101
8 107
8 108
8 114
8 115
8 117
8 118
8 126
8 129
8 130
8 131
8 133
8 134
8 135
8 142
8 143
8 146
8 147
8 150
8 153
8 154
8 155
8 158
9 14
9 20
9 21
9 25
9 26
9 31
9 32
9 35
9 36
9 37
9 38
9 40
9 43
9 44
9 45
9 48
9 49
9 50
9 51
9 52
9 54
9 56
9 58
9 59
9 60
9 62
9 63
9 64
9 67
9 68
9 69
9 70
9 71
9 72
9 73
9 74
9 75
9 76
9 79
9 86
9 87
9 88
9 89
9 93
9 97
9 98
9 99
9 100
9 101
9 102
9 103
9 105
9 107
9 108
9 109
9 111
9 113
9 114
9 117
9 118
9 120
9 123
9 125
9 127
9 129
9 130
9 131
9 133
9 134
9 135
9 136
9 137
9 138
9 139
9 141
9 142
9 145
9 146
9 147
9 150
9 151
9 152
9 153
9 154
9 157
9 158
10 11
10 12
10 13
10 14
10 17
10 18
10 20
10 21
10 23
10 24
10 27
10 28
10 29
10 30
10 31
10 32
10 34
10 35
10 36
10 37
10 38
10 40
10 41
10 43
10 44
10 45
10 48
10 49
10 52
10 54
10 55
10 59
10 60
10 61
10 62
10 63
10 65
10 66
10 67
10 68
10 70
10 71
10 73
10 74
10 75
10 78
10 79
10 80
10 81
10 84
10 85
10 86
10 89
10 92
10 93
10 94
10 95
10 97
10 98
10 99
10 101
10 104
10 105
10 106
10 112
10 113
10 114
10 115
10 117
10 122
10 123
10 125
10 126
10 128
10 139
10 140
10 141
10 142
10 145
10 146
10 147
10 150
10 152
10 153
10 154
10 157
10 158
10 159
10 160
10 161
11 14
11 15
11 18
11 19
11 20
11 22
11 25
11 26
11 29
11 30
11 31
11 32
11 33
11 35
11 36
11 37
11 38
11 40
11 42
11 43
11 44
11 45
11 46
11 49
11 50
11 51
11 53
11 54
11 55
11 56
11 58
11 61
11 62
11 63
11 64
11 65
11 66
11 67
11 68
11 69
11 70
11 71
11 72
11 73
11 74
11 79
11 80
11 82
11 83
11 85
11 86
11 87
11 89
11 92
11 93
11 94
11 97
11 98
11 101
11 102
11 104
11 106
11 107
11 108
11 109
11 112
11 113
11 115
11 116
11 117
11 118
11 121
11 122
11 123
11 124
11 125
11 126
11 129
11 133
11 134
11 135
11 136
11 137
11 138
11 139
11 142
11 146
11 148
11 151
11 152
11 153
11 154
11 155
11 158
11 159
11 161
12 13
12 14
12 18
12 25
12 26
12 32
12 34
12 35
12 36
12 38
12 40
12 42
12 43
12 44
12 46
12 49
12 51
12 52
12 53
12 56
12 57
12 58
12 63
12 64
12 65
12 67
12 68
12 69
12 70
12 71
12 72
12 74
12 75
12 76
12 77
12 79
12 82
12 83
12 89
12 93
12 95
12 98
12 101
12 105
12 106
12 107
12 108
12 110
12 111
12 112
12 113
12 114
12 115
12 117
12 118
12 125
12 126
12 127
12 129
12 131
12 133
12 134
12 137
12 138
12 139
12 140
12 141
12 143
12 144
12 146
12 152
12 153
12 154
12 159
12 161
13 14
13 18
13 19
13 22
13 23
13 25
13 31
13 35
13 42
13 44
13 50
13 51
13 53
13 54
13 55
13 56
13 58
13 64
13 65
13 67
13 68
13 69
13 70
13 71
13 72
13 74
13 75
13 76
13 77
13 78
13 79
13 80
13 82
13 85
13 87
13 88
13 89
13 92
13 95
13 97
13 105
13 108
13 116
13 117
13 125
13 133
13 134
13 135
13 137
13 141
13 147
13 155
13 157
13 158
13 159
13 161
14 15
14 18
14 19
14 20
14 21
14 22
14 24
14 25
14 26
14 27
14 28
14 31
14 32
14 33
14 34
14 35
14 36
14 38
14 39
14 40
14 42
14 43
14 44
14 45
14 46
14 47
14 48
14 49
14 50
14 51
14 52
14 53
14 54
14 55
14 56
14 58
14 59
14 62
14 63
14 64
14 65
14 66
14 67
14 68
14 69
14 70
14 71
14 72
14 73
14 74
14 75
14 77
14 79
14 80
14 81
14 83
14 84
14 85
14 86
14 88
14 90
14 91
14 92
14 93
14 94
14 95
14 96
14 97
14 98
14 99
14 100
14 101
14 102
14 103
14 104
14 105
14 106
14 107
14 108
14 109
14 110
14 111
14 112
14 114
14 116
14 118
14 119
14 124
14 125
14 126
14 129
14 130
14 131
14 132
14 133
14 134
14 135
14 136
14 137
14 138
14 139
14 140
14 141
14 142
14 143
14 145
14 146
14 147
14 149
14 150
14 151
14 152
14 153
14 154
14 156
14 157
14 158
14 159
14 160
14 161
15 17
15 18
15 19
15 21
15 26
15 30
15 31
15 32
15 33
15 35
15 36
15 37
15 40
15 43
15 44
15 45
15 46
15 47
15 49
15 53
15 56
15 60
15 61
15 63
15 64
15 65
15 67
15 68
15 69
15 70
15 71
15 72
15 74
15 77
15 79
15 82
15 83
15 84
15 86
15 88
15 93
15 94
15 95
15 101
15 102
15 105
15 106
15 107
15 109
15 110
15 114
15 117
15 118
15 125
15 126
15 131
15 133
15 134
15 136
15 137
15 141
15 143
15 145
15 146
15 147
15 151
15 154
15 155
15 157
15 158
15 159
15 161
16 19
16 21
16 25
16 31
16 35
16 36
16 38
16 45
16 49
16 51
16 54
16 55
16 58
16 59
16 64
16 65
16 68
16 69
16 75
16 77
16 79
16 81
16 85
16 89
16 91
16 94
16 97
16 99
16 100
16 102
16 105
16 106
16 107
16 108
16 111
16 113
16 115
16 116
16 117
16 119
16 121
16 125
16 126
16 128
16 129
16 133
16 134
16 135
16 136
16 137
16 138
16 141
16 142
16 147
16 150
16 152
16 153
16 154
16 158
17 24
17 32
17 43
17 45
17 51
17 54
17 55
17 59
17 61
17 74
17 80
17 89
17 91
17 94
17 95
17 106
17 108
17 115
17 118
17 125
17 129
17 130
17 131
17 133
17 134
17 135
17 142
17 146
17 150
17 151
17 152
17 158
18 19
18 21
18 22
18 25
18 31
18 32
18 35
18 36
18 38
18 40
18 42
18 43
18 45
18 49
18 51
18 52
18 54
18 56
18 59
18 62
18 63
18 64
18 65
18 66
18 68
18 69
18 70
18 71
18 72
18 73
18 77
18 80
18 82
18 83
18 84
18 85
18 89
18 92
18 93
18 94
18 96
18 97
18 98
18 101
18 102
18 104
18 105
18 108
18 113
18 114
18 115
18 116
18 118
18 119
18 123
18 125
18 126
18 129
18 131
18 132
18 134
18 137
18 140
18 141
18 142
18 148
18 149
18 151
18 152
18 154
18 158
18 159
18 161
19 20
19 21
19 23
19 26
19 29
19 30
19 31
19 32
19 34
19 35
19 36
19 37
19 38
19 39
19 40
19 41
19 42
19 43
19 44
19 45
19 46
19 47
19 48
19 49
19 50
19 51
19 52
19 54
19 55
19 56
19 58
19 59
19 61
19 62
19 64
19 65
19 66
19 67
19 68
19 69
19 70
19 71
19 72
19 73
19 74
19 75
19 76
19 77
19 80
19 87
19 88
19 89
19 90
19 92
19 93
19 94
19 95
19 96
19 99
19 100
19 101
19 103
19 104
19 105
19 106
19 108
19 109
19 110
19 111
19 112
19 113
19 114
19 115
19 116
19 117
19 118
19 119
19 125
19 128
19 129
19 130
19 131
19 133
19 134
19 135
19 136
19 137
19 138
19 141
19 142
19 144
19 145
19 146
19 147
19 149
19 151
19 152
19 153
19 154
19 160
19 161
20 25
20 30
20 31
20 32
20 35
20 38
20 40
20 44
20 45
20 46
20 57
20 58
20 61
20 63
20 65
20 66
20 67
20 69
20 70
20 72
20 74
20 75
20 84
20 86
20 87
20 88
20 105
20 106
20 108
20 109
20 111
20 112
20 113
20 118
20 119
20 130
20 133
20 137
20 138
20 140
20 141
20 145
20 146
20 147
20 149
20 152
20 153
20 159
21 23
21 25
21 26
21 27
21 29
21 30
21 31
21 32
21 36
21 37
21 40
21 41
21 42
21 43
21 44
21 45
21 46
21 49
21 51
21 52
21 53
21 54
21 55
21 58
21 59
21 60
21 61
21 62
21 63
21 65
21 67
21 68
21 70
21 71
21 72
21 73
21 74
21 75
21 76
21 77
21 78
21 79
21 81
21 82
21 84
21 86
21 87
21 88
21 89
21 90
21 92
21 93
21 94
21 95
21 96
21 97
21 99
21 100
21 101
21 102
21 103
21 104
21 105
21 106
21 107
21 108
21 110
21 111
21 112
21 113
21 114
21 115
21 117
21 118
21 120
21 122
21 125
21 126
21 127
21 128
21 129
21 130
21 131
21 133
21 134
21 136
21 137
21 138
21 139
21 140
21 141
21 142
21 143
21 146
21 147
21 150
21 151
21 152
21 153
21 154
21 157
21 158
21 159
22 26
22 32
22 36
22 40
22 45
22 49
22 51
22 52
22 54
22 56
22 61
22 64
22 65
22 68
22 70
22 72
22 73
22 74
22 77
22 82
22 84
22 86
22 88
22 91
22 93
22 97
22 100
22 101
22 103
22 106
22 109
22 110
22 113
22 114
22 125
22 129
22 130
22 131
22 133
22 134
22 135
22 141
22 142
22 147
22 150
22 154
22 157
22 158
23 26
23 31
23 32
23 34
23 35
23 40
23 45
23 49
23 51
23 52
23 55
23 58
23 67
23 68
23 70
23 72
23 74
23 82
23 84
23 93
23 101
23 103
23 105
23 114
23 115
23 118
23 125
23 128
23 129
23 130
23 131
23 133
23 134
23 135
23 137
23 142
23 143
23 147
23 150
23 152
24 26
24 30
24 31
24 32
24 38
24 39
24 40
24 41
24 43
24 44
24 45
24 49
24 51
24 52
24 54
24 56
24 61
24 63
24 64
24 65
24 66
24 68
24 69
24 70
24 72
24 77
24 81
24 83
24 87
24 88
24 89
24 92
24 93
24 94
24 96
24 98
24 99
24 100
24 101
24 102
24 104
24 105
24 106
24 108
24 109
24 111
24 112
24 113
24 114
24 115
24 117
24 118
24 119
24 123
24 125
24 128
24 129
24 130
24 131
24 133
24 135
24 136
24 138
24 140
24 141
24 142
24 143
24 146
24 147
24 149
24 150
24 151
24 152
24 153
24 156
24 157
24 158
24 159
25 26
25 28
25 31
25 32
25 37
25 38
25 40
25 44
25 45
25 46
25 49
25 50
25 51
25 54
25 55
25 63
25 64
25 66
25 67
25 68
25 69
25 71
25 72
25 73
25 74
25 77
25 79
25 80
25 81
25 82
25 83
25 84
25 86
25 89
25 90
25 91
25 92
25 93
25 94
25 95
25 97
25 98
25 99
25 100
25 101
25 102
25 103
25 104
25 105
25 106
25 107
25 109
25 110
25 111
25 113
25 114
25 115
25 116
25 117
25 118
25 119
25 122
25 124
25 125
25 128
25 129
25 131
25 134
25 138
25 142
25 143
25 145
25 149
25 150
25 151
25 152
25 153
25 154
25 157
25 158
25 160
26 29
26 30
26 31
26 32
26 34
26 35
26 36
26 37
26 38
26 40
26 41
26 43
26 45
26 46
26 47
26 48
26 49
26 51
26 52
26 53
26 54
26 55
26 56
26 57
26 58
26 61
26 62
26 63
26 64
26 65
26 66
26 67
26 68
26 69
26 70
26 71
26 72
26 73
26 74
26 75
26 76
26 77
26 79
26 80
26 81
26 84
26 86
26 87
26 89
26 90
26 92
26 93
26 94
26 95
26 96
26 97
26 98
26 100
26 101
26 102
26 103
26 104
26 105
26 106
26 107
26 108
26 109
26 111
26 112
26 113
26 114
26 115
26 116
26 117
26 118
26 119
26 123
26 125
26 127
26 128
26 129
26 130
26 131
26 132
26 133
26 134
26 135
26 136
26 137
26 138
26 139
26 140
26 142
26 143
26 144
26 145
26 146
26 147
26 148
26 150
26 151
26 152
26 153
26 154
26 155
26 157
26 159
26 160
26 161
27 40
27 44
27 45
27 54
27 64
27 68
27 70
27 89
27 90
27 102
27 108
27 113
27 115
27 118
27 127
27 129
27 130
27 131
27 133
27 134
27 137
27 150
27 151
27 152
27 153
27 154
27 155
27 157
28 31
28 32
28 34
28 35
28 36
28 38
28 42
28 46
28 48
28 49
28 51
28 54
28 64
28 65
28 66
28 67
28 68
28 69
28 70
28 74
28 77
28 79
28 80
28 88
28 93
28 97
28 101
28 105
28 107
28 109
28 112
28 113
28 115
28 118
28 129
28 130
28 137
28 140
28 141
28 142
28 145
28 149
28 151
28 152
28 155
28 157
28 158
29 30
29 31
29 32
29 34
29 42
29 44
29 51
29 54
29 55
29 58
29 64
29 65
29 66
29 68
29 69
29 72
29 74
29 84
29 86
29 93
29 100
29 101
29 103
29 108
29 109
29 113
29 115
29 125
29 129
29 131
29 133
29 134
29 137
29 138
29 140
29 142
29 143
29 147
29 151
29 153
29 154
29 161
30 32
30 33
30 34
30 35
30 36
30 37
30 40
30 42
30 45
30 46
30 49
30 50
30 51
30 52
30 54
30 55
30 56
30 58
30 59
30 61
30 62
30 63
30 65
30 66
30 67
30 68
30 69
30 70
30 72
30 73
30 74
30 79
30 84
30 85
30 86
30 87
30 88
30 89
30 91
30 93
30 94
30 95
30 96
30 97
30 99
30 100
30 101
30 102
30 103
30 104
30 105
30 106
30 107
30 108
30 109
30 110
30 112
30 113
30 114
30 115
30 116
30 117
30 118
30 121
30 124
30 125
30 126
30 128
30 129
30 130
30 132
30 133
30 134
30 135
30 136
30 137
30 138
30 139
30 140
30 142
30 143
30 144
30 146
30 147
30 149
30 150
30 151
30 152
30 153
30 154
30 158
30 159
30 160
31 32
31 33
31 34
31 35
31 36
31 37
31 38
31 39
31 40
31 41
31 43
31 44
31 45
31 46
31 49
31 51
31 52
31 53
31 54
31 55
31 56
31 58
31 59
31 61
31 62
31 63
31 64
31 65
31 66
31 67
31 68
31 69
31 70
31 71
31 72
31 74
31 75
31 76
31 77
31 79
31 80
31 83
31 84
31 85
31 86
31 87
31 88
31 89
31 92
31 93
31 94
31 95
31 96
31 98
31 99
31 100
31 101
31 102
31 103
31 104
31 105
31 107
31 108
31 109
31 111
31 112
31 113
31 114
31 115
31 116
31 117
31 118
31 119
31 120
31 121
31 122
31 123
31 125
31 126
31 127
31 128
31 129
31 130
31 131
31 133
31 134
31 136
31 137
31 138
31 141
31 142
31 145
31 146
31 147
31 148
31 150
31 151
31 153
31 154
31 156
31 157
31 158
31 160
31 161
32 33
32 35
32 36
32 37
32 38
32 39
32 40
32 41
32 42
32 43
32 45
32 47
32 48
32 49
32 51
32 54
32 56
32 57
32 58
32 59
32 61
32 62
32 63
32 64
32 65
32 66
32 67
32 68
32 69
32 70
32 71
32 72
32 73
32 74
32 75
32 76
32 77
32 78
32 80
32 82
32 83
32 84
32 86
32 87
32 89
32 90
32 92
32 93
32 94
32 95
32 96
32 97
32 98
32 99
32 101
32 102
32 103
32 105
32 106
32 108
32 111
32 113
32 114
32 115
32 116
32 117
32 118
32 122
32 125
32 126
32 129
32 130
32 133
32 134
32 135
32 137
32 138
32 139
32 141
32 142
32 146
32 147
32 150
32 151
32 152
32 153
32 154
32 155
32 158
32 159
33 35
33 36
33 38
33 39
33 40
33 45
33 46
33 50
33 54
33 55
33 56
33 60
33 65
33 67
33 68
33 70
33 72
33 77
33 79
33 93
33 94
33 101
33 106
33 112
33 113
33 115
33 117
33 129
33 131
33 132
33 134
33 138
33 139
33 140
33 142
33 144
33 145
33 147
33 150
33 151
33 153
33 158
33 161
34 40
34 43
34 44
34 45
34 49
34 50
34 53
34 54
34 56
34 58
34 64
34 65
34 66
34 67
34 68
34 69
34 70
34 71
34 72
34 73
34 77
34 79
34 87
34 88
34 89
34 90
34 91
34 94
34 96
34 97
34 99
34 100
34 101
34 106
34 108
34 109
34 110
34 115
34 116
34 118
34 125
34 126
34 129
34 131
34 137
34 138
34 142
34 143
34 146
34 147
34 148
34 149
34 151
34 153
34 154
34 157
34 159
34 161
35 36
35 37
35 38
35 39
35 40
35 42
35 43
35 44
35 45
35 46
35 49
35 51
35 52
35 54
35 55
35 56
35 58
35 59
35 61
35 64
35 65
35 66
35 67
35 68
35 69
35 70
35 72
35 74
35 75
35 76
35 77
35 78
35 79
35 80
35 81
35 82
35 84
35 86
35 87
35 88
35 89
35 92
35 93
35 94
35 96
35 97
35 100
35 101
35 103
35 105
35 107
35 108
35 109
35 110
35 111
35 113
35 115
35 116
35 117
35 118
35 120
35 121
35 125
35 126
35 129
35 131
35 133
35 134
35 138
35 139
35 140
35 141
35 142
35 143
35 144
35 145
35 146
35 147
35 150
35 151
35 152
35 153
35 154
35 157
35 158
35 161
36 37
36 38
36 39
36 40
36 46
36 47
36 48
36 51
36 52
36 53
36 54
36 55
36 56
36 58
36 59
36 61
36 62
36 63
36 64
36 65
36 66
36 67
36 68
36 69
36 71
36 73
36 74
36 75
36 76
36 77
36 79
36 80
36 81
36 82
36 84
36 86
36 87
36 91
36 93
36 94
36 96
36 97
36 98
36 100
36 101
36 102
36 105
36 106
36 107
36 108
36 110
36 111
36 113
36 114
36 115
36 118
36 125
36 126
36 127
36 128
36 129
36 130
36 131
36 132
36 134
36 135
36 136
36 137
36 138
36 139
36 141
36 142
36 143
36 145
36 146
36 147
36 149
36 150
36 152
36 154
36 157
36 160
36 161
37 38
37 40
37 42
37 44
37 46
37 47
37 48
37 49
37 50
37 51
37 54
37 56
37 57
37 58
37 61
37 62
37 65
37 67
37 68
37 69
37 70
37 71
37 72
37 73
37 74
37 76
37 77
37 79
37 84
37 87
37 89
37 90
37 92
37 93
37 97
37 98
37 100
37 102
37 106
37 108
37 111
37 112
37 113
37 114
37 115
37 117
37 118
37 121
37 122
37 124
37 131
37 133
37 134
37 135
37 137
37 139
37 141
37 145
37 147
37 149
37 150
37 152
37 156
37 157
37 158
37 159
38 39
38 40
38 41
38 42
38 43
38 44
38 45
38 49
38 50
38 51
38 52
38 54
38 55
38 56
38 57
38 58
38 59
38 60
38 61
38 62
38 63
38 64
38 65
38 66
38 67
38 68
38 69
38 70
38 71
38 72
38 73
38 74
38 75
38 77
38 79
38 80
38 81
38 82
38 83
38 84
38 85
38 86
38 87
38 89
38 90
38 93
38 94
38 95
38 96
38 97
38 98
38 99
38 100
38 102
38 103
38 105
38 106
38 107
38 108
38 109
38 110
38 112
38 113
38 115
38 116
38 117
38 118
38 119
38 120
38 123
38 124
38 126
38 127
38 128
38 129
38 131
38 134
38 135
38 137
38 138
38 139
38 142
38 143
38 147
38 148
38 149
38 150
38 151
38 152
38 153
38 154
38 157
38 158
38 160
39 40
39 47
39 49
39 50
39 51
39 56
39 59
39 61
39 62
39 64
39 65
39 67
39 68
39 69
39 71
39 72
39 75
39 77
39 79
39 80
39 83
39 84
39 88
39 94
39 100
39 101
39 107
39 108
39 109
39 112
39 113
39 114
39 115
39 116
39 118
39 128
39 130
39 131
39 133
39 135
39 137
39 138
39 142
39 145
39 146
39 147
39 151
39 153
39 154
39 155
39 158
39 160
40 44
40 46
40 49
40 51
40 52
40 53
40 54
40 56
40 57
40 58
40 59
40 63
40 64
40 65
40 66
40 67
40 68
40 69
40 70
40 71
40 72
40 73
40 74
40 75
40 76
40 77
40 78
40 79
40 80
40 81
40 82
40 83
40 84
40 85
40 86
40 88
40 89
40 92
40 94
40 95
40 97
40 98
40 99
40 100
40 101
40 103
40 104
40 105
40 106
40 107
40 108
40 109
40 110
40 111
40 113
40 117
40 120
40 121
40 122
40 123
40 124
40 125
40 126
40 127
40 128
40 129
40 131
40 133
40 134
40 135
40 137
40 138
40 139
40 141
40 142
40 144
40 145
40 146
40 147
40 148
40 149
40 150
40 151
40 152
40 153
40 154
40 155
40 156
40 157
40 158
41 44
41 49
41 51
41 52
41 53
41 54
41 55
41 57
41 59
41 65
41 68
41 69
41 74
41 75
41 79
41 80
41 90
41 94
41 96
41 101
41 109
41 110
41 111
41 113
41 125
41 134
41 135
41 137
41 142
41 147
41 148
41 151
41 154
41 157
41 158
42 45
42 46
42 51
42 52
42 58
42 63
42 64
42 65
42 66
42 67
42 68
42 69
42 70
42 71
42 72
42 73
42 74
42 76
42 77
42 79
42 83
42 85
42 98
42 99
42 102
42 103
42 106
42 107
42 108
42 109
42 113
42 115
42 117
42 118
42 125
42 126
42 131
42 133
42 134
42 135
42 136
42 139
42 142
42 147
42 148
42 151
42 152
42 153
42 154
42 155
42 158
42 160
43 44
43 45
43 46
43 49
43 51
43 54
43 58
43 59
43 62
43 63
43 64
43 68
43 69
43 70
43 71
43 73
43 74
43 75
43 76
43 77
43 80
43 82
43 84
43 86
43 89
43 93
43 94
43 96
43 97
43 101
43 103
43 105
43 106
43 107
43 108
43 111
43 112
43 115
43 118
43 125
43 126
43 129
43 130
43 131
43 133
43 134
43 135
43 138
43 140
43 141
43 142
43 147
43 149
43 151
43 152
43 154
43 159
44 45
44 46
44 48
44 49
44 50
44 51
44 54
44 59
44 61
44 62
44 63
44 64
44 65
44 66
44 68
44 69
44 70
44 72
44 73
44 74
44 75
44 77
44 79
44 81
44 83
44 84
44 86
44 87
44 88
44 89
44 90
44 91
44 92
44 93
44 94
44 97
44 98
44 99
44 100
44 101
44 102
44 103
44 105
44 106
44 108
44 109
44 111
44 112
44 115
44 116
44 117
44 118
44 122
44 124
44 125
44 129
44 130
44 131
44 133
44 134
44 136
44 137
44 138
44 139
44 140
44 141
44 142
44 143
44 145
44 146
44 147
44 150
44 151
44 152
44 154
44 155
44 156
44 157
44 161
45 47
45 49
45 50
45 51
45 52
45 53
45 54
45 56
45 58
45 59
45 60
45 61
45 62
45 63
45 64
45 65
45 67
45 68
45 69
45 70
45 71
45 72
45 73
45 74
45 75
45 77
45 79
45 80
45 84
45 87
45 88
45 91
45 92
45 94
45 95
45 96
45 97
45 98
45 99
45 100
45 101
45 102
45 103
45 105
45 106
45 107
45 108
45 109
45 112
45 113
45 114
45 115
45 116
45 117
45 118
45 121
45 122
45 124
45 125
45 127
45 128
45 129
45 130
45 131
45 132
45 133
45 134
45 137
45 138
45 139
45 140
45 141
45 142
45 143
45 144
45 145
45 147
45 148
45 149
45 151
45 152
45 154
45 155
45 158
45 159
45 160
45 161
46 48
46 49
46 53
46 54
46 55
46 56
46 61
46 64
46 65
46 66
46 67
46 68
46 69
46 70
46 71
46 72
46 74
46 75
46 76
46 77
46 80
46 84
46 85
46 88
46 89
46 90
46 91
46 93
46 94
46 97
46 99
46 100
46 101
46 103
46 105
46 106
46 107
46 108
46 110
46 112
46 113
46 114
46 115
46 116
46 117
46 118
46 121
46 125
46 126
46 127
46 129
46 131
46 133
46 134
46 135
46 137
46 138
46 140
46 142
46 146
46 147
46 152
46 153
46 154
46 155
46 156
46 158
46 160
46 161
47 49
47 51
47 54
47 57
47 58
47 68
47 72
47 74
47 77
47 80
47 88
47 98
47 99
47 101
47 105
47 108
47 109
47 112
47 113
47 126
47 131
47 133
47 135
47 137
47 143
47 150
47 152
48 49
48 51
48 52
48 54
48 56
48 58
48 65
48 66
48 67
48 68
48 70
48 71
48 73
48 79
48 80
48 87
48 88
48 89
48 91
48 94
48 97
48 98
48 106
48 108
48 113
48 114
48 115
48 117
48 118
48 125
48 127
48 129
48 134
48 137
48 138
48 142
48 145
48 147
48 149
48 150
48 152
48 154
48 157
48 158
48 161
49 50
49 51
49 52
49 53
49 54
49 55
49 56
49 57
49 58
49 59
49 60
49 61
49 62
49 63
49 65
49 66
49 68
49 69
49 70
49 71
49 72
49 73
49 74
49 76
49 77
49 78
49 79
49 80
49 81
49 82
49 83
49 84
49 85
49 86
49 87
49 88
49 89
49 91
49 93
49 94
49 97
49 98
49 99
49 100
49 101
49 102
49 103
49 105
49 106
49 107
49 108
49 109
49 111
49 112
49 113
49 115
49 116
49 118
49 120
49 125
49 126
49 128
49 129
49 130
49 131
49 133
49 134
49 135
49 136
49 137
49 138
49 139
49 141
49 142
49 143
49 145
49 146
49 147
49 149
49 150
49 151
49 152
49 153
49 154
49 156
49 157
49 158
49 159
49 161
50 51
50 52
50 53
50 56
50 58
50 59
50 61
50 63
50 64
50 65
50 67
50 68
50 69
50 70
50 72
50 74
50 75
50 77
50 79
50 80
50 82
50 83
50 85
50 88
50 94
50 97
50 98
50 100
50 101
50 105
50 106
50 107
50 108
50 112
50 113
50 114
50 116
50 117
50 118
50 121
50 127
50 129
50 131
50 134
50 138
50 139
50 141
50 142
50 146
50 149
50 151
50 152
50 156
50 157
50 159
51 52
51 53
51 54
51 55
51 56
51 58
51 59
51 61
51 62
51 63
51 64
51 65
51 66
51 67
51 68
51 69
51 70
51 71
51 72
51 73
51 74
51 75
51 77
51 78
51 79
51 80
51 81
51 84
51 85
51 87
51 88
51 89
51 91
51 94
51 97
51 98
51 99
51 100
51 101
51 102
51 103
51 104
51 105
51 106
51 107
51 108
51 109
51 110
51 111
51 112
51 114
51 115
51 116
51 117
51 118
51 125
51 126
51 127
51 128
51 129
51 130
51 131
51 132
51 133
51 134
51 135
51 136
51 137
51 138
51 139
51 140
51 141
51 142
51 143
51 145
51 146
51 147
51 148
51 149
51 150
51 151
51 152
51 154
51 155
51 157
51 158
51 159
51 160
51 161
52 55
52 58
52 61
52 65
52 66
52 67
52 68
52 70
52 71
52 72
52 73
52 75
52 76
52 79
52 80
52 83
52 85
52 87
52 89
52 91
52 92
52 93
52 97
52 98
52 99
52 101
52 102
52 104
52 106
52 108
52 109
52 110
52 112
52 114
52 115
52 117
52 120
52 122
52 125
52 127
52 128
52 129
52 133
52 134
52 135
52 136
52 138
52 139
52 140
52 141
52 143
52 144
52 146
52 147
52 148
52 152
52 153
52 154
52 155
52 157
52 158
52 161
53 54
53 56
53 58
53 61
53 63
53 64
53 69
53 70
53 73
53 74
53 75
53 77
53 79
53 82
53 84
53 87
53 89
53 92
53 93
53 94
53 97
53 101
53 102
53 103
53 105
53 107
53 108
53 110
53 111
53 112
53 113
53 114
53 115
53 117
53 125
53 126
53 129
53 131
53 133
53 135
53 137
53 139
53 142
53 147
53 150
53 151
53 152
53 154
53 158
53 161
54 56
54 57
54 58
54 59
54 60
54 61
54 62
54 64
54 65
54 66
54 67
54 68
54 69
54 70
54 71
54 72
54 73
54 74
54 75
54 77
54 78
54 79
54 80
54 83
54 84
54 85
54 86
54 87
54 88
54 89
54 91
54 92
54 93
54 94
54 95
54 96
54 97
54 98
54 99
54 100
54 102
54 103
54 104
54 105
54 106
54 107
54 108
54 109
54 111
54 113
54 114
54 115
54 116
54 117
54 118
54 119
54 121
54 122
54 123
54 124
54 125
54 126
54 127
54 128
54 129
54 130
54 131
54 133
54 134
54 135
54 136
54 137
54 138
54 139
54 140
54 142
54 143
54 144
54 145
54 146
54 147
54 149
54 150
54 151
54 152
54 153
54 154
54 157
54 158
54 160
54 161
55 56
55 58
55 59
55 60
55 61
55 62
55 63
55 64
55 65
55 66
55 67
55 68
55 69
55 71
55 72
55 73
55 74
55 75
55 79
55 81
55 82
55 83
55 84
55 88
55 89
55 91
55 93
55 94
55 97
55 98
55 100
55 101
55 102
55 103
55 105
55 106
55 107
55 108
55 109
55 111
55 112
55 113
55 114
55 115
55 116
55 117
55 118
55 120
55 121
55 124
55 126
55 127
55 130
55 131
55 133
55 137
55 138
55 139
55 140
55 142
55 143
55 145
55 147
55 149
55 150
55 151
55 152
55 153
55 154
55 155
55 157
55 158
55 160
55 161
56 58
56 59
56 60
56 61
56 63
56 64
56 66
56 67
56 68
56 69
56 70
56 71
56 72
56 73
56 74
56 75
56 76
56 79
56 80
56 81
56 82
56 84
56 85
56 86
56 87
56 88
56 89
56 90
56 92
56 93
56 94
56 95
56 96
56 97
56 99
56 100
56 101
56 102
56 104
56 105
56 106
56 107
56 108
56 109
56 110
56 112
56 113
56 114
56 115
56 116
56 117
56 118
56 119
56 120
56 121
56 124
56 125
56 126
56 127
56 129
56 130
56 131
56 133
56 134
56 135
56 136
56 137
56 138
56 139
56 141
56 142
56 143
56 144
56 145
56 146
56 147
56 149
56 150
56 152
56 153
56 155
56 156
56 157
56 158
56 159
56 160
56 161
57 64
57 67
57 70
57 71
57 74
57 79
57 86
57 92
57 93
57 97
57 98
57 99
57 101
57 102
57 107
57 108
57 109
57 111
57 112
57 113
57 114
57 115
57 118
57 125
57 128
57 129
57 130
57 131
57 133
57 134
57 137
57 138
57 142
57 147
57 151
57 154
57 158
57 159
58 61
58 63
58 64
58 65
58 66
58 67
58 68
58 69
58 70
58 71
58 72
58 74
58 75
58 76
58 77
58 78
58 79
58 80
58 83
58 84
58 85
58 86
58 90
58 94
58 97
58 98
58 99
58 100
58 101
58 104
58 106
58 107
58 108
58 109
58 112
58 113
58 117
58 118
58 119
58 122
58 125
58 128
58 129
58 130
58 131
58 132
58 133
58 134
58 140
58 141
58 142
58 143
58 145
58 146
58 149
58 150
58 152
58 153
58 154
58 155
58 156
58 158
58 160
58 161
59 63
59 64
59 65
59 66
59 67
59 68
59 69
59 71
59 73
59 75
59 76
59 77
59 82
59 84
59 85
59 86
59 88
59 89
59 92
59 96
59 97
59 99
59 100
59 101
59 102
59 103
59 104
59 107
59 108
59 109
59 111
59 112
59 113
59 114
59 115
59 118
59 125
59 133
59 134
59 138
59 141
59 144
59 146
59 147
59 149
59 151
59 152
59 157
59 158
59 159
59 161
60 64
60 68
60 74
60 79
60 84
60 95
60 97
60 98
60 102
60 106
60 116
60 125
60 128
60 129
60 131
60 145
60 150
60 152
60 154
60 158
61 64
61 67
61 69
61 70
61 71
61 73
61 74
61 77
61 79
61 80
61 84
61 87
61 88
61 89
61 92
61 94
61 97
61 101
61 102
61 103
61 105
61 107
61 109
61 112
61 113
61 115
61 117
61 118
61 126
61 129
61 130
61 133
61 136
61 137
61 138
61 139
61 141
61 147
61 149
61 151
61 152
61 155
61 156
61 157
61 160
62 64
62 65
62 66
62 67
62 68
62 69
62 70
62 71
62 72
62 74
62 75
62 77
62 82
62 89
62 94
62 95
62 97
62 100
62 102
62 106
62 107
62 108
62 109
62 111
62 113
62 115
62 118
62 125
62 126
62 129
62 130
62 131
62 133
62 135
62 139
62 142
62 147
62 150
62 151
62 152
62 153
62 154
62 156
63 64
63 65
63 67
63 68
63 69
63 70
63 71
63 73
63 74
63 75
63 77
63 79
63 83
63 84
63 86
63 87
63 91
63 97
63 98
63 99
63 101
63 102
63 103
63 105
63 106
63 107
63 108
63 109
63 112
63 113
63 114
63 115
63 117
63 118
63 125
63 127
63 130
63 131
63 133
63 138
63 139
63 142
63 145
63 146
63 147
63 148
63 149
63 150
63 151
63 154
63 156
63 157
63 158
63 160
63 161
64 65
64 67
64 68
64 69
64 70
64 71
64 72
64 73
64 74
64 76
64 77
64 78
64 79
64 82
64 83
64 84
64 86
64 88
64 89
64 91
64 92
64 94
64 95
64 96
64 97
64 98
64 99
64 100
64 101
64 105
64 106
64 107
64 109
64 111
64 112
64 113
64 114
64 115
64 117
64 118
64 119
64 121
64 122
64 124
64 125
64 126
64 127
64 129
64 130
64 131
64 132
64 133
64 134
64 135
64 136
64 137
64 138
64 139
64 140
64 141
64 142
64 143
64 145
64 146
64 147
64 148
64 149
64 150
64 151
64 152
64 153
64 154
64 155
64 156
64 157
64 158
64 159
64 160
64 161
65 66
65 67
65 68
65 69
65 70
65 71
65 72
65 73
65 74
65 75
65 77
65 78
65 79
65 80
65 81
65 82
65 83
65 84
65 85
65 86
65 87
65 88
65 89
65 90
65 91
65 92
65 93
65 94
65 95
65 97
65 98
65 99
65 100
65 101
65 102
65 104
65 105
65 106
65 107
65 108
65 113
65 114
65 115
65 116
65 117
65 119
65 121
65 125
65 128
65 129
65 131
65 133
65 134
65 135
65 136
65 137
65 138
65 139
65 142
65 143
65 146
65 147
65 149
65 150
65 151
65 153
65 154
65 155
65 157
65 158
65 160
65 161
66 67
66 68
66 69
66 71
66 72
66 73
66 74
66 75
66 76
66 77
66 80
66 84
66 86
66 87
66 88
66 89
66 91
66 92
66 93
66 94
66 96
66 97
66 99
66 101
66 102
66 104
66 105
66 106
66 107
66 108
66 109
66 111
66 112
66 113
66 114
66 115
66 116
66 118
66 119
66 121
66 124
66 125
66 126
66 127
66 128
66 129
66 130
66 131
66 133
66 134
66 135
66 137
66 138
66 139
66 140
66 142
66 143
66 145
66 146
66 148
66 149
66 150
66 151
66 153
66 154
66 156
66 158
66 159
66 161
67 68
67 69
67 70
67 71
67 72
67 73
67 74
67 75
67 76
67 77
67 79
67 80
67 81
67 82
67 84
67 85
67 87
67 88
67 89
67 90
67 91
67 92
67 93
67 94
67 95
67 97
67 99
67 100
67 101
67 102
67 104
67 105
67 106
67 107
67 109
67 111
67 113
67 115
67 116
67 117
67 118
67 119
67 123
67 124
67 125
67 126
67 127
67 129
67 131
67 133
67 134
67 135
67 137
67 138
67 140
67 141
67 142
67 143
67 145
67 146
67 147
67 149
67 151
67 152
67 153
67 154
67 156
67 157
67 159
67 160
67 161
68 69
68 70
68 72
68 73
68 74
68 75
68 76
68 77
68 79
68 82
68 83
68 84
68 85
68 86
68 87
68 88
68 89
68 90
68 91
68 93
68 94
68 95
68 96
68 97
68 98
68 100
68 101
68 102
68 103
68 104
68 105
68 106
68 107
68 108
68 109
68 111
68 112
68 113
68 115
68 116
68 117
68 118
68 122
68 125
68 126
68 129
68 130
68 131
68 132
68 133
68 135
68 136
68 137
68 138
68 139
68 140
68 141
68 142
68 145
68 146
68 147
68 148
68 149
68 150
68 152
68 153
68 154
68 155
68 157
68 158
68 159
68 160
69 70
69 71
69 72
69 73
69 74
69 75
69 77
69 78
69 79
69 80
69 81
69 82
69 84
69 86
69 87
69 88
69 89
69 91
69 92
69 93
69 94
69 98
69 99
69 100
69 101
69 102
69 103
69 105
69 106
69 108
69 109
69 111
69 113
69 114
69 115
69 116
69 117
69 118
69 119
69 120
69 125
69 126
69 128
69 130
69 131
69 133
69 136
69 138
69 139
69 140
69 141
69 142
69 143
69 145
69 146
69 147
69 149
69 150
69 151
69 153
69 154
69 155
69 158
69 161
70 71
70 72
70 73
70 74
70 75
70 77
70 79
70 80
70 81
70 82
70 83
70 84
70 85
70 87
70 88
70 89
70 90
70 91
70 92
70 93
70 94
70 97
70 98
70 99
70 100
70 101
70 102
70 103
70 104
70 105
70 106
70 108
70 109
70 110
70 111
70 112
70 113
70 114
70 115
70 117
70 118
70 119
70 123
70 125
70 126
70 127
70 128
70 129
70 130
70 131
70 134
70 135
70 137
70 138
70 139
70 140
70 141
70 142
70 143
70 145
70 146
70 147
70 148
70 149
70 150
70 151
70 153
70 154
70 155
70 156
70 158
70 160
70 161
71 74
71 75
71 77
71 79
71 80
71 81
71 83
71 84
71 87
71 88
71 89
71 92
71 93
71 94
71 95
71 96
71 97
71 98
71 99
71 100
71 101
71 103
71 104
71 105
71 106
71 107
71 108
71 109
71 110
71 111
71 112
71 113
71 114
71 115
71 116
71 118
71 123
71 124
71 125
71 126
71 129
71 131
71 133
71 134
71 135
71 136
71 138
71 140
71 142
71 147
71 149
71 150
71 151
71 152
71 153
71 154
71 155
71 157
71 158
71 159
71 161
72 73
72 74
72 75
72 76
72 77
72 79
72 80
72 83
72 84
72 85
72 86
72 87
72 88
72 89
72 90
72 91
72 92
72 93
72 94
72 95
72 97
72 98
72 101
72 102
72 103
72 104
72 105
72 106
72 108
72 109
72 111
72 112
72 113
72 114
72 115
72 116
72 117
72 118
72 121
72 124
72 125
72 126
72 128
72 129
72 130
72 131
72 133
72 134
72 135
72 136
72 137
72 138
72 139
72 140
72 141
72 142
72 143
72 144
72 145
72 147
72 148
72 149
72 150
72 151
72 152
72 153
72 154
72 157
72 158
72 159
72 160
72 161
73 74
73 75
73 80
73 81
73 82
73 83
73 84
73 85
73 89
73 90
73 91
73 92
73 94
73 96
73 97
73 98
73 99
73 100
73 101
73 102
73 103
73 104
73 105
73 107
73 108
73 112
73 114
73 115
73 116
73 117
73 122
73 125
73 128
73 131
73 133
73 134
73 137
73 138
73 139
73 140
73 141
73 142
73 145
73 146
73 151
73 153
73 154
73 155
73 157
73 158
73 161
74 75
74 77
74 78
74 79
74 80
74 82
74 83
74 84
74 85
74 86
74 88
74 89
74 90
74 93
74 94
74 95
74 96
74 98
74 99
74 100
74 101
74 102
74 103
74 105
74 106
74 107
74 108
74 109
74 110
74 114
74 115
74 116
74 117
74 118
74 122
74 123
74 126
74 127
74 128
74 129
74 130
74 131
74 132
74 133
74 134
74 135
74 136
74 137
74 138
74 139
74 140
74 141
74 145
74 146
74 147
74 148
74 149
74 150
74 151
74 152
74 153
74 154
74 155
74 156
74 157
74 159
74 160
74 161
75 77
75 80
75 83
75 85
75 88
75 89
75 90
75 91
75 92
75 93
75 94
75 95
75 97
75 98
75 99
75 101
75 102
75 103
75 104
75 105
75 106
75 108
75 109
75 111
75 112
75 113
75 114
75 115
75 116
75 120
75 121
75 123
75 125
75 126
75 127
75 128
75 130
75 131
75 133
75 134
75 137
75 138
75 141
75 142
75 144
75 145
75 146
75 147
75 148
75 150
75 151
75 152
75 153
75 154
75 155
75 156
75 157
75 158
75 161
76 77
76 83
76 84
76 86
76 87
76 89
76 91
76 92
76 94
76 96
76 97
76 98
76 99
76 101
76 102
76 103
76 105
76 107
76 108
76 109
76 111
76 112
76 113
76 115
76 117
76 118
76 119
76 125
76 129
76 133
76 134
76 135
76 137
76 138
76 141
76 149
76 150
76 151
76 152
76 157
76 158
77 81
77 82
77 83
77 84
77 85
77 88
77 89
77 93
77 94
77 99
77 100
77 101
77 104
77 106
77 108
77 109
77 110
77 112
77 113
77 114
77 115
77 117
77 118
77 119
77 120
77 123
77 124
77 125
77 126
77 127
77 128
77 129
77 130
77 131
77 133
77 134
77 136
77 137
77 138
77 139
77 142
77 144
77 145
77 146
77 147
77 149
77 151
77 155
77 157
77 158
77 160
77 161
78 82
78 84
78 93
78 94
78 97
78 99
78 103
78 105
78 106
78 113
78 114
78 115
78 133
78 134
78 137
78 138
78 142
78 146
78 147
78 151
78 152
78 154
78 158
79 80
79 81
79 83
79 85
79 86
79 87
79 88
79 89
79 90
79 93
79 94
79 99
79 100
79 101
79 102
79 103
79 105
79 106
79 107
79 108
79 110
79 111
79 112
79 113
79 114
79 115
79 118
79 119
79 121
79 122
79 124
79 126
79 127
79 128
79 129
79 132
79 133
79 134
79 135
79 136
79 137
79 138
79 139
79 141
79 143
79 145
79 146
79 147
79 148
79 149
79 150
79 151
79 152
79 153
79 154
79 157
79 158
79 160
79 161
80 81
80 82
80 83
80 89
80 90
80 92
80 93
80 94
80 97
80 100
80 101
80 103
80 106
80 107
80 108
80 109
80 111
80 115
80 116
80 117
80 118
80 122
80 126
80 130
80 131
80 133
80 134
80 139
80 142
80 145
80 146
80 147
80 148
80 149
80 150
80 152
80 153
80 154
80 157
80 158
80 159
81 83
81 89
81 94
81 97
81 99
81 101
81 102
81 103
81 106
81 113
81 114
81 115
81 118
81 126
81 128
81 131
81 133
81 140
81 141
81 146
81 148
81 150
81 151
81 154
81 157
82 85
82 86
82 87
82 88
82 89
82 91
82 94
82 97
82 101
82 102
82 103
82 104
82 106
82 107
82 109
82 112
82 113
82 115
82 125
82 126
82 127
82 129
82 133
82 134
82 135
82 137
82 138
82 140
82 141
82 142
82 145
82 147
82 149
82 150
82 151
82 154
82 160
83 87
83 88
83 91
83 92
83 96
83 97
83 98
83 104
83 105
83 106
83 107
83 108
83 109
83 111
83 114
83 115
83 117
83 118
83 121
83 125
83 126
83 133
83 134
83 136
83 137
83 139
83 142
83 145
83 146
83 149
83 150
83 152
83 153
83 154
83 158
83 161
84 87
84 88
84 89
84 90
84 91
84 93
84 94
84 97
84 98
84 99
84 102
84 103
84 105
84 106
84 107
84 108
84 109
84 111
84 112
84 113
84 114
84 116
84 117
84 118
84 120
84 122
84 125
84 126
84 129
84 131
84 134
84 135
84 136
84 137
84 142
84 143
84 145
84 146
84 147
84 150
84 151
84 152
84 153
84 154
84 157
84 158
84 159
84 161
85 87
85 89
85 90
85 92
85 94
85 97
85 98
85 99
85 102
85 105
85 107
85 108
85 109
85 110
85 111
85 113
85 114
85 115
85 117
85 118
85 126
85 129
85 130
85 133
85 134
85 137
85 139
85 145
85 146
85 150
85 152
85 154
85 155
86 88
86 89
86 92
86 93
86 94
86 96
86 98
86 99
86 100
86 101
86 102
86 104
86 105
86 108
86 109
86 111
86 113
86 114
86 117
86 118
86 123
86 125
86 126
86 129
86 131
86 133
86 134
86 136
86 137
86 138
86 141
86 143
86 145
86 146
86 147
86 150
86 152
86 154
86 157
86 159
86 161
87 88
87 90
87 92
87 97
87 98
87 99
87 101
87 102
87 103
87 105
87 106
87 109
87 110
87 113
87 115
87 117
87 118
87 124
87 125
87 129
87 130
87 131
87 133
87 135
87 137
87 138
87 139
87 142
87 147
87 148
87 149
87 150
87 152
87 153
87 154
87 157
87 158
87 159
87 160
87 161
88 89
88 91
88 94
88 95
88 97
88 100
88 103
88 105
88 109
88 112
88 113
88 114
88 115
88 118
88 124
88 125
88 126
88 128
88 129
88 131
88 133
88 134
88 135
88 137
88 138
88 141
88 142
88 145
88 146
88 147
88 148
88 150
88 153
88 158
88 159
88 160
88 161
89 90
89 91
89 92
89 93
89 94
89 95
89 96
89 97
89 98
89 99
89 100
89 101
89 102
89 104
89 105
89 106
89 107
89 108
89 109
89 111
89 113
89 114
89 115
89 117
89 118
89 122
89 123
89 124
89 126
89 127
89 128
89 130
89 131
89 132
89 133
89 134
89 135
89 136
89 137
89 138
89 139
89 140
89 141
89 142
89 143
89 144
89 145
89 146
89 147
89 148
89 149
89 150
89 151
89 152
89 155
89 157
89 158
89 159
89 161
90 91
90 93
90 94
90 97
90 98
90 99
90 100
90 101
90 105
90 106
90 107
90 108
90 109
90 111
90 113
90 115
90 117
90 118
90 121
90 125
90 127
90 129
90 130
90 133
90 137
90 138
90 146
90 150
90 151
90 152
90 153
91 94
91 95
91 98
91 101
91 105
91 106
91 108
91 113
91 114
91 115
91 117
91 125
91 129
91 133
91 136
91 138
91 139
91 141
91 142
91 143
91 150
91 152
91 153
91 154
91 157
91 158
91 159
91 161
92 93
92 95
92 97
92 98
92 99
92 101
92 102
92 105
92 106
92 108
92 111
92 114
92 116
92 118
92 125
92 127
92 129
92 130
92 131
92 134
92 135
92 137
92 138
92 146
92 147
92 150
92 151
92 153
92 154
92 158
92 159
93 94
93 97
93 100
93 101
93 103
93 106
93 108
93 109
93 112
93 113
93 117
93 118
93 124
93 125
93 126
93 127
93 128
93 129
93 130
93 131
93 134
93 135
93 137
93 138
93 139
93 140
93 142
93 146
93 147
93 150
93 151
93 152
93 153
93 154
93 157
93 158
93 161
94 97
94 99
94 101
94 102
94 103
94 104
94 105
94 106
94 108
94 109
94 110
94 112
94 113
94 114
94 115
94 116
94 117
94 118
94 122
94 125
94 126
94 129
94 130
94 131
94 133
94 134
94 135
94 136
94 137
94 139
94 140
94 141
94 143
94 146
94 148
94 149
94 150
94 151
94 152
94 153
94 154
94 155
94 157
94 159
94 160
95 97
95 101
95 106
95 108
95 110
95 112
95 115
95 125
95 129
95 130
95 133
95 135
95 137
95 138
95 139
95 141
95 142
95 146
95 147
95 149
95 150
95 151
95 152
95 153
95 154
95 155
95 158
96 97
96 100
96 101
96 102
96 103
96 106
96 110
96 111
96 113
96 114
96 115
96 116
96 117
96 125
96 126
96 129
96 131
96 135
96 136
96 137
96 144
96 146
96 152
96 154
96 157
97 99
97 100
97 101
97 102
97 103
97 104
97 105
97 106
97 107
97 108
97 109
97 110
97 113
97 114
97 115
97 117
97 118
97 119
97 120
97 122
97 125
97 128
97 129
97 130
97 131
97 133
97 134
97 136
97 137
97 138
97 139
97 140
97 142
97 143
97 146
97 147
97 150
97 151
97 152
97 153
97 154
97 155
97 156
97 157
97 158
97 159
98 102
98 106
98 109
98 113
98 114
98 119
98 125
98 126
98 128
98 133
98 134
98 135
98 137
98 138
98 139
98 142
98 146
98 147
98 150
98 152
98 153
98 156
98 159
98 161
99 101
99 102
99 103
99 105
99 106
99 109
99 110
99 112
99 115
99 116
99 117
99 118
99 120
99 123
99 124
99 125
99 126
99 131
99 133
99 134
99 135
99 137
99 138
99 145
99 146
99 147
99 150
99 151
99 153
99 154
99 157
99 161
100 101
100 102
100 106
100 109
100 113
100 114
100 117
100 118
100 120
100 121
100 129
100 131
100 133
100 134
100 136
100 138
100 139
100 142
100 147
100 149
100 151
100 152
100 153
100 154
100 157
100 158
100 161
101 102
101 103
101 105
101 108
101 109
101 111
101 112
101 113
101 115
101 117
101 118
101 122
101 125
101 126
101 128
101 129
101 130
101 131
101 133
101 134
101 136
101 137
101 138
101 139
101 141
101 142
101 145
101 146
101 147
101 149
101 150
101 151
101 153
101 154
101 155
101 156
101 157
101 158
101 159
101 160
102 104
102 105
102 106
102 107
102 108
102 109
102 111
102 112
102 113
102 114
102 115
102 116
102 117
102 118
102 119
102 121
102 122
102 123
102 125
102 127
102 128
102 129
102 130
102 131
102 133
102 134
102 135
102 136
102 137
102 138
102 139
102 140
102 141
102 142
102 143
102 145
102 146
102 147
102 150
102 151
102 152
102 153
102 154
102 156
102 157
102 158
102 160
103 106
103 111
103 112
103 113
103 114
103 115
103 117
103 118
103 124
103 125
103 127
103 128
103 129
103 131
103 137
103 140
103 142
103 146
103 147
103 148
103 153
103 154
103 156
103 157
103 161
104 105
104 106
104 108
104 109
104 111
104 112
104 113
104 115
104 122
104 129
104 134
104 135
104 138
104 140
104 145
104 146
104 151
104 152
104 153
104 157
104 158
105 106
105 107
105 108
105 109
105 110
105 111
105 112
105 114
105 115
105 116
105 117
105 118
105 122
105 128
105 129
105 131
105 134
105 135
105 136
105 138
105 139
105 140
105 142
105 145
105 146
105 147
105 148
105 149
105 150
105 151
105 152
105 153
105 154
105 157
105 158
105 159
105 161
106 107
106 108
106 109
106 110
106 111
106 112
106 113
106 114
106 115
106 116
106 117
106 118
106 119
106 120
106 121
106 122
106 124
106 125
106 127
106 128
106 129
106 130
106 131
106 132
106 133
106 134
106 135
106 136
106 137
106 138
106 139
106 140
106 142
106 143
106 145
106 146
106 148
106 149
106 150
106 151
106 152
106 155
106 157
106 158
106 159
106 160
106 161
107 108
107 109
107 111
107 112
107 113
107 114
107 115
107 116
107 117
107 118
107 121
107 124
107 129
107 131
107 132
107 133
107 134
107 137
107 138
107 139
107 141
107 142
107 143
107 145
107 147
107 150
107 151
107 152
107 153
107 154
107 157
107 158
107 160
107 161
108 109
108 110
108 111
108 112
108 113
108 114
108 115
108 116
108 117
108 118
108 120
108 122
108 125
108 126
108 128
108 129
108 131
108 132
108 133
108 134
108 135
108 136
108 137
108 138
108 139
108 140
108 141
108 142
108 143
108 145
108 146
108 147
108 149
108 150
108 151
108 153
108 154
108 155
108 156
108 157
108 158
108 159
108 160
109 111
109 112
109 113
109 114
109 116
109 117
109 118
109 119
109 124
109 125
109 127
109 129
109 130
109 134
109 135
109 137
109 138
109 139
109 140
109 142
109 143
109 147
109 149
109 150
109 151
109 152
109 153
109 154
109 157
109 158
109 159
110 113
110 117
110 118
110 126
110 128
110 136
110 138
110 139
110 140
110 142
110 147
110 150
110 152
110 154
111 112
111 113
111 114
111 115
111 118
111 125
111 126
111 127
111 129
111 131
111 133
111 134
111 137
111 139
111 140
111 142
111 143
111 145
111 147
111 152
111 153
111 154
111 155
111 157
112 113
112 115
112 116
112 118
112 120
112 121
112 122
112 124
112 125
112 126
112 129
112 130
112 131
112 133
112 134
112 135
112 136
112 137
112 139
112 142
112 145
112 146
112 147
112 150
112 151
112 152
112 154
112 155
112 157
112 158
112 159
112 160
112 161
113 114
113 115
113 116
113 117
113 118
113 119
113 125
113 126
113 128
113 129
113 130
113 133
113 134
113 135
113 136
113 137
113 138
113 139
113 140
113 141
113 143
113 144
113 146
113 147
113 150
113 151
113 152
113 153
113 154
113 157
113 158
113 159
113 161
114 115
114 116
114 117
114 118
114 122
114 125
114 126
114 128
114 129
114 130
114 131
114 133
114 134
114 135
114 136
114 137
114 138
114 139
114 140
114 141
114 142
114 143
114 146
114 147
114 150
114 151
114 152
114 153
114 154
114 157
114 158
114 159
114 161
115 116
115 117
115 120
115 122
115 125
115 129
115 130
115 131
115 133
115 134
115 137
115 138
115 139
115 142
115 143
115 145
115 146
115 147
115 148
115 149
115 150
115 151
115 152
115 153
115 154
115 155
115 157
115 158
115 159
115 160
116 117
116 118
116 124
116 128
116 131
116 132
116 133
116 136
116 137
116 138
116 139
116 147
116 151
116 152
116 158
116 159
117 118
117 125
117 126
117 127
117 129
117 130
117 131
117 133
117 134
117 135
117 136
117 137
117 138
117 139
117 140
117 142
117 144
117 145
117 146
117 147
117 150
117 151
117 152
117 153
117 154
117 157
117 158
117 160
117 161
118 119
118 120
118 123
118 125
118 126
118 129
118 130
118 131
118 133
118 134
118 135
118 136
118 137
118 138
118 141
118 142
118 145
118 147
118 149
118 150
118 151
118 152
118 153
118 154
118 156
118 157
118 158
118 159
119 125
119 128
119 129
119 134
119 140
119 143
119 150
119 151
119 152
119 154
119 158
120 125
120 133
120 137
120 138
120 139
120 142
120 143
120 147
120 149
120 152
120 154
120 161
121 125
121 126
121 130
121 135
121 147
121 150
121 151
121 158
121 161
122 131
122 134
122 137
122 138
122 139
122 146
122 151
122 157
123 129
123 131
123 135
123 140
123 151
123 152
124 131
124 134
124 137
124 138
124 141
124 147
124 151
124 154
124 156
124 157
124 158
124 161
125 126
125 128
125 129
125 130
125 131
125 132
125 133
125 134
125 135
125 136
125 137
125 138
125 139
125 141
125 142
125 146
125 147
125 148
125 149
125 151
125 152
125 153
125 154
125 155
125 157
125 158
125 160
125 161
126 129
126 130
126 131
126 135
126 136
126 137
126 138
126 141
126 142
126 143
126 144
126 146
126 147
126 151
126 152
126 153
126 154
126 156
126 157
126 158
126 161
127 131
127 137
127 142
127 145
127 149
127 151
127 154
127 157
127 159
127 161
128 129
128 130
128 134
128 137
128 138
128 139
128 141
128 143
128 146
128 147
128 150
128 151
128 154
128 157
128 158
128 160
128 161
129 130
129 131
129 132
129 133
129 134
129 135
129 136
129 137
129 138
129 139
129 141
129 142
129 143
129 145
129 146
129 147
129 150
129 151
129 152
129 154
129 155
129 156
129 158
129 159
129 160
129 161
130 131
130 132
130 133
130 134
130 137
130 138
130 146
130 147
130 148
130 149
130 151
130 152
130 153
130 154
130 155
130 158
130 159
130 161
131 133
131 134
131 135
131 136
131 137
131 138
131 139
131 140
131 141
131 142
131 143
131 145
131 146
131 147
131 148
131 149
131 150
131 151
131 152
131 153
131 156
131 157
131 158
131 159
131 160
131 161
132 136
132 139
132 142
132 146
132 157
132 161
133 134
133 135
133 137
133 139
133 140
133 141
133 142
133 143
133 144
133 145
133 146
133 147
133 148
133 150
133 151
133 152
133 154
133 155
133 157
133 158
133 159
133 160
133 161
134 135
134 136
134 137
134 138
134 142
134 143
134 144
134 145
134 146
134 147
134 148
134 149
134 150
134 151
134 152
134 153
134 154
134 157
134 158
134 160
135 136
135 137
135 139
135 140
135 142
135 143
135 145
135 146
135 148
135 150
135 152
135 153
135 157
135 158
135 160
135 161
136 137
136 142
136 143
136 145
136 146
136 147
136 149
136 150
136 151
136 154
136 157
136 158
136 161
137 139
137 140
137 141
137 142
137 143
137 144
137 145
137 146
137 147
137 149
137 150
137 151
137 153
137 154
137 157
137 158
137 159
137 160
137 161
138 139
138 141
138 142
138 145
138 146
138 147
138 149
138 150
138 151
138 152
138 153
138 155
138 157
138 158
138 160
138 161
139 140
139 141
139 142
139 143
139 145
139 146
139 147
139 148
139 152
139 153
139 154
139 157
139 158
139 159
139 161
140 142
140 143
140 146
140 148
140 150
140 154
141 142
141 145
141 148
141 149
141 150
141 153
141 154
141 155
141 156
141 157
141 158
141 159
141 161
142 144
142 145
142 146
142 147
142 150
142 152
142 153
142 154
142 157
142 158
142 159
142 160
142 161
143 147
143 152
143 154
143 157
143 158
143 160
144 152
144 158
145 147
145 148
145 149
145 151
145 152
145 158
145 159
146 147
146 148
146 150
146 151
146 152
146 153
146 154
146 158
146 160
147 149
147 152
147 153
147 154
147 155
147 158
147 159
147 160
147 161
148 149
148 150
148 151
148 152
148 154
148 158
149 150
149 152
149 154
149 156
149 157
149 160
149 161
150 151
150 152
150 153
150 154
150 157
150 158
150 159
150 160
150 161
151 152
151 153
151 154
151 157
151 158
151 159
151 160
151 161
152 153
152 154
152 155
152 157
152 158
152 161
153 155
153 156
153 157
153 158
153 161
154 155
154 157
154 158
154 160
155 157
155 158
156 158
156 161
157 158
157 160
157 161
158 160
158 161
159 160
159 161
160 161
