0 3
0 4
0 6
0 7
0 10
0 19
0 21
0 26
0 30
0 31
0 36
0 42
0 44
0 45
0 51
0 52
0 55
0 56
0 58
0 59
0 66
0 67
0 68
0 69
0 70
0 71
0 72
0 74
0 75
0 76
0 77
0 78
0 79
0 81
0 84
0 86
0 89
0 92
0 94
0 97
0 98
0 101
0 102
0 105
0 106
0 107
0 108
0 111
0 112
0 113
0 115
0 117
0 119
0 125
0 127
0 129
0 130
0 131
0 133
0 134
0 135
0 138
0 139
0 142
0 145
0 146
0 147
0 149
0 151
0 153
0 154
0 155
0 158
0 159
0 160
1 3
1 4
1 6
1 7
1 10
1 18
1 19
1 22
1 24
1 26
1 29
1 30
1 33
1 37
1 38
1 41
1 45
1 49
1 51
1 52
1 53
1 54
1 55
1 56
1 58
1 61
1 62
1 63
1 65
1 69
1 71
1 72
1 73
1 74
1 76
1 77
1 81
1 82
1 84
1 89
1 90
1 92
1 94
1 102
1 103
1 105
1 106
1 115
1 116
1 117
1 120
1 125
1 127
1 128
1 130
1 131
1 134
1 136
1 137
1 138
1 141
1 142
1 145
1 147
1 150
1 151
1 152
1 153
1 154
1 155
1 157
1 159
1 161
2 4
2 6
2 10
2 11
2 14
2 17
2 18
2 20
2 21
2 24
2 25
2 26
2 31
2 36
2 40
2 42
2 43
2 45
2 48
2 54
2 55
2 58
2 61
2 63
2 66
2 67
2 68
2 69
2 70
2 71
2 72
2 73
2 74
2 77
2 79
2 80
2 81
2 82
2 84
2 86
2 87
2 88
2 89
2 91
2 94
2 97
2 98
2 99
2 100
2 102
2 105
2 106
2 112
2 113
2 114
2 116
2 117
2 118
2 125
2 131
2 133
2 134
2 135
2 137
2 138
2 139
2 142
2 145
2 146
2 147
2 149
2 150
2 152
2 154
2 158
3 5
3 6
3 7
3 9
3 11
3 14
3 22
3 24
3 26
3 30
3 33
3 34
3 35
3 36
3 40
3 46
3 49
3 51
3 52
3 56
3 58
3 61
3 63
3 65
3 67
3 68
3 69
3 71
3 72
3 73
3 74
3 77
3 80
3 81
3 84
3 87
3 89
3 92
3 93
3 95
3 96
3 97
3 101
3 105
3 111
3 115
3 117
3 118
3 119
3 125
3 127
3 130
3 131
3 134
3 135
3 137
3 146
3 147
3 148
3 150
3 151
3 152
4 5
4 6
4 8
4 9
4 10
4 11
4 12
4 13
4 14
4 15
4 16
4 18
4 19
4 20
4 21
4 22
4 23
4 25
4 26
4 28
4 30
4 31
4 35
4 37
4 38
4 39
4 40
4 42
4 43
4 44
4 45
4 47
4 48
4 49
4 50
4 51
4 54
4 56
4 60
4 61
4 63
4 64
4 65
4 66
4 67
4 68
4 69
4 70
4 71
4 72
4 73
4 74
4 75
4 76
4 77
4 79
4 80
4 83
4 86
4 88
4 89
4 90
4 91
4 93
4 94
4 95
4 96
4 98
4 99
4 100
4 101
4 102
4 103
4 104
4 106
4 107
4 110
4 111
4 112
4 113
4 114
4 115
4 116
4 117
4 118
4 119
4 120
4 125
4 126
4 128
4 129
4 130
4 131
4 132
4 133
4 134
4 135
4 136
4 137
4 138
4 139
4 140
4 141
4 142
4 146
4 147
4 148
4 149
4 150
4 151
4 153
4 154
4 155
4 157
4 158
4 159
4 161
5 9
5 10
5 13
5 14
5 19
5 21
5 22
5 24
5 27
5 29
5 30
5 31
5 32
5 36
5 37
5 38
5 40
5 41
5 43
5 44
5 45
5 51
5 54
5 58
5 63
5 64
5 65
5 66
5 67
5 68
5 70
5 71
5 73
5 75
5 76
5 77
5 80
5 82
5 88
5 89
5 90
5 94
5 95
5 97
5 99
5 101
5 102
5 104
5 105
5 109
5 112
5 113
5 114
5 115
5 116
5 117
5 118
5 121
5 125
5 131
5 137
5 139
5 145
5 147
5 151
5 158
5 159
6 7
6 8
6 9
6 10
6 11
6 12
6 14
6 15
6 16
6 18
6 19
6 20
6 21
6 24
6 25
6 26
6 30
6 31
6 32
6 33
6 34
6 35
6 36
6 38
6 40
6 42
6 43
6 44
6 45
6 46
6 47
6 48
6 50
6 51
6 53
6 54
6 56
6 57
6 58
6 59
6 61
6 63
6 64
6 65
6 66
6 67
6 68
6 69
6 70
6 71
6 72
6 73
6 74
6 75
6 76
6 79
6 80
6 81
6 82
6 83
6 84
6 85
6 86
6 87
6 88
6 89
6 90
6 91
6 92
6 93
6 94
6 95
6 96
6 97
6 98
6 100
6 101
6 104
6 105
6 106
6 107
6 109
6 110
6 111
6 112
6 113
6 114
6 115
6 116
6 118
6 119
6 120
6 121
6 126
6 127
6 129
6 130
6 131
6 132
6 133
6 134
6 135
6 136
6 137
6 139
6 141
6 142
6 143
6 145
6 147
6 149
6 150
6 151
6 153
6 154
6 157
6 158
6 159
6 160
6 161
7 8
7 9
7 10
7 11
7 12
7 13
7 14
7 15
7 16
7 18
7 19
7 20
7 21
7 23
7 24
7 26
7 28
7 30
7 31
7 32
7 33
7 35
7 36
7 37
7 38
7 39
7 40
7 41
7 43
7 45
7 46
7 48
7 49
7 50
7 51
7 55
7 56
7 58
7 60
7 62
7 63
7 64
7 65
7 66
7 67
7 68
7 69
7 70
7 71
7 72
7 73
7 74
7 75
7 77
7 79
7 80
7 81
7 82
7 83
7 84
7 85
7 86
7 87
7 88
7 89
7 91
7 92
7 93
7 94
7 96
7 97
7 98
7 99
7 101
7 102
7 103
7 104
7 105
7 106
7 107
7 108
7 109
7 110
7 111
7 112
7 113
7 114
7 115
7 116
7 117
7 118
7 119
7 121
7 123
7 124
7 125
7 126
7 127
7 129
7 130
7 131
7 133
7 134
7 135
7 136
7 138
7 139
7 141
7 142
7 143
7 144
7 145
7 146
7 147
7 148
7 149
7 150
7 151
7 152
7 153
7 154
7 156
7 157
7 158
7 159
7 161
8 11
8 14
8 21
8 22
8 26
8 31
8 32
8 36
8 40
8 44
8 45
8 51
8 58
8 63
8 65
8 66
8 67
8 68
8 71
8 72
8 77
8 89
8 90
8 91
8 94
8 97
8 102
8 103
8 105
8 107
8 108
8 112
8 114
8 115
8 117
8 118
8 125
8 126
8 128
8 129
8 135
8 137
8 138
8 139
8 142
8 143
8 147
8 150
8 151
8 152
8 153
8 154
8 157
8 158
8 161
9 10
9 11
9 13
9 14
9 15
9 18
9 19
9 20
9 21
9 24
9 26
9 27
9 28
9 29
9 30
9 31
9 32
9 34
9 37
9 38
9 39
9 40
9 42
9 44
9 46
9 47
9 48
9 49
9 54
9 55
9 56
9 58
9 59
9 61
9 62
9 63
9 64
9 65
9 66
9 68
9 69
9 70
9 71
9 72
9 73
9 75
9 76
9 79
9 80
9 83
9 85
9 86
9 87
9 89
9 92
9 93
9 95
9 96
9 97
9 98
9 99
9 101
9 102
9 103
9 105
9 106
9 107
9 108
9 109
9 110
9 111
9 112
9 113
9 115
9 118
9 124
9 125
9 126
9 127
9 128
9 129
9 131
9 132
9 133
9 134
9 136
9 137
9 139
9 141
9 142
9 145
9 146
9 147
9 150
9 151
9 152
9 153
9 154
9 158
9 159
10 11
10 13
10 16
10 18
10 19
10 21
10 22
10 24
10 25
10 26
10 29
10 30
10 31
10 34
10 36
10 37
10 44
10 45
10 46
10 47
10 49
10 50
10 51
10 54
10 55
10 56
10 59
10 61
10 63
10 64
10 66
10 67
10 68
10 69
10 70
10 72
10 73
10 74
10 77
10 79
10 80
10 84
10 86
10 87
10 88
10 90
10 91
10 92
10 93
10 94
10 95
10 97
10 101
10 102
10 103
10 105
10 106
10 107
10 108
10 109
10 112
10 113
10 114
10 117
10 119
10 120
10 122
10 125
10 126
10 128
10 129
10 131
10 132
10 133
10 135
10 136
10 138
10 139
10 140
10 142
10 143
10 146
10 147
10 148
10 150
10 151
10 152
10 153
10 154
10 155
10 158
10 160
10 161
11 13
11 14
11 15
11 18
11 19
11 21
11 25
11 26
11 28
11 29
11 30
11 31
11 32
11 35
11 37
11 38
11 40
11 42
11 43
11 44
11 45
11 46
11 48
11 49
11 51
11 52
11 54
11 55
11 56
11 58
11 60
11 61
11 62
11 63
11 64
11 66
11 67
11 68
11 70
11 71
11 72
11 73
11 74
11 76
11 77
11 78
11 79
11 80
11 81
11 82
11 86
11 87
11 88
11 89
11 90
11 91
11 92
11 93
11 94
11 96
11 97
11 98
11 99
11 100
11 101
11 102
11 103
11 104
11 105
11 106
11 107
11 108
11 109
11 110
11 113
11 114
11 115
11 116
11 117
11 118
11 124
11 125
11 126
11 127
11 128
11 129
11 131
11 133
11 134
11 137
11 138
11 139
11 141
11 142
11 144
11 145
11 146
11 147
11 148
11 150
11 151
11 152
11 156
11 157
11 158
11 159
11 160
12 13
12 14
12 18
12 19
12 21
12 26
12 32
12 34
12 36
12 38
12 40
12 45
12 52
12 54
12 55
12 56
12 57
12 59
12 62
12 63
12 64
12 66
12 67
12 68
12 70
12 71
12 72
12 73
12 74
12 75
12 82
12 84
12 86
12 88
12 92
12 93
12 94
12 99
12 100
12 101
12 102
12 106
12 108
12 111
12 113
12 114
12 115
12 117
12 118
12 120
12 121
12 127
12 129
12 131
12 133
12 134
12 135
12 137
12 138
12 141
12 142
12 143
12 147
12 150
12 151
12 153
12 157
12 158
12 160
12 161
13 14
13 19
13 20
13 21
13 24
13 25
13 26
13 35
13 37
13 38
13 40
13 41
13 43
13 45
13 48
13 49
13 52
13 54
13 55
13 56
13 57
13 58
13 64
13 65
13 66
13 68
13 69
13 70
13 74
13 75
13 79
13 82
13 84
13 89
13 97
13 99
13 102
13 103
13 105
13 108
13 109
13 112
13 114
13 115
13 120
13 123
13 124
13 125
13 129
13 130
13 131
13 134
13 136
13 137
13 138
13 139
13 140
13 141
13 147
13 151
13 154
13 157
14 16
14 18
14 19
14 20
14 21
14 23
14 24
14 25
14 26
14 27
14 28
14 29
14 30
14 31
14 32
14 35
14 36
14 37
14 38
14 40
14 41
14 42
14 44
14 45
14 46
14 48
14 49
14 50
14 51
14 52
14 54
14 55
14 56
14 57
14 58
14 59
14 60
14 61
14 62
14 63
14 64
14 65
14 66
14 67
14 68
14 69
14 70
14 71
14 72
14 73
14 74
14 75
14 79
14 80
14 81
14 85
14 86
14 87
14 88
14 89
14 90
14 91
14 92
14 93
14 94
14 95
14 97
14 99
14 100
14 101
14 102
14 103
14 104
14 105
14 106
14 108
14 109
14 110
14 112
14 114
14 115
14 116
14 117
14 118
14 119
14 120
14 121
14 122
14 123
14 125
14 126
14 128
14 129
14 130
14 131
14 133
14 134
14 135
14 137
14 138
14 139
14 140
14 141
14 143
14 144
14 146
14 148
14 149
14 150
14 151
14 152
14 153
14 154
14 156
14 157
14 158
14 159
14 160
15 16
15 18
15 19
15 22
15 24
15 25
15 26
15 30
15 32
15 33
15 37
15 41
15 44
15 45
15 49
15 51
15 54
15 59
15 61
15 63
15 64
15 65
15 66
15 69
15 70
15 72
15 73
15 75
15 76
15 78
15 80
15 87
15 93
15 94
15 96
15 97
15 99
15 101
15 102
15 104
15 105
15 106
15 109
15 112
15 113
15 115
15 116
15 117
15 122
15 125
15 129
15 130
15 131
15 138
15 141
15 142
15 143
15 145
15 146
15 147
15 150
15 154
15 157
15 158
15 159
15 161
16 20
16 21
16 22
16 25
16 27
16 34
16 38
16 40
16 44
16 51
16 53
16 54
16 56
16 57
16 58
16 59
16 62
16 67
16 68
16 69
16 71
16 72
16 73
16 79
16 80
16 82
16 84
16 87
16 92
16 93
16 97
16 101
16 104
16 106
16 108
16 110
16 113
16 114
16 115
16 118
16 125
16 129
16 131
16 133
16 134
16 136
16 139
16 140
16 142
16 143
16 147
16 148
16 150
16 153
16 154
17 18
17 19
17 21
17 22
17 28
17 29
17 31
17 32
17 34
17 36
17 44
17 50
17 51
17 52
17 64
17 69
17 72
17 101
17 103
17 112
17 125
17 129
17 131
17 134
17 138
17 139
17 151
17 154
17 157
17 161
18 19
18 20
18 21
18 24
18 26
18 35
18 38
18 40
18 41
18 42
18 45
18 46
18 49
18 50
18 51
18 52
18 58
18 59
18 61
18 63
18 64
18 65
18 66
18 68
18 70
18 74
18 76
18 77
18 78
18 79
18 84
18 85
18 87
18 91
18 92
18 93
18 99
18 102
18 108
18 109
18 111
18 113
18 114
18 118
18 122
18 129
18 130
18 131
18 134
18 137
18 142
18 146
18 147
18 148
18 149
18 150
18 151
18 152
18 153
18 154
18 155
18 157
18 158
18 160
18 161
19 20
19 21
19 22
19 24
19 26
19 30
19 31
19 33
19 34
19 35
19 36
19 37
19 38
19 39
19 40
19 41
19 43
19 44
19 49
19 50
19 51
19 52
19 53
19 54
19 55
19 56
19 57
19 58
19 59
19 60
19 61
19 62
19 63
19 64
19 65
19 66
19 67
19 68
19 69
19 70
19 71
19 72
19 73
19 74
19 75
19 77
19 78
19 79
19 80
19 82
19 84
19 85
19 86
19 87
19 88
19 89
19 91
19 93
19 94
19 96
19 97
19 99
19 100
19 101
19 102
19 103
19 104
19 105
19 106
19 107
19 108
19 109
19 111
19 112
19 113
19 114
19 115
19 116
19 117
19 118
19 120
19 122
19 124
19 125
19 127
19 129
19 130
19 131
19 132
19 133
19 134
19 135
19 136
19 137
19 138
19 139
19 140
19 141
19 142
19 143
19 145
19 146
19 147
19 148
19 149
19 150
19 151
19 153
19 154
19 156
19 157
19 158
19 159
19 160
19 161
20 25
20 26
20 29
20 31
20 32
20 35
20 36
20 38
20 40
20 43
20 49
20 56
20 58
20 63
20 64
20 67
20 68
20 69
20 70
20 74
20 75
20 82
20 87
20 88
20 89
20 93
20 94
20 95
20 97
20 102
20 105
20 108
20 112
20 115
20 117
20 118
20 129
20 135
20 142
20 153
20 155
20 159
20 161
21 22
21 24
21 25
21 26
21 27
21 29
21 30
21 31
21 33
21 34
21 35
21 36
21 37
21 38
21 39
21 40
21 41
21 42
21 44
21 45
21 46
21 47
21 48
21 51
21 54
21 56
21 57
21 58
21 59
21 60
21 61
21 63
21 64
21 66
21 67
21 68
21 69
21 70
21 71
21 72
21 74
21 75
21 76
21 77
21 79
21 81
21 82
21 83
21 86
21 87
21 88
21 89
21 91
21 92
21 93
21 94
21 96
21 97
21 98
21 99
21 101
21 102
21 103
21 110
21 111
21 113
21 114
21 115
21 117
21 118
21 119
21 120
21 123
21 124
21 125
21 126
21 128
21 129
21 131
21 133
21 134
21 135
21 136
21 137
21 138
21 139
21 142
21 143
21 144
21 145
21 146
21 147
21 148
21 150
21 151
21 152
21 153
21 154
21 156
21 157
21 158
21 159
21 160
21 161
22 24
22 26
22 30
22 31
22 32
22 34
22 35
22 36
22 37
22 45
22 46
22 49
22 50
22 51
22 52
22 55
22 57
22 60
22 65
22 66
22 68
22 69
22 70
22 71
22 72
22 74
22 80
22 83
22 87
22 88
22 89
22 94
22 105
22 108
22 109
22 114
22 117
22 125
22 126
22 127
22 131
22 137
22 138
22 139
22 143
22 144
22 146
22 149
22 152
22 153
22 154
22 157
22 158
23 26
23 30
23 32
23 36
23 37
23 38
23 42
23 44
23 50
23 51
23 53
23 54
23 55
23 57
23 61
23 63
23 65
23 67
23 70
23 71
23 86
23 88
23 89
23 94
23 112
23 113
23 114
23 115
23 116
23 117
23 125
23 126
23 127
23 129
23 138
23 142
23 147
23 149
23 151
23 152
23 154
23 155
23 158
23 160
23 161
24 25
24 26
24 28
24 29
24 30
24 31
24 32
24 34
24 35
24 38
24 40
24 42
24 44
24 49
24 52
24 54
24 55
24 58
24 59
24 60
24 61
24 63
24 65
24 66
24 67
24 69
24 72
24 74
24 75
24 76
24 77
24 79
24 80
24 81
24 82
24 84
24 85
24 87
24 88
24 89
24 93
24 94
24 95
24 101
24 102
24 103
24 104
24 106
24 108
24 109
24 111
24 112
24 113
24 114
24 115
24 116
24 117
24 118
24 124
24 128
24 129
24 130
24 133
24 134
24 137
24 138
24 140
24 141
24 142
24 145
24 146
24 147
24 149
24 150
24 151
24 152
24 153
24 154
24 155
24 157
24 158
25 26
25 29
25 30
25 31
25 36
25 37
25 38
25 39
25 40
25 43
25 44
25 45
25 49
25 51
25 53
25 54
25 55
25 56
25 58
25 64
25 65
25 67
25 68
25 70
25 71
25 72
25 73
25 74
25 76
25 77
25 87
25 89
25 93
25 94
25 97
25 99
25 101
25 102
25 105
25 107
25 108
25 109
25 113
25 114
25 115
25 117
25 118
25 125
25 127
25 129
25 130
25 131
25 132
25 134
25 136
25 137
25 138
25 139
25 141
25 142
25 146
25 150
25 152
25 153
25 154
25 155
25 157
25 158
25 161
26 27
26 28
26 30
26 31
26 33
26 34
26 35
26 36
26 37
26 38
26 40
26 41
26 42
26 43
26 44
26 45
26 46
26 47
26 49
26 50
26 51
26 52
26 54
26 56
26 57
26 58
26 61
26 62
26 63
26 64
26 65
26 66
26 68
26 70
26 71
26 72
26 73
26 74
26 75
26 76
26 77
26 78
26 79
26 80
26 81
26 82
26 83
26 84
26 85
26 86
26 89
26 91
26 92
26 93
26 94
26 95
26 96
26 97
26 98
26 100
26 101
26 102
26 103
26 104
26 105
26 106
26 107
26 108
26 109
26 110
26 111
26 112
26 113
26 114
26 115
26 117
26 118
26 123
26 125
26 126
26 127
26 128
26 129
26 130
26 131
26 132
26 133
26 134
26 135
26 136
26 137
26 138
26 139
26 141
26 142
26 143
26 145
26 146
26 147
26 148
26 149
26 150
26 151
26 152
26 153
26 154
26 155
26 157
26 158
26 159
26 161
27 31
27 32
27 36
27 37
27 38
27 45
27 47
27 50
27 54
27 56
27 71
27 73
27 74
27 77
27 82
27 85
27 92
27 94
27 97
27 101
27 102
27 104
27 106
27 109
27 115
27 117
27 118
27 125
27 135
27 142
27 145
27 147
27 148
27 150
27 152
27 154
27 158
28 31
28 32
28 40
28 45
28 49
28 52
28 54
28 55
28 58
28 63
28 66
28 67
28 71
28 74
28 81
28 84
28 89
28 93
28 101
28 103
28 112
28 113
28 115
28 125
28 128
28 134
28 137
28 142
28 151
28 152
28 154
28 155
28 159
28 161
29 37
29 40
29 44
29 51
29 54
29 55
29 58
29 64
29 66
29 68
29 69
29 70
29 72
29 75
29 79
29 80
29 84
29 89
29 93
29 94
29 95
29 97
29 98
29 101
29 102
29 104
29 105
29 106
29 109
29 114
29 115
29 117
29 130
29 131
29 133
29 134
29 139
29 143
29 147
29 148
29 151
29 152
29 155
29 158
30 31
30 32
30 33
30 36
30 38
30 39
30 40
30 41
30 42
30 43
30 44
30 45
30 48
30 49
30 50
30 52
30 53
30 54
30 56
30 63
30 64
30 65
30 66
30 68
30 69
30 70
30 71
30 72
30 73
30 74
30 75
30 76
30 77
30 79
30 80
30 81
30 82
30 83
30 84
30 85
30 86
30 87
30 88
30 91
30 94
30 97
30 100
30 102
30 103
30 104
30 106
30 107
30 108
30 109
30 110
30 112
30 113
30 114
30 115
30 116
30 117
30 118
30 119
30 120
30 129
30 130
30 133
30 134
30 135
30 137
30 138
30 139
30 142
30 143
30 146
30 147
30 148
30 150
30 151
30 152
30 153
30 154
30 157
30 158
30 161
31 34
31 35
31 37
31 38
31 39
31 40
31 42
31 43
31 44
31 45
31 46
31 49
31 50
31 51
31 52
31 53
31 54
31 55
31 59
31 60
31 62
31 64
31 65
31 66
31 67
31 68
31 69
31 70
31 71
31 72
31 73
31 74
31 75
31 76
31 77
31 79
31 80
31 81
31 82
31 83
31 84
31 85
31 86
31 87
31 88
31 89
31 90
31 91
31 92
31 94
31 96
31 97
31 98
31 101
31 104
31 105
31 106
31 107
31 108
31 111
31 112
31 113
31 114
31 115
31 116
31 117
31 118
31 119
31 120
31 125
31 126
31 127
31 131
31 133
31 135
31 136
31 137
31 138
31 139
31 140
31 141
31 142
31 145
31 146
31 147
31 148
31 150
31 151
31 152
31 153
31 154
31 155
31 157
31 158
31 159
31 161
32 34
32 35
32 36
32 38
32 39
32 40
32 42
32 43
32 44
32 45
32 49
32 51
32 52
32 54
32 55
32 56
32 57
32 58
32 61
32 65
32 66
32 67
32 68
32 69
32 70
32 71
32 72
32 73
32 74
32 75
32 76
32 78
32 79
32 80
32 81
32 83
32 84
32 85
32 86
32 88
32 89
32 90
32 91
32 92
32 93
32 94
32 95
32 96
32 97
32 99
32 102
32 103
32 104
32 105
32 106
32 107
32 108
32 110
32 111
32 112
32 113
32 114
32 115
32 116
32 117
32 118
32 122
32 123
32 124
32 125
32 127
32 128
32 129
32 130
32 131
32 133
32 134
32 135
32 136
32 137
32 138
32 141
32 142
32 143
32 145
32 146
32 147
32 148
32 150
32 151
32 152
32 153
32 154
32 155
32 157
32 158
32 159
32 161
33 35
33 44
33 46
33 49
33 51
33 53
33 54
33 55
33 56
33 58
33 63
33 68
33 70
33 74
33 77
33 83
33 84
33 86
33 92
33 102
33 106
33 109
33 114
33 118
33 137
33 138
33 146
33 147
33 149
33 152
33 153
33 154
34 40
34 44
34 45
34 46
34 49
34 51
34 54
34 55
34 62
34 63
34 66
34 67
34 68
34 69
34 70
34 71
34 72
34 73
34 74
34 75
34 79
34 83
34 84
34 85
34 88
34 89
34 91
34 94
34 97
34 100
34 101
34 105
34 108
34 111
34 113
34 117
34 126
34 128
34 133
34 134
34 136
34 138
34 142
34 146
34 149
34 150
34 151
34 152
34 154
34 157
34 158
34 159
35 36
35 37
35 38
35 41
35 43
35 44
35 45
35 49
35 51
35 53
35 54
35 55
35 56
35 60
35 61
35 64
35 65
35 66
35 67
35 68
35 70
35 72
35 73
35 74
35 77
35 79
35 81
35 82
35 83
35 84
35 87
35 88
35 91
35 92
35 94
35 97
35 98
35 99
35 101
35 102
35 104
35 105
35 107
35 108
35 112
35 113
35 117
35 118
35 121
35 125
35 126
35 131
35 133
35 134
35 137
35 138
35 139
35 140
35 141
35 142
35 143
35 146
35 147
35 148
35 150
35 151
35 152
35 153
35 154
35 156
35 157
35 158
35 159
35 161
36 37
36 38
36 40
36 44
36 45
36 46
36 49
36 50
36 52
36 54
36 56
36 57
36 58
36 59
36 63
36 64
36 65
36 66
36 67
36 68
36 69
36 70
36 73
36 74
36 77
36 78
36 81
36 85
36 86
36 89
36 92
36 93
36 94
36 96
36 97
36 98
36 101
36 102
36 103
36 105
36 107
36 109
36 110
36 112
36 113
36 114
36 115
36 117
36 118
36 122
36 125
36 128
36 129
36 130
36 131
36 134
36 137
36 138
36 141
36 142
36 143
36 146
36 147
36 150
36 151
36 154
36 155
36 157
36 158
36 159
36 161
37 38
37 40
37 43
37 44
37 45
37 46
37 47
37 49
37 51
37 52
37 54
37 55
37 56
37 58
37 64
37 65
37 67
37 68
37 69
37 70
37 71
37 72
37 73
37 74
37 75
37 76
37 77
37 78
37 79
37 80
37 81
37 83
37 84
37 88
37 89
37 92
37 94
37 95
37 100
37 101
37 102
37 104
37 106
37 107
37 108
37 109
37 112
37 114
37 118
37 125
37 128
37 129
37 130
37 131
37 133
37 134
37 135
37 138
37 139
37 142
37 143
37 145
37 147
37 149
37 150
37 151
37 152
37 154
37 158
37 160
37 161
38 39
38 40
38 41
38 42
38 43
38 44
38 45
38 46
38 49
38 50
38 51
38 53
38 54
38 55
38 56
38 58
38 59
38 61
38 62
38 64
38 65
38 66
38 68
38 70
38 71
38 72
38 73
38 74
38 75
38 77
38 79
38 81
38 83
38 84
38 85
38 86
38 87
38 88
38 89
38 90
38 91
38 92
38 93
38 94
38 95
38 96
38 98
38 99
38 100
38 101
38 102
38 105
38 107
38 108
38 109
38 111
38 113
38 115
38 116
38 117
38 118
38 119
38 121
38 125
38 127
38 129
38 130
38 131
38 133
38 134
38 135
38 136
38 137
38 138
38 141
38 142
38 143
38 144
38 145
38 147
38 149
38 150
38 151
38 152
38 154
38 155
38 156
38 157
38 158
38 161
39 40
39 44
39 49
39 50
39 51
39 53
39 55
39 56
39 61
39 62
39 63
39 65
39 66
39 67
39 68
39 69
39 70
39 71
39 72
39 74
39 75
39 76
39 77
39 79
39 82
39 93
39 97
39 101
39 102
39 106
39 113
39 114
39 118
39 125
39 129
39 131
39 133
39 134
39 137
39 142
39 146
39 147
39 151
39 152
39 153
39 154
39 158
39 160
40 42
40 44
40 45
40 46
40 49
40 50
40 51
40 55
40 56
40 58
40 60
40 62
40 64
40 65
40 66
40 67
40 68
40 69
40 70
40 71
40 72
40 73
40 74
40 75
40 76
40 78
40 80
40 81
40 82
40 83
40 84
40 85
40 86
40 87
40 88
40 89
40 91
40 92
40 93
40 94
40 97
40 99
40 100
40 101
40 102
40 103
40 104
40 105
40 106
40 107
40 108
40 110
40 111
40 112
40 113
40 114
40 115
40 116
40 117
40 119
40 120
40 121
40 122
40 125
40 126
40 127
40 129
40 131
40 133
40 134
40 135
40 138
40 139
40 140
40 142
40 143
40 145
40 146
40 147
40 148
40 150
40 151
40 152
40 153
40 154
40 155
40 157
40 158
40 159
40 160
40 161
41 44
41 45
41 49
41 53
41 61
41 64
41 69
41 70
41 71
41 74
41 76
41 77
41 81
41 86
41 93
41 98
41 101
41 108
41 109
41 113
41 118
41 126
41 129
41 130
41 134
41 138
41 139
41 141
41 152
41 154
41 158
42 43
42 45
42 46
42 48
42 49
42 50
42 51
42 52
42 53
42 54
42 55
42 58
42 59
42 61
42 67
42 68
42 69
42 70
42 71
42 72
42 73
42 74
42 75
42 77
42 79
42 80
42 82
42 84
42 87
42 88
42 89
42 93
42 95
42 97
42 100
42 101
42 102
42 106
42 107
42 112
42 113
42 114
42 115
42 117
42 118
42 125
42 127
42 128
42 129
42 130
42 131
42 133
42 134
42 136
42 137
42 138
42 139
42 140
42 141
42 142
42 145
42 146
42 147
42 148
42 149
42 152
42 154
42 157
42 160
42 161
43 44
43 45
43 46
43 48
43 49
43 50
43 51
43 54
43 55
43 56
43 57
43 59
43 64
43 65
43 66
43 67
43 68
43 69
43 70
43 71
43 72
43 73
43 74
43 80
43 81
43 83
43 88
43 89
43 90
43 91
43 94
43 95
43 96
43 97
43 99
43 102
43 106
43 108
43 109
43 112
43 113
43 117
43 119
43 124
43 125
43 126
43 127
43 128
43 129
43 130
43 131
43 132
43 133
43 137
43 138
43 139
43 141
43 142
43 143
43 146
43 149
43 150
43 152
43 154
43 155
43 157
43 158
44 45
44 46
44 49
44 50
44 51
44 52
44 53
44 54
44 56
44 58
44 59
44 60
44 62
44 63
44 64
44 65
44 66
44 67
44 69
44 70
44 71
44 72
44 73
44 74
44 75
44 76
44 77
44 78
44 80
44 81
44 82
44 84
44 85
44 87
44 88
44 89
44 90
44 91
44 92
44 93
44 96
44 97
44 100
44 101
44 102
44 104
44 105
44 106
44 107
44 108
44 109
44 110
44 111
44 112
44 113
44 114
44 115
44 116
44 117
44 118
44 119
44 120
44 125
44 126
44 129
44 130
44 131
44 133
44 134
44 135
44 137
44 138
44 139
44 141
44 142
44 143
44 145
44 146
44 147
44 150
44 151
44 152
44 153
44 158
44 159
45 46
45 48
45 49
45 50
45 51
45 52
45 53
45 54
45 55
45 56
45 57
45 58
45 59
45 61
45 63
45 64
45 65
45 66
45 67
45 68
45 69
45 70
45 71
45 72
45 73
45 74
45 75
45 77
45 79
45 80
45 81
45 82
45 84
45 88
45 89
45 90
45 91
45 92
45 93
45 94
45 97
45 101
45 102
45 103
45 105
45 106
45 108
45 111
45 112
45 113
45 114
45 116
45 117
45 118
45 119
45 120
45 121
45 125
45 126
45 128
45 129
45 130
45 131
45 132
45 133
45 134
45 135
45 136
45 137
45 138
45 139
45 142
45 143
45 145
45 146
45 147
45 149
45 150
45 151
45 152
45 154
45 155
45 156
45 158
45 160
45 161
46 49
46 50
46 51
46 54
46 55
46 57
46 58
46 61
46 63
46 64
46 65
46 66
46 67
46 69
46 70
46 71
46 72
46 75
46 76
46 77
46 78
46 79
46 80
46 81
46 84
46 85
46 87
46 94
46 95
46 96
46 97
46 98
46 99
46 100
46 106
46 108
46 109
46 111
46 112
46 113
46 114
46 115
46 116
46 117
46 118
46 128
46 130
46 132
46 133
46 134
46 135
46 138
46 139
46 142
46 145
46 146
46 149
46 150
46 151
46 152
46 153
46 154
46 155
46 157
46 159
46 161
47 49
47 54
47 59
47 61
47 67
47 68
47 70
47 71
47 73
47 93
47 96
47 97
47 106
47 108
47 112
47 114
47 115
47 117
47 127
47 130
47 131
47 134
47 137
47 138
47 147
47 152
47 153
47 154
47 157
47 158
48 49
48 50
48 54
48 56
48 61
48 63
48 67
48 72
48 73
48 74
48 77
48 80
48 84
48 91
48 93
48 102
48 105
48 106
48 108
48 111
48 112
48 114
48 116
48 117
48 118
48 125
48 128
48 129
48 130
48 131
48 141
48 147
48 149
48 152
49 50
49 51
49 53
49 55
49 56
49 57
49 58
49 59
49 60
49 62
49 63
49 64
49 65
49 66
49 67
49 68
49 69
49 70
49 71
49 73
49 74
49 75
49 76
49 77
49 79
49 80
49 81
49 83
49 84
49 85
49 86
49 87
49 88
49 89
49 91
49 93
49 94
49 95
49 96
49 98
49 100
49 101
49 102
49 105
49 106
49 107
49 108
49 109
49 111
49 112
49 113
49 114
49 115
49 116
49 117
49 118
49 119
49 120
49 121
49 122
49 125
49 127
49 128
49 129
49 130
49 131
49 133
49 134
49 135
49 136
49 137
49 138
49 140
49 141
49 142
49 143
49 144
49 146
49 147
49 148
49 149
49 150
49 151
49 152
49 153
49 154
49 155
49 156
49 157
49 158
49 159
49 160
49 161
50 52
50 56
50 58
50 59
50 61
50 64
50 65
50 67
50 68
50 69
50 70
50 71
50 72
50 73
50 74
50 75
50 77
50 78
50 79
50 81
50 83
50 84
50 88
50 89
50 91
50 92
50 94
50 97
50 99
50 100
50 101
50 102
50 103
50 105
50 106
50 107
50 108
50 109
50 111
50 112
50 113
50 114
50 115
50 117
50 125
50 128
50 129
50 130
50 131
50 133
50 134
50 135
50 136
50 137
50 138
50 139
50 141
50 142
50 146
50 147
50 149
50 150
50 153
50 157
50 159
51 52
51 53
51 54
51 55
51 57
51 58
51 60
51 61
51 63
51 64
51 65
51 66
51 68
51 70
51 71
51 73
51 74
51 75
51 76
51 78
51 79
51 80
51 82
51 83
51 85
51 87
51 89
51 91
51 93
51 94
51 97
51 98
51 99
51 100
51 101
51 102
51 103
51 105
51 106
51 107
51 108
51 109
51 112
51 114
51 115
51 117
51 118
51 120
51 121
51 122
51 123
51 129
51 131
51 133
51 134
51 135
51 136
51 137
51 138
51 139
51 141
51 142
51 143
51 146
51 147
51 148
51 149
51 150
51 151
51 152
51 154
51 155
51 156
51 157
51 159
51 161
52 54
52 55
52 57
52 62
52 63
52 64
52 67
52 68
52 69
52 71
52 72
52 73
52 74
52 77
52 84
52 85
52 87
52 88
52 91
52 92
52 93
52 96
52 97
52 100
52 101
52 105
52 106
52 107
52 108
52 112
52 113
52 114
52 115
52 118
52 129
52 130
52 131
52 133
52 139
52 145
52 147
52 149
52 151
52 154
52 155
52 157
52 159
52 161
53 54
53 58
53 62
53 63
53 64
53 65
53 67
53 69
53 70
53 72
53 77
53 79
53 86
53 88
53 91
53 93
53 94
53 97
53 98
53 108
53 109
53 111
53 114
53 118
53 119
53 125
53 131
53 132
53 133
53 134
53 137
53 139
53 141
53 145
53 146
53 149
53 150
53 152
53 154
53 157
53 158
53 159
53 160
54 55
54 56
54 57
54 58
54 59
54 61
54 62
54 63
54 64
54 65
54 66
54 67
54 68
54 69
54 70
54 71
54 72
54 73
54 75
54 76
54 77
54 78
54 79
54 81
54 83
54 84
54 85
54 87
54 89
54 91
54 93
54 94
54 95
54 96
54 97
54 98
54 99
54 100
54 101
54 102
54 103
54 105
54 106
54 107
54 108
54 109
54 110
54 111
54 113
54 114
54 116
54 117
54 118
54 119
54 121
54 123
54 124
54 125
54 129
54 130
54 131
54 133
54 136
54 137
54 138
54 139
54 141
54 142
54 143
54 145
54 146
54 147
54 149
54 150
54 151
54 152
54 154
54 155
54 157
54 158
54 159
54 160
54 161
55 56
55 58
55 61
55 62
55 63
55 64
55 65
55 66
55 67
55 68
55 69
55 70
55 71
55 72
55 73
55 74
55 75
55 76
55 79
55 80
55 81
55 85
55 86
55 87
55 88
55 89
55 90
55 92
55 93
55 94
55 96
55 97
55 98
55 99
55 100
55 101
55 102
55 103
55 108
55 111
55 112
55 113
55 114
55 117
55 118
55 120
55 125
55 126
55 129
55 135
55 136
55 138
55 141
55 146
55 147
55 148
55 149
55 151
55 153
55 154
55 157
56 57
56 59
56 61
56 62
56 63
56 64
56 65
56 66
56 68
56 69
56 70
56 71
56 72
56 73
56 74
56 75
56 76
56 77
56 78
56 79
56 80
56 82
56 83
56 84
56 85
56 86
56 88
56 89
56 91
56 92
56 93
56 94
56 96
56 97
56 99
56 100
56 101
56 102
56 103
56 105
56 106
56 107
56 108
56 109
56 111
56 112
56 114
56 115
56 116
56 117
56 118
56 120
56 121
56 122
56 125
56 126
56 128
56 129
56 130
56 131
56 133
56 134
56 135
56 137
56 138
56 139
56 141
56 142
56 143
56 144
56 146
56 147
56 148
56 150
56 151
56 152
56 153
56 154
56 155
56 156
56 157
56 158
56 159
56 161
57 66
57 70
57 71
57 74
57 77
57 83
57 84
57 86
57 88
57 89
57 90
57 92
57 101
57 102
57 106
57 107
57 108
57 109
57 112
57 115
57 119
57 125
57 126
57 127
57 131
57 134
57 136
57 137
57 138
57 141
57 147
57 149
57 150
57 151
57 157
57 158
58 59
58 61
58 63
58 65
58 66
58 67
58 68
58 69
58 70
58 71
58 72
58 74
58 75
58 77
58 79
58 84
58 85
58 88
58 92
58 93
58 94
58 97
58 101
58 104
58 105
58 106
58 108
58 109
58 110
58 112
58 113
58 114
58 115
58 116
58 117
58 123
58 124
58 125
58 126
58 127
58 128
58 129
58 130
58 131
58 133
58 134
58 135
58 137
58 138
58 139
58 142
58 146
58 149
58 150
58 151
58 152
58 154
58 156
58 157
58 158
58 159
58 161
59 62
59 63
59 64
59 65
59 67
59 68
59 72
59 73
59 74
59 77
59 79
59 81
59 84
59 87
59 88
59 89
59 94
59 95
59 99
59 106
59 108
59 109
59 112
59 113
59 114
59 115
59 116
59 121
59 125
59 126
59 129
59 131
59 132
59 134
59 135
59 137
59 139
59 142
59 145
59 146
59 147
59 150
59 152
59 153
59 154
59 157
60 66
60 68
60 74
60 75
60 87
60 91
60 102
60 104
60 105
60 114
60 142
60 145
60 150
61 65
61 66
61 69
61 72
61 74
61 76
61 77
61 78
61 79
61 80
61 86
61 89
61 90
61 92
61 101
61 102
61 105
61 106
61 108
61 110
61 111
61 117
61 129
61 130
61 131
61 133
61 134
61 136
61 137
61 139
61 141
61 142
61 144
61 146
61 147
61 148
61 149
61 150
61 152
61 154
61 157
61 158
61 160
61 161
62 63
62 65
62 68
62 72
62 73
62 76
62 78
62 79
62 80
62 82
62 84
62 97
62 103
62 106
62 111
62 112
62 113
62 114
62 116
62 117
62 118
62 125
62 131
62 134
62 135
62 136
62 139
62 140
62 141
62 142
62 143
62 145
62 147
62 150
62 151
62 152
62 153
62 154
62 158
63 64
63 65
63 66
63 67
63 68
63 69
63 70
63 71
63 72
63 73
63 74
63 75
63 76
63 77
63 79
63 84
63 89
63 92
63 93
63 94
63 97
63 98
63 99
63 102
63 103
63 105
63 106
63 107
63 108
63 114
63 115
63 116
63 117
63 122
63 123
63 127
63 128
63 130
63 131
63 133
63 134
63 137
63 138
63 139
63 142
63 143
63 144
63 146
63 147
63 149
63 151
63 152
63 154
63 155
63 158
63 160
63 161
64 65
64 66
64 67
64 68
64 69
64 70
64 71
64 72
64 73
64 74
64 75
64 77
64 79
64 80
64 81
64 82
64 83
64 85
64 87
64 88
64 89
64 94
64 96
64 97
64 98
64 99
64 100
64 101
64 103
64 104
64 105
64 106
64 108
64 109
64 110
64 111
64 112
64 113
64 114
64 115
64 116
64 117
64 121
64 123
64 124
64 126
64 127
64 128
64 129
64 130
64 131
64 132
64 133
64 134
64 135
64 137
64 138
64 140
64 142
64 143
64 145
64 146
64 147
64 148
64 149
64 151
64 152
64 154
64 155
64 156
64 157
64 158
64 159
65 67
65 68
65 69
65 70
65 71
65 72
65 73
65 74
65 75
65 77
65 79
65 80
65 81
65 84
65 85
65 87
65 89
65 91
65 92
65 93
65 94
65 95
65 96
65 97
65 98
65 99
65 101
65 102
65 103
65 105
65 106
65 108
65 109
65 110
65 111
65 112
65 114
65 115
65 116
65 117
65 118
65 119
65 120
65 122
65 124
65 125
65 127
65 129
65 130
65 131
65 133
65 134
65 135
65 136
65 137
65 138
65 139
65 141
65 142
65 143
65 145
65 146
65 147
65 148
65 149
65 150
65 151
65 152
65 154
65 155
65 157
65 158
65 160
65 161
66 67
66 68
66 69
66 70
66 71
66 72
66 73
66 74
66 76
66 79
66 80
66 82
66 84
66 88
66 89
66 91
66 92
66 94
66 97
66 98
66 101
66 102
66 103
66 105
66 106
66 107
66 109
66 111
66 113
66 115
66 118
66 120
66 121
66 125
66 126
66 128
66 129
66 131
66 133
66 134
66 136
66 137
66 138
66 139
66 140
66 141
66 142
66 143
66 144
66 145
66 146
66 148
66 149
66 151
66 152
66 153
66 154
66 155
66 157
66 158
66 159
67 68
67 70
67 71
67 72
67 73
67 74
67 75
67 76
67 77
67 79
67 80
67 81
67 82
67 84
67 85
67 86
67 89
67 91
67 92
67 93
67 94
67 95
67 97
67 98
67 99
67 101
67 102
67 103
67 104
67 105
67 106
67 107
67 108
67 109
67 111
67 113
67 114
67 115
67 117
67 118
67 122
67 123
67 125
67 126
67 130
67 131
67 133
67 134
67 136
67 137
67 138
67 139
67 140
67 141
67 142
67 143
67 146
67 147
67 148
67 149
67 150
67 151
67 152
67 154
67 157
67 158
67 159
67 160
67 161
68 69
68 70
68 71
68 72
68 73
68 74
68 75
68 76
68 77
68 79
68 80
68 81
68 83
68 84
68 85
68 86
68 88
68 89
68 90
68 91
68 92
68 93
68 94
68 95
68 96
68 97
68 100
68 101
68 102
68 104
68 105
68 106
68 107
68 108
68 109
68 111
68 112
68 113
68 114
68 115
68 116
68 117
68 118
68 119
68 121
68 125
68 126
68 127
68 128
68 129
68 130
68 131
68 132
68 133
68 134
68 135
68 137
68 138
68 139
68 140
68 141
68 142
68 143
68 145
68 146
68 147
68 149
68 150
68 151
68 152
68 153
68 154
68 158
68 159
68 160
68 161
69 70
69 71
69 72
69 73
69 74
69 75
69 76
69 80
69 82
69 83
69 84
69 85
69 86
69 87
69 88
69 89
69 90
69 93
69 94
69 99
69 101
69 102
69 104
69 105
69 106
69 107
69 108
69 109
69 110
69 111
69 114
69 115
69 117
69 118
69 122
69 124
69 125
69 128
69 129
69 130
69 131
69 134
69 136
69 137
69 138
69 139
69 140
69 142
69 145
69 146
69 148
69 149
69 151
69 152
69 153
69 154
69 155
69 158
69 159
69 160
69 161
70 71
70 72
70 73
70 74
70 75
70 76
70 77
70 78
70 79
70 80
70 82
70 83
70 84
70 86
70 87
70 88
70 89
70 92
70 93
70 94
70 97
70 99
70 100
70 101
70 102
70 103
70 104
70 105
70 106
70 107
70 108
70 109
70 112
70 113
70 114
70 115
70 116
70 117
70 118
70 120
70 123
70 126
70 127
70 128
70 129
70 130
70 131
70 133
70 134
70 136
70 138
70 139
70 140
70 141
70 142
70 143
70 145
70 146
70 148
70 150
70 151
70 154
70 155
70 156
70 157
70 158
70 159
70 160
70 161
71 72
71 74
71 75
71 76
71 77
71 79
71 80
71 82
71 84
71 85
71 88
71 89
71 91
71 93
71 94
71 97
71 103
71 104
71 105
71 106
71 107
71 108
71 110
71 111
71 112
71 113
71 115
71 117
71 118
71 119
71 122
71 124
71 125
71 126
71 127
71 128
71 129
71 130
71 131
71 133
71 134
71 135
71 136
71 139
71 141
71 142
71 143
71 145
71 146
71 147
71 148
71 149
71 150
71 151
71 153
71 158
71 160
71 161
72 73
72 74
72 75
72 79
72 80
72 81
72 82
72 83
72 84
72 85
72 86
72 87
72 88
72 89
72 91
72 92
72 93
72 94
72 95
72 96
72 97
72 98
72 99
72 100
72 101
72 102
72 103
72 104
72 106
72 107
72 108
72 109
72 110
72 111
72 112
72 113
72 114
72 116
72 117
72 118
72 119
72 123
72 125
72 126
72 127
72 129
72 131
72 133
72 134
72 135
72 136
72 137
72 138
72 139
72 141
72 142
72 143
72 145
72 146
72 147
72 148
72 149
72 151
72 152
72 153
72 154
72 155
72 156
72 157
72 159
72 161
73 74
73 76
73 77
73 79
73 82
73 83
73 86
73 88
73 90
73 91
73 92
73 93
73 94
73 96
73 97
73 98
73 99
73 100
73 101
73 102
73 105
73 106
73 108
73 110
73 111
73 112
73 113
73 114
73 115
73 117
73 118
73 119
73 122
73 125
73 126
73 127
73 129
73 130
73 131
73 133
73 134
73 137
73 138
73 142
73 143
73 144
73 145
73 147
73 150
73 151
73 152
73 153
73 154
73 158
73 159
73 160
73 161
74 75
74 77
74 78
74 79
74 80
74 81
74 83
74 84
74 85
74 86
74 88
74 89
74 91
74 92
74 93
74 94
74 95
74 96
74 97
74 99
74 101
74 102
74 103
74 104
74 105
74 106
74 107
74 108
74 109
74 112
74 113
74 114
74 115
74 116
74 117
74 118
74 119
74 121
74 122
74 123
74 124
74 125
74 126
74 128
74 129
74 130
74 131
74 132
74 133
74 134
74 135
74 136
74 137
74 138
74 139
74 141
74 142
74 145
74 146
74 147
74 148
74 149
74 150
74 151
74 152
74 153
74 154
74 156
74 157
74 158
74 159
74 161
75 76
75 77
75 79
75 80
75 81
75 82
75 83
75 84
75 86
75 87
75 88
75 89
75 90
75 91
75 93
75 94
75 95
75 97
75 99
75 100
75 101
75 102
75 103
75 105
75 106
75 107
75 108
75 109
75 111
75 112
75 113
75 114
75 115
75 117
75 118
75 119
75 124
75 125
75 126
75 128
75 129
75 130
75 131
75 133
75 134
75 135
75 137
75 138
75 139
75 141
75 142
75 146
75 147
75 149
75 151
75 152
75 156
75 157
75 158
75 159
76 79
76 82
76 83
76 85
76 86
76 87
76 89
76 92
76 93
76 94
76 95
76 103
76 105
76 107
76 108
76 109
76 111
76 114
76 115
76 117
76 121
76 124
76 125
76 126
76 128
76 129
76 131
76 134
76 137
76 138
76 139
76 141
76 142
76 145
76 149
76 150
76 151
76 152
77 78
77 80
77 82
77 83
77 84
77 87
77 88
77 92
77 94
77 97
77 100
77 101
77 102
77 103
77 105
77 106
77 107
77 108
77 109
77 112
77 113
77 114
77 115
77 116
77 117
77 118
77 119
77 123
77 125
77 127
77 128
77 129
77 130
77 131
77 133
77 134
77 135
77 137
77 138
77 141
77 142
77 145
77 146
77 147
77 148
77 149
77 150
77 152
77 153
77 154
77 155
77 157
77 158
77 161
78 84
78 95
78 101
78 113
78 114
78 117
78 134
78 141
78 142
78 158
78 161
79 80
79 82
79 83
79 84
79 86
79 87
79 88
79 89
79 90
79 93
79 94
79 96
79 97
79 98
79 99
79 100
79 101
79 102
79 104
79 105
79 106
79 107
79 108
79 109
79 110
79 111
79 112
79 113
79 114
79 115
79 116
79 117
79 118
79 119
79 123
79 125
79 127
79 129
79 130
79 131
79 134
79 135
79 137
79 139
79 140
79 141
79 142
79 145
79 146
79 147
79 148
79 149
79 150
79 151
79 152
79 153
79 154
79 155
79 156
79 157
79 158
79 159
79 160
80 85
80 88
80 92
80 93
80 94
80 96
80 97
80 102
80 105
80 108
80 110
80 112
80 115
80 120
80 125
80 129
80 130
80 131
80 133
80 135
80 137
80 138
80 139
80 142
80 144
80 145
80 146
80 147
80 149
80 150
80 151
80 153
80 154
80 155
80 157
80 158
80 160
80 161
81 88
81 89
81 95
81 104
81 106
81 109
81 112
81 113
81 114
81 125
81 129
81 131
81 137
81 138
81 140
81 144
81 147
81 154
82 84
82 86
82 92
82 95
82 96
82 97
82 100
82 101
82 102
82 104
82 106
82 108
82 111
82 116
82 125
82 128
82 130
82 132
82 133
82 134
82 137
82 141
82 142
82 143
82 147
82 151
82 154
82 160
83 84
83 85
83 86
83 88
83 92
83 94
83 95
83 98
83 102
83 106
83 108
83 109
83 110
83 111
83 112
83 113
83 114
83 115
83 117
83 118
83 125
83 126
83 129
83 130
83 133
83 134
83 137
83 147
83 150
83 152
83 153
83 155
83 157
84 85
84 87
84 88
84 89
84 90
84 93
84 94
84 96
84 97
84 98
84 99
84 100
84 101
84 102
84 104
84 105
84 108
84 109
84 112
84 114
84 115
84 116
84 117
84 118
84 119
84 129
84 130
84 131
84 132
84 133
84 136
84 137
84 138
84 139
84 140
84 143
84 145
84 147
84 148
84 149
84 150
84 151
84 152
84 153
84 154
84 155
84 157
84 158
84 159
84 160
84 161
85 87
85 89
85 90
85 92
85 93
85 97
85 101
85 102
85 105
85 108
85 110
85 112
85 113
85 117
85 118
85 127
85 129
85 131
85 134
85 137
85 138
85 140
85 142
85 146
85 147
85 149
85 150
85 151
85 152
85 154
85 155
85 157
85 158
85 160
86 89
86 93
86 94
86 96
86 97
86 99
86 100
86 101
86 103
86 105
86 106
86 108
86 109
86 111
86 112
86 116
86 117
86 118
86 121
86 125
86 126
86 129
86 131
86 133
86 134
86 135
86 142
86 143
86 146
86 147
86 150
86 152
86 154
86 155
86 158
86 160
86 161
87 88
87 89
87 91
87 94
87 95
87 97
87 98
87 99
87 101
87 102
87 104
87 105
87 106
87 108
87 109
87 110
87 112
87 113
87 114
87 115
87 116
87 117
87 118
87 124
87 125
87 126
87 129
87 130
87 131
87 133
87 134
87 138
87 139
87 141
87 145
87 146
87 147
87 149
87 150
87 151
87 152
87 153
87 154
87 160
88 89
88 90
88 92
88 94
88 95
88 98
88 101
88 102
88 105
88 106
88 108
88 109
88 112
88 114
88 115
88 117
88 118
88 119
88 122
88 126
88 127
88 128
88 129
88 131
88 132
88 133
88 137
88 138
88 139
88 145
88 147
88 150
88 151
88 152
88 153
88 155
88 158
88 159
89 92
89 93
89 94
89 95
89 96
89 98
89 100
89 101
89 102
89 104
89 105
89 107
89 108
89 109
89 110
89 111
89 112
89 113
89 114
89 115
89 116
89 117
89 118
89 121
89 122
89 124
89 125
89 126
89 127
89 128
89 129
89 130
89 131
89 133
89 134
89 135
89 136
89 137
89 138
89 139
89 140
89 141
89 142
89 143
89 146
89 147
89 148
89 149
89 150
89 151
89 152
89 153
89 154
89 157
89 158
89 159
89 160
89 161
90 99
90 101
90 102
90 105
90 109
90 111
90 113
90 115
90 117
90 118
90 131
90 133
90 135
90 137
90 138
90 139
90 142
90 146
90 150
90 153
90 158
91 94
91 97
91 100
91 102
91 103
91 105
91 106
91 108
91 109
91 111
91 112
91 113
91 115
91 118
91 119
91 127
91 128
91 133
91 135
91 137
91 138
91 141
91 142
91 146
91 147
91 150
91 152
91 153
91 154
91 155
91 156
91 158
92 93
92 94
92 97
92 98
92 102
92 106
92 107
92 112
92 114
92 115
92 116
92 124
92 125
92 131
92 134
92 137
92 138
92 140
92 142
92 143
92 145
92 151
92 153
92 154
92 160
92 161
93 94
93 95
93 97
93 100
93 101
93 105
93 106
93 108
93 109
93 112
93 113
93 114
93 115
93 117
93 118
93 125
93 126
93 127
93 128
93 129
93 130
93 131
93 133
93 134
93 135
93 136
93 138
93 139
93 141
93 142
93 143
93 145
93 149
93 150
93 152
93 154
93 155
93 157
93 158
93 160
93 161
94 96
94 97
94 98
94 100
94 101
94 104
94 105
94 106
94 107
94 108
94 109
94 111
94 112
94 113
94 115
94 116
94 117
94 118
94 119
94 123
94 125
94 126
94 128
94 129
94 130
94 132
94 133
94 134
94 135
94 137
94 138
94 139
94 140
94 141
94 142
94 144
94 145
94 146
94 147
94 149
94 150
94 151
94 152
94 153
94 154
94 155
94 157
94 158
94 159
94 160
94 161
95 99
95 101
95 102
95 106
95 107
95 108
95 110
95 113
95 114
95 115
95 116
95 121
95 125
95 126
95 129
95 130
95 133
95 134
95 135
95 136
95 137
95 139
95 142
95 143
95 145
95 146
95 151
95 152
95 156
95 158
95 161
96 97
96 101
96 102
96 107
96 108
96 112
96 114
96 134
96 137
96 138
96 139
96 141
96 143
96 146
96 147
96 148
96 152
96 154
96 156
96 161
97 98
97 99
97 101
97 102
97 105
97 106
97 107
97 109
97 112
97 113
97 114
97 115
97 116
97 117
97 120
97 121
97 125
97 126
97 128
97 129
97 130
97 131
97 132
97 133
97 134
97 135
97 137
97 138
97 139
97 142
97 145
97 146
97 147
97 148
97 149
97 150
97 151
97 152
97 153
97 154
97 157
97 158
97 159
97 160
98 99
98 100
98 101
98 106
98 107
98 108
98 109
98 112
98 114
98 115
98 117
98 118
98 122
98 124
98 125
98 129
98 131
98 133
98 134
98 137
98 139
98 141
98 142
98 143
98 145
98 147
98 148
98 149
98 151
98 152
98 157
98 158
98 159
98 160
99 101
99 102
99 106
99 107
99 110
99 111
99 112
99 113
99 114
99 115
99 117
99 123
99 125
99 126
99 127
99 128
99 129
99 130
99 137
99 138
99 141
99 142
99 143
99 147
99 150
99 151
99 152
99 153
99 154
99 155
99 157
99 158
99 159
99 160
99 161
100 102
100 105
100 111
100 113
100 114
100 116
100 117
100 119
100 122
100 125
100 128
100 131
100 133
100 134
100 137
100 138
100 139
100 141
100 142
100 147
100 148
100 149
100 150
100 151
100 152
100 154
100 157
101 102
101 103
101 105
101 106
101 107
101 109
101 110
101 111
101 113
101 114
101 115
101 116
101 117
101 118
101 119
101 120
101 121
101 122
101 125
101 126
101 128
101 129
101 130
101 131
101 132
101 133
101 134
101 135
101 136
101 137
101 138
101 139
101 140
101 141
101 142
101 144
101 145
101 146
101 147
101 148
101 150
101 151
101 152
101 154
101 156
101 158
101 159
101 160
101 161
102 105
102 106
102 107
102 108
102 109
102 112
102 114
102 115
102 117
102 118
102 125
102 126
102 128
102 129
102 130
102 131
102 132
102 133
102 134
102 137
102 138
102 140
102 141
102 142
102 146
102 147
102 148
102 149
102 150
102 151
102 152
102 153
102 154
102 157
102 158
102 159
102 160
102 161
103 105
103 106
103 108
103 110
103 113
103 114
103 117
103 119
103 125
103 126
103 127
103 129
103 130
103 131
103 133
103 134
103 136
103 138
103 139
103 147
103 148
103 150
103 151
103 153
103 154
103 155
103 157
103 158
103 159
103 161
104 106
104 111
104 112
104 113
104 122
104 129
104 130
104 134
104 138
104 141
104 142
104 145
104 146
104 149
104 150
104 153
104 154
104 157
104 158
104 160
105 106
105 107
105 108
105 109
105 111
105 112
105 113
105 114
105 115
105 117
105 125
105 127
105 129
105 130
105 131
105 132
105 133
105 134
105 135
105 137
105 138
105 139
105 140
105 141
105 142
105 143
105 145
105 146
105 149
105 150
105 151
105 153
105 154
105 161
106 108
106 109
106 110
106 111
106 112
106 113
106 114
106 115
106 117
106 118
106 120
106 123
106 124
106 125
106 126
106 129
106 131
106 132
106 133
106 134
106 135
106 136
106 137
106 138
106 139
106 141
106 142
106 143
106 145
106 146
106 147
106 149
106 150
106 152
106 154
106 155
106 156
106 157
106 158
106 159
106 160
107 108
107 109
107 111
107 112
107 113
107 114
107 115
107 116
107 117
107 118
107 119
107 122
107 125
107 129
107 130
107 131
107 133
107 134
107 135
107 137
107 138
107 139
107 141
107 142
107 144
107 147
107 150
107 151
107 154
107 158
107 159
107 160
107 161
108 109
108 111
108 112
108 113
108 114
108 115
108 116
108 117
108 118
108 120
108 122
108 124
108 125
108 126
108 128
108 129
108 131
108 133
108 135
108 136
108 137
108 139
108 140
108 142
108 146
108 147
108 148
108 150
108 151
108 152
108 153
108 154
108 156
108 157
108 159
108 160
108 161
109 112
109 113
109 114
109 115
109 116
109 117
109 118
109 119
109 120
109 123
109 125
109 126
109 127
109 129
109 130
109 131
109 133
109 134
109 135
109 136
109 138
109 139
109 140
109 141
109 143
109 145
109 146
109 147
109 148
109 149
109 152
109 153
109 154
109 157
109 158
109 159
109 160
110 113
110 115
110 125
110 129
110 133
110 134
110 135
110 136
110 137
110 139
110 142
110 143
110 147
110 152
110 156
110 157
110 158
110 159
111 112
111 113
111 114
111 117
111 118
111 126
111 129
111 131
111 132
111 134
111 137
111 138
111 142
111 143
111 145
111 147
111 149
111 150
111 151
111 152
111 153
111 155
111 157
111 158
111 160
112 113
112 114
112 115
112 116
112 117
112 125
112 127
112 128
112 129
112 132
112 133
112 134
112 135
112 137
112 138
112 139
112 143
112 145
112 146
112 147
112 148
112 149
112 151
112 152
112 153
112 154
112 155
112 156
112 157
112 158
112 159
112 160
112 161
113 114
113 115
113 116
113 117
113 118
113 121
113 123
113 124
113 125
113 129
113 131
113 133
113 135
113 136
113 137
113 138
113 139
113 140
113 141
113 142
113 146
113 148
113 150
113 151
113 152
113 153
113 154
113 155
113 156
113 157
113 158
113 159
113 160
113 161
114 115
114 116
114 117
114 118
114 122
114 123
114 125
114 129
114 130
114 131
114 133
114 134
114 135
114 137
114 138
114 139
114 140
114 142
114 145
114 146
114 149
114 150
114 151
114 152
114 153
114 154
114 156
114 157
114 158
114 159
114 160
115 116
115 117
115 118
115 119
115 120
115 122
115 125
115 126
115 127
115 128
115 129
115 131
115 133
115 138
115 139
115 140
115 142
115 143
115 144
115 145
115 146
115 147
115 148
115 149
115 150
115 151
115 152
115 153
115 155
115 157
115 158
115 160
115 161
116 117
116 123
116 125
116 129
116 131
116 133
116 134
116 135
116 136
116 137
116 140
116 142
116 145
116 146
116 147
116 151
116 152
116 153
116 154
116 155
116 156
116 157
116 158
116 160
117 118
117 119
117 121
117 122
117 123
117 127
117 128
117 129
117 130
117 131
117 134
117 135
117 136
117 138
117 139
117 140
117 141
117 142
117 145
117 146
117 147
117 150
117 151
117 152
117 154
117 156
117 157
117 158
117 160
118 121
118 125
118 126
118 127
118 128
118 129
118 130
118 131
118 132
118 133
118 134
118 136
118 137
118 139
118 141
118 143
118 145
118 146
118 147
118 148
118 149
118 150
118 151
118 152
118 153
118 155
118 156
118 157
118 158
118 159
118 160
119 131
119 138
119 139
119 142
119 146
119 148
119 149
119 153
119 158
119 159
120 122
120 127
120 137
120 142
120 151
120 152
120 154
120 157
120 158
120 161
121 136
121 143
121 146
121 147
121 150
121 152
121 154
121 158
122 125
122 126
122 127
122 129
122 130
122 131
122 133
122 135
122 139
122 141
122 143
122 150
122 151
122 154
122 155
122 158
122 159
122 161
123 125
123 134
123 138
123 146
123 151
123 153
123 158
124 129
124 132
124 133
124 134
124 137
124 138
124 142
124 145
124 147
124 148
124 151
124 153
124 155
125 126
125 127
125 128
125 129
125 130
125 133
125 134
125 135
125 136
125 137
125 138
125 139
125 141
125 142
125 146
125 147
125 148
125 149
125 150
125 151
125 152
125 153
125 154
125 155
125 156
125 157
125 158
125 159
125 160
126 128
126 129
126 130
126 131
126 133
126 134
126 135
126 137
126 138
126 141
126 142
126 143
126 146
126 147
126 149
126 151
126 152
126 153
126 154
126 155
126 157
126 158
126 161
127 129
127 131
127 133
127 135
127 136
127 137
127 138
127 139
127 147
127 150
127 151
127 152
127 154
127 157
127 158
127 161
128 129
128 130
128 133
128 138
128 141
128 145
128 149
128 151
128 152
128 153
128 154
128 158
128 161
129 130
129 131
129 133
129 134
129 136
129 137
129 139
129 140
129 142
129 143
129 145
129 146
129 147
129 149
129 150
129 151
129 152
129 153
129 154
129 156
129 157
129 159
129 160
129 161
130 131
130 134
130 137
130 138
130 140
130 141
130 142
130 145
130 147
130 152
130 153
130 154
130 155
130 157
130 161
131 132
131 133
131 134
131 137
131 138
131 139
131 140
131 141
131 142
131 143
131 144
131 145
131 146
131 147
131 148
131 149
131 150
131 151
131 152
131 153
131 154
131 156
131 157
131 158
131 159
131 160
131 161
132 139
132 142
132 147
132 150
132 152
132 159
133 134
133 135
133 137
133 138
133 139
133 140
133 142
133 143
133 145
133 147
133 149
133 150
133 151
133 152
133 153
133 155
133 157
133 158
133 159
133 160
133 161
134 135
134 136
134 137
134 138
134 139
134 142
134 145
134 146
134 147
134 150
134 151
134 152
134 153
134 154
134 156
134 158
134 159
134 161
135 136
135 138
135 141
135 142
135 145
135 147
135 149
135 150
135 151
135 152
135 153
135 157
135 160
136 137
136 138
136 139
136 143
136 145
136 147
136 149
136 150
136 152
136 153
136 154
136 155
136 157
136 158
137 138
137 139
137 140
137 141
137 142
137 143
137 145
137 146
137 147
137 148
137 149
137 150
137 151
137 152
137 153
137 154
137 155
137 157
137 158
137 159
137 160
138 140
138 141
138 142
138 143
138 144
138 145
138 147
138 150
138 151
138 152
138 153
138 154
138 155
138 157
138 158
138 159
138 160
138 161
139 142
139 143
139 145
139 146
139 147
139 149
139 150
139 152
139 153
139 154
139 155
139 157
139 159
139 161
140 142
140 150
140 151
140 152
140 153
140 155
140 157
141 142
141 143
141 146
141 147
141 149
141 151
141 152
141 153
141 154
141 161
142 143
142 145
142 146
142 147
142 148
142 149
142 150
142 151
142 152
142 153
142 154
142 155
142 156
142 157
142 158
142 160
142 161
143 145
143 147
143 148
143 151
143 152
143 154
143 155
143 157
143 158
144 149
144 151
144 153
144 158
144 159
144 161
145 147
145 153
145 154
145 157
145 160
145 161
146 147
146 151
146 153
146 154
146 158
147 148
147 149
147 150
147 152
147 153
147 154
147 155
147 156
147 157
147 158
147 159
147 161
148 150
148 151
148 152
148 157
148 158
148 161
149 152
149 153
149 154
149 156
149 157
149 158
149 161
150 151
150 152
150 153
150 154
150 157
150 158
150 160
150 161
151 152
151 153
151 154
151 155
151 157
151 158
151 159
151 161
152 153
152 154
152 155
152 156
152 157
152 158
152 160
152 161
153 154
153 157
153 158
153 159
153 161
154 155
154 156
154 157
154 158
154 160
155 157
155 158
155 161
156 157
156 160
157 158
157 159
157 160
157 161
158 161
159 160
159 161
160 161
