0 3
0 7
0 11
0 13
0 14
0 18
0 19
0 21
0 25
0 26
0 31
0 32
0 38
0 40
0 43
0 44
0 49
0 51
0 53
0 54
0 60
0 64
0 65
0 67
0 68
0 69
0 70
0 72
0 73
0 74
0 76
0 77
0 79
0 89
0 90
0 93
0 94
0 95
0 96
0 98
0 101
0 103
0 104
0 106
0 107
0 108
0 110
0 111
0 112
0 113
0 115
0 116
0 117
0 118
0 126
0 131
0 134
0 135
0 137
0 138
0 139
0 140
0 141
0 142
0 150
0 151
0 152
0 158
0 159
0 160
0 161
1 4
1 6
1 12
1 14
1 18
1 19
1 22
1 26
1 31
1 32
1 33
1 38
1 40
1 42
1 43
1 45
1 46
1 49
1 51
1 53
1 54
1 56
1 58
1 61
1 62
1 63
1 65
1 68
1 69
1 71
1 72
1 73
1 74
1 77
1 80
1 81
1 84
1 85
1 86
1 87
1 89
1 92
1 94
1 96
1 97
1 99
1 101
1 102
1 103
1 105
1 106
1 107
1 111
1 112
1 114
1 115
1 116
1 117
1 118
1 120
1 122
1 125
1 126
1 129
1 131
1 133
1 134
1 137
1 138
1 139
1 140
1 142
1 143
1 145
1 146
1 147
1 149
1 150
1 151
1 152
1 154
1 157
1 158
2 5
2 6
2 7
2 11
2 12
2 13
2 14
2 15
2 16
2 19
2 20
2 21
2 23
2 30
2 31
2 35
2 38
2 40
2 42
2 45
2 49
2 51
2 55
2 56
2 63
2 64
2 65
2 66
2 67
2 68
2 70
2 71
2 73
2 81
2 83
2 84
2 86
2 88
2 89
2 101
2 102
2 105
2 106
2 107
2 111
2 114
2 117
2 118
2 119
2 120
2 121
2 125
2 129
2 130
2 131
2 133
2 134
2 138
2 142
2 145
2 148
2 152
2 154
2 156
2 158
2 159
3 4
3 10
3 11
3 13
3 21
3 31
3 33
3 35
3 38
3 45
3 49
3 54
3 62
3 63
3 64
3 67
3 69
3 71
3 72
3 74
3 75
3 77
3 79
3 84
3 86
3 89
3 93
3 94
3 98
3 101
3 102
3 105
3 106
3 107
3 108
3 112
3 113
3 114
3 117
3 118
3 125
3 126
3 129
3 130
3 136
3 147
3 150
3 151
3 152
3 157
4 5
4 6
4 7
4 8
4 9
4 10
4 11
4 13
4 14
4 15
4 16
4 17
4 18
4 19
4 21
4 22
4 25
4 26
4 27
4 30
4 31
4 32
4 33
4 34
4 35
4 38
4 39
4 40
4 41
4 42
4 43
4 44
4 45
4 46
4 50
4 51
4 52
4 54
4 55
4 56
4 58
4 61
4 62
4 63
4 64
4 65
4 66
4 67
4 68
4 69
4 70
4 71
4 72
4 73
4 74
4 75
4 76
4 77
4 79
4 81
4 83
4 88
4 89
4 91
4 92
4 94
4 95
4 96
4 97
4 99
4 100
4 101
4 102
4 105
4 106
4 107
4 108
4 109
4 111
4 112
4 113
4 114
4 115
4 116
4 117
4 118
4 120
4 121
4 122
4 125
4 126
4 128
4 130
4 131
4 132
4 133
4 134
4 136
4 137
4 138
4 139
4 140
4 141
4 142
4 143
4 145
4 146
4 147
4 149
4 150
4 151
4 152
4 154
4 157
4 158
4 160
4 161
5 6
5 7
5 8
5 11
5 14
5 15
5 19
5 21
5 22
5 23
5 24
5 25
5 26
5 34
5 38
5 40
5 42
5 45
5 46
5 49
5 51
5 52
5 54
5 56
5 59
5 64
5 65
5 66
5 68
5 69
5 71
5 73
5 77
5 82
5 83
5 84
5 88
5 91
5 92
5 93
5 94
5 97
5 98
5 101
5 106
5 109
5 113
5 114
5 115
5 116
5 117
5 118
5 121
5 131
5 133
5 134
5 136
5 139
5 142
5 146
5 147
5 152
5 153
5 159
5 160
6 7
6 8
6 10
6 11
6 12
6 13
6 14
6 15
6 16
6 17
6 18
6 19
6 20
6 21
6 22
6 23
6 24
6 25
6 26
6 27
6 28
6 29
6 30
6 31
6 33
6 34
6 35
6 36
6 37
6 38
6 39
6 40
6 41
6 42
6 43
6 44
6 45
6 46
6 49
6 51
6 53
6 54
6 55
6 56
6 57
6 58
6 59
6 60
6 61
6 62
6 63
6 64
6 65
6 66
6 67
6 68
6 69
6 70
6 71
6 72
6 73
6 75
6 77
6 78
6 79
6 80
6 81
6 83
6 84
6 85
6 86
6 87
6 88
6 89
6 92
6 93
6 94
6 97
6 98
6 99
6 100
6 101
6 102
6 105
6 106
6 109
6 110
6 111
6 112
6 113
6 114
6 115
6 116
6 117
6 119
6 125
6 126
6 128
6 129
6 131
6 133
6 134
6 135
6 136
6 137
6 138
6 139
6 140
6 141
6 142
6 145
6 146
6 147
6 148
6 150
6 151
6 152
6 153
6 154
6 155
6 157
6 158
6 160
6 161
7 8
7 9
7 10
7 11
7 12
7 13
7 14
7 15
7 16
7 17
7 18
7 19
7 20
7 22
7 23
7 24
7 26
7 30
7 31
7 32
7 33
7 34
7 35
7 36
7 37
7 38
7 39
7 40
7 41
7 42
7 44
7 46
7 48
7 49
7 51
7 53
7 54
7 55
7 56
7 58
7 59
7 60
7 61
7 62
7 64
7 65
7 66
7 67
7 68
7 69
7 70
7 72
7 73
7 74
7 75
7 79
7 80
7 83
7 86
7 90
7 91
7 93
7 94
7 95
7 96
7 99
7 100
7 101
7 102
7 103
7 105
7 106
7 107
7 108
7 109
7 110
7 112
7 114
7 115
7 116
7 117
7 118
7 122
7 124
7 125
7 126
7 127
7 128
7 129
7 130
7 131
7 133
7 134
7 136
7 137
7 138
7 139
7 140
7 141
7 142
7 143
7 147
7 149
7 150
7 151
7 152
7 153
7 154
7 155
7 156
7 157
7 158
7 159
7 160
7 161
8 9
8 10
8 11
8 12
8 13
8 18
8 21
8 26
8 29
8 30
8 31
8 35
8 36
8 38
8 43
8 46
8 48
8 49
8 51
8 55
8 56
8 58
8 64
8 65
8 66
8 67
8 68
8 70
8 72
8 74
8 79
8 80
8 86
8 89
8 94
8 96
8 97
8 100
8 101
8 102
8 105
8 106
8 108
8 109
8 111
8 112
8 115
8 117
8 118
8 131
8 134
8 135
8 137
8 140
8 141
8 142
8 143
8 151
8 153
8 157
8 158
8 160
9 10
9 11
9 12
9 13
9 15
9 17
9 18
9 19
9 21
9 22
9 25
9 30
9 31
9 32
9 33
9 34
9 35
9 36
9 40
9 42
9 45
9 47
9 50
9 51
9 55
9 56
9 58
9 62
9 63
9 64
9 65
9 66
9 67
9 68
9 70
9 71
9 72
9 73
9 74
9 76
9 77
9 79
9 80
9 82
9 84
9 88
9 91
9 93
9 94
9 97
9 99
9 100
9 101
9 105
9 106
9 107
9 108
9 112
9 113
9 114
9 116
9 117
9 118
9 125
9 128
9 129
9 130
9 134
9 135
9 137
9 138
9 141
9 142
9 143
9 145
9 147
9 150
9 151
9 152
9 153
9 157
9 158
9 160
9 161
10 11
10 12
10 14
10 16
10 17
10 18
10 19
10 21
10 22
10 25
10 26
10 30
10 31
10 34
10 36
10 38
10 40
10 41
10 42
10 43
10 44
10 45
10 46
10 49
10 50
10 51
10 52
10 53
10 54
10 56
10 57
10 61
10 63
10 65
10 66
10 68
10 69
10 70
10 71
10 73
10 74
10 75
10 79
10 86
10 88
10 89
10 90
10 93
10 94
10 95
10 101
10 102
10 104
10 105
10 106
10 107
10 108
10 109
10 112
10 113
10 114
10 115
10 117
10 118
10 119
10 125
10 129
10 133
10 134
10 135
10 136
10 137
10 139
10 142
10 143
10 145
10 146
10 147
10 150
10 151
10 152
10 153
10 154
10 161
11 12
11 14
11 15
11 17
11 19
11 21
11 22
11 23
11 24
11 25
11 26
11 27
11 30
11 31
11 32
11 34
11 35
11 38
11 40
11 43
11 45
11 46
11 49
11 50
11 51
11 52
11 54
11 55
11 56
11 58
11 60
11 63
11 64
11 65
11 66
11 67
11 68
11 69
11 70
11 71
11 72
11 74
11 75
11 77
11 78
11 79
11 80
11 81
11 82
11 83
11 84
11 86
11 87
11 89
11 90
11 93
11 95
11 96
11 97
11 98
11 100
11 101
11 102
11 103
11 106
11 107
11 108
11 110
11 111
11 112
11 113
11 114
11 115
11 116
11 117
11 118
11 120
11 122
11 124
11 125
11 126
11 128
11 130
11 131
11 133
11 134
11 135
11 137
11 138
11 139
11 140
11 141
11 142
11 143
11 146
11 147
11 148
11 149
11 150
11 151
11 152
11 153
11 154
11 157
11 158
11 159
11 161
12 13
12 14
12 19
12 23
12 25
12 28
12 30
12 31
12 34
12 36
12 38
12 39
12 42
12 45
12 49
12 51
12 52
12 54
12 56
12 57
12 58
12 60
12 63
12 64
12 65
12 66
12 68
12 70
12 71
12 72
12 73
12 74
12 77
12 79
12 84
12 89
12 91
12 92
12 95
12 98
12 100
12 101
12 102
12 105
12 106
12 109
12 110
12 111
12 114
12 117
12 118
12 121
12 122
12 126
12 129
12 130
12 131
12 133
12 136
12 140
12 141
12 142
12 147
12 148
12 150
12 151
12 152
12 153
12 154
12 157
12 158
12 159
13 14
13 15
13 19
13 20
13 21
13 24
13 25
13 27
13 30
13 31
13 32
13 38
13 43
13 45
13 47
13 49
13 51
13 52
13 53
13 54
13 55
13 58
13 63
13 64
13 66
13 67
13 68
13 70
13 71
13 72
13 73
13 74
13 75
13 80
13 86
13 93
13 94
13 97
13 98
13 99
13 102
13 105
13 106
13 107
13 108
13 110
13 113
13 114
13 115
13 117
13 118
13 120
13 125
13 126
13 129
13 131
13 132
13 134
13 139
13 142
13 143
13 146
13 147
13 149
13 150
13 152
13 153
13 157
13 160
13 161
14 15
14 16
14 18
14 19
14 20
14 22
14 24
14 25
14 26
14 27
14 28
14 30
14 31
14 32
14 34
14 35
14 36
14 37
14 38
14 39
14 40
14 42
14 43
14 44
14 46
14 47
14 48
14 49
14 50
14 51
14 52
14 53
14 54
14 56
14 57
14 58
14 59
14 61
14 62
14 63
14 64
14 65
14 66
14 67
14 68
14 69
14 70
14 71
14 72
14 73
14 74
14 75
14 76
14 77
14 79
14 80
14 81
14 83
14 84
14 85
14 86
14 87
14 88
14 89
14 90
14 92
14 93
14 94
14 95
14 97
14 98
14 100
14 101
14 102
14 103
14 105
14 106
14 107
14 108
14 109
14 110
14 111
14 112
14 113
14 114
14 115
14 116
14 118
14 120
14 121
14 125
14 126
14 127
14 128
14 129
14 130
14 131
14 132
14 133
14 134
14 135
14 137
14 138
14 140
14 141
14 142
14 143
14 144
14 145
14 146
14 147
14 148
14 149
14 151
14 152
14 154
14 155
14 157
14 158
14 159
14 161
15 19
15 20
15 21
15 24
15 26
15 30
15 32
15 34
15 35
15 37
15 39
15 40
15 42
15 44
15 45
15 49
15 52
15 53
15 54
15 55
15 56
15 58
15 61
15 66
15 67
15 68
15 70
15 71
15 73
15 74
15 75
15 77
15 79
15 84
15 87
15 89
15 90
15 93
15 94
15 96
15 97
15 99
15 100
15 106
15 108
15 112
15 114
15 115
15 121
15 128
15 129
15 133
15 134
15 135
15 137
15 139
15 142
15 146
15 147
15 150
15 152
15 153
15 154
15 158
15 159
15 160
16 18
16 19
16 20
16 21
16 22
16 25
16 26
16 30
16 31
16 36
16 37
16 38
16 39
16 40
16 43
16 44
16 51
16 54
16 55
16 58
16 60
16 63
16 64
16 65
16 66
16 67
16 68
16 70
16 71
16 74
16 77
16 79
16 82
16 84
16 86
16 89
16 97
16 98
16 101
16 102
16 107
16 108
16 109
16 112
16 113
16 114
16 117
16 118
16 128
16 129
16 131
16 134
16 135
16 136
16 137
16 140
16 142
16 145
16 150
16 151
16 152
16 153
16 154
16 155
16 156
16 157
16 159
16 161
17 18
17 21
17 24
17 25
17 30
17 37
17 38
17 40
17 44
17 45
17 49
17 51
17 57
17 58
17 64
17 68
17 71
17 72
17 73
17 74
17 75
17 79
17 85
17 87
17 91
17 93
17 106
17 111
17 115
17 116
17 118
17 127
17 129
17 131
17 134
17 142
17 150
17 151
17 154
17 158
17 160
18 19
18 21
18 23
18 30
18 31
18 35
18 36
18 40
18 43
18 45
18 49
18 50
18 51
18 58
18 59
18 64
18 65
18 66
18 67
18 68
18 69
18 72
18 75
18 77
18 83
18 85
18 89
18 91
18 94
18 101
18 102
18 106
18 109
18 110
18 111
18 118
18 120
18 125
18 126
18 130
18 133
18 135
18 137
18 138
18 139
18 145
18 146
18 147
18 148
18 151
18 152
18 153
18 154
18 157
18 158
18 160
19 21
19 22
19 23
19 24
19 25
19 26
19 27
19 28
19 29
19 30
19 31
19 32
19 33
19 35
19 36
19 37
19 38
19 39
19 40
19 41
19 44
19 45
19 46
19 47
19 49
19 51
19 54
19 55
19 56
19 57
19 58
19 59
19 61
19 64
19 65
19 66
19 67
19 68
19 69
19 70
19 71
19 72
19 73
19 74
19 75
19 76
19 77
19 78
19 79
19 80
19 81
19 83
19 84
19 85
19 86
19 87
19 89
19 93
19 94
19 95
19 96
19 97
19 98
19 99
19 100
19 101
19 102
19 104
19 105
19 106
19 108
19 109
19 111
19 112
19 113
19 114
19 116
19 117
19 118
19 119
19 120
19 122
19 123
19 125
19 126
19 127
19 129
19 130
19 131
19 133
19 135
19 136
19 137
19 139
19 140
19 141
19 142
19 144
19 145
19 146
19 149
19 150
19 152
19 154
19 157
19 158
19 160
19 161
20 21
20 25
20 26
20 30
20 31
20 32
20 35
20 37
20 40
20 49
20 53
20 56
20 58
20 59
20 62
20 65
20 66
20 67
20 70
20 81
20 83
20 101
20 102
20 104
20 106
20 108
20 109
20 112
20 115
20 117
20 118
20 126
20 129
20 131
20 134
20 136
20 138
20 140
20 142
20 147
20 149
20 150
20 152
20 154
20 158
21 22
21 24
21 26
21 27
21 30
21 31
21 32
21 33
21 34
21 35
21 37
21 38
21 39
21 40
21 43
21 44
21 46
21 47
21 49
21 50
21 51
21 52
21 53
21 54
21 56
21 58
21 59
21 61
21 62
21 63
21 64
21 65
21 66
21 67
21 69
21 70
21 71
21 72
21 73
21 74
21 75
21 77
21 81
21 84
21 85
21 86
21 87
21 88
21 89
21 90
21 91
21 92
21 93
21 95
21 96
21 97
21 99
21 100
21 101
21 102
21 104
21 105
21 106
21 107
21 108
21 109
21 110
21 111
21 113
21 114
21 115
21 117
21 118
21 121
21 122
21 123
21 125
21 126
21 129
21 131
21 132
21 133
21 134
21 135
21 138
21 139
21 140
21 141
21 142
21 144
21 147
21 149
21 150
21 151
21 152
21 153
21 154
21 157
21 158
21 159
21 160
21 161
22 25
22 31
22 35
22 36
22 39
22 40
22 42
22 45
22 48
22 51
22 54
22 56
22 59
22 61
22 63
22 64
22 67
22 68
22 70
22 74
22 76
22 77
22 78
22 84
22 89
22 91
22 94
22 97
22 98
22 101
22 102
22 103
22 108
22 109
22 114
22 115
22 118
22 124
22 131
22 138
22 141
22 142
22 147
22 148
22 149
22 151
22 152
22 156
22 157
22 158
22 160
22 161
23 24
23 26
23 28
23 31
23 32
23 34
23 38
23 40
23 43
23 50
23 51
23 52
23 54
23 56
23 58
23 61
23 64
23 65
23 70
23 71
23 87
23 88
23 89
23 94
23 96
23 102
23 103
23 105
23 108
23 109
23 112
23 114
23 117
23 118
23 129
23 134
23 135
23 137
23 138
23 142
23 143
23 145
23 147
23 149
23 152
23 153
24 25
24 26
24 28
24 32
24 34
24 37
24 40
24 41
24 42
24 43
24 49
24 52
24 53
24 54
24 57
24 58
24 59
24 61
24 64
24 65
24 66
24 67
24 68
24 72
24 73
24 74
24 75
24 77
24 79
24 80
24 83
24 86
24 89
24 91
24 92
24 93
24 97
24 98
24 99
24 100
24 101
24 102
24 104
24 105
24 106
24 107
24 108
24 109
24 111
24 112
24 113
24 114
24 117
24 125
24 129
24 131
24 134
24 135
24 136
24 137
24 138
24 141
24 142
24 143
24 146
24 147
24 151
24 157
24 160
25 26
25 27
25 28
25 29
25 32
25 35
25 36
25 38
25 39
25 40
25 41
25 42
25 44
25 45
25 49
25 51
25 54
25 56
25 58
25 59
25 61
25 63
25 64
25 65
25 68
25 69
25 70
25 74
25 75
25 76
25 77
25 79
25 81
25 84
25 86
25 87
25 89
25 92
25 93
25 94
25 97
25 99
25 101
25 102
25 105
25 106
25 108
25 110
25 111
25 112
25 113
25 114
25 115
25 116
25 117
25 118
25 124
25 125
25 126
25 127
25 128
25 129
25 130
25 131
25 133
25 136
25 137
25 138
25 139
25 141
25 142
25 145
25 146
25 147
25 149
25 150
25 151
25 152
25 153
25 154
25 155
25 157
25 159
25 161
26 28
26 29
26 30
26 31
26 33
26 34
26 36
26 37
26 38
26 39
26 40
26 42
26 43
26 44
26 45
26 46
26 49
26 50
26 51
26 53
26 54
26 56
26 58
26 61
26 63
26 64
26 65
26 66
26 67
26 68
26 69
26 70
26 71
26 72
26 73
26 74
26 75
26 77
26 79
26 80
26 82
26 83
26 84
26 85
26 86
26 87
26 88
26 89
26 91
26 93
26 94
26 97
26 98
26 101
26 102
26 103
26 105
26 106
26 107
26 108
26 109
26 110
26 111
26 112
26 113
26 114
26 116
26 117
26 118
26 119
26 123
26 124
26 125
26 126
26 127
26 129
26 130
26 131
26 132
26 133
26 134
26 135
26 136
26 137
26 138
26 139
26 140
26 142
26 143
26 146
26 147
26 148
26 149
26 150
26 151
26 152
26 153
26 154
26 155
26 157
26 158
26 159
26 160
26 161
27 30
27 31
27 46
27 53
27 54
27 58
27 61
27 63
27 65
27 67
27 68
27 69
27 71
27 72
27 74
27 77
27 81
27 84
27 89
27 93
27 101
27 108
27 111
27 113
27 116
27 131
27 133
27 135
27 139
27 142
27 147
27 151
27 152
27 153
27 158
28 30
28 31
28 32
28 34
28 45
28 49
28 50
28 54
28 56
28 58
28 67
28 68
28 69
28 70
28 72
28 74
28 77
28 79
28 82
28 83
28 84
28 89
28 94
28 97
28 101
28 102
28 108
28 113
28 114
28 115
28 126
28 129
28 130
28 133
28 134
28 135
28 137
28 138
28 142
28 147
28 150
28 151
28 152
28 154
28 157
29 31
29 37
29 38
29 40
29 43
29 44
29 49
29 50
29 51
29 52
29 54
29 65
29 66
29 67
29 70
29 72
29 75
29 77
29 89
29 98
29 104
29 106
29 108
29 113
29 114
29 116
29 118
29 125
29 129
29 130
29 134
29 136
29 137
29 138
29 142
29 144
29 145
29 146
29 147
29 148
29 153
29 154
29 159
30 31
30 32
30 33
30 34
30 35
30 37
30 38
30 39
30 40
30 42
30 44
30 45
30 46
30 47
30 49
30 50
30 51
30 52
30 54
30 55
30 56
30 57
30 58
30 59
30 61
30 63
30 64
30 65
30 66
30 67
30 68
30 70
30 71
30 72
30 73
30 74
30 75
30 76
30 77
30 80
30 81
30 83
30 84
30 86
30 87
30 88
30 89
30 90
30 92
30 93
30 94
30 95
30 96
30 97
30 98
30 99
30 102
30 103
30 104
30 106
30 107
30 108
30 109
30 111
30 112
30 114
30 115
30 118
30 120
30 125
30 126
30 128
30 129
30 130
30 131
30 133
30 134
30 135
30 136
30 137
30 138
30 139
30 140
30 142
30 143
30 144
30 145
30 148
30 150
30 151
30 152
30 153
30 154
30 155
30 156
30 157
30 159
30 161
31 32
31 33
31 35
31 36
31 37
31 38
31 39
31 40
31 42
31 43
31 44
31 45
31 46
31 48
31 49
31 50
31 51
31 53
31 54
31 55
31 56
31 57
31 58
31 59
31 60
31 61
31 63
31 64
31 65
31 66
31 67
31 68
31 69
31 70
31 71
31 72
31 73
31 74
31 75
31 77
31 79
31 80
31 82
31 83
31 84
31 85
31 86
31 87
31 88
31 89
31 90
31 91
31 92
31 94
31 95
31 96
31 97
31 98
31 99
31 100
31 101
31 102
31 103
31 104
31 105
31 106
31 107
31 108
31 109
31 111
31 112
31 113
31 114
31 115
31 117
31 118
31 119
31 120
31 122
31 123
31 125
31 127
31 128
31 129
31 130
31 131
31 133
31 134
31 135
31 136
31 138
31 139
31 141
31 142
31 143
31 145
31 146
31 147
31 148
31 149
31 150
31 151
31 152
31 154
31 156
31 157
31 158
31 159
31 161
32 33
32 34
32 35
32 36
32 37
32 38
32 40
32 41
32 42
32 44
32 45
32 46
32 47
32 49
32 50
32 51
32 53
32 54
32 56
32 58
32 62
32 63
32 64
32 65
32 66
32 68
32 70
32 72
32 73
32 74
32 75
32 76
32 77
32 79
32 80
32 83
32 84
32 85
32 86
32 87
32 88
32 89
32 91
32 92
32 93
32 94
32 95
32 96
32 98
32 100
32 102
32 103
32 104
32 105
32 106
32 107
32 108
32 109
32 111
32 112
32 113
32 114
32 115
32 116
32 117
32 118
32 119
32 120
32 121
32 122
32 124
32 125
32 129
32 130
32 131
32 133
32 134
32 136
32 137
32 138
32 141
32 142
32 143
32 146
32 147
32 148
32 149
32 150
32 151
32 152
32 154
32 157
32 158
32 159
32 160
32 161
33 38
33 39
33 44
33 47
33 56
33 63
33 71
33 80
33 84
33 94
33 98
33 101
33 106
33 115
33 130
33 131
33 133
33 137
33 142
33 147
33 149
33 150
33 152
33 159
34 35
34 38
34 40
34 41
34 44
34 47
34 48
34 49
34 51
34 52
34 55
34 56
34 61
34 64
34 66
34 67
34 68
34 69
34 70
34 71
34 75
34 76
34 79
34 80
34 84
34 85
34 86
34 87
34 89
34 91
34 97
34 98
34 100
34 102
34 104
34 106
34 108
34 109
34 113
34 114
34 115
34 117
34 118
34 123
34 125
34 127
34 129
34 130
34 131
34 136
34 137
34 138
34 139
34 141
34 142
34 145
34 147
34 148
34 149
34 150
34 153
34 154
34 157
35 36
35 37
35 41
35 42
35 43
35 44
35 45
35 46
35 47
35 48
35 49
35 50
35 51
35 52
35 55
35 56
35 58
35 59
35 61
35 63
35 64
35 66
35 67
35 69
35 70
35 71
35 72
35 73
35 74
35 75
35 76
35 77
35 79
35 81
35 82
35 86
35 88
35 89
35 92
35 93
35 97
35 99
35 100
35 101
35 102
35 103
35 104
35 105
35 106
35 107
35 108
35 110
35 112
35 113
35 114
35 115
35 116
35 117
35 121
35 124
35 125
35 129
35 131
35 132
35 133
35 134
35 141
35 142
35 143
35 146
35 148
35 149
35 150
35 151
35 152
35 153
35 154
35 157
35 159
35 160
36 38
36 40
36 42
36 44
36 45
36 46
36 49
36 50
36 51
36 52
36 53
36 54
36 55
36 56
36 64
36 65
36 66
36 68
36 69
36 72
36 73
36 75
36 77
36 79
36 80
36 84
36 85
36 89
36 92
36 94
36 97
36 98
36 99
36 100
36 101
36 102
36 105
36 106
36 107
36 108
36 109
36 110
36 111
36 112
36 114
36 115
36 116
36 117
36 118
36 122
36 123
36 124
36 125
36 126
36 127
36 129
36 131
36 133
36 134
36 135
36 136
36 137
36 138
36 139
36 141
36 142
36 145
36 146
36 147
36 149
36 150
36 151
36 152
36 153
36 154
36 158
37 38
37 43
37 44
37 45
37 46
37 49
37 50
37 51
37 52
37 53
37 54
37 56
37 58
37 62
37 63
37 64
37 65
37 66
37 67
37 68
37 70
37 71
37 72
37 74
37 75
37 79
37 84
37 85
37 88
37 90
37 91
37 93
37 94
37 95
37 97
37 101
37 102
37 103
37 104
37 105
37 106
37 107
37 108
37 109
37 110
37 111
37 112
37 113
37 114
37 115
37 116
37 117
37 120
37 125
37 129
37 131
37 133
37 134
37 137
37 138
37 139
37 140
37 141
37 142
37 143
37 146
37 150
37 151
37 152
37 153
37 154
37 155
37 156
37 158
38 40
38 41
38 42
38 43
38 44
38 45
38 46
38 48
38 49
38 50
38 51
38 54
38 55
38 56
38 57
38 58
38 59
38 62
38 63
38 64
38 65
38 67
38 68
38 69
38 70
38 71
38 72
38 73
38 74
38 75
38 76
38 77
38 79
38 80
38 81
38 82
38 83
38 84
38 85
38 86
38 87
38 88
38 89
38 90
38 91
38 92
38 93
38 94
38 95
38 96
38 97
38 98
38 99
38 100
38 101
38 102
38 103
38 104
38 105
38 106
38 107
38 108
38 111
38 112
38 113
38 114
38 115
38 116
38 117
38 118
38 121
38 122
38 123
38 126
38 127
38 128
38 129
38 130
38 131
38 132
38 133
38 134
38 135
38 136
38 139
38 140
38 142
38 143
38 146
38 147
38 148
38 150
38 153
38 154
38 155
38 156
38 157
38 158
38 159
38 160
38 161
39 44
39 45
39 46
39 49
39 51
39 53
39 58
39 62
39 64
39 66
39 67
39 72
39 75
39 77
39 80
39 82
39 84
39 88
39 89
39 90
39 100
39 101
39 108
39 109
39 111
39 112
39 114
39 115
39 117
39 125
39 126
39 129
39 134
39 142
39 144
39 145
39 146
39 147
39 151
39 152
39 154
39 161
40 43
40 45
40 46
40 48
40 49
40 50
40 51
40 52
40 53
40 54
40 56
40 57
40 58
40 59
40 62
40 63
40 64
40 65
40 66
40 67
40 68
40 69
40 70
40 71
40 72
40 73
40 74
40 75
40 76
40 79
40 80
40 82
40 83
40 84
40 85
40 86
40 87
40 88
40 89
40 90
40 91
40 93
40 94
40 95
40 97
40 98
40 100
40 101
40 102
40 103
40 105
40 106
40 107
40 108
40 109
40 111
40 112
40 113
40 114
40 115
40 116
40 117
40 118
40 119
40 120
40 121
40 125
40 127
40 128
40 129
40 130
40 131
40 132
40 133
40 134
40 135
40 136
40 137
40 138
40 139
40 140
40 141
40 142
40 143
40 144
40 145
40 146
40 147
40 148
40 149
40 150
40 151
40 152
40 154
40 155
40 157
40 158
40 159
40 160
40 161
41 44
41 50
41 51
41 54
41 55
41 56
41 63
41 64
41 65
41 67
41 69
41 70
41 72
41 74
41 101
41 102
41 105
41 106
41 107
41 108
41 112
41 117
41 122
41 125
41 129
41 131
41 132
41 133
41 134
41 136
41 138
41 139
41 141
41 147
41 153
41 158
42 43
42 44
42 45
42 48
42 49
42 51
42 53
42 54
42 55
42 59
42 65
42 67
42 69
42 70
42 71
42 72
42 73
42 74
42 75
42 77
42 79
42 84
42 86
42 88
42 89
42 90
42 94
42 97
42 99
42 102
42 106
42 108
42 115
42 116
42 117
42 118
42 125
42 126
42 129
42 130
42 131
42 133
42 135
42 137
42 138
42 143
42 145
42 146
42 147
42 151
42 152
42 153
42 154
42 157
42 160
43 45
43 46
43 49
43 50
43 52
43 54
43 55
43 56
43 57
43 58
43 61
43 62
43 63
43 64
43 65
43 68
43 69
43 70
43 71
43 72
43 73
43 74
43 75
43 76
43 77
43 79
43 80
43 86
43 87
43 88
43 89
43 92
43 94
43 101
43 102
43 105
43 106
43 107
43 108
43 114
43 118
43 122
43 124
43 125
43 126
43 129
43 134
43 135
43 138
43 139
43 140
43 141
43 142
43 143
43 145
43 146
43 150
43 151
43 153
43 154
43 155
43 157
43 158
43 159
43 161
44 45
44 46
44 48
44 49
44 51
44 52
44 54
44 55
44 56
44 58
44 61
44 62
44 63
44 65
44 66
44 67
44 68
44 69
44 70
44 71
44 72
44 73
44 74
44 75
44 79
44 80
44 81
44 83
44 85
44 86
44 87
44 88
44 89
44 91
44 92
44 93
44 95
44 96
44 97
44 99
44 100
44 101
44 102
44 103
44 105
44 106
44 107
44 108
44 110
44 111
44 112
44 115
44 116
44 117
44 118
44 122
44 125
44 126
44 128
44 129
44 130
44 131
44 133
44 134
44 135
44 136
44 137
44 138
44 140
44 142
44 143
44 145
44 146
44 147
44 148
44 150
44 151
44 152
44 154
44 155
44 158
44 160
44 161
45 46
45 48
45 49
45 50
45 51
45 54
45 57
45 58
45 61
45 63
45 64
45 65
45 66
45 67
45 68
45 69
45 70
45 71
45 72
45 74
45 75
45 80
45 81
45 82
45 84
45 86
45 87
45 88
45 89
45 90
45 93
45 94
45 96
45 97
45 99
45 100
45 101
45 102
45 103
45 106
45 107
45 108
45 109
45 111
45 112
45 113
45 114
45 115
45 116
45 117
45 118
45 120
45 122
45 123
45 124
45 125
45 127
45 128
45 129
45 130
45 131
45 133
45 134
45 136
45 137
45 138
45 139
45 141
45 142
45 145
45 147
45 148
45 149
45 150
45 151
45 152
45 153
45 154
45 157
45 159
45 161
46 47
46 49
46 51
46 54
46 55
46 56
46 58
46 59
46 60
46 63
46 64
46 65
46 66
46 67
46 68
46 69
46 70
46 72
46 74
46 75
46 79
46 80
46 83
46 84
46 87
46 88
46 89
46 90
46 94
46 95
46 96
46 97
46 99
46 100
46 101
46 103
46 105
46 106
46 107
46 108
46 111
46 112
46 113
46 114
46 115
46 116
46 117
46 118
46 123
46 124
46 126
46 127
46 128
46 131
46 133
46 134
46 136
46 137
46 139
46 142
46 144
46 145
46 146
46 147
46 151
46 152
46 154
46 157
46 158
46 161
47 49
47 51
47 61
47 65
47 68
47 70
47 71
47 73
47 74
47 76
47 79
47 80
47 83
47 89
47 92
47 97
47 98
47 105
47 108
47 111
47 112
47 113
47 115
47 116
47 117
47 118
47 121
47 126
47 129
47 134
47 142
47 143
47 146
47 147
47 161
48 49
48 50
48 51
48 53
48 55
48 59
48 64
48 65
48 68
48 69
48 70
48 71
48 72
48 75
48 79
48 80
48 84
48 85
48 88
48 90
48 97
48 101
48 106
48 108
48 112
48 114
48 115
48 123
48 127
48 128
48 131
48 133
48 139
48 146
48 150
48 153
48 157
48 158
48 161
49 50
49 51
49 52
49 53
49 54
49 55
49 56
49 57
49 58
49 61
49 63
49 64
49 65
49 66
49 67
49 68
49 69
49 70
49 71
49 72
49 73
49 75
49 76
49 79
49 80
49 83
49 84
49 85
49 86
49 87
49 89
49 90
49 92
49 95
49 96
49 97
49 99
49 100
49 101
49 102
49 103
49 104
49 105
49 106
49 107
49 108
49 111
49 112
49 113
49 115
49 116
49 117
49 118
49 119
49 120
49 121
49 125
49 126
49 127
49 129
49 130
49 131
49 133
49 134
49 135
49 136
49 137
49 139
49 141
49 142
49 143
49 145
49 146
49 147
49 150
49 151
49 152
49 154
49 156
49 157
49 158
49 159
49 161
50 51
50 54
50 58
50 59
50 61
50 62
50 64
50 69
50 70
50 71
50 72
50 73
50 75
50 79
50 84
50 87
50 88
50 92
50 99
50 100
50 101
50 104
50 106
50 107
50 108
50 112
50 113
50 114
50 115
50 118
50 125
50 127
50 128
50 131
50 133
50 134
50 136
50 137
50 138
50 142
50 145
50 147
50 150
50 152
50 153
50 154
50 156
50 157
50 159
50 161
51 52
51 54
51 55
51 56
51 57
51 58
51 59
51 61
51 63
51 64
51 65
51 66
51 67
51 68
51 69
51 70
51 72
51 73
51 74
51 75
51 76
51 77
51 78
51 79
51 80
51 84
51 85
51 86
51 87
51 88
51 89
51 91
51 93
51 94
51 95
51 97
51 99
51 100
51 101
51 102
51 103
51 104
51 105
51 106
51 107
51 108
51 110
51 112
51 113
51 114
51 115
51 116
51 117
51 118
51 120
51 123
51 124
51 125
51 126
51 129
51 130
51 131
51 132
51 133
51 134
51 136
51 137
51 138
51 139
51 140
51 142
51 144
51 145
51 146
51 147
51 148
51 149
51 150
51 151
51 152
51 154
51 155
51 156
51 157
51 158
51 159
52 54
52 56
52 58
52 59
52 63
52 64
52 65
52 67
52 68
52 70
52 71
52 72
52 73
52 79
52 82
52 92
52 93
52 94
52 97
52 98
52 99
52 105
52 106
52 108
52 112
52 113
52 115
52 117
52 118
52 124
52 125
52 127
52 129
52 130
52 132
52 136
52 137
52 139
52 141
52 145
52 146
52 148
52 149
52 150
52 151
52 152
52 158
52 160
53 54
53 56
53 58
53 64
53 65
53 67
53 68
53 69
53 74
53 80
53 88
53 93
53 94
53 101
53 108
53 111
53 113
53 114
53 115
53 116
53 130
53 131
53 133
53 134
53 137
53 138
53 139
53 140
53 142
53 146
53 147
53 148
53 150
53 151
53 152
53 153
53 155
53 157
53 158
53 159
54 55
54 56
54 57
54 59
54 61
54 62
54 63
54 64
54 65
54 66
54 68
54 69
54 70
54 71
54 72
54 73
54 74
54 75
54 77
54 79
54 80
54 81
54 83
54 84
54 86
54 87
54 88
54 89
54 90
54 91
54 92
54 93
54 94
54 95
54 96
54 97
54 98
54 99
54 100
54 101
54 102
54 103
54 104
54 105
54 106
54 107
54 108
54 109
54 111
54 112
54 113
54 114
54 115
54 116
54 117
54 118
54 119
54 120
54 123
54 125
54 126
54 127
54 128
54 129
54 130
54 131
54 132
54 133
54 134
54 136
54 137
54 138
54 139
54 140
54 141
54 142
54 143
54 144
54 145
54 146
54 147
54 148
54 149
54 150
54 151
54 152
54 153
54 154
54 155
54 156
54 158
54 161
55 56
55 60
55 61
55 63
55 64
55 65
55 67
55 68
55 69
55 70
55 71
55 72
55 73
55 74
55 75
55 77
55 78
55 79
55 80
55 84
55 86
55 87
55 88
55 89
55 93
55 94
55 97
55 99
55 100
55 101
55 102
55 103
55 105
55 106
55 108
55 111
55 112
55 113
55 114
55 115
55 116
55 117
55 118
55 119
55 123
55 125
55 129
55 131
55 133
55 134
55 136
55 137
55 138
55 141
55 142
55 145
55 147
55 149
55 150
55 151
55 152
55 153
55 154
55 156
55 157
55 158
55 159
55 160
55 161
56 57
56 58
56 59
56 60
56 61
56 63
56 64
56 65
56 66
56 67
56 68
56 69
56 70
56 71
56 72
56 74
56 75
56 77
56 79
56 80
56 81
56 85
56 87
56 89
56 91
56 92
56 93
56 94
56 95
56 96
56 97
56 98
56 99
56 100
56 101
56 102
56 103
56 105
56 106
56 108
56 109
56 110
56 111
56 112
56 113
56 115
56 117
56 118
56 119
56 120
56 121
56 124
56 125
56 128
56 129
56 130
56 131
56 132
56 133
56 134
56 136
56 137
56 139
56 141
56 142
56 143
56 144
56 145
56 146
56 147
56 148
56 149
56 150
56 151
56 152
56 153
56 154
56 155
56 157
56 158
56 159
56 161
57 62
57 63
57 64
57 66
57 68
57 69
57 70
57 71
57 72
57 74
57 77
57 82
57 87
57 89
57 92
57 94
57 95
57 97
57 98
57 101
57 107
57 108
57 109
57 111
57 113
57 116
57 125
57 126
57 127
57 129
57 131
57 133
57 135
57 136
57 137
57 138
57 139
57 141
57 142
57 143
57 146
57 151
57 155
57 158
57 160
58 60
58 61
58 62
58 64
58 65
58 66
58 67
58 68
58 69
58 70
58 71
58 72
58 73
58 75
58 76
58 77
58 79
58 80
58 82
58 83
58 85
58 88
58 89
58 90
58 94
58 97
58 98
58 100
58 101
58 102
58 103
58 105
58 106
58 107
58 109
58 111
58 113
58 115
58 116
58 117
58 121
58 122
58 125
58 126
58 127
58 129
58 130
58 131
58 133
58 136
58 138
58 139
58 142
58 145
58 147
58 150
58 151
58 152
58 153
58 154
58 155
58 156
58 158
58 160
59 60
59 61
59 64
59 65
59 67
59 68
59 71
59 72
59 74
59 75
59 83
59 86
59 91
59 92
59 95
59 97
59 98
59 100
59 101
59 102
59 103
59 106
59 113
59 114
59 115
59 116
59 126
59 127
59 128
59 129
59 131
59 133
59 134
59 135
59 137
59 139
59 140
59 142
59 145
59 146
59 147
59 151
59 152
59 156
59 158
59 160
59 161
60 63
60 64
60 70
60 72
60 74
60 83
60 101
60 113
60 114
60 118
60 125
60 126
60 129
60 137
60 138
60 139
60 142
60 145
60 147
60 154
60 155
61 63
61 64
61 65
61 67
61 68
61 69
61 70
61 71
61 72
61 73
61 74
61 75
61 79
61 84
61 86
61 90
61 92
61 94
61 97
61 99
61 101
61 103
61 107
61 108
61 110
61 111
61 113
61 117
61 122
61 124
61 125
61 126
61 131
61 134
61 135
61 136
61 138
61 139
61 141
61 142
61 145
61 146
61 147
61 149
61 150
61 151
61 152
61 153
61 158
62 64
62 66
62 68
62 69
62 70
62 71
62 72
62 74
62 77
62 81
62 82
62 87
62 88
62 89
62 90
62 93
62 94
62 97
62 101
62 102
62 105
62 107
62 109
62 110
62 111
62 113
62 114
62 115
62 125
62 126
62 127
62 128
62 130
62 133
62 134
62 137
62 142
62 145
62 146
62 147
62 148
62 150
62 152
62 153
62 154
62 157
62 159
63 64
63 66
63 67
63 68
63 69
63 71
63 73
63 74
63 75
63 76
63 77
63 78
63 80
63 82
63 86
63 89
63 92
63 93
63 100
63 101
63 102
63 103
63 104
63 105
63 107
63 108
63 110
63 111
63 113
63 114
63 115
63 116
63 117
63 120
63 125
63 126
63 128
63 131
63 132
63 133
63 134
63 135
63 137
63 138
63 141
63 142
63 145
63 146
63 147
63 150
63 151
63 152
63 153
63 154
63 157
63 158
63 159
63 160
63 161
64 65
64 66
64 67
64 68
64 69
64 70
64 71
64 72
64 74
64 75
64 76
64 78
64 81
64 82
64 84
64 87
64 88
64 89
64 90
64 91
64 93
64 94
64 95
64 96
64 97
64 98
64 99
64 101
64 102
64 103
64 104
64 105
64 106
64 107
64 108
64 109
64 111
64 112
64 113
64 114
64 115
64 116
64 117
64 118
64 123
64 126
64 129
64 130
64 131
64 133
64 134
64 135
64 137
64 138
64 139
64 140
64 142
64 143
64 145
64 146
64 147
64 148
64 149
64 150
64 151
64 152
64 153
64 154
64 157
64 158
64 161
65 66
65 68
65 69
65 70
65 71
65 72
65 73
65 74
65 75
65 76
65 77
65 79
65 80
65 81
65 84
65 85
65 86
65 87
65 88
65 89
65 91
65 92
65 94
65 97
65 99
65 100
65 101
65 102
65 103
65 105
65 106
65 107
65 108
65 110
65 112
65 113
65 114
65 115
65 116
65 117
65 118
65 120
65 121
65 122
65 126
65 128
65 129
65 130
65 131
65 133
65 134
65 135
65 136
65 137
65 138
65 139
65 142
65 143
65 147
65 149
65 150
65 151
65 152
65 153
65 154
65 155
65 158
65 159
65 161
66 67
66 68
66 71
66 72
66 73
66 74
66 77
66 80
66 85
66 86
66 87
66 88
66 89
66 91
66 93
66 94
66 95
66 96
66 97
66 98
66 99
66 101
66 103
66 106
66 108
66 109
66 110
66 111
66 112
66 113
66 114
66 115
66 116
66 117
66 118
66 119
66 121
66 122
66 124
66 125
66 127
66 129
66 130
66 131
66 133
66 134
66 135
66 137
66 138
66 139
66 142
66 143
66 144
66 145
66 146
66 147
66 152
66 153
66 154
66 156
66 157
66 159
66 161
67 68
67 69
67 70
67 71
67 72
67 73
67 74
67 76
67 77
67 79
67 81
67 83
67 84
67 85
67 86
67 87
67 88
67 89
67 90
67 91
67 93
67 94
67 97
67 98
67 99
67 101
67 102
67 103
67 105
67 106
67 108
67 109
67 110
67 111
67 112
67 113
67 114
67 115
67 117
67 118
67 121
67 122
67 123
67 124
67 125
67 126
67 127
67 129
67 130
67 131
67 132
67 133
67 134
67 135
67 137
67 138
67 139
67 141
67 142
67 143
67 145
67 146
67 147
67 148
67 149
67 150
67 151
67 152
67 153
67 154
67 158
67 159
67 161
68 69
68 70
68 71
68 72
68 73
68 74
68 75
68 76
68 77
68 79
68 82
68 83
68 84
68 85
68 86
68 87
68 88
68 89
68 90
68 91
68 92
68 93
68 94
68 95
68 97
68 98
68 99
68 100
68 101
68 102
68 103
68 104
68 105
68 106
68 107
68 108
68 109
68 112
68 113
68 115
68 117
68 118
68 122
68 124
68 125
68 127
68 128
68 129
68 130
68 132
68 133
68 134
68 135
68 137
68 138
68 139
68 142
68 144
68 145
68 146
68 147
68 149
68 150
68 151
68 152
68 153
68 154
68 155
68 157
68 158
68 159
68 160
68 161
69 70
69 71
69 72
69 73
69 74
69 75
69 79
69 80
69 82
69 84
69 85
69 86
69 88
69 89
69 90
69 91
69 93
69 94
69 95
69 97
69 98
69 99
69 100
69 101
69 102
69 103
69 104
69 106
69 107
69 108
69 112
69 113
69 114
69 115
69 116
69 117
69 119
69 120
69 126
69 127
69 128
69 129
69 130
69 131
69 133
69 134
69 135
69 137
69 138
69 139
69 140
69 141
69 142
69 144
69 146
69 147
69 149
69 150
69 151
69 152
69 153
69 154
69 155
69 158
70 71
70 72
70 74
70 75
70 79
70 80
70 82
70 84
70 85
70 86
70 88
70 89
70 92
70 93
70 94
70 97
70 98
70 99
70 100
70 101
70 102
70 105
70 106
70 107
70 109
70 110
70 111
70 112
70 113
70 114
70 115
70 117
70 118
70 122
70 124
70 125
70 126
70 128
70 129
70 130
70 131
70 132
70 133
70 134
70 135
70 136
70 137
70 138
70 139
70 140
70 141
70 142
70 143
70 144
70 146
70 147
70 150
70 152
70 153
70 154
70 156
70 158
70 159
70 160
70 161
71 72
71 73
71 75
71 77
71 79
71 82
71 83
71 84
71 85
71 86
71 88
71 89
71 91
71 92
71 94
71 96
71 97
71 98
71 99
71 101
71 102
71 104
71 105
71 106
71 108
71 109
71 112
71 114
71 115
71 116
71 117
71 118
71 120
71 121
71 122
71 125
71 128
71 129
71 131
71 132
71 133
71 134
71 137
71 138
71 139
71 142
71 143
71 145
71 146
71 147
71 149
71 150
71 151
71 152
71 153
71 157
71 158
71 159
71 160
71 161
72 74
72 75
72 76
72 77
72 78
72 79
72 80
72 81
72 83
72 84
72 85
72 86
72 87
72 88
72 89
72 90
72 91
72 92
72 93
72 94
72 95
72 96
72 97
72 98
72 99
72 100
72 101
72 103
72 105
72 106
72 107
72 108
72 109
72 110
72 111
72 112
72 113
72 114
72 115
72 116
72 117
72 119
72 122
72 123
72 124
72 125
72 126
72 127
72 128
72 129
72 130
72 131
72 133
72 134
72 135
72 137
72 138
72 139
72 140
72 141
72 142
72 143
72 145
72 146
72 147
72 149
72 151
72 152
72 153
72 154
72 156
72 157
72 158
72 160
72 161
73 74
73 75
73 77
73 79
73 82
73 84
73 87
73 89
73 91
73 92
73 94
73 97
73 98
73 99
73 100
73 102
73 105
73 106
73 108
73 109
73 113
73 114
73 115
73 116
73 117
73 118
73 120
73 125
73 127
73 129
73 130
73 131
73 132
73 133
73 134
73 135
73 136
73 137
73 139
73 141
73 142
73 143
73 144
73 146
73 147
73 148
73 150
73 151
73 152
73 153
73 154
73 156
73 157
73 158
73 161
74 75
74 76
74 77
74 79
74 80
74 82
74 83
74 84
74 85
74 87
74 88
74 89
74 92
74 93
74 94
74 95
74 99
74 100
74 101
74 102
74 103
74 105
74 106
74 107
74 108
74 109
74 111
74 112
74 113
74 114
74 115
74 117
74 118
74 119
74 120
74 122
74 125
74 126
74 129
74 130
74 131
74 132
74 133
74 134
74 136
74 137
74 138
74 139
74 142
74 143
74 145
74 146
74 149
74 150
74 151
74 152
74 153
74 154
74 155
74 157
74 158
74 159
74 160
74 161
75 77
75 80
75 83
75 84
75 85
75 86
75 87
75 88
75 89
75 90
75 91
75 92
75 93
75 96
75 97
75 99
75 100
75 101
75 102
75 103
75 106
75 107
75 108
75 109
75 110
75 111
75 112
75 113
75 114
75 115
75 117
75 118
75 120
75 123
75 125
75 126
75 129
75 130
75 131
75 132
75 133
75 134
75 135
75 136
75 137
75 138
75 139
75 140
75 141
75 142
75 143
75 144
75 145
75 146
75 147
75 149
75 150
75 151
75 154
75 157
75 158
75 159
75 160
75 161
76 80
76 81
76 83
76 84
76 88
76 90
76 93
76 97
76 98
76 99
76 101
76 102
76 104
76 105
76 106
76 108
76 109
76 113
76 115
76 117
76 118
76 119
76 124
76 125
76 126
76 129
76 130
76 131
76 133
76 134
76 136
76 137
76 138
76 144
76 145
76 147
76 149
76 152
76 153
76 154
76 157
76 158
77 78
77 79
77 80
77 81
77 84
77 85
77 86
77 87
77 88
77 89
77 90
77 92
77 93
77 94
77 95
77 97
77 98
77 99
77 100
77 102
77 103
77 104
77 105
77 108
77 111
77 112
77 113
77 114
77 115
77 116
77 117
77 118
77 125
77 127
77 128
77 129
77 130
77 131
77 132
77 133
77 134
77 135
77 137
77 138
77 139
77 141
77 142
77 143
77 145
77 146
77 147
77 148
77 149
77 150
77 152
77 154
77 155
77 157
77 158
77 159
77 161
78 85
78 89
78 97
78 105
78 109
78 114
78 118
78 125
78 127
78 129
78 133
78 138
78 141
78 146
78 147
78 151
78 154
79 80
79 82
79 85
79 87
79 88
79 89
79 91
79 92
79 93
79 94
79 97
79 98
79 99
79 100
79 101
79 105
79 106
79 107
79 108
79 109
79 111
79 112
79 113
79 114
79 118
79 122
79 123
79 126
79 127
79 128
79 129
79 130
79 131
79 133
79 134
79 136
79 137
79 138
79 139
79 140
79 141
79 142
79 143
79 145
79 146
79 147
79 148
79 149
79 150
79 151
79 152
79 155
79 156
79 157
79 158
79 159
79 160
79 161
80 82
80 84
80 87
80 89
80 92
80 93
80 94
80 95
80 97
80 99
80 101
80 102
80 103
80 107
80 108
80 111
80 112
80 113
80 114
80 118
80 119
80 125
80 128
80 129
80 130
80 131
80 133
80 135
80 136
80 138
80 139
80 142
80 145
80 147
80 150
80 151
80 152
80 154
80 155
80 156
80 157
80 158
80 159
80 160
80 161
81 82
81 84
81 86
81 87
81 89
81 93
81 95
81 102
81 107
81 108
81 113
81 114
81 115
81 117
81 125
81 131
81 133
81 135
81 137
81 141
81 142
81 145
81 146
81 149
81 154
81 157
81 158
82 89
82 90
82 93
82 94
82 99
82 102
82 107
82 113
82 114
82 117
82 118
82 125
82 127
82 133
82 134
82 135
82 137
82 138
82 140
82 141
82 142
82 146
82 147
82 148
82 149
82 150
82 151
82 152
83 87
83 88
83 91
83 92
83 93
83 94
83 96
83 97
83 101
83 105
83 106
83 107
83 108
83 109
83 112
83 114
83 116
83 118
83 120
83 124
83 125
83 128
83 129
83 130
83 133
83 134
83 139
83 146
83 147
83 150
83 151
83 152
83 154
83 157
83 158
83 161
84 86
84 87
84 88
84 89
84 91
84 93
84 94
84 95
84 96
84 97
84 98
84 102
84 104
84 106
84 107
84 108
84 109
84 110
84 111
84 112
84 115
84 117
84 121
84 124
84 125
84 128
84 129
84 130
84 131
84 133
84 134
84 135
84 136
84 137
84 139
84 141
84 142
84 145
84 146
84 147
84 148
84 149
84 151
84 152
84 153
84 154
84 155
84 156
84 157
84 159
84 161
85 86
85 88
85 90
85 96
85 97
85 101
85 102
85 106
85 107
85 108
85 109
85 111
85 112
85 113
85 114
85 117
85 118
85 122
85 123
85 125
85 126
85 131
85 133
85 137
85 138
85 139
85 143
85 145
85 149
85 150
85 151
85 154
85 158
85 159
85 160
86 88
86 89
86 90
86 93
86 94
86 96
86 97
86 99
86 100
86 102
86 106
86 107
86 108
86 109
86 110
86 111
86 113
86 114
86 115
86 116
86 117
86 118
86 125
86 126
86 129
86 130
86 134
86 137
86 138
86 145
86 146
86 147
86 149
86 150
86 153
86 154
86 157
86 158
86 161
87 88
87 89
87 92
87 93
87 94
87 95
87 97
87 101
87 102
87 105
87 107
87 108
87 109
87 112
87 113
87 115
87 116
87 117
87 118
87 121
87 125
87 128
87 129
87 133
87 135
87 137
87 138
87 140
87 141
87 142
87 145
87 147
87 148
87 149
87 152
87 153
87 157
87 159
87 161
88 89
88 90
88 93
88 102
88 104
88 105
88 106
88 107
88 108
88 109
88 110
88 112
88 113
88 114
88 115
88 117
88 121
88 123
88 124
88 125
88 126
88 129
88 130
88 131
88 134
88 137
88 138
88 142
88 143
88 147
88 148
88 151
88 153
88 154
88 155
88 158
88 161
89 94
89 95
89 96
89 97
89 98
89 101
89 102
89 103
89 105
89 106
89 107
89 108
89 109
89 111
89 112
89 113
89 114
89 115
89 116
89 117
89 118
89 119
89 120
89 122
89 125
89 127
89 128
89 129
89 130
89 131
89 132
89 133
89 134
89 135
89 136
89 137
89 138
89 139
89 140
89 142
89 143
89 144
89 146
89 147
89 148
89 149
89 151
89 152
89 153
89 154
89 155
89 157
89 158
89 160
89 161
90 98
90 99
90 100
90 101
90 102
90 103
90 105
90 106
90 107
90 109
90 111
90 114
90 115
90 118
90 125
90 130
90 140
90 142
90 149
90 151
90 152
90 155
90 157
90 158
90 159
91 93
91 95
91 101
91 102
91 108
91 109
91 110
91 111
91 114
91 115
91 116
91 117
91 125
91 129
91 133
91 137
91 139
91 142
91 146
91 147
91 149
91 150
91 151
91 152
91 153
91 154
91 158
92 94
92 100
92 101
92 102
92 105
92 106
92 107
92 108
92 109
92 113
92 115
92 117
92 125
92 126
92 130
92 131
92 133
92 136
92 137
92 138
92 139
92 140
92 141
92 142
92 146
92 148
92 152
92 154
92 157
92 158
92 160
92 161
93 94
93 96
93 97
93 98
93 102
93 105
93 106
93 107
93 108
93 109
93 112
93 113
93 114
93 116
93 117
93 118
93 121
93 126
93 129
93 130
93 131
93 133
93 134
93 135
93 136
93 137
93 138
93 139
93 142
93 145
93 146
93 147
93 149
93 150
93 151
93 153
93 154
93 157
93 158
93 161
94 96
94 97
94 99
94 100
94 101
94 102
94 105
94 106
94 107
94 108
94 110
94 112
94 113
94 114
94 116
94 117
94 118
94 119
94 120
94 121
94 124
94 125
94 126
94 128
94 131
94 133
94 134
94 135
94 137
94 138
94 139
94 140
94 141
94 142
94 143
94 146
94 147
94 149
94 150
94 151
94 152
94 153
94 154
94 155
94 156
94 157
94 159
94 160
94 161
95 97
95 101
95 102
95 105
95 106
95 112
95 114
95 115
95 120
95 125
95 127
95 133
95 134
95 139
95 142
95 146
95 151
95 154
95 155
95 157
96 98
96 102
96 103
96 105
96 106
96 108
96 109
96 112
96 114
96 116
96 118
96 122
96 126
96 129
96 134
96 135
96 142
96 144
96 146
96 147
96 151
96 152
96 153
96 154
97 99
97 101
97 102
97 103
97 104
97 105
97 106
97 107
97 109
97 110
97 111
97 112
97 113
97 114
97 116
97 117
97 119
97 121
97 122
97 125
97 126
97 129
97 130
97 131
97 133
97 134
97 135
97 136
97 137
97 138
97 141
97 143
97 144
97 145
97 146
97 147
97 148
97 150
97 151
97 153
97 154
97 155
97 157
97 158
97 159
97 161
98 100
98 106
98 108
98 109
98 110
98 111
98 112
98 113
98 114
98 115
98 117
98 123
98 125
98 126
98 128
98 129
98 130
98 131
98 133
98 137
98 138
98 139
98 141
98 142
98 143
98 144
98 147
98 151
98 152
98 154
98 158
99 101
99 102
99 104
99 106
99 107
99 108
99 109
99 110
99 111
99 112
99 114
99 115
99 116
99 117
99 118
99 121
99 125
99 130
99 131
99 133
99 135
99 137
99 138
99 141
99 142
99 146
99 149
99 151
99 152
99 153
99 154
99 157
99 160
99 161
100 101
100 102
100 106
100 107
100 108
100 112
100 114
100 119
100 127
100 128
100 129
100 131
100 134
100 137
100 138
100 140
100 142
100 145
100 146
100 147
100 149
100 153
100 154
100 157
100 158
100 159
101 102
101 103
101 104
101 105
101 106
101 107
101 108
101 109
101 112
101 113
101 114
101 115
101 116
101 117
101 118
101 119
101 120
101 121
101 124
101 125
101 126
101 127
101 128
101 129
101 130
101 131
101 133
101 134
101 135
101 136
101 137
101 138
101 139
101 141
101 142
101 143
101 146
101 147
101 149
101 150
101 152
101 154
101 155
101 156
101 157
101 158
101 159
101 160
101 161
102 103
102 105
102 106
102 107
102 108
102 109
102 110
102 111
102 112
102 113
102 114
102 115
102 116
102 117
102 118
102 120
102 123
102 124
102 125
102 127
102 128
102 129
102 130
102 131
102 133
102 134
102 136
102 137
102 138
102 139
102 140
102 141
102 146
102 147
102 148
102 150
102 151
102 152
102 153
102 154
102 157
102 158
102 159
102 160
103 106
103 108
103 109
103 111
103 112
103 113
103 114
103 115
103 116
103 117
103 118
103 126
103 128
103 129
103 131
103 136
103 137
103 138
103 139
103 141
103 142
103 143
103 147
103 149
103 151
103 152
103 153
103 154
103 157
103 158
104 106
104 107
104 108
104 109
104 129
104 130
104 133
104 135
104 136
104 142
104 148
104 149
104 151
104 152
104 153
104 155
104 158
104 159
105 106
105 107
105 108
105 109
105 112
105 113
105 114
105 115
105 117
105 119
105 120
105 122
105 125
105 128
105 129
105 130
105 132
105 133
105 135
105 137
105 138
105 139
105 142
105 145
105 146
105 147
105 148
105 150
105 151
105 154
105 155
105 157
105 158
105 159
105 160
105 161
106 107
106 110
106 111
106 112
106 114
106 115
106 116
106 117
106 118
106 123
106 125
106 126
106 127
106 129
106 130
106 131
106 133
106 134
106 135
106 136
106 137
106 138
106 139
106 141
106 142
106 143
106 145
106 146
106 147
106 150
106 152
106 153
106 154
106 155
106 157
106 158
106 161
107 108
107 109
107 111
107 112
107 113
107 114
107 115
107 116
107 117
107 122
107 125
107 126
107 128
107 129
107 130
107 131
107 132
107 133
107 134
107 135
107 136
107 137
107 138
107 139
107 140
107 142
107 143
107 145
107 146
107 147
107 150
107 151
107 152
107 153
107 155
107 156
107 157
107 158
107 161
108 109
108 110
108 111
108 112
108 113
108 114
108 115
108 116
108 117
108 118
108 120
108 125
108 126
108 127
108 128
108 129
108 130
108 131
108 133
108 134
108 136
108 137
108 138
108 139
108 141
108 142
108 143
108 145
108 146
108 147
108 148
108 149
108 150
108 152
108 153
108 154
108 155
108 156
108 157
108 158
108 160
108 161
109 110
109 111
109 112
109 113
109 114
109 115
109 116
109 118
109 121
109 125
109 127
109 128
109 129
109 130
109 131
109 133
109 135
109 136
109 137
109 138
109 139
109 140
109 141
109 142
109 143
109 144
109 146
109 147
109 148
109 149
109 150
109 151
109 153
109 154
109 156
109 157
109 158
109 159
109 160
109 161
110 113
110 114
110 115
110 116
110 118
110 120
110 124
110 125
110 133
110 136
110 137
110 138
110 139
110 142
110 145
110 147
110 152
110 158
111 113
111 115
111 117
111 118
111 124
111 128
111 129
111 130
111 131
111 132
111 133
111 135
111 137
111 138
111 139
111 146
111 151
111 153
111 154
111 157
111 158
112 113
112 114
112 115
112 116
112 117
112 124
112 125
112 126
112 128
112 129
112 131
112 133
112 134
112 135
112 136
112 137
112 138
112 139
112 141
112 143
112 145
112 147
112 150
112 151
112 152
112 153
112 154
112 157
112 158
112 160
112 161
113 114
113 116
113 117
113 118
113 120
113 121
113 124
113 128
113 129
113 130
113 131
113 132
113 133
113 135
113 136
113 137
113 138
113 139
113 140
113 141
113 142
113 143
113 145
113 147
113 149
113 150
113 151
113 152
113 153
113 154
113 155
113 156
113 158
113 160
114 115
114 117
114 118
114 119
114 125
114 126
114 127
114 128
114 129
114 130
114 131
114 135
114 137
114 138
114 139
114 142
114 143
114 145
114 146
114 147
114 149
114 150
114 151
114 152
114 153
114 154
114 155
114 158
114 160
114 161
115 116
115 117
115 119
115 123
115 124
115 125
115 126
115 127
115 128
115 130
115 131
115 134
115 135
115 136
115 137
115 138
115 140
115 141
115 143
115 144
115 147
115 149
115 150
115 151
115 152
115 153
115 154
115 155
115 156
115 157
115 158
115 159
115 160
116 117
116 118
116 119
116 121
116 124
116 125
116 126
116 127
116 128
116 129
116 130
116 131
116 132
116 133
116 134
116 135
116 136
116 142
116 146
116 149
116 151
116 152
116 153
116 154
116 155
116 157
116 158
116 160
116 161
117 118
117 121
117 122
117 123
117 126
117 127
117 129
117 131
117 133
117 134
117 135
117 136
117 137
117 138
117 139
117 140
117 141
117 142
117 143
117 145
117 146
117 147
117 148
117 149
117 150
117 152
117 153
117 154
117 155
117 157
117 158
117 160
117 161
118 122
118 127
118 128
118 129
118 130
118 131
118 133
118 134
118 135
118 136
118 137
118 138
118 139
118 141
118 142
118 143
118 147
118 148
118 150
118 151
118 152
118 153
118 154
118 155
118 156
118 158
118 159
118 160
118 161
119 130
119 134
119 142
119 151
119 152
119 153
119 157
119 160
120 125
120 126
120 128
120 129
120 130
120 131
120 133
120 138
120 139
120 141
120 142
120 145
120 147
120 151
120 156
120 161
121 122
121 125
121 137
121 147
121 151
121 152
121 153
121 154
121 157
121 158
121 159
121 161
122 125
122 126
122 128
122 129
122 133
122 138
122 142
122 145
122 146
122 152
122 154
122 157
123 129
123 130
123 135
123 137
123 138
123 153
124 125
124 133
124 134
124 142
124 147
124 148
124 158
124 160
124 161
125 127
125 129
125 130
125 131
125 132
125 133
125 134
125 135
125 136
125 137
125 138
125 139
125 142
125 143
125 145
125 146
125 149
125 150
125 151
125 152
125 153
125 154
125 157
125 158
125 159
125 160
125 161
126 129
126 130
126 131
126 132
126 133
126 135
126 137
126 138
126 139
126 141
126 142
126 145
126 146
126 147
126 152
126 153
126 155
126 156
126 157
126 158
126 161
127 131
127 137
127 138
127 146
127 147
127 149
127 150
127 153
127 154
127 155
128 129
128 133
128 134
128 137
128 139
128 141
128 143
128 146
128 147
128 151
128 152
128 154
128 158
129 130
129 131
129 132
129 135
129 136
129 138
129 139
129 140
129 141
129 142
129 143
129 145
129 147
129 148
129 150
129 151
129 152
129 154
129 155
129 156
129 157
129 158
129 159
129 160
129 161
130 131
130 133
130 134
130 135
130 138
130 139
130 145
130 147
130 148
130 149
130 151
130 152
130 153
130 154
130 155
130 157
130 158
130 159
131 133
131 134
131 135
131 136
131 137
131 138
131 142
131 143
131 144
131 145
131 146
131 147
131 148
131 149
131 150
131 151
131 152
131 153
131 154
131 156
131 158
131 160
131 161
132 134
132 137
132 138
132 143
132 146
132 152
132 154
133 134
133 135
133 136
133 137
133 138
133 139
133 141
133 142
133 143
133 145
133 146
133 147
133 148
133 149
133 150
133 151
133 152
133 153
133 154
133 155
133 156
133 157
133 158
133 159
133 160
134 135
134 136
134 137
134 138
134 139
134 141
134 142
134 143
134 145
134 146
134 147
134 148
134 151
134 152
134 153
134 154
134 155
134 157
134 158
134 159
134 160
134 161
135 137
135 138
135 139
135 141
135 142
135 143
135 145
135 146
135 147
135 149
135 150
135 152
135 153
135 156
135 157
135 158
135 160
136 137
136 139
136 142
136 143
136 145
136 146
136 148
136 149
136 150
136 151
136 152
136 153
136 157
136 159
136 160
136 161
137 138
137 139
137 140
137 141
137 142
137 143
137 145
137 146
137 148
137 149
137 150
137 151
137 152
137 154
137 155
137 157
137 158
137 160
137 161
138 139
138 141
138 142
138 143
138 146
138 148
138 150
138 151
138 152
138 153
138 156
138 157
138 158
138 159
138 160
138 161
139 140
139 141
139 142
139 146
139 148
139 150
139 151
139 152
139 154
139 157
139 158
139 160
140 141
140 142
140 146
140 151
140 152
140 158
140 161
141 142
141 145
141 147
141 148
141 149
141 150
141 151
141 152
141 156
141 157
141 158
141 159
141 160
141 161
142 143
142 144
142 146
142 147
142 148
142 149
142 150
142 151
142 152
142 153
142 154
142 155
142 157
142 158
142 159
142 160
142 161
143 146
143 147
143 150
143 151
143 154
143 158
143 159
144 148
144 155
145 147
145 150
145 151
145 152
145 154
145 159
146 147
146 148
146 149
146 151
146 152
146 153
146 154
146 156
146 157
146 159
146 161
147 148
147 149
147 150
147 152
147 153
147 154
147 155
147 156
147 157
147 158
147 159
147 160
147 161
148 149
148 150
148 151
148 153
148 157
149 150
149 151
149 153
149 155
149 158
149 159
149 161
150 152
150 153
150 155
150 157
150 160
150 161
151 152
151 153
151 154
151 157
151 158
151 159
151 160
151 161
152 153
152 154
152 156
152 157
152 158
152 159
153 154
153 157
153 158
153 161
154 158
154 159
154 160
154 161
155 157
155 158
156 158
156 159
157 158
157 159
157 161
158 159
158 160
159 160
159 161
160 161
