0 6
0 18
0 19
0 20
0 26
0 31
0 32
0 37
0 38
0 40
0 44
0 49
0 54
0 56
0 61
0 65
0 67
0 68
0 70
0 73
0 79
0 87
0 94
0 99
0 101
0 112
0 115
0 125
0 129
0 131
0 133
0 134
0 137
0 138
0 142
0 147
0 151
0 154
1 6
1 18
1 19
1 26
1 30
1 31
1 32
1 38
1 40
1 49
1 54
1 56
1 65
1 67
1 68
1 70
1 79
1 87
1 89
1 94
1 101
1 102
1 107
1 115
1 117
1 121
1 125
1 131
1 133
1 134
1 137
1 138
1 142
1 146
1 147
1 151
1 154
2 1
2 6
2 19
2 31
2 40
2 44
2 49
2 54
2 56
2 65
2 67
2 79
2 89
2 99
2 101
2 102
2 115
2 117
2 131
2 133
2 137
2 138
2 145
2 147
2 154
3 6
3 11
3 26
3 30
3 31
3 37
3 40
3 49
3 54
3 56
3 65
3 67
3 70
3 77
3 79
3 87
3 94
3 101
3 107
3 115
3 117
3 125
3 129
3 131
3 133
3 137
3 138
3 142
3 145
3 147
3 151
3 154
4 1
4 6
4 11
4 15
4 18
4 19
4 20
4 26
4 30
4 31
4 32
4 37
4 38
4 40
4 44
4 49
4 54
4 56
4 61
4 65
4 66
4 67
4 68
4 70
4 73
4 77
4 79
4 87
4 89
4 94
4 99
4 101
4 102
4 107
4 112
4 115
4 117
4 121
4 125
4 129
4 131
4 133
4 134
4 137
4 138
4 142
4 145
4 146
4 147
4 151
4 154
5 40
5 49
5 54
5 56
5 65
5 101
5 115
5 133
5 137
5 138
5 147
5 151
5 154
6 1
6 11
6 15
6 18
6 19
6 20
6 26
6 30
6 31
6 32
6 37
6 38
6 40
6 44
6 49
6 54
6 56
6 61
6 65
6 66
6 67
6 68
6 70
6 73
6 77
6 79
6 87
6 89
6 94
6 99
6 101
6 102
6 107
6 111
6 112
6 115
6 117
6 121
6 125
6 129
6 131
6 133
6 134
6 137
6 138
6 142
6 145
6 146
6 147
6 151
6 154
7 1
7 6
7 11
7 15
7 18
7 19
7 20
7 26
7 30
7 31
7 32
7 37
7 38
7 40
7 44
7 49
7 54
7 56
7 61
7 65
7 66
7 67
7 68
7 70
7 73
7 77
7 79
7 87
7 89
7 94
7 99
7 101
7 102
7 107
7 111
7 112
7 115
7 117
7 121
7 125
7 129
7 131
7 133
7 134
7 137
7 138
7 142
7 145
7 146
7 147
7 151
7 154
8 26
8 30
8 31
8 32
8 40
8 54
8 56
8 79
8 101
8 102
8 115
8 133
8 137
8 138
8 142
8 145
8 151
8 154
9 1
9 6
9 11
9 19
9 20
9 26
9 30
9 31
9 37
9 38
9 40
9 44
9 49
9 54
9 56
9 61
9 65
9 66
9 67
9 68
9 70
9 73
9 77
9 79
9 87
9 94
9 99
9 101
9 102
9 111
9 112
9 115
9 125
9 129
9 131
9 133
9 137
9 138
9 146
9 147
9 154
10 1
10 6
10 11
10 15
10 18
10 19
10 20
10 26
10 30
10 31
10 32
10 37
10 38
10 40
10 44
10 49
10 54
10 56
10 65
10 66
10 68
10 70
10 73
10 77
10 79
10 87
10 89
10 94
10 101
10 102
10 107
10 112
10 115
10 117
10 125
10 131
10 133
10 137
10 138
10 142
10 145
10 146
10 147
10 154
11 1
11 6
11 15
11 19
11 20
11 30
11 32
11 37
11 38
11 40
11 44
11 49
11 54
11 56
11 61
11 65
11 67
11 68
11 70
11 73
11 79
11 87
11 89
11 94
11 99
11 101
11 102
11 107
11 115
11 117
11 125
11 131
11 133
11 134
11 137
11 138
11 142
11 145
11 146
11 147
11 151
11 154
12 6
12 18
12 20
12 26
12 31
12 32
12 37
12 40
12 49
12 54
12 56
12 61
12 65
12 68
12 70
12 73
12 89
12 94
12 101
12 102
12 112
12 115
12 117
12 125
12 129
12 131
12 133
12 134
12 137
12 138
12 142
12 146
12 147
12 154
13 19
13 26
13 40
13 49
13 54
13 65
13 101
13 102
13 115
13 125
13 131
13 133
13 137
13 146
13 147
13 154
14 1
14 6
14 11
14 15
14 18
14 19
14 20
14 26
14 30
14 31
14 32
14 37
14 38
14 40
14 44
14 49
14 54
14 56
14 61
14 65
14 66
14 67
14 68
14 70
14 73
14 77
14 79
14 87
14 89
14 94
14 99
14 101
14 102
14 107
14 111
14 112
14 115
14 117
14 121
14 125
14 129
14 131
14 133
14 134
14 137
14 138
14 142
14 145
14 146
14 147
14 151
14 154
15 1
15 6
15 19
15 31
15 37
15 38
15 40
15 54
15 56
15 61
15 65
15 67
15 70
15 73
15 79
15 89
15 101
15 102
15 121
15 125
15 131
15 133
15 137
15 138
15 142
15 145
15 147
15 154
16 6
16 18
16 31
16 32
16 37
16 40
16 49
16 54
16 56
16 65
16 70
16 73
16 79
16 89
16 94
16 101
16 102
16 112
16 115
16 117
16 125
16 133
16 137
16 142
16 147
16 154
17 30
17 31
17 40
17 54
17 56
17 66
17 79
17 87
17 101
17 125
17 133
17 137
17 138
17 145
17 154
18 1
18 6
18 15
18 20
18 26
18 30
18 31
18 32
18 37
18 40
18 49
18 54
18 56
18 61
18 65
18 67
18 68
18 73
18 79
18 89
18 94
18 101
18 102
18 107
18 111
18 112
18 115
18 125
18 129
18 131
18 133
18 134
18 137
18 138
18 142
18 145
18 146
18 147
18 151
18 154
19 1
19 6
19 11
19 15
19 18
19 20
19 26
19 30
19 31
19 32
19 37
19 38
19 40
19 44
19 49
19 54
19 56
19 61
19 65
19 66
19 67
19 68
19 70
19 73
19 77
19 79
19 87
19 89
19 94
19 99
19 101
19 102
19 107
19 111
19 112
19 115
19 117
19 121
19 125
19 129
19 131
19 133
19 134
19 137
19 138
19 142
19 145
19 146
19 147
19 151
19 154
20 18
20 26
20 30
20 31
20 38
20 40
20 49
20 54
20 56
20 65
20 66
20 67
20 68
20 70
20 79
20 89
20 94
20 99
20 101
20 102
20 112
20 115
20 125
20 133
20 134
20 137
20 138
20 142
20 145
20 146
20 151
20 154
21 1
21 6
21 11
21 15
21 18
21 20
21 26
21 30
21 31
21 32
21 37
21 38
21 40
21 44
21 49
21 54
21 56
21 61
21 65
21 66
21 67
21 68
21 70
21 73
21 77
21 79
21 87
21 89
21 94
21 99
21 101
21 102
21 107
21 111
21 112
21 115
21 117
21 121
21 125
21 129
21 131
21 133
21 134
21 137
21 138
21 142
21 146
21 147
21 151
21 154
22 1
22 11
22 15
22 31
22 38
22 40
22 54
22 56
22 70
22 79
22 101
22 115
22 117
22 125
22 131
22 133
22 137
22 138
22 142
22 147
22 154
23 6
23 19
23 26
23 31
23 32
23 37
23 40
23 49
23 54
23 56
23 61
23 65
23 66
23 68
23 70
23 89
23 94
23 101
23 102
23 112
23 115
23 117
23 125
23 129
23 131
23 133
23 137
23 138
23 147
24 18
24 19
24 26
24 32
24 38
24 40
24 49
24 54
24 56
24 67
24 70
24 79
24 89
24 94
24 101
24 102
24 125
24 133
24 134
24 137
24 138
24 142
24 145
24 147
24 151
24 154
25 1
25 6
25 11
25 15
25 18
25 26
25 31
25 32
25 37
25 38
25 40
25 49
25 54
25 56
25 67
25 68
25 70
25 79
25 87
25 89
25 101
25 102
25 115
25 121
25 125
25 131
25 133
25 137
25 138
25 146
25 147
25 151
25 154
26 1
26 6
26 11
26 15
26 18
26 19
26 20
26 30
26 31
26 32
26 37
26 38
26 40
26 44
26 49
26 54
26 56
26 61
26 65
26 66
26 67
26 68
26 70
26 73
26 77
26 79
26 87
26 89
26 94
26 99
26 101
26 102
26 107
26 111
26 112
26 115
26 117
26 121
26 125
26 129
26 131
26 133
26 134
26 137
26 138
26 142
26 145
26 146
26 147
26 151
26 154
27 6
27 31
27 54
27 56
27 89
27 94
27 101
27 115
27 129
27 131
27 133
27 137
27 147
27 154
28 1
28 6
28 26
28 31
28 32
28 49
28 54
28 56
28 68
28 70
28 73
28 79
28 89
28 94
28 99
28 101
28 115
28 117
28 121
28 131
28 133
28 137
28 138
28 142
28 147
28 154
29 6
29 26
29 30
29 31
29 40
29 49
29 54
29 65
29 67
29 70
29 79
29 89
29 94
29 101
29 115
29 125
29 129
29 131
29 133
29 134
29 137
29 138
29 146
29 147
29 154
30 1
30 6
30 11
30 15
30 18
30 19
30 20
30 26
30 31
30 32
30 37
30 38
30 40
30 44
30 49
30 54
30 56
30 61
30 65
30 67
30 68
30 70
30 73
30 77
30 79
30 87
30 89
30 94
30 99
30 101
30 102
30 107
30 112
30 115
30 117
30 121
30 125
30 129
30 131
30 133
30 134
30 137
30 138
30 142
30 145
30 147
30 151
30 154
31 1
31 6
31 11
31 15
31 18
31 19
31 20
31 26
31 30
31 32
31 37
31 38
31 40
31 44
31 49
31 54
31 56
31 61
31 65
31 66
31 67
31 68
31 70
31 73
31 77
31 79
31 87
31 89
31 94
31 99
31 101
31 102
31 107
31 111
31 112
31 115
31 117
31 121
31 125
31 129
31 131
31 133
31 134
31 137
31 138
31 142
31 145
31 146
31 147
31 151
31 154
32 1
32 6
32 11
32 18
32 19
32 20
32 26
32 30
32 31
32 37
32 38
32 40
32 44
32 49
32 54
32 56
32 61
32 65
32 66
32 67
32 68
32 70
32 73
32 79
32 87
32 89
32 94
32 99
32 101
32 102
32 107
32 111
32 112
32 115
32 117
32 125
32 129
32 131
32 133
32 134
32 137
32 138
32 142
32 145
32 147
32 151
32 154
33 6
33 26
33 31
33 40
33 54
33 66
33 67
33 77
33 89
33 101
33 102
33 115
33 117
33 125
33 129
33 131
33 133
33 134
33 137
33 138
33 142
33 147
33 154
34 6
34 15
34 19
34 20
34 26
34 30
34 31
34 32
34 40
34 49
34 54
34 56
34 65
34 70
34 73
34 79
34 101
34 102
34 112
34 115
34 117
34 125
34 131
34 133
34 137
34 138
34 142
34 145
34 146
34 147
34 154
35 1
35 6
35 11
35 18
35 19
35 20
35 26
35 30
35 31
35 32
35 37
35 38
35 40
35 44
35 49
35 54
35 56
35 65
35 67
35 68
35 70
35 73
35 77
35 79
35 87
35 89
35 94
35 99
35 102
35 112
35 115
35 121
35 125
35 129
35 131
35 133
35 134
35 137
35 138
35 142
35 145
35 146
35 147
35 151
35 154
36 1
36 6
36 15
36 18
36 19
36 20
36 26
36 31
36 32
36 37
36 38
36 40
36 49
36 54
36 56
36 61
36 67
36 68
36 70
36 73
36 79
36 87
36 89
36 94
36 99
36 101
36 102
36 107
36 115
36 117
36 121
36 125
36 129
36 131
36 133
36 134
36 137
36 138
36 142
36 145
36 146
36 147
36 151
36 154
37 49
37 54
37 65
37 70
37 79
37 99
37 101
37 102
37 115
37 133
37 138
37 146
37 151
37 154
38 1
38 6
38 11
38 15
38 18
38 19
38 20
38 26
38 30
38 31
38 32
38 37
38 40
38 49
38 54
38 56
38 61
38 65
38 67
38 68
38 70
38 73
38 77
38 79
38 94
38 101
38 102
38 112
38 115
38 117
38 121
38 125
38 129
38 131
38 133
38 137
38 138
38 142
38 145
38 146
38 147
38 151
38 154
39 1
39 6
39 11
39 15
39 18
39 19
39 26
39 31
39 32
39 40
39 49
39 54
39 56
39 65
39 66
39 67
39 68
39 70
39 77
39 79
39 99
39 101
39 107
39 112
39 115
39 117
39 125
39 131
39 133
39 134
39 137
39 138
39 142
39 145
39 154
40 1
40 6
40 11
40 15
40 18
40 19
40 20
40 26
40 30
40 31
40 32
40 37
40 38
40 44
40 49
40 54
40 56
40 61
40 65
40 66
40 67
40 68
40 70
40 73
40 77
40 79
40 87
40 89
40 94
40 99
40 101
40 102
40 107
40 111
40 112
40 115
40 117
40 121
40 125
40 129
40 131
40 133
40 134
40 137
40 138
40 142
40 145
40 146
40 147
40 151
40 154
41 6
41 30
41 31
41 37
41 40
41 54
41 56
41 70
41 101
41 102
41 115
41 133
41 137
41 138
41 142
41 145
41 147
42 18
42 31
42 32
42 37
42 38
42 40
42 49
42 54
42 56
42 65
42 70
42 79
42 89
42 101
42 102
42 115
42 117
42 125
42 131
42 133
42 137
42 138
42 146
42 147
42 151
42 154
43 1
43 6
43 18
43 19
43 26
43 30
43 31
43 32
43 37
43 40
43 44
43 49
43 54
43 56
43 66
43 67
43 68
43 70
43 73
43 79
43 87
43 89
43 94
43 101
43 102
43 107
43 115
43 117
43 121
43 125
43 129
43 131
43 133
43 134
43 137
43 138
43 142
43 145
43 146
43 147
43 151
43 154
44 1
44 6
44 11
44 15
44 18
44 19
44 20
44 26
44 30
44 31
44 32
44 37
44 38
44 40
44 49
44 54
44 56
44 65
44 66
44 67
44 70
44 73
44 77
44 79
44 89
44 94
44 99
44 101
44 102
44 111
44 115
44 117
44 125
44 129
44 131
44 133
44 134
44 137
44 138
44 142
44 145
44 146
44 147
44 151
44 154
45 1
45 6
45 11
45 15
45 18
45 19
45 20
45 26
45 30
45 31
45 32
45 37
45 38
45 40
45 54
45 56
45 61
45 65
45 66
45 67
45 68
45 70
45 77
45 79
45 87
45 89
45 94
45 99
45 101
45 102
45 107
45 112
45 115
45 117
45 121
45 125
45 129
45 131
45 133
45 134
45 137
45 138
45 142
45 145
45 146
45 147
45 151
45 154
46 6
46 26
46 31
46 32
46 37
46 40
46 49
46 54
46 56
46 65
46 70
46 79
46 87
46 89
46 94
46 101
46 102
46 111
46 112
46 115
46 117
46 121
46 125
46 131
46 133
46 134
46 137
46 138
46 142
46 145
46 146
46 151
46 154
47 18
47 37
47 49
47 54
47 67
47 70
47 94
47 101
47 131
47 133
47 137
47 138
47 142
47 154
48 6
48 19
48 31
48 40
48 49
48 54
48 56
48 66
48 70
48 79
48 89
48 101
48 115
48 125
48 129
48 133
48 137
48 138
48 142
48 147
48 154
49 1
49 6
49 11
49 15
49 18
49 19
49 20
49 26
49 30
49 31
49 32
49 37
49 38
49 40
49 44
49 54
49 56
49 61
49 65
49 66
49 67
49 68
49 70
49 73
49 77
49 79
49 87
49 89
49 94
49 99
49 101
49 102
49 107
49 111
49 112
49 115
49 117
49 121
49 125
49 129
49 131
49 133
49 134
49 137
49 138
49 142
49 145
49 146
49 147
49 151
49 154
50 6
50 11
50 15
50 19
50 26
50 30
50 31
50 32
50 37
50 38
50 40
50 49
50 54
50 56
50 66
50 67
50 68
50 70
50 73
50 77
50 79
50 89
50 94
50 101
50 112
50 115
50 121
50 125
50 129
50 131
50 133
50 134
50 137
50 138
50 142
50 145
50 146
50 147
50 154
51 1
51 6
51 11
51 15
51 18
51 19
51 20
51 26
51 30
51 31
51 32
51 37
51 38
51 40
51 44
51 49
51 54
51 56
51 61
51 65
51 66
51 67
51 68
51 70
51 73
51 77
51 79
51 87
51 89
51 94
51 99
51 101
51 102
51 107
51 111
51 112
51 115
51 117
51 121
51 125
51 129
51 131
51 133
51 134
51 137
51 138
51 142
51 145
51 146
51 147
51 151
51 154
52 1
52 6
52 11
52 26
52 30
52 31
52 32
52 37
52 38
52 40
52 54
52 56
52 65
52 67
52 68
52 70
52 73
52 79
52 89
52 94
52 99
52 101
52 102
52 115
52 117
52 125
52 129
52 131
52 133
52 137
52 138
52 142
52 145
52 147
52 154
53 6
53 11
53 19
53 26
53 31
53 37
53 40
53 49
53 54
53 56
53 68
53 70
53 79
53 89
53 101
53 102
53 115
53 117
53 125
53 131
53 133
53 137
53 138
53 145
53 147
53 151
53 154
54 1
54 6
54 11
54 15
54 19
54 20
54 26
54 30
54 31
54 32
54 37
54 38
54 40
54 44
54 49
54 56
54 61
54 65
54 66
54 67
54 68
54 70
54 73
54 77
54 79
54 87
54 89
54 94
54 99
54 101
54 102
54 107
54 112
54 115
54 117
54 121
54 125
54 129
54 131
54 133
54 134
54 137
54 138
54 142
54 145
54 146
54 147
54 151
54 154
55 1
55 6
55 11
55 15
55 18
55 19
55 20
55 26
55 30
55 31
55 32
55 37
55 38
55 40
55 49
55 54
55 56
55 66
55 67
55 68
55 70
55 73
55 77
55 79
55 87
55 89
55 94
55 99
55 101
55 102
55 107
55 111
55 115
55 117
55 125
55 129
55 131
55 133
55 134
55 137
55 138
55 142
55 145
55 147
55 154
56 1
56 6
56 11
56 15
56 18
56 19
56 20
56 26
56 30
56 31
56 32
56 37
56 38
56 40
56 44
56 49
56 54
56 61
56 65
56 66
56 67
56 68
56 70
56 73
56 77
56 79
56 87
56 89
56 94
56 99
56 101
56 102
56 107
56 111
56 112
56 115
56 117
56 121
56 125
56 129
56 131
56 133
56 137
56 138
56 142
56 145
56 146
56 147
56 151
56 154
57 1
57 6
57 11
57 19
57 20
57 26
57 31
57 37
57 40
57 49
57 54
57 65
57 68
57 70
57 79
57 89
57 101
57 112
57 115
57 125
57 131
57 133
57 137
57 138
57 154
58 1
58 6
58 11
58 15
58 18
58 19
58 20
58 26
58 30
58 31
58 32
58 37
58 38
58 40
58 44
58 49
58 54
58 56
58 61
58 65
58 66
58 67
58 68
58 70
58 73
58 77
58 79
58 87
58 89
58 94
58 101
58 102
58 107
58 111
58 112
58 115
58 117
58 121
58 125
58 129
58 131
58 133
58 134
58 137
58 138
58 142
58 145
58 146
58 147
58 151
58 154
59 6
59 18
59 19
59 30
59 31
59 32
59 38
59 40
59 44
59 54
59 56
59 65
59 66
59 70
59 77
59 79
59 87
59 89
59 99
59 101
59 102
59 112
59 115
59 117
59 133
59 134
59 137
59 138
59 142
59 147
59 151
59 154
60 1
60 31
60 32
60 40
60 54
60 56
60 87
60 89
60 94
60 101
60 102
60 115
60 133
60 137
60 154
61 1
61 6
61 11
61 20
61 26
61 31
61 32
61 37
61 40
61 49
61 54
61 56
61 65
61 67
61 70
61 73
61 79
61 89
61 94
61 99
61 101
61 102
61 115
61 117
61 121
61 125
61 131
61 133
61 134
61 137
61 138
61 142
61 145
61 146
61 147
61 154
62 1
62 6
62 15
62 26
62 30
62 31
62 37
62 38
62 40
62 49
62 54
62 56
62 65
62 66
62 70
62 79
62 89
62 101
62 107
62 115
62 131
62 133
62 137
62 138
62 146
62 154
63 1
63 6
63 11
63 15
63 18
63 19
63 20
63 26
63 30
63 31
63 32
63 37
63 38
63 40
63 49
63 54
63 56
63 65
63 66
63 67
63 68
63 70
63 73
63 77
63 79
63 87
63 89
63 94
63 99
63 101
63 102
63 111
63 112
63 115
63 117
63 121
63 125
63 129
63 131
63 133
63 134
63 137
63 138
63 142
63 145
63 146
63 147
63 151
63 154
64 1
64 6
64 11
64 15
64 19
64 20
64 26
64 30
64 31
64 32
64 37
64 38
64 40
64 44
64 49
64 54
64 56
64 61
64 65
64 66
64 67
64 68
64 70
64 73
64 77
64 79
64 87
64 89
64 94
64 99
64 101
64 102
64 107
64 111
64 112
64 115
64 117
64 125
64 129
64 131
64 133
64 134
64 137
64 138
64 142
64 145
64 146
64 147
64 151
64 154
65 1
65 6
65 11
65 15
65 18
65 19
65 20
65 26
65 30
65 31
65 37
65 38
65 40
65 44
65 49
65 54
65 56
65 61
65 66
65 67
65 68
65 70
65 73
65 77
65 79
65 87
65 89
65 94
65 99
65 101
65 102
65 107
65 111
65 112
65 115
65 117
65 121
65 125
65 129
65 131
65 133
65 134
65 137
65 138
65 142
65 145
65 146
65 147
65 151
65 154
66 1
66 6
66 11
66 15
66 20
66 26
66 30
66 31
66 32
66 37
66 38
66 40
66 49
66 54
66 56
66 61
66 65
66 67
66 68
66 70
66 73
66 77
66 79
66 89
66 94
66 99
66 101
66 107
66 112
66 115
66 117
66 121
66 125
66 129
66 133
66 134
66 137
66 138
66 145
66 146
66 147
66 151
66 154
67 1
67 6
67 11
67 15
67 18
67 19
67 20
67 26
67 30
67 31
67 32
67 37
67 38
67 40
67 44
67 49
67 54
67 56
67 61
67 65
67 66
67 68
67 70
67 73
67 77
67 79
67 87
67 89
67 94
67 99
67 101
67 102
67 107
67 111
67 112
67 115
67 117
67 121
67 125
67 129
67 131
67 133
67 134
67 137
67 138
67 142
67 145
67 146
67 147
67 151
67 154
68 1
68 6
68 11
68 15
68 18
68 19
68 20
68 26
68 30
68 31
68 32
68 37
68 38
68 40
68 44
68 49
68 54
68 56
68 61
68 65
68 67
68 70
68 73
68 77
68 79
68 87
68 89
68 94
68 99
68 101
68 102
68 107
68 112
68 115
68 117
68 121
68 125
68 129
68 131
68 133
68 134
68 137
68 138
68 142
68 145
68 146
68 147
68 151
68 154
69 1
69 6
69 11
69 15
69 18
69 19
69 20
69 26
69 30
69 31
69 32
69 37
69 38
69 40
69 44
69 49
69 54
69 56
69 61
69 65
69 66
69 67
69 68
69 70
69 73
69 77
69 79
69 89
69 94
69 99
69 101
69 102
69 107
69 111
69 112
69 115
69 117
69 121
69 125
69 129
69 131
69 133
69 134
69 137
69 138
69 142
69 146
69 147
69 151
69 154
70 1
70 6
70 11
70 15
70 18
70 19
70 20
70 26
70 30
70 31
70 32
70 37
70 38
70 40
70 44
70 49
70 54
70 56
70 61
70 65
70 66
70 67
70 68
70 73
70 77
70 79
70 87
70 89
70 94
70 99
70 101
70 102
70 107
70 111
70 112
70 115
70 117
70 121
70 125
70 129
70 131
70 133
70 134
70 137
70 138
70 142
70 145
70 146
70 147
70 151
70 154
71 1
71 6
71 11
71 15
71 19
71 20
71 31
71 32
71 37
71 38
71 40
71 44
71 49
71 54
71 56
71 61
71 65
71 66
71 67
71 68
71 70
71 79
71 87
71 89
71 94
71 99
71 101
71 102
71 107
71 112
71 117
71 121
71 125
71 129
71 131
71 133
71 134
71 137
71 138
71 142
71 146
71 147
71 154
72 1
72 6
72 11
72 15
72 18
72 19
72 20
72 26
72 30
72 31
72 32
72 37
72 38
72 40
72 44
72 49
72 54
72 56
72 61
72 65
72 66
72 67
72 68
72 70
72 73
72 77
72 79
72 87
72 89
72 94
72 99
72 101
72 102
72 107
72 111
72 112
72 115
72 117
72 121
72 125
72 129
72 131
72 133
72 134
72 137
72 138
72 142
72 145
72 146
72 147
72 151
72 154
73 1
73 6
73 11
73 15
73 18
73 19
73 20
73 26
73 31
73 32
73 37
73 40
73 49
73 54
73 56
73 61
73 65
73 66
73 67
73 68
73 70
73 77
73 79
73 87
73 89
73 94
73 99
73 101
73 102
73 111
73 112
73 115
73 117
73 121
73 125
73 129
73 131
73 133
73 134
73 137
73 138
73 142
73 145
73 146
73 147
73 154
74 1
74 6
74 11
74 15
74 18
74 19
74 20
74 26
74 30
74 31
74 32
74 37
74 38
74 40
74 44
74 49
74 54
74 56
74 61
74 65
74 66
74 67
74 68
74 70
74 73
74 77
74 79
74 87
74 89
74 94
74 99
74 101
74 102
74 107
74 111
74 112
74 115
74 117
74 121
74 125
74 129
74 131
74 133
74 134
74 137
74 138
74 142
74 145
74 146
74 147
74 151
74 154
75 1
75 6
75 11
75 18
75 19
75 20
75 26
75 30
75 31
75 32
75 38
75 40
75 49
75 54
75 56
75 61
75 65
75 66
75 67
75 68
75 70
75 73
75 77
75 79
75 87
75 89
75 94
75 99
75 101
75 102
75 107
75 115
75 117
75 121
75 125
75 129
75 131
75 133
75 134
75 137
75 138
75 142
75 145
75 146
75 147
75 151
75 154
76 37
76 49
76 54
76 79
76 101
76 131
76 133
76 137
76 138
76 146
76 147
76 154
77 1
77 6
77 11
77 18
77 20
77 26
77 30
77 31
77 32
77 37
77 38
77 40
77 44
77 49
77 54
77 56
77 61
77 65
77 66
77 67
77 68
77 70
77 73
77 79
77 87
77 89
77 94
77 101
77 102
77 107
77 111
77 112
77 115
77 117
77 129
77 131
77 133
77 137
77 138
77 142
77 145
77 146
77 147
77 151
77 154
78 6
78 40
78 54
78 70
78 79
78 131
78 133
78 137
78 154
79 1
79 6
79 11
79 15
79 18
79 19
79 20
79 26
79 30
79 31
79 32
79 37
79 38
79 40
79 44
79 49
79 54
79 56
79 61
79 65
79 66
79 67
79 68
79 70
79 73
79 77
79 87
79 89
79 94
79 99
79 101
79 102
79 107
79 112
79 115
79 117
79 125
79 129
79 131
79 133
79 134
79 137
79 138
79 142
79 145
79 146
79 147
79 151
79 154
80 6
80 18
80 30
80 31
80 32
80 37
80 38
80 40
80 49
80 54
80 56
80 65
80 66
80 68
80 70
80 73
80 89
80 94
80 99
80 101
80 102
80 112
80 115
80 117
80 125
80 129
80 131
80 133
80 134
80 137
80 138
80 142
80 145
80 146
80 147
80 151
80 154
81 15
81 20
81 26
81 40
81 49
81 54
81 56
81 73
81 101
81 115
81 133
81 137
81 138
81 154
82 18
82 26
82 30
82 32
82 37
82 40
82 54
82 56
82 66
82 67
82 68
82 70
82 73
82 87
82 101
82 102
82 112
82 115
82 129
82 131
82 133
82 137
82 138
82 142
82 145
82 147
82 154
83 19
83 20
83 31
83 32
83 37
83 40
83 49
83 54
83 56
83 67
83 89
83 101
83 102
83 107
83 115
83 117
83 131
83 133
83 137
83 138
83 142
83 154
84 1
84 6
84 18
84 19
84 26
84 30
84 31
84 32
84 38
84 40
84 44
84 49
84 54
84 56
84 61
84 65
84 66
84 67
84 70
84 73
84 77
84 79
84 87
84 89
84 94
84 101
84 107
84 111
84 112
84 115
84 117
84 121
84 125
84 129
84 131
84 133
84 134
84 137
84 138
84 142
84 145
84 147
84 151
84 154
85 6
85 11
85 15
85 18
85 26
85 31
85 32
85 38
85 40
85 49
85 54
85 56
85 65
85 68
85 70
85 77
85 79
85 89
85 101
85 102
85 117
85 125
85 131
85 133
85 134
85 137
85 138
85 142
85 145
85 146
85 151
85 154
86 6
86 32
86 37
86 40
86 54
86 56
86 79
86 99
86 101
86 115
86 125
86 131
86 133
86 137
86 138
86 154
87 1
87 6
87 11
87 15
87 18
87 19
87 26
87 31
87 32
87 37
87 38
87 40
87 49
87 54
87 56
87 65
87 66
87 67
87 68
87 70
87 73
87 77
87 79
87 89
87 94
87 101
87 102
87 112
87 115
87 117
87 121
87 125
87 129
87 131
87 133
87 137
87 138
87 142
87 146
87 147
87 154
88 6
88 19
88 26
88 30
88 37
88 40
88 49
88 54
88 56
88 65
88 67
88 68
88 70
88 73
88 79
88 89
88 94
88 101
88 102
88 115
88 117
88 121
88 125
88 129
88 131
88 133
88 137
88 138
88 142
88 146
88 147
88 151
88 154
89 1
89 6
89 11
89 15
89 18
89 19
89 20
89 26
89 30
89 31
89 32
89 37
89 38
89 40
89 44
89 49
89 54
89 56
89 61
89 65
89 66
89 67
89 68
89 70
89 73
89 77
89 79
89 87
89 94
89 101
89 102
89 107
89 112
89 115
89 117
89 121
89 125
89 129
89 131
89 133
89 134
89 137
89 138
89 142
89 145
89 146
89 147
89 151
89 154
90 18
90 26
90 30
90 31
90 37
90 40
90 49
90 54
90 56
90 61
90 65
90 67
90 70
90 112
90 115
90 117
90 125
90 133
90 134
90 137
90 138
90 142
90 145
90 154
91 6
91 11
91 19
91 32
91 37
91 38
91 40
91 44
91 49
91 54
91 56
91 65
91 67
91 68
91 70
91 79
91 89
91 94
91 101
91 102
91 115
91 117
91 125
91 129
91 131
91 133
91 137
91 138
91 142
91 145
91 146
91 147
91 154
92 11
92 18
92 19
92 31
92 40
92 49
92 54
92 56
92 65
92 66
92 67
92 70
92 73
92 79
92 89
92 101
92 102
92 125
92 131
92 133
92 137
92 138
92 142
92 151
92 154
93 6
93 11
93 18
93 20
93 31
93 32
93 38
93 49
93 54
93 56
93 67
93 70
93 89
93 94
93 101
93 102
93 112
93 115
93 117
93 131
93 133
93 137
93 138
93 142
93 145
93 147
93 151
93 154
94 1
94 6
94 11
94 15
94 18
94 19
94 20
94 26
94 30
94 31
94 32
94 37
94 38
94 40
94 44
94 49
94 54
94 56
94 61
94 65
94 66
94 67
94 68
94 70
94 73
94 77
94 79
94 87
94 89
94 99
94 101
94 102
94 107
94 111
94 112
94 115
94 117
94 121
94 125
94 129
94 131
94 133
94 134
94 137
94 138
94 142
94 145
94 146
94 147
94 151
94 154
95 6
95 32
95 38
95 40
95 44
95 54
95 56
95 65
95 70
95 89
95 101
95 125
95 133
95 137
95 138
95 146
95 154
96 1
96 6
96 18
96 20
96 26
96 31
96 49
96 54
96 56
96 65
96 66
96 68
96 73
96 89
96 101
96 102
96 112
96 115
96 131
96 133
96 137
96 138
96 142
96 151
96 154
97 1
97 6
97 15
97 18
97 19
97 26
97 30
97 31
97 32
97 37
97 38
97 40
97 49
97 54
97 56
97 61
97 65
97 66
97 67
97 68
97 70
97 77
97 79
97 87
97 89
97 94
97 99
97 101
97 102
97 107
97 111
97 112
97 115
97 117
97 125
97 131
97 133
97 134
97 137
97 138
97 142
97 145
97 146
97 147
97 151
97 154
98 1
98 6
98 18
98 19
98 20
98 26
98 30
98 31
98 32
98 37
98 38
98 40
98 49
98 54
98 56
98 65
98 68
98 70
98 73
98 79
98 89
98 94
98 101
98 102
98 115
98 121
98 125
98 131
98 133
98 137
98 138
98 142
98 145
98 146
98 147
98 151
98 154
99 6
99 18
99 20
99 26
99 30
99 31
99 32
99 37
99 40
99 54
99 56
99 61
99 65
99 67
99 68
99 70
99 77
99 79
99 87
99 89
99 101
99 111
99 115
99 117
99 125
99 131
99 133
99 137
99 138
99 142
99 146
99 147
99 151
99 154
100 1
100 6
100 15
100 18
100 19
100 20
100 26
100 31
100 32
100 38
100 40
100 49
100 54
100 65
100 68
100 77
100 79
100 89
100 94
100 101
100 102
100 112
100 115
100 117
100 121
100 125
100 129
100 131
100 133
100 137
100 138
100 142
100 147
100 154
101 1
101 6
101 11
101 15
101 18
101 19
101 20
101 26
101 30
101 31
101 32
101 37
101 38
101 40
101 44
101 49
101 54
101 56
101 61
101 65
101 66
101 67
101 68
101 70
101 73
101 77
101 79
101 87
101 89
101 94
101 99
101 102
101 107
101 111
101 112
101 115
101 117
101 121
101 125
101 129
101 131
101 133
101 134
101 137
101 138
101 142
101 145
101 146
101 147
101 151
101 154
102 1
102 6
102 11
102 15
102 18
102 19
102 20
102 26
102 30
102 31
102 32
102 37
102 38
102 40
102 44
102 49
102 54
102 56
102 61
102 65
102 66
102 67
102 68
102 70
102 73
102 77
102 79
102 87
102 89
102 94
102 99
102 101
102 107
102 111
102 112
102 115
102 117
102 121
102 125
102 129
102 131
102 133
102 134
102 137
102 138
102 142
102 145
102 146
102 147
102 151
102 154
103 1
103 6
103 11
103 18
103 19
103 20
103 26
103 30
103 31
103 32
103 37
103 38
103 40
103 49
103 54
103 56
103 61
103 65
103 67
103 68
103 70
103 73
103 77
103 79
103 87
103 89
103 101
103 102
103 107
103 115
103 117
103 121
103 125
103 131
103 133
103 137
103 138
103 142
103 145
103 146
103 147
103 154
104 6
104 11
104 19
104 31
104 32
104 40
104 54
104 56
104 65
104 68
104 79
104 89
104 99
104 101
104 102
104 115
104 125
104 131
104 133
104 137
104 138
104 142
104 146
104 147
104 154
105 6
105 11
105 18
105 19
105 20
105 26
105 31
105 32
105 37
105 38
105 40
105 49
105 54
105 61
105 65
105 66
105 67
105 68
105 70
105 79
105 89
105 94
105 101
105 107
105 111
105 112
105 115
105 117
105 125
105 131
105 133
105 134
105 137
105 138
105 142
105 145
105 146
105 147
105 151
105 154
106 1
106 6
106 11
106 15
106 18
106 19
106 20
106 26
106 30
106 31
106 32
106 37
106 38
106 40
106 44
106 49
106 54
106 56
106 61
106 65
106 66
106 67
106 68
106 70
106 73
106 77
106 79
106 87
106 89
106 94
106 99
106 101
106 102
106 107
106 111
106 112
106 115
106 117
106 121
106 125
106 129
106 131
106 133
106 134
106 137
106 138
106 142
106 145
106 146
106 147
106 151
106 154
107 1
107 6
107 11
107 26
107 30
107 31
107 32
107 38
107 40
107 49
107 54
107 56
107 65
107 67
107 68
107 70
107 73
107 79
107 87
107 89
107 94
107 101
107 102
107 112
107 115
107 117
107 125
107 129
107 131
107 133
107 137
107 138
107 142
107 145
107 146
107 147
107 154
108 1
108 6
108 11
108 15
108 18
108 19
108 20
108 26
108 30
108 31
108 32
108 37
108 38
108 40
108 44
108 49
108 54
108 56
108 61
108 65
108 66
108 67
108 68
108 70
108 73
108 77
108 79
108 87
108 89
108 94
108 99
108 101
108 102
108 107
108 111
108 112
108 115
108 117
108 121
108 125
108 129
108 131
108 133
108 134
108 137
108 138
108 142
108 145
108 146
108 147
108 151
108 154
109 1
109 11
109 15
109 18
109 19
109 20
109 26
109 30
109 31
109 32
109 37
109 38
109 40
109 49
109 54
109 56
109 61
109 65
109 66
109 67
109 68
109 70
109 73
109 77
109 79
109 87
109 89
109 94
109 99
109 101
109 102
109 107
109 111
109 112
109 115
109 117
109 121
109 125
109 129
109 131
109 133
109 137
109 138
109 142
109 145
109 146
109 147
109 151
109 154
110 6
110 11
110 15
110 19
110 26
110 31
110 32
110 40
110 49
110 54
110 56
110 61
110 65
110 68
110 70
110 73
110 77
110 79
110 89
110 94
110 101
110 111
110 112
110 115
110 117
110 125
110 129
110 133
110 137
110 142
110 147
110 151
110 154
111 1
111 6
111 11
111 15
111 19
111 26
111 30
111 31
111 32
111 38
111 40
111 49
111 54
111 56
111 65
111 67
111 68
111 70
111 73
111 79
111 87
111 89
111 94
111 101
111 102
111 107
111 112
111 115
111 117
111 125
111 129
111 131
111 133
111 134
111 137
111 138
111 142
111 145
111 151
111 154
112 1
112 6
112 11
112 15
112 18
112 19
112 20
112 26
112 30
112 31
112 37
112 38
112 40
112 49
112 54
112 56
112 61
112 65
112 67
112 68
112 70
112 73
112 77
112 79
112 89
112 94
112 101
112 102
112 107
112 115
112 117
112 125
112 129
112 131
112 133
112 134
112 137
112 138
112 142
112 145
112 146
112 147
112 151
112 154
113 1
113 6
113 11
113 15
113 18
113 19
113 20
113 26
113 30
113 31
113 32
113 37
113 38
113 40
113 44
113 49
113 54
113 56
113 61
113 65
113 66
113 67
113 68
113 70
113 73
113 77
113 79
113 87
113 89
113 94
113 99
113 101
113 102
113 107
113 111
113 112
113 115
113 117
113 121
113 125
113 129
113 131
113 133
113 134
113 137
113 138
113 142
113 145
113 146
113 147
113 151
113 154
114 1
114 6
114 11
114 15
114 18
114 19
114 20
114 26
114 30
114 31
114 32
114 37
114 38
114 40
114 44
114 49
114 54
114 56
114 61
114 65
114 66
114 67
114 68
114 70
114 73
114 77
114 79
114 87
114 89
114 94
114 99
114 101
114 102
114 107
114 111
114 112
114 115
114 117
114 121
114 125
114 129
114 131
114 133
114 134
114 137
114 138
114 142
114 145
114 146
114 147
114 151
114 154
115 1
115 6
115 11
115 15
115 18
115 19
115 20
115 26
115 30
115 31
115 32
115 37
115 38
115 40
115 44
115 49
115 54
115 56
115 61
115 65
115 66
115 67
115 68
115 70
115 73
115 79
115 87
115 89
115 94
115 99
115 101
115 102
115 107
115 111
115 112
115 117
115 121
115 125
115 129
115 131
115 133
115 134
115 137
115 138
115 142
115 145
115 146
115 147
115 151
115 154
116 19
116 20
116 26
116 30
116 31
116 37
116 40
116 49
116 54
116 56
116 65
116 67
116 70
116 73
116 77
116 79
116 89
116 94
116 101
116 102
116 107
116 112
116 115
116 121
116 125
116 131
116 133
116 137
116 138
116 142
116 145
116 146
116 147
116 151
116 154
117 1
117 6
117 11
117 15
117 18
117 19
117 20
117 26
117 30
117 31
117 32
117 37
117 38
117 40
117 44
117 49
117 54
117 56
117 61
117 65
117 66
117 67
117 68
117 70
117 73
117 77
117 79
117 87
117 89
117 94
117 99
117 101
117 102
117 107
117 112
117 115
117 121
117 125
117 129
117 131
117 133
117 134
117 137
117 138
117 142
117 145
117 146
117 147
117 151
117 154
118 1
118 6
118 11
118 15
118 18
118 19
118 20
118 26
118 30
118 31
118 32
118 37
118 38
118 40
118 44
118 49
118 54
118 56
118 61
118 65
118 66
118 67
118 68
118 70
118 73
118 77
118 79
118 87
118 89
118 94
118 99
118 101
118 102
118 107
118 111
118 112
118 115
118 117
118 121
118 125
118 129
118 131
118 133
118 134
118 137
118 138
118 142
118 145
118 146
118 147
118 151
118 154
119 1
119 26
119 38
119 49
119 54
119 56
119 67
119 70
119 79
119 101
119 125
119 133
119 137
119 138
119 145
119 147
119 154
120 6
120 26
120 40
120 49
120 54
120 67
120 77
120 94
120 101
120 102
120 115
120 117
120 125
120 131
120 133
120 137
120 138
120 142
120 154
121 6
121 20
121 31
121 32
121 38
121 40
121 54
121 65
121 94
121 101
121 115
121 125
121 131
121 133
121 134
121 137
121 138
122 6
122 20
122 26
122 31
122 37
122 40
122 54
122 68
122 70
122 79
122 101
122 115
122 125
122 131
122 133
122 134
122 137
122 138
122 145
122 147
122 154
123 32
123 54
123 73
123 101
123 133
123 138
123 154
124 26
124 31
124 40
124 54
124 79
124 94
124 101
124 131
124 133
124 137
124 138
124 142
124 147
124 154
125 1
125 6
125 11
125 18
125 19
125 20
125 26
125 30
125 31
125 32
125 37
125 38
125 40
125 44
125 49
125 54
125 56
125 61
125 65
125 66
125 67
125 68
125 70
125 73
125 77
125 79
125 89
125 94
125 99
125 101
125 102
125 107
125 112
125 115
125 117
125 121
125 129
125 131
125 133
125 134
125 137
125 138
125 142
125 145
125 146
125 147
125 151
125 154
126 1
126 6
126 11
126 19
126 20
126 26
126 30
126 31
126 32
126 37
126 38
126 40
126 49
126 54
126 61
126 65
126 67
126 68
126 70
126 89
126 94
126 101
126 102
126 112
126 115
126 117
126 129
126 133
126 137
126 138
126 142
126 145
126 147
126 154
127 6
127 40
127 54
127 56
127 65
127 70
127 73
127 79
127 89
127 94
127 101
127 112
127 115
127 117
127 121
127 133
127 134
127 137
127 138
127 142
127 147
127 154
128 1
128 19
128 26
128 30
128 31
128 32
128 37
128 40
128 49
128 54
128 56
128 61
128 65
128 89
128 99
128 101
128 102
128 125
128 129
128 131
128 133
128 134
128 137
128 138
128 142
128 146
128 147
128 154
129 1
129 6
129 11
129 15
129 18
129 19
129 20
129 26
129 30
129 31
129 32
129 37
129 38
129 40
129 44
129 49
129 54
129 56
129 61
129 65
129 66
129 67
129 68
129 70
129 73
129 77
129 79
129 87
129 89
129 94
129 99
129 101
129 102
129 107
129 111
129 112
129 115
129 117
129 121
129 125
129 131
129 133
129 134
129 137
129 138
129 142
129 145
129 146
129 147
129 151
129 154
130 6
130 20
130 30
130 31
130 40
130 54
130 56
130 65
130 67
130 68
130 70
130 89
130 101
130 102
130 115
130 125
130 131
130 133
130 137
130 147
130 154
131 1
131 6
131 11
131 15
131 18
131 19
131 26
131 30
131 31
131 32
131 37
131 38
131 40
131 44
131 49
131 54
131 56
131 61
131 65
131 66
131 67
131 68
131 70
131 73
131 77
131 79
131 87
131 89
131 94
131 101
131 102
131 107
131 111
131 112
131 115
131 117
131 121
131 125
131 129
131 133
131 134
131 137
131 138
131 142
131 145
131 146
131 147
131 151
131 154
132 20
132 26
132 37
132 49
132 54
132 65
132 67
132 70
132 79
132 89
132 101
132 115
132 125
132 131
132 133
132 137
132 138
132 142
132 145
132 147
132 151
132 154
133 1
133 6
133 11
133 15
133 18
133 19
133 20
133 26
133 30
133 31
133 32
133 37
133 38
133 40
133 44
133 49
133 54
133 56
133 61
133 65
133 66
133 67
133 68
133 70
133 73
133 77
133 79
133 87
133 89
133 94
133 99
133 101
133 102
133 107
133 111
133 112
133 115
133 117
133 121
133 125
133 129
133 131
133 134
133 137
133 138
133 142
133 145
133 146
133 147
133 151
133 154
134 1
134 6
134 11
134 15
134 18
134 19
134 20
134 26
134 30
134 31
134 32
134 37
134 38
134 40
134 44
134 49
134 54
134 56
134 61
134 65
134 66
134 67
134 68
134 70
134 73
134 77
134 79
134 87
134 89
134 94
134 101
134 102
134 107
134 111
134 112
134 115
134 117
134 121
134 125
134 129
134 131
134 133
134 137
134 138
134 142
134 145
134 146
134 147
134 151
134 154
135 1
135 6
135 11
135 15
135 18
135 19
135 20
135 26
135 30
135 31
135 32
135 37
135 38
135 40
135 49
135 54
135 56
135 65
135 66
135 67
135 68
135 70
135 73
135 77
135 87
135 89
135 94
135 99
135 101
135 102
135 107
135 111
135 112
135 115
135 117
135 125
135 129
135 131
135 133
135 134
135 137
135 138
135 145
135 146
135 147
135 151
135 154
136 6
136 18
136 20
136 26
136 31
136 32
136 40
136 49
136 54
136 65
136 66
136 70
136 79
136 87
136 89
136 94
136 101
136 115
136 117
136 125
136 129
136 133
136 137
136 138
136 142
136 154
137 1
137 6
137 11
137 15
137 18
137 19
137 20
137 26
137 30
137 31
137 32
137 37
137 38
137 40
137 44
137 49
137 54
137 56
137 61
137 65
137 66
137 67
137 68
137 70
137 73
137 77
137 79
137 87
137 89
137 94
137 99
137 101
137 102
137 107
137 111
137 112
137 115
137 117
137 121
137 125
137 129
137 131
137 133
137 134
137 138
137 142
137 145
137 146
137 147
137 151
137 154
138 1
138 6
138 11
138 15
138 18
138 19
138 20
138 26
138 30
138 31
138 32
138 37
138 38
138 40
138 44
138 49
138 54
138 56
138 61
138 65
138 66
138 67
138 68
138 70
138 73
138 77
138 79
138 87
138 89
138 94
138 99
138 101
138 102
138 107
138 111
138 112
138 115
138 117
138 121
138 125
138 129
138 131
138 133
138 134
138 137
138 142
138 145
138 146
138 147
138 151
138 154
139 1
139 15
139 18
139 19
139 20
139 30
139 31
139 32
139 38
139 40
139 49
139 54
139 56
139 61
139 65
139 67
139 68
139 70
139 73
139 77
139 79
139 87
139 89
139 101
139 102
139 115
139 117
139 121
139 125
139 129
139 131
139 133
139 134
139 137
139 138
139 142
139 147
139 151
139 154
140 6
140 31
140 54
140 101
140 133
140 138
140 154
141 6
141 11
141 20
141 26
141 31
141 32
141 37
141 38
141 40
141 49
141 54
141 56
141 66
141 68
141 70
141 79
141 89
141 94
141 101
141 102
141 107
141 111
141 112
141 115
141 125
141 129
141 131
141 133
141 137
141 138
141 142
141 145
141 146
141 147
141 154
142 1
142 6
142 11
142 15
142 18
142 19
142 20
142 26
142 30
142 31
142 32
142 37
142 38
142 40
142 44
142 49
142 54
142 56
142 61
142 65
142 66
142 67
142 68
142 70
142 73
142 77
142 79
142 87
142 89
142 94
142 99
142 101
142 102
142 107
142 111
142 112
142 115
142 117
142 121
142 125
142 129
142 131
142 133
142 134
142 137
142 138
142 145
142 146
142 147
142 151
142 154
143 6
143 18
143 26
143 31
143 40
143 49
143 54
143 56
143 65
143 66
143 70
143 79
143 87
143 89
143 101
143 112
143 115
143 131
143 133
143 137
143 138
143 142
143 146
143 147
143 154
144 37
144 54
144 65
144 66
144 67
144 70
144 133
144 137
144 138
144 154
145 1
145 6
145 11
145 18
145 19
145 20
145 26
145 30
145 31
145 32
145 37
145 38
145 40
145 49
145 54
145 56
145 61
145 65
145 66
145 67
145 68
145 70
145 77
145 79
145 89
145 94
145 101
145 102
145 107
145 112
145 115
145 125
145 129
145 133
145 134
145 137
145 138
145 142
145 146
145 154
146 1
146 6
146 15
146 20
146 26
146 30
146 31
146 32
146 37
146 38
146 40
146 49
146 54
146 56
146 61
146 65
146 67
146 68
146 70
146 73
146 77
146 79
146 89
146 94
146 101
146 102
146 107
146 115
146 117
146 121
146 125
146 129
146 131
146 133
146 134
146 137
146 138
146 142
146 147
146 151
146 154
147 1
147 6
147 11
147 15
147 18
147 19
147 20
147 26
147 30
147 31
147 32
147 37
147 38
147 40
147 44
147 49
147 54
147 56
147 61
147 65
147 66
147 67
147 68
147 70
147 73
147 77
147 79
147 87
147 89
147 94
147 99
147 101
147 102
147 112
147 115
147 117
147 121
147 125
147 129
147 131
147 133
147 134
147 137
147 138
147 142
147 145
147 146
147 151
147 154
148 15
148 26
148 38
148 54
148 89
148 101
148 102
148 115
148 129
148 133
148 137
148 138
148 147
148 154
149 1
149 6
149 11
149 15
149 19
149 26
149 31
149 32
149 37
149 38
149 40
149 49
149 54
149 56
149 65
149 66
149 70
149 73
149 79
149 89
149 94
149 99
149 101
149 102
149 112
149 115
149 125
149 131
149 133
149 137
149 138
149 142
149 147
149 151
149 154
150 6
150 37
150 40
150 49
150 54
150 70
150 79
150 89
150 101
150 115
150 125
150 133
150 134
150 137
150 138
150 142
150 147
150 154
151 1
151 6
151 11
151 15
151 18
151 19
151 26
151 30
151 31
151 32
151 37
151 40
151 44
151 49
151 54
151 56
151 65
151 67
151 68
151 70
151 73
151 79
151 89
151 94
151 99
151 101
151 102
151 107
151 112
151 115
151 121
151 125
151 129
151 131
151 133
151 134
151 137
151 138
151 142
151 145
151 146
151 147
151 154
152 1
152 6
152 11
152 15
152 18
152 19
152 20
152 26
152 30
152 31
152 32
152 37
152 38
152 40
152 44
152 49
152 54
152 56
152 61
152 65
152 66
152 67
152 68
152 70
152 73
152 77
152 79
152 87
152 89
152 94
152 99
152 101
152 102
152 107
152 111
152 112
152 115
152 117
152 121
152 125
152 129
152 131
152 133
152 134
152 137
152 138
152 142
152 145
152 146
152 147
152 151
152 154
153 1
153 6
153 15
153 19
153 20
153 26
153 30
153 31
153 32
153 37
153 40
153 44
153 49
153 54
153 56
153 61
153 65
153 66
153 67
153 68
153 70
153 73
153 79
153 87
153 89
153 94
153 99
153 101
153 102
153 107
153 111
153 115
153 117
153 121
153 125
153 129
153 131
153 133
153 134
153 137
153 138
153 142
153 145
153 146
153 147
153 151
153 154
154 1
154 6
154 11
154 15
154 18
154 19
154 20
154 26
154 30
154 31
154 32
154 37
154 38
154 40
154 44
154 49
154 54
154 56
154 61
154 65
154 66
154 67
154 68
154 70
154 73
154 77
154 79
154 87
154 89
154 94
154 99
154 101
154 102
154 107
154 111
154 112
154 115
154 117
154 121
154 125
154 129
154 131
154 133
154 134
154 137
154 138
154 142
154 145
154 146
154 147
154 151
155 6
155 19
155 26
155 31
155 54
155 65
155 68
155 70
155 79
155 101
155 125
155 133
155 137
155 145
155 147
155 154
156 26
156 37
156 40
156 54
156 79
156 101
156 115
156 133
156 137
156 138
156 154
157 1
157 6
157 11
157 18
157 19
157 20
157 26
157 30
157 31
157 32
157 37
157 40
157 44
157 49
157 54
157 56
157 61
157 65
157 66
157 67
157 68
157 70
157 73
157 77
157 79
157 87
157 89
157 94
157 101
157 102
157 107
157 111
157 112
157 115
157 117
157 121
157 125
157 129
157 131
157 133
157 134
157 137
157 138
157 142
157 145
157 147
157 151
157 154
158 1
158 6
158 11
158 15
158 19
158 20
158 26
158 30
158 31
158 32
158 37
158 38
158 40
158 49
158 54
158 56
158 61
158 65
158 66
158 67
158 70
158 77
158 79
158 89
158 94
158 101
158 102
158 107
158 111
158 112
158 115
158 117
158 125
158 129
158 131
158 133
158 134
158 137
158 138
158 142
158 145
158 146
158 147
158 151
158 154
159 1
159 6
159 15
159 19
159 26
159 31
159 32
159 37
159 38
159 40
159 49
159 54
159 56
159 65
159 66
159 68
159 70
159 79
159 89
159 94
159 99
159 101
159 102
159 112
159 115
159 117
159 125
159 129
159 131
159 133
159 137
159 138
159 142
159 146
159 147
159 154
160 1
160 11
160 18
160 31
160 40
160 49
160 54
160 56
160 65
160 66
160 70
160 73
160 77
160 79
160 87
160 89
160 94
160 99
160 101
160 102
160 107
160 112
160 115
160 125
160 131
160 133
160 134
160 137
160 138
160 154
161 1
161 6
161 11
161 18
161 19
161 20
161 26
161 30
161 31
161 32
161 37
161 38
161 40
161 44
161 49
161 54
161 61
161 65
161 66
161 67
161 68
161 70
161 79
161 89
161 94
161 101
161 102
161 107
161 112
161 115
161 117
161 121
161 125
161 131
161 133
161 134
161 137
161 138
161 142
161 145
161 147
161 151
161 154
