0 5
0 6
0 7
0 10
0 12
0 21
0 25
0 29
0 32
0 36
0 40
0 48
0 49
0 50
0 51
0 54
0 61
0 63
0 64
0 66
0 67
0 71
0 73
0 75
0 79
0 83
0 86
0 88
0 89
0 90
0 91
0 94
0 99
0 102
0 105
0 106
0 111
0 112
0 113
0 114
0 115
0 117
0 118
0 120
0 121
0 129
0 133
0 134
0 137
0 145
0 151
0 152
0 153
0 154
0 157
0 158
0 160
1 4
1 6
1 7
1 10
1 14
1 16
1 23
1 26
1 31
1 32
1 35
1 38
1 40
1 43
1 48
1 49
1 54
1 55
1 61
1 64
1 65
1 69
1 70
1 71
1 72
1 73
1 74
1 78
1 84
1 87
1 89
1 94
1 97
1 98
1 101
1 102
1 106
1 112
1 113
1 117
1 124
1 125
1 129
1 135
1 136
1 138
1 139
1 145
1 151
1 153
1 158
1 160
2 4
2 6
2 7
2 8
2 11
2 14
2 19
2 21
2 24
2 26
2 30
2 31
2 35
2 37
2 38
2 40
2 41
2 45
2 50
2 52
2 53
2 54
2 55
2 58
2 63
2 64
2 66
2 69
2 70
2 71
2 72
2 74
2 75
2 79
2 84
2 88
2 93
2 95
2 96
2 98
2 99
2 102
2 104
2 106
2 108
2 114
2 115
2 116
2 119
2 125
2 129
2 132
2 133
2 134
2 138
2 141
2 142
2 144
2 145
2 147
2 153
2 154
2 157
2 158
2 160
2 161
3 5
3 15
3 22
3 26
3 28
3 29
3 35
3 46
3 48
3 51
3 56
3 61
3 65
3 67
3 68
3 69
3 70
3 71
3 74
3 77
3 79
3 84
3 85
3 87
3 91
3 95
3 97
3 101
3 105
3 109
3 114
3 115
3 116
3 117
3 119
3 131
3 137
3 142
3 143
3 145
3 147
3 155
3 158
3 159
3 161
4 6
4 7
4 11
4 13
4 14
4 15
4 16
4 18
4 31
4 32
4 35
4 38
4 40
4 42
4 44
4 45
4 46
4 48
4 51
4 52
4 57
4 58
4 61
4 63
4 66
4 67
4 68
4 70
4 71
4 73
4 74
4 77
4 79
4 80
4 84
4 85
4 87
4 88
4 91
4 94
4 97
4 99
4 100
4 101
4 102
4 103
4 105
4 106
4 109
4 111
4 113
4 114
4 115
4 117
4 118
4 126
4 127
4 129
4 130
4 131
4 132
4 133
4 136
4 139
4 141
4 146
4 147
4 148
4 149
4 152
4 154
4 155
4 157
4 159
4 161
5 6
5 7
5 10
5 11
5 18
5 19
5 24
5 25
5 27
5 31
5 38
5 40
5 49
5 50
5 51
5 55
5 61
5 65
5 69
5 70
5 74
5 77
5 79
5 87
5 88
5 90
5 92
5 102
5 109
5 111
5 114
5 116
5 121
5 128
5 131
5 152
5 153
5 158
5 160
6 10
6 11
6 12
6 13
6 14
6 17
6 20
6 22
6 26
6 28
6 29
6 30
6 35
6 37
6 38
6 40
6 44
6 45
6 46
6 47
6 48
6 49
6 50
6 51
6 52
6 53
6 54
6 56
6 58
6 59
6 63
6 64
6 65
6 66
6 67
6 68
6 69
6 70
6 72
6 74
6 77
6 78
6 79
6 81
6 82
6 85
6 87
6 88
6 89
6 90
6 94
6 95
6 96
6 101
6 102
6 105
6 106
6 110
6 112
6 113
6 115
6 116
6 117
6 118
6 120
6 125
6 126
6 127
6 128
6 129
6 130
6 133
6 137
6 139
6 140
6 141
6 142
6 146
6 147
6 148
6 149
6 151
6 152
6 154
6 156
6 157
6 158
6 159
6 161
7 9
7 10
7 11
7 12
7 13
7 14
7 15
7 16
7 18
7 21
7 22
7 23
7 24
7 26
7 27
7 29
7 31
7 32
7 35
7 38
7 41
7 42
7 44
7 46
7 48
7 49
7 51
7 52
7 53
7 54
7 55
7 56
7 57
7 58
7 59
7 63
7 64
7 65
7 66
7 67
7 68
7 69
7 70
7 71
7 72
7 73
7 74
7 75
7 77
7 78
7 79
7 80
7 83
7 84
7 85
7 86
7 87
7 88
7 89
7 91
7 94
7 99
7 101
7 102
7 103
7 104
7 105
7 106
7 108
7 111
7 113
7 114
7 115
7 116
7 117
7 118
7 121
7 123
7 124
7 125
7 126
7 129
7 130
7 131
7 132
7 133
7 134
7 135
7 136
7 137
7 138
7 139
7 142
7 143
7 144
7 146
7 147
7 149
7 150
7 151
7 152
7 154
7 156
7 157
7 158
7 159
7 160
7 161
8 15
8 21
8 24
8 31
8 32
8 33
8 36
8 43
8 51
8 56
8 65
8 66
8 70
8 72
8 91
8 94
8 95
8 97
8 106
8 113
8 114
8 118
8 127
8 129
8 133
8 138
8 142
8 149
8 151
8 152
8 154
8 158
8 160
9 19
9 21
9 23
9 25
9 26
9 27
9 30
9 31
9 32
9 34
9 35
9 36
9 39
9 43
9 45
9 46
9 49
9 50
9 51
9 54
9 56
9 63
9 64
9 66
9 68
9 70
9 71
9 72
9 73
9 74
9 76
9 77
9 79
9 84
9 85
9 86
9 94
9 96
9 98
9 99
9 101
9 102
9 107
9 111
9 113
9 114
9 115
9 116
9 117
9 119
9 126
9 130
9 133
9 134
9 139
9 142
9 143
9 146
9 147
9 150
9 152
9 153
9 154
9 158
9 159
9 161
10 14
10 15
10 23
10 29
10 30
10 32
10 35
10 43
10 52
10 54
10 59
10 64
10 65
10 66
10 67
10 72
10 74
10 75
10 78
10 79
10 83
10 86
10 87
10 89
10 93
10 106
10 113
10 114
10 115
10 116
10 117
10 130
10 133
10 134
10 137
10 139
10 142
10 144
10 146
10 147
10 149
10 150
10 153
10 159
10 160
10 161
11 14
11 15
11 16
11 17
11 19
11 21
11 23
11 24
11 25
11 26
11 31
11 32
11 33
11 35
11 36
11 40
11 43
11 45
11 46
11 49
11 50
11 51
11 54
11 55
11 56
11 58
11 62
11 64
11 66
11 67
11 69
11 72
11 73
11 74
11 77
11 80
11 84
11 85
11 87
11 92
11 94
11 99
11 101
11 102
11 103
11 104
11 106
11 107
11 108
11 112
11 113
11 114
11 115
11 117
11 119
11 122
11 123
11 125
11 126
11 129
11 130
11 131
11 134
11 135
11 137
11 138
11 139
11 141
11 147
11 149
11 153
11 156
11 157
11 161
12 21
12 23
12 26
12 31
12 32
12 35
12 37
12 40
12 43
12 46
12 49
12 51
12 54
12 59
12 64
12 67
12 71
12 72
12 73
12 74
12 80
12 81
12 87
12 89
12 90
12 91
12 93
12 94
12 95
12 101
12 108
12 109
12 112
12 114
12 115
12 116
12 118
12 119
12 121
12 128
12 129
12 133
12 139
12 141
12 142
12 143
12 153
12 154
12 158
13 19
13 21
13 22
13 24
13 26
13 31
13 35
13 37
13 38
13 39
13 42
13 44
13 45
13 51
13 52
13 54
13 58
13 64
13 65
13 67
13 70
13 72
13 74
13 75
13 78
13 79
13 80
13 84
13 90
13 92
13 97
13 100
13 102
13 104
13 108
13 112
13 113
13 114
13 115
13 119
13 125
13 133
13 135
13 137
13 138
13 139
13 142
13 152
13 154
13 157
13 158
13 161
14 15
14 16
14 17
14 18
14 21
14 28
14 30
14 31
14 35
14 38
14 39
14 40
14 43
14 44
14 45
14 48
14 49
14 54
14 56
14 58
14 59
14 60
14 61
14 62
14 64
14 65
14 66
14 68
14 69
14 70
14 73
14 74
14 77
14 79
14 80
14 82
14 87
14 88
14 89
14 90
14 91
14 93
14 94
14 95
14 98
14 99
14 103
14 105
14 107
14 108
14 109
14 110
14 113
14 114
14 118
14 121
14 122
14 123
14 125
14 128
14 129
14 130
14 131
14 132
14 133
14 135
14 138
14 140
14 141
14 142
14 143
14 144
14 145
14 146
14 147
14 149
14 150
14 151
14 154
14 157
14 160
14 161
15 19
15 23
15 25
15 26
15 31
15 32
15 35
15 37
15 40
15 43
15 54
15 55
15 63
15 64
15 66
15 68
15 69
15 80
15 82
15 101
15 103
15 106
15 107
15 108
15 114
15 118
15 126
15 129
15 132
15 134
15 137
15 142
15 143
15 148
15 150
15 157
15 158
15 161
16 21
16 26
16 36
16 40
16 42
16 44
16 47
16 50
16 53
16 56
16 60
16 64
16 67
16 68
16 70
16 71
16 73
16 75
16 79
16 83
16 84
16 85
16 87
16 88
16 89
16 94
16 101
16 102
16 111
16 115
16 118
16 119
16 128
16 131
16 132
16 133
16 134
16 136
16 137
16 140
16 142
16 146
16 154
16 158
16 159
17 24
17 28
17 30
17 32
17 37
17 51
17 52
17 53
17 54
17 55
17 69
17 72
17 79
17 81
17 90
17 101
17 105
17 106
17 110
17 111
17 118
17 131
17 133
17 141
17 142
17 145
17 148
17 149
17 157
17 161
18 19
18 26
18 29
18 30
18 40
18 42
18 43
18 44
18 45
18 46
18 50
18 51
18 52
18 54
18 55
18 64
18 67
18 68
18 69
18 73
18 74
18 75
18 79
18 82
18 83
18 84
18 86
18 91
18 94
18 101
18 105
18 107
18 109
18 111
18 112
18 114
18 116
18 118
18 121
18 125
18 126
18 128
18 129
18 130
18 131
18 132
18 134
18 135
18 136
18 137
18 142
18 145
18 147
18 152
18 153
18 154
18 157
18 159
18 160
19 20
19 26
19 27
19 28
19 29
19 32
19 33
19 35
19 36
19 37
19 38
19 39
19 41
19 42
19 43
19 45
19 46
19 47
19 49
19 50
19 51
19 52
19 53
19 54
19 55
19 56
19 57
19 58
19 61
19 63
19 64
19 65
19 66
19 67
19 68
19 69
19 70
19 74
19 76
19 77
19 79
19 80
19 82
19 84
19 85
19 87
19 88
19 89
19 92
19 93
19 94
19 98
19 99
19 100
19 102
19 103
19 104
19 106
19 107
19 108
19 111
19 112
19 113
19 114
19 115
19 116
19 117
19 118
19 125
19 128
19 129
19 131
19 133
19 135
19 136
19 137
19 140
19 142
19 143
19 145
19 146
19 147
19 148
19 149
19 150
19 151
19 152
19 154
19 157
19 159
19 160
19 161
20 24
20 26
20 34
20 40
20 45
20 47
20 49
20 50
20 51
20 53
20 58
20 64
20 66
20 70
20 74
20 75
20 77
20 89
20 92
20 94
20 95
20 101
20 102
20 103
20 105
20 106
20 109
20 112
20 113
20 114
20 115
20 117
20 118
20 119
20 120
20 121
20 122
20 126
20 129
20 134
20 136
20 137
20 138
20 150
20 151
20 154
20 157
20 159
21 22
21 28
21 30
21 31
21 32
21 35
21 38
21 39
21 40
21 44
21 45
21 47
21 49
21 50
21 51
21 53
21 54
21 55
21 56
21 58
21 64
21 65
21 67
21 71
21 74
21 76
21 77
21 79
21 83
21 85
21 86
21 87
21 88
21 92
21 93
21 94
21 97
21 101
21 104
21 107
21 108
21 109
21 110
21 111
21 112
21 114
21 115
21 117
21 118
21 121
21 123
21 125
21 128
21 131
21 133
21 134
21 137
21 139
21 141
21 144
21 145
21 146
21 147
21 150
21 151
21 153
21 154
21 155
21 157
21 158
21 159
21 160
21 161
22 24
22 31
22 39
22 40
22 41
22 46
22 51
22 53
22 54
22 55
22 58
22 61
22 65
22 66
22 68
22 69
22 75
22 79
22 82
22 84
22 86
22 93
22 101
22 105
22 106
22 108
22 111
22 112
22 114
22 121
22 126
22 131
22 135
22 137
22 141
22 150
22 152
22 153
22 161
23 30
23 31
23 40
23 50
23 54
23 61
23 66
23 68
23 69
23 72
23 74
23 76
23 77
23 82
23 86
23 93
23 94
23 95
23 97
23 98
23 100
23 104
23 107
23 108
23 113
23 114
23 116
23 125
23 127
23 128
23 136
23 141
23 142
23 143
23 146
23 148
23 150
23 153
23 157
24 25
24 26
24 32
24 42
24 45
24 50
24 55
24 58
24 64
24 66
24 70
24 72
24 73
24 79
24 86
24 89
24 92
24 97
24 106
24 112
24 114
24 115
24 117
24 120
24 128
24 129
24 131
24 133
24 138
24 140
24 141
24 145
24 146
24 147
24 150
24 151
24 152
24 153
24 155
24 160
25 26
25 30
25 32
25 34
25 35
25 41
25 43
25 44
25 45
25 46
25 47
25 48
25 49
25 50
25 51
25 52
25 54
25 55
25 56
25 57
25 59
25 64
25 65
25 66
25 67
25 68
25 69
25 71
25 72
25 73
25 74
25 79
25 80
25 82
25 83
25 84
25 86
25 88
25 89
25 92
25 93
25 97
25 98
25 101
25 102
25 103
25 105
25 108
25 109
25 112
25 113
25 115
25 117
25 126
25 133
25 134
25 138
25 139
25 142
25 145
25 147
25 149
25 150
25 151
25 152
25 153
25 154
25 159
25 161
26 30
26 31
26 32
26 35
26 36
26 37
26 39
26 40
26 41
26 46
26 50
26 51
26 52
26 54
26 56
26 57
26 59
26 60
26 61
26 63
26 64
26 65
26 66
26 67
26 68
26 69
26 70
26 71
26 72
26 74
26 75
26 79
26 80
26 81
26 82
26 83
26 85
26 89
26 92
26 94
26 95
26 97
26 100
26 101
26 106
26 107
26 108
26 109
26 110
26 112
26 113
26 117
26 119
26 130
26 131
26 133
26 134
26 136
26 138
26 140
26 142
26 143
26 145
26 146
26 147
26 149
26 152
26 156
26 157
26 159
26 161
27 32
27 33
27 36
27 40
27 44
27 51
27 56
27 58
27 60
27 64
27 67
27 71
27 85
27 87
27 89
27 96
27 100
27 101
27 105
27 108
27 112
27 115
27 117
27 118
27 131
27 134
27 137
27 143
27 150
27 155
28 30
28 31
28 32
28 44
28 46
28 51
28 54
28 56
28 58
28 60
28 65
28 66
28 70
28 72
28 73
28 74
28 75
28 79
28 83
28 84
28 90
28 97
28 99
28 105
28 106
28 107
28 116
28 118
28 126
28 127
28 128
28 129
28 133
28 134
28 135
28 140
28 148
28 153
28 154
28 158
29 31
29 40
29 45
29 47
29 51
29 57
29 61
29 63
29 67
29 68
29 70
29 71
29 72
29 75
29 80
29 81
29 86
29 89
29 100
29 101
29 102
29 105
29 106
29 108
29 112
29 114
29 117
29 118
29 125
29 126
29 129
29 130
29 131
29 137
29 139
29 146
29 154
29 157
29 158
29 159
30 31
30 32
30 33
30 35
30 36
30 38
30 40
30 45
30 46
30 49
30 50
30 51
30 52
30 55
30 58
30 59
30 60
30 62
30 64
30 66
30 68
30 70
30 72
30 77
30 79
30 80
30 84
30 86
30 89
30 92
30 93
30 94
30 96
30 97
30 98
30 99
30 102
30 103
30 105
30 106
30 107
30 109
30 111
30 112
30 113
30 114
30 115
30 117
30 125
30 129
30 130
30 131
30 134
30 135
30 136
30 139
30 142
30 145
30 147
30 148
30 149
30 150
30 151
30 152
30 153
30 157
30 160
30 161
31 32
31 34
31 35
31 38
31 39
31 41
31 43
31 45
31 46
31 48
31 51
31 52
31 54
31 58
31 59
31 62
31 63
31 64
31 65
31 67
31 68
31 69
31 70
31 71
31 73
31 74
31 75
31 76
31 78
31 79
31 80
31 81
31 86
31 87
31 88
31 91
31 94
31 97
31 99
31 100
31 101
31 102
31 103
31 105
31 106
31 108
31 109
31 110
31 111
31 112
31 115
31 116
31 117
31 121
31 124
31 125
31 126
31 128
31 129
31 130
31 131
31 133
31 134
31 135
31 138
31 142
31 143
31 145
31 147
31 150
31 151
31 152
31 153
31 157
31 158
31 159
31 160
31 161
32 35
32 36
32 38
32 39
32 40
32 42
32 43
32 44
32 45
32 46
32 48
32 49
32 50
32 51
32 52
32 53
32 55
32 56
32 61
32 62
32 63
32 66
32 67
32 68
32 69
32 72
32 75
32 76
32 77
32 79
32 88
32 91
32 92
32 95
32 96
32 97
32 100
32 101
32 105
32 106
32 107
32 109
32 110
32 111
32 112
32 113
32 114
32 115
32 116
32 117
32 118
32 119
32 125
32 129
32 131
32 133
32 134
32 135
32 136
32 137
32 138
32 139
32 142
32 145
32 147
32 148
32 150
32 151
32 152
32 153
32 159
33 45
33 48
33 51
33 57
33 60
33 64
33 65
33 66
33 67
33 71
33 74
33 75
33 89
33 99
33 101
33 104
33 107
33 108
33 115
33 118
33 119
33 126
33 129
33 142
33 145
33 146
33 147
33 152
33 160
33 161
34 35
34 36
34 44
34 46
34 48
34 54
34 55
34 57
34 58
34 59
34 62
34 63
34 66
34 67
34 68
34 74
34 75
34 79
34 80
34 87
34 93
34 100
34 106
34 108
34 117
34 118
34 126
34 128
34 129
34 130
34 131
34 134
34 142
34 148
34 149
34 152
34 159
35 42
35 45
35 46
35 50
35 51
35 54
35 55
35 57
35 59
35 63
35 65
35 67
35 71
35 77
35 80
35 81
35 87
35 91
35 92
35 95
35 99
35 100
35 101
35 102
35 105
35 108
35 109
35 112
35 113
35 114
35 115
35 116
35 117
35 119
35 120
35 124
35 125
35 126
35 127
35 129
35 130
35 131
35 133
35 135
35 137
35 138
35 142
35 153
35 154
35 155
35 158
35 159
36 38
36 39
36 42
36 43
36 45
36 49
36 50
36 51
36 53
36 56
36 57
36 58
36 59
36 60
36 63
36 64
36 66
36 68
36 70
36 71
36 72
36 74
36 75
36 79
36 83
36 84
36 85
36 86
36 88
36 94
36 96
36 99
36 101
36 102
36 106
36 108
36 109
36 112
36 113
36 114
36 128
36 129
36 131
36 133
36 134
36 135
36 136
36 137
36 138
36 142
36 146
36 149
36 150
36 152
36 153
36 154
36 156
36 157
36 158
36 159
37 44
37 46
37 51
37 52
37 53
37 54
37 55
37 57
37 58
37 67
37 68
37 69
37 70
37 71
37 72
37 73
37 74
37 77
37 82
37 83
37 84
37 89
37 97
37 101
37 105
37 109
37 113
37 117
37 118
37 126
37 131
37 134
37 136
37 137
37 138
37 139
37 140
37 142
37 145
37 150
37 152
37 153
37 159
38 40
38 42
38 45
38 51
38 54
38 55
38 59
38 61
38 63
38 64
38 65
38 66
38 67
38 68
38 69
38 70
38 73
38 74
38 80
38 81
38 85
38 93
38 94
38 95
38 100
38 102
38 103
38 105
38 107
38 109
38 111
38 112
38 113
38 114
38 115
38 117
38 121
38 126
38 127
38 129
38 133
38 135
38 136
38 137
38 138
38 139
38 146
38 147
38 150
38 152
38 154
38 155
38 157
38 160
38 161
39 43
39 45
39 46
39 49
39 51
39 52
39 55
39 56
39 60
39 62
39 63
39 64
39 65
39 66
39 68
39 69
39 71
39 74
39 76
39 77
39 80
39 81
39 84
39 89
39 91
39 94
39 96
39 97
39 101
39 102
39 106
39 107
39 109
39 111
39 115
39 117
39 118
39 123
39 125
39 126
39 128
39 129
39 131
39 133
39 135
39 142
39 147
39 151
39 152
39 154
39 159
39 161
40 41
40 43
40 44
40 45
40 46
40 47
40 49
40 50
40 51
40 55
40 56
40 58
40 59
40 61
40 62
40 63
40 65
40 66
40 67
40 68
40 72
40 73
40 75
40 76
40 77
40 82
40 90
40 91
40 92
40 94
40 96
40 97
40 98
40 99
40 100
40 101
40 102
40 103
40 108
40 109
40 112
40 113
40 114
40 115
40 116
40 117
40 121
40 126
40 128
40 129
40 131
40 133
40 134
40 135
40 136
40 137
40 138
40 139
40 142
40 144
40 145
40 147
40 150
40 154
40 157
40 158
40 159
40 161
41 61
41 64
41 72
41 73
41 75
41 80
41 82
41 87
41 89
41 98
41 99
41 101
41 113
41 115
41 118
41 129
41 137
41 150
41 152
41 153
41 158
42 44
42 45
42 48
42 49
42 50
42 54
42 59
42 64
42 66
42 67
42 68
42 69
42 70
42 72
42 80
42 83
42 84
42 85
42 86
42 87
42 89
42 97
42 100
42 104
42 105
42 106
42 108
42 109
42 111
42 112
42 116
42 117
42 118
42 134
42 142
42 144
42 145
42 151
42 152
42 154
42 160
43 44
43 45
43 47
43 55
43 58
43 61
43 62
43 64
43 65
43 67
43 68
43 70
43 71
43 77
43 79
43 82
43 85
43 89
43 92
43 94
43 95
43 96
43 101
43 106
43 108
43 109
43 112
43 113
43 117
43 118
43 123
43 125
43 127
43 129
43 130
43 131
43 133
43 137
43 141
43 146
43 149
43 151
43 152
43 153
43 154
43 157
43 158
43 159
43 160
44 45
44 49
44 50
44 55
44 56
44 58
44 64
44 67
44 68
44 71
44 72
44 74
44 77
44 79
44 80
44 82
44 87
44 88
44 89
44 91
44 93
44 94
44 100
44 101
44 105
44 106
44 108
44 109
44 114
44 115
44 117
44 118
44 119
44 123
44 125
44 128
44 132
44 133
44 136
44 138
44 139
44 141
44 142
44 143
44 146
44 147
44 148
44 151
44 152
44 153
44 154
44 157
44 158
44 160
45 46
45 49
45 50
45 53
45 54
45 55
45 58
45 60
45 61
45 63
45 64
45 65
45 66
45 67
45 68
45 70
45 73
45 74
45 79
45 80
45 81
45 85
45 86
45 88
45 89
45 91
45 93
45 94
45 95
45 97
45 98
45 101
45 106
45 107
45 108
45 109
45 112
45 113
45 114
45 117
45 118
45 120
45 125
45 127
45 128
45 129
45 130
45 131
45 134
45 135
45 137
45 139
45 141
45 142
45 145
45 146
45 147
45 152
45 153
45 154
45 155
45 157
45 158
45 161
46 49
46 54
46 56
46 61
46 62
46 64
46 65
46 70
46 71
46 72
46 73
46 76
46 77
46 79
46 80
46 83
46 85
46 100
46 101
46 103
46 104
46 105
46 106
46 109
46 112
46 114
46 115
46 117
46 125
46 126
46 127
46 130
46 131
46 133
46 136
46 142
46 147
46 148
46 150
46 152
46 153
46 154
46 157
46 158
47 56
47 61
47 65
47 74
47 75
47 77
47 84
47 89
47 104
47 105
47 106
47 113
47 114
47 134
47 139
47 141
47 142
47 145
47 146
47 156
47 157
48 57
48 59
48 63
48 67
48 69
48 70
48 71
48 73
48 74
48 75
48 79
48 89
48 94
48 97
48 98
48 101
48 108
48 113
48 115
48 119
48 131
48 135
48 137
48 143
48 147
48 148
48 150
48 151
48 154
48 155
48 160
49 51
49 52
49 58
49 62
49 63
49 65
49 66
49 68
49 70
49 73
49 74
49 75
49 76
49 77
49 79
49 82
49 83
49 84
49 85
49 86
49 87
49 88
49 89
49 92
49 93
49 94
49 95
49 98
49 101
49 102
49 105
49 108
49 109
49 110
49 111
49 112
49 113
49 114
49 115
49 116
49 117
49 118
49 123
49 125
49 128
49 129
49 130
49 133
49 134
49 135
49 137
49 139
49 141
49 142
49 145
49 146
49 147
49 148
49 149
49 150
49 151
49 152
49 153
49 154
49 155
49 160
49 161
50 51
50 52
50 54
50 57
50 62
50 63
50 64
50 66
50 67
50 68
50 71
50 73
50 74
50 77
50 78
50 82
50 83
50 84
50 85
50 89
50 90
50 97
50 101
50 102
50 105
50 106
50 108
50 112
50 114
50 117
50 118
50 123
50 124
50 133
50 135
50 137
50 138
50 140
50 141
50 143
50 145
50 149
50 150
50 151
50 153
50 154
50 155
50 156
50 157
50 158
50 159
50 161
51 53
51 54
51 55
51 56
51 57
51 58
51 60
51 61
51 62
51 63
51 64
51 65
51 66
51 68
51 70
51 71
51 74
51 75
51 76
51 77
51 79
51 81
51 82
51 83
51 84
51 85
51 88
51 89
51 90
51 92
51 93
51 94
51 97
51 99
51 101
51 102
51 103
51 105
51 106
51 107
51 108
51 109
51 110
51 112
51 113
51 114
51 115
51 116
51 118
51 120
51 121
51 123
51 125
51 128
51 130
51 131
51 132
51 133
51 134
51 135
51 137
51 138
51 139
51 142
51 147
51 149
51 150
51 151
51 152
51 153
51 154
51 155
51 157
51 158
52 54
52 55
52 58
52 61
52 62
52 63
52 65
52 66
52 68
52 71
52 72
52 74
52 77
52 82
52 88
52 89
52 91
52 92
52 93
52 97
52 101
52 105
52 106
52 111
52 112
52 113
52 115
52 117
52 118
52 125
52 126
52 129
52 130
52 131
52 137
52 138
52 140
52 141
52 142
52 145
52 154
52 157
52 158
52 159
52 161
53 56
53 58
53 63
53 66
53 69
53 70
53 72
53 73
53 77
53 79
53 84
53 85
53 97
53 101
53 107
53 111
53 112
53 114
53 115
53 118
53 121
53 127
53 130
53 134
53 135
53 137
53 138
53 139
53 149
53 151
53 154
53 160
54 55
54 56
54 57
54 59
54 60
54 64
54 65
54 66
54 67
54 68
54 72
54 74
54 75
54 76
54 77
54 78
54 79
54 80
54 84
54 85
54 86
54 89
54 90
54 91
54 93
54 95
54 97
54 99
54 102
54 103
54 104
54 105
54 106
54 107
54 108
54 109
54 112
54 113
54 114
54 115
54 117
54 118
54 124
54 125
54 129
54 130
54 131
54 132
54 133
54 134
54 135
54 137
54 138
54 139
54 140
54 141
54 142
54 143
54 145
54 146
54 147
54 148
54 149
54 150
54 152
54 153
54 154
54 155
54 157
54 158
54 160
55 56
55 62
55 63
55 64
55 68
55 71
55 72
55 73
55 74
55 77
55 79
55 81
55 84
55 88
55 89
55 93
55 94
55 98
55 102
55 105
55 108
55 112
55 114
55 117
55 118
55 119
55 129
55 133
55 136
55 137
55 138
55 139
55 143
55 146
55 149
55 152
55 157
55 158
55 160
56 58
56 59
56 62
56 63
56 65
56 66
56 67
56 68
56 69
56 71
56 72
56 74
56 77
56 79
56 83
56 84
56 85
56 86
56 89
56 92
56 94
56 96
56 97
56 98
56 100
56 101
56 102
56 103
56 105
56 106
56 108
56 109
56 112
56 114
56 115
56 116
56 117
56 118
56 124
56 126
56 129
56 130
56 131
56 133
56 134
56 137
56 139
56 140
56 141
56 142
56 143
56 144
56 145
56 147
56 149
56 150
56 151
56 152
56 154
56 155
56 157
56 158
57 58
57 64
57 65
57 66
57 68
57 72
57 74
57 79
57 82
57 87
57 88
57 94
57 97
57 101
57 102
57 105
57 108
57 114
57 121
57 134
57 138
57 139
57 140
57 142
57 145
57 149
57 150
57 151
58 63
58 64
58 65
58 67
58 68
58 69
58 70
58 71
58 72
58 73
58 74
58 76
58 77
58 79
58 80
58 84
58 86
58 89
58 91
58 92
58 93
58 94
58 96
58 97
58 98
58 99
58 102
58 106
58 108
58 109
58 110
58 112
58 115
58 117
58 118
58 119
58 124
58 125
58 128
58 129
58 133
58 134
58 137
58 138
58 139
58 141
58 143
58 147
58 150
58 152
58 153
58 154
58 158
58 161
59 61
59 62
59 63
59 64
59 65
59 66
59 67
59 69
59 73
59 79
59 83
59 86
59 87
59 88
59 89
59 94
59 97
59 101
59 102
59 104
59 105
59 106
59 109
59 111
59 112
59 114
59 117
59 118
59 122
59 131
59 133
59 137
59 145
59 147
59 148
59 151
59 154
59 156
59 161
60 67
60 72
60 77
60 79
60 93
60 94
60 99
60 106
60 107
60 110
60 117
60 118
60 122
60 128
60 130
60 133
60 134
60 135
60 137
60 138
60 153
60 154
60 161
61 63
61 65
61 69
61 71
61 74
61 75
61 77
61 81
61 84
61 86
61 87
61 89
61 91
61 92
61 101
61 102
61 104
61 105
61 106
61 107
61 108
61 111
61 113
61 114
61 115
61 117
61 121
61 124
61 127
61 130
61 131
61 132
61 133
61 135
61 136
61 138
61 141
61 142
61 152
61 154
61 159
61 160
62 64
62 70
62 72
62 75
62 77
62 80
62 81
62 82
62 86
62 94
62 97
62 101
62 103
62 106
62 108
62 109
62 113
62 116
62 117
62 129
62 130
62 132
62 133
62 137
62 139
62 141
62 152
62 153
63 66
63 69
63 70
63 72
63 73
63 75
63 76
63 77
63 79
63 86
63 88
63 89
63 94
63 95
63 98
63 101
63 102
63 105
63 108
63 110
63 112
63 114
63 115
63 116
63 118
63 122
63 125
63 126
63 129
63 130
63 134
63 137
63 138
63 139
63 140
63 141
63 142
63 143
63 144
63 146
63 149
63 150
63 152
63 154
63 158
63 160
63 161
64 65
64 66
64 67
64 68
64 70
64 72
64 73
64 74
64 77
64 79
64 80
64 82
64 84
64 85
64 86
64 88
64 89
64 90
64 91
64 92
64 93
64 96
64 97
64 99
64 100
64 102
64 106
64 107
64 108
64 109
64 110
64 111
64 112
64 113
64 114
64 115
64 117
64 118
64 120
64 122
64 123
64 124
64 127
64 129
64 130
64 131
64 132
64 134
64 135
64 136
64 137
64 138
64 139
64 141
64 142
64 143
64 144
64 145
64 146
64 147
64 149
64 150
64 151
64 152
64 153
64 154
64 158
64 160
64 161
65 66
65 67
65 68
65 69
65 70
65 71
65 74
65 75
65 76
65 79
65 80
65 82
65 87
65 89
65 94
65 97
65 101
65 102
65 103
65 105
65 106
65 107
65 109
65 111
65 112
65 113
65 114
65 115
65 117
65 118
65 119
65 122
65 123
65 124
65 125
65 128
65 131
65 132
65 135
65 136
65 137
65 138
65 139
65 140
65 142
65 143
65 145
65 146
65 147
65 150
65 151
65 152
65 157
65 158
65 159
65 160
65 161
66 68
66 72
66 74
66 76
66 79
66 87
66 89
66 90
66 91
66 97
66 99
66 100
66 104
66 105
66 106
66 108
66 109
66 112
66 113
66 115
66 117
66 118
66 122
66 125
66 126
66 129
66 130
66 133
66 134
66 136
66 138
66 139
66 140
66 141
66 142
66 145
66 149
66 150
66 151
66 152
66 154
66 158
66 161
67 69
67 70
67 72
67 73
67 77
67 78
67 80
67 88
67 89
67 90
67 92
67 94
67 95
67 97
67 99
67 100
67 104
67 105
67 106
67 108
67 110
67 112
67 113
67 114
67 115
67 117
67 118
67 120
67 121
67 122
67 124
67 126
67 127
67 128
67 129
67 130
67 131
67 133
67 134
67 135
67 136
67 137
67 139
67 140
67 141
67 142
67 143
67 146
67 151
67 152
67 153
67 154
67 155
67 157
67 158
67 159
67 160
68 69
68 71
68 72
68 73
68 74
68 79
68 80
68 82
68 83
68 85
68 86
68 87
68 88
68 89
68 92
68 94
68 95
68 97
68 98
68 100
68 101
68 102
68 104
68 105
68 106
68 107
68 108
68 109
68 111
68 112
68 113
68 115
68 117
68 118
68 119
68 120
68 121
68 124
68 125
68 126
68 132
68 133
68 134
68 135
68 138
68 139
68 140
68 142
68 144
68 145
68 146
68 147
68 148
68 149
68 150
68 151
68 152
68 153
68 154
68 155
68 157
68 158
68 160
68 161
69 73
69 74
69 75
69 77
69 78
69 80
69 81
69 82
69 83
69 85
69 89
69 92
69 93
69 94
69 95
69 100
69 101
69 103
69 105
69 106
69 109
69 111
69 112
69 115
69 116
69 118
69 121
69 125
69 126
69 127
69 129
69 130
69 131
69 133
69 134
69 135
69 137
69 138
69 140
69 142
69 143
69 145
69 146
69 151
69 152
69 154
69 156
69 158
69 159
69 160
69 161
70 72
70 73
70 75
70 77
70 79
70 81
70 82
70 83
70 88
70 89
70 90
70 91
70 92
70 94
70 97
70 98
70 100
70 101
70 102
70 106
70 107
70 112
70 114
70 115
70 117
70 119
70 125
70 126
70 128
70 129
70 131
70 132
70 133
70 135
70 138
70 141
70 143
70 145
70 146
70 148
70 151
70 152
70 153
70 155
70 157
70 159
70 161
71 72
71 73
71 74
71 75
71 77
71 78
71 79
71 80
71 83
71 84
71 93
71 94
71 95
71 97
71 99
71 101
71 102
71 103
71 105
71 106
71 107
71 108
71 110
71 111
71 113
71 114
71 115
71 117
71 118
71 120
71 122
71 125
71 127
71 129
71 130
71 131
71 133
71 136
71 137
71 141
71 142
71 145
71 146
71 152
71 156
71 157
71 158
71 159
71 161
72 74
72 75
72 76
72 79
72 80
72 81
72 82
72 84
72 86
72 89
72 90
72 91
72 93
72 95
72 101
72 102
72 103
72 104
72 105
72 106
72 107
72 108
72 109
72 110
72 111
72 112
72 113
72 114
72 115
72 117
72 118
72 119
72 121
72 122
72 124
72 125
72 126
72 130
72 131
72 134
72 135
72 136
72 137
72 139
72 142
72 144
72 145
72 146
72 147
72 151
72 152
72 154
72 157
72 158
72 159
72 160
73 74
73 75
73 76
73 79
73 80
73 84
73 87
73 88
73 89
73 90
73 94
73 96
73 97
73 99
73 100
73 101
73 103
73 107
73 109
73 112
73 113
73 115
73 116
73 117
73 119
73 120
73 122
73 125
73 127
73 129
73 131
73 133
73 134
73 136
73 138
73 139
73 140
73 141
73 142
73 145
73 147
73 149
73 151
73 152
73 154
73 157
73 158
73 159
73 161
74 75
74 76
74 77
74 78
74 79
74 81
74 86
74 87
74 88
74 89
74 90
74 92
74 93
74 94
74 95
74 96
74 97
74 98
74 99
74 101
74 102
74 103
74 106
74 107
74 108
74 111
74 112
74 113
74 114
74 115
74 117
74 118
74 119
74 121
74 126
74 127
74 128
74 129
74 130
74 131
74 132
74 133
74 134
74 135
74 138
74 139
74 140
74 142
74 144
74 147
74 148
74 149
74 151
74 152
74 153
74 154
74 155
74 156
74 158
74 159
74 161
75 77
75 79
75 80
75 82
75 85
75 89
75 91
75 97
75 98
75 99
75 101
75 106
75 107
75 108
75 111
75 112
75 113
75 117
75 118
75 121
75 125
75 129
75 131
75 132
75 134
75 135
75 136
75 137
75 138
75 141
75 142
75 152
75 157
75 158
75 161
76 77
76 79
76 88
76 89
76 91
76 94
76 95
76 97
76 99
76 100
76 101
76 106
76 108
76 115
76 117
76 118
76 119
76 124
76 129
76 133
76 137
76 145
76 152
76 153
76 154
76 157
76 158
77 80
77 85
77 86
77 89
77 91
77 92
77 93
77 94
77 95
77 106
77 109
77 111
77 112
77 113
77 115
77 116
77 117
77 119
77 120
77 129
77 131
77 133
77 134
77 135
77 137
77 138
77 139
77 141
77 146
77 147
77 148
77 149
77 150
77 151
77 158
77 159
77 161
78 101
78 103
78 106
78 109
78 115
78 117
78 128
78 133
78 150
78 152
78 157
78 158
78 161
79 80
79 84
79 91
79 92
79 93
79 94
79 95
79 97
79 99
79 100
79 101
79 104
79 105
79 106
79 108
79 109
79 110
79 111
79 112
79 113
79 114
79 115
79 116
79 117
79 118
79 124
79 125
79 128
79 129
79 132
79 133
79 134
79 137
79 138
79 140
79 141
79 142
79 143
79 144
79 145
79 146
79 147
79 149
79 150
79 151
79 152
79 154
79 158
79 159
79 160
79 161
80 84
80 85
80 87
80 88
80 89
80 94
80 101
80 102
80 103
80 106
80 107
80 108
80 112
80 113
80 114
80 117
80 122
80 125
80 127
80 129
80 133
80 134
80 136
80 138
80 140
80 142
80 143
80 146
80 151
80 154
80 158
80 161
81 82
81 91
81 93
81 97
81 102
81 108
81 113
81 114
81 118
81 125
81 129
81 137
81 138
81 139
81 140
81 148
81 158
81 159
82 84
82 87
82 101
82 102
82 108
82 109
82 110
82 111
82 115
82 117
82 118
82 122
82 131
82 133
82 134
82 136
82 138
82 151
82 157
83 86
83 87
83 88
83 89
83 91
83 98
83 102
83 103
83 114
83 115
83 117
83 119
83 126
83 127
83 130
83 131
83 135
83 137
83 139
83 142
83 147
83 150
83 152
83 154
84 87
84 88
84 90
84 92
84 98
84 101
84 102
84 105
84 108
84 109
84 112
84 113
84 114
84 115
84 117
84 118
84 120
84 125
84 126
84 129
84 131
84 136
84 137
84 138
84 139
84 141
84 142
84 145
84 150
84 151
84 152
84 153
84 154
84 158
84 161
85 89
85 96
85 100
85 101
85 102
85 103
85 105
85 106
85 111
85 112
85 113
85 114
85 115
85 118
85 123
85 125
85 131
85 133
85 134
85 135
85 139
85 140
85 142
85 147
85 152
85 153
85 154
85 158
85 160
86 93
86 99
86 101
86 102
86 105
86 106
86 107
86 109
86 110
86 114
86 116
86 117
86 118
86 122
86 125
86 129
86 134
86 135
86 137
86 139
86 142
86 146
86 149
86 152
86 154
86 156
86 157
86 160
87 88
87 89
87 92
87 94
87 96
87 99
87 101
87 105
87 109
87 111
87 113
87 117
87 118
87 123
87 124
87 125
87 129
87 131
87 134
87 136
87 137
87 138
87 141
87 142
87 145
87 147
87 148
87 149
87 151
87 152
87 153
87 155
87 161
88 91
88 98
88 101
88 102
88 106
88 108
88 109
88 110
88 111
88 112
88 114
88 118
88 131
88 133
88 138
88 139
88 140
88 141
88 142
88 143
88 151
88 157
88 158
88 160
89 93
89 94
89 96
89 97
89 98
89 100
89 101
89 102
89 104
89 105
89 108
89 111
89 112
89 113
89 116
89 118
89 121
89 125
89 126
89 127
89 129
89 131
89 134
89 135
89 136
89 137
89 138
89 139
89 141
89 142
89 143
89 144
89 146
89 147
89 149
89 150
89 151
89 152
89 153
89 154
89 155
89 156
89 157
89 159
89 160
89 161
90 91
90 96
90 113
90 118
90 125
90 129
90 130
90 131
90 142
90 146
90 148
90 149
91 92
91 94
91 96
91 99
91 101
91 103
91 110
91 112
91 113
91 114
91 115
91 118
91 125
91 126
91 129
91 130
91 131
91 133
91 134
91 139
91 141
91 142
91 146
91 147
91 149
91 154
91 161
92 94
92 95
92 98
92 99
92 100
92 102
92 106
92 108
92 114
92 119
92 125
92 131
92 132
92 133
92 134
92 135
92 136
92 138
92 141
92 142
92 144
92 145
92 146
92 151
92 152
92 153
92 154
92 157
93 97
93 101
93 102
93 107
93 110
93 111
93 112
93 113
93 114
93 116
93 117
93 118
93 121
93 125
93 126
93 128
93 129
93 130
93 131
93 133
93 135
93 136
93 137
93 138
93 142
93 146
93 147
93 149
93 152
93 153
93 157
93 159
93 160
93 161
94 97
94 98
94 99
94 100
94 101
94 103
94 104
94 105
94 107
94 108
94 109
94 110
94 111
94 113
94 114
94 115
94 116
94 117
94 118
94 124
94 125
94 126
94 128
94 131
94 134
94 135
94 137
94 138
94 139
94 141
94 142
94 146
94 147
94 150
94 152
94 153
94 154
94 155
94 157
94 159
94 160
94 161
95 98
95 102
95 106
95 108
95 109
95 113
95 115
95 125
95 126
95 134
95 135
95 138
95 139
95 145
95 146
95 147
95 150
95 151
95 158
95 159
96 101
96 107
96 108
96 114
96 125
96 129
96 131
96 133
96 135
96 139
96 141
96 142
96 147
96 149
96 151
96 152
96 158
96 160
96 161
97 99
97 101
97 102
97 105
97 106
97 107
97 108
97 112
97 113
97 114
97 120
97 121
97 123
97 126
97 127
97 129
97 130
97 131
97 134
97 135
97 137
97 138
97 139
97 142
97 143
97 145
97 147
97 150
97 151
97 152
97 154
97 157
97 161
98 100
98 101
98 104
98 108
98 111
98 112
98 113
98 114
98 116
98 117
98 118
98 125
98 126
98 132
98 134
98 138
98 141
98 143
98 144
98 147
98 151
98 152
98 153
98 157
98 160
99 109
99 110
99 114
99 115
99 116
99 117
99 118
99 119
99 121
99 126
99 131
99 133
99 134
99 137
99 138
99 142
99 147
99 151
99 152
99 154
99 158
99 159
99 160
99 161
100 111
100 112
100 114
100 115
100 117
100 133
100 136
100 137
100 138
100 140
100 145
100 147
100 149
100 154
100 159
100 161
101 102
101 105
101 106
101 107
101 108
101 109
101 111
101 113
101 118
101 121
101 124
101 129
101 130
101 131
101 133
101 134
101 135
101 137
101 138
101 139
101 140
101 141
101 142
101 144
101 147
101 149
101 151
101 152
101 154
101 155
101 157
101 158
101 160
101 161
102 105
102 106
102 107
102 109
102 110
102 113
102 114
102 115
102 116
102 117
102 118
102 123
102 125
102 128
102 129
102 131
102 134
102 135
102 136
102 137
102 138
102 139
102 141
102 143
102 145
102 146
102 147
102 148
102 150
102 151
102 152
102 155
102 157
102 158
102 160
103 105
103 108
103 109
103 112
103 113
103 117
103 129
103 130
103 131
103 133
103 136
103 137
103 142
103 143
103 147
103 150
103 151
103 152
103 154
103 157
104 105
104 109
104 112
104 115
104 119
104 128
104 129
104 131
104 134
104 136
104 137
104 138
104 141
104 152
104 153
104 154
104 161
105 108
105 109
105 112
105 113
105 114
105 115
105 117
105 118
105 119
105 120
105 125
105 133
105 134
105 135
105 136
105 137
105 138
105 141
105 142
105 147
105 149
105 152
105 154
105 155
105 161
106 108
106 109
106 110
106 111
106 113
106 114
106 115
106 117
106 118
106 120
106 125
106 126
106 130
106 132
106 133
106 136
106 137
106 138
106 140
106 141
106 142
106 143
106 146
106 147
106 148
106 149
106 151
106 152
106 153
106 154
106 157
106 158
106 160
106 161
107 109
107 111
107 112
107 114
107 115
107 117
107 118
107 125
107 129
107 131
107 134
107 137
107 138
107 139
107 143
107 153
107 154
107 160
108 111
108 114
108 117
108 118
108 119
108 122
108 123
108 125
108 128
108 129
108 130
108 131
108 134
108 135
108 137
108 138
108 139
108 140
108 142
108 143
108 147
108 151
108 152
108 154
108 157
108 159
108 161
109 111
109 112
109 114
109 115
109 117
109 118
109 125
109 127
109 128
109 129
109 130
109 134
109 137
109 139
109 142
109 143
109 144
109 147
109 149
109 152
109 153
109 156
109 158
109 161
110 112
110 113
110 115
110 125
110 127
110 134
110 138
110 139
110 142
110 151
111 113
111 114
111 124
111 125
111 126
111 131
111 133
111 134
111 137
111 138
111 142
111 145
111 146
111 147
111 152
111 154
111 157
111 158
112 113
112 115
112 116
112 117
112 118
112 125
112 129
112 130
112 133
112 136
112 137
112 139
112 141
112 142
112 143
112 147
112 151
112 152
112 153
112 154
112 157
113 115
113 116
113 117
113 118
113 122
113 125
113 126
113 128
113 131
113 132
113 133
113 134
113 135
113 138
113 140
113 141
113 142
113 143
113 144
113 145
113 149
113 150
113 151
113 152
113 154
113 155
113 157
113 160
113 161
114 115
114 117
114 118
114 120
114 123
114 129
114 131
114 133
114 137
114 138
114 139
114 140
114 141
114 142
114 144
114 146
114 147
114 151
114 152
114 153
114 154
114 159
114 160
114 161
115 116
115 117
115 118
115 121
115 125
115 126
115 127
115 130
115 131
115 132
115 133
115 135
115 137
115 138
115 139
115 140
115 142
115 143
115 145
115 146
115 147
115 148
115 149
115 150
115 151
115 152
115 153
115 154
115 155
115 157
115 158
115 159
115 160
115 161
116 118
116 119
116 125
116 126
116 129
116 133
116 134
116 137
116 138
116 139
116 141
116 145
116 147
116 153
117 118
117 123
117 126
117 128
117 129
117 131
117 133
117 134
117 138
117 142
117 143
117 146
117 147
117 149
117 150
117 151
117 152
117 153
117 154
117 155
117 156
117 159
117 161
118 125
118 126
118 128
118 130
118 131
118 133
118 134
118 135
118 137
118 138
118 139
118 142
118 143
118 145
118 146
118 147
118 148
118 149
118 151
118 152
118 153
118 157
118 159
118 161
119 121
119 128
119 129
119 131
119 133
119 134
119 137
119 138
119 139
119 142
119 147
119 153
119 157
119 160
120 129
120 133
120 137
120 154
120 155
120 161
121 135
121 142
121 152
121 154
121 157
122 131
122 133
122 136
122 142
122 149
122 154
123 129
123 133
123 135
123 136
123 138
123 147
123 151
123 152
124 125
124 141
124 153
124 154
125 128
125 129
125 130
125 131
125 133
125 134
125 135
125 136
125 137
125 138
125 142
125 143
125 147
125 148
125 149
125 150
125 151
125 152
125 154
125 158
126 129
126 134
126 135
126 137
126 138
126 139
126 140
126 141
126 145
126 147
126 151
126 152
126 153
126 159
127 129
127 131
127 138
127 145
127 147
127 150
127 154
127 157
127 159
128 129
128 130
128 131
128 137
128 147
128 148
128 149
128 154
128 157
128 158
129 131
129 133
129 134
129 135
129 138
129 141
129 142
129 143
129 146
129 149
129 150
129 151
129 152
129 153
129 155
129 156
129 157
129 159
129 160
129 161
130 131
130 134
130 137
130 138
130 141
130 142
130 146
130 152
130 153
130 159
130 160
131 132
131 136
131 137
131 138
131 139
131 141
131 142
131 144
131 145
131 148
131 149
131 150
131 154
131 155
131 157
131 158
131 160
132 137
132 143
132 145
132 147
132 152
132 153
132 157
133 134
133 135
133 137
133 138
133 139
133 141
133 142
133 143
133 145
133 147
133 149
133 150
133 151
133 152
133 153
133 154
133 155
133 157
133 158
133 161
134 136
134 138
134 139
134 142
134 144
134 145
134 147
134 149
134 151
134 152
134 154
134 155
134 158
134 159
135 137
135 138
135 144
135 145
135 146
135 147
135 151
135 152
135 153
135 154
136 137
136 138
136 139
136 143
136 146
136 157
136 158
136 160
137 138
137 140
137 141
137 143
137 144
137 146
137 148
137 149
137 150
137 152
137 154
137 157
137 161
138 139
138 140
138 141
138 142
138 143
138 144
138 145
138 146
138 147
138 148
138 150
138 151
138 152
138 156
138 157
138 160
138 161
139 140
139 142
139 145
139 151
139 152
139 153
139 154
140 141
140 142
140 143
140 150
140 151
141 142
141 147
141 150
141 156
141 159
141 160
141 161
142 143
142 144
142 146
142 147
142 148
142 149
142 150
142 151
142 152
142 153
142 154
142 155
142 156
142 157
143 150
143 151
143 152
143 153
143 158
143 159
143 161
144 147
144 150
144 154
144 157
144 158
145 147
145 148
145 150
145 151
145 152
145 155
145 157
145 158
145 161
146 152
146 153
146 154
146 157
146 160
146 161
147 150
147 151
147 152
147 153
147 154
147 156
147 157
147 158
147 160
147 161
148 149
148 151
148 152
148 153
148 160
148 161
149 152
149 153
149 154
149 155
149 160
149 161
150 153
150 154
150 155
150 161
151 152
151 156
151 157
151 158
151 159
151 160
151 161
152 153
152 154
152 155
152 157
152 158
152 159
152 160
153 154
153 159
154 157
154 158
155 159
156 160
