0 1
0 4
0 5
0 6
0 7
0 9
0 13
0 14
0 19
0 21
0 31
0 32
0 40
0 43
0 45
0 46
0 49
0 50
0 53
0 54
0 56
0 59
0 64
0 66
0 67
0 68
0 70
0 72
0 74
0 76
0 86
0 88
0 89
0 93
0 94
0 101
0 106
0 107
0 112
0 114
0 117
0 125
0 131
0 136
0 138
0 141
0 144
0 146
0 153
0 154
0 158
1 3
1 5
1 6
1 7
1 8
1 9
1 10
1 11
1 12
1 18
1 21
1 23
1 25
1 26
1 30
1 31
1 32
1 35
1 37
1 44
1 45
1 46
1 49
1 52
1 53
1 56
1 61
1 63
1 66
1 69
1 70
1 71
1 72
1 74
1 76
1 79
1 80
1 93
1 94
1 100
1 102
1 107
1 108
1 114
1 117
1 124
1 125
1 131
1 133
1 135
1 137
1 139
1 140
1 142
1 151
1 153
1 155
1 159
1 160
2 3
2 6
2 7
2 9
2 13
2 14
2 16
2 19
2 21
2 28
2 30
2 31
2 38
2 40
2 42
2 45
2 51
2 52
2 55
2 56
2 61
2 66
2 69
2 70
2 72
2 74
2 79
2 84
2 87
2 88
2 93
2 97
2 101
2 102
2 105
2 108
2 113
2 114
2 117
2 126
2 129
2 133
2 134
2 138
2 141
2 147
2 151
2 154
2 158
3 6
3 7
3 11
3 18
3 20
3 21
3 26
3 30
3 32
3 35
3 40
3 42
3 45
3 48
3 51
3 54
3 56
3 64
3 65
3 67
3 69
3 70
3 72
3 73
3 76
3 84
3 88
3 89
3 91
3 94
3 95
3 101
3 109
3 111
3 112
3 113
3 114
3 116
3 125
3 139
3 142
3 150
3 151
3 152
3 153
3 158
3 161
4 6
4 8
4 9
4 11
4 12
4 14
4 17
4 19
4 21
4 22
4 24
4 25
4 26
4 27
4 30
4 31
4 32
4 34
4 36
4 37
4 38
4 39
4 43
4 45
4 46
4 49
4 50
4 51
4 54
4 56
4 58
4 59
4 61
4 62
4 63
4 64
4 65
4 67
4 68
4 69
4 71
4 72
4 73
4 74
4 77
4 79
4 80
4 81
4 82
4 84
4 85
4 86
4 87
4 88
4 89
4 91
4 96
4 97
4 99
4 100
4 101
4 102
4 106
4 109
4 111
4 112
4 114
4 115
4 116
4 122
4 123
4 124
4 126
4 128
4 129
4 131
4 133
4 134
4 136
4 138
4 139
4 141
4 142
4 145
4 146
4 147
4 150
4 152
4 153
4 154
4 157
4 161
5 6
5 21
5 26
5 33
5 36
5 40
5 50
5 51
5 54
5 58
5 66
5 70
5 72
5 73
5 79
5 82
5 86
5 88
5 91
5 106
5 108
5 109
5 114
5 116
5 118
5 131
5 133
5 134
5 136
5 137
5 140
5 146
5 147
5 149
5 150
5 151
5 153
5 154
5 158
5 159
6 7
6 8
6 9
6 11
6 12
6 13
6 16
6 17
6 20
6 21
6 23
6 25
6 26
6 30
6 31
6 32
6 34
6 35
6 36
6 38
6 40
6 41
6 44
6 45
6 46
6 49
6 50
6 52
6 54
6 55
6 56
6 57
6 58
6 64
6 65
6 66
6 67
6 68
6 69
6 70
6 71
6 72
6 73
6 74
6 79
6 81
6 82
6 84
6 86
6 87
6 88
6 89
6 92
6 93
6 94
6 95
6 98
6 100
6 101
6 102
6 104
6 105
6 106
6 108
6 109
6 110
6 111
6 113
6 114
6 118
6 120
6 121
6 122
6 124
6 129
6 131
6 132
6 133
6 134
6 135
6 136
6 137
6 138
6 141
6 147
6 151
6 152
6 153
6 154
6 157
6 160
6 161
7 8
7 9
7 11
7 15
7 18
7 19
7 20
7 21
7 24
7 25
7 26
7 28
7 30
7 31
7 35
7 36
7 37
7 40
7 42
7 44
7 46
7 47
7 48
7 49
7 50
7 51
7 52
7 54
7 55
7 56
7 57
7 59
7 60
7 61
7 63
7 64
7 66
7 67
7 68
7 69
7 70
7 71
7 74
7 76
7 77
7 78
7 79
7 80
7 82
7 84
7 87
7 88
7 89
7 91
7 93
7 94
7 95
7 97
7 98
7 99
7 101
7 103
7 104
7 105
7 106
7 107
7 108
7 109
7 110
7 112
7 113
7 114
7 115
7 116
7 117
7 125
7 132
7 133
7 134
7 135
7 136
7 138
7 139
7 141
7 142
7 145
7 147
7 148
7 150
7 152
7 154
7 155
7 159
7 161
8 9
8 10
8 11
8 12
8 25
8 27
8 30
8 31
8 35
8 51
8 56
8 58
8 59
8 61
8 62
8 63
8 67
8 69
8 79
8 83
8 89
8 99
8 105
8 107
8 108
8 109
8 115
8 116
8 126
8 133
8 135
8 136
8 139
8 144
8 147
8 154
8 161
9 14
9 19
9 24
9 25
9 26
9 28
9 29
9 30
9 33
9 34
9 37
9 38
9 40
9 43
9 44
9 49
9 51
9 55
9 56
9 57
9 62
9 64
9 66
9 67
9 68
9 69
9 70
9 72
9 74
9 80
9 82
9 84
9 86
9 87
9 89
9 90
9 93
9 94
9 95
9 100
9 101
9 102
9 105
9 108
9 109
9 110
9 112
9 113
9 115
9 117
9 119
9 125
9 126
9 127
9 128
9 129
9 131
9 134
9 136
9 137
9 139
9 140
9 142
9 145
9 147
9 150
9 151
9 152
9 154
9 161
10 14
10 18
10 19
10 21
10 26
10 31
10 32
10 36
10 37
10 38
10 40
10 48
10 49
10 54
10 62
10 66
10 69
10 70
10 71
10 72
10 73
10 77
10 80
10 85
10 87
10 88
10 89
10 94
10 95
10 97
10 99
10 100
10 102
10 104
10 106
10 107
10 109
10 112
10 113
10 115
10 118
10 121
10 126
10 127
10 130
10 131
10 132
10 135
10 137
10 142
10 145
10 146
10 152
10 154
10 158
10 159
11 13
11 14
11 15
11 16
11 19
11 22
11 23
11 25
11 26
11 30
11 31
11 35
11 36
11 37
11 40
11 42
11 45
11 49
11 50
11 51
11 52
11 54
11 58
11 61
11 62
11 63
11 64
11 65
11 68
11 69
11 70
11 71
11 72
11 73
11 80
11 83
11 84
11 85
11 86
11 88
11 89
11 91
11 92
11 93
11 94
11 97
11 98
11 101
11 102
11 103
11 111
11 112
11 114
11 115
11 118
11 121
11 127
11 131
11 133
11 134
11 138
11 139
11 142
11 146
11 147
11 152
11 155
11 156
11 157
11 158
11 159
11 160
11 161
12 13
12 14
12 19
12 26
12 30
12 34
12 40
12 42
12 45
12 46
12 48
12 54
12 56
12 58
12 62
12 66
12 67
12 70
12 71
12 72
12 73
12 74
12 84
12 85
12 86
12 88
12 89
12 94
12 101
12 102
12 103
12 109
12 110
12 111
12 114
12 115
12 117
12 118
12 119
12 123
12 125
12 129
12 131
12 136
12 137
12 139
12 142
12 148
12 153
12 154
12 156
12 157
12 158
13 15
13 18
13 21
13 23
13 26
13 31
13 32
13 35
13 38
13 54
13 59
13 62
13 63
13 64
13 67
13 68
13 69
13 70
13 72
13 73
13 74
13 77
13 81
13 82
13 84
13 88
13 91
13 92
13 94
13 97
13 100
13 102
13 103
13 104
13 105
13 107
13 108
13 109
13 111
13 114
13 117
13 133
13 135
13 137
13 139
13 142
13 145
13 147
13 150
13 151
13 154
13 155
13 158
13 159
13 161
14 15
14 16
14 18
14 19
14 20
14 21
14 25
14 26
14 29
14 30
14 31
14 32
14 33
14 34
14 35
14 38
14 43
14 44
14 46
14 50
14 51
14 54
14 55
14 56
14 59
14 61
14 63
14 64
14 65
14 66
14 68
14 69
14 70
14 71
14 73
14 74
14 75
14 76
14 77
14 80
14 82
14 84
14 85
14 86
14 87
14 90
14 91
14 92
14 97
14 99
14 101
14 102
14 103
14 105
14 106
14 108
14 112
14 113
14 114
14 115
14 118
14 121
14 122
14 123
14 125
14 126
14 130
14 131
14 132
14 133
14 137
14 138
14 139
14 140
14 141
14 142
14 144
14 145
14 146
14 147
14 151
14 154
14 157
14 158
14 160
14 161
15 17
15 21
15 26
15 27
15 28
15 31
15 32
15 34
15 38
15 40
15 41
15 43
15 50
15 51
15 53
15 54
15 57
15 58
15 64
15 65
15 68
15 69
15 70
15 72
15 74
15 77
15 79
15 84
15 85
15 89
15 93
15 100
15 103
15 106
15 108
15 113
15 114
15 118
15 125
15 131
15 133
15 134
15 138
15 143
15 146
15 150
15 151
15 152
15 153
15 154
16 28
16 31
16 32
16 34
16 37
16 42
16 44
16 45
16 49
16 52
16 54
16 56
16 60
16 64
16 65
16 67
16 69
16 70
16 73
16 74
16 75
16 76
16 79
16 86
16 89
16 97
16 98
16 101
16 105
16 107
16 108
16 109
16 115
16 129
16 133
16 137
16 138
16 150
16 152
16 154
16 158
16 161
17 19
17 25
17 30
17 44
17 49
17 50
17 56
17 58
17 59
17 61
17 63
17 66
17 68
17 72
17 77
17 81
17 82
17 84
17 91
17 96
17 98
17 99
17 100
17 102
17 111
17 112
17 115
17 130
17 135
17 138
17 140
17 141
17 145
17 146
17 148
17 151
17 152
17 153
17 158
17 160
18 21
18 31
18 37
18 39
18 40
18 41
18 49
18 50
18 51
18 54
18 56
18 58
18 64
18 65
18 67
18 68
18 71
18 72
18 73
18 74
18 77
18 79
18 83
18 85
18 88
18 91
18 94
18 97
18 100
18 101
18 106
18 108
18 113
18 114
18 115
18 118
18 132
18 133
18 138
18 142
18 147
18 151
18 152
18 154
18 156
19 22
19 24
19 25
19 26
19 29
19 30
19 32
19 35
19 36
19 37
19 38
19 39
19 40
19 42
19 43
19 44
19 45
19 46
19 47
19 48
19 49
19 51
19 53
19 54
19 56
19 57
19 59
19 62
19 63
19 64
19 65
19 66
19 67
19 69
19 71
19 72
19 73
19 74
19 75
19 76
19 78
19 79
19 80
19 81
19 82
19 83
19 86
19 88
19 89
19 91
19 93
19 94
19 95
19 98
19 99
19 101
19 104
19 105
19 107
19 108
19 109
19 112
19 113
19 114
19 115
19 116
19 117
19 118
19 120
19 125
19 128
19 131
19 133
19 136
19 138
19 140
19 141
19 142
19 144
19 146
19 147
19 148
19 150
19 151
19 152
19 153
19 154
19 155
19 157
19 158
19 159
20 21
20 26
20 30
20 32
20 33
20 36
20 42
20 45
20 52
20 55
20 56
20 58
20 60
20 64
20 67
20 68
20 70
20 71
20 72
20 74
20 75
20 77
20 79
20 89
20 93
20 102
20 103
20 106
20 112
20 115
20 120
20 126
20 128
20 131
20 137
20 138
20 141
20 142
20 143
20 144
20 152
20 155
20 157
21 22
21 24
21 27
21 29
21 31
21 32
21 34
21 36
21 37
21 38
21 41
21 42
21 43
21 44
21 46
21 49
21 50
21 54
21 55
21 56
21 58
21 64
21 65
21 66
21 67
21 68
21 69
21 70
21 71
21 72
21 73
21 74
21 79
21 80
21 82
21 83
21 84
21 87
21 88
21 92
21 93
21 94
21 97
21 99
21 100
21 101
21 104
21 106
21 109
21 112
21 113
21 114
21 116
21 117
21 118
21 120
21 125
21 126
21 129
21 130
21 131
21 133
21 134
21 135
21 137
21 139
21 140
21 142
21 147
21 150
21 152
21 153
21 154
21 155
21 157
21 158
21 159
21 160
22 38
22 39
22 41
22 45
22 49
22 50
22 52
22 54
22 56
22 63
22 68
22 69
22 77
22 84
22 89
22 94
22 97
22 106
22 113
22 114
22 118
22 125
22 133
22 141
22 146
22 148
22 153
22 154
22 155
22 157
22 160
22 161
23 26
23 30
23 34
23 36
23 39
23 43
23 46
23 49
23 55
23 61
23 63
23 65
23 67
23 68
23 70
23 74
23 77
23 79
23 83
23 96
23 107
23 108
23 112
23 113
23 114
23 115
23 116
23 117
23 118
23 125
23 129
23 130
23 133
23 137
23 138
23 142
23 151
23 152
23 153
23 154
23 158
24 43
24 44
24 45
24 49
24 50
24 51
24 54
24 58
24 61
24 70
24 77
24 82
24 88
24 89
24 90
24 94
24 101
24 106
24 111
24 113
24 124
24 129
24 131
24 134
24 137
24 139
24 140
24 141
24 147
24 150
24 151
24 153
24 155
24 158
24 161
25 28
25 29
25 30
25 31
25 33
25 35
25 36
25 37
25 38
25 43
25 44
25 45
25 48
25 50
25 54
25 55
25 56
25 58
25 60
25 63
25 64
25 66
25 67
25 68
25 70
25 72
25 73
25 77
25 79
25 84
25 87
25 89
25 91
25 93
25 94
25 96
25 97
25 98
25 101
25 105
25 106
25 110
25 112
25 113
25 114
25 116
25 125
25 127
25 129
25 131
25 133
25 135
25 137
25 138
25 139
25 141
25 142
25 144
25 147
25 152
25 154
25 157
25 158
25 160
26 27
26 28
26 29
26 30
26 31
26 32
26 35
26 37
26 38
26 39
26 40
26 41
26 42
26 43
26 45
26 48
26 52
26 53
26 55
26 58
26 59
26 60
26 62
26 63
26 65
26 66
26 67
26 68
26 70
26 71
26 72
26 73
26 74
26 77
26 79
26 82
26 84
26 89
26 91
26 92
26 94
26 96
26 98
26 99
26 100
26 101
26 105
26 106
26 107
26 110
26 111
26 112
26 113
26 114
26 115
26 116
26 117
26 121
26 126
26 127
26 129
26 133
26 135
26 136
26 137
26 138
26 139
26 140
26 141
26 142
26 145
26 146
26 149
26 150
26 151
26 152
26 153
26 154
26 157
26 161
27 30
27 44
27 51
27 54
27 59
27 63
27 68
27 73
27 79
27 88
27 94
27 102
27 104
27 106
27 113
27 114
27 118
27 125
27 142
27 145
27 147
27 148
27 153
27 154
27 160
28 31
28 34
28 38
28 39
28 44
28 49
28 56
28 57
28 58
28 63
28 66
28 68
28 69
28 70
28 71
28 74
28 77
28 79
28 82
28 90
28 93
28 105
28 106
28 112
28 114
28 118
28 119
28 126
28 131
28 134
28 136
28 137
28 140
28 147
28 148
28 151
28 154
28 155
28 157
29 31
29 37
29 45
29 49
29 51
29 52
29 56
29 58
29 64
29 66
29 67
29 68
29 69
29 70
29 73
29 79
29 86
29 89
29 95
29 97
29 105
29 108
29 109
29 111
29 113
29 114
29 115
29 121
29 127
29 129
29 131
29 132
29 133
29 134
29 135
29 137
29 139
29 142
29 145
29 147
29 151
29 161
30 31
30 32
30 33
30 34
30 35
30 36
30 38
30 39
30 40
30 41
30 43
30 44
30 45
30 46
30 49
30 50
30 54
30 55
30 61
30 65
30 67
30 68
30 69
30 71
30 72
30 74
30 75
30 77
30 79
30 80
30 82
30 83
30 84
30 85
30 86
30 87
30 94
30 98
30 99
30 100
30 104
30 105
30 106
30 109
30 111
30 113
30 114
30 115
30 118
30 119
30 122
30 126
30 127
30 128
30 129
30 131
30 132
30 134
30 137
30 138
30 139
30 141
30 142
30 146
30 147
30 149
30 150
30 152
30 154
30 155
30 157
30 158
30 159
31 32
31 33
31 34
31 35
31 39
31 40
31 41
31 44
31 45
31 49
31 51
31 52
31 54
31 55
31 56
31 58
31 59
31 60
31 61
31 62
31 66
31 67
31 68
31 69
31 70
31 71
31 72
31 73
31 75
31 76
31 77
31 78
31 79
31 83
31 84
31 85
31 87
31 91
31 93
31 94
31 97
31 99
31 100
31 101
31 102
31 108
31 111
31 112
31 113
31 114
31 115
31 117
31 118
31 119
31 121
31 125
31 130
31 131
31 133
31 135
31 137
31 138
31 139
31 140
31 142
31 143
31 145
31 146
31 149
31 150
31 151
31 152
31 153
31 154
31 155
31 157
31 158
31 159
31 161
32 34
32 35
32 36
32 40
32 41
32 45
32 47
32 49
32 51
32 52
32 54
32 59
32 60
32 62
32 63
32 64
32 65
32 66
32 67
32 68
32 69
32 70
32 71
32 72
32 75
32 77
32 80
32 81
32 83
32 85
32 87
32 88
32 91
32 92
32 94
32 95
32 96
32 99
32 100
32 102
32 105
32 108
32 109
32 110
32 111
32 113
32 114
32 115
32 118
32 119
32 121
32 125
32 126
32 128
32 129
32 130
32 131
32 134
32 135
32 137
32 138
32 140
32 142
32 143
32 145
32 147
32 148
32 150
32 151
32 152
32 154
32 155
32 157
32 160
32 161
33 38
33 40
33 42
33 44
33 45
33 50
33 55
33 66
33 67
33 86
33 89
33 92
33 101
33 108
33 112
33 133
33 134
33 135
33 137
33 139
33 140
33 147
33 152
33 157
33 158
34 38
34 40
34 49
34 50
34 54
34 55
34 56
34 57
34 62
34 66
34 67
34 69
34 70
34 72
34 74
34 79
34 80
34 97
34 104
34 105
34 108
34 109
34 111
34 112
34 118
34 125
34 129
34 131
34 132
34 141
34 142
34 145
34 146
34 150
34 152
34 155
34 156
35 37
35 40
35 44
35 45
35 50
35 51
35 53
35 55
35 56
35 58
35 60
35 61
35 63
35 65
35 67
35 68
35 70
35 71
35 72
35 74
35 75
35 84
35 85
35 86
35 88
35 89
35 94
35 96
35 98
35 99
35 100
35 101
35 103
35 106
35 108
35 111
35 113
35 115
35 117
35 118
35 121
35 122
35 124
35 125
35 127
35 128
35 129
35 133
35 134
35 136
35 137
35 139
35 140
35 141
35 143
35 146
35 148
35 153
35 154
35 158
35 160
36 37
36 40
36 43
36 45
36 48
36 49
36 50
36 52
36 55
36 56
36 62
36 63
36 68
36 75
36 80
36 82
36 84
36 85
36 86
36 88
36 89
36 91
36 93
36 95
36 98
36 101
36 103
36 104
36 105
36 106
36 108
36 109
36 111
36 112
36 117
36 118
36 125
36 130
36 131
36 133
36 139
36 142
36 143
36 145
36 149
36 151
36 152
36 153
36 154
36 159
36 160
37 40
37 42
37 45
37 49
37 53
37 56
37 63
37 64
37 70
37 71
37 73
37 74
37 75
37 83
37 84
37 85
37 89
37 94
37 97
37 98
37 99
37 100
37 101
37 108
37 109
37 110
37 111
37 114
37 115
37 117
37 118
37 119
37 124
37 127
37 130
37 137
37 140
37 142
37 143
37 147
37 148
37 150
37 152
37 158
37 160
37 161
38 39
38 40
38 42
38 44
38 45
38 46
38 49
38 50
38 51
38 54
38 59
38 63
38 64
38 67
38 68
38 69
38 70
38 71
38 74
38 75
38 77
38 79
38 80
38 82
38 84
38 85
38 86
38 88
38 91
38 94
38 95
38 98
38 99
38 100
38 101
38 102
38 103
38 104
38 105
38 106
38 109
38 110
38 111
38 115
38 117
38 118
38 125
38 126
38 129
38 131
38 133
38 134
38 137
38 138
38 139
38 140
38 142
38 147
38 150
38 151
38 152
38 154
38 155
38 157
38 158
39 43
39 44
39 45
39 49
39 52
39 54
39 55
39 56
39 58
39 59
39 63
39 66
39 68
39 70
39 75
39 76
39 77
39 79
39 80
39 88
39 89
39 94
39 97
39 100
39 101
39 102
39 108
39 110
39 112
39 113
39 116
39 117
39 119
39 120
39 122
39 124
39 125
39 128
39 129
39 130
39 131
39 134
39 136
39 137
39 138
39 142
39 146
39 148
39 151
39 152
39 153
39 159
39 161
40 41
40 43
40 44
40 45
40 46
40 48
40 49
40 51
40 52
40 54
40 55
40 57
40 60
40 61
40 62
40 64
40 65
40 68
40 69
40 71
40 72
40 74
40 77
40 80
40 82
40 84
40 88
40 89
40 91
40 92
40 93
40 94
40 96
40 97
40 99
40 100
40 101
40 102
40 103
40 104
40 105
40 106
40 107
40 108
40 109
40 112
40 113
40 114
40 115
40 117
40 118
40 122
40 123
40 125
40 126
40 127
40 131
40 133
40 134
40 137
40 138
40 141
40 142
40 145
40 146
40 147
40 148
40 149
40 151
40 152
40 154
40 155
40 156
40 158
40 159
40 161
41 42
41 43
41 44
41 50
41 51
41 59
41 63
41 64
41 73
41 74
41 77
41 84
41 94
41 97
41 102
41 104
41 106
41 119
41 131
41 134
41 136
41 137
41 147
41 154
41 155
41 157
42 43
42 49
42 51
42 52
42 54
42 56
42 64
42 65
42 66
42 68
42 73
42 84
42 85
42 87
42 88
42 95
42 101
42 109
42 110
42 114
42 115
42 118
42 125
42 127
42 129
42 130
42 131
42 133
42 135
42 136
42 137
42 138
42 139
42 140
42 142
42 146
42 147
42 149
42 154
42 157
42 159
43 44
43 45
43 46
43 48
43 52
43 54
43 55
43 56
43 61
43 64
43 65
43 66
43 67
43 72
43 74
43 77
43 79
43 80
43 84
43 87
43 89
43 92
43 95
43 97
43 99
43 101
43 104
43 105
43 107
43 108
43 112
43 117
43 119
43 125
43 129
43 131
43 134
43 137
43 138
43 140
43 145
43 146
43 152
43 153
43 154
43 158
43 159
43 160
43 161
44 45
44 48
44 50
44 51
44 52
44 54
44 56
44 57
44 58
44 59
44 60
44 61
44 63
44 64
44 65
44 68
44 70
44 72
44 76
44 77
44 79
44 80
44 83
44 84
44 85
44 88
44 89
44 91
44 92
44 94
44 98
44 99
44 101
44 103
44 105
44 107
44 108
44 113
44 121
44 122
44 125
44 127
44 129
44 131
44 134
44 136
44 139
44 141
44 143
44 145
44 148
44 149
44 150
44 151
44 153
44 154
44 158
44 160
45 49
45 50
45 51
45 52
45 54
45 56
45 58
45 59
45 61
45 63
45 64
45 65
45 68
45 69
45 70
45 74
45 75
45 77
45 78
45 79
45 83
45 86
45 88
45 89
45 91
45 92
45 93
45 94
45 97
45 102
45 103
45 105
45 109
45 110
45 113
45 115
45 116
45 118
45 120
45 121
45 126
45 129
45 130
45 131
45 134
45 135
45 137
45 138
45 140
45 142
45 143
45 146
45 147
45 149
45 151
45 152
45 154
45 155
45 157
45 158
45 159
45 160
45 161
46 48
46 49
46 51
46 52
46 56
46 62
46 65
46 68
46 69
46 70
46 71
46 72
46 75
46 79
46 83
46 84
46 85
46 89
46 95
46 97
46 98
46 101
46 102
46 103
46 105
46 106
46 108
46 117
46 118
46 119
46 122
46 127
46 128
46 131
46 135
46 137
46 142
46 143
46 144
46 151
46 152
46 153
46 154
46 155
46 159
46 160
46 161
47 48
47 49
47 55
47 58
47 65
47 67
47 68
47 73
47 74
47 91
47 113
47 118
47 128
47 135
47 137
47 146
47 147
47 161
48 53
48 56
48 65
48 66
48 69
48 70
48 72
48 79
48 84
48 89
48 92
48 100
48 101
48 106
48 108
48 109
48 113
48 114
48 117
48 118
48 123
48 125
48 129
48 134
48 137
48 138
48 139
48 140
48 147
48 161
49 50
49 51
49 52
49 54
49 55
49 56
49 62
49 64
49 65
49 66
49 67
49 68
49 70
49 71
49 72
49 73
49 79
49 80
49 83
49 84
49 86
49 89
49 90
49 92
49 94
49 98
49 100
49 101
49 102
49 103
49 104
49 106
49 107
49 108
49 110
49 112
49 113
49 114
49 115
49 116
49 117
49 118
49 119
49 124
49 125
49 127
49 129
49 130
49 131
49 133
49 134
49 135
49 136
49 137
49 141
49 143
49 145
49 146
49 147
49 149
49 151
49 152
49 154
49 155
49 159
49 160
49 161
50 53
50 54
50 55
50 56
50 60
50 63
50 66
50 68
50 69
50 70
50 73
50 75
50 76
50 77
50 79
50 82
50 86
50 87
50 89
50 90
50 94
50 98
50 101
50 110
50 111
50 114
50 115
50 118
50 120
50 124
50 125
50 128
50 129
50 131
50 133
50 134
50 135
50 137
50 138
50 139
50 141
50 146
50 150
50 152
50 153
50 154
50 155
50 156
50 160
51 52
51 53
51 56
51 58
51 59
51 60
51 63
51 64
51 65
51 68
51 69
51 70
51 72
51 73
51 74
51 75
51 77
51 79
51 80
51 82
51 83
51 84
51 85
51 86
51 87
51 88
51 89
51 91
51 92
51 93
51 94
51 96
51 97
51 99
51 102
51 103
51 105
51 106
51 107
51 108
51 110
51 111
51 112
51 113
51 114
51 117
51 118
51 124
51 126
51 128
51 129
51 130
51 133
51 134
51 135
51 137
51 138
51 139
51 140
51 142
51 143
51 144
51 145
51 146
51 147
51 149
51 150
51 151
51 152
51 153
51 154
51 155
51 158
51 159
51 160
51 161
52 53
52 54
52 57
52 60
52 62
52 65
52 66
52 68
52 69
52 70
52 71
52 72
52 73
52 74
52 77
52 79
52 82
52 83
52 84
52 87
52 89
52 91
52 93
52 94
52 97
52 98
52 101
52 102
52 103
52 108
52 111
52 112
52 114
52 116
52 117
52 118
52 119
52 120
52 131
52 132
52 138
52 140
52 143
52 145
52 147
52 150
52 151
52 152
52 153
52 155
52 157
52 161
53 54
53 56
53 66
53 69
53 72
53 73
53 76
53 88
53 92
53 113
53 125
53 129
53 131
53 134
53 137
53 138
53 145
53 151
53 153
53 155
54 56
54 57
54 58
54 62
54 65
54 66
54 67
54 68
54 69
54 70
54 72
54 73
54 74
54 77
54 79
54 80
54 81
54 84
54 85
54 86
54 87
54 89
54 91
54 92
54 94
54 95
54 96
54 97
54 98
54 99
54 100
54 101
54 102
54 103
54 106
54 107
54 108
54 109
54 112
54 114
54 115
54 116
54 118
54 121
54 125
54 127
54 128
54 129
54 131
54 132
54 133
54 135
54 136
54 137
54 138
54 139
54 140
54 142
54 143
54 146
54 147
54 148
54 149
54 150
54 151
54 152
54 154
54 155
54 157
54 158
54 160
54 161
55 59
55 64
55 65
55 67
55 71
55 73
55 75
55 76
55 79
55 80
55 84
55 85
55 87
55 89
55 92
55 94
55 96
55 97
55 113
55 117
55 119
55 121
55 134
55 137
55 138
55 139
55 142
55 145
55 146
55 149
55 151
55 152
55 153
55 154
55 155
56 58
56 59
56 60
56 63
56 64
56 66
56 67
56 71
56 72
56 73
56 74
56 75
56 76
56 79
56 80
56 84
56 86
56 87
56 89
56 91
56 94
56 95
56 97
56 99
56 100
56 101
56 106
56 107
56 109
56 111
56 112
56 113
56 114
56 117
56 118
56 120
56 123
56 125
56 128
56 129
56 131
56 133
56 135
56 137
56 138
56 140
56 142
56 146
56 147
56 150
56 151
56 153
56 154
56 155
56 156
56 157
56 158
56 160
56 161
57 67
57 85
57 93
57 94
57 96
57 97
57 100
57 103
57 106
57 109
57 112
57 115
57 116
57 118
57 121
57 122
57 127
57 129
57 131
57 133
57 134
57 137
57 138
57 141
57 142
57 147
57 149
57 150
57 152
57 153
57 154
58 61
58 64
58 65
58 66
58 67
58 69
58 70
58 72
58 73
58 76
58 77
58 78
58 84
58 86
58 87
58 88
58 90
58 93
58 94
58 95
58 99
58 101
58 102
58 106
58 108
58 111
58 115
58 117
58 118
58 125
58 127
58 130
58 131
58 133
58 134
58 136
58 137
58 138
58 139
58 142
58 143
58 144
58 145
58 149
58 150
58 152
58 153
58 154
58 155
58 158
58 159
58 161
59 61
59 65
59 66
59 67
59 68
59 70
59 74
59 75
59 76
59 80
59 82
59 89
59 94
59 95
59 98
59 101
59 104
59 105
59 106
59 108
59 112
59 113
59 127
59 129
59 130
59 133
59 134
59 137
59 138
59 140
59 142
59 145
59 146
59 152
59 153
59 154
59 157
59 158
59 161
60 72
60 73
60 77
60 79
60 84
60 89
60 92
60 94
60 98
60 101
60 102
60 104
60 106
60 108
60 120
60 125
60 128
60 134
60 138
60 141
60 145
60 146
60 151
61 67
61 71
61 74
61 77
61 79
61 86
61 88
61 91
61 94
61 96
61 99
61 101
61 104
61 106
61 114
61 115
61 116
61 117
61 118
61 125
61 131
61 134
61 137
61 138
61 140
61 141
61 146
61 147
61 148
61 157
61 161
62 64
62 66
62 68
62 69
62 70
62 71
62 72
62 73
62 75
62 79
62 82
62 94
62 101
62 102
62 104
62 106
62 111
62 112
62 119
62 137
62 139
62 141
62 142
62 152
62 154
62 157
62 161
63 64
63 65
63 67
63 70
63 71
63 72
63 73
63 74
63 76
63 78
63 79
63 84
63 86
63 87
63 89
63 90
63 91
63 94
63 96
63 97
63 98
63 99
63 100
63 101
63 102
63 103
63 104
63 106
63 107
63 109
63 111
63 113
63 114
63 115
63 117
63 118
63 125
63 131
63 133
63 136
63 138
63 139
63 140
63 142
63 145
63 150
63 154
63 157
63 158
63 159
63 160
64 65
64 66
64 68
64 70
64 71
64 72
64 73
64 74
64 75
64 76
64 77
64 81
64 82
64 83
64 84
64 85
64 86
64 87
64 88
64 91
64 92
64 93
64 94
64 95
64 97
64 98
64 99
64 100
64 101
64 102
64 103
64 106
64 107
64 108
64 109
64 111
64 112
64 113
64 114
64 115
64 116
64 117
64 118
64 122
64 125
64 126
64 129
64 130
64 131
64 132
64 134
64 135
64 137
64 138
64 140
64 141
64 142
64 145
64 149
64 151
64 152
64 153
64 154
64 155
64 156
64 157
64 158
64 159
64 160
65 66
65 67
65 68
65 69
65 70
65 72
65 74
65 76
65 79
65 82
65 83
65 84
65 87
65 88
65 89
65 90
65 96
65 98
65 100
65 102
65 103
65 106
65 107
65 108
65 110
65 112
65 113
65 114
65 115
65 117
65 118
65 129
65 130
65 131
65 132
65 134
65 137
65 139
65 141
65 142
65 143
65 149
65 150
65 151
65 152
65 153
65 154
65 156
65 158
65 160
65 161
66 67
66 68
66 69
66 71
66 72
66 74
66 75
66 79
66 80
66 81
66 83
66 84
66 86
66 89
66 96
66 97
66 101
66 102
66 105
66 108
66 111
66 112
66 113
66 118
66 119
66 127
66 128
66 130
66 131
66 132
66 134
66 139
66 141
66 142
66 143
66 145
66 149
66 150
66 153
66 155
66 156
66 158
66 159
67 69
67 70
67 71
67 72
67 73
67 75
67 77
67 79
67 82
67 84
67 85
67 87
67 89
67 91
67 92
67 93
67 94
67 95
67 96
67 97
67 98
67 99
67 100
67 101
67 102
67 105
67 106
67 108
67 109
67 111
67 112
67 113
67 114
67 115
67 116
67 118
67 120
67 122
67 125
67 126
67 130
67 131
67 133
67 134
67 135
67 137
67 139
67 140
67 142
67 144
67 145
67 146
67 147
67 148
67 149
67 150
67 151
67 152
67 153
67 154
67 155
67 156
67 157
67 159
67 160
67 161
68 69
68 70
68 71
68 72
68 73
68 74
68 76
68 77
68 78
68 79
68 81
68 82
68 84
68 86
68 87
68 88
68 89
68 91
68 92
68 93
68 94
68 95
68 96
68 97
68 99
68 100
68 101
68 102
68 103
68 105
68 106
68 107
68 108
68 109
68 110
68 111
68 113
68 114
68 116
68 117
68 118
68 119
68 120
68 122
68 124
68 125
68 126
68 127
68 129
68 130
68 131
68 133
68 135
68 137
68 138
68 139
68 140
68 142
68 143
68 145
68 146
68 147
68 148
68 151
68 152
68 158
68 160
68 161
69 70
69 71
69 72
69 74
69 76
69 79
69 82
69 84
69 85
69 86
69 87
69 88
69 90
69 93
69 94
69 97
69 99
69 100
69 101
69 106
69 107
69 109
69 111
69 112
69 114
69 116
69 118
69 127
69 129
69 131
69 133
69 135
69 136
69 137
69 138
69 140
69 141
69 142
69 143
69 145
69 146
69 148
69 151
69 152
69 153
69 154
69 157
69 160
70 71
70 72
70 73
70 74
70 77
70 79
70 80
70 81
70 82
70 85
70 89
70 90
70 92
70 93
70 98
70 99
70 100
70 105
70 106
70 108
70 109
70 110
70 111
70 113
70 114
70 115
70 116
70 117
70 118
70 119
70 121
70 126
70 127
70 128
70 131
70 133
70 134
70 135
70 137
70 138
70 144
70 146
70 147
70 148
70 149
70 150
70 151
70 154
70 155
70 158
70 159
70 160
70 161
71 74
71 75
71 79
71 80
71 81
71 84
71 87
71 88
71 90
71 98
71 99
71 100
71 101
71 102
71 103
71 104
71 105
71 106
71 107
71 109
71 111
71 112
71 113
71 114
71 115
71 117
71 118
71 126
71 128
71 130
71 131
71 133
71 135
71 137
71 139
71 142
71 144
71 147
71 149
71 150
71 153
71 154
71 157
71 160
71 161
72 73
72 74
72 75
72 76
72 83
72 85
72 86
72 87
72 89
72 91
72 92
72 93
72 94
72 97
72 98
72 100
72 101
72 102
72 105
72 112
72 113
72 114
72 116
72 117
72 126
72 129
72 130
72 133
72 134
72 135
72 137
72 138
72 139
72 142
72 145
72 146
72 147
72 148
72 150
72 151
72 152
72 154
72 155
72 158
72 159
72 160
72 161
73 74
73 76
73 77
73 79
73 80
73 81
73 82
73 83
73 84
73 85
73 89
73 90
73 92
73 93
73 94
73 95
73 96
73 97
73 101
73 102
73 103
73 104
73 108
73 109
73 111
73 112
73 114
73 117
73 125
73 126
73 127
73 129
73 130
73 131
73 132
73 135
73 139
73 141
73 142
73 143
73 146
73 147
73 150
73 152
73 153
73 158
73 160
73 161
74 76
74 77
74 86
74 87
74 88
74 92
74 94
74 96
74 97
74 101
74 105
74 107
74 108
74 109
74 111
74 113
74 115
74 116
74 117
74 118
74 119
74 120
74 122
74 123
74 124
74 125
74 126
74 127
74 128
74 129
74 131
74 134
74 135
74 136
74 137
74 138
74 139
74 142
74 144
74 148
74 151
74 152
74 153
74 154
74 157
74 158
74 159
74 160
75 79
75 80
75 81
75 83
75 85
75 88
75 94
75 95
75 97
75 100
75 101
75 105
75 106
75 108
75 111
75 112
75 113
75 114
75 115
75 117
75 118
75 125
75 126
75 127
75 129
75 130
75 133
75 138
75 139
75 141
75 142
75 147
75 150
75 153
75 157
75 158
75 161
76 77
76 84
76 86
76 87
76 88
76 93
76 94
76 99
76 103
76 108
76 109
76 112
76 117
76 119
76 123
76 125
76 126
76 129
76 131
76 133
76 138
76 139
76 142
76 147
76 150
76 154
76 155
77 79
77 80
77 82
77 87
77 89
77 91
77 92
77 95
77 99
77 101
77 102
77 103
77 105
77 107
77 108
77 109
77 111
77 113
77 114
77 115
77 117
77 121
77 122
77 125
77 126
77 129
77 131
77 132
77 133
77 138
77 140
77 141
77 147
77 148
77 150
77 152
77 154
77 156
77 157
77 158
77 159
77 160
78 79
78 94
78 107
78 117
78 118
78 133
78 146
78 147
79 80
79 81
79 82
79 84
79 86
79 87
79 88
79 89
79 90
79 94
79 96
79 97
79 99
79 101
79 102
79 103
79 105
79 106
79 107
79 108
79 113
79 114
79 115
79 116
79 117
79 118
79 119
79 122
79 123
79 125
79 129
79 131
79 133
79 134
79 137
79 138
79 139
79 141
79 142
79 146
79 149
79 150
79 151
79 153
79 154
79 158
79 159
79 161
80 81
80 86
80 89
80 90
80 91
80 93
80 95
80 98
80 99
80 101
80 103
80 104
80 108
80 113
80 115
80 122
80 125
80 127
80 129
80 130
80 131
80 133
80 134
80 138
80 139
80 141
80 149
80 150
80 151
80 152
80 154
80 157
80 158
80 159
80 161
81 83
81 86
81 91
81 96
81 104
81 105
81 108
81 109
81 112
81 114
81 115
81 118
81 120
81 129
81 131
81 135
81 138
81 140
81 141
81 142
81 146
81 147
82 89
82 91
82 92
82 95
82 97
82 100
82 101
82 103
82 106
82 108
82 111
82 113
82 119
82 125
82 131
82 138
82 140
82 151
82 152
82 154
82 155
82 157
82 160
82 161
83 87
83 89
83 91
83 92
83 96
83 102
83 104
83 105
83 106
83 107
83 108
83 109
83 112
83 114
83 116
83 117
83 128
83 130
83 132
83 133
83 134
83 135
83 137
83 138
83 142
83 147
83 148
83 149
83 152
83 153
83 154
84 88
84 90
84 93
84 94
84 95
84 97
84 98
84 100
84 102
84 103
84 105
84 106
84 107
84 108
84 109
84 110
84 111
84 112
84 113
84 115
84 117
84 118
84 127
84 129
84 130
84 131
84 133
84 137
84 138
84 139
84 141
84 142
84 146
84 152
84 153
84 154
84 158
84 161
85 89
85 91
85 96
85 97
85 98
85 106
85 109
85 111
85 113
85 114
85 115
85 117
85 118
85 125
85 133
85 134
85 138
85 139
85 142
85 143
85 145
85 147
85 149
85 150
85 151
85 153
85 157
85 158
85 161
86 95
86 106
86 109
86 113
86 114
86 115
86 118
86 120
86 125
86 134
86 138
86 139
86 141
86 147
86 152
86 158
87 89
87 90
87 91
87 93
87 94
87 97
87 101
87 103
87 108
87 109
87 113
87 114
87 117
87 118
87 119
87 125
87 127
87 128
87 129
87 130
87 134
87 137
87 138
87 142
87 149
87 150
87 151
87 152
87 153
87 155
87 160
88 89
88 94
88 97
88 111
88 113
88 114
88 117
88 118
88 121
88 129
88 138
88 139
88 146
88 147
88 148
88 149
88 150
88 151
88 157
88 158
88 159
89 93
89 94
89 95
89 97
89 99
89 100
89 101
89 102
89 105
89 108
89 109
89 110
89 111
89 114
89 115
89 117
89 119
89 125
89 126
89 129
89 131
89 132
89 133
89 134
89 135
89 137
89 138
89 139
89 142
89 143
89 147
89 149
89 150
89 151
89 154
89 158
89 159
89 160
89 161
90 94
90 97
90 111
90 125
90 131
90 138
90 139
90 141
90 142
90 146
90 149
90 158
91 94
91 101
91 106
91 108
91 109
91 112
91 114
91 115
91 116
91 125
91 128
91 131
91 133
91 135
91 136
91 138
91 139
91 140
91 141
91 142
91 143
91 146
91 153
91 157
91 160
92 94
92 95
92 98
92 100
92 101
92 107
92 108
92 109
92 112
92 115
92 117
92 118
92 120
92 125
92 127
92 131
92 137
92 138
92 141
92 142
92 147
92 149
92 152
92 154
92 158
92 161
93 94
93 96
93 97
93 99
93 100
93 105
93 106
93 107
93 110
93 111
93 112
93 113
93 114
93 115
93 117
93 118
93 122
93 125
93 127
93 129
93 132
93 133
93 135
93 137
93 139
93 143
93 147
93 152
93 154
93 160
93 161
94 96
94 99
94 100
94 101
94 105
94 106
94 107
94 109
94 110
94 112
94 113
94 114
94 115
94 118
94 124
94 125
94 126
94 128
94 129
94 130
94 131
94 132
94 133
94 135
94 139
94 142
94 144
94 145
94 147
94 149
94 150
94 151
94 152
94 154
94 157
94 158
94 160
94 161
95 110
95 113
95 114
95 115
95 120
95 126
95 138
95 151
95 152
95 159
96 97
96 101
96 108
96 110
96 114
96 118
96 119
96 125
96 129
96 141
96 147
96 151
96 152
96 154
96 155
96 160
97 98
97 99
97 101
97 106
97 107
97 108
97 109
97 110
97 114
97 116
97 117
97 118
97 123
97 125
97 126
97 127
97 128
97 129
97 133
97 134
97 138
97 140
97 142
97 146
97 147
97 150
97 151
97 152
97 158
97 160
97 161
98 106
98 107
98 108
98 109
98 117
98 121
98 123
98 129
98 131
98 137
98 144
98 145
98 146
98 151
98 152
98 154
98 158
98 160
98 161
99 102
99 103
99 104
99 107
99 108
99 109
99 111
99 114
99 116
99 118
99 124
99 126
99 129
99 130
99 136
99 137
99 138
99 139
99 142
99 149
99 151
99 152
99 154
99 158
99 159
99 161
100 101
100 110
100 115
100 117
100 118
100 120
100 121
100 125
100 131
100 133
100 137
100 138
100 139
100 141
100 142
100 146
100 152
100 154
100 161
101 102
101 104
101 106
101 107
101 108
101 109
101 110
101 112
101 113
101 114
101 115
101 118
101 122
101 125
101 126
101 129
101 131
101 132
101 133
101 134
101 137
101 138
101 139
101 140
101 141
101 144
101 145
101 147
101 150
101 151
101 152
101 154
101 155
101 158
101 159
101 160
101 161
102 104
102 106
102 108
102 109
102 111
102 112
102 113
102 114
102 115
102 116
102 119
102 120
102 122
102 125
102 131
102 132
102 133
102 134
102 137
102 138
102 139
102 140
102 141
102 142
102 143
102 146
102 147
102 148
102 150
102 152
102 156
102 158
103 105
103 106
103 111
103 112
103 114
103 115
103 116
103 123
103 125
103 126
103 127
103 129
103 130
103 131
103 133
103 134
103 136
103 137
103 138
103 143
103 147
103 152
103 154
103 158
103 161
104 106
104 107
104 113
104 118
104 129
104 130
104 131
104 133
104 138
104 147
104 153
104 154
104 159
105 106
105 109
105 111
105 113
105 116
105 117
105 122
105 124
105 128
105 132
105 133
105 134
105 137
105 138
105 145
105 147
105 149
105 150
105 151
105 154
105 157
105 160
105 161
106 107
106 108
106 109
106 110
106 111
106 112
106 113
106 114
106 115
106 116
106 117
106 118
106 123
106 124
106 128
106 129
106 130
106 131
106 132
106 133
106 134
106 135
106 137
106 142
106 144
106 146
106 147
106 148
106 149
106 150
106 151
106 152
106 154
106 155
106 157
106 158
107 109
107 111
107 114
107 117
107 119
107 120
107 125
107 127
107 128
107 133
107 136
107 137
107 140
107 147
107 150
107 154
107 160
107 161
108 111
108 113
108 114
108 115
108 116
108 117
108 118
108 125
108 129
108 130
108 133
108 135
108 137
108 138
108 139
108 141
108 142
108 146
108 147
108 150
108 153
108 154
108 157
108 158
108 159
108 160
108 161
109 112
109 113
109 114
109 115
109 116
109 118
109 124
109 126
109 131
109 133
109 134
109 135
109 138
109 140
109 141
109 142
109 145
109 146
109 147
109 148
109 149
109 151
109 152
109 153
109 155
109 159
109 160
109 161
110 113
110 115
110 118
110 125
110 128
110 137
110 139
110 141
110 143
110 147
110 150
110 151
110 152
110 153
110 154
110 157
110 161
111 112
111 113
111 114
111 115
111 117
111 122
111 129
111 130
111 131
111 132
111 133
111 134
111 142
111 143
111 144
111 146
111 147
111 148
111 153
111 154
112 113
112 114
112 115
112 117
112 119
112 124
112 126
112 127
112 128
112 129
112 131
112 132
112 133
112 134
112 135
112 136
112 137
112 138
112 139
112 141
112 142
112 143
112 147
112 148
112 149
112 151
112 153
112 154
112 157
112 159
112 161
113 114
113 115
113 116
113 117
113 124
113 125
113 126
113 129
113 131
113 132
113 133
113 134
113 135
113 137
113 138
113 139
113 144
113 146
113 147
113 152
113 153
113 154
113 155
113 161
114 115
114 117
114 118
114 120
114 121
114 126
114 127
114 128
114 129
114 130
114 131
114 137
114 138
114 141
114 142
114 147
114 148
114 151
114 152
114 153
114 154
114 156
114 157
114 158
114 159
114 160
115 117
115 118
115 119
115 120
115 121
115 124
115 126
115 130
115 131
115 133
115 135
115 137
115 139
115 140
115 141
115 142
115 143
115 145
115 146
115 148
115 149
115 150
115 151
115 152
115 153
115 154
115 155
115 157
115 158
115 159
115 160
116 117
116 118
116 134
116 137
116 138
116 139
116 142
116 149
116 150
116 153
116 154
116 159
116 161
117 118
117 121
117 129
117 130
117 131
117 133
117 135
117 136
117 137
117 138
117 141
117 142
117 145
117 146
117 147
117 148
117 149
117 151
117 152
117 153
117 154
117 155
117 160
117 161
118 119
118 121
118 125
118 126
118 127
118 129
118 133
118 134
118 135
118 137
118 138
118 142
118 144
118 151
118 154
118 157
118 158
119 129
119 132
119 133
119 134
119 152
119 154
119 159
119 161
120 126
120 129
120 151
120 157
121 129
121 133
121 137
121 140
121 141
121 146
121 154
121 158
122 141
122 149
122 161
123 129
123 132
123 134
123 137
123 141
123 145
124 143
124 151
124 153
124 158
125 126
125 128
125 129
125 130
125 131
125 133
125 134
125 135
125 137
125 138
125 140
125 141
125 142
125 146
125 148
125 150
125 151
125 152
125 153
125 154
125 158
125 159
126 129
126 135
126 138
126 144
126 146
126 150
126 154
127 141
127 152
127 157
127 158
127 160
127 161
128 134
128 136
128 137
128 138
128 141
128 142
128 145
128 146
128 150
128 153
128 158
129 131
129 133
129 134
129 136
129 139
129 141
129 142
129 143
129 144
129 145
129 147
129 148
129 150
129 151
129 152
129 159
129 161
130 137
130 138
130 139
130 142
130 145
130 150
130 154
130 157
130 158
130 160
131 133
131 137
131 138
131 139
131 140
131 141
131 143
131 144
131 145
131 146
131 148
131 149
131 150
131 151
131 152
131 153
131 155
131 157
131 160
131 161
132 137
132 138
132 150
132 153
132 158
133 134
133 135
133 137
133 138
133 139
133 142
133 146
133 147
133 148
133 150
133 152
133 154
133 155
133 157
133 160
133 161
134 135
134 136
134 138
134 141
134 142
134 146
134 147
134 149
134 152
134 154
134 157
134 158
134 161
135 137
135 138
135 139
135 142
135 151
135 152
135 154
135 159
136 137
136 138
136 141
136 147
136 152
136 156
137 138
137 139
137 142
137 143
137 144
137 146
137 147
137 148
137 149
137 151
137 152
137 153
137 154
137 157
137 158
137 160
137 161
138 141
138 142
138 143
138 147
138 148
138 150
138 151
138 152
138 153
138 154
138 157
138 158
138 160
139 142
139 147
139 148
139 149
139 152
139 154
139 155
139 157
139 158
139 161
140 143
140 147
140 148
140 152
140 157
140 161
141 142
141 146
141 148
141 151
141 153
141 158
141 159
141 160
141 161
142 146
142 147
142 148
142 149
142 151
142 152
142 155
142 159
143 147
143 150
143 151
143 157
144 145
144 151
144 152
144 154
145 146
145 147
145 151
145 152
145 158
145 159
146 147
146 150
146 152
146 154
146 158
146 159
146 161
147 148
147 149
147 151
147 152
147 153
147 154
147 157
147 161
148 150
148 153
148 157
149 154
149 155
149 157
149 161
150 151
150 152
150 153
150 154
150 155
150 157
150 158
150 160
150 161
151 153
151 154
151 157
151 159
151 160
152 153
152 159
152 161
153 154
153 157
153 159
153 160
154 157
154 159
154 160
154 161
155 160
157 158
157 159
157 161
159 161
