0 4
0 5
0 7
0 11
0 13
0 14
0 17
0 19
0 21
0 25
0 26
0 30
0 31
0 32
0 35
0 39
0 42
0 43
0 45
0 48
0 50
0 51
0 53
0 54
0 56
0 57
0 58
0 61
0 63
0 66
0 67
0 68
0 69
0 71
0 72
0 73
0 75
0 76
0 80
0 81
0 83
0 84
0 87
0 89
0 96
0 101
0 106
0 111
0 112
0 113
0 114
0 118
0 125
0 126
0 129
0 130
0 134
0 137
0 139
0 142
0 144
0 148
0 149
0 151
0 152
0 154
0 155
0 158
0 159
0 160
0 161
1 7
1 10
1 13
1 19
1 24
1 29
1 30
1 31
1 38
1 43
1 45
1 46
1 49
1 50
1 51
1 52
1 54
1 57
1 58
1 61
1 64
1 66
1 68
1 69
1 70
1 71
1 72
1 77
1 79
1 80
1 82
1 88
1 89
1 92
1 94
1 97
1 99
1 100
1 103
1 104
1 106
1 109
1 116
1 117
1 118
1 119
1 129
1 133
1 135
1 137
1 138
1 140
1 150
1 152
1 154
1 158
2 9
2 14
2 17
2 18
2 21
2 30
2 35
2 37
2 39
2 49
2 53
2 58
2 63
2 65
2 66
2 69
2 71
2 72
2 74
2 79
2 83
2 84
2 88
2 92
2 94
2 98
2 99
2 103
2 105
2 108
2 114
2 115
2 117
2 118
2 119
2 122
2 126
2 138
2 139
2 154
2 160
3 4
3 12
3 13
3 18
3 30
3 32
3 35
3 37
3 42
3 45
3 50
3 51
3 52
3 59
3 64
3 65
3 66
3 67
3 75
3 77
3 81
3 89
3 101
3 102
3 106
3 107
3 110
3 111
3 112
3 113
3 114
3 118
3 125
3 128
3 136
3 137
3 138
3 143
3 146
3 147
3 151
4 5
4 6
4 7
4 9
4 12
4 14
4 18
4 19
4 21
4 22
4 24
4 26
4 29
4 30
4 31
4 32
4 39
4 40
4 41
4 45
4 46
4 49
4 50
4 51
4 52
4 54
4 56
4 57
4 59
4 61
4 62
4 63
4 64
4 67
4 68
4 70
4 71
4 72
4 73
4 74
4 79
4 84
4 85
4 86
4 88
4 91
4 94
4 95
4 96
4 100
4 102
4 107
4 108
4 109
4 110
4 113
4 114
4 115
4 117
4 118
4 119
4 122
4 123
4 124
4 125
4 128
4 129
4 131
4 132
4 133
4 137
4 138
4 139
4 141
4 145
4 148
4 151
4 152
4 153
4 154
4 155
4 156
4 157
4 158
4 159
4 161
5 6
5 11
5 13
5 18
5 23
5 25
5 37
5 48
5 53
5 54
5 63
5 66
5 67
5 69
5 71
5 75
5 80
5 86
5 88
5 89
5 97
5 111
5 113
5 114
5 116
5 123
5 129
5 131
5 133
5 140
5 142
5 143
5 148
5 151
5 154
5 157
6 7
6 10
6 12
6 13
6 14
6 15
6 16
6 19
6 22
6 24
6 25
6 26
6 30
6 31
6 32
6 34
6 35
6 36
6 37
6 38
6 39
6 40
6 41
6 43
6 44
6 45
6 47
6 50
6 51
6 52
6 54
6 55
6 56
6 65
6 66
6 67
6 70
6 73
6 74
6 79
6 80
6 83
6 84
6 85
6 86
6 87
6 88
6 89
6 91
6 92
6 93
6 94
6 97
6 98
6 99
6 101
6 102
6 105
6 106
6 107
6 108
6 109
6 110
6 111
6 112
6 113
6 114
6 115
6 116
6 117
6 120
6 121
6 122
6 125
6 127
6 128
6 129
6 130
6 131
6 133
6 134
6 135
6 136
6 137
6 138
6 139
6 141
6 142
6 143
6 145
6 146
6 147
6 148
6 149
6 150
6 151
6 152
6 154
6 157
6 158
7 8
7 11
7 12
7 14
7 17
7 18
7 19
7 20
7 21
7 22
7 25
7 26
7 27
7 29
7 30
7 31
7 35
7 36
7 37
7 38
7 40
7 41
7 45
7 47
7 49
7 50
7 52
7 54
7 56
7 57
7 58
7 59
7 61
7 62
7 63
7 64
7 65
7 67
7 68
7 70
7 71
7 72
7 73
7 74
7 75
7 77
7 80
7 84
7 85
7 86
7 89
7 90
7 94
7 95
7 97
7 98
7 101
7 102
7 103
7 104
7 106
7 107
7 108
7 109
7 114
7 115
7 116
7 117
7 118
7 121
7 124
7 125
7 126
7 127
7 128
7 129
7 130
7 131
7 132
7 133
7 134
7 135
7 137
7 138
7 140
7 145
7 147
7 149
7 150
7 151
7 152
7 153
7 154
7 157
7 158
7 159
7 160
7 161
8 12
8 24
8 25
8 26
8 27
8 36
8 38
8 49
8 55
8 67
8 69
8 72
8 77
8 79
8 84
8 89
8 91
8 93
8 94
8 97
8 99
8 102
8 109
8 113
8 116
8 120
8 133
8 135
8 137
8 141
8 142
8 147
8 149
8 154
8 158
8 161
9 10
9 11
9 19
9 21
9 22
9 26
9 27
9 30
9 31
9 32
9 38
9 39
9 42
9 43
9 45
9 51
9 54
9 55
9 56
9 64
9 65
9 67
9 68
9 69
9 70
9 72
9 73
9 74
9 75
9 76
9 79
9 80
9 81
9 82
9 83
9 86
9 90
9 91
9 92
9 93
9 95
9 97
9 99
9 100
9 102
9 104
9 105
9 106
9 108
9 113
9 114
9 115
9 116
9 118
9 124
9 127
9 128
9 133
9 136
9 137
9 140
9 142
9 145
9 147
9 150
9 151
9 152
9 153
9 154
9 157
10 11
10 13
10 16
10 18
10 19
10 20
10 24
10 25
10 30
10 32
10 40
10 50
10 63
10 65
10 67
10 70
10 71
10 73
10 75
10 79
10 80
10 83
10 84
10 85
10 89
10 91
10 99
10 101
10 102
10 105
10 108
10 112
10 113
10 114
10 115
10 117
10 118
10 121
10 122
10 132
10 134
10 141
10 142
10 143
10 146
10 147
10 150
10 151
10 152
10 154
10 160
11 14
11 15
11 16
11 18
11 21
11 24
11 25
11 26
11 31
11 32
11 34
11 38
11 40
11 42
11 43
11 45
11 46
11 47
11 48
11 49
11 50
11 53
11 54
11 56
11 57
11 58
11 59
11 61
11 65
11 66
11 67
11 69
11 70
11 72
11 73
11 75
11 77
11 79
11 82
11 94
11 97
11 99
11 100
11 102
11 103
11 104
11 105
11 107
11 108
11 111
11 112
11 113
11 114
11 117
11 118
11 120
11 128
11 130
11 131
11 132
11 133
11 134
11 135
11 137
11 141
11 142
11 145
11 147
11 151
11 152
11 153
11 154
11 159
11 160
12 19
12 24
12 25
12 26
12 28
12 30
12 31
12 32
12 35
12 36
12 38
12 40
12 43
12 44
12 52
12 54
12 58
12 61
12 64
12 67
12 68
12 69
12 72
12 73
12 74
12 76
12 79
12 82
12 88
12 93
12 96
12 98
12 101
12 102
12 112
12 113
12 115
12 117
12 118
12 119
12 125
12 129
12 133
12 136
12 137
12 138
12 143
12 147
12 148
12 151
12 154
12 157
12 158
13 14
13 17
13 19
13 21
13 22
13 26
13 28
13 40
13 43
13 46
13 58
13 60
13 61
13 65
13 69
13 70
13 71
13 72
13 74
13 76
13 82
13 83
13 97
13 99
13 102
13 104
13 105
13 106
13 113
13 114
13 118
13 126
13 128
13 129
13 131
13 134
13 136
13 137
13 138
13 139
13 147
13 148
13 151
13 152
13 154
13 155
13 157
14 15
14 18
14 19
14 20
14 21
14 22
14 23
14 25
14 26
14 27
14 28
14 31
14 32
14 33
14 34
14 35
14 37
14 38
14 39
14 42
14 43
14 44
14 45
14 46
14 49
14 51
14 53
14 54
14 57
14 58
14 59
14 61
14 63
14 64
14 66
14 68
14 69
14 70
14 71
14 72
14 74
14 76
14 77
14 79
14 80
14 81
14 83
14 84
14 88
14 89
14 90
14 91
14 92
14 94
14 96
14 97
14 99
14 101
14 102
14 103
14 104
14 105
14 106
14 108
14 109
14 111
14 112
14 114
14 115
14 118
14 120
14 125
14 126
14 128
14 129
14 130
14 131
14 132
14 133
14 134
14 135
14 137
14 139
14 142
14 143
14 145
14 146
14 147
14 148
14 150
14 151
14 152
14 153
14 155
14 156
14 157
14 158
14 159
14 160
14 161
15 21
15 30
15 35
15 38
15 40
15 41
15 43
15 44
15 45
15 49
15 51
15 54
15 55
15 59
15 61
15 63
15 64
15 65
15 66
15 69
15 70
15 71
15 73
15 79
15 80
15 83
15 84
15 85
15 93
15 97
15 101
15 102
15 106
15 109
15 112
15 123
15 125
15 134
15 142
15 146
15 148
15 150
15 151
15 155
15 156
15 157
15 158
15 159
15 160
15 161
16 18
16 19
16 22
16 26
16 31
16 32
16 35
16 40
16 44
16 49
16 51
16 55
16 59
16 65
16 66
16 68
16 74
16 91
16 94
16 95
16 97
16 99
16 101
16 104
16 108
16 110
16 115
16 118
16 119
16 120
16 121
16 125
16 135
16 137
16 139
16 146
16 147
16 148
16 150
16 151
16 153
16 157
16 160
17 21
17 25
17 31
17 38
17 42
17 43
17 44
17 52
17 57
17 61
17 70
17 79
17 83
17 87
17 88
17 93
17 94
17 99
17 101
17 102
17 104
17 105
17 106
17 108
17 111
17 113
17 129
17 131
17 134
17 136
17 154
17 159
17 160
18 21
18 23
18 24
18 26
18 29
18 30
18 32
18 34
18 35
18 37
18 40
18 45
18 49
18 50
18 51
18 53
18 54
18 64
18 65
18 67
18 70
18 73
18 74
18 75
18 76
18 82
18 83
18 94
18 97
18 98
18 100
18 102
18 105
18 108
18 109
18 111
18 114
18 116
18 118
18 121
18 124
18 125
18 130
18 131
18 133
18 134
18 138
18 142
18 145
18 150
18 154
18 157
18 158
19 20
19 21
19 26
19 30
19 31
19 32
19 34
19 35
19 40
19 43
19 44
19 48
19 49
19 50
19 51
19 52
19 54
19 55
19 56
19 57
19 58
19 60
19 61
19 63
19 64
19 65
19 66
19 67
19 68
19 69
19 70
19 71
19 74
19 75
19 77
19 79
19 80
19 82
19 83
19 84
19 86
19 87
19 90
19 92
19 94
19 95
19 96
19 99
19 100
19 101
19 103
19 104
19 105
19 106
19 107
19 110
19 114
19 116
19 118
19 119
19 120
19 121
19 124
19 125
19 126
19 129
19 130
19 131
19 132
19 133
19 134
19 135
19 136
19 137
19 138
19 141
19 142
19 143
19 145
19 146
19 147
19 150
19 151
19 152
19 154
19 156
19 157
19 158
19 159
19 160
20 25
20 43
20 44
20 45
20 46
20 50
20 52
20 65
20 69
20 70
20 72
20 74
20 76
20 77
20 90
20 94
20 98
20 105
20 106
20 108
20 109
20 113
20 115
20 117
20 118
20 128
20 131
20 133
20 136
20 142
20 146
20 153
20 154
20 155
20 157
20 161
21 22
21 25
21 30
21 34
21 35
21 36
21 38
21 40
21 41
21 42
21 44
21 45
21 49
21 50
21 51
21 52
21 53
21 54
21 55
21 56
21 57
21 58
21 60
21 64
21 65
21 66
21 67
21 68
21 69
21 72
21 74
21 77
21 80
21 84
21 86
21 87
21 88
21 89
21 90
21 91
21 96
21 97
21 100
21 101
21 102
21 105
21 106
21 107
21 108
21 111
21 112
21 113
21 114
21 115
21 118
21 119
21 120
21 124
21 125
21 127
21 129
21 131
21 132
21 134
21 136
21 138
21 139
21 142
21 143
21 144
21 145
21 146
21 147
21 151
21 152
21 153
21 158
21 161
22 25
22 26
22 27
22 29
22 31
22 45
22 54
22 56
22 63
22 64
22 65
22 68
22 69
22 70
22 71
22 72
22 74
22 77
22 79
22 83
22 84
22 89
22 91
22 99
22 101
22 103
22 105
22 106
22 108
22 109
22 111
22 114
22 117
22 125
22 129
22 130
22 131
22 135
22 137
22 138
22 139
22 140
22 142
22 145
22 147
22 154
22 157
22 160
23 24
23 26
23 31
23 34
23 35
23 46
23 50
23 51
23 54
23 55
23 60
23 65
23 72
23 73
23 74
23 77
23 78
23 82
23 86
23 93
23 94
23 97
23 98
23 99
23 106
23 108
23 109
23 113
23 114
23 125
23 126
23 127
23 137
23 138
23 139
23 142
23 145
23 146
23 151
23 158
24 25
24 32
24 35
24 39
24 40
24 45
24 47
24 51
24 52
24 54
24 55
24 58
24 60
24 64
24 70
24 71
24 74
24 77
24 81
24 85
24 91
24 97
24 98
24 101
24 102
24 108
24 109
24 115
24 118
24 121
24 125
24 128
24 130
24 133
24 134
24 138
24 139
24 141
24 142
24 144
24 145
24 146
24 147
24 152
24 154
24 155
25 30
25 32
25 34
25 36
25 38
25 40
25 45
25 46
25 51
25 58
25 62
25 64
25 67
25 68
25 69
25 71
25 72
25 74
25 76
25 77
25 82
25 83
25 84
25 87
25 91
25 94
25 95
25 97
25 98
25 99
25 101
25 102
25 104
25 105
25 113
25 116
25 117
25 122
25 131
25 134
25 135
25 136
25 137
25 138
25 139
25 142
25 143
25 147
25 148
25 149
25 150
25 153
25 154
25 155
25 157
25 160
26 27
26 30
26 31
26 36
26 38
26 41
26 42
26 43
26 44
26 45
26 47
26 49
26 51
26 52
26 53
26 55
26 56
26 59
26 63
26 64
26 65
26 66
26 67
26 69
26 70
26 72
26 73
26 74
26 75
26 80
26 82
26 83
26 86
26 87
26 88
26 89
26 91
26 92
26 94
26 95
26 97
26 98
26 100
26 101
26 102
26 103
26 105
26 106
26 107
26 110
26 111
26 112
26 113
26 114
26 116
26 118
26 121
26 126
26 128
26 129
26 131
26 133
26 134
26 135
26 137
26 138
26 139
26 140
26 141
26 142
26 146
26 147
26 148
26 150
26 151
26 152
26 153
26 154
26 157
26 158
26 159
26 160
26 161
27 31
27 32
27 34
27 36
27 39
27 56
27 70
27 72
27 84
27 88
27 101
27 105
27 106
27 108
27 118
27 125
27 131
27 133
27 134
27 141
27 147
28 31
28 36
28 40
28 43
28 49
28 56
28 64
28 70
28 80
28 81
28 82
28 84
28 89
28 93
28 96
28 99
28 100
28 101
28 102
28 105
28 107
28 109
28 110
28 114
28 118
28 121
28 133
28 138
28 139
28 141
28 152
28 157
29 30
29 31
29 32
29 34
29 40
29 42
29 43
29 53
29 57
29 59
29 65
29 66
29 67
29 89
29 90
29 91
29 100
29 103
29 109
29 111
29 112
29 113
29 114
29 115
29 117
29 124
29 134
29 137
29 146
29 152
29 153
29 154
29 158
29 161
30 33
30 35
30 38
30 39
30 40
30 47
30 48
30 49
30 51
30 52
30 53
30 54
30 55
30 60
30 62
30 63
30 65
30 68
30 69
30 71
30 72
30 74
30 75
30 79
30 80
30 84
30 85
30 86
30 88
30 95
30 96
30 99
30 100
30 102
30 103
30 105
30 106
30 107
30 108
30 109
30 110
30 111
30 112
30 114
30 115
30 116
30 118
30 125
30 126
30 127
30 128
30 129
30 131
30 132
30 134
30 137
30 138
30 139
30 140
30 141
30 142
30 143
30 145
30 146
30 147
30 150
30 151
30 153
30 158
30 159
30 160
30 161
31 33
31 34
31 36
31 37
31 38
31 39
31 43
31 44
31 46
31 50
31 51
31 52
31 54
31 55
31 56
31 58
31 59
31 60
31 62
31 64
31 65
31 66
31 67
31 68
31 69
31 70
31 71
31 73
31 74
31 75
31 79
31 80
31 84
31 85
31 87
31 93
31 94
31 96
31 97
31 99
31 101
31 102
31 103
31 106
31 108
31 109
31 110
31 112
31 114
31 115
31 116
31 117
31 119
31 122
31 125
31 129
31 130
31 131
31 133
31 135
31 136
31 137
31 138
31 140
31 143
31 145
31 146
31 147
31 151
31 152
31 153
31 156
31 157
31 158
31 161
32 35
32 36
32 38
32 39
32 40
32 41
32 42
32 43
32 44
32 45
32 46
32 49
32 50
32 51
32 52
32 54
32 55
32 56
32 58
32 59
32 60
32 61
32 64
32 65
32 68
32 69
32 71
32 72
32 73
32 74
32 75
32 76
32 77
32 83
32 84
32 87
32 89
32 90
32 97
32 99
32 101
32 102
32 103
32 104
32 105
32 106
32 107
32 108
32 109
32 112
32 113
32 114
32 115
32 116
32 118
32 120
32 121
32 125
32 129
32 131
32 133
32 134
32 135
32 136
32 137
32 138
32 139
32 140
32 141
32 142
32 143
32 147
32 149
32 151
32 152
32 153
32 154
32 155
32 157
32 159
32 161
33 36
33 42
33 45
33 47
33 49
33 51
33 54
33 63
33 66
33 67
33 68
33 82
33 88
33 89
33 99
33 104
33 107
33 110
33 113
33 114
33 118
33 126
33 131
33 135
33 138
33 140
33 142
33 143
33 147
33 158
34 39
34 49
34 50
34 52
34 56
34 57
34 68
34 70
34 79
34 80
34 85
34 87
34 88
34 93
34 94
34 98
34 102
34 105
34 108
34 111
34 112
34 113
34 115
34 118
34 119
34 123
34 132
34 133
34 137
34 139
34 140
34 143
34 147
34 149
34 150
34 151
34 153
34 157
34 159
34 160
34 161
35 40
35 43
35 44
35 45
35 48
35 49
35 50
35 51
35 52
35 54
35 56
35 59
35 62
35 64
35 67
35 68
35 70
35 71
35 72
35 73
35 74
35 75
35 79
35 80
35 84
35 86
35 87
35 88
35 89
35 95
35 98
35 101
35 102
35 106
35 107
35 109
35 111
35 112
35 113
35 114
35 115
35 117
35 118
35 119
35 122
35 127
35 128
35 129
35 131
35 132
35 133
35 134
35 135
35 137
35 139
35 141
35 145
35 148
35 149
35 150
35 151
35 152
35 154
36 44
36 50
36 51
36 52
36 53
36 56
36 61
36 62
36 63
36 65
36 71
36 72
36 79
36 80
36 81
36 83
36 88
36 89
36 92
36 94
36 96
36 99
36 101
36 102
36 103
36 106
36 108
36 109
36 112
36 117
36 118
36 125
36 128
36 130
36 131
36 133
36 135
36 136
36 138
36 139
36 142
36 146
36 149
36 152
36 153
36 154
37 40
37 44
37 45
37 52
37 54
37 56
37 59
37 63
37 65
37 67
37 68
37 69
37 73
37 75
37 79
37 80
37 81
37 82
37 87
37 94
37 99
37 100
37 101
37 102
37 107
37 109
37 112
37 113
37 115
37 117
37 118
37 125
37 129
37 130
37 131
37 133
37 134
37 139
37 141
37 142
37 145
37 147
37 151
37 154
37 158
37 160
38 39
38 42
38 44
38 45
38 47
38 48
38 49
38 50
38 51
38 52
38 54
38 56
38 58
38 61
38 62
38 65
38 66
38 68
38 69
38 70
38 71
38 74
38 77
38 78
38 83
38 84
38 88
38 89
38 90
38 91
38 92
38 94
38 101
38 102
38 103
38 109
38 111
38 112
38 113
38 114
38 115
38 118
38 119
38 122
38 127
38 129
38 131
38 133
38 135
38 137
38 138
38 139
38 140
38 141
38 142
38 144
38 147
38 149
38 151
38 152
38 153
38 154
38 157
38 159
38 160
39 40
39 43
39 50
39 51
39 56
39 64
39 65
39 66
39 67
39 68
39 69
39 70
39 71
39 72
39 74
39 79
39 82
39 87
39 88
39 92
39 93
39 99
39 105
39 106
39 109
39 111
39 114
39 115
39 116
39 117
39 118
39 121
39 124
39 125
39 126
39 129
39 134
39 136
39 147
39 150
39 153
39 154
39 156
39 157
39 158
39 161
40 45
40 48
40 49
40 50
40 51
40 52
40 54
40 57
40 58
40 61
40 63
40 66
40 67
40 68
40 69
40 70
40 71
40 72
40 73
40 76
40 77
40 78
40 79
40 80
40 83
40 84
40 85
40 87
40 88
40 89
40 90
40 91
40 93
40 95
40 97
40 99
40 101
40 102
40 103
40 105
40 106
40 107
40 108
40 109
40 111
40 112
40 113
40 114
40 115
40 117
40 118
40 120
40 124
40 125
40 126
40 129
40 130
40 131
40 132
40 133
40 134
40 137
40 138
40 142
40 146
40 147
40 148
40 149
40 150
40 152
40 154
40 155
40 157
40 161
41 49
41 54
41 57
41 58
41 66
41 67
41 68
41 69
41 72
41 77
41 79
41 84
41 87
41 94
41 95
41 102
41 105
41 114
41 115
41 125
41 131
41 134
41 137
41 141
41 142
41 154
41 161
42 44
42 49
42 51
42 54
42 55
42 63
42 64
42 65
42 67
42 69
42 70
42 72
42 77
42 79
42 83
42 86
42 88
42 94
42 96
42 97
42 98
42 99
42 100
42 102
42 103
42 105
42 108
42 110
42 113
42 114
42 117
42 126
42 129
42 130
42 131
42 133
42 135
42 136
42 137
42 138
42 151
42 152
42 154
42 157
42 158
42 159
43 45
43 46
43 49
43 52
43 53
43 54
43 55
43 56
43 61
43 67
43 71
43 72
43 74
43 75
43 76
43 77
43 79
43 80
43 85
43 86
43 87
43 89
43 90
43 91
43 94
43 97
43 102
43 104
43 105
43 106
43 108
43 109
43 110
43 113
43 114
43 115
43 118
43 125
43 128
43 129
43 131
43 133
43 134
43 135
43 138
43 139
43 141
43 142
43 143
43 146
43 147
43 151
43 152
43 153
43 154
43 155
43 158
44 47
44 48
44 50
44 53
44 54
44 55
44 56
44 58
44 61
44 64
44 65
44 66
44 68
44 70
44 72
44 74
44 75
44 79
44 81
44 84
44 85
44 86
44 90
44 93
44 94
44 95
44 96
44 97
44 98
44 99
44 100
44 102
44 103
44 105
44 107
44 108
44 109
44 110
44 111
44 113
44 116
44 118
44 119
44 123
44 126
44 128
44 130
44 131
44 133
44 134
44 137
44 139
44 140
44 142
44 146
44 149
44 152
44 154
44 157
44 161
45 49
45 50
45 53
45 54
45 55
45 58
45 61
45 62
45 66
45 67
45 69
45 72
45 73
45 74
45 75
45 76
45 77
45 79
45 80
45 81
45 83
45 84
45 88
45 90
45 91
45 97
45 98
45 100
45 101
45 102
45 103
45 104
45 105
45 110
45 111
45 112
45 115
45 117
45 118
45 120
45 121
45 123
45 124
45 125
45 126
45 130
45 133
45 134
45 136
45 138
45 140
45 142
45 143
45 150
45 151
45 152
45 154
45 156
45 157
45 159
45 161
46 50
46 51
46 54
46 57
46 58
46 60
46 64
46 65
46 66
46 67
46 68
46 72
46 73
46 74
46 77
46 81
46 90
46 92
46 93
46 96
46 97
46 98
46 101
46 102
46 103
46 106
46 107
46 108
46 112
46 114
46 116
46 117
46 118
46 122
46 123
46 126
46 127
46 129
46 133
46 136
46 137
46 138
46 142
46 143
46 147
46 152
46 154
46 159
47 51
47 56
47 58
47 59
47 65
47 67
47 70
47 77
47 85
47 97
47 102
47 112
47 114
47 129
47 133
47 141
47 147
47 149
47 151
47 153
47 154
47 158
48 50
48 51
48 52
48 54
48 58
48 61
48 64
48 65
48 67
48 68
48 69
48 70
48 71
48 74
48 79
48 94
48 97
48 115
48 116
48 117
48 119
48 126
48 129
48 134
48 139
48 144
48 154
48 159
49 51
49 54
49 56
49 58
49 59
49 61
49 62
49 63
49 64
49 66
49 68
49 69
49 70
49 71
49 72
49 73
49 74
49 76
49 77
49 78
49 80
49 83
49 85
49 87
49 89
49 92
49 93
49 95
49 96
49 98
49 101
49 103
49 105
49 106
49 108
49 109
49 110
49 111
49 112
49 113
49 115
49 116
49 117
49 118
49 120
49 123
49 125
49 126
49 128
49 129
49 130
49 131
49 133
49 136
49 137
49 138
49 139
49 141
49 142
49 143
49 145
49 146
49 147
49 151
49 152
49 153
49 155
49 158
49 159
49 161
50 51
50 56
50 59
50 66
50 67
50 68
50 69
50 70
50 71
50 72
50 73
50 75
50 77
50 79
50 81
50 82
50 84
50 85
50 86
50 87
50 89
50 90
50 94
50 96
50 99
50 102
50 104
50 105
50 106
50 108
50 112
50 114
50 115
50 116
50 117
50 118
50 120
50 123
50 124
50 128
50 129
50 130
50 131
50 134
50 136
50 147
50 150
50 152
50 155
50 157
50 159
51 52
51 54
51 56
51 57
51 58
51 59
51 64
51 65
51 66
51 67
51 68
51 69
51 71
51 72
51 74
51 75
51 79
51 80
51 82
51 83
51 84
51 85
51 86
51 87
51 89
51 91
51 93
51 96
51 97
51 98
51 101
51 103
51 105
51 106
51 107
51 108
51 111
51 112
51 113
51 114
51 115
51 117
51 118
51 128
51 129
51 131
51 132
51 133
51 135
51 137
51 138
51 140
51 141
51 142
51 143
51 145
51 147
51 149
51 150
51 151
51 152
51 153
51 155
51 156
51 158
51 159
51 160
52 53
52 58
52 62
52 64
52 67
52 69
52 70
52 76
52 77
52 78
52 79
52 85
52 87
52 88
52 90
52 92
52 94
52 100
52 101
52 103
52 105
52 106
52 109
52 111
52 115
52 116
52 118
52 123
52 125
52 131
52 132
52 134
52 139
52 142
52 144
52 146
52 147
52 151
52 152
52 153
52 154
52 158
52 159
52 161
53 56
53 59
53 61
53 62
53 63
53 65
53 68
53 69
53 74
53 81
53 86
53 89
53 101
53 102
53 106
53 108
53 115
53 116
53 131
53 134
53 137
53 138
53 139
53 152
53 157
53 160
54 57
54 61
54 63
54 65
54 66
54 67
54 68
54 72
54 73
54 74
54 79
54 80
54 83
54 84
54 85
54 86
54 87
54 89
54 91
54 92
54 94
54 97
54 98
54 99
54 101
54 102
54 104
54 105
54 106
54 109
54 111
54 113
54 114
54 116
54 117
54 118
54 119
54 121
54 124
54 125
54 126
54 128
54 129
54 131
54 133
54 134
54 137
54 138
54 139
54 141
54 142
54 143
54 145
54 146
54 147
54 148
54 150
54 151
54 153
54 154
54 155
54 157
54 158
54 159
54 160
54 161
55 58
55 59
55 64
55 67
55 71
55 74
55 76
55 78
55 80
55 81
55 87
55 89
55 91
55 94
55 96
55 97
55 99
55 101
55 103
55 106
55 107
55 108
55 109
55 110
55 114
55 116
55 118
55 125
55 126
55 129
55 130
55 131
55 133
55 136
55 137
55 139
55 140
55 142
55 143
55 144
55 146
55 149
55 152
55 153
55 154
55 159
55 160
56 57
56 59
56 62
56 64
56 66
56 67
56 68
56 70
56 75
56 77
56 80
56 81
56 85
56 86
56 88
56 90
56 91
56 92
56 94
56 97
56 98
56 99
56 102
56 104
56 105
56 106
56 107
56 108
56 109
56 110
56 111
56 113
56 114
56 116
56 117
56 118
56 119
56 121
56 128
56 131
56 133
56 134
56 142
56 147
56 148
56 150
56 151
56 152
56 153
56 154
56 155
56 156
56 157
56 158
56 159
56 160
57 61
57 64
57 65
57 70
57 74
57 79
57 87
57 94
57 95
57 109
57 111
57 112
57 116
57 117
57 125
57 131
57 134
57 135
57 136
57 141
57 142
57 143
57 150
57 153
57 157
57 161
58 62
58 63
58 64
58 67
58 68
58 72
58 73
58 75
58 77
58 78
58 80
58 82
58 84
58 86
58 87
58 88
58 89
58 91
58 93
58 94
58 95
58 96
58 98
58 101
58 104
58 105
58 107
58 108
58 109
58 112
58 114
58 115
58 117
58 120
58 121
58 124
58 125
58 126
58 128
58 130
58 133
58 134
58 135
58 136
58 137
58 138
58 139
58 142
58 145
58 146
58 148
58 151
58 152
58 157
58 158
58 160
59 62
59 63
59 64
59 66
59 67
59 71
59 72
59 74
59 77
59 82
59 84
59 85
59 86
59 94
59 97
59 103
59 105
59 108
59 109
59 111
59 114
59 115
59 117
59 118
59 125
59 128
59 132
59 134
59 138
59 139
59 140
59 142
59 146
59 147
59 154
59 158
59 161
60 64
60 65
60 67
60 70
60 71
60 72
60 73
60 74
60 79
60 88
60 95
60 97
60 98
60 101
60 114
60 118
60 125
60 128
60 131
60 133
60 137
60 138
60 139
60 140
60 146
60 147
60 149
60 151
60 152
60 161
61 62
61 64
61 68
61 69
61 72
61 73
61 74
61 75
61 77
61 85
61 89
61 90
61 91
61 92
61 94
61 99
61 101
61 102
61 106
61 112
61 114
61 115
61 118
61 129
61 131
61 134
61 136
61 140
61 141
61 142
61 149
61 151
61 154
61 157
61 158
62 66
62 67
62 69
62 70
62 72
62 74
62 77
62 89
62 93
62 96
62 97
62 99
62 108
62 112
62 113
62 114
62 115
62 117
62 118
62 119
62 121
62 129
62 138
62 139
62 145
62 154
62 155
63 67
63 68
63 70
63 73
63 74
63 83
63 84
63 89
63 92
63 94
63 97
63 98
63 101
63 103
63 105
63 108
63 112
63 114
63 115
63 117
63 119
63 120
63 123
63 124
63 125
63 130
63 133
63 135
63 137
63 138
63 139
63 146
63 147
63 149
63 151
63 152
63 153
63 154
63 157
63 158
64 65
64 67
64 68
64 69
64 70
64 71
64 72
64 74
64 76
64 77
64 79
64 80
64 81
64 84
64 85
64 86
64 87
64 88
64 89
64 94
64 95
64 98
64 102
64 103
64 105
64 106
64 108
64 110
64 112
64 113
64 114
64 115
64 116
64 117
64 118
64 119
64 122
64 126
64 131
64 132
64 133
64 134
64 137
64 138
64 142
64 143
64 144
64 145
64 146
64 149
64 151
64 152
64 154
64 155
64 158
64 159
65 66
65 67
65 68
65 70
65 72
65 73
65 74
65 76
65 79
65 84
65 85
65 88
65 93
65 94
65 101
65 102
65 106
65 108
65 109
65 110
65 111
65 112
65 113
65 115
65 116
65 118
65 121
65 122
65 124
65 125
65 126
65 128
65 133
65 134
65 137
65 138
65 139
65 142
65 143
65 146
65 147
65 149
65 151
65 154
65 158
65 159
65 161
66 67
66 68
66 69
66 72
66 74
66 81
66 84
66 85
66 86
66 89
66 91
66 93
66 94
66 95
66 97
66 98
66 99
66 101
66 102
66 106
66 108
66 115
66 118
66 119
66 125
66 130
66 131
66 132
66 133
66 136
66 137
66 139
66 143
66 146
66 147
66 149
66 151
66 152
66 153
66 155
66 158
66 159
67 68
67 69
67 70
67 73
67 74
67 77
67 79
67 80
67 81
67 82
67 84
67 86
67 87
67 88
67 91
67 92
67 93
67 94
67 97
67 98
67 100
67 101
67 102
67 103
67 105
67 106
67 107
67 108
67 110
67 111
67 112
67 113
67 114
67 116
67 117
67 118
67 121
67 122
67 124
67 126
67 127
67 128
67 129
67 130
67 131
67 133
67 134
67 136
67 137
67 138
67 139
67 140
67 141
67 142
67 145
67 146
67 147
67 149
67 150
67 151
67 153
67 154
67 156
67 157
67 159
67 161
68 70
68 71
68 72
68 73
68 74
68 75
68 78
68 79
68 81
68 85
68 87
68 89
68 90
68 91
68 94
68 96
68 97
68 99
68 101
68 103
68 105
68 106
68 108
68 109
68 113
68 114
68 115
68 116
68 117
68 118
68 120
68 125
68 126
68 128
68 131
68 133
68 134
68 137
68 138
68 140
68 142
68 145
68 146
68 147
68 149
68 150
68 151
68 152
68 154
68 158
68 159
68 160
69 70
69 71
69 72
69 74
69 81
69 82
69 83
69 84
69 86
69 90
69 92
69 94
69 95
69 98
69 101
69 102
69 108
69 111
69 112
69 113
69 114
69 115
69 117
69 118
69 119
69 120
69 125
69 126
69 129
69 131
69 132
69 133
69 134
69 135
69 137
69 138
69 139
69 141
69 142
69 144
69 145
69 146
69 147
69 154
69 157
69 158
69 159
70 71
70 73
70 74
70 75
70 76
70 77
70 81
70 82
70 86
70 87
70 89
70 90
70 91
70 92
70 94
70 98
70 99
70 100
70 102
70 103
70 106
70 108
70 109
70 110
70 113
70 116
70 117
70 118
70 122
70 123
70 124
70 125
70 127
70 129
70 131
70 132
70 134
70 138
70 139
70 140
70 142
70 143
70 146
70 147
70 148
70 149
70 153
70 154
70 155
70 158
70 161
71 72
71 73
71 76
71 80
71 89
71 90
71 93
71 94
71 96
71 98
71 99
71 101
71 102
71 103
71 105
71 106
71 107
71 108
71 111
71 112
71 113
71 115
71 116
71 117
71 118
71 121
71 122
71 125
71 129
71 130
71 131
71 133
71 134
71 135
71 139
71 143
71 148
71 150
71 151
71 152
71 154
71 155
71 158
71 161
72 73
72 75
72 76
72 77
72 82
72 83
72 84
72 85
72 86
72 87
72 88
72 89
72 90
72 91
72 94
72 95
72 97
72 99
72 100
72 101
72 103
72 104
72 105
72 106
72 107
72 109
72 110
72 112
72 115
72 117
72 118
72 120
72 121
72 125
72 126
72 129
72 130
72 131
72 133
72 134
72 135
72 136
72 137
72 138
72 139
72 140
72 142
72 146
72 147
72 148
72 150
72 152
72 154
72 155
72 156
72 158
72 159
72 161
73 74
73 75
73 76
73 82
73 84
73 85
73 86
73 88
73 89
73 90
73 92
73 94
73 98
73 101
73 103
73 105
73 106
73 108
73 109
73 112
73 113
73 114
73 115
73 116
73 117
73 125
73 129
73 130
73 131
73 138
73 141
73 142
73 144
73 145
73 146
73 147
73 149
73 150
73 151
73 152
73 153
73 154
73 155
73 158
73 160
74 75
74 77
74 78
74 79
74 80
74 81
74 88
74 89
74 90
74 91
74 92
74 97
74 100
74 101
74 102
74 103
74 107
74 109
74 112
74 113
74 114
74 115
74 116
74 117
74 118
74 120
74 121
74 123
74 125
74 127
74 130
74 131
74 134
74 136
74 137
74 138
74 139
74 141
74 142
74 143
74 145
74 146
74 147
74 149
74 151
74 152
74 153
74 154
74 155
74 157
74 159
74 160
74 161
75 76
75 77
75 79
75 80
75 82
75 84
75 86
75 87
75 89
75 90
75 94
75 95
75 97
75 100
75 102
75 103
75 112
75 113
75 115
75 117
75 118
75 125
75 129
75 131
75 132
75 134
75 136
75 139
75 140
75 142
75 151
75 152
75 157
76 79
76 88
76 91
76 93
76 96
76 105
76 106
76 107
76 110
76 112
76 113
76 114
76 115
76 118
76 119
76 125
76 128
76 129
76 135
76 138
76 141
76 146
76 147
76 149
76 150
76 151
76 152
76 154
76 155
76 161
77 79
77 84
77 85
77 88
77 89
77 90
77 92
77 93
77 94
77 96
77 97
77 98
77 99
77 100
77 101
77 102
77 103
77 106
77 108
77 110
77 114
77 115
77 117
77 122
77 129
77 130
77 131
77 133
77 135
77 136
77 142
77 143
77 145
77 146
77 147
77 148
77 151
77 154
77 155
77 158
77 159
77 160
77 161
78 79
78 80
78 109
78 117
78 125
78 133
78 141
78 145
79 80
79 83
79 85
79 87
79 89
79 91
79 92
79 94
79 95
79 97
79 98
79 99
79 100
79 101
79 103
79 104
79 105
79 106
79 107
79 108
79 109
79 111
79 112
79 114
79 115
79 116
79 117
79 119
79 125
79 128
79 129
79 130
79 131
79 134
79 137
79 139
79 141
79 145
79 146
79 147
79 148
79 151
79 152
79 153
79 154
79 156
79 157
79 158
79 159
79 161
80 83
80 85
80 88
80 89
80 90
80 92
80 93
80 99
80 101
80 102
80 103
80 108
80 111
80 112
80 114
80 115
80 120
80 125
80 126
80 129
80 133
80 134
80 138
80 141
80 147
80 150
80 151
80 152
80 154
80 155
80 157
80 159
80 161
81 83
81 91
81 99
81 103
81 110
81 113
81 114
81 118
81 129
81 130
81 134
81 146
81 147
81 153
81 154
81 158
82 84
82 86
82 87
82 88
82 91
82 93
82 109
82 110
82 112
82 113
82 118
82 125
82 126
82 129
82 130
82 131
82 137
82 138
82 141
82 142
82 146
82 147
82 152
82 154
83 84
83 86
83 87
83 88
83 89
83 90
83 91
83 92
83 93
83 96
83 97
83 101
83 102
83 106
83 114
83 115
83 117
83 118
83 123
83 125
83 131
83 137
83 147
83 151
83 160
83 161
84 89
84 90
84 91
84 94
84 95
84 101
84 105
84 106
84 107
84 108
84 109
84 110
84 112
84 114
84 115
84 116
84 117
84 125
84 128
84 129
84 130
84 131
84 137
84 138
84 139
84 142
84 143
84 146
84 150
84 152
84 154
84 157
84 158
84 160
85 86
85 87
85 88
85 90
85 91
85 96
85 99
85 101
85 109
85 111
85 112
85 118
85 122
85 123
85 125
85 130
85 133
85 137
85 140
85 146
85 147
85 148
85 149
85 152
85 159
86 87
86 88
86 89
86 94
86 102
86 107
86 111
86 113
86 115
86 116
86 118
86 125
86 129
86 133
86 135
86 137
86 138
86 139
86 142
86 147
86 151
86 152
86 154
86 158
86 159
86 161
87 89
87 91
87 92
87 94
87 96
87 98
87 99
87 101
87 104
87 107
87 111
87 113
87 114
87 115
87 116
87 117
87 118
87 123
87 127
87 128
87 131
87 134
87 137
87 138
87 141
87 142
87 143
87 150
87 151
87 152
87 154
87 157
87 158
87 160
87 161
88 89
88 91
88 101
88 102
88 107
88 108
88 111
88 112
88 113
88 118
88 123
88 125
88 127
88 129
88 135
88 142
88 145
88 146
88 147
88 149
88 151
88 152
88 153
88 154
88 155
88 157
88 158
88 160
88 161
89 92
89 93
89 94
89 96
89 97
89 102
89 103
89 104
89 106
89 107
89 109
89 111
89 112
89 114
89 115
89 116
89 118
89 121
89 124
89 125
89 126
89 131
89 133
89 134
89 136
89 138
89 139
89 141
89 142
89 143
89 144
89 147
89 149
89 150
89 151
89 152
89 153
89 155
89 156
89 157
89 158
89 160
89 161
90 101
90 102
90 105
90 114
90 115
90 118
90 128
90 137
90 140
90 141
90 142
90 151
90 152
90 153
90 158
90 159
90 160
91 93
91 102
91 105
91 106
91 107
91 109
91 113
91 115
91 120
91 129
91 130
91 131
91 133
91 134
91 135
91 137
91 138
91 139
91 142
91 144
91 147
91 148
91 151
91 152
91 154
91 157
91 158
91 159
92 94
92 95
92 99
92 102
92 105
92 106
92 108
92 112
92 114
92 115
92 117
92 119
92 129
92 131
92 133
92 137
92 139
92 141
92 147
92 150
92 154
92 157
92 159
93 97
93 100
93 102
93 103
93 108
93 109
93 112
93 113
93 114
93 115
93 118
93 122
93 126
93 128
93 129
93 131
93 135
93 136
93 137
93 139
93 141
93 142
93 145
93 146
93 158
93 159
93 161
94 95
94 97
94 98
94 99
94 101
94 102
94 103
94 104
94 106
94 108
94 109
94 110
94 111
94 112
94 113
94 114
94 115
94 117
94 118
94 124
94 126
94 127
94 129
94 130
94 131
94 134
94 135
94 137
94 138
94 142
94 145
94 146
94 147
94 148
94 149
94 151
94 153
94 154
94 157
94 159
94 161
95 99
95 101
95 104
95 105
95 106
95 108
95 115
95 118
95 124
95 125
95 130
95 133
95 134
95 141
95 148
95 151
95 157
95 158
95 161
96 103
96 105
96 113
96 114
96 117
96 125
96 129
96 131
96 133
96 137
96 152
96 160
96 161
97 99
97 100
97 101
97 102
97 103
97 105
97 106
97 107
97 109
97 110
97 113
97 114
97 117
97 120
97 122
97 124
97 126
97 129
97 133
97 134
97 137
97 138
97 142
97 147
97 149
97 152
97 153
97 154
97 155
97 157
97 158
97 159
98 101
98 102
98 105
98 106
98 108
98 110
98 111
98 112
98 115
98 117
98 118
98 125
98 132
98 134
98 138
98 139
98 142
98 146
98 149
98 155
98 158
99 100
99 101
99 105
99 106
99 108
99 114
99 115
99 118
99 125
99 131
99 134
99 137
99 138
99 139
99 146
99 147
99 151
99 152
99 153
99 154
99 159
100 102
100 105
100 109
100 112
100 125
100 126
100 129
100 133
100 134
100 135
100 137
100 142
100 150
100 153
100 160
101 102
101 103
101 104
101 106
101 107
101 108
101 109
101 110
101 111
101 112
101 113
101 114
101 116
101 117
101 118
101 125
101 129
101 131
101 133
101 134
101 135
101 138
101 140
101 141
101 142
101 143
101 146
101 147
101 148
101 149
101 152
101 154
101 155
101 158
101 159
101 160
101 161
102 103
102 105
102 106
102 107
102 108
102 112
102 113
102 114
102 115
102 116
102 117
102 118
102 120
102 122
102 126
102 129
102 131
102 133
102 134
102 137
102 138
102 140
102 141
102 142
102 146
102 147
102 149
102 150
102 151
102 152
102 157
102 158
103 106
103 108
103 109
103 112
103 114
103 115
103 117
103 129
103 130
103 133
103 135
103 138
103 140
103 141
103 150
103 152
103 154
103 155
103 156
103 158
103 159
103 160
104 105
104 108
104 109
104 115
104 117
104 118
104 120
104 124
104 129
104 131
104 133
104 137
104 141
104 147
105 107
105 108
105 109
105 113
105 114
105 115
105 116
105 117
105 118
105 126
105 128
105 131
105 134
105 137
105 138
105 139
105 143
105 145
105 146
105 147
105 149
105 152
105 154
105 157
105 161
106 107
106 108
106 109
106 110
106 112
106 114
106 117
106 125
106 127
106 128
106 129
106 130
106 131
106 133
106 135
106 137
106 139
106 140
106 142
106 145
106 148
106 149
106 151
106 152
106 153
106 154
106 155
106 157
106 160
106 161
107 108
107 109
107 114
107 128
107 129
107 131
107 134
107 135
107 137
107 138
107 140
107 141
107 155
107 160
108 111
108 112
108 113
108 115
108 117
108 122
108 125
108 126
108 131
108 133
108 134
108 137
108 138
108 139
108 141
108 142
108 143
108 145
108 146
108 147
108 149
108 150
108 151
108 152
108 153
108 154
108 155
108 159
108 161
109 112
109 113
109 115
109 118
109 121
109 125
109 127
109 129
109 131
109 133
109 134
109 135
109 136
109 137
109 138
109 140
109 142
109 145
109 147
109 150
109 151
109 152
109 153
109 154
109 156
109 157
109 158
110 113
110 114
110 115
110 117
110 118
110 125
110 127
110 131
110 134
110 138
110 143
110 146
110 149
110 152
110 155
110 158
111 112
111 114
111 116
111 117
111 118
111 125
111 127
111 129
111 130
111 133
111 134
111 145
111 149
111 150
111 151
111 152
111 153
111 154
112 114
112 117
112 119
112 125
112 126
112 128
112 129
112 131
112 132
112 133
112 137
112 138
112 139
112 140
112 142
112 144
112 146
112 152
112 153
112 154
112 156
112 159
112 161
113 115
113 116
113 118
113 119
113 124
113 125
113 126
113 127
113 128
113 129
113 131
113 133
113 134
113 136
113 138
113 142
113 146
113 147
113 150
113 151
113 152
113 153
113 154
113 156
113 159
113 161
114 115
114 116
114 117
114 118
114 119
114 129
114 130
114 131
114 133
114 135
114 136
114 137
114 138
114 139
114 140
114 142
114 143
114 144
114 145
114 146
114 151
114 152
114 153
114 154
114 157
114 158
114 159
114 160
114 161
115 116
115 118
115 123
115 124
115 127
115 128
115 129
115 130
115 131
115 133
115 134
115 135
115 137
115 138
115 141
115 142
115 143
115 145
115 146
115 147
115 151
115 152
115 153
115 154
115 157
115 159
116 125
116 129
116 134
116 141
116 142
116 143
116 145
116 150
116 151
116 152
116 156
117 121
117 122
117 124
117 125
117 127
117 128
117 129
117 130
117 133
117 134
117 136
117 140
117 141
117 142
117 145
117 150
117 151
117 152
117 153
117 154
117 157
117 158
117 161
118 120
118 123
118 125
118 128
118 130
118 131
118 133
118 137
118 138
118 139
118 140
118 141
118 142
118 143
118 145
118 146
118 147
118 151
118 152
118 153
118 154
118 157
118 158
118 160
118 161
119 131
119 138
119 142
119 146
119 148
119 150
119 152
119 154
119 158
120 125
120 133
120 147
121 126
121 129
121 131
121 136
121 137
121 138
121 145
121 147
121 149
121 152
121 158
122 125
122 131
122 133
122 137
122 138
122 152
122 158
122 161
123 125
123 134
123 137
123 139
123 142
123 145
123 147
123 151
123 152
124 125
124 129
124 135
124 141
124 142
124 144
124 154
125 126
125 129
125 131
125 133
125 134
125 137
125 138
125 139
125 140
125 141
125 142
125 145
125 146
125 147
125 148
125 150
125 151
125 152
125 153
125 154
125 155
125 158
125 160
126 138
126 139
126 140
126 142
126 147
126 152
126 153
126 154
126 159
126 161
127 129
127 138
127 146
127 147
127 149
127 150
127 151
127 153
128 137
128 138
128 142
128 145
128 146
128 147
128 149
128 151
128 152
128 153
128 154
128 155
128 157
129 130
129 132
129 133
129 134
129 137
129 138
129 139
129 141
129 142
129 143
129 144
129 145
129 146
129 147
129 148
129 150
129 151
129 152
129 153
129 154
129 157
129 158
129 159
129 160
129 161
130 131
130 134
130 137
130 139
130 140
130 142
130 143
130 145
130 146
130 147
130 151
130 153
130 159
130 160
131 132
131 133
131 134
131 137
131 138
131 139
131 140
131 141
131 142
131 145
131 147
131 148
131 150
131 151
131 152
131 153
131 154
131 157
132 133
132 137
132 142
132 152
132 154
133 134
133 135
133 136
133 137
133 138
133 140
133 141
133 142
133 143
133 147
133 148
133 149
133 150
133 151
133 152
133 153
133 154
133 156
133 157
133 158
133 160
134 135
134 136
134 137
134 138
134 139
134 140
134 141
134 142
134 144
134 145
134 149
134 152
134 153
134 154
134 155
134 159
134 160
134 161
135 136
135 137
135 138
135 139
135 142
135 143
135 144
135 146
135 147
135 150
135 151
135 152
135 154
135 156
135 158
135 161
136 137
136 138
136 139
136 152
136 157
137 139
137 140
137 142
137 143
137 145
137 146
137 147
137 148
137 149
137 150
137 152
137 154
137 156
137 157
137 158
137 159
137 160
137 161
138 140
138 141
138 142
138 143
138 145
138 146
138 147
138 148
138 149
138 151
138 152
138 153
138 154
138 155
138 157
138 158
138 160
138 161
139 145
139 147
139 149
139 150
139 158
139 161
140 146
140 148
140 151
140 156
141 142
141 149
141 150
141 152
141 153
141 154
141 157
141 158
142 145
142 146
142 147
142 149
142 150
142 151
142 152
142 153
142 154
142 155
142 157
142 158
142 159
142 160
142 161
143 150
143 155
143 158
145 147
145 149
145 150
145 151
145 153
145 154
145 157
145 161
146 147
146 150
146 151
146 157
147 149
147 150
147 151
147 152
147 153
147 154
147 155
147 156
147 157
147 158
147 159
148 150
148 151
148 154
148 155
149 151
149 158
149 160
150 153
150 154
150 155
150 157
150 158
151 152
151 155
151 161
152 154
152 155
152 156
152 157
152 159
152 160
153 155
153 157
153 158
153 161
154 157
154 158
154 159
154 161
155 159
157 158
157 159
157 160
157 161
158 160
158 161
