0 6
0 7
0 8
0 12
0 23
0 26
0 29
0 31
0 35
0 36
0 38
0 40
0 42
0 45
0 46
0 49
0 51
0 52
0 53
0 54
0 55
0 56
0 65
0 67
0 70
0 71
0 72
0 74
0 75
0 84
0 86
0 87
0 89
0 91
0 92
0 97
0 102
0 106
0 110
0 112
0 114
0 115
0 120
0 130
0 131
0 132
0 133
0 139
0 142
0 146
0 154
0 155
1 4
1 6
1 7
1 9
1 11
1 14
1 21
1 26
1 27
1 30
1 31
1 32
1 35
1 36
1 37
1 39
1 40
1 43
1 44
1 45
1 46
1 48
1 52
1 54
1 57
1 62
1 65
1 66
1 67
1 68
1 69
1 70
1 71
1 75
1 77
1 85
1 99
1 101
1 102
1 103
1 104
1 106
1 107
1 108
1 111
1 114
1 117
1 118
1 119
1 125
1 127
1 130
1 133
1 138
1 141
1 142
1 146
1 147
1 148
1 149
1 150
1 151
1 152
1 155
1 158
1 161
2 5
2 6
2 7
2 14
2 18
2 22
2 26
2 31
2 33
2 36
2 39
2 40
2 51
2 53
2 55
2 59
2 64
2 65
2 67
2 72
2 73
2 75
2 76
2 88
2 89
2 95
2 97
2 100
2 105
2 106
2 107
2 108
2 115
2 117
2 118
2 119
2 126
2 127
2 129
2 131
2 133
2 145
2 147
2 149
2 152
2 154
2 155
2 161
3 4
3 5
3 6
3 14
3 19
3 21
3 24
3 25
3 26
3 30
3 31
3 36
3 37
3 42
3 44
3 45
3 49
3 50
3 54
3 55
3 59
3 63
3 64
3 67
3 68
3 70
3 73
3 74
3 75
3 79
3 80
3 81
3 85
3 86
3 88
3 89
3 97
3 100
3 101
3 106
3 108
3 109
3 133
3 141
3 142
3 146
3 148
3 151
3 152
3 155
3 157
3 158
4 5
4 6
4 7
4 8
4 11
4 12
4 16
4 17
4 18
4 19
4 20
4 21
4 26
4 27
4 28
4 30
4 31
4 33
4 34
4 35
4 36
4 37
4 39
4 40
4 42
4 43
4 44
4 45
4 48
4 49
4 51
4 52
4 53
4 54
4 56
4 57
4 58
4 59
4 62
4 63
4 64
4 65
4 66
4 67
4 68
4 69
4 70
4 71
4 72
4 74
4 76
4 77
4 79
4 82
4 84
4 85
4 86
4 88
4 90
4 91
4 92
4 93
4 94
4 95
4 97
4 98
4 99
4 100
4 101
4 102
4 103
4 105
4 106
4 107
4 112
4 114
4 115
4 116
4 118
4 128
4 129
4 130
4 133
4 134
4 135
4 137
4 138
4 140
4 141
4 142
4 143
4 145
4 147
4 148
4 149
4 150
4 151
4 153
4 154
4 157
4 158
4 159
5 14
5 25
5 31
5 32
5 35
5 43
5 50
5 51
5 59
5 62
5 63
5 65
5 67
5 68
5 77
5 79
5 84
5 85
5 91
5 98
5 99
5 102
5 104
5 109
5 113
5 115
5 125
5 129
5 131
5 138
5 141
5 143
5 149
5 150
6 7
6 8
6 9
6 11
6 12
6 14
6 15
6 17
6 18
6 19
6 21
6 22
6 25
6 26
6 28
6 30
6 32
6 33
6 35
6 36
6 37
6 38
6 40
6 41
6 42
6 43
6 45
6 46
6 49
6 50
6 51
6 53
6 55
6 56
6 58
6 59
6 60
6 61
6 63
6 64
6 65
6 66
6 67
6 68
6 70
6 71
6 73
6 74
6 75
6 76
6 77
6 79
6 81
6 82
6 84
6 85
6 87
6 88
6 89
6 91
6 94
6 95
6 96
6 97
6 99
6 102
6 103
6 104
6 105
6 106
6 107
6 108
6 110
6 112
6 113
6 114
6 115
6 116
6 118
6 119
6 120
6 122
6 124
6 125
6 128
6 130
6 133
6 134
6 135
6 136
6 137
6 138
6 141
6 147
6 148
6 149
6 152
6 153
6 156
6 157
6 158
6 159
7 8
7 11
7 15
7 16
7 18
7 19
7 21
7 23
7 25
7 26
7 29
7 30
7 31
7 34
7 35
7 36
7 38
7 40
7 42
7 44
7 45
7 49
7 50
7 51
7 52
7 54
7 55
7 56
7 58
7 59
7 60
7 61
7 63
7 64
7 66
7 67
7 68
7 69
7 70
7 72
7 73
7 74
7 76
7 77
7 79
7 82
7 84
7 85
7 86
7 92
7 93
7 94
7 97
7 98
7 99
7 100
7 101
7 102
7 103
7 104
7 105
7 106
7 107
7 108
7 109
7 110
7 111
7 113
7 114
7 115
7 117
7 118
7 119
7 122
7 123
7 125
7 131
7 134
7 137
7 138
7 142
7 143
7 145
7 146
7 147
7 149
7 151
7 152
7 154
7 157
7 158
7 161
8 12
8 13
8 14
8 15
8 16
8 19
8 30
8 31
8 32
8 42
8 43
8 45
8 46
8 51
8 52
8 57
8 61
8 62
8 66
8 68
8 71
8 72
8 73
8 76
8 77
8 80
8 84
8 89
8 99
8 108
8 111
8 113
8 114
8 115
8 124
8 126
8 136
8 146
8 147
8 151
8 154
8 156
9 11
9 12
9 17
9 21
9 24
9 26
9 28
9 31
9 35
9 37
9 38
9 40
9 42
9 45
9 46
9 49
9 54
9 56
9 58
9 60
9 61
9 65
9 67
9 68
9 71
9 72
9 74
9 79
9 80
9 84
9 94
9 96
9 99
9 102
9 103
9 105
9 106
9 107
9 108
9 109
9 111
9 117
9 118
9 119
9 125
9 132
9 133
9 134
9 136
9 137
9 138
9 139
9 142
9 145
9 149
9 152
9 153
9 157
9 158
9 159
10 11
10 12
10 14
10 19
10 22
10 28
10 29
10 32
10 33
10 35
10 41
10 42
10 48
10 51
10 52
10 56
10 60
10 62
10 63
10 72
10 74
10 75
10 76
10 77
10 79
10 82
10 86
10 87
10 89
10 96
10 101
10 102
10 108
10 110
10 115
10 117
10 118
10 130
10 131
10 133
10 134
10 137
10 138
10 139
10 143
10 146
10 152
10 154
10 158
10 159
11 13
11 16
11 17
11 18
11 19
11 21
11 24
11 30
11 31
11 33
11 40
11 41
11 42
11 43
11 44
11 45
11 46
11 49
11 52
11 53
11 54
11 56
11 57
11 58
11 59
11 62
11 63
11 65
11 69
11 70
11 71
11 74
11 75
11 77
11 80
11 83
11 84
11 85
11 86
11 89
11 92
11 93
11 94
11 97
11 98
11 101
11 106
11 109
11 110
11 111
11 113
11 115
11 117
11 118
11 121
11 125
11 128
11 134
11 136
11 137
11 138
11 139
11 141
11 142
11 145
11 150
11 152
11 154
11 155
11 157
11 158
11 159
11 161
12 14
12 15
12 16
12 19
12 20
12 28
12 29
12 31
12 32
12 34
12 35
12 49
12 50
12 51
12 52
12 53
12 55
12 58
12 59
12 63
12 65
12 68
12 69
12 71
12 72
12 73
12 74
12 75
12 76
12 77
12 79
12 87
12 89
12 100
12 103
12 104
12 107
12 108
12 111
12 112
12 113
12 115
12 116
12 118
12 124
12 128
12 129
12 137
12 138
12 139
12 141
12 142
12 144
12 149
12 150
12 152
12 153
12 154
12 157
12 158
12 160
13 14
13 15
13 18
13 25
13 26
13 31
13 32
13 35
13 36
13 37
13 40
13 51
13 52
13 53
13 56
13 58
13 61
13 63
13 66
13 67
13 70
13 73
13 74
13 75
13 77
13 80
13 86
13 89
13 95
13 102
13 104
13 105
13 109
13 112
13 115
13 117
13 118
13 122
13 126
13 128
13 129
13 130
13 131
13 135
13 137
13 142
13 145
13 146
13 150
13 151
13 157
13 158
13 159
14 15
14 17
14 18
14 19
14 21
14 25
14 26
14 28
14 30
14 31
14 36
14 37
14 38
14 39
14 40
14 43
14 44
14 45
14 46
14 48
14 50
14 51
14 54
14 55
14 56
14 57
14 58
14 63
14 65
14 66
14 69
14 70
14 71
14 72
14 74
14 75
14 81
14 83
14 87
14 88
14 89
14 93
14 94
14 95
14 96
14 97
14 98
14 101
14 105
14 108
14 109
14 112
14 113
14 114
14 115
14 116
14 117
14 118
14 119
14 120
14 121
14 124
14 125
14 126
14 127
14 128
14 129
14 131
14 133
14 134
14 136
14 137
14 138
14 139
14 140
14 141
14 143
14 144
14 145
14 146
14 149
14 150
14 152
14 157
14 158
15 21
15 23
15 28
15 35
15 37
15 45
15 48
15 49
15 51
15 55
15 56
15 64
15 65
15 69
15 73
15 76
15 77
15 80
15 83
15 92
15 94
15 96
15 97
15 101
15 105
15 106
15 112
15 113
15 114
15 125
15 126
15 128
15 133
15 135
15 137
15 152
16 18
16 19
16 21
16 29
16 30
16 35
16 39
16 44
16 45
16 49
16 54
16 59
16 64
16 65
16 67
16 68
16 71
16 72
16 74
16 75
16 77
16 79
16 80
16 82
16 84
16 90
16 92
16 94
16 97
16 99
16 102
16 108
16 109
16 115
16 117
16 118
16 129
16 132
16 133
16 134
16 135
16 142
16 145
16 146
16 147
16 149
16 151
16 152
16 153
16 154
16 157
17 18
17 19
17 25
17 32
17 36
17 43
17 49
17 51
17 54
17 57
17 65
17 67
17 68
17 70
17 71
17 72
17 76
17 89
17 93
17 96
17 101
17 102
17 103
17 105
17 115
17 116
17 125
17 133
17 136
17 147
17 150
17 152
17 158
18 21
18 25
18 26
18 34
18 35
18 37
18 39
18 40
18 43
18 48
18 49
18 53
18 64
18 66
18 67
18 68
18 69
18 71
18 74
18 77
18 79
18 80
18 84
18 87
18 88
18 89
18 92
18 94
18 97
18 98
18 101
18 106
18 107
18 115
18 116
18 123
18 125
18 131
18 135
18 137
18 138
18 142
18 145
18 147
18 148
18 150
18 151
18 152
18 153
18 154
18 155
18 157
18 158
19 21
19 23
19 25
19 26
19 27
19 29
19 31
19 32
19 38
19 39
19 41
19 42
19 43
19 44
19 46
19 51
19 54
19 57
19 59
19 62
19 63
19 64
19 65
19 66
19 67
19 68
19 69
19 70
19 71
19 72
19 73
19 74
19 75
19 76
19 77
19 80
19 82
19 88
19 89
19 91
19 92
19 93
19 94
19 98
19 99
19 102
19 103
19 104
19 105
19 106
19 108
19 114
19 115
19 116
19 117
19 118
19 119
19 121
19 122
19 124
19 126
19 129
19 131
19 133
19 134
19 136
19 137
19 138
19 139
19 140
19 141
19 143
19 147
19 148
19 149
19 151
19 152
19 153
19 154
19 155
19 156
19 157
19 159
19 160
20 23
20 26
20 30
20 32
20 40
20 43
20 46
20 51
20 53
20 54
20 58
20 64
20 65
20 66
20 67
20 68
20 73
20 74
20 75
20 78
20 83
20 84
20 89
20 98
20 106
20 108
20 109
20 112
20 115
20 116
20 119
20 122
20 123
20 131
20 134
20 135
20 136
20 138
20 142
20 146
20 149
20 153
20 154
20 157
20 158
20 161
21 24
21 26
21 29
21 31
21 32
21 34
21 35
21 36
21 37
21 38
21 39
21 40
21 42
21 45
21 49
21 52
21 53
21 54
21 55
21 58
21 62
21 63
21 64
21 65
21 66
21 67
21 68
21 70
21 71
21 72
21 74
21 75
21 78
21 80
21 84
21 87
21 88
21 93
21 95
21 96
21 97
21 98
21 99
21 101
21 102
21 104
21 105
21 106
21 107
21 108
21 109
21 110
21 111
21 112
21 113
21 116
21 117
21 118
21 119
21 121
21 125
21 127
21 129
21 130
21 131
21 133
21 134
21 135
21 137
21 138
21 141
21 142
21 144
21 146
21 148
21 150
21 151
21 152
21 153
21 154
21 155
21 157
21 160
22 30
22 36
22 38
22 46
22 49
22 50
22 54
22 55
22 56
22 63
22 64
22 65
22 68
22 69
22 70
22 72
22 74
22 75
22 79
22 84
22 93
22 94
22 101
22 104
22 107
22 112
22 113
22 114
22 117
22 133
22 134
22 135
22 137
22 138
22 140
22 146
22 152
22 155
22 157
22 158
22 159
22 160
22 161
23 26
23 32
23 34
23 35
23 38
23 39
23 40
23 43
23 45
23 50
23 54
23 64
23 68
23 70
23 72
23 73
23 74
23 75
23 80
23 88
23 94
23 97
23 101
23 103
23 110
23 111
23 113
23 114
23 116
23 117
23 127
23 129
23 133
23 137
23 138
23 139
23 143
23 149
23 152
23 154
23 157
23 158
23 161
24 25
24 26
24 28
24 32
24 33
24 38
24 39
24 40
24 49
24 50
24 52
24 54
24 56
24 64
24 65
24 70
24 71
24 74
24 80
24 84
24 88
24 89
24 90
24 94
24 101
24 104
24 111
24 114
24 115
24 117
24 118
24 120
24 126
24 137
24 142
24 145
24 146
24 147
24 155
24 157
25 26
25 30
25 31
25 32
25 34
25 35
25 36
25 38
25 39
25 40
25 45
25 48
25 50
25 51
25 52
25 54
25 55
25 59
25 62
25 64
25 66
25 69
25 70
25 72
25 73
25 75
25 76
25 77
25 83
25 84
25 86
25 87
25 88
25 89
25 93
25 94
25 97
25 98
25 99
25 101
25 102
25 106
25 109
25 116
25 117
25 118
25 122
25 128
25 129
25 130
25 131
25 133
25 136
25 137
25 138
25 142
25 143
25 152
25 154
25 159
25 160
26 27
26 28
26 31
26 32
26 34
26 35
26 36
26 37
26 39
26 41
26 42
26 43
26 45
26 50
26 52
26 54
26 59
26 61
26 63
26 64
26 65
26 68
26 69
26 70
26 71
26 72
26 74
26 75
26 76
26 78
26 79
26 83
26 85
26 86
26 87
26 88
26 89
26 94
26 97
26 99
26 100
26 101
26 105
26 106
26 107
26 108
26 109
26 110
26 111
26 113
26 114
26 115
26 116
26 117
26 118
26 119
26 128
26 129
26 131
26 132
26 133
26 134
26 135
26 136
26 137
26 138
26 139
26 140
26 142
26 143
26 144
26 145
26 146
26 147
26 148
26 149
26 150
26 151
26 152
26 153
26 158
26 159
26 160
26 161
27 30
27 35
27 40
27 45
27 51
27 64
27 72
27 73
27 81
27 83
27 89
27 95
27 106
27 108
27 131
27 138
27 146
27 152
28 30
28 31
28 32
28 33
28 38
28 39
28 40
28 46
28 49
28 52
28 54
28 58
28 60
28 65
28 66
28 68
28 70
28 73
28 74
28 75
28 77
28 80
28 84
28 87
28 88
28 89
28 92
28 94
28 95
28 100
28 101
28 102
28 103
28 106
28 111
28 112
28 113
28 114
28 116
28 117
28 125
28 126
28 128
28 129
28 131
28 134
28 138
28 139
28 140
28 145
28 146
28 148
28 149
28 152
29 38
29 39
29 42
29 50
29 51
29 57
29 66
29 68
29 70
29 71
29 72
29 74
29 75
29 79
29 84
29 88
29 94
29 96
29 101
29 102
29 103
29 106
29 114
29 115
29 117
29 118
29 122
29 123
29 126
29 129
29 130
29 131
29 133
29 135
29 140
29 142
29 145
29 146
29 151
29 158
30 32
30 35
30 37
30 40
30 43
30 44
30 45
30 50
30 51
30 52
30 56
30 57
30 63
30 64
30 66
30 67
30 69
30 70
30 71
30 73
30 74
30 75
30 80
30 81
30 85
30 86
30 87
30 89
30 91
30 93
30 94
30 95
30 98
30 99
30 101
30 102
30 104
30 106
30 107
30 108
30 110
30 111
30 112
30 113
30 115
30 117
30 118
30 124
30 125
30 127
30 129
30 130
30 131
30 132
30 133
30 134
30 135
30 137
30 138
30 141
30 142
30 145
30 146
30 147
30 150
30 151
30 152
30 153
30 154
30 157
30 160
31 32
31 34
31 35
31 36
31 38
31 42
31 45
31 49
31 51
31 53
31 54
31 56
31 59
31 62
31 65
31 66
31 67
31 68
31 69
31 70
31 72
31 73
31 74
31 79
31 81
31 83
31 84
31 86
31 87
31 88
31 89
31 91
31 92
31 94
31 95
31 97
31 98
31 99
31 100
31 101
31 102
31 105
31 107
31 108
31 110
31 111
31 112
31 114
31 115
31 116
31 117
31 118
31 120
31 121
31 122
31 125
31 126
31 127
31 129
31 130
31 132
31 133
31 134
31 135
31 137
31 138
31 139
31 140
31 142
31 145
31 146
31 147
31 148
31 149
31 151
31 152
31 153
31 154
31 155
31 158
31 160
31 161
32 34
32 38
32 39
32 40
32 41
32 44
32 45
32 46
32 47
32 48
32 49
32 50
32 51
32 52
32 54
32 55
32 56
32 58
32 59
32 61
32 63
32 64
32 66
32 68
32 69
32 70
32 72
32 75
32 76
32 78
32 79
32 81
32 83
32 86
32 88
32 91
32 92
32 93
32 94
32 98
32 99
32 101
32 104
32 108
32 109
32 110
32 114
32 116
32 118
32 119
32 125
32 129
32 130
32 131
32 132
32 134
32 135
32 137
32 139
32 141
32 142
32 145
32 146
32 148
32 149
32 150
32 151
32 152
32 153
32 154
32 155
32 157
32 158
32 159
33 50
33 61
33 62
33 63
33 68
33 69
33 75
33 113
33 117
33 129
33 133
33 138
33 144
33 146
33 151
33 153
33 154
33 156
33 157
33 159
34 35
34 39
34 40
34 43
34 49
34 59
34 65
34 66
34 67
34 68
34 69
34 72
34 73
34 75
34 77
34 86
34 89
34 91
34 92
34 93
34 96
34 101
34 104
34 106
34 108
34 111
34 114
34 116
34 126
34 133
34 134
34 138
34 139
34 140
34 143
34 145
34 147
34 151
34 153
35 37
35 38
35 39
35 40
35 43
35 44
35 45
35 46
35 49
35 56
35 58
35 60
35 61
35 62
35 64
35 65
35 66
35 68
35 69
35 70
35 71
35 72
35 74
35 76
35 79
35 87
35 88
35 89
35 93
35 94
35 96
35 97
35 98
35 99
35 101
35 102
35 103
35 104
35 108
35 109
35 111
35 113
35 114
35 115
35 117
35 118
35 122
35 125
35 127
35 129
35 136
35 137
35 142
35 145
35 146
35 147
35 151
35 155
35 157
35 158
35 161
36 37
36 40
36 43
36 44
36 45
36 49
36 50
36 53
36 66
36 67
36 68
36 71
36 72
36 73
36 74
36 76
36 77
36 78
36 79
36 84
36 85
36 87
36 88
36 89
36 91
36 92
36 94
36 101
36 103
36 109
36 111
36 112
36 114
36 116
36 117
36 118
36 129
36 130
36 134
36 135
36 138
36 139
36 140
36 142
36 143
36 145
36 146
36 147
36 151
36 152
36 154
36 157
36 158
36 159
37 44
37 45
37 46
37 51
37 53
37 56
37 62
37 64
37 65
37 71
37 72
37 73
37 75
37 79
37 82
37 83
37 84
37 91
37 101
37 106
37 112
37 113
37 115
37 117
37 118
37 129
37 131
37 134
37 137
37 138
37 141
37 145
37 147
37 148
37 154
37 155
37 159
38 40
38 41
38 42
38 43
38 46
38 48
38 49
38 51
38 53
38 56
38 57
38 59
38 61
38 62
38 63
38 64
38 65
38 66
38 67
38 68
38 70
38 71
38 72
38 73
38 74
38 79
38 83
38 84
38 86
38 87
38 88
38 89
38 91
38 93
38 94
38 95
38 97
38 98
38 99
38 100
38 101
38 102
38 104
38 108
38 109
38 110
38 112
38 114
38 115
38 117
38 118
38 125
38 126
38 128
38 129
38 130
38 134
38 135
38 137
38 138
38 142
38 147
38 148
38 149
38 150
38 151
38 152
38 154
38 155
38 157
38 159
39 40
39 44
39 45
39 49
39 52
39 56
39 57
39 59
39 64
39 67
39 68
39 70
39 72
39 79
39 80
39 82
39 89
39 93
39 94
39 97
39 98
39 102
39 106
39 108
39 109
39 110
39 112
39 114
39 117
39 118
39 120
39 125
39 126
39 127
39 128
39 130
39 131
39 133
39 134
39 138
39 140
39 145
39 149
39 151
39 155
39 157
39 159
40 41
40 42
40 43
40 46
40 49
40 50
40 51
40 52
40 53
40 54
40 55
40 58
40 60
40 61
40 62
40 64
40 65
40 66
40 67
40 68
40 70
40 71
40 72
40 73
40 75
40 76
40 78
40 79
40 81
40 83
40 84
40 86
40 88
40 89
40 91
40 93
40 94
40 96
40 99
40 101
40 102
40 103
40 104
40 105
40 106
40 107
40 109
40 110
40 114
40 116
40 117
40 118
40 119
40 124
40 126
40 127
40 129
40 130
40 131
40 134
40 136
40 137
40 138
40 139
40 142
40 145
40 147
40 148
40 150
40 151
40 152
40 153
40 154
40 155
40 157
40 158
41 52
41 64
41 66
41 67
41 70
41 74
41 86
41 88
41 89
41 92
41 95
41 105
41 106
41 108
41 109
41 110
41 111
41 128
41 129
41 131
41 139
41 140
41 143
41 145
41 147
41 151
41 153
41 158
42 43
42 44
42 49
42 50
42 55
42 57
42 58
42 64
42 65
42 68
42 69
42 70
42 71
42 72
42 83
42 84
42 87
42 89
42 94
42 99
42 102
42 107
42 108
42 111
42 118
42 122
42 124
42 127
42 129
42 131
42 133
42 135
42 137
42 138
42 141
42 144
42 147
42 149
42 150
42 151
42 154
42 158
43 49
43 51
43 52
43 55
43 56
43 58
43 65
43 66
43 68
43 69
43 71
43 74
43 75
43 77
43 79
43 80
43 84
43 85
43 86
43 90
43 94
43 97
43 99
43 100
43 102
43 105
43 106
43 108
43 109
43 114
43 117
43 118
43 125
43 128
43 131
43 133
43 135
43 137
43 140
43 148
43 149
43 155
43 158
44 50
44 52
44 54
44 56
44 58
44 59
44 61
44 64
44 65
44 66
44 67
44 68
44 69
44 76
44 77
44 79
44 80
44 83
44 84
44 87
44 88
44 89
44 91
44 93
44 94
44 97
44 98
44 99
44 101
44 102
44 106
44 108
44 109
44 113
44 125
44 126
44 127
44 128
44 129
44 131
44 133
44 134
44 136
44 137
44 138
44 139
44 140
44 141
44 142
44 143
44 145
44 147
44 148
44 151
44 152
44 153
44 154
44 157
44 159
44 160
44 161
45 49
45 50
45 51
45 52
45 54
45 55
45 56
45 59
45 61
45 63
45 64
45 66
45 67
45 68
45 70
45 72
45 73
45 74
45 76
45 79
45 82
45 83
45 84
45 89
45 92
45 94
45 95
45 97
45 100
45 101
45 102
45 103
45 104
45 106
45 108
45 109
45 111
45 112
45 113
45 114
45 115
45 117
45 125
45 130
45 131
45 133
45 135
45 136
45 137
45 140
45 142
45 145
45 148
45 149
45 151
45 152
45 153
45 154
45 156
45 158
45 161
46 49
46 50
46 51
46 56
46 58
46 61
46 64
46 66
46 77
46 79
46 83
46 85
46 86
46 87
46 88
46 89
46 92
46 94
46 97
46 98
46 101
46 102
46 106
46 107
46 109
46 110
46 113
46 114
46 115
46 117
46 123
46 125
46 128
46 133
46 134
46 135
46 136
46 142
46 143
46 147
46 151
46 153
46 154
46 158
46 160
46 161
47 51
47 54
47 65
47 67
47 68
47 69
47 70
47 94
47 96
47 107
47 108
47 109
47 115
47 118
47 131
47 137
47 146
47 147
47 152
47 161
48 50
48 54
48 61
48 69
48 71
48 77
48 79
48 89
48 90
48 93
48 99
48 101
48 102
48 104
48 111
48 121
48 125
48 130
48 131
48 134
48 154
49 50
49 51
49 52
49 54
49 55
49 56
49 57
49 58
49 59
49 61
49 64
49 65
49 66
49 68
49 69
49 70
49 72
49 73
49 75
49 76
49 77
49 78
49 79
49 80
49 84
49 86
49 87
49 89
49 91
49 94
49 95
49 96
49 98
49 99
49 100
49 101
49 104
49 105
49 106
49 108
49 110
49 112
49 113
49 114
49 115
49 117
49 118
49 122
49 123
49 129
49 130
49 133
49 134
49 135
49 136
49 137
49 138
49 140
49 141
49 142
49 145
49 146
49 147
49 149
49 152
49 153
49 157
49 161
50 51
50 54
50 58
50 61
50 65
50 68
50 69
50 71
50 73
50 74
50 75
50 79
50 80
50 84
50 87
50 88
50 89
50 91
50 94
50 97
50 101
50 102
50 105
50 108
50 109
50 111
50 112
50 113
50 114
50 115
50 117
50 118
50 123
50 126
50 129
50 131
50 133
50 134
50 142
50 143
50 147
50 152
50 153
50 154
50 157
50 159
50 161
51 52
51 53
51 54
51 55
51 56
51 57
51 58
51 61
51 62
51 63
51 64
51 65
51 66
51 67
51 68
51 69
51 70
51 73
51 79
51 80
51 82
51 83
51 84
51 86
51 87
51 88
51 89
51 91
51 92
51 93
51 97
51 98
51 99
51 101
51 102
51 104
51 105
51 106
51 108
51 109
51 110
51 111
51 112
51 114
51 115
51 117
51 118
51 121
51 124
51 126
51 127
51 129
51 133
51 134
51 135
51 136
51 138
51 139
51 140
51 141
51 142
51 143
51 145
51 149
51 150
51 151
51 152
51 153
51 154
51 155
51 156
51 157
51 158
51 159
51 160
51 161
52 54
52 56
52 64
52 67
52 69
52 70
52 71
52 72
52 73
52 74
52 77
52 79
52 82
52 84
52 85
52 87
52 91
52 92
52 95
52 97
52 101
52 109
52 110
52 113
52 115
52 116
52 125
52 129
52 131
52 134
52 135
52 138
52 141
52 142
52 144
52 146
52 149
52 150
52 151
52 154
53 54
53 61
53 63
53 64
53 68
53 69
53 72
53 77
53 82
53 87
53 97
53 101
53 105
53 109
53 110
53 114
53 117
53 123
53 125
53 126
53 130
53 133
53 141
53 142
53 145
53 146
53 154
53 158
54 55
54 56
54 57
54 58
54 61
54 63
54 65
54 66
54 67
54 68
54 69
54 70
54 71
54 72
54 73
54 74
54 75
54 76
54 77
54 79
54 85
54 86
54 87
54 88
54 89
54 94
54 95
54 96
54 98
54 99
54 100
54 101
54 102
54 103
54 104
54 105
54 106
54 107
54 109
54 112
54 113
54 114
54 115
54 116
54 117
54 118
54 121
54 125
54 126
54 128
54 129
54 131
54 132
54 133
54 134
54 135
54 136
54 137
54 138
54 139
54 140
54 141
54 142
54 143
54 145
54 146
54 147
54 148
54 149
54 150
54 152
54 154
54 155
54 157
54 158
54 159
54 160
54 161
55 56
55 58
55 59
55 60
55 61
55 62
55 64
55 66
55 67
55 70
55 75
55 76
55 77
55 80
55 81
55 84
55 88
55 89
55 98
55 101
55 102
55 106
55 107
55 108
55 109
55 111
55 113
55 114
55 115
55 116
55 119
55 121
55 125
55 131
55 133
55 138
55 141
55 142
55 143
55 145
55 150
55 152
55 155
55 157
55 158
55 161
56 58
56 59
56 61
56 64
56 65
56 69
56 70
56 72
56 74
56 75
56 76
56 78
56 79
56 80
56 81
56 84
56 85
56 88
56 89
56 92
56 93
56 95
56 96
56 97
56 98
56 99
56 101
56 102
56 105
56 106
56 107
56 112
56 113
56 114
56 115
56 117
56 118
56 120
56 122
56 125
56 126
56 129
56 130
56 131
56 134
56 135
56 136
56 138
56 139
56 140
56 141
56 145
56 147
56 149
56 151
56 152
56 153
56 155
56 157
56 158
56 159
56 160
56 161
57 59
57 65
57 71
57 74
57 75
57 78
57 85
57 86
57 94
57 97
57 102
57 106
57 107
57 108
57 109
57 111
57 118
57 119
57 130
57 132
57 136
57 138
57 154
57 161
58 59
58 61
58 63
58 67
58 70
58 71
58 72
58 73
58 74
58 80
58 86
58 87
58 89
58 91
58 92
58 93
58 94
58 95
58 99
58 100
58 106
58 107
58 108
58 111
58 112
58 113
58 114
58 115
58 117
58 125
58 128
58 131
58 136
58 138
58 140
58 141
58 142
58 146
58 147
58 149
58 150
58 152
58 153
58 154
58 157
58 158
58 160
59 64
59 65
59 67
59 68
59 69
59 70
59 72
59 74
59 79
59 80
59 83
59 88
59 89
59 91
59 93
59 94
59 95
59 99
59 101
59 102
59 107
59 109
59 113
59 115
59 117
59 125
59 126
59 128
59 132
59 133
59 134
59 137
59 139
59 143
59 145
59 146
59 147
59 149
59 150
59 151
59 152
59 153
59 154
59 157
59 161
60 64
60 67
60 72
60 73
60 74
60 75
60 83
60 86
60 87
60 89
60 91
60 92
60 101
60 106
60 114
60 115
60 122
60 129
60 133
60 134
60 141
60 145
60 147
60 150
60 152
60 158
60 161
61 64
61 65
61 66
61 67
61 68
61 70
61 72
61 73
61 74
61 77
61 79
61 80
61 82
61 97
61 100
61 106
61 108
61 111
61 112
61 113
61 115
61 117
61 118
61 122
61 126
61 127
61 130
61 131
61 133
61 134
61 138
61 141
61 142
61 143
61 147
61 148
61 151
61 152
61 153
61 155
61 157
61 161
62 63
62 64
62 70
62 73
62 74
62 79
62 80
62 88
62 99
62 102
62 106
62 109
62 114
62 117
62 120
62 124
62 125
62 126
62 129
62 131
62 133
62 134
62 147
62 150
62 152
62 154
62 155
62 157
63 64
63 65
63 67
63 68
63 70
63 72
63 73
63 74
63 76
63 77
63 78
63 79
63 80
63 81
63 87
63 89
63 91
63 94
63 96
63 106
63 108
63 109
63 111
63 113
63 114
63 115
63 117
63 119
63 123
63 126
63 128
63 129
63 131
63 136
63 138
63 140
63 142
63 146
63 147
63 149
63 151
63 152
63 153
63 157
63 159
64 65
64 67
64 68
64 69
64 70
64 71
64 72
64 73
64 75
64 80
64 81
64 82
64 84
64 86
64 87
64 94
64 98
64 100
64 101
64 102
64 103
64 106
64 108
64 110
64 111
64 113
64 114
64 115
64 116
64 117
64 121
64 123
64 125
64 126
64 129
64 130
64 131
64 133
64 134
64 135
64 136
64 137
64 138
64 139
64 140
64 141
64 142
64 145
64 146
64 147
64 149
64 151
64 152
64 154
64 157
64 158
64 160
64 161
65 66
65 68
65 69
65 71
65 73
65 75
65 76
65 84
65 85
65 87
65 88
65 89
65 92
65 99
65 100
65 101
65 102
65 106
65 107
65 108
65 109
65 111
65 116
65 117
65 118
65 121
65 125
65 126
65 127
65 131
65 133
65 136
65 137
65 138
65 139
65 140
65 141
65 143
65 145
65 146
65 148
65 149
65 150
65 151
65 152
65 153
65 154
65 155
65 157
65 159
65 160
65 161
66 67
66 70
66 72
66 74
66 77
66 80
66 82
66 84
66 85
66 87
66 89
66 91
66 94
66 96
66 103
66 105
66 106
66 108
66 109
66 113
66 114
66 115
66 116
66 117
66 118
66 125
66 127
66 129
66 131
66 133
66 135
66 136
66 137
66 141
66 142
66 143
66 145
66 146
66 147
66 156
66 158
66 159
66 160
67 68
67 69
67 70
67 71
67 72
67 73
67 74
67 75
67 78
67 79
67 82
67 85
67 86
67 88
67 91
67 94
67 95
67 96
67 98
67 99
67 101
67 102
67 103
67 105
67 106
67 108
67 109
67 111
67 112
67 113
67 115
67 116
67 117
67 118
67 124
67 125
67 126
67 128
67 130
67 131
67 133
67 135
67 137
67 138
67 139
67 140
67 141
67 142
67 144
67 145
67 147
67 149
67 150
67 151
67 152
67 153
67 154
67 155
67 157
67 159
67 160
68 70
68 71
68 72
68 73
68 74
68 75
68 79
68 80
68 81
68 82
68 84
68 85
68 87
68 88
68 89
68 91
68 93
68 94
68 96
68 97
68 98
68 99
68 101
68 102
68 105
68 106
68 107
68 108
68 112
68 113
68 115
68 116
68 117
68 118
68 119
68 121
68 122
68 124
68 125
68 126
68 128
68 129
68 130
68 132
68 133
68 134
68 135
68 137
68 138
68 139
68 141
68 142
68 143
68 144
68 146
68 148
68 150
68 151
68 152
68 153
68 155
68 156
68 157
68 158
68 159
68 160
68 161
69 70
69 71
69 72
69 73
69 74
69 75
69 77
69 80
69 82
69 83
69 84
69 86
69 88
69 89
69 92
69 94
69 97
69 98
69 99
69 101
69 102
69 106
69 108
69 110
69 111
69 114
69 115
69 116
69 118
69 121
69 123
69 125
69 127
69 128
69 131
69 133
69 135
69 137
69 140
69 142
69 143
69 145
69 147
69 148
69 150
69 151
69 154
69 157
69 158
69 160
69 161
70 71
70 72
70 73
70 74
70 75
70 79
70 81
70 83
70 84
70 85
70 86
70 87
70 88
70 89
70 90
70 93
70 94
70 97
70 99
70 101
70 102
70 103
70 104
70 105
70 106
70 108
70 110
70 111
70 113
70 114
70 115
70 116
70 117
70 120
70 122
70 123
70 125
70 126
70 129
70 131
70 132
70 133
70 134
70 135
70 138
70 139
70 140
70 141
70 142
70 144
70 146
70 147
70 148
70 149
70 150
70 152
70 153
70 154
70 155
70 158
70 159
70 161
71 75
71 77
71 79
71 80
71 82
71 85
71 89
71 91
71 92
71 93
71 94
71 95
71 97
71 98
71 99
71 100
71 102
71 103
71 105
71 107
71 108
71 109
71 110
71 111
71 112
71 113
71 114
71 115
71 118
71 130
71 131
71 132
71 133
71 134
71 140
71 142
71 145
71 147
71 148
71 149
71 151
71 152
71 154
71 155
71 156
71 158
71 160
72 73
72 74
72 75
72 76
72 77
72 79
72 80
72 81
72 82
72 83
72 84
72 85
72 87
72 88
72 92
72 94
72 95
72 97
72 98
72 99
72 101
72 102
72 103
72 105
72 107
72 108
72 110
72 112
72 113
72 114
72 115
72 116
72 117
72 118
72 125
72 128
72 130
72 132
72 133
72 135
72 138
72 140
72 141
72 142
72 145
72 146
72 149
72 151
72 152
72 153
72 157
72 160
72 161
73 75
73 76
73 79
73 83
73 86
73 88
73 89
73 92
73 94
73 96
73 97
73 101
73 103
73 105
73 106
73 108
73 111
73 114
73 116
73 117
73 119
73 125
73 126
73 128
73 129
73 133
73 135
73 136
73 139
73 142
73 144
73 145
73 146
73 147
73 148
73 149
73 150
73 152
73 153
73 154
73 157
73 160
74 75
74 80
74 81
74 82
74 84
74 85
74 87
74 88
74 89
74 91
74 92
74 93
74 94
74 95
74 98
74 99
74 100
74 101
74 102
74 103
74 105
74 106
74 108
74 109
74 110
74 111
74 112
74 113
74 115
74 117
74 119
74 120
74 122
74 128
74 130
74 131
74 135
74 136
74 137
74 141
74 142
74 145
74 146
74 147
74 150
74 151
74 152
74 153
74 159
74 160
74 161
75 80
75 82
75 83
75 85
75 93
75 94
75 96
75 97
75 99
75 100
75 101
75 105
75 106
75 107
75 108
75 109
75 112
75 113
75 114
75 115
75 119
75 126
75 128
75 129
75 130
75 133
75 134
75 135
75 137
75 138
75 141
75 142
75 144
75 147
75 148
75 150
75 152
75 154
75 157
75 160
75 161
76 77
76 79
76 88
76 92
76 93
76 94
76 101
76 102
76 106
76 107
76 108
76 114
76 118
76 125
76 127
76 129
76 133
76 135
76 136
76 142
76 147
76 149
76 152
76 153
76 154
76 157
76 160
77 79
77 82
77 83
77 84
77 86
77 87
77 88
77 89
77 94
77 98
77 100
77 102
77 103
77 104
77 106
77 108
77 109
77 110
77 113
77 115
77 116
77 117
77 118
77 119
77 120
77 126
77 129
77 133
77 134
77 136
77 138
77 141
77 142
77 145
77 147
77 152
77 154
77 156
77 160
77 161
78 94
78 100
78 106
78 108
78 109
78 131
78 142
78 146
78 161
79 80
79 81
79 84
79 85
79 86
79 87
79 88
79 89
79 91
79 93
79 94
79 95
79 97
79 98
79 101
79 105
79 106
79 107
79 108
79 111
79 112
79 113
79 114
79 115
79 116
79 118
79 119
79 120
79 124
79 125
79 126
79 127
79 129
79 130
79 131
79 133
79 134
79 135
79 136
79 137
79 138
79 140
79 142
79 143
79 145
79 146
79 147
79 150
79 151
79 152
79 153
79 154
79 155
79 157
79 158
79 161
80 81
80 84
80 88
80 89
80 90
80 91
80 92
80 93
80 94
80 96
80 103
80 104
80 105
80 106
80 108
80 109
80 113
80 114
80 115
80 117
80 118
80 121
80 125
80 126
80 129
80 131
80 133
80 137
80 139
80 140
80 141
80 142
80 143
80 146
80 147
80 148
80 149
80 150
80 154
80 156
80 158
81 92
81 99
81 101
81 102
81 104
81 109
81 114
81 115
81 125
81 126
81 134
81 137
81 138
81 142
81 151
82 83
82 84
82 91
82 97
82 100
82 101
82 107
82 108
82 114
82 117
82 118
82 120
82 125
82 129
82 134
82 145
82 146
82 151
82 156
82 158
82 159
83 90
83 93
83 96
83 100
83 101
83 102
83 105
83 108
83 113
83 115
83 116
83 117
83 118
83 129
83 131
83 133
83 136
83 138
83 144
83 147
83 149
83 151
83 152
83 153
83 154
83 157
83 158
83 160
83 161
84 85
84 86
84 87
84 88
84 92
84 94
84 97
84 98
84 100
84 101
84 102
84 105
84 109
84 111
84 112
84 113
84 114
84 115
84 116
84 117
84 118
84 119
84 120
84 121
84 127
84 128
84 131
84 134
84 137
84 138
84 142
84 146
84 147
84 150
84 151
84 153
84 154
84 155
84 157
84 158
85 86
85 94
85 96
85 99
85 100
85 101
85 106
85 108
85 112
85 115
85 117
85 125
85 132
85 133
85 138
85 139
85 142
85 146
85 147
85 148
85 152
85 154
85 156
85 157
85 160
86 87
86 89
86 97
86 98
86 100
86 105
86 106
86 115
86 117
86 119
86 125
86 131
86 133
86 134
86 136
86 139
86 141
86 142
86 144
86 147
86 149
86 150
86 152
86 157
87 88
87 89
87 91
87 96
87 98
87 99
87 100
87 101
87 105
87 106
87 107
87 108
87 110
87 115
87 116
87 118
87 122
87 128
87 129
87 130
87 133
87 134
87 135
87 137
87 138
87 141
87 142
87 143
87 146
87 147
87 149
87 150
87 151
87 152
87 154
87 155
87 157
87 159
87 161
88 92
88 93
88 97
88 100
88 101
88 104
88 105
88 106
88 108
88 110
88 113
88 114
88 115
88 117
88 124
88 132
88 136
88 137
88 138
88 141
88 145
88 146
88 147
88 151
88 152
88 157
88 158
88 159
88 160
88 161
89 90
89 91
89 92
89 94
89 96
89 98
89 100
89 101
89 102
89 103
89 105
89 106
89 107
89 110
89 111
89 112
89 113
89 114
89 115
89 117
89 118
89 119
89 123
89 124
89 126
89 129
89 131
89 132
89 134
89 136
89 137
89 138
89 139
89 141
89 146
89 148
89 149
89 150
89 151
89 152
89 153
89 158
89 159
89 160
89 161
90 97
90 100
90 102
90 107
90 118
90 119
90 122
90 135
90 141
90 145
90 146
90 150
90 151
90 153
90 159
91 94
91 95
91 96
91 99
91 103
91 106
91 107
91 108
91 111
91 113
91 117
91 118
91 125
91 129
91 131
91 137
91 138
91 142
91 145
91 147
91 155
91 158
91 159
92 94
92 96
92 97
92 112
92 114
92 118
92 124
92 128
92 131
92 133
92 137
92 138
92 139
92 140
92 141
92 142
92 143
92 146
92 152
92 153
92 154
92 155
92 158
93 94
93 103
93 104
93 105
93 106
93 109
93 111
93 113
93 114
93 115
93 118
93 121
93 124
93 127
93 129
93 134
93 135
93 138
93 141
93 142
93 143
93 146
93 151
93 154
94 97
94 98
94 99
94 101
94 102
94 103
94 104
94 106
94 108
94 109
94 111
94 113
94 114
94 115
94 118
94 119
94 122
94 123
94 125
94 126
94 127
94 129
94 130
94 131
94 133
94 135
94 137
94 138
94 139
94 144
94 145
94 146
94 147
94 149
94 151
94 152
94 153
94 154
94 155
94 156
94 157
94 159
95 98
95 100
95 101
95 102
95 107
95 108
95 112
95 113
95 114
95 116
95 117
95 129
95 130
95 131
95 134
95 142
95 154
95 159
96 101
96 102
96 105
96 106
96 109
96 115
96 117
96 118
96 121
96 129
96 131
96 134
96 142
96 146
96 149
96 151
96 152
96 157
96 159
97 102
97 103
97 104
97 105
97 106
97 107
97 108
97 109
97 110
97 112
97 115
97 117
97 118
97 119
97 125
97 130
97 131
97 132
97 134
97 137
97 138
97 139
97 141
97 142
97 143
97 145
97 147
97 149
97 151
97 153
97 154
97 157
97 158
97 160
98 111
98 113
98 115
98 117
98 119
98 128
98 129
98 132
98 133
98 136
98 137
98 138
98 141
98 145
98 147
98 152
98 153
98 155
98 157
98 159
99 101
99 102
99 111
99 113
99 114
99 115
99 117
99 118
99 125
99 126
99 128
99 131
99 135
99 138
99 143
99 150
99 151
99 152
99 157
99 161
100 101
100 102
100 103
100 105
100 112
100 115
100 116
100 128
100 129
100 133
100 137
100 138
100 139
100 146
100 147
100 151
100 161
101 102
101 104
101 105
101 107
101 109
101 110
101 112
101 113
101 114
101 115
101 116
101 117
101 118
101 119
101 124
101 125
101 126
101 128
101 129
101 131
101 132
101 133
101 134
101 135
101 136
101 137
101 138
101 139
101 140
101 141
101 142
101 143
101 144
101 145
101 147
101 148
101 150
101 151
101 152
101 153
101 154
101 155
101 157
101 158
101 161
102 103
102 105
102 106
102 107
102 108
102 109
102 110
102 114
102 115
102 116
102 117
102 119
102 122
102 124
102 126
102 127
102 128
102 129
102 130
102 131
102 133
102 134
102 135
102 136
102 138
102 139
102 142
102 143
102 146
102 147
102 148
102 152
102 153
102 154
102 157
102 160
103 104
103 105
103 106
103 110
103 111
103 113
103 114
103 115
103 117
103 118
103 119
103 122
103 127
103 128
103 133
103 134
103 137
103 142
103 143
103 146
103 147
103 149
103 153
103 161
104 105
104 106
104 108
104 112
104 117
104 118
104 129
104 139
104 142
104 147
104 150
104 151
104 153
104 157
104 161
105 106
105 107
105 108
105 109
105 113
105 114
105 115
105 116
105 117
105 118
105 125
105 126
105 131
105 133
105 134
105 137
105 138
105 143
105 146
105 147
105 150
105 153
105 155
105 157
105 159
105 160
105 161
106 108
106 110
106 111
106 112
106 113
106 114
106 115
106 117
106 118
106 125
106 126
106 129
106 130
106 131
106 133
106 135
106 136
106 137
106 138
106 140
106 141
106 142
106 144
106 147
106 149
106 150
106 151
106 154
106 155
106 157
106 158
106 159
106 160
106 161
107 109
107 112
107 125
107 129
107 130
107 136
107 138
107 139
107 140
107 142
107 145
107 147
107 149
107 152
107 155
107 161
108 109
108 111
108 113
108 114
108 115
108 117
108 118
108 121
108 125
108 129
108 130
108 131
108 132
108 134
108 138
108 142
108 145
108 146
108 147
108 149
108 151
108 152
108 153
108 160
109 111
109 113
109 114
109 115
109 116
109 117
109 125
109 126
109 128
109 131
109 133
109 134
109 137
109 138
109 140
109 141
109 142
109 145
109 146
109 148
109 149
109 150
109 152
109 153
109 154
109 155
109 161
110 117
110 129
110 137
110 139
110 144
110 147
110 149
110 151
110 155
110 159
111 113
111 114
111 115
111 117
111 125
111 126
111 131
111 133
111 137
111 138
111 139
111 140
111 142
111 145
111 147
111 149
111 158
112 113
112 114
112 117
112 118
112 121
112 122
112 125
112 129
112 133
112 134
112 135
112 136
112 142
112 144
112 145
112 146
112 149
112 150
112 152
112 153
112 154
112 157
112 158
112 160
112 161
113 116
113 117
113 118
113 120
113 125
113 126
113 129
113 131
113 133
113 135
113 137
113 138
113 139
113 141
113 142
113 145
113 146
113 147
113 150
113 151
113 152
113 154
113 157
113 158
114 115
114 117
114 118
114 125
114 126
114 129
114 130
114 132
114 133
114 135
114 136
114 139
114 141
114 143
114 144
114 146
114 147
114 148
114 149
114 150
114 152
114 154
114 155
114 157
114 158
114 159
114 161
115 118
115 121
115 122
115 124
115 125
115 126
115 129
115 130
115 132
115 133
115 134
115 136
115 137
115 138
115 139
115 140
115 144
115 145
115 146
115 150
115 151
115 152
115 153
115 154
115 155
115 156
115 157
115 158
115 159
115 160
115 161
116 118
116 120
116 129
116 130
116 131
116 133
116 135
116 138
116 139
116 142
116 143
116 146
116 151
116 152
116 153
116 158
116 160
117 118
117 122
117 123
117 124
117 125
117 126
117 128
117 129
117 130
117 137
117 138
117 140
117 141
117 142
117 151
117 152
117 153
117 154
118 121
118 123
118 125
118 128
118 129
118 130
118 131
118 133
118 135
118 136
118 137
118 138
118 139
118 145
118 146
118 147
118 148
118 151
118 152
118 153
118 154
118 157
118 158
118 159
118 160
118 161
119 129
119 131
119 133
119 134
119 136
119 139
119 141
119 145
119 147
119 153
119 155
119 157
120 128
120 129
120 140
120 142
120 143
120 145
120 150
120 151
120 154
120 159
121 140
121 147
121 150
121 151
121 159
121 160
122 131
122 139
122 142
123 137
123 138
123 142
123 149
124 131
124 141
124 142
124 151
124 152
124 154
124 159
125 127
125 129
125 130
125 131
125 132
125 133
125 134
125 135
125 137
125 138
125 142
125 143
125 145
125 147
125 148
125 149
125 150
125 151
125 152
125 153
125 156
125 159
125 160
126 127
126 129
126 130
126 131
126 134
126 135
126 137
126 142
126 146
126 147
126 148
126 150
126 152
126 153
126 155
126 158
126 159
126 160
127 133
127 134
127 137
127 138
127 139
127 140
127 143
127 150
127 151
127 152
127 154
127 157
127 158
128 131
128 132
128 133
128 134
128 149
128 151
128 158
129 134
129 135
129 137
129 138
129 139
129 141
129 142
129 146
129 150
129 151
129 152
129 153
129 154
129 157
129 158
129 160
129 161
130 138
130 142
130 145
130 147
130 148
130 151
130 152
130 155
131 133
131 138
131 140
131 142
131 143
131 144
131 147
131 148
131 149
131 150
131 151
131 152
131 154
131 155
131 159
131 160
132 134
132 135
132 155
133 134
133 135
133 136
133 138
133 139
133 141
133 142
133 143
133 144
133 145
133 150
133 151
133 153
133 154
133 157
133 158
133 161
134 136
134 137
134 138
134 140
134 141
134 142
134 145
134 147
134 148
134 149
134 150
134 151
134 152
134 154
134 157
134 158
134 160
134 161
135 138
135 141
135 142
135 147
135 152
135 154
135 158
135 159
136 137
136 145
136 150
136 152
136 154
136 159
137 138
137 142
137 143
137 145
137 146
137 149
137 150
137 151
137 152
137 153
137 155
137 157
137 158
137 160
137 161
138 139
138 141
138 142
138 144
138 145
138 146
138 147
138 149
138 150
138 151
138 152
138 154
138 155
138 157
138 158
138 159
138 161
139 142
139 143
139 146
139 147
139 148
139 149
139 152
139 153
139 154
139 157
139 158
139 159
139 161
140 142
140 144
140 145
140 147
140 150
140 154
140 156
140 157
140 158
141 142
141 146
141 147
141 149
141 150
141 151
141 152
141 159
142 143
142 146
142 147
142 150
142 151
142 152
142 157
142 160
142 161
143 151
143 152
143 153
144 148
144 151
144 152
144 157
145 146
145 147
145 152
145 153
145 154
145 157
145 158
145 159
145 160
145 161
146 147
146 149
146 150
146 151
146 152
146 154
146 158
146 160
147 149
147 150
147 151
147 152
147 153
147 157
147 161
148 156
148 158
148 161
149 154
149 157
149 158
149 160
149 161
150 152
150 153
150 157
150 160
150 161
151 152
151 153
151 154
151 156
151 157
151 158
151 159
151 160
152 153
152 155
152 157
152 158
152 160
153 154
153 155
153 156
153 158
153 161
154 156
154 157
154 158
154 161
155 160
156 157
157 158
157 160
157 161
158 159
159 160
159 161
160 161
