0 3
0 6
0 7
0 10
0 15
0 20
0 21
0 26
0 30
0 33
0 38
0 39
0 40
0 42
0 43
0 51
0 53
0 54
0 58
0 59
0 62
0 64
0 65
0 70
0 73
0 77
0 79
0 86
0 88
0 91
0 94
0 103
0 105
0 106
0 107
0 109
0 113
0 115
0 117
0 118
0 125
0 127
0 129
0 133
0 134
0 135
0 138
0 143
0 144
0 147
0 150
0 154
0 155
0 161
1 4
1 6
1 7
1 10
1 11
1 20
1 26
1 28
1 32
1 34
1 35
1 37
1 38
1 39
1 40
1 41
1 42
1 43
1 44
1 45
1 49
1 52
1 54
1 56
1 58
1 59
1 62
1 63
1 65
1 69
1 71
1 72
1 75
1 77
1 79
1 80
1 84
1 88
1 90
1 95
1 97
1 105
1 106
1 109
1 113
1 114
1 118
1 123
1 129
1 130
1 131
1 137
1 138
1 140
1 142
1 149
1 153
1 155
1 157
2 3
2 4
2 5
2 11
2 12
2 13
2 19
2 23
2 25
2 26
2 31
2 32
2 34
2 35
2 36
2 39
2 42
2 47
2 48
2 52
2 54
2 56
2 57
2 61
2 62
2 64
2 66
2 67
2 68
2 72
2 75
2 77
2 79
2 80
2 82
2 84
2 86
2 89
2 90
2 93
2 94
2 97
2 101
2 108
2 109
2 112
2 114
2 118
2 120
2 128
2 129
2 130
2 132
2 139
2 141
2 142
2 150
2 151
2 153
2 157
2 161
3 4
3 6
3 7
3 9
3 11
3 16
3 18
3 19
3 26
3 30
3 31
3 35
3 37
3 38
3 40
3 42
3 45
3 49
3 51
3 54
3 64
3 65
3 67
3 68
3 71
3 73
3 74
3 76
3 79
3 80
3 83
3 92
3 98
3 106
3 108
3 111
3 113
3 116
3 117
3 123
3 125
3 127
3 129
3 131
3 133
3 134
3 138
3 141
3 142
3 145
3 146
3 148
3 151
3 152
3 156
3 158
3 160
3 161
4 5
4 8
4 9
4 13
4 14
4 15
4 16
4 19
4 21
4 23
4 25
4 26
4 28
4 29
4 30
4 31
4 33
4 34
4 36
4 37
4 38
4 40
4 42
4 45
4 48
4 49
4 51
4 54
4 56
4 57
4 58
4 60
4 61
4 63
4 64
4 65
4 67
4 68
4 69
4 70
4 71
4 72
4 74
4 76
4 77
4 79
4 80
4 88
4 91
4 92
4 93
4 94
4 95
4 96
4 97
4 99
4 101
4 103
4 104
4 105
4 106
4 107
4 108
4 109
4 110
4 112
4 114
4 116
4 118
4 120
4 122
4 125
4 126
4 128
4 129
4 130
4 131
4 133
4 134
4 135
4 136
4 138
4 139
4 141
4 142
4 145
4 146
4 147
4 148
4 150
4 151
4 152
4 153
4 154
4 157
4 158
4 159
4 160
5 6
5 9
5 10
5 14
5 15
5 19
5 21
5 22
5 28
5 30
5 32
5 39
5 41
5 51
5 54
5 56
5 58
5 61
5 68
5 71
5 74
5 75
5 79
5 84
5 88
5 105
5 108
5 116
5 130
5 131
5 154
5 158
6 7
6 9
6 11
6 14
6 15
6 16
6 17
6 18
6 19
6 21
6 23
6 24
6 26
6 28
6 29
6 32
6 34
6 35
6 37
6 38
6 41
6 43
6 45
6 46
6 51
6 54
6 55
6 56
6 57
6 58
6 59
6 62
6 63
6 64
6 65
6 67
6 68
6 69
6 70
6 71
6 72
6 73
6 74
6 78
6 79
6 80
6 81
6 82
6 83
6 84
6 85
6 87
6 90
6 91
6 93
6 94
6 97
6 99
6 101
6 102
6 103
6 104
6 105
6 109
6 110
6 111
6 113
6 114
6 115
6 116
6 117
6 118
6 119
6 125
6 126
6 127
6 128
6 129
6 131
6 133
6 135
6 137
6 138
6 139
6 142
6 144
6 145
6 148
6 149
6 151
6 152
6 154
6 156
6 157
6 158
6 160
7 9
7 10
7 12
7 14
7 18
7 19
7 23
7 24
7 25
7 30
7 31
7 32
7 36
7 37
7 38
7 40
7 41
7 43
7 46
7 49
7 50
7 51
7 53
7 54
7 58
7 59
7 60
7 62
7 65
7 66
7 67
7 69
7 70
7 72
7 73
7 74
7 75
7 80
7 82
7 83
7 84
7 85
7 87
7 88
7 93
7 94
7 95
7 100
7 101
7 102
7 105
7 106
7 108
7 109
7 111
7 112
7 114
7 118
7 125
7 126
7 129
7 130
7 131
7 132
7 133
7 134
7 135
7 137
7 138
7 139
7 140
7 141
7 142
7 143
7 145
7 146
7 147
7 148
7 151
7 152
7 153
7 154
7 157
7 159
7 160
7 161
8 11
8 12
8 19
8 25
8 26
8 30
8 31
8 32
8 34
8 35
8 40
8 45
8 49
8 54
8 58
8 62
8 64
8 69
8 72
8 75
8 77
8 79
8 88
8 94
8 102
8 105
8 106
8 108
8 110
8 115
8 124
8 125
8 131
8 135
8 137
8 149
8 150
8 153
8 154
8 157
9 11
9 14
9 15
9 19
9 21
9 22
9 23
9 27
9 30
9 35
9 38
9 39
9 40
9 41
9 42
9 45
9 46
9 51
9 52
9 57
9 59
9 65
9 66
9 67
9 68
9 70
9 71
9 72
9 73
9 74
9 77
9 80
9 83
9 85
9 87
9 89
9 91
9 97
9 101
9 106
9 108
9 111
9 112
9 114
9 118
9 121
9 124
9 125
9 126
9 130
9 131
9 134
9 137
9 139
9 141
9 145
9 147
9 148
9 151
9 155
9 159
10 21
10 22
10 25
10 33
10 35
10 37
10 40
10 45
10 49
10 50
10 55
10 56
10 59
10 62
10 64
10 65
10 66
10 67
10 68
10 69
10 70
10 74
10 79
10 83
10 89
10 90
10 91
10 96
10 99
10 100
10 103
10 107
10 110
10 113
10 115
10 116
10 121
10 128
10 133
10 141
10 142
10 146
10 147
10 152
10 156
10 157
11 12
11 13
11 14
11 15
11 19
11 21
11 22
11 23
11 25
11 30
11 31
11 33
11 34
11 35
11 36
11 38
11 40
11 44
11 46
11 47
11 49
11 50
11 51
11 52
11 54
11 56
11 58
11 61
11 62
11 63
11 64
11 65
11 67
11 68
11 70
11 71
11 72
11 73
11 74
11 82
11 87
11 89
11 91
11 92
11 94
11 101
11 102
11 103
11 104
11 106
11 108
11 113
11 116
11 122
11 125
11 128
11 129
11 130
11 133
11 136
11 138
11 139
11 141
11 142
11 147
11 149
11 151
11 152
11 153
11 154
11 158
12 15
12 16
12 17
12 21
12 22
12 28
12 30
12 31
12 32
12 34
12 37
12 43
12 45
12 46
12 49
12 51
12 52
12 54
12 55
12 56
12 57
12 58
12 59
12 64
12 65
12 66
12 67
12 68
12 70
12 74
12 78
12 79
12 80
12 84
12 89
12 91
12 95
12 97
12 98
12 99
12 101
12 105
12 107
12 108
12 112
12 114
12 116
12 129
12 130
12 133
12 138
12 146
12 152
12 153
12 157
12 158
13 14
13 15
13 19
13 20
13 26
13 30
13 31
13 32
13 36
13 41
13 43
13 44
13 46
13 47
13 51
13 57
13 59
13 63
13 64
13 68
13 69
13 70
13 71
13 72
13 75
13 77
13 87
13 89
13 92
13 98
13 100
13 105
13 106
13 107
13 109
13 115
13 124
13 125
13 126
13 127
13 129
13 131
13 135
13 136
13 137
13 138
13 139
13 142
13 153
13 154
13 155
13 159
13 161
14 15
14 19
14 22
14 24
14 25
14 26
14 28
14 29
14 30
14 31
14 32
14 34
14 35
14 36
14 37
14 38
14 39
14 40
14 41
14 42
14 43
14 44
14 45
14 49
14 51
14 52
14 54
14 57
14 59
14 61
14 62
14 63
14 66
14 67
14 68
14 69
14 70
14 74
14 76
14 78
14 79
14 84
14 87
14 90
14 91
14 92
14 93
14 94
14 95
14 96
14 98
14 99
14 101
14 102
14 103
14 105
14 106
14 108
14 109
14 111
14 112
14 113
14 114
14 115
14 117
14 118
14 119
14 120
14 121
14 122
14 128
14 130
14 131
14 132
14 133
14 134
14 135
14 136
14 137
14 138
14 141
14 142
14 143
14 146
14 147
14 151
14 152
14 153
14 154
14 157
14 159
15 18
15 19
15 21
15 25
15 26
15 34
15 35
15 38
15 39
15 45
15 51
15 52
15 61
15 63
15 64
15 65
15 66
15 70
15 71
15 72
15 91
15 95
15 99
15 106
15 109
15 111
15 115
15 116
15 117
15 119
15 129
15 131
15 133
15 134
15 137
15 139
15 140
15 153
15 158
15 160
15 161
16 21
16 22
16 23
16 25
16 26
16 30
16 36
16 38
16 45
16 54
16 68
16 69
16 70
16 72
16 75
16 79
16 86
16 89
16 91
16 94
16 95
16 99
16 101
16 106
16 111
16 112
16 117
16 122
16 133
16 137
16 142
16 145
16 146
16 147
16 150
16 152
16 155
16 158
16 161
17 19
17 26
17 28
17 31
17 39
17 40
17 45
17 50
17 51
17 54
17 63
17 69
17 70
17 77
17 88
17 97
17 102
17 106
17 113
17 124
17 126
17 133
17 139
17 142
17 146
17 147
17 151
17 152
17 154
18 19
18 20
18 26
18 30
18 31
18 33
18 37
18 39
18 40
18 42
18 44
18 49
18 54
18 55
18 58
18 59
18 62
18 63
18 64
18 65
18 67
18 70
18 71
18 74
18 76
18 78
18 79
18 80
18 85
18 91
18 92
18 94
18 97
18 99
18 101
18 105
18 106
18 108
18 109
18 112
18 113
18 115
18 118
18 123
18 126
18 129
18 130
18 131
18 135
18 137
18 139
18 141
18 146
18 147
18 151
18 152
18 158
18 159
19 21
19 25
19 26
19 29
19 30
19 31
19 32
19 34
19 36
19 38
19 39
19 40
19 41
19 42
19 43
19 44
19 45
19 46
19 48
19 49
19 50
19 51
19 53
19 54
19 56
19 58
19 59
19 61
19 62
19 64
19 65
19 66
19 68
19 69
19 71
19 73
19 75
19 76
19 77
19 78
19 79
19 80
19 81
19 84
19 85
19 89
19 91
19 97
19 99
19 100
19 101
19 102
19 105
19 106
19 108
19 114
19 115
19 117
19 118
19 119
19 120
19 121
19 122
19 123
19 125
19 126
19 127
19 131
19 132
19 134
19 135
19 137
19 138
19 139
19 140
19 141
19 142
19 145
19 146
19 147
19 148
19 149
19 151
19 152
19 154
19 155
19 157
19 158
20 26
20 31
20 32
20 36
20 38
20 40
20 41
20 44
20 49
20 50
20 68
20 69
20 76
20 77
20 80
20 91
20 96
20 102
20 108
20 112
20 113
20 117
20 125
20 126
20 129
20 133
20 134
20 137
20 138
20 139
20 140
20 144
20 146
20 150
20 151
20 152
20 153
20 154
21 22
21 24
21 26
21 30
21 31
21 32
21 38
21 40
21 43
21 45
21 46
21 49
21 50
21 54
21 55
21 56
21 58
21 63
21 64
21 65
21 66
21 68
21 71
21 72
21 76
21 77
21 79
21 85
21 86
21 89
21 91
21 94
21 95
21 96
21 98
21 100
21 101
21 102
21 103
21 104
21 107
21 108
21 109
21 111
21 112
21 113
21 114
21 115
21 116
21 118
21 122
21 125
21 129
21 132
21 133
21 134
21 136
21 137
21 140
21 141
21 142
21 143
21 145
21 146
21 147
21 152
21 153
21 154
21 155
21 158
21 161
22 25
22 34
22 35
22 38
22 47
22 50
22 51
22 54
22 65
22 69
22 74
22 75
22 79
22 82
22 83
22 89
22 94
22 105
22 111
22 117
22 123
22 128
22 129
22 133
22 134
22 135
22 142
22 147
22 154
22 157
22 158
22 161
23 26
23 32
23 38
23 42
23 47
23 52
23 55
23 57
23 58
23 63
23 73
23 74
23 79
23 93
23 94
23 98
23 106
23 108
23 118
23 119
23 129
23 139
23 142
23 145
23 147
23 150
23 151
23 153
23 154
23 158
24 32
24 39
24 40
24 44
24 45
24 46
24 48
24 55
24 56
24 61
24 63
24 65
24 68
24 69
24 73
24 75
24 77
24 84
24 88
24 89
24 92
24 93
24 97
24 99
24 101
24 106
24 109
24 115
24 118
24 120
24 124
24 125
24 126
24 129
24 135
24 137
24 138
24 143
24 144
24 146
24 148
24 153
24 154
24 155
24 157
24 161
25 27
25 28
25 31
25 33
25 36
25 44
25 46
25 47
25 54
25 56
25 59
25 64
25 66
25 67
25 70
25 71
25 73
25 74
25 76
25 80
25 84
25 85
25 87
25 88
25 94
25 95
25 96
25 97
25 98
25 101
25 102
25 103
25 105
25 109
25 114
25 115
25 117
25 118
25 128
25 129
25 131
25 133
25 134
25 137
25 138
25 139
25 140
25 142
25 143
25 146
25 150
25 151
25 153
25 154
25 158
25 161
26 29
26 33
26 34
26 35
26 36
26 38
26 40
26 42
26 45
26 46
26 47
26 49
26 50
26 51
26 52
26 54
26 56
26 58
26 59
26 60
26 61
26 62
26 63
26 64
26 65
26 66
26 67
26 68
26 69
26 70
26 72
26 73
26 74
26 75
26 76
26 77
26 79
26 82
26 83
26 84
26 86
26 87
26 88
26 90
26 92
26 93
26 95
26 97
26 98
26 99
26 100
26 101
26 102
26 103
26 105
26 106
26 107
26 108
26 111
26 112
26 113
26 117
26 118
26 119
26 123
26 125
26 126
26 127
26 129
26 130
26 131
26 135
26 137
26 138
26 140
26 147
26 149
26 152
26 153
26 154
26 155
26 158
26 159
26 161
27 49
27 55
27 68
27 74
27 87
27 101
27 105
27 106
27 107
27 108
27 111
27 114
27 117
27 129
27 138
27 142
27 148
27 150
27 158
27 161
28 34
28 35
28 40
28 45
28 51
28 54
28 59
28 61
28 64
28 65
28 68
28 69
28 71
28 74
28 79
28 84
28 89
28 90
28 97
28 102
28 104
28 106
28 115
28 117
28 123
28 124
28 129
28 130
28 138
28 140
28 148
28 150
28 151
28 152
28 156
28 157
28 158
28 161
29 32
29 45
29 49
29 50
29 54
29 60
29 61
29 62
29 65
29 66
29 67
29 68
29 69
29 72
29 77
29 79
29 81
29 84
29 87
29 89
29 99
29 106
29 108
29 111
29 114
29 130
29 132
29 133
29 138
29 141
29 142
29 143
29 149
29 150
29 155
29 158
29 160
29 161
30 31
30 35
30 36
30 37
30 38
30 40
30 42
30 43
30 44
30 45
30 49
30 51
30 52
30 53
30 54
30 55
30 56
30 57
30 59
30 62
30 63
30 65
30 66
30 67
30 68
30 73
30 74
30 77
30 79
30 80
30 82
30 84
30 90
30 94
30 96
30 97
30 100
30 101
30 102
30 104
30 105
30 106
30 108
30 109
30 111
30 113
30 114
30 115
30 116
30 117
30 118
30 119
30 120
30 121
30 123
30 125
30 127
30 128
30 129
30 131
30 133
30 134
30 135
30 137
30 138
30 142
30 144
30 145
30 146
30 147
30 151
30 152
30 154
30 156
30 157
30 159
30 160
30 161
31 32
31 34
31 35
31 36
31 37
31 39
31 40
31 41
31 42
31 44
31 48
31 49
31 50
31 52
31 53
31 54
31 55
31 58
31 59
31 61
31 64
31 65
31 66
31 68
31 70
31 71
31 72
31 74
31 75
31 76
31 77
31 81
31 83
31 85
31 86
31 87
31 89
31 94
31 95
31 99
31 100
31 101
31 102
31 103
31 104
31 105
31 106
31 107
31 108
31 109
31 112
31 114
31 115
31 116
31 117
31 118
31 122
31 126
31 130
31 131
31 132
31 133
31 134
31 135
31 137
31 138
31 139
31 141
31 142
31 144
31 145
31 146
31 147
31 148
31 149
31 152
31 153
31 154
31 157
31 161
32 35
32 37
32 38
32 39
32 45
32 47
32 49
32 50
32 51
32 53
32 54
32 56
32 64
32 65
32 66
32 68
32 70
32 71
32 73
32 76
32 77
32 79
32 80
32 82
32 84
32 88
32 91
32 92
32 93
32 94
32 96
32 99
32 100
32 103
32 104
32 107
32 109
32 110
32 112
32 113
32 117
32 118
32 119
32 122
32 125
32 126
32 127
32 129
32 131
32 133
32 137
32 138
32 139
32 140
32 146
32 147
32 149
32 150
32 151
32 152
32 154
32 157
32 158
33 34
33 35
33 38
33 52
33 54
33 60
33 64
33 65
33 71
33 72
33 79
33 89
33 92
33 95
33 98
33 101
33 106
33 113
33 114
33 115
33 125
33 131
33 137
33 138
33 139
33 147
33 149
33 152
33 157
33 161
34 35
34 37
34 38
34 41
34 44
34 48
34 49
34 51
34 53
34 55
34 56
34 58
34 62
34 65
34 66
34 67
34 69
34 75
34 76
34 77
34 79
34 89
34 90
34 94
34 97
34 98
34 100
34 102
34 104
34 108
34 110
34 111
34 113
34 114
34 115
34 116
34 118
34 124
34 133
34 134
34 137
34 138
34 139
34 147
34 150
34 154
34 157
35 41
35 44
35 45
35 51
35 54
35 55
35 56
35 57
35 58
35 60
35 61
35 66
35 68
35 69
35 70
35 72
35 74
35 79
35 82
35 83
35 84
35 85
35 86
35 87
35 88
35 92
35 94
35 95
35 96
35 98
35 99
35 101
35 103
35 105
35 106
35 107
35 111
35 112
35 113
35 115
35 116
35 120
35 121
35 125
35 126
35 129
35 131
35 134
35 135
35 136
35 137
35 138
35 139
35 142
35 143
35 144
35 149
35 150
35 151
35 152
35 153
35 154
35 156
35 157
35 158
35 161
36 39
36 41
36 42
36 49
36 50
36 51
36 52
36 54
36 56
36 63
36 64
36 65
36 66
36 67
36 68
36 72
36 74
36 75
36 81
36 86
36 89
36 91
36 94
36 97
36 102
36 105
36 107
36 111
36 112
36 113
36 117
36 118
36 120
36 123
36 125
36 129
36 130
36 131
36 133
36 135
36 140
36 142
36 145
36 146
36 147
36 149
36 150
36 152
36 153
36 154
36 157
36 161
37 38
37 39
37 40
37 43
37 45
37 47
37 54
37 58
37 63
37 65
37 66
37 67
37 68
37 70
37 71
37 76
37 77
37 78
37 86
37 87
37 89
37 90
37 93
37 96
37 99
37 101
37 105
37 107
37 108
37 110
37 111
37 112
37 117
37 118
37 122
37 131
37 132
37 134
37 138
37 140
37 142
37 145
37 153
37 154
37 157
37 158
37 161
38 39
38 40
38 41
38 44
38 46
38 49
38 50
38 51
38 52
38 53
38 54
38 57
38 58
38 59
38 60
38 65
38 67
38 68
38 69
38 70
38 72
38 74
38 76
38 77
38 79
38 83
38 84
38 85
38 87
38 93
38 94
38 101
38 102
38 104
38 105
38 106
38 108
38 109
38 110
38 111
38 113
38 114
38 117
38 118
38 122
38 128
38 129
38 131
38 132
38 133
38 134
38 135
38 137
38 139
38 147
38 149
38 154
38 155
38 159
38 160
38 161
39 41
39 42
39 43
39 44
39 46
39 50
39 51
39 54
39 58
39 59
39 63
39 67
39 68
39 69
39 70
39 73
39 74
39 77
39 79
39 80
39 85
39 88
39 98
39 99
39 101
39 107
39 113
39 115
39 117
39 123
39 125
39 132
39 133
39 134
39 135
39 137
39 138
39 141
39 145
39 152
39 153
39 155
39 157
39 161
40 41
40 42
40 44
40 45
40 46
40 47
40 48
40 49
40 50
40 51
40 52
40 53
40 54
40 55
40 56
40 58
40 59
40 63
40 64
40 65
40 66
40 69
40 70
40 71
40 73
40 74
40 75
40 77
40 79
40 80
40 85
40 86
40 87
40 88
40 89
40 92
40 93
40 94
40 95
40 97
40 98
40 101
40 103
40 104
40 105
40 106
40 108
40 110
40 111
40 112
40 113
40 114
40 115
40 116
40 118
40 121
40 122
40 123
40 124
40 126
40 127
40 128
40 129
40 130
40 131
40 133
40 134
40 135
40 136
40 137
40 138
40 141
40 142
40 145
40 149
40 150
40 151
40 153
40 155
40 157
40 160
41 42
41 45
41 54
41 57
41 58
41 69
41 76
41 79
41 83
41 98
41 99
41 105
41 106
41 108
41 114
41 115
41 118
41 129
41 131
41 132
41 136
41 142
41 147
41 151
41 158
42 44
42 51
42 52
42 56
42 58
42 60
42 61
42 63
42 69
42 70
42 71
42 83
42 85
42 88
42 89
42 92
42 95
42 103
42 106
42 109
42 111
42 113
42 114
42 115
42 137
42 138
42 145
42 146
42 151
42 152
42 154
43 44
43 45
43 49
43 50
43 51
43 52
43 54
43 58
43 59
43 61
43 68
43 69
43 71
43 72
43 73
43 74
43 75
43 76
43 77
43 79
43 80
43 83
43 85
43 87
43 92
43 93
43 94
43 99
43 101
43 102
43 103
43 104
43 105
43 106
43 107
43 109
43 111
43 112
43 114
43 115
43 118
43 120
43 121
43 126
43 129
43 131
43 132
43 133
43 138
43 140
43 141
43 142
43 144
43 149
43 152
43 153
43 155
43 157
43 158
43 160
43 161
44 45
44 46
44 51
44 52
44 54
44 55
44 61
44 63
44 64
44 65
44 66
44 67
44 68
44 69
44 70
44 71
44 72
44 73
44 74
44 75
44 77
44 78
44 80
44 83
44 84
44 85
44 89
44 90
44 93
44 98
44 99
44 101
44 102
44 104
44 105
44 106
44 108
44 109
44 111
44 112
44 113
44 114
44 115
44 117
44 118
44 120
44 127
44 128
44 129
44 130
44 132
44 133
44 135
44 137
44 138
44 139
44 142
44 143
44 147
44 148
44 151
44 152
44 154
44 157
44 158
44 159
44 160
45 46
45 47
45 49
45 51
45 52
45 53
45 54
45 55
45 60
45 63
45 64
45 65
45 66
45 67
45 68
45 71
45 72
45 74
45 75
45 76
45 79
45 81
45 84
45 89
45 91
45 92
45 93
45 94
45 96
45 101
45 103
45 106
45 108
45 109
45 113
45 114
45 115
45 116
45 117
45 118
45 125
45 128
45 130
45 131
45 133
45 136
45 137
45 139
45 141
45 144
45 150
45 151
45 153
45 156
45 158
45 159
46 49
46 51
46 54
46 55
46 56
46 59
46 61
46 64
46 65
46 66
46 67
46 68
46 69
46 70
46 71
46 72
46 74
46 78
46 79
46 82
46 84
46 89
46 91
46 93
46 96
46 97
46 101
46 102
46 103
46 107
46 108
46 109
46 113
46 116
46 118
46 119
46 123
46 125
46 126
46 128
46 129
46 131
46 136
46 137
46 138
46 139
46 142
46 145
46 146
46 150
46 157
46 160
46 161
47 50
47 51
47 52
47 58
47 64
47 65
47 72
47 90
47 102
47 106
47 117
47 118
47 129
47 131
47 132
47 147
47 150
47 154
48 52
48 54
48 55
48 61
48 70
48 83
48 87
48 94
48 102
48 103
48 105
48 112
48 113
48 114
48 115
48 116
48 125
48 131
48 133
48 148
48 149
48 150
48 152
48 158
48 160
49 50
49 51
49 52
49 53
49 54
49 55
49 56
49 57
49 58
49 59
49 62
49 63
49 65
49 66
49 67
49 68
49 69
49 70
49 71
49 72
49 74
49 75
49 77
49 80
49 82
49 84
49 85
49 86
49 87
49 89
49 93
49 94
49 96
49 98
49 99
49 102
49 103
49 104
49 105
49 106
49 107
49 108
49 109
49 112
49 113
49 114
49 116
49 117
49 121
49 126
49 129
49 130
49 131
49 133
49 135
49 137
49 138
49 139
49 141
49 142
49 144
49 147
49 151
49 152
49 153
49 158
49 159
49 160
50 51
50 54
50 56
50 63
50 64
50 65
50 66
50 67
50 68
50 71
50 73
50 75
50 77
50 79
50 81
50 84
50 85
50 89
50 91
50 93
50 94
50 97
50 99
50 101
50 105
50 108
50 111
50 113
50 115
50 117
50 118
50 119
50 124
50 125
50 126
50 129
50 133
50 134
50 138
50 139
50 141
50 146
50 150
50 151
50 152
50 154
50 155
50 157
50 158
50 159
50 160
50 161
51 52
51 54
51 55
51 58
51 59
51 60
51 61
51 63
51 65
51 66
51 67
51 68
51 69
51 70
51 72
51 73
51 74
51 75
51 77
51 79
51 81
51 82
51 83
51 86
51 87
51 88
51 89
51 91
51 93
51 94
51 97
51 99
51 100
51 101
51 102
51 103
51 105
51 110
51 111
51 113
51 114
51 115
51 116
51 117
51 118
51 123
51 125
51 126
51 127
51 129
51 131
51 134
51 135
51 137
51 138
51 139
51 141
51 142
51 145
51 149
51 150
51 151
51 152
51 153
51 154
51 157
51 158
51 159
51 160
52 57
52 66
52 67
52 68
52 69
52 70
52 72
52 74
52 77
52 79
52 80
52 82
52 84
52 85
52 87
52 88
52 89
52 91
52 97
52 101
52 105
52 110
52 112
52 113
52 114
52 129
52 130
52 131
52 134
52 137
52 142
52 145
52 146
52 154
52 155
52 158
52 160
53 54
53 55
53 56
53 57
53 61
53 62
53 63
53 67
53 70
53 73
53 74
53 79
53 86
53 89
53 90
53 91
53 93
53 95
53 97
53 105
53 108
53 113
53 115
53 118
53 125
53 127
53 129
53 131
53 137
53 138
53 140
53 141
53 146
53 147
53 151
53 154
53 161
54 55
54 56
54 57
54 58
54 60
54 61
54 62
54 63
54 64
54 65
54 66
54 67
54 68
54 69
54 70
54 75
54 77
54 78
54 79
54 82
54 83
54 84
54 85
54 86
54 87
54 89
54 90
54 93
54 97
54 100
54 101
54 102
54 103
54 104
54 107
54 108
54 109
54 110
54 112
54 113
54 114
54 115
54 117
54 118
54 120
54 121
54 126
54 129
54 131
54 132
54 134
54 135
54 136
54 137
54 138
54 140
54 142
54 145
54 146
54 147
54 151
54 152
54 153
54 154
54 157
54 158
54 159
54 160
54 161
55 58
55 62
55 64
55 65
55 66
55 68
55 69
55 70
55 71
55 72
55 74
55 75
55 78
55 80
55 82
55 88
55 89
55 91
55 94
55 102
55 103
55 105
55 107
55 110
55 111
55 113
55 116
55 118
55 129
55 130
55 136
55 138
55 140
55 143
55 147
55 151
55 157
55 158
55 161
56 62
56 63
56 64
56 65
56 66
56 67
56 70
56 71
56 72
56 74
56 76
56 77
56 79
56 80
56 82
56 85
56 87
56 88
56 89
56 90
56 91
56 92
56 94
56 96
56 102
56 104
56 105
56 106
56 107
56 108
56 110
56 113
56 114
56 116
56 118
56 126
56 129
56 130
56 131
56 132
56 134
56 136
56 137
56 138
56 139
56 140
56 142
56 144
56 147
56 150
56 151
56 152
56 153
56 154
56 158
56 160
57 58
57 64
57 65
57 67
57 68
57 70
57 71
57 72
57 73
57 75
57 79
57 85
57 87
57 97
57 105
57 106
57 108
57 111
57 113
57 114
57 117
57 118
57 119
57 124
57 131
57 133
57 134
57 137
57 139
57 141
57 144
57 147
57 154
57 157
57 158
58 61
58 64
58 65
58 66
58 68
58 69
58 70
58 71
58 72
58 73
58 74
58 77
58 79
58 80
58 83
58 88
58 89
58 94
58 96
58 97
58 99
58 100
58 102
58 104
58 106
58 107
58 110
58 113
58 114
58 115
58 116
58 118
58 121
58 122
58 124
58 126
58 128
58 129
58 136
58 137
58 138
58 139
58 142
58 146
58 147
58 151
58 154
58 156
58 157
58 159
58 161
59 65
59 67
59 70
59 71
59 72
59 73
59 74
59 79
59 80
59 81
59 83
59 87
59 88
59 91
59 94
59 97
59 99
59 101
59 104
59 106
59 108
59 114
59 116
59 129
59 131
59 134
59 138
59 139
59 147
59 150
59 152
59 156
59 159
60 71
60 72
60 79
60 82
60 87
60 95
60 115
60 121
60 134
60 135
60 136
60 137
60 138
60 139
60 147
61 63
61 64
61 65
61 70
61 74
61 77
61 80
61 84
61 88
61 89
61 91
61 97
61 99
61 101
61 104
61 105
61 106
61 107
61 108
61 109
61 113
61 114
61 117
61 118
61 125
61 126
61 129
61 135
61 136
61 137
61 138
61 145
61 146
61 147
61 153
61 154
61 155
61 156
61 157
61 161
62 63
62 65
62 71
62 73
62 81
62 82
62 83
62 93
62 97
62 101
62 104
62 106
62 110
62 111
62 113
62 114
62 117
62 118
62 132
62 133
62 134
62 142
62 145
62 146
62 158
62 161
63 64
63 66
63 67
63 68
63 69
63 73
63 74
63 76
63 77
63 80
63 84
63 85
63 87
63 89
63 94
63 95
63 97
63 99
63 100
63 102
63 104
63 105
63 106
63 110
63 114
63 115
63 118
63 121
63 122
63 127
63 130
63 135
63 139
63 142
63 143
63 145
63 146
63 147
63 148
63 149
63 152
63 156
63 157
63 158
63 159
64 65
64 67
64 68
64 69
64 70
64 71
64 72
64 73
64 74
64 75
64 76
64 77
64 79
64 80
64 82
64 83
64 84
64 85
64 86
64 87
64 88
64 89
64 94
64 96
64 99
64 102
64 104
64 105
64 106
64 107
64 108
64 109
64 110
64 112
64 113
64 114
64 115
64 116
64 117
64 118
64 121
64 122
64 125
64 127
64 129
64 130
64 132
64 133
64 134
64 135
64 136
64 137
64 138
64 139
64 141
64 143
64 145
64 146
64 147
64 148
64 149
64 150
64 151
64 152
64 153
64 155
64 156
64 158
64 159
64 160
65 66
65 67
65 68
65 69
65 70
65 71
65 72
65 73
65 77
65 79
65 82
65 83
65 85
65 86
65 89
65 92
65 94
65 95
65 97
65 99
65 106
65 107
65 108
65 113
65 115
65 117
65 118
65 119
65 120
65 121
65 125
65 126
65 129
65 131
65 132
65 133
65 135
65 137
65 139
65 140
65 141
65 142
65 147
65 149
65 150
65 154
65 155
65 157
65 158
65 159
66 67
66 70
66 72
66 73
66 74
66 77
66 79
66 81
66 84
66 85
66 87
66 91
66 93
66 94
66 96
66 97
66 98
66 101
66 102
66 103
66 105
66 106
66 107
66 108
66 109
66 110
66 111
66 112
66 113
66 114
66 115
66 118
66 124
66 125
66 129
66 130
66 131
66 133
66 134
66 135
66 138
66 139
66 141
66 145
66 146
66 147
66 148
66 150
66 151
66 154
66 157
66 158
66 160
66 161
67 68
67 69
67 70
67 71
67 72
67 75
67 76
67 77
67 79
67 81
67 83
67 87
67 89
67 90
67 91
67 92
67 93
67 94
67 96
67 97
67 98
67 101
67 102
67 103
67 104
67 106
67 107
67 108
67 112
67 113
67 114
67 115
67 117
67 118
67 120
67 121
67 123
67 125
67 126
67 128
67 129
67 130
67 131
67 133
67 134
67 137
67 138
67 139
67 140
67 141
67 142
67 146
67 147
67 148
67 150
67 151
67 153
67 154
67 157
67 158
68 69
68 71
68 72
68 73
68 74
68 76
68 77
68 79
68 81
68 83
68 87
68 88
68 91
68 92
68 93
68 94
68 95
68 96
68 97
68 101
68 102
68 104
68 105
68 107
68 108
68 109
68 113
68 114
68 115
68 117
68 118
68 120
68 121
68 122
68 125
68 126
68 127
68 129
68 130
68 131
68 134
68 136
68 137
68 138
68 139
68 141
68 142
68 146
68 147
68 148
68 149
68 151
68 152
68 153
68 155
68 157
68 158
68 161
69 70
69 71
69 74
69 75
69 76
69 81
69 82
69 84
69 85
69 86
69 89
69 92
69 94
69 96
69 98
69 99
69 101
69 102
69 104
69 105
69 109
69 114
69 115
69 117
69 118
69 121
69 125
69 129
69 137
69 138
69 139
69 140
69 142
69 143
69 145
69 146
69 147
69 150
69 153
69 154
69 157
69 158
69 159
69 160
69 161
70 71
70 72
70 74
70 75
70 79
70 80
70 82
70 83
70 84
70 88
70 89
70 91
70 92
70 95
70 99
70 101
70 102
70 105
70 106
70 108
70 110
70 114
70 115
70 117
70 118
70 123
70 125
70 126
70 128
70 129
70 132
70 133
70 134
70 135
70 136
70 137
70 138
70 139
70 140
70 142
70 145
70 146
70 147
70 148
70 149
70 150
70 151
70 152
70 153
70 154
70 155
70 158
70 159
70 161
71 72
71 73
71 74
71 75
71 83
71 84
71 85
71 86
71 87
71 88
71 89
71 92
71 94
71 95
71 97
71 98
71 101
71 102
71 105
71 106
71 108
71 109
71 111
71 112
71 114
71 115
71 116
71 117
71 118
71 130
71 133
71 134
71 137
71 138
71 139
71 142
71 146
71 148
71 151
71 152
71 158
71 159
71 161
72 75
72 76
72 78
72 79
72 84
72 86
72 87
72 89
72 90
72 92
72 93
72 94
72 96
72 97
72 99
72 101
72 102
72 103
72 105
72 106
72 107
72 109
72 110
72 112
72 114
72 115
72 116
72 117
72 118
72 122
72 125
72 126
72 129
72 131
72 133
72 134
72 137
72 138
72 140
72 142
72 143
72 147
72 149
72 151
72 152
72 153
72 155
72 158
72 159
72 160
73 74
73 76
73 79
73 80
73 83
73 84
73 86
73 87
73 88
73 89
73 91
73 93
73 94
73 97
73 99
73 101
73 102
73 105
73 106
73 108
73 109
73 111
73 112
73 113
73 115
73 117
73 118
73 123
73 125
73 127
73 129
73 131
73 134
73 135
73 137
73 138
73 139
73 142
73 145
73 146
73 151
73 152
73 153
73 154
73 156
73 160
74 75
74 76
74 78
74 79
74 80
74 81
74 83
74 84
74 85
74 86
74 89
74 93
74 94
74 96
74 97
74 101
74 102
74 104
74 105
74 106
74 107
74 108
74 109
74 110
74 111
74 113
74 115
74 117
74 118
74 119
74 122
74 123
74 124
74 125
74 128
74 130
74 133
74 137
74 138
74 139
74 141
74 145
74 147
74 148
74 149
74 150
74 151
74 152
74 153
74 154
74 155
74 157
74 158
74 160
74 161
75 77
75 79
75 82
75 84
75 87
75 89
75 91
75 96
75 97
75 102
75 103
75 105
75 106
75 107
75 108
75 110
75 111
75 115
75 117
75 120
75 124
75 130
75 133
75 135
75 137
75 138
75 142
75 145
75 146
75 148
75 150
75 151
75 152
75 153
75 154
75 155
75 157
75 161
76 77
76 79
76 84
76 97
76 101
76 102
76 111
76 115
76 116
76 117
76 128
76 129
76 131
76 133
76 134
76 136
76 137
76 144
76 148
76 151
76 154
76 156
76 157
76 158
76 160
77 80
77 84
77 85
77 86
77 87
77 88
77 93
77 94
77 98
77 101
77 102
77 105
77 106
77 109
77 111
77 112
77 113
77 115
77 118
77 119
77 122
77 125
77 128
77 134
77 135
77 137
77 138
77 139
77 141
77 145
77 146
77 147
77 150
77 151
77 153
77 154
77 157
77 158
77 160
77 161
78 82
78 85
78 89
78 109
78 111
78 112
78 117
78 118
78 126
78 133
78 137
78 138
78 145
78 152
78 157
78 161
79 80
79 81
79 86
79 87
79 89
79 90
79 91
79 92
79 94
79 95
79 97
79 98
79 99
79 100
79 101
79 102
79 104
79 106
79 107
79 108
79 109
79 110
79 111
79 112
79 114
79 115
79 117
79 118
79 119
79 120
79 122
79 127
79 129
79 134
79 137
79 138
79 139
79 142
79 143
79 145
79 146
79 147
79 148
79 149
79 150
79 151
79 152
79 153
79 154
79 155
79 158
79 159
79 160
79 161
80 83
80 86
80 89
80 92
80 94
80 95
80 101
80 102
80 105
80 106
80 107
80 108
80 109
80 114
80 115
80 116
80 117
80 118
80 125
80 126
80 130
80 131
80 133
80 134
80 137
80 139
80 141
80 142
80 146
80 147
80 148
80 152
80 154
80 161
81 87
81 88
81 89
81 91
81 92
81 94
81 97
81 108
81 111
81 113
81 118
81 133
81 137
81 142
81 151
82 83
82 93
82 99
82 100
82 104
82 106
82 113
82 114
82 115
82 137
82 139
82 142
82 146
82 153
82 154
82 160
83 89
83 91
83 92
83 93
83 94
83 100
83 101
83 102
83 105
83 106
83 107
83 109
83 110
83 111
83 113
83 115
83 125
83 129
83 131
83 133
83 137
83 145
83 148
83 154
83 158
83 160
84 86
84 87
84 90
84 91
84 93
84 97
84 98
84 101
84 102
84 103
84 107
84 108
84 109
84 111
84 112
84 113
84 114
84 115
84 117
84 118
84 121
84 124
84 125
84 127
84 128
84 130
84 131
84 132
84 134
84 137
84 138
84 139
84 140
84 142
84 145
84 148
84 149
84 150
84 152
84 156
84 158
84 159
84 161
85 87
85 91
85 94
85 99
85 101
85 102
85 107
85 108
85 109
85 111
85 114
85 116
85 121
85 125
85 130
85 131
85 133
85 134
85 135
85 137
85 147
85 151
85 152
86 89
86 90
86 92
86 93
86 98
86 101
86 102
86 103
86 105
86 106
86 108
86 111
86 117
86 120
86 126
86 128
86 131
86 133
86 134
86 137
86 138
86 141
86 142
86 145
86 147
86 152
86 160
87 89
87 90
87 92
87 94
87 102
87 103
87 105
87 106
87 108
87 110
87 111
87 114
87 115
87 118
87 121
87 122
87 123
87 126
87 130
87 134
87 135
87 137
87 139
87 142
87 145
87 147
87 150
87 154
87 155
88 92
88 101
88 103
88 104
88 106
88 107
88 108
88 113
88 114
88 117
88 118
88 125
88 126
88 129
88 131
88 136
88 137
88 138
88 140
88 147
88 148
88 149
88 151
88 152
88 153
88 154
88 156
89 93
89 94
89 98
89 99
89 101
89 102
89 103
89 104
89 110
89 113
89 114
89 115
89 116
89 117
89 118
89 119
89 125
89 126
89 128
89 129
89 130
89 131
89 133
89 134
89 135
89 137
89 138
89 141
89 143
89 144
89 146
89 147
89 149
89 151
89 152
89 153
89 154
89 158
89 159
89 161
90 92
90 101
90 102
90 106
90 108
90 115
90 125
90 127
90 133
90 134
90 138
90 140
90 144
90 145
90 147
90 151
90 152
90 157
90 160
91 93
91 95
91 101
91 102
91 109
91 113
91 117
91 125
91 126
91 129
91 130
91 131
91 132
91 133
91 137
91 138
91 139
91 149
91 150
91 152
91 154
91 157
91 158
91 159
92 96
92 99
92 101
92 105
92 106
92 112
92 113
92 114
92 117
92 118
92 122
92 129
92 133
92 134
92 135
92 136
92 137
92 138
92 142
92 145
92 147
92 150
92 151
92 153
92 154
92 158
93 96
93 101
93 105
93 108
93 110
93 111
93 114
93 117
93 118
93 127
93 129
93 131
93 133
93 135
93 137
93 139
93 143
93 146
93 147
93 149
93 150
93 152
93 153
93 157
93 158
93 160
93 161
94 96
94 97
94 98
94 99
94 100
94 101
94 102
94 103
94 107
94 109
94 112
94 114
94 115
94 117
94 120
94 124
94 126
94 130
94 131
94 134
94 137
94 138
94 141
94 142
94 143
94 147
94 150
94 151
94 152
94 153
94 154
94 155
94 157
94 158
94 159
94 160
94 161
95 101
95 102
95 106
95 111
95 112
95 114
95 131
95 133
95 134
95 140
95 141
95 142
95 145
95 147
95 149
95 150
95 152
95 155
95 158
95 160
95 161
96 99
96 104
96 119
96 126
96 129
96 135
96 137
96 139
96 142
96 143
96 145
96 150
96 159
97 98
97 99
97 101
97 102
97 106
97 108
97 109
97 112
97 115
97 125
97 126
97 127
97 129
97 131
97 133
97 134
97 136
97 137
97 138
97 139
97 141
97 143
97 147
97 150
97 154
97 155
97 158
97 159
98 100
98 101
98 103
98 106
98 111
98 115
98 118
98 122
98 125
98 129
98 130
98 131
98 133
98 137
98 138
98 139
98 141
98 142
98 146
98 147
98 150
98 153
98 157
98 160
99 101
99 102
99 106
99 107
99 108
99 118
99 126
99 129
99 130
99 137
99 138
99 139
99 142
99 146
99 148
99 149
99 154
99 157
99 158
99 159
99 161
100 101
100 102
100 108
100 109
100 112
100 114
100 115
100 117
100 133
100 134
100 139
100 141
100 142
100 153
100 154
100 158
101 102
101 104
101 105
101 106
101 110
101 113
101 114
101 115
101 116
101 118
101 122
101 124
101 125
101 128
101 131
101 133
101 134
101 135
101 137
101 138
101 139
101 140
101 142
101 146
101 147
101 148
101 151
101 152
101 153
101 154
101 155
101 157
101 160
102 103
102 106
102 107
102 108
102 111
102 112
102 113
102 114
102 115
102 116
102 117
102 118
102 120
102 121
102 125
102 126
102 128
102 130
102 131
102 133
102 134
102 135
102 137
102 138
102 139
102 140
102 142
102 145
102 146
102 147
102 152
102 154
102 155
102 157
102 160
103 104
103 106
103 108
103 109
103 110
103 113
103 114
103 116
103 118
103 121
103 125
103 129
103 131
103 133
103 134
103 138
103 139
103 140
103 142
103 143
103 144
103 146
103 147
103 149
103 150
103 152
103 157
104 106
104 107
104 114
104 115
104 129
104 130
104 131
104 133
104 137
104 141
104 142
104 143
104 151
104 152
104 153
104 159
105 106
105 108
105 111
105 112
105 113
105 114
105 116
105 117
105 118
105 119
105 124
105 125
105 129
105 130
105 131
105 133
105 134
105 135
105 137
105 138
105 139
105 146
105 148
105 151
105 153
105 154
105 155
105 157
105 158
105 159
106 107
106 108
106 109
106 111
106 112
106 114
106 116
106 117
106 122
106 124
106 125
106 128
106 130
106 131
106 134
106 135
106 137
106 138
106 139
106 142
106 145
106 146
106 150
106 151
106 152
106 155
106 157
106 158
106 159
107 112
107 114
107 117
107 119
107 121
107 125
107 133
107 136
107 137
107 138
107 139
107 141
107 142
107 147
107 148
107 149
107 151
107 152
108 109
108 112
108 113
108 116
108 117
108 118
108 120
108 122
108 123
108 126
108 127
108 128
108 131
108 133
108 134
108 135
108 136
108 137
108 138
108 139
108 141
108 142
108 143
108 145
108 147
108 153
108 154
108 155
108 156
108 157
108 158
108 160
109 112
109 113
109 114
109 115
109 116
109 117
109 119
109 122
109 125
109 126
109 127
109 129
109 130
109 131
109 132
109 134
109 135
109 138
109 139
109 143
109 144
109 147
109 148
109 150
109 151
109 154
109 159
109 160
109 161
110 112
110 114
110 118
110 125
110 128
110 133
110 140
110 147
110 149
110 152
110 154
110 155
110 161
111 112
111 113
111 117
111 118
111 129
111 130
111 132
111 133
111 134
111 136
111 145
111 147
111 150
111 154
111 157
111 159
111 160
112 113
112 114
112 115
112 117
112 118
112 120
112 121
112 125
112 126
112 129
112 134
112 135
112 137
112 139
112 142
112 143
112 147
112 149
112 150
112 151
112 153
112 154
112 157
112 158
112 159
113 114
113 117
113 123
113 124
113 129
113 130
113 131
113 132
113 133
113 136
113 137
113 138
113 139
113 140
113 141
113 145
113 146
113 147
113 151
113 152
113 153
113 154
113 155
113 158
113 159
114 116
114 117
114 118
114 121
114 125
114 126
114 128
114 129
114 131
114 133
114 134
114 135
114 136
114 137
114 138
114 139
114 140
114 142
114 143
114 145
114 146
114 148
114 149
114 151
114 153
114 154
114 159
114 160
115 118
115 121
115 124
115 125
115 126
115 127
115 129
115 131
115 132
115 133
115 136
115 138
115 139
115 142
115 145
115 146
115 151
115 152
115 154
115 157
115 159
116 117
116 125
116 126
116 131
116 134
116 138
116 140
116 145
116 147
116 155
116 157
116 159
116 160
117 118
117 123
117 125
117 126
117 131
117 132
117 134
117 136
117 137
117 138
117 139
117 140
117 141
117 142
117 146
117 147
117 148
117 149
117 152
117 154
117 159
117 161
118 124
118 129
118 130
118 133
118 134
118 135
118 136
118 137
118 138
118 139
118 146
118 147
118 148
118 149
118 150
118 151
118 152
118 153
118 154
118 157
118 158
118 160
119 123
119 125
119 134
119 137
119 139
119 142
119 154
119 158
120 121
120 128
120 131
120 133
120 134
120 144
120 146
120 147
120 157
120 161
121 124
121 125
121 133
121 152
121 158
121 159
122 153
122 154
122 157
122 159
123 124
123 130
123 133
123 137
123 139
123 155
124 129
124 134
124 147
124 159
124 161
125 126
125 129
125 131
125 132
125 134
125 135
125 136
125 137
125 138
125 139
125 142
125 147
125 150
125 151
125 152
125 153
125 154
125 155
125 157
125 158
126 128
126 129
126 131
126 134
126 136
126 138
126 139
126 140
126 145
126 146
126 147
126 152
126 153
126 154
126 157
126 159
126 160
126 161
127 129
127 131
127 132
127 134
127 137
127 142
127 146
127 151
127 152
127 154
128 133
128 134
128 135
128 137
128 152
128 153
129 130
129 131
129 133
129 134
129 135
129 137
129 138
129 141
129 143
129 145
129 146
129 147
129 148
129 149
129 150
129 151
129 152
129 153
129 154
129 159
129 160
129 161
130 131
130 135
130 138
130 143
130 147
130 149
130 154
130 156
130 157
130 159
130 161
131 132
131 133
131 134
131 135
131 136
131 137
131 138
131 140
131 141
131 142
131 144
131 146
131 147
131 149
131 151
131 152
131 154
131 156
131 157
131 158
131 159
131 160
131 161
132 134
132 145
132 149
132 154
132 155
132 161
133 134
133 137
133 138
133 139
133 140
133 141
133 142
133 143
133 144
133 146
133 147
133 149
133 151
133 152
133 153
133 154
133 157
133 158
133 159
133 161
134 142
134 147
134 149
134 154
134 156
134 159
134 160
134 161
135 136
135 137
135 142
135 145
135 147
135 149
135 150
135 151
135 152
135 155
135 157
135 161
136 141
136 142
136 146
136 154
136 155
136 156
136 157
137 138
137 139
137 143
137 144
137 145
137 149
137 151
137 153
137 155
137 157
137 159
138 141
138 142
138 143
138 145
138 146
138 147
138 149
138 150
138 151
138 152
138 153
138 154
138 155
138 156
138 157
138 158
138 159
138 160
138 161
139 141
139 143
139 147
139 149
139 152
139 154
139 158
140 141
140 142
140 147
140 150
140 151
140 154
141 142
141 145
141 146
141 147
141 150
141 151
141 152
141 158
142 145
142 146
142 147
142 148
142 150
142 151
142 152
142 154
142 155
142 157
142 161
143 146
143 147
143 155
145 147
145 152
145 153
145 155
145 157
145 159
145 161
146 147
146 148
146 149
146 150
146 152
146 153
146 158
146 159
146 160
147 150
147 151
147 153
147 154
147 155
147 161
148 149
148 154
148 157
148 160
149 150
149 152
149 154
149 155
149 157
149 159
149 160
149 161
150 151
150 154
150 158
151 153
151 154
151 157
151 159
151 160
151 161
152 155
152 156
152 158
152 159
152 160
152 161
153 154
153 155
153 157
153 160
154 157
154 158
154 159
154 161
155 157
155 161
156 157
157 160
158 160
158 161
160 161
