0 1
0 3
0 4
0 7
0 11
0 14
0 19
0 25
0 27
0 28
0 30
0 31
0 38
0 41
0 44
0 45
0 46
0 47
0 51
0 56
0 58
0 59
0 62
0 64
0 65
0 66
0 67
0 68
0 69
0 70
0 71
0 72
0 73
0 74
0 75
0 80
0 85
0 90
0 94
0 97
0 99
0 104
0 105
0 106
0 107
0 108
0 109
0 112
0 113
0 115
0 118
0 128
0 129
0 135
0 138
0 139
0 142
0 146
0 147
0 149
0 150
0 151
0 153
0 154
0 156
0 157
0 158
0 160
1 4
1 5
1 6
1 8
1 12
1 14
1 18
1 20
1 26
1 27
1 28
1 29
1 31
1 33
1 36
1 37
1 38
1 40
1 45
1 48
1 51
1 58
1 60
1 61
1 62
1 67
1 68
1 70
1 72
1 73
1 74
1 75
1 76
1 77
1 79
1 84
1 87
1 91
1 95
1 97
1 98
1 100
1 101
1 104
1 105
1 107
1 109
1 114
1 115
1 118
1 126
1 130
1 134
1 135
1 137
1 144
1 147
1 149
1 150
1 151
1 152
1 153
1 154
1 155
1 158
1 160
2 3
2 4
2 9
2 21
2 29
2 33
2 35
2 36
2 40
2 41
2 43
2 44
2 45
2 51
2 53
2 55
2 58
2 66
2 69
2 71
2 72
2 73
2 75
2 77
2 79
2 91
2 92
2 94
2 97
2 99
2 110
2 115
2 118
2 125
2 129
2 130
2 133
2 134
2 136
2 137
2 141
2 142
2 143
2 150
2 152
2 153
2 155
2 161
3 4
3 5
3 8
3 14
3 16
3 18
3 23
3 31
3 32
3 35
3 39
3 44
3 49
3 54
3 58
3 64
3 65
3 66
3 69
3 74
3 79
3 80
3 81
3 82
3 85
3 86
3 92
3 94
3 96
3 97
3 98
3 99
3 101
3 103
3 106
3 125
3 131
3 133
3 135
3 136
3 143
3 147
3 149
3 157
3 159
4 6
4 8
4 10
4 11
4 12
4 14
4 18
4 19
4 20
4 21
4 23
4 25
4 26
4 27
4 28
4 30
4 31
4 32
4 33
4 34
4 36
4 37
4 39
4 40
4 43
4 44
4 45
4 50
4 53
4 56
4 58
4 61
4 62
4 63
4 64
4 66
4 67
4 70
4 71
4 72
4 75
4 78
4 79
4 80
4 81
4 84
4 85
4 86
4 88
4 89
4 91
4 92
4 93
4 94
4 95
4 99
4 100
4 101
4 102
4 103
4 105
4 107
4 108
4 109
4 111
4 112
4 113
4 125
4 126
4 128
4 129
4 130
4 131
4 132
4 133
4 135
4 136
4 137
4 140
4 142
4 143
4 145
4 148
4 150
4 151
4 152
4 154
4 156
4 157
4 158
4 159
5 15
5 26
5 29
5 31
5 35
5 40
5 47
5 49
5 51
5 52
5 66
5 67
5 68
5 70
5 73
5 75
5 97
5 102
5 106
5 108
5 116
5 117
5 129
5 131
5 133
5 138
5 141
5 145
5 154
5 161
6 7
6 10
6 11
6 12
6 14
6 16
6 18
6 19
6 20
6 21
6 23
6 25
6 26
6 30
6 31
6 33
6 34
6 36
6 37
6 38
6 39
6 40
6 41
6 43
6 44
6 45
6 46
6 49
6 50
6 51
6 52
6 54
6 55
6 57
6 58
6 59
6 61
6 63
6 64
6 65
6 67
6 68
6 70
6 71
6 72
6 73
6 74
6 75
6 76
6 77
6 78
6 79
6 80
6 83
6 84
6 87
6 88
6 90
6 91
6 93
6 96
6 99
6 100
6 101
6 102
6 103
6 105
6 106
6 107
6 108
6 109
6 110
6 111
6 112
6 113
6 114
6 115
6 116
6 117
6 118
6 125
6 126
6 129
6 130
6 131
6 132
6 134
6 135
6 137
6 141
6 144
6 145
6 146
6 147
6 151
6 152
6 153
6 154
6 156
6 157
6 158
6 159
6 160
7 8
7 11
7 13
7 14
7 16
7 18
7 19
7 21
7 26
7 28
7 30
7 31
7 34
7 36
7 37
7 38
7 40
7 41
7 43
7 44
7 45
7 47
7 48
7 49
7 50
7 52
7 54
7 55
7 56
7 58
7 59
7 60
7 62
7 68
7 69
7 70
7 71
7 72
7 73
7 75
7 76
7 77
7 82
7 84
7 85
7 87
7 88
7 89
7 90
7 91
7 92
7 93
7 94
7 97
7 99
7 100
7 101
7 103
7 104
7 106
7 107
7 108
7 109
7 111
7 112
7 114
7 115
7 116
7 117
7 118
7 122
7 123
7 126
7 129
7 130
7 132
7 134
7 135
7 136
7 137
7 138
7 139
7 140
7 142
7 143
7 146
7 147
7 149
7 151
7 152
7 153
7 154
7 157
7 161
8 12
8 13
8 14
8 21
8 30
8 33
8 38
8 39
8 44
8 45
8 46
8 49
8 56
8 57
8 59
8 62
8 65
8 69
8 71
8 72
8 93
8 94
8 101
8 106
8 107
8 111
8 125
8 129
8 131
8 133
8 142
8 145
8 147
8 150
8 151
8 154
8 157
9 10
9 20
9 21
9 22
9 25
9 29
9 30
9 31
9 32
9 35
9 37
9 40
9 41
9 44
9 46
9 48
9 49
9 52
9 53
9 57
9 59
9 61
9 62
9 64
9 65
9 66
9 67
9 69
9 70
9 72
9 73
9 74
9 75
9 77
9 80
9 84
9 86
9 91
9 97
9 99
9 100
9 103
9 107
9 108
9 109
9 115
9 118
9 121
9 126
9 128
9 129
9 130
9 134
9 136
9 137
9 142
9 147
9 149
9 151
9 152
10 13
10 15
10 16
10 21
10 25
10 26
10 31
10 34
10 37
10 38
10 40
10 44
10 49
10 50
10 51
10 52
10 54
10 58
10 62
10 64
10 65
10 66
10 67
10 70
10 71
10 73
10 74
10 79
10 80
10 82
10 89
10 91
10 95
10 98
10 101
10 102
10 106
10 109
10 113
10 114
10 115
10 117
10 118
10 125
10 126
10 128
10 132
10 134
10 136
10 138
10 141
10 146
10 153
10 157
10 160
10 161
11 12
11 14
11 15
11 16
11 21
11 26
11 30
11 31
11 32
11 35
11 38
11 39
11 40
11 42
11 43
11 47
11 50
11 51
11 53
11 54
11 59
11 63
11 64
11 67
11 68
11 69
11 70
11 72
11 76
11 79
11 80
11 81
11 84
11 86
11 87
11 89
11 91
11 93
11 96
11 99
11 101
11 103
11 106
11 107
11 108
11 109
11 110
11 112
11 114
11 115
11 116
11 117
11 118
11 120
11 122
11 127
11 129
11 131
11 132
11 133
11 135
11 139
11 141
11 143
11 148
11 149
11 153
11 157
11 158
11 161
12 14
12 15
12 16
12 18
12 19
12 20
12 21
12 23
12 26
12 29
12 30
12 31
12 32
12 37
12 38
12 39
12 40
12 45
12 49
12 50
12 54
12 56
12 61
12 62
12 64
12 65
12 68
12 69
12 70
12 72
12 73
12 74
12 79
12 80
12 89
12 93
12 94
12 97
12 101
12 102
12 106
12 109
12 111
12 118
12 122
12 125
12 131
12 137
12 138
12 141
12 143
12 147
12 149
12 151
12 155
12 157
12 158
12 161
13 14
13 25
13 28
13 30
13 32
13 37
13 38
13 39
13 40
13 45
13 46
13 48
13 49
13 52
13 57
13 58
13 63
13 64
13 65
13 66
13 67
13 72
13 74
13 83
13 88
13 90
13 94
13 95
13 97
13 100
13 101
13 107
13 108
13 109
13 110
13 111
13 113
13 115
13 119
13 120
13 121
13 124
13 126
13 129
13 131
13 134
13 138
13 141
13 142
13 143
13 146
13 147
13 149
13 151
13 153
13 154
13 158
14 16
14 18
14 19
14 20
14 21
14 25
14 30
14 31
14 33
14 34
14 35
14 36
14 37
14 38
14 40
14 45
14 46
14 47
14 49
14 51
14 52
14 53
14 54
14 55
14 56
14 57
14 59
14 61
14 63
14 64
14 66
14 67
14 68
14 69
14 70
14 71
14 73
14 74
14 77
14 79
14 80
14 82
14 83
14 84
14 85
14 88
14 89
14 91
14 92
14 94
14 95
14 100
14 101
14 106
14 107
14 109
14 110
14 113
14 114
14 115
14 116
14 118
14 120
14 123
14 125
14 126
14 128
14 129
14 131
14 133
14 134
14 137
14 138
14 139
14 141
14 142
14 146
14 147
14 151
14 152
14 154
14 155
14 158
14 159
14 160
14 161
15 23
15 24
15 25
15 26
15 30
15 31
15 32
15 35
15 36
15 38
15 43
15 44
15 45
15 47
15 50
15 51
15 53
15 56
15 64
15 67
15 71
15 77
15 79
15 85
15 88
15 93
15 94
15 98
15 103
15 106
15 108
15 115
15 117
15 118
15 126
15 129
15 134
15 136
15 137
15 140
15 143
15 144
15 147
15 152
15 153
15 154
15 158
16 19
16 21
16 26
16 27
16 45
16 49
16 54
16 58
16 64
16 70
16 77
16 80
16 81
16 85
16 88
16 91
16 96
16 101
16 102
16 104
16 108
16 113
16 114
16 117
16 119
16 120
16 128
16 129
16 134
16 137
16 138
16 139
16 142
16 145
16 146
16 147
16 148
16 158
16 161
17 18
17 19
17 25
17 28
17 31
17 35
17 40
17 50
17 51
17 56
17 63
17 64
17 69
17 76
17 78
17 79
17 80
17 89
17 91
17 92
17 97
17 99
17 100
17 101
17 102
17 108
17 109
17 111
17 112
17 113
17 127
17 133
17 136
17 137
17 138
17 139
17 142
17 149
17 152
17 154
17 161
18 22
18 24
18 28
18 30
18 35
18 37
18 40
18 42
18 44
18 45
18 53
18 54
18 56
18 58
18 61
18 64
18 66
18 67
18 68
18 69
18 73
18 76
18 77
18 79
18 81
18 84
18 89
18 90
18 92
18 93
18 94
18 95
18 99
18 105
18 109
18 113
18 114
18 117
18 118
18 125
18 129
18 131
18 134
18 136
18 137
18 138
18 139
18 145
18 147
18 148
18 150
18 151
18 154
18 157
18 158
18 160
18 161
19 20
19 21
19 22
19 23
19 25
19 28
19 29
19 30
19 31
19 34
19 35
19 37
19 38
19 39
19 43
19 44
19 45
19 49
19 50
19 51
19 52
19 53
19 54
19 55
19 56
19 58
19 59
19 63
19 64
19 65
19 66
19 69
19 70
19 72
19 73
19 74
19 75
19 76
19 78
19 79
19 80
19 81
19 82
19 83
19 84
19 86
19 87
19 92
19 94
19 95
19 97
19 98
19 99
19 101
19 102
19 107
19 108
19 109
19 112
19 113
19 114
19 115
19 116
19 117
19 118
19 123
19 125
19 128
19 131
19 133
19 134
19 136
19 137
19 138
19 139
19 141
19 142
19 143
19 145
19 147
19 148
19 149
19 150
19 152
19 153
19 154
19 157
19 158
19 161
20 21
20 26
20 27
20 30
20 31
20 35
20 36
20 39
20 44
20 49
20 51
20 56
20 59
20 67
20 70
20 73
20 74
20 76
20 83
20 87
20 89
20 101
20 102
20 107
20 112
20 115
20 117
20 129
20 130
20 133
20 136
20 137
20 142
20 151
20 153
20 154
20 158
20 159
21 22
21 25
21 26
21 30
21 32
21 34
21 36
21 37
21 40
21 41
21 44
21 45
21 46
21 50
21 51
21 53
21 54
21 56
21 57
21 58
21 59
21 61
21 62
21 65
21 66
21 67
21 69
21 71
21 73
21 74
21 75
21 77
21 79
21 80
21 81
21 82
21 86
21 87
21 88
21 93
21 100
21 101
21 102
21 104
21 106
21 107
21 108
21 109
21 110
21 114
21 115
21 116
21 117
21 118
21 123
21 126
21 129
21 131
21 133
21 134
21 136
21 137
21 138
21 140
21 142
21 143
21 144
21 146
21 147
21 149
21 151
21 152
21 154
21 155
21 157
21 158
21 159
21 161
22 31
22 32
22 35
22 36
22 39
22 49
22 50
22 54
22 55
22 56
22 58
22 64
22 65
22 66
22 68
22 69
22 72
22 76
22 78
22 94
22 96
22 98
22 99
22 106
22 107
22 109
22 112
22 114
22 116
22 120
22 121
22 125
22 126
22 129
22 135
22 138
22 139
22 142
22 151
22 152
22 154
22 158
23 26
23 28
23 31
23 42
23 51
23 54
23 57
23 59
23 61
23 64
23 67
23 68
23 74
23 75
23 80
23 84
23 87
23 88
23 94
23 101
23 108
23 112
23 117
23 129
23 131
23 137
23 142
23 143
23 152
23 157
24 30
24 32
24 36
24 42
24 45
24 51
24 72
24 77
24 79
24 80
24 82
24 94
24 99
24 102
24 105
24 106
24 113
24 114
24 116
24 119
24 131
24 138
24 139
24 141
24 142
24 147
24 151
24 152
24 153
24 154
24 159
24 160
25 26
25 30
25 37
25 39
25 40
25 42
25 46
25 50
25 51
25 54
25 55
25 56
25 61
25 62
25 64
25 66
25 67
25 68
25 70
25 71
25 73
25 74
25 75
25 77
25 79
25 80
25 81
25 83
25 84
25 89
25 97
25 98
25 99
25 101
25 102
25 104
25 106
25 107
25 108
25 110
25 111
25 112
25 114
25 115
25 121
25 125
25 126
25 129
25 131
25 134
25 135
25 140
25 142
25 144
25 147
25 148
25 151
25 152
25 154
25 155
25 157
26 29
26 30
26 32
26 33
26 36
26 37
26 38
26 39
26 40
26 41
26 43
26 45
26 46
26 49
26 52
26 54
26 56
26 58
26 59
26 61
26 62
26 65
26 66
26 67
26 68
26 69
26 70
26 71
26 72
26 75
26 77
26 79
26 80
26 84
26 85
26 87
26 88
26 89
26 92
26 93
26 95
26 96
26 97
26 98
26 101
26 102
26 103
26 105
26 106
26 108
26 109
26 110
26 111
26 113
26 114
26 115
26 116
26 117
26 118
26 124
26 125
26 126
26 129
26 131
26 133
26 134
26 135
26 138
26 139
26 142
26 145
26 148
26 150
26 151
26 152
26 153
26 154
26 155
26 156
26 157
26 159
26 160
26 161
27 30
27 45
27 46
27 64
27 73
27 74
27 79
27 84
27 89
27 103
27 106
27 115
27 118
27 129
27 141
27 148
27 152
27 154
27 157
28 30
28 31
28 38
28 40
28 41
28 42
28 43
28 46
28 49
28 54
28 55
28 56
28 57
28 59
28 67
28 68
28 72
28 73
28 84
28 88
28 91
28 93
28 94
28 97
28 99
28 101
28 103
28 104
28 107
28 108
28 109
28 113
28 115
28 116
28 117
28 125
28 126
28 130
28 133
28 134
28 137
28 140
28 143
28 153
28 154
28 158
29 31
29 34
29 35
29 36
29 38
29 44
29 45
29 50
29 51
29 52
29 54
29 56
29 57
29 58
29 63
29 64
29 70
29 71
29 74
29 76
29 77
29 84
29 91
29 99
29 101
29 102
29 106
29 112
29 113
29 114
29 118
29 125
29 126
29 128
29 131
29 133
29 134
29 137
29 138
29 140
29 142
29 147
29 149
29 150
29 158
29 159
30 31
30 33
30 35
30 36
30 38
30 39
30 43
30 44
30 45
30 48
30 49
30 51
30 52
30 54
30 55
30 56
30 57
30 60
30 62
30 64
30 65
30 66
30 67
30 68
30 69
30 70
30 72
30 76
30 77
30 79
30 82
30 83
30 85
30 87
30 89
30 90
30 91
30 92
30 94
30 99
30 100
30 101
30 102
30 106
30 108
30 109
30 111
30 112
30 115
30 116
30 118
30 119
30 127
30 128
30 129
30 131
30 132
30 133
30 134
30 136
30 137
30 138
30 141
30 143
30 145
30 146
30 147
30 149
30 150
30 151
30 152
30 154
30 156
30 157
30 159
30 161
31 35
31 36
31 37
31 38
31 39
31 42
31 44
31 45
31 46
31 49
31 50
31 51
31 54
31 55
31 56
31 58
31 59
31 61
31 62
31 64
31 65
31 67
31 68
31 69
31 70
31 71
31 73
31 75
31 77
31 79
31 80
31 81
31 83
31 84
31 85
31 87
31 94
31 95
31 99
31 101
31 102
31 103
31 104
31 105
31 106
31 107
31 108
31 111
31 115
31 116
31 117
31 118
31 121
31 124
31 125
31 128
31 129
31 131
31 132
31 133
31 135
31 136
31 137
31 139
31 140
31 142
31 143
31 145
31 147
31 149
31 151
31 152
31 153
31 155
31 156
31 157
31 158
31 159
32 36
32 38
32 40
32 46
32 50
32 51
32 54
32 58
32 60
32 65
32 66
32 67
32 68
32 69
32 71
32 72
32 73
32 75
32 76
32 77
32 86
32 88
32 89
32 91
32 92
32 93
32 94
32 95
32 96
32 97
32 99
32 100
32 102
32 106
32 107
32 108
32 109
32 110
32 112
32 113
32 114
32 117
32 118
32 126
32 131
32 133
32 134
32 135
32 136
32 137
32 139
32 141
32 142
32 145
32 146
32 147
32 150
32 151
32 152
32 153
32 157
32 158
32 161
33 40
33 43
33 50
33 52
33 64
33 69
33 74
33 77
33 82
33 88
33 89
33 90
33 93
33 94
33 97
33 101
33 102
33 111
33 113
33 114
33 115
33 119
33 129
33 132
33 133
33 134
33 137
33 142
33 145
33 147
33 152
33 158
34 42
34 46
34 50
34 54
34 55
34 58
34 60
34 61
34 64
34 65
34 67
34 68
34 71
34 77
34 80
34 82
34 86
34 92
34 98
34 99
34 102
34 106
34 109
34 112
34 113
34 115
34 118
34 120
34 129
34 131
34 132
34 133
34 134
34 136
34 137
34 142
34 143
34 147
34 150
34 151
34 153
34 154
34 159
35 36
35 37
35 40
35 41
35 44
35 46
35 48
35 49
35 51
35 52
35 54
35 55
35 56
35 59
35 63
35 65
35 66
35 67
35 69
35 72
35 73
35 78
35 79
35 81
35 84
35 87
35 89
35 95
35 96
35 98
35 99
35 101
35 104
35 106
35 108
35 110
35 111
35 112
35 113
35 115
35 116
35 117
35 118
35 119
35 120
35 125
35 129
35 130
35 131
35 133
35 134
35 135
35 137
35 138
35 139
35 140
35 141
35 143
35 146
35 147
35 149
35 152
35 158
35 159
35 161
36 39
36 46
36 49
36 54
36 56
36 63
36 68
36 69
36 70
36 71
36 72
36 74
36 75
36 77
36 79
36 80
36 84
36 86
36 89
36 91
36 96
36 97
36 98
36 99
36 101
36 106
36 109
36 110
36 113
36 115
36 117
36 120
36 124
36 128
36 129
36 130
36 131
36 134
36 137
36 138
36 141
36 142
36 146
36 147
36 151
36 152
36 156
36 158
36 160
36 161
37 40
37 45
37 48
37 49
37 50
37 51
37 54
37 56
37 59
37 70
37 71
37 72
37 73
37 74
37 76
37 79
37 87
37 88
37 89
37 95
37 96
37 99
37 101
37 103
37 106
37 108
37 109
37 112
37 116
37 117
37 128
37 129
37 130
37 133
37 138
37 141
37 142
37 145
37 146
37 147
37 149
37 151
37 152
37 154
37 157
38 40
38 44
38 45
38 46
38 50
38 51
38 52
38 54
38 55
38 58
38 59
38 63
38 64
38 65
38 66
38 67
38 68
38 70
38 72
38 73
38 75
38 76
38 77
38 80
38 81
38 84
38 85
38 87
38 88
38 90
38 92
38 99
38 101
38 106
38 109
38 111
38 112
38 115
38 117
38 118
38 120
38 121
38 123
38 125
38 126
38 129
38 132
38 134
38 136
38 137
38 138
38 140
38 142
38 146
38 148
38 150
38 151
38 153
38 158
38 160
39 40
39 43
39 46
39 53
39 54
39 55
39 56
39 57
39 59
39 65
39 67
39 68
39 71
39 76
39 81
39 84
39 85
39 86
39 89
39 94
39 96
39 97
39 100
39 108
39 109
39 111
39 113
39 115
39 116
39 120
39 130
39 134
39 137
39 143
39 147
39 149
39 152
39 154
39 159
40 41
40 42
40 43
40 45
40 47
40 48
40 49
40 51
40 52
40 53
40 54
40 55
40 56
40 57
40 64
40 65
40 67
40 69
40 70
40 71
40 74
40 75
40 76
40 77
40 79
40 80
40 81
40 84
40 85
40 87
40 89
40 91
40 92
40 93
40 95
40 99
40 100
40 101
40 102
40 103
40 105
40 106
40 108
40 109
40 111
40 112
40 113
40 114
40 115
40 116
40 117
40 118
40 119
40 124
40 125
40 129
40 130
40 131
40 132
40 134
40 135
40 136
40 137
40 138
40 145
40 146
40 147
40 148
40 149
40 151
40 152
40 153
40 154
40 155
40 156
40 157
40 158
41 43
41 46
41 48
41 64
41 67
41 70
41 77
41 79
41 81
41 94
41 97
41 99
41 106
41 108
41 109
41 111
41 115
41 117
41 125
41 129
41 132
41 137
41 141
41 142
41 148
41 150
41 156
41 157
42 46
42 47
42 49
42 52
42 54
42 56
42 58
42 63
42 66
42 67
42 70
42 71
42 72
42 73
42 74
42 79
42 88
42 94
42 101
42 109
42 113
42 114
42 115
42 117
42 118
42 124
42 128
42 130
42 131
42 133
42 135
42 138
42 141
42 142
42 145
42 146
42 149
42 151
42 152
42 153
42 154
43 45
43 49
43 50
43 56
43 58
43 59
43 61
43 64
43 66
43 70
43 71
43 72
43 74
43 75
43 76
43 77
43 79
43 81
43 83
43 85
43 87
43 88
43 89
43 91
43 93
43 94
43 95
43 100
43 105
43 106
43 107
43 109
43 111
43 112
43 115
43 122
43 124
43 125
43 133
43 137
43 138
43 139
43 141
43 142
43 145
43 149
43 150
43 151
43 152
43 153
43 154
43 157
43 160
44 46
44 49
44 50
44 51
44 53
44 54
44 58
44 59
44 60
44 61
44 62
44 63
44 64
44 67
44 68
44 70
44 74
44 75
44 77
44 79
44 83
44 85
44 88
44 89
44 92
44 93
44 96
44 97
44 100
44 101
44 102
44 109
44 113
44 114
44 115
44 117
44 118
44 125
44 126
44 130
44 131
44 133
44 134
44 135
44 136
44 137
44 138
44 142
44 143
44 145
44 146
44 151
44 152
44 154
44 157
45 46
45 51
45 52
45 53
45 54
45 56
45 60
45 63
45 64
45 67
45 68
45 70
45 72
45 73
45 74
45 77
45 79
45 80
45 82
45 84
45 85
45 88
45 89
45 91
45 92
45 94
45 99
45 100
45 101
45 106
45 108
45 109
45 110
45 111
45 112
45 115
45 116
45 117
45 118
45 120
45 125
45 126
45 128
45 129
45 130
45 131
45 133
45 135
45 136
45 137
45 140
45 141
45 143
45 145
45 146
45 147
45 151
45 152
45 153
45 154
45 157
45 158
45 159
45 160
46 48
46 49
46 51
46 53
46 54
46 56
46 58
46 59
46 64
46 67
46 68
46 69
46 70
46 71
46 72
46 75
46 77
46 84
46 85
46 88
46 94
46 96
46 97
46 98
46 99
46 101
46 102
46 103
46 106
46 107
46 108
46 112
46 113
46 114
46 115
46 116
46 117
46 118
46 123
46 125
46 128
46 137
46 138
46 142
46 147
46 148
46 154
46 155
46 157
46 159
46 160
46 161
47 58
47 59
47 61
47 65
47 74
47 75
47 80
47 84
47 89
47 101
47 104
47 113
47 115
47 116
47 117
47 121
47 124
47 134
47 137
47 143
47 151
47 157
48 54
48 57
48 58
48 61
48 64
48 67
48 68
48 69
48 70
48 71
48 74
48 75
48 76
48 86
48 89
48 98
48 100
48 106
48 110
48 111
48 129
48 136
48 137
48 139
48 141
48 147
48 155
49 50
49 51
49 52
49 54
49 55
49 58
49 61
49 62
49 63
49 64
49 70
49 71
49 72
49 73
49 81
49 82
49 83
49 84
49 86
49 87
49 88
49 91
49 97
49 99
49 100
49 101
49 102
49 103
49 104
49 107
49 108
49 109
49 113
49 114
49 115
49 117
49 119
49 122
49 125
49 126
49 127
49 128
49 129
49 130
49 131
49 133
49 134
49 136
49 138
49 139
49 140
49 141
49 142
49 145
49 146
49 147
49 150
49 152
49 154
49 157
49 161
50 51
50 54
50 55
50 56
50 63
50 65
50 67
50 70
50 71
50 72
50 75
50 83
50 84
50 87
50 88
50 89
50 93
50 94
50 96
50 97
50 98
50 100
50 101
50 102
50 106
50 107
50 114
50 115
50 118
50 119
50 125
50 126
50 129
50 133
50 134
50 136
50 138
50 143
50 145
50 146
50 147
50 149
50 153
50 158
50 161
51 52
51 53
51 54
51 55
51 56
51 58
51 59
51 63
51 65
51 67
51 68
51 69
51 71
51 72
51 73
51 74
51 75
51 76
51 77
51 79
51 82
51 84
51 85
51 86
51 89
51 91
51 93
51 94
51 95
51 96
51 97
51 98
51 100
51 101
51 103
51 106
51 108
51 112
51 114
51 116
51 117
51 118
51 121
51 125
51 127
51 128
51 129
51 132
51 133
51 134
51 137
51 138
51 142
51 145
51 147
51 149
51 150
51 151
51 152
51 153
51 154
51 155
51 157
51 158
51 159
51 160
52 53
52 54
52 55
52 58
52 61
52 63
52 65
52 67
52 68
52 69
52 70
52 73
52 74
52 77
52 79
52 80
52 84
52 85
52 86
52 87
52 89
52 93
52 94
52 98
52 99
52 101
52 106
52 109
52 110
52 113
52 115
52 117
52 118
52 125
52 130
52 131
52 133
52 135
52 137
52 138
52 142
52 147
52 149
52 151
52 153
52 154
52 156
52 157
53 58
53 61
53 62
53 63
53 64
53 68
53 73
53 76
53 79
53 87
53 94
53 101
53 102
53 106
53 107
53 108
53 112
53 113
53 114
53 117
53 121
53 131
53 133
53 135
53 137
53 138
53 147
53 153
53 161
54 55
54 56
54 58
54 59
54 61
54 63
54 64
54 65
54 66
54 67
54 68
54 69
54 70
54 71
54 72
54 73
54 74
54 77
54 79
54 82
54 86
54 89
54 92
54 93
54 94
54 95
54 97
54 99
54 101
54 102
54 104
54 106
54 108
54 109
54 111
54 113
54 114
54 116
54 118
54 119
54 123
54 125
54 126
54 127
54 128
54 129
54 130
54 132
54 133
54 134
54 135
54 136
54 139
54 141
54 143
54 145
54 146
54 147
54 148
54 152
54 154
54 155
54 157
54 158
54 159
55 56
55 59
55 61
55 63
55 67
55 68
55 69
55 70
55 73
55 74
55 77
55 79
55 81
55 82
55 83
55 84
55 91
55 93
55 94
55 104
55 105
55 106
55 108
55 111
55 113
55 114
55 115
55 116
55 117
55 118
55 123
55 125
55 126
55 130
55 131
55 137
55 138
55 139
55 150
55 151
55 153
55 155
55 157
56 57
56 58
56 60
56 62
56 63
56 64
56 65
56 66
56 67
56 68
56 70
56 71
56 72
56 74
56 76
56 77
56 79
56 80
56 82
56 84
56 87
56 89
56 92
56 94
56 97
56 98
56 100
56 101
56 102
56 108
56 109
56 110
56 112
56 114
56 115
56 117
56 118
56 119
56 121
56 122
56 125
56 129
56 130
56 133
56 136
56 138
56 139
56 145
56 146
56 147
56 150
56 151
56 152
56 153
56 157
56 158
56 160
56 161
57 61
57 65
57 66
57 67
57 69
57 70
57 74
57 75
57 81
57 88
57 93
57 100
57 111
57 115
57 124
57 125
57 129
57 133
57 137
57 138
57 152
57 153
57 154
57 156
58 60
58 65
58 66
58 67
58 68
58 69
58 70
58 71
58 73
58 74
58 75
58 79
58 81
58 83
58 84
58 85
58 87
58 89
58 91
58 94
58 98
58 99
58 102
58 104
58 107
58 111
58 114
58 117
58 118
58 122
58 124
58 125
58 127
58 130
58 131
58 133
58 134
58 138
58 141
58 142
58 146
58 149
58 150
58 152
58 153
58 154
58 155
58 157
58 158
58 159
58 160
58 161
59 62
59 66
59 70
59 72
59 77
59 80
59 83
59 84
59 89
59 95
59 96
59 97
59 98
59 99
59 103
59 104
59 105
59 106
59 109
59 112
59 114
59 115
59 118
59 119
59 120
59 121
59 125
59 130
59 131
59 139
59 141
59 142
59 143
59 145
59 146
59 154
59 156
59 158
59 161
60 66
60 67
60 70
60 71
60 72
60 79
60 94
60 106
60 114
60 115
60 118
60 119
60 133
60 137
60 141
60 151
60 154
60 161
61 68
61 69
61 70
61 72
61 73
61 74
61 75
61 79
61 84
61 86
61 88
61 89
61 93
61 95
61 97
61 100
61 102
61 104
61 106
61 109
61 111
61 114
61 115
61 117
61 118
61 120
61 125
61 131
61 133
61 134
61 135
61 138
61 142
61 149
61 151
61 152
61 154
61 158
62 64
62 72
62 75
62 79
62 84
62 89
62 91
62 98
62 106
62 108
62 109
62 112
62 115
62 129
62 134
62 136
62 138
62 142
62 147
62 152
62 153
62 154
62 155
62 158
62 160
63 64
63 67
63 68
63 70
63 72
63 73
63 74
63 76
63 77
63 78
63 79
63 82
63 83
63 84
63 85
63 89
63 92
63 94
63 96
63 99
63 102
63 103
63 105
63 108
63 109
63 113
63 114
63 115
63 116
63 117
63 118
63 121
63 123
63 124
63 125
63 126
63 129
63 130
63 131
63 133
63 134
63 135
63 137
63 138
63 139
63 141
63 142
63 143
63 144
63 147
63 149
63 151
63 157
64 65
64 66
64 67
64 69
64 70
64 72
64 73
64 74
64 77
64 79
64 80
64 82
64 83
64 84
64 85
64 86
64 87
64 88
64 89
64 91
64 93
64 95
64 96
64 98
64 100
64 101
64 102
64 104
64 106
64 108
64 109
64 111
64 112
64 113
64 117
64 118
64 119
64 121
64 125
64 126
64 129
64 132
64 134
64 135
64 136
64 137
64 138
64 139
64 142
64 143
64 145
64 146
64 147
64 150
64 152
64 153
64 157
64 158
64 159
64 160
64 161
65 68
65 69
65 71
65 72
65 74
65 76
65 77
65 78
65 79
65 80
65 82
65 84
65 86
65 88
65 89
65 92
65 93
65 94
65 96
65 97
65 99
65 101
65 103
65 104
65 105
65 106
65 108
65 109
65 111
65 112
65 113
65 114
65 115
65 116
65 118
65 127
65 129
65 131
65 132
65 134
65 136
65 137
65 138
65 141
65 142
65 146
65 147
65 148
65 149
65 152
65 154
65 155
65 157
65 158
65 159
65 160
65 161
66 68
66 69
66 71
66 72
66 74
66 75
66 76
66 77
66 79
66 80
66 84
66 85
66 87
66 88
66 89
66 90
66 93
66 94
66 97
66 98
66 101
66 106
66 107
66 108
66 112
66 115
66 118
66 121
66 122
66 125
66 129
66 131
66 132
66 133
66 135
66 138
66 139
66 143
66 146
66 148
66 150
66 152
66 153
66 154
66 156
66 158
66 160
66 161
67 69
67 70
67 71
67 72
67 73
67 75
67 77
67 80
67 82
67 83
67 85
67 87
67 88
67 94
67 96
67 99
67 101
67 102
67 104
67 105
67 106
67 108
67 109
67 112
67 113
67 114
67 115
67 118
67 120
67 126
67 127
67 129
67 131
67 133
67 134
67 136
67 137
67 138
67 139
67 142
67 145
67 146
67 148
67 149
67 151
67 152
67 154
67 157
67 159
68 69
68 73
68 74
68 75
68 76
68 77
68 78
68 79
68 82
68 83
68 84
68 85
68 86
68 87
68 89
68 90
68 93
68 94
68 95
68 97
68 99
68 101
68 102
68 103
68 104
68 105
68 108
68 109
68 112
68 113
68 115
68 116
68 118
68 125
68 126
68 129
68 131
68 133
68 134
68 136
68 137
68 138
68 140
68 142
68 147
68 151
68 152
68 153
68 154
68 155
68 158
68 159
68 161
69 71
69 72
69 73
69 74
69 77
69 79
69 80
69 84
69 86
69 88
69 89
69 91
69 92
69 94
69 96
69 97
69 98
69 99
69 101
69 102
69 105
69 107
69 108
69 109
69 112
69 114
69 115
69 118
69 119
69 121
69 125
69 126
69 129
69 133
69 134
69 135
69 138
69 139
69 142
69 145
69 146
69 147
69 148
69 149
69 151
69 152
69 153
69 154
69 158
69 159
69 161
70 71
70 72
70 73
70 74
70 76
70 79
70 80
70 82
70 84
70 88
70 89
70 90
70 92
70 93
70 94
70 97
70 101
70 103
70 104
70 105
70 106
70 108
70 109
70 111
70 113
70 114
70 116
70 117
70 118
70 123
70 124
70 125
70 126
70 127
70 129
70 130
70 131
70 133
70 134
70 135
70 138
70 139
70 140
70 141
70 142
70 143
70 145
70 146
70 149
70 150
70 151
70 152
70 153
70 154
70 155
70 159
70 160
70 161
71 74
71 76
71 79
71 82
71 83
71 84
71 86
71 87
71 88
71 89
71 91
71 95
71 97
71 98
71 99
71 101
71 105
71 108
71 109
71 110
71 112
71 113
71 115
71 117
71 118
71 126
71 129
71 130
71 133
71 137
71 139
71 145
71 146
71 150
71 151
71 152
71 157
71 158
71 159
71 161
72 74
72 75
72 77
72 79
72 80
72 81
72 83
72 84
72 85
72 86
72 87
72 88
72 89
72 91
72 93
72 94
72 95
72 97
72 99
72 101
72 102
72 107
72 108
72 111
72 113
72 114
72 115
72 116
72 118
72 120
72 122
72 126
72 130
72 131
72 133
72 134
72 137
72 139
72 140
72 142
72 145
72 146
72 147
72 148
72 149
72 152
72 153
72 154
72 155
72 156
72 157
72 158
72 159
72 161
73 74
73 76
73 77
73 79
73 80
73 82
73 83
73 84
73 85
73 87
73 89
73 91
73 93
73 94
73 97
73 99
73 100
73 101
73 105
73 108
73 109
73 111
73 113
73 117
73 118
73 121
73 122
73 126
73 128
73 129
73 133
73 134
73 137
73 138
73 142
73 145
73 146
73 147
73 148
73 150
73 151
73 152
73 153
73 154
73 160
73 161
74 75
74 76
74 77
74 79
74 80
74 81
74 82
74 83
74 84
74 86
74 88
74 89
74 90
74 91
74 93
74 94
74 95
74 97
74 101
74 105
74 106
74 111
74 112
74 113
74 114
74 115
74 117
74 118
74 120
74 123
74 125
74 126
74 129
74 130
74 131
74 135
74 136
74 137
74 138
74 139
74 140
74 141
74 142
74 143
74 145
74 146
74 148
74 149
74 150
74 152
74 153
74 154
74 156
74 157
74 160
74 161
75 77
75 84
75 85
75 89
75 94
75 97
75 98
75 99
75 101
75 102
75 103
75 106
75 108
75 110
75 112
75 114
75 117
75 118
75 122
75 125
75 126
75 128
75 129
75 130
75 132
75 133
75 134
75 139
75 143
75 146
75 149
75 151
75 152
75 153
75 154
75 157
75 158
75 160
75 161
76 77
76 80
76 84
76 85
76 86
76 93
76 94
76 95
76 96
76 99
76 101
76 106
76 111
76 114
76 117
76 118
76 119
76 129
76 134
76 136
76 137
76 138
76 142
76 146
76 147
76 148
76 150
76 153
76 157
76 158
77 80
77 82
77 83
77 84
77 85
77 87
77 89
77 94
77 95
77 96
77 97
77 98
77 101
77 102
77 106
77 108
77 109
77 112
77 113
77 117
77 118
77 120
77 122
77 125
77 126
77 127
77 129
77 131
77 132
77 133
77 134
77 137
77 138
77 143
77 145
77 146
77 149
77 151
77 152
77 153
77 154
77 161
78 87
78 89
78 107
78 114
78 118
78 134
78 137
78 138
78 146
78 147
78 150
78 152
79 80
79 83
79 84
79 87
79 88
79 89
79 91
79 93
79 94
79 99
79 101
79 102
79 103
79 104
79 106
79 107
79 108
79 111
79 113
79 115
79 118
79 120
79 122
79 125
79 126
79 127
79 128
79 129
79 130
79 133
79 134
79 135
79 136
79 137
79 138
79 140
79 141
79 143
79 146
79 147
79 148
79 149
79 150
79 151
79 152
79 154
79 157
79 158
79 159
79 160
80 82
80 84
80 88
80 89
80 93
80 94
80 95
80 97
80 98
80 99
80 102
80 110
80 111
80 112
80 115
80 118
80 119
80 125
80 126
80 128
80 133
80 134
80 135
80 138
80 140
80 141
80 142
80 146
80 147
80 151
80 153
80 154
80 156
81 91
81 92
81 93
81 94
81 96
81 97
81 102
81 118
81 119
81 134
81 137
81 139
81 140
81 143
81 145
81 148
81 149
81 152
81 154
82 84
82 87
82 89
82 91
82 97
82 98
82 102
82 103
82 108
82 113
82 115
82 121
82 125
82 133
82 138
82 139
82 141
82 142
82 148
82 149
82 153
82 158
82 159
82 160
83 89
83 90
83 91
83 92
83 97
83 102
83 105
83 112
83 113
83 117
83 118
83 120
83 126
83 133
83 134
83 135
83 137
83 139
83 140
83 141
83 142
83 145
83 146
83 147
83 151
83 152
83 154
83 157
83 161
84 87
84 89
84 90
84 91
84 93
84 97
84 101
84 102
84 104
84 105
84 106
84 108
84 109
84 112
84 114
84 116
84 119
84 125
84 129
84 130
84 131
84 133
84 134
84 137
84 139
84 140
84 142
84 143
84 147
84 148
84 149
84 150
84 155
84 158
84 161
85 89
85 101
85 102
85 106
85 114
85 116
85 132
85 133
85 136
85 137
85 141
85 143
85 145
85 150
85 152
85 154
85 158
85 160
86 89
86 90
86 91
86 94
86 96
86 97
86 98
86 100
86 103
86 108
86 109
86 110
86 112
86 118
86 121
86 133
86 134
86 140
86 143
86 147
86 159
86 160
87 94
87 97
87 101
87 102
87 104
87 106
87 110
87 111
87 113
87 114
87 115
87 116
87 117
87 121
87 123
87 125
87 127
87 129
87 133
87 134
87 135
87 137
87 138
87 140
87 142
87 145
87 149
87 150
87 151
87 152
87 155
87 156
87 157
88 89
88 93
88 94
88 97
88 101
88 102
88 103
88 104
88 107
88 110
88 112
88 113
88 115
88 117
88 118
88 119
88 123
88 125
88 128
88 129
88 131
88 133
88 134
88 135
88 140
88 141
88 142
88 146
88 147
88 148
88 151
88 152
88 154
88 158
89 91
89 92
89 94
89 95
89 96
89 98
89 99
89 100
89 101
89 104
89 105
89 106
89 108
89 111
89 112
89 113
89 114
89 116
89 117
89 118
89 119
89 121
89 122
89 123
89 124
89 127
89 129
89 130
89 131
89 134
89 135
89 136
89 137
89 138
89 139
89 144
89 145
89 147
89 148
89 151
89 152
89 154
89 155
89 158
89 159
89 160
90 94
90 101
90 102
90 103
90 111
90 113
90 117
90 123
90 129
90 131
90 137
90 139
90 140
90 142
90 146
90 149
90 151
90 155
90 157
90 161
91 94
91 102
91 105
91 106
91 113
91 118
91 119
91 125
91 128
91 129
91 130
91 133
91 135
91 137
91 139
91 146
91 147
91 154
91 156
91 157
91 158
91 160
91 161
92 94
92 96
92 97
92 98
92 102
92 105
92 109
92 112
92 114
92 115
92 116
92 124
92 126
92 128
92 129
92 130
92 134
92 135
92 137
92 138
92 151
92 152
92 153
92 154
92 155
92 157
92 158
93 94
93 101
93 102
93 103
93 104
93 109
93 112
93 114
93 121
93 126
93 131
93 133
93 135
93 136
93 142
93 143
93 147
93 152
93 153
93 157
93 158
94 98
94 99
94 102
94 105
94 106
94 108
94 109
94 111
94 113
94 114
94 115
94 116
94 117
94 119
94 122
94 125
94 126
94 127
94 129
94 130
94 131
94 133
94 134
94 137
94 138
94 139
94 141
94 142
94 143
94 145
94 148
94 149
94 152
94 153
94 154
94 155
94 157
94 158
94 159
95 102
95 106
95 108
95 109
95 118
95 121
95 126
95 129
95 131
95 133
95 135
95 136
95 140
95 142
95 146
95 152
95 159
96 97
96 105
96 115
96 117
96 118
96 133
96 136
96 137
96 138
96 147
96 155
96 158
96 159
96 161
97 101
97 102
97 103
97 106
97 109
97 111
97 112
97 114
97 115
97 118
97 120
97 121
97 125
97 126
97 128
97 129
97 131
97 133
97 135
97 137
97 138
97 141
97 144
97 146
97 148
97 149
97 154
97 156
97 159
98 101
98 102
98 105
98 106
98 109
98 113
98 114
98 117
98 118
98 125
98 126
98 128
98 129
98 137
98 145
98 146
98 147
98 148
98 150
98 152
98 157
98 158
98 161
99 101
99 102
99 103
99 105
99 106
99 107
99 108
99 112
99 113
99 114
99 115
99 117
99 124
99 131
99 133
99 134
99 135
99 136
99 137
99 138
99 139
99 146
99 147
99 148
99 151
99 154
99 155
99 157
99 158
100 102
100 106
100 108
100 111
100 114
100 115
100 117
100 120
100 121
100 125
100 128
100 129
100 131
100 134
100 141
100 142
100 143
100 150
100 154
100 157
100 158
100 161
101 106
101 107
101 108
101 109
101 111
101 114
101 115
101 117
101 118
101 121
101 122
101 125
101 126
101 127
101 128
101 129
101 130
101 131
101 133
101 134
101 139
101 140
101 141
101 142
101 143
101 145
101 147
101 148
101 149
101 150
101 151
101 152
101 156
101 158
101 160
102 103
102 105
102 110
102 111
102 114
102 116
102 117
102 118
102 119
102 122
102 125
102 127
102 128
102 129
102 133
102 134
102 135
102 137
102 142
102 143
102 145
102 146
102 147
102 149
102 151
102 152
102 153
102 154
102 155
102 157
102 158
102 159
103 105
103 106
103 107
103 108
103 115
103 116
103 117
103 122
103 125
103 130
103 133
103 134
103 139
103 145
103 147
103 148
103 150
103 160
104 110
104 113
104 117
104 129
104 131
104 133
104 134
104 135
104 137
104 140
104 142
104 145
104 150
104 151
104 152
104 153
104 154
104 157
104 160
105 106
105 107
105 109
105 110
105 111
105 112
105 113
105 115
105 117
105 118
105 120
105 125
105 129
105 130
105 131
105 135
105 137
105 138
105 140
105 141
105 142
105 146
105 147
105 152
105 154
105 155
105 156
105 159
105 160
105 161
106 107
106 108
106 109
106 110
106 111
106 112
106 113
106 114
106 115
106 116
106 118
106 121
106 122
106 126
106 127
106 129
106 130
106 131
106 133
106 134
106 137
106 138
106 140
106 141
106 143
106 145
106 146
106 147
106 148
106 149
106 150
106 151
106 152
106 154
106 156
106 159
106 161
107 108
107 109
107 110
107 117
107 121
107 122
107 123
107 125
107 126
107 127
107 128
107 130
107 131
107 134
107 141
107 145
107 146
107 149
107 150
107 153
107 158
107 159
108 109
108 113
108 114
108 115
108 117
108 118
108 121
108 123
108 125
108 126
108 129
108 130
108 131
108 132
108 134
108 135
108 138
108 140
108 143
108 146
108 147
108 150
108 152
108 153
108 154
108 157
108 159
108 161
109 110
109 111
109 112
109 113
109 114
109 115
109 117
109 119
109 121
109 125
109 126
109 131
109 133
109 136
109 137
109 138
109 139
109 141
109 142
109 145
109 147
109 148
109 150
109 152
109 154
109 157
109 158
109 160
109 161
110 111
110 112
110 113
110 116
110 137
110 138
110 140
110 141
110 147
110 148
110 151
110 152
110 153
110 157
110 158
110 159
111 112
111 114
111 117
111 118
111 119
111 121
111 123
111 126
111 127
111 128
111 129
111 134
111 139
111 140
111 141
111 142
111 153
111 154
111 158
111 159
112 113
112 115
112 117
112 118
112 125
112 126
112 128
112 133
112 135
112 137
112 138
112 145
112 146
112 147
112 149
112 150
112 151
112 152
112 153
112 154
112 155
112 157
112 158
112 159
113 114
113 115
113 116
113 117
113 118
113 119
113 122
113 125
113 126
113 129
113 131
113 134
113 135
113 138
113 139
113 140
113 141
113 142
113 145
113 147
113 149
113 151
113 152
113 153
113 154
113 158
114 115
114 118
114 121
114 125
114 129
114 130
114 132
114 133
114 135
114 136
114 137
114 138
114 139
114 141
114 145
114 146
114 147
114 149
114 152
114 153
114 154
114 155
114 157
114 158
114 159
114 160
114 161
115 116
115 117
115 121
115 122
115 123
115 125
115 126
115 127
115 128
115 129
115 134
115 137
115 138
115 139
115 141
115 142
115 144
115 145
115 146
115 149
115 151
115 152
115 153
115 154
115 155
115 157
115 158
115 159
115 161
116 118
116 129
116 131
116 133
116 135
116 137
116 141
116 158
116 159
116 161
117 120
117 125
117 126
117 129
117 133
117 134
117 135
117 137
117 138
117 140
117 141
117 142
117 143
117 145
117 146
117 147
117 149
117 151
117 152
117 154
117 156
117 157
117 158
117 159
117 161
118 119
118 122
118 123
118 126
118 128
118 130
118 134
118 137
118 139
118 142
118 143
118 146
118 147
118 148
118 149
118 151
118 153
118 154
118 157
118 159
118 160
119 123
119 127
119 131
119 134
119 137
119 139
119 141
119 142
119 147
119 150
119 152
119 160
120 135
120 147
120 157
120 159
121 125
121 129
121 134
121 136
121 139
121 152
121 159
122 129
122 131
122 139
122 140
122 142
122 145
122 153
123 131
123 142
123 147
123 148
124 126
124 135
124 147
124 151
124 155
124 161
125 126
125 129
125 131
125 136
125 137
125 138
125 139
125 140
125 141
125 146
125 147
125 150
125 151
125 152
125 153
125 154
125 155
125 157
125 159
125 160
125 161
126 139
126 140
126 146
126 147
126 152
126 157
126 158
126 159
127 129
127 131
127 135
127 137
127 139
127 142
127 147
127 148
127 154
127 160
128 132
128 133
128 134
128 137
128 145
128 149
128 155
128 157
128 158
129 131
129 133
129 134
129 137
129 138
129 141
129 142
129 147
129 149
129 151
129 152
129 154
129 158
129 159
129 160
129 161
130 131
130 134
130 137
130 138
130 139
130 142
130 146
130 147
130 148
130 150
130 152
130 154
130 160
130 161
131 132
131 134
131 135
131 137
131 138
131 139
131 141
131 142
131 143
131 144
131 147
131 149
131 152
131 153
131 154
131 157
131 158
131 159
131 160
131 161
132 133
132 149
132 153
132 154
132 159
133 134
133 135
133 137
133 139
133 141
133 143
133 147
133 149
133 150
133 152
133 153
133 154
133 155
133 157
133 158
133 159
133 161
134 135
134 136
134 137
134 138
134 139
134 140
134 142
134 143
134 146
134 147
134 150
134 151
134 152
134 153
134 154
134 155
134 157
134 158
134 160
135 137
135 139
135 146
135 148
135 150
135 151
135 152
135 153
135 154
135 155
135 157
135 160
136 139
136 146
136 147
136 152
136 154
136 155
136 160
136 161
137 138
137 140
137 142
137 145
137 146
137 147
137 148
137 149
137 152
137 153
137 156
137 158
137 160
137 161
138 139
138 140
138 142
138 145
138 146
138 149
138 152
138 153
138 154
138 156
138 158
138 159
138 161
139 143
139 146
139 147
139 149
139 150
139 151
139 152
139 153
139 155
139 159
139 160
140 142
140 150
140 152
140 158
140 160
140 161
141 142
141 143
141 145
141 146
141 147
141 149
141 150
141 151
141 154
141 155
141 157
141 158
142 143
142 145
142 146
142 147
142 151
142 152
142 153
142 154
143 152
143 154
143 158
143 161
144 147
144 154
145 147
145 150
145 152
145 154
145 156
145 159
145 161
146 147
146 148
146 149
146 151
146 152
146 154
146 155
146 158
146 159
146 161
147 149
147 150
147 151
147 152
147 154
147 157
147 158
147 159
147 161
148 154
148 156
148 157
148 160
150 151
150 152
150 153
150 154
150 157
150 158
150 159
150 160
151 152
151 154
151 157
151 159
151 160
151 161
152 153
152 154
152 157
152 158
152 159
152 160
152 161
153 157
154 155
154 156
154 157
154 158
154 159
154 161
155 158
155 161
156 158
159 161
160 161
