0 6
0 7
0 12
0 14
0 18
0 21
0 26
0 28
0 31
0 33
0 38
0 40
0 41
0 44
0 49
0 50
0 51
0 52
0 53
0 55
0 60
0 61
0 65
0 68
0 69
0 73
0 74
0 77
0 79
0 84
0 89
0 90
0 92
0 93
0 98
0 102
0 103
0 106
0 108
0 110
0 112
0 113
0 114
0 115
0 117
0 118
0 122
0 125
0 129
0 131
0 135
0 137
0 138
0 140
0 142
0 150
0 152
0 153
0 154
0 158
0 161
1 2
1 4
1 8
1 11
1 12
1 13
1 14
1 16
1 19
1 21
1 27
1 28
1 30
1 31
1 37
1 38
1 42
1 46
1 49
1 51
1 58
1 61
1 63
1 64
1 69
1 71
1 72
1 79
1 80
1 81
1 85
1 86
1 93
1 97
1 100
1 101
1 102
1 105
1 106
1 109
1 112
1 113
1 114
1 115
1 116
1 117
1 118
1 125
1 126
1 129
1 130
1 131
1 135
1 137
1 138
1 139
1 142
1 147
1 151
1 152
1 154
1 157
1 161
2 6
2 7
2 8
2 12
2 14
2 25
2 26
2 30
2 31
2 32
2 34
2 38
2 40
2 43
2 45
2 54
2 59
2 65
2 66
2 68
2 74
2 75
2 77
2 79
2 89
2 91
2 94
2 96
2 106
2 107
2 108
2 110
2 112
2 117
2 118
2 129
2 135
2 139
2 141
2 142
2 150
2 151
2 157
3 4
3 6
3 7
3 10
3 14
3 15
3 16
3 17
3 21
3 23
3 24
3 25
3 27
3 31
3 35
3 40
3 44
3 45
3 46
3 49
3 50
3 51
3 54
3 55
3 56
3 58
3 61
3 68
3 69
3 70
3 73
3 74
3 92
3 96
3 101
3 103
3 113
3 114
3 118
3 125
3 126
3 129
3 138
3 139
3 140
3 146
3 148
3 159
4 6
4 7
4 8
4 9
4 11
4 13
4 14
4 15
4 16
4 17
4 19
4 25
4 26
4 29
4 31
4 32
4 34
4 36
4 37
4 39
4 40
4 41
4 42
4 43
4 44
4 45
4 46
4 49
4 50
4 51
4 52
4 53
4 54
4 56
4 57
4 59
4 63
4 64
4 66
4 67
4 68
4 70
4 71
4 73
4 74
4 75
4 78
4 79
4 80
4 83
4 84
4 87
4 88
4 89
4 90
4 96
4 97
4 99
4 101
4 102
4 103
4 106
4 107
4 108
4 109
4 111
4 112
4 114
4 117
4 118
4 121
4 123
4 125
4 126
4 129
4 131
4 133
4 134
4 135
4 136
4 137
4 138
4 139
4 141
4 142
4 143
4 146
4 147
4 149
4 150
4 151
4 152
4 153
4 154
4 155
4 157
4 160
4 161
5 14
5 31
5 35
5 40
5 51
5 73
5 74
5 75
5 79
5 85
5 89
5 101
5 108
5 109
5 115
5 129
5 131
5 137
5 142
5 151
5 152
5 158
6 7
6 9
6 12
6 13
6 14
6 18
6 19
6 22
6 25
6 26
6 28
6 29
6 30
6 31
6 32
6 35
6 36
6 38
6 40
6 42
6 49
6 50
6 51
6 52
6 54
6 55
6 56
6 59
6 60
6 61
6 64
6 66
6 67
6 68
6 69
6 70
6 72
6 74
6 76
6 77
6 80
6 81
6 82
6 84
6 87
6 89
6 90
6 91
6 93
6 94
6 96
6 97
6 98
6 100
6 102
6 103
6 104
6 106
6 108
6 110
6 111
6 113
6 114
6 122
6 126
6 127
6 129
6 130
6 131
6 132
6 133
6 137
6 139
6 142
6 143
6 146
6 147
6 149
6 150
6 151
6 152
6 153
6 158
6 160
7 8
7 10
7 11
7 12
7 14
7 15
7 16
7 19
7 21
7 26
7 27
7 29
7 31
7 32
7 33
7 34
7 35
7 36
7 38
7 39
7 40
7 43
7 44
7 47
7 48
7 50
7 51
7 52
7 53
7 54
7 57
7 59
7 60
7 63
7 65
7 66
7 67
7 68
7 69
7 70
7 71
7 73
7 74
7 76
7 79
7 80
7 81
7 83
7 84
7 85
7 86
7 87
7 89
7 93
7 94
7 99
7 101
7 104
7 105
7 106
7 107
7 108
7 110
7 112
7 113
7 114
7 115
7 116
7 117
7 118
7 119
7 121
7 122
7 123
7 124
7 125
7 126
7 128
7 129
7 130
7 131
7 133
7 134
7 138
7 139
7 140
7 141
7 142
7 144
7 146
7 147
7 148
7 150
7 152
7 154
7 157
7 160
7 161
8 9
8 12
8 14
8 30
8 31
8 35
8 38
8 40
8 42
8 43
8 45
8 46
8 49
8 55
8 58
8 64
8 66
8 67
8 71
8 73
8 74
8 76
8 83
8 89
8 94
8 97
8 101
8 108
8 109
8 111
8 113
8 114
8 115
8 117
8 124
8 126
8 129
8 133
8 134
8 136
8 143
8 148
8 151
8 157
9 14
9 19
9 21
9 22
9 25
9 26
9 30
9 32
9 35
9 38
9 39
9 40
9 49
9 50
9 51
9 54
9 55
9 56
9 57
9 58
9 64
9 67
9 69
9 70
9 72
9 74
9 75
9 76
9 78
9 79
9 83
9 85
9 86
9 87
9 88
9 89
9 91
9 93
9 95
9 96
9 98
9 99
9 100
9 101
9 102
9 103
9 105
9 107
9 110
9 112
9 113
9 114
9 115
9 117
9 118
9 121
9 125
9 129
9 130
9 133
9 137
9 138
9 139
9 142
9 143
9 145
9 146
9 147
9 148
9 149
9 151
9 152
9 153
9 154
9 157
9 158
9 159
10 18
10 25
10 26
10 29
10 30
10 31
10 37
10 38
10 48
10 50
10 51
10 54
10 55
10 56
10 60
10 62
10 63
10 65
10 67
10 68
10 70
10 74
10 93
10 101
10 105
10 108
10 112
10 113
10 115
10 122
10 123
10 125
10 126
10 128
10 129
10 131
10 136
10 137
10 138
10 142
10 147
10 151
10 152
10 155
10 157
10 161
11 12
11 14
11 15
11 18
11 19
11 21
11 24
11 26
11 29
11 30
11 31
11 35
11 37
11 41
11 43
11 45
11 46
11 49
11 51
11 52
11 54
11 55
11 56
11 57
11 58
11 59
11 61
11 63
11 65
11 66
11 67
11 68
11 69
11 70
11 71
11 72
11 73
11 76
11 79
11 81
11 84
11 86
11 87
11 88
11 89
11 90
11 93
11 98
11 99
11 100
11 101
11 102
11 103
11 104
11 105
11 106
11 108
11 112
11 113
11 114
11 115
11 116
11 118
11 119
11 126
11 128
11 129
11 130
11 133
11 134
11 136
11 142
11 145
11 147
11 150
11 152
11 154
11 157
11 158
11 160
12 14
12 15
12 16
12 19
12 21
12 23
12 25
12 28
12 30
12 34
12 36
12 37
12 38
12 40
12 43
12 45
12 46
12 49
12 51
12 54
12 56
12 61
12 62
12 63
12 65
12 69
12 70
12 72
12 74
12 75
12 79
12 80
12 87
12 88
12 89
12 91
12 93
12 96
12 97
12 99
12 101
12 109
12 111
12 114
12 115
12 119
12 122
12 128
12 129
12 132
12 134
12 135
12 137
12 138
12 141
12 142
12 147
12 150
12 152
12 154
12 157
12 158
12 159
12 161
13 19
13 20
13 21
13 26
13 29
13 30
13 31
13 32
13 34
13 36
13 39
13 42
13 43
13 44
13 48
13 54
13 58
13 61
13 64
13 65
13 69
13 70
13 72
13 73
13 74
13 77
13 80
13 86
13 87
13 89
13 93
13 94
13 98
13 100
13 105
13 106
13 111
13 114
13 118
13 127
13 128
13 129
13 130
13 133
13 138
13 139
13 141
13 142
13 149
13 150
13 151
13 155
13 156
13 158
13 159
14 15
14 16
14 18
14 19
14 20
14 21
14 24
14 25
14 27
14 28
14 30
14 32
14 34
14 35
14 36
14 37
14 38
14 39
14 40
14 41
14 42
14 44
14 45
14 46
14 48
14 50
14 52
14 54
14 55
14 58
14 59
14 61
14 63
14 64
14 65
14 66
14 67
14 68
14 70
14 72
14 74
14 75
14 77
14 79
14 80
14 81
14 85
14 89
14 90
14 91
14 92
14 94
14 95
14 97
14 98
14 99
14 100
14 101
14 102
14 103
14 105
14 107
14 108
14 109
14 111
14 113
14 114
14 115
14 117
14 118
14 120
14 125
14 128
14 130
14 131
14 134
14 137
14 138
14 139
14 140
14 141
14 145
14 146
14 147
14 149
14 150
14 152
14 153
14 154
14 157
15 17
15 24
15 26
15 32
15 39
15 40
15 45
15 46
15 51
15 52
15 53
15 54
15 57
15 58
15 66
15 68
15 69
15 71
15 72
15 73
15 77
15 83
15 87
15 88
15 89
15 90
15 92
15 93
15 102
15 103
15 105
15 107
15 111
15 117
15 118
15 122
15 123
15 125
15 126
15 129
15 133
15 135
15 137
15 147
15 148
15 150
15 151
15 152
15 154
15 158
16 18
16 19
16 21
16 27
16 29
16 31
16 38
16 43
16 45
16 47
16 49
16 64
16 69
16 70
16 72
16 75
16 77
16 79
16 80
16 84
16 90
16 102
16 105
16 108
16 111
16 112
16 116
16 124
16 125
16 131
16 138
16 139
16 142
16 150
16 152
16 158
17 25
17 30
17 31
17 39
17 40
17 49
17 55
17 58
17 65
17 67
17 69
17 73
17 74
17 76
17 79
17 82
17 83
17 84
17 98
17 105
17 124
17 125
17 128
17 133
17 135
17 136
17 139
17 142
17 146
17 150
17 151
17 159
18 19
18 23
18 24
18 25
18 32
18 35
18 36
18 37
18 43
18 44
18 45
18 46
18 49
18 50
18 52
18 55
18 59
18 65
18 67
18 74
18 75
18 76
18 77
18 83
18 84
18 85
18 90
18 92
18 94
18 106
18 108
18 110
18 112
18 114
18 115
18 117
18 118
18 119
18 125
18 129
18 130
18 131
18 134
18 135
18 137
18 138
18 139
18 140
18 142
18 145
18 151
18 161
19 21
19 22
19 23
19 24
19 32
19 34
19 36
19 38
19 39
19 40
19 45
19 46
19 49
19 51
19 52
19 54
19 55
19 56
19 57
19 58
19 59
19 60
19 61
19 65
19 68
19 69
19 70
19 71
19 72
19 74
19 75
19 77
19 79
19 82
19 84
19 85
19 86
19 87
19 89
19 91
19 92
19 93
19 95
19 97
19 98
19 101
19 102
19 103
19 104
19 106
19 107
19 111
19 113
19 114
19 117
19 118
19 122
19 123
19 125
19 126
19 128
19 129
19 130
19 131
19 133
19 134
19 136
19 137
19 138
19 139
19 140
19 141
19 142
19 143
19 145
19 147
19 148
19 151
19 152
19 153
19 154
19 157
19 158
19 161
20 21
20 26
20 30
20 31
20 32
20 39
20 41
20 43
20 44
20 45
20 52
20 54
20 56
20 63
20 64
20 68
20 71
20 73
20 74
20 77
20 88
20 94
20 97
20 100
20 103
20 107
20 108
20 112
20 113
20 131
20 134
20 137
20 138
20 139
20 141
20 143
20 145
20 152
20 154
21 24
21 25
21 26
21 28
21 29
21 31
21 32
21 34
21 35
21 36
21 37
21 38
21 40
21 43
21 44
21 45
21 46
21 48
21 50
21 51
21 52
21 53
21 55
21 56
21 57
21 59
21 61
21 65
21 67
21 68
21 69
21 73
21 74
21 77
21 79
21 80
21 84
21 86
21 87
21 89
21 91
21 94
21 98
21 102
21 106
21 108
21 109
21 112
21 113
21 114
21 115
21 117
21 118
21 120
21 123
21 125
21 131
21 132
21 133
21 135
21 137
21 138
21 139
21 141
21 142
21 143
21 147
21 150
21 152
21 153
21 154
21 157
21 158
22 23
22 26
22 27
22 30
22 31
22 34
22 44
22 46
22 49
22 51
22 52
22 54
22 60
22 61
22 65
22 70
22 71
22 72
22 77
22 79
22 80
22 89
22 94
22 97
22 100
22 105
22 106
22 108
22 111
22 127
22 133
22 134
22 135
22 137
22 139
22 142
22 145
22 147
22 152
22 153
22 154
22 155
22 159
22 160
22 161
23 25
23 30
23 35
23 38
23 40
23 45
23 46
23 51
23 53
23 54
23 55
23 63
23 64
23 66
23 67
23 68
23 70
23 71
23 72
23 73
23 77
23 79
23 82
23 83
23 85
23 95
23 99
23 100
23 101
23 109
23 112
23 113
23 117
23 125
23 126
23 129
23 131
23 136
23 138
23 139
23 145
23 146
23 148
23 151
23 157
23 158
23 160
24 25
24 26
24 31
24 32
24 34
24 36
24 37
24 40
24 45
24 49
24 50
24 51
24 56
24 67
24 69
24 71
24 73
24 74
24 77
24 81
24 88
24 89
24 94
24 97
24 101
24 103
24 105
24 107
24 109
24 113
24 114
24 115
24 116
24 121
24 124
24 129
24 137
24 138
24 143
24 146
24 151
24 152
24 153
24 158
24 161
25 29
25 30
25 31
25 33
25 34
25 37
25 40
25 43
25 46
25 49
25 50
25 51
25 52
25 53
25 54
25 56
25 57
25 63
25 65
25 67
25 68
25 69
25 72
25 73
25 79
25 83
25 85
25 87
25 89
25 91
25 92
25 94
25 96
25 99
25 102
25 103
25 106
25 107
25 108
25 111
25 113
25 114
25 115
25 116
25 117
25 119
25 126
25 127
25 129
25 131
25 132
25 133
25 134
25 135
25 138
25 145
25 147
25 148
25 151
25 152
25 153
25 154
25 155
25 157
25 160
26 27
26 29
26 30
26 31
26 33
26 36
26 37
26 38
26 40
26 43
26 44
26 45
26 49
26 50
26 51
26 53
26 54
26 55
26 56
26 57
26 58
26 59
26 63
26 64
26 65
26 67
26 68
26 70
26 71
26 73
26 74
26 75
26 76
26 77
26 79
26 82
26 84
26 85
26 86
26 87
26 88
26 89
26 91
26 92
26 93
26 94
26 97
26 99
26 101
26 102
26 103
26 104
26 105
26 106
26 108
26 109
26 110
26 113
26 114
26 116
26 117
26 118
26 119
26 126
26 127
26 129
26 130
26 131
26 133
26 137
26 138
26 139
26 142
26 143
26 145
26 147
26 148
26 149
26 150
26 152
26 153
26 154
26 155
26 157
26 159
26 160
27 34
27 36
27 40
27 52
27 55
27 56
27 57
27 63
27 68
27 71
27 72
27 73
27 91
27 94
27 96
27 97
27 98
27 101
27 108
27 119
27 129
27 130
27 131
27 142
27 147
27 150
27 152
27 157
27 160
28 32
28 50
28 51
28 52
28 54
28 55
28 58
28 64
28 69
28 70
28 72
28 74
28 83
28 108
28 109
28 114
28 115
28 120
28 126
28 131
28 142
28 147
28 151
28 152
28 157
28 161
29 32
29 35
29 43
29 44
29 48
29 49
29 51
29 58
29 60
29 65
29 68
29 74
29 75
29 78
29 79
29 87
29 89
29 93
29 94
29 99
29 100
29 102
29 107
29 109
29 114
29 115
29 117
29 125
29 126
29 129
29 131
29 132
29 133
29 135
29 138
29 140
29 141
29 142
29 147
29 149
29 150
29 151
29 153
30 31
30 33
30 35
30 38
30 40
30 44
30 46
30 48
30 49
30 50
30 51
30 52
30 53
30 56
30 57
30 58
30 63
30 64
30 65
30 66
30 68
30 69
30 71
30 72
30 76
30 77
30 79
30 82
30 86
30 87
30 89
30 90
30 91
30 92
30 93
30 96
30 97
30 100
30 101
30 102
30 103
30 106
30 108
30 110
30 111
30 112
30 113
30 115
30 117
30 118
30 120
30 122
30 125
30 126
30 127
30 128
30 131
30 133
30 134
30 135
30 136
30 138
30 139
30 140
30 141
30 145
30 146
30 149
30 150
30 151
30 152
30 153
30 154
30 155
30 158
30 159
30 161
31 34
31 35
31 37
31 38
31 39
31 40
31 42
31 43
31 44
31 45
31 49
31 51
31 52
31 53
31 56
31 57
31 59
31 60
31 61
31 63
31 67
31 68
31 69
31 71
31 72
31 73
31 74
31 76
31 77
31 78
31 79
31 80
31 82
31 84
31 85
31 86
31 87
31 88
31 89
31 91
31 94
31 95
31 96
31 97
31 98
31 99
31 101
31 103
31 104
31 106
31 107
31 108
31 109
31 110
31 111
31 112
31 113
31 114
31 115
31 116
31 117
31 121
31 125
31 126
31 129
31 132
31 133
31 134
31 136
31 137
31 138
31 139
31 140
31 141
31 142
31 145
31 147
31 148
31 150
31 151
31 152
31 153
31 154
31 155
31 156
31 157
31 159
31 160
31 161
32 33
32 35
32 38
32 39
32 40
32 41
32 45
32 46
32 47
32 50
32 52
32 54
32 55
32 57
32 58
32 59
32 61
32 63
32 64
32 66
32 67
32 69
32 72
32 74
32 75
32 76
32 78
32 80
32 81
32 83
32 84
32 86
32 89
32 90
32 93
32 94
32 97
32 98
32 101
32 103
32 104
32 105
32 106
32 107
32 108
32 109
32 112
32 114
32 115
32 116
32 117
32 118
32 119
32 125
32 134
32 136
32 137
32 138
32 139
32 142
32 144
32 145
32 147
32 148
32 149
32 150
32 151
32 152
32 159
33 38
33 40
33 41
33 45
33 49
33 51
33 64
33 67
33 71
33 72
33 80
33 83
33 84
33 87
33 89
33 91
33 97
33 98
33 102
33 107
33 109
33 110
33 115
33 128
33 129
33 131
33 133
33 135
33 136
33 138
33 143
33 152
33 158
33 160
34 37
34 38
34 40
34 44
34 45
34 49
34 52
34 57
34 59
34 60
34 61
34 62
34 64
34 65
34 70
34 73
34 79
34 80
34 83
34 85
34 89
34 92
34 93
34 94
34 102
34 105
34 106
34 110
34 111
34 117
34 118
34 126
34 127
34 129
34 131
34 133
34 137
34 139
34 141
34 144
34 146
34 147
34 152
34 153
35 38
35 40
35 41
35 42
35 43
35 45
35 47
35 49
35 50
35 51
35 54
35 55
35 56
35 58
35 61
35 62
35 63
35 64
35 66
35 67
35 68
35 70
35 73
35 74
35 75
35 76
35 77
35 79
35 80
35 87
35 93
35 102
35 105
35 108
35 109
35 110
35 113
35 114
35 116
35 118
35 125
35 128
35 130
35 131
35 132
35 137
35 138
35 142
35 146
35 147
35 149
35 151
35 154
35 157
35 159
35 160
36 39
36 40
36 43
36 45
36 46
36 47
36 48
36 50
36 51
36 53
36 54
36 55
36 56
36 58
36 62
36 63
36 64
36 66
36 67
36 68
36 69
36 70
36 71
36 72
36 73
36 74
36 75
36 76
36 79
36 80
36 85
36 87
36 92
36 93
36 94
36 95
36 97
36 98
36 99
36 101
36 103
36 104
36 107
36 108
36 109
36 111
36 112
36 114
36 115
36 116
36 117
36 118
36 126
36 132
36 133
36 134
36 136
36 138
36 140
36 141
36 145
36 146
36 148
36 149
36 151
36 152
36 154
36 157
36 158
36 159
37 40
37 43
37 44
37 45
37 46
37 51
37 53
37 55
37 56
37 57
37 58
37 60
37 66
37 68
37 70
37 71
37 72
37 74
37 75
37 77
37 79
37 80
37 83
37 84
37 85
37 87
37 88
37 89
37 91
37 93
37 95
37 98
37 101
37 105
37 106
37 107
37 108
37 110
37 112
37 114
37 125
37 126
37 129
37 133
37 135
37 136
37 139
37 142
37 143
37 145
37 147
37 150
37 151
37 154
37 157
38 39
38 42
38 44
38 45
38 46
38 48
38 49
38 50
38 51
38 52
38 55
38 56
38 57
38 58
38 62
38 63
38 64
38 65
38 67
38 68
38 70
38 71
38 72
38 74
38 76
38 77
38 79
38 80
38 83
38 87
38 88
38 89
38 91
38 93
38 96
38 100
38 101
38 103
38 107
38 108
38 109
38 110
38 111
38 112
38 113
38 114
38 115
38 116
38 117
38 118
38 119
38 124
38 125
38 133
38 137
38 138
38 139
38 141
38 145
38 146
38 147
38 148
38 149
38 152
38 154
38 157
39 40
39 43
39 49
39 51
39 55
39 56
39 59
39 64
39 67
39 70
39 71
39 72
39 73
39 75
39 76
39 79
39 80
39 82
39 84
39 89
39 91
39 94
39 96
39 98
39 102
39 106
39 113
39 115
39 117
39 118
39 119
39 128
39 129
39 134
39 137
39 140
39 142
39 147
39 150
39 151
39 152
39 154
39 155
39 158
39 160
40 41
40 42
40 43
40 44
40 46
40 47
40 49
40 50
40 53
40 55
40 56
40 57
40 58
40 59
40 60
40 62
40 63
40 65
40 67
40 70
40 72
40 73
40 74
40 76
40 79
40 81
40 82
40 84
40 87
40 88
40 89
40 93
40 95
40 97
40 100
40 101
40 108
40 110
40 112
40 113
40 115
40 116
40 117
40 118
40 121
40 123
40 125
40 126
40 127
40 128
40 129
40 130
40 131
40 133
40 134
40 135
40 137
40 138
40 142
40 144
40 145
40 146
40 147
40 149
40 150
40 151
40 152
40 153
40 154
40 155
40 157
40 158
40 159
41 45
41 50
41 51
41 57
41 67
41 69
41 70
41 71
41 74
41 85
41 95
41 97
41 105
41 111
41 129
41 133
41 137
41 138
41 143
41 147
41 152
41 154
41 158
42 43
42 44
42 49
42 51
42 54
42 58
42 59
42 67
42 68
42 69
42 71
42 74
42 76
42 77
42 87
42 93
42 96
42 97
42 98
42 99
42 100
42 101
42 102
42 109
42 112
42 113
42 114
42 118
42 125
42 129
42 133
42 134
42 137
42 139
42 142
42 151
42 154
42 160
43 45
43 49
43 51
43 53
43 56
43 59
43 63
43 64
43 66
43 67
43 68
43 69
43 72
43 73
43 77
43 80
43 83
43 84
43 86
43 87
43 89
43 91
43 92
43 96
43 102
43 105
43 106
43 108
43 109
43 112
43 115
43 116
43 117
43 118
43 125
43 126
43 131
43 133
43 137
43 142
43 146
43 147
43 152
43 153
43 159
43 160
43 161
44 45
44 48
44 49
44 51
44 53
44 55
44 56
44 57
44 58
44 59
44 66
44 68
44 69
44 70
44 71
44 72
44 73
44 74
44 78
44 82
44 83
44 84
44 85
44 88
44 89
44 93
44 99
44 101
44 102
44 103
44 104
44 106
44 108
44 109
44 111
44 112
44 113
44 114
44 115
44 116
44 117
44 118
44 119
44 125
44 129
44 133
44 134
44 135
44 137
44 138
44 140
44 141
44 147
44 149
44 150
44 151
44 153
44 156
44 158
44 160
44 161
45 46
45 47
45 48
45 50
45 51
45 52
45 53
45 55
45 56
45 58
45 60
45 61
45 63
45 65
45 66
45 67
45 68
45 69
45 72
45 73
45 74
45 76
45 77
45 79
45 84
45 85
45 86
45 89
45 90
45 92
45 93
45 94
45 95
45 96
45 97
45 99
45 101
45 102
45 103
45 105
45 107
45 108
45 109
45 110
45 111
45 112
45 113
45 114
45 116
45 117
45 118
45 125
45 126
45 128
45 129
45 130
45 131
45 134
45 135
45 137
45 138
45 141
45 142
45 143
45 145
45 146
45 147
45 148
45 149
45 150
45 151
45 152
45 154
45 157
45 158
45 159
45 161
46 50
46 51
46 52
46 54
46 55
46 58
46 59
46 62
46 64
46 65
46 67
46 68
46 69
46 70
46 72
46 79
46 82
46 84
46 85
46 92
46 93
46 97
46 101
46 105
46 107
46 109
46 114
46 115
46 117
46 119
46 120
46 129
46 133
46 136
46 137
46 138
46 142
46 143
46 146
46 151
46 152
46 153
46 154
46 158
46 160
47 49
47 52
47 57
47 64
47 65
47 69
47 95
47 96
47 101
47 104
47 106
47 109
47 115
47 131
47 143
47 157
48 57
48 65
48 66
48 67
48 70
48 72
48 73
48 80
48 84
48 86
48 95
48 97
48 98
48 102
48 114
48 116
48 125
48 137
48 138
48 148
48 149
48 154
48 157
48 161
49 50
49 51
49 52
49 54
49 56
49 58
49 60
49 61
49 62
49 63
49 64
49 65
49 66
49 67
49 68
49 69
49 70
49 71
49 72
49 73
49 74
49 76
49 80
49 82
49 85
49 86
49 87
49 90
49 93
49 94
49 95
49 97
49 98
49 101
49 102
49 105
49 106
49 107
49 109
49 111
49 115
49 116
49 118
49 119
49 120
49 121
49 129
49 130
49 131
49 133
49 135
49 136
49 137
49 138
49 139
49 140
49 141
49 142
49 144
49 145
49 146
49 147
49 148
49 151
49 152
49 157
49 158
49 159
49 161
50 53
50 54
50 56
50 59
50 63
50 64
50 66
50 67
50 69
50 70
50 71
50 73
50 74
50 76
50 78
50 79
50 80
50 87
50 91
50 92
50 93
50 94
50 101
50 103
50 105
50 106
50 108
50 111
50 112
50 113
50 114
50 115
50 117
50 119
50 125
50 128
50 130
50 131
50 133
50 134
50 135
50 141
50 142
50 145
50 146
50 147
50 151
50 152
50 153
50 154
50 157
50 159
50 160
51 52
51 53
51 54
51 55
51 56
51 57
51 58
51 59
51 60
51 63
51 64
51 65
51 66
51 67
51 70
51 71
51 72
51 74
51 76
51 77
51 80
51 82
51 83
51 84
51 86
51 87
51 89
51 90
51 92
51 93
51 94
51 98
51 101
51 103
51 104
51 105
51 106
51 108
51 109
51 111
51 112
51 116
51 117
51 119
51 120
51 121
51 122
51 125
51 126
51 128
51 129
51 130
51 131
51 133
51 137
51 138
51 139
51 140
51 141
51 145
51 147
51 148
51 149
51 150
51 151
51 153
51 154
51 158
51 159
51 161
52 61
52 63
52 65
52 68
52 69
52 71
52 73
52 77
52 82
52 85
52 87
52 91
52 94
52 102
52 104
52 105
52 109
52 110
52 111
52 112
52 113
52 115
52 117
52 119
52 125
52 128
52 129
52 131
52 133
52 137
52 141
52 142
52 143
52 145
52 146
52 147
52 149
52 150
52 151
52 154
52 156
52 157
52 159
53 56
53 57
53 60
53 61
53 65
53 69
53 73
53 74
53 76
53 79
53 83
53 90
53 94
53 100
53 107
53 108
53 111
53 118
53 120
53 126
53 129
53 132
53 133
53 137
53 139
53 142
53 143
53 151
53 153
53 155
53 157
53 158
54 58
54 61
54 64
54 68
54 69
54 70
54 71
54 72
54 73
54 74
54 76
54 79
54 80
54 81
54 83
54 84
54 87
54 89
54 91
54 92
54 94
54 95
54 97
54 98
54 99
54 100
54 101
54 102
54 103
54 105
54 106
54 108
54 109
54 110
54 111
54 112
54 113
54 114
54 115
54 116
54 117
54 118
54 119
54 123
54 125
54 126
54 129
54 131
54 133
54 135
54 137
54 138
54 139
54 141
54 142
54 145
54 147
54 148
54 150
54 151
54 152
54 153
54 154
54 155
54 157
54 158
55 56
55 58
55 59
55 61
55 62
55 63
55 67
55 68
55 69
55 70
55 71
55 72
55 74
55 79
55 80
55 84
55 94
55 97
55 99
55 100
55 101
55 102
55 106
55 107
55 109
55 111
55 112
55 114
55 115
55 117
55 125
55 129
55 130
55 131
55 133
55 134
55 136
55 138
55 149
55 152
55 155
55 161
56 58
56 59
56 63
56 66
56 67
56 68
56 69
56 70
56 71
56 72
56 74
56 75
56 76
56 77
56 79
56 80
56 84
56 86
56 87
56 88
56 89
56 91
56 92
56 93
56 94
56 97
56 98
56 101
56 102
56 104
56 105
56 106
56 107
56 111
56 112
56 113
56 114
56 115
56 117
56 119
56 120
56 121
56 125
56 126
56 128
56 130
56 131
56 134
56 135
56 138
56 141
56 142
56 143
56 145
56 146
56 147
56 148
56 149
56 150
56 152
56 154
56 159
56 160
56 161
57 63
57 64
57 66
57 69
57 77
57 79
57 87
57 88
57 90
57 93
57 98
57 101
57 105
57 109
57 110
57 114
57 122
57 131
57 134
57 135
57 141
57 143
57 146
57 148
57 153
57 154
57 158
58 59
58 61
58 62
58 63
58 64
58 65
58 66
58 68
58 69
58 71
58 73
58 76
58 77
58 79
58 80
58 86
58 88
58 92
58 98
58 100
58 101
58 102
58 105
58 106
58 107
58 110
58 112
58 113
58 116
58 117
58 118
58 125
58 129
58 130
58 131
58 132
58 133
58 134
58 135
58 137
58 141
58 142
58 144
58 145
58 147
58 149
58 151
58 152
58 154
58 161
59 61
59 63
59 64
59 67
59 69
59 71
59 72
59 73
59 74
59 84
59 86
59 89
59 91
59 94
59 97
59 98
59 100
59 103
59 104
59 105
59 106
59 108
59 109
59 110
59 115
59 116
59 117
59 121
59 122
59 129
59 130
59 134
59 135
59 138
59 139
59 142
59 145
59 146
59 147
59 149
59 150
59 151
59 153
59 154
59 159
60 64
60 67
60 68
60 72
60 74
60 77
60 82
60 84
60 89
60 91
60 94
60 101
60 108
60 109
60 112
60 115
60 117
60 129
60 130
60 131
60 139
60 154
60 157
61 67
61 69
61 72
61 73
61 74
61 75
61 83
61 84
61 91
61 93
61 96
61 105
61 106
61 108
61 112
61 113
61 115
61 117
61 118
61 129
61 130
61 131
61 134
61 135
61 137
61 139
61 152
61 153
61 157
61 160
62 63
62 65
62 66
62 69
62 71
62 76
62 79
62 89
62 94
62 95
62 98
62 99
62 100
62 102
62 103
62 113
62 114
62 115
62 126
62 134
62 139
62 145
62 146
62 147
62 153
62 158
62 159
63 64
63 67
63 68
63 70
63 72
63 73
63 74
63 76
63 79
63 80
63 81
63 83
63 84
63 86
63 88
63 90
63 91
63 93
63 94
63 96
63 98
63 99
63 101
63 106
63 107
63 111
63 115
63 116
63 118
63 122
63 129
63 131
63 133
63 134
63 135
63 138
63 142
63 144
63 147
63 151
63 153
63 157
63 158
63 160
64 65
64 66
64 67
64 68
64 69
64 71
64 72
64 76
64 79
64 80
64 81
64 83
64 88
64 89
64 91
64 93
64 94
64 97
64 98
64 102
64 103
64 104
64 105
64 106
64 107
64 108
64 109
64 110
64 111
64 113
64 114
64 117
64 118
64 119
64 123
64 125
64 126
64 127
64 129
64 131
64 134
64 135
64 137
64 138
64 139
64 141
64 142
64 143
64 145
64 147
64 148
64 149
64 150
64 151
64 152
64 153
64 157
64 158
64 160
64 161
65 67
65 69
65 70
65 72
65 73
65 74
65 75
65 77
65 78
65 79
65 81
65 84
65 90
65 92
65 94
65 97
65 98
65 100
65 101
65 102
65 103
65 104
65 105
65 108
65 110
65 111
65 112
65 113
65 117
65 118
65 120
65 125
65 126
65 127
65 128
65 129
65 130
65 132
65 134
65 135
65 137
65 138
65 140
65 142
65 144
65 145
65 147
65 151
65 152
65 153
65 155
65 157
65 160
65 161
66 67
66 70
66 71
66 73
66 74
66 75
66 77
66 79
66 80
66 82
66 84
66 85
66 90
66 93
66 94
66 96
66 97
66 98
66 99
66 102
66 103
66 104
66 106
66 108
66 109
66 113
66 114
66 115
66 116
66 117
66 118
66 124
66 125
66 126
66 127
66 130
66 131
66 133
66 134
66 140
66 141
66 142
66 144
66 146
66 147
66 148
66 149
66 151
66 153
66 154
66 155
66 156
66 159
66 161
67 69
67 70
67 71
67 72
67 73
67 74
67 75
67 78
67 79
67 83
67 84
67 86
67 93
67 95
67 97
67 99
67 101
67 102
67 103
67 104
67 106
67 107
67 108
67 109
67 112
67 113
67 115
67 116
67 117
67 118
67 120
67 122
67 125
67 126
67 127
67 128
67 129
67 130
67 131
67 132
67 133
67 137
67 138
67 139
67 141
67 142
67 143
67 145
67 147
67 149
67 150
67 151
67 152
67 153
67 154
67 155
67 156
68 69
68 70
68 71
68 72
68 73
68 74
68 75
68 76
68 81
68 82
68 83
68 84
68 85
68 86
68 87
68 88
68 90
68 91
68 93
68 95
68 97
68 102
68 103
68 105
68 106
68 107
68 108
68 109
68 112
68 113
68 114
68 115
68 116
68 117
68 118
68 121
68 123
68 125
68 127
68 129
68 130
68 131
68 132
68 133
68 134
68 135
68 136
68 137
68 138
68 139
68 140
68 141
68 142
68 143
68 146
68 148
68 149
68 150
68 151
68 152
68 155
68 156
68 157
68 158
69 70
69 71
69 72
69 73
69 74
69 77
69 79
69 84
69 87
69 90
69 95
69 96
69 97
69 101
69 102
69 105
69 107
69 108
69 109
69 113
69 115
69 118
69 119
69 125
69 126
69 130
69 131
69 133
69 134
69 135
69 137
69 138
69 139
69 140
69 142
69 145
69 146
69 147
69 148
69 152
69 153
69 157
69 158
69 161
70 71
70 72
70 73
70 74
70 75
70 76
70 79
70 82
70 83
70 84
70 85
70 87
70 88
70 89
70 91
70 92
70 93
70 95
70 97
70 98
70 99
70 100
70 102
70 104
70 105
70 106
70 107
70 108
70 109
70 111
70 112
70 113
70 115
70 116
70 117
70 118
70 122
70 125
70 126
70 127
70 129
70 131
70 132
70 133
70 134
70 135
70 136
70 137
70 141
70 142
70 143
70 145
70 148
70 151
70 152
70 154
70 155
70 156
70 158
70 159
70 160
71 72
71 73
71 74
71 75
71 76
71 79
71 82
71 84
71 87
71 88
71 89
71 92
71 93
71 94
71 95
71 97
71 98
71 99
71 101
71 105
71 106
71 107
71 108
71 109
71 111
71 112
71 114
71 115
71 116
71 117
71 118
71 124
71 129
71 130
71 132
71 133
71 134
71 135
71 137
71 139
71 140
71 141
71 142
71 145
71 146
71 147
71 148
71 149
71 150
71 151
71 152
71 153
71 154
71 157
71 158
71 159
72 74
72 75
72 76
72 77
72 79
72 81
72 83
72 84
72 87
72 88
72 89
72 94
72 99
72 100
72 101
72 102
72 104
72 105
72 107
72 108
72 109
72 110
72 112
72 113
72 114
72 115
72 116
72 117
72 118
72 121
72 123
72 125
72 131
72 132
72 133
72 134
72 135
72 136
72 137
72 138
72 141
72 142
72 144
72 146
72 148
72 150
72 151
72 152
72 153
72 154
72 155
72 158
72 159
72 160
73 74
73 75
73 77
73 84
73 85
73 87
73 89
73 91
73 92
73 93
73 94
73 95
73 97
73 99
73 102
73 104
73 105
73 108
73 110
73 112
73 113
73 122
73 125
73 126
73 128
73 129
73 131
73 133
73 134
73 135
73 137
73 140
73 142
73 143
73 147
73 149
73 151
73 152
73 154
73 157
73 160
74 75
74 76
74 77
74 79
74 80
74 81
74 82
74 84
74 86
74 87
74 88
74 90
74 91
74 92
74 93
74 94
74 97
74 101
74 102
74 104
74 105
74 108
74 112
74 113
74 114
74 115
74 116
74 117
74 118
74 119
74 120
74 123
74 124
74 125
74 126
74 127
74 128
74 129
74 130
74 131
74 133
74 134
74 136
74 137
74 138
74 139
74 141
74 142
74 143
74 147
74 150
74 151
74 152
74 155
74 157
74 158
74 161
75 80
75 85
75 86
75 87
75 88
75 89
75 94
75 98
75 99
75 100
75 105
75 106
75 107
75 109
75 111
75 112
75 113
75 114
75 116
75 117
75 118
75 125
75 129
75 130
75 131
75 134
75 135
75 137
75 138
75 142
75 147
75 149
75 151
75 154
75 158
75 161
76 77
76 79
76 81
76 84
76 86
76 87
76 94
76 103
76 105
76 108
76 109
76 112
76 113
76 116
76 117
76 118
76 125
76 133
76 135
76 136
76 137
76 138
76 139
76 142
76 146
76 149
76 154
76 157
76 158
76 160
77 81
77 82
77 84
77 87
77 90
77 91
77 94
77 97
77 98
77 102
77 103
77 104
77 106
77 108
77 109
77 112
77 113
77 114
77 115
77 118
77 125
77 126
77 127
77 128
77 129
77 133
77 136
77 137
77 139
77 140
77 142
77 143
77 146
77 147
77 149
77 151
77 152
77 154
77 155
77 157
77 158
77 161
78 101
78 103
78 115
78 130
78 133
78 134
78 148
79 80
79 83
79 84
79 85
79 86
79 87
79 88
79 91
79 92
79 93
79 94
79 95
79 97
79 98
79 101
79 103
79 104
79 106
79 108
79 111
79 113
79 114
79 117
79 118
79 120
79 123
79 124
79 128
79 129
79 131
79 133
79 134
79 137
79 138
79 141
79 142
79 145
79 146
79 147
79 149
79 150
79 152
79 154
79 155
79 156
79 157
79 158
79 159
79 160
80 86
80 87
80 89
80 91
80 92
80 93
80 95
80 97
80 98
80 101
80 102
80 105
80 106
80 107
80 115
80 116
80 117
80 118
80 128
80 129
80 130
80 133
80 135
80 137
80 138
80 139
80 142
80 147
80 150
80 152
80 155
80 158
80 159
81 82
81 88
81 90
81 97
81 99
81 102
81 107
81 108
81 111
81 115
81 121
81 125
81 126
81 129
81 130
81 138
81 142
81 146
81 150
81 154
81 158
82 87
82 89
82 92
82 95
82 102
82 103
82 105
82 106
82 110
82 111
82 114
82 125
82 129
82 132
82 137
82 140
82 141
82 150
82 151
82 152
82 153
82 157
83 84
83 89
83 90
83 91
83 93
83 98
83 106
83 107
83 114
83 118
83 122
83 126
83 129
83 131
83 133
83 134
83 135
83 137
83 142
83 143
83 151
83 152
83 154
83 157
83 160
84 86
84 89
84 91
84 93
84 94
84 96
84 97
84 101
84 106
84 107
84 108
84 109
84 111
84 112
84 115
84 118
84 121
84 122
84 125
84 126
84 128
84 130
84 131
84 133
84 137
84 138
84 141
84 142
84 143
84 144
84 146
84 149
84 150
84 151
84 157
84 159
84 160
84 161
85 87
85 88
85 93
85 94
85 95
85 97
85 101
85 102
85 106
85 108
85 111
85 113
85 114
85 115
85 118
85 127
85 129
85 130
85 131
85 138
85 140
85 146
85 151
85 157
85 158
85 159
85 160
85 161
86 93
86 95
86 101
86 105
86 108
86 110
86 112
86 113
86 114
86 115
86 117
86 118
86 125
86 126
86 127
86 128
86 129
86 131
86 134
86 137
86 138
86 139
86 142
86 143
86 147
86 154
87 88
87 89
87 94
87 96
87 98
87 99
87 101
87 104
87 105
87 106
87 107
87 108
87 109
87 110
87 112
87 115
87 117
87 118
87 119
87 128
87 129
87 131
87 133
87 136
87 137
87 138
87 140
87 144
87 145
87 147
87 148
87 151
87 152
87 153
87 154
87 157
87 161
88 89
88 91
88 94
88 96
88 97
88 101
88 105
88 106
88 108
88 113
88 114
88 115
88 117
88 120
88 121
88 123
88 129
88 133
88 134
88 135
88 138
88 142
88 143
88 147
88 152
88 156
88 159
89 90
89 93
89 95
89 96
89 101
89 103
89 104
89 105
89 106
89 107
89 109
89 110
89 111
89 112
89 114
89 115
89 116
89 117
89 118
89 121
89 122
89 123
89 124
89 125
89 126
89 129
89 131
89 132
89 133
89 134
89 137
89 138
89 139
89 142
89 143
89 145
89 146
89 147
89 148
89 149
89 150
89 151
89 154
89 155
89 156
89 158
89 159
89 160
89 161
90 91
90 92
90 101
90 107
90 112
90 113
90 132
90 142
90 152
90 158
90 159
91 94
91 101
91 106
91 107
91 108
91 109
91 112
91 115
91 117
91 118
91 125
91 129
91 131
91 133
91 134
91 136
91 139
91 140
91 142
91 146
91 149
91 151
91 157
92 95
92 99
92 100
92 101
92 102
92 106
92 107
92 108
92 114
92 115
92 117
92 118
92 124
92 125
92 126
92 127
92 130
92 131
92 137
92 139
92 147
92 151
92 152
92 160
93 95
93 96
93 98
93 101
93 103
93 107
93 108
93 109
93 113
93 114
93 116
93 117
93 118
93 129
93 132
93 133
93 134
93 135
93 136
93 140
93 141
93 145
93 146
93 150
93 152
93 156
93 157
93 158
93 161
94 95
94 96
94 97
94 98
94 101
94 103
94 104
94 105
94 106
94 108
94 109
94 110
94 112
94 114
94 115
94 116
94 118
94 119
94 122
94 125
94 128
94 129
94 134
94 136
94 137
94 138
94 140
94 141
94 142
94 143
94 145
94 146
94 152
94 153
94 154
94 155
94 157
94 159
94 160
94 161
95 100
95 103
95 106
95 107
95 108
95 114
95 117
95 119
95 121
95 130
95 131
95 135
95 139
95 140
95 142
95 143
95 145
95 151
95 152
95 154
95 161
96 97
96 101
96 102
96 105
96 106
96 112
96 114
96 115
96 116
96 118
96 122
96 126
96 130
96 133
96 135
96 137
96 139
96 142
96 147
96 161
97 99
97 101
97 102
97 103
97 104
97 105
97 107
97 108
97 111
97 114
97 123
97 125
97 127
97 128
97 129
97 131
97 132
97 134
97 135
97 136
97 137
97 139
97 141
97 142
97 146
97 147
97 148
97 150
97 151
97 153
97 154
97 157
97 160
98 101
98 102
98 106
98 108
98 111
98 112
98 114
98 124
98 125
98 126
98 130
98 133
98 134
98 143
98 147
98 151
98 152
98 154
98 158
98 161
99 100
99 101
99 102
99 106
99 108
99 109
99 115
99 117
99 118
99 126
99 130
99 131
99 133
99 138
99 141
99 142
99 146
99 150
99 151
99 153
99 157
99 158
99 161
100 101
100 109
100 111
100 112
100 117
100 129
100 130
100 131
100 134
100 135
100 137
100 142
100 145
100 151
100 152
100 154
100 157
100 158
100 159
100 161
101 102
101 103
101 104
101 105
101 106
101 107
101 108
101 109
101 110
101 113
101 114
101 115
101 116
101 117
101 118
101 119
101 120
101 121
101 124
101 125
101 126
101 128
101 129
101 131
101 133
101 134
101 135
101 136
101 137
101 139
101 141
101 142
101 143
101 144
101 145
101 147
101 148
101 149
101 150
101 152
101 153
101 154
101 155
101 160
101 161
102 103
102 104
102 105
102 106
102 107
102 109
102 111
102 112
102 113
102 115
102 116
102 117
102 122
102 123
102 125
102 126
102 128
102 129
102 130
102 131
102 132
102 133
102 134
102 135
102 136
102 137
102 138
102 139
102 141
102 142
102 146
102 147
102 149
102 155
102 157
102 158
102 160
102 161
103 105
103 108
103 109
103 111
103 115
103 116
103 118
103 119
103 121
103 131
103 132
103 133
103 135
103 137
103 138
103 147
103 151
103 152
103 153
103 154
103 157
104 105
104 114
104 115
104 117
104 122
104 126
104 129
104 130
104 131
104 136
104 137
104 138
104 141
104 142
104 149
104 151
104 158
105 106
105 108
105 109
105 113
105 114
105 117
105 118
105 125
105 128
105 129
105 130
105 133
105 134
105 136
105 137
105 138
105 141
105 142
105 145
105 149
105 151
105 152
105 154
105 157
105 158
105 160
105 161
106 107
106 108
106 109
106 110
106 112
106 113
106 115
106 117
106 118
106 121
106 123
106 126
106 127
106 131
106 134
106 137
106 138
106 139
106 140
106 141
106 142
106 145
106 146
106 147
106 149
106 150
106 151
106 152
106 154
106 155
106 158
106 159
106 160
106 161
107 108
107 112
107 113
107 114
107 117
107 122
107 126
107 131
107 133
107 134
107 142
107 148
107 149
107 151
107 152
107 153
107 155
107 156
107 158
107 159
107 160
107 161
108 110
108 111
108 112
108 114
108 115
108 118
108 119
108 121
108 125
108 126
108 128
108 130
108 131
108 132
108 133
108 134
108 137
108 138
108 141
108 143
108 145
108 146
108 147
108 153
108 156
108 157
108 158
108 160
108 161
109 111
109 114
109 115
109 116
109 117
109 118
109 120
109 124
109 125
109 126
109 130
109 131
109 132
109 134
109 135
109 136
109 138
109 139
109 142
109 145
109 147
109 150
109 152
109 154
109 155
109 157
109 160
109 161
110 112
110 114
110 118
110 119
110 125
110 128
110 131
110 133
110 134
110 138
110 140
110 151
110 152
110 159
111 112
111 113
111 116
111 118
111 125
111 127
111 130
111 131
111 135
111 142
111 145
111 150
111 151
111 152
111 153
111 154
111 155
111 157
111 158
111 159
112 113
112 117
112 123
112 125
112 126
112 128
112 129
112 131
112 133
112 134
112 135
112 138
112 139
112 141
112 143
112 144
112 146
112 149
112 154
112 158
113 114
113 117
113 120
113 121
113 124
113 125
113 126
113 129
113 130
113 132
113 133
113 135
113 138
113 142
113 145
113 146
113 147
113 150
113 157
113 160
113 161
114 115
114 116
114 117
114 118
114 120
114 121
114 125
114 127
114 131
114 134
114 135
114 137
114 138
114 140
114 142
114 143
114 145
114 147
114 149
114 150
114 151
114 152
114 153
114 154
114 157
114 158
114 159
115 116
115 117
115 119
115 123
115 125
115 129
115 131
115 133
115 134
115 135
115 139
115 141
115 142
115 143
115 145
115 147
115 149
115 150
115 151
115 152
115 154
115 157
115 159
115 160
116 117
116 118
116 119
116 129
116 130
116 133
116 134
116 137
116 140
116 141
116 142
116 146
116 158
117 118
117 121
117 124
117 126
117 128
117 129
117 130
117 131
117 133
117 134
117 135
117 141
117 142
117 146
117 147
117 151
117 152
117 153
117 154
117 155
117 156
117 157
117 158
117 159
118 122
118 126
118 128
118 129
118 130
118 131
118 132
118 133
118 134
118 135
118 136
118 137
118 138
118 139
118 141
118 142
118 147
118 149
118 150
118 152
118 153
118 154
118 157
118 158
118 159
118 161
119 126
119 129
119 131
119 143
119 147
119 151
120 127
120 128
120 142
120 161
121 126
121 127
121 129
121 138
121 142
121 146
121 152
121 157
121 159
122 134
122 137
122 140
122 141
122 145
122 147
122 149
122 151
122 154
123 129
123 133
123 138
123 142
123 147
123 152
123 161
124 127
124 133
124 137
124 147
124 153
124 155
124 158
125 126
125 128
125 130
125 131
125 132
125 134
125 137
125 138
125 140
125 141
125 142
125 143
125 147
125 149
125 150
125 154
125 161
126 129
126 130
126 134
126 135
126 138
126 139
126 140
126 142
126 151
126 158
126 160
127 130
127 137
127 138
127 142
127 151
127 158
127 159
128 129
128 135
128 137
128 139
128 141
128 143
128 146
128 150
128 152
128 153
128 154
129 130
129 131
129 133
129 135
129 136
129 137
129 139
129 140
129 141
129 142
129 143
129 145
129 146
129 147
129 148
129 149
129 150
129 151
129 152
129 153
129 154
129 156
129 157
129 158
129 159
129 160
129 161
130 131
130 133
130 134
130 138
130 139
130 140
130 147
130 149
130 151
130 152
130 154
130 155
130 159
131 132
131 133
131 134
131 137
131 138
131 139
131 141
131 142
131 143
131 145
131 146
131 147
131 150
131 151
131 152
131 153
131 154
131 155
131 157
131 158
131 159
131 160
131 161
132 135
132 138
132 142
132 151
132 154
132 158
133 134
133 135
133 136
133 137
133 139
133 142
133 147
133 148
133 150
133 151
133 152
133 153
133 154
133 155
133 157
133 158
133 160
134 136
134 137
134 138
134 141
134 142
134 143
134 146
134 147
134 148
134 149
134 150
134 151
134 152
134 153
134 155
134 158
135 143
135 144
135 146
135 148
135 149
135 151
135 152
135 155
135 157
136 138
136 139
136 141
136 145
136 149
136 151
136 152
136 154
136 155
136 157
136 158
137 141
137 143
137 146
137 147
137 151
137 152
137 154
137 156
137 157
137 158
137 160
137 161
138 141
138 142
138 145
138 148
138 150
138 151
138 154
138 159
139 142
139 143
139 147
139 149
139 151
139 152
139 160
139 161
140 142
140 149
140 150
140 151
140 152
140 157
140 159
141 144
141 146
141 147
141 148
141 149
141 152
141 158
141 160
141 161
142 145
142 147
142 150
142 151
142 154
142 155
142 157
142 158
142 159
142 161
143 147
143 150
143 153
143 157
143 158
143 159
144 147
144 161
145 147
145 150
145 153
145 154
145 157
145 158
145 160
146 147
146 149
146 150
146 152
146 153
146 161
147 150
147 151
147 153
147 154
147 155
147 157
148 151
148 153
148 156
148 157
149 151
149 152
149 153
149 154
149 156
149 157
149 159
150 151
150 152
150 154
150 159
150 161
151 152
151 153
151 154
151 157
151 158
151 161
152 153
152 155
152 157
152 161
153 154
153 158
153 159
154 155
154 159
154 160
154 161
155 157
156 157
156 161
157 159
157 160
158 159
158 160
160 161
