0 4
0 6
0 11
0 30
0 31
0 32
0 38
0 40
0 49
0 54
0 56
0 64
0 65
0 68
0 70
0 73
0 74
0 79
0 89
0 93
0 94
0 107
0 115
0 121
0 122
0 125
0 131
0 133
0 137
0 138
0 142
0 145
0 147
0 152
0 154
1 4
1 6
1 19
1 26
1 28
1 30
1 31
1 32
1 34
1 37
1 40
1 49
1 54
1 56
1 58
1 64
1 65
1 66
1 67
1 68
1 70
1 74
1 79
1 87
1 89
1 94
1 101
1 106
1 107
1 111
1 117
1 120
1 121
1 125
1 131
1 133
1 137
1 138
1 142
1 145
1 152
1 154
2 18
2 23
2 26
2 30
2 31
2 32
2 37
2 40
2 49
2 54
2 56
2 64
2 66
2 73
2 74
2 89
2 101
2 102
2 103
2 106
2 115
2 121
2 131
2 133
2 137
2 138
2 142
2 147
2 151
2 152
2 154
3 20
3 26
3 31
3 32
3 40
3 49
3 54
3 56
3 57
3 64
3 66
3 67
3 70
3 74
3 89
3 97
3 101
3 115
3 125
3 131
3 133
3 137
3 138
3 142
3 151
3 152
3 154
4 1
4 6
4 18
4 19
4 20
4 23
4 26
4 28
4 30
4 31
4 32
4 34
4 37
4 38
4 40
4 42
4 44
4 49
4 52
4 54
4 56
4 58
4 64
4 65
4 66
4 67
4 68
4 70
4 73
4 74
4 79
4 87
4 89
4 93
4 94
4 97
4 101
4 102
4 103
4 106
4 107
4 111
4 115
4 117
4 120
4 121
4 122
4 125
4 129
4 131
4 133
4 134
4 137
4 138
4 142
4 145
4 146
4 147
4 151
4 152
4 154
4 156
5 18
5 40
5 54
5 56
5 64
5 67
5 74
5 115
5 131
5 133
5 138
5 142
5 147
5 154
6 1
6 4
6 11
6 15
6 18
6 19
6 20
6 23
6 26
6 28
6 30
6 31
6 32
6 34
6 37
6 38
6 40
6 42
6 44
6 49
6 52
6 54
6 56
6 57
6 58
6 64
6 65
6 66
6 67
6 68
6 70
6 73
6 74
6 79
6 87
6 89
6 93
6 94
6 97
6 101
6 102
6 103
6 106
6 107
6 111
6 115
6 117
6 120
6 121
6 122
6 125
6 129
6 131
6 133
6 134
6 137
6 138
6 142
6 145
6 146
6 147
6 151
6 152
6 154
7 1
7 4
7 6
7 11
7 15
7 18
7 19
7 20
7 23
7 26
7 28
7 30
7 31
7 32
7 34
7 37
7 38
7 40
7 42
7 44
7 49
7 52
7 54
7 56
7 57
7 58
7 64
7 65
7 66
7 67
7 68
7 70
7 73
7 74
7 79
7 87
7 89
7 93
7 94
7 97
7 101
7 102
7 103
7 106
7 107
7 111
7 115
7 117
7 120
7 121
7 122
7 125
7 129
7 131
7 133
7 134
7 137
7 138
7 142
7 145
7 146
7 147
7 151
7 152
7 154
7 156
8 6
8 26
8 40
8 54
8 56
8 64
8 65
8 67
8 70
8 74
8 79
8 89
8 101
8 102
8 106
8 115
8 117
8 131
8 133
8 137
8 138
8 152
8 154
9 1
9 4
9 6
9 11
9 18
9 19
9 20
9 23
9 26
9 30
9 31
9 32
9 37
9 38
9 40
9 42
9 49
9 52
9 54
9 56
9 57
9 58
9 64
9 65
9 68
9 70
9 73
9 74
9 79
9 89
9 93
9 94
9 97
9 101
9 102
9 106
9 107
9 115
9 117
9 121
9 122
9 125
9 129
9 131
9 133
9 134
9 137
9 138
9 142
9 146
9 151
9 152
9 154
10 4
10 6
10 11
10 15
10 18
10 19
10 20
10 26
10 30
10 31
10 32
10 37
10 38
10 40
10 44
10 49
10 54
10 56
10 58
10 65
10 67
10 68
10 70
10 73
10 74
10 79
10 87
10 89
10 94
10 97
10 101
10 106
10 115
10 117
10 120
10 121
10 125
10 129
10 131
10 133
10 137
10 138
10 146
10 147
10 151
10 152
10 154
11 1
11 4
11 6
11 15
11 18
11 19
11 20
11 26
11 28
11 30
11 31
11 32
11 34
11 37
11 38
11 40
11 44
11 49
11 52
11 54
11 56
11 58
11 64
11 65
11 67
11 68
11 70
11 73
11 74
11 79
11 87
11 89
11 93
11 94
11 101
11 102
11 103
11 106
11 107
11 115
11 117
11 120
11 121
11 125
11 129
11 131
11 133
11 134
11 137
11 138
11 142
11 145
11 147
11 151
11 152
11 154
12 6
12 11
12 18
12 19
12 26
12 30
12 31
12 32
12 37
12 40
12 49
12 54
12 56
12 57
12 64
12 65
12 66
12 68
12 70
12 73
12 74
12 79
12 89
12 101
12 106
12 107
12 115
12 121
12 129
12 131
12 133
12 134
12 137
12 138
12 142
12 145
12 146
12 147
12 152
12 154
13 1
13 4
13 26
13 31
13 32
13 37
13 38
13 54
13 56
13 64
13 65
13 66
13 67
13 73
13 74
13 79
13 89
13 94
13 101
13 106
13 115
13 117
13 120
13 125
13 129
13 131
13 133
13 137
13 138
13 142
13 146
13 147
13 152
13 154
14 1
14 4
14 6
14 11
14 15
14 17
14 18
14 19
14 20
14 23
14 26
14 28
14 30
14 31
14 32
14 34
14 37
14 38
14 40
14 42
14 44
14 49
14 52
14 54
14 56
14 57
14 58
14 64
14 65
14 66
14 67
14 68
14 70
14 73
14 74
14 79
14 87
14 89
14 93
14 94
14 97
14 101
14 102
14 103
14 106
14 107
14 111
14 115
14 117
14 120
14 121
14 122
14 125
14 129
14 131
14 133
14 134
14 137
14 138
14 142
14 145
14 146
14 147
14 151
14 152
14 154
14 156
15 18
15 26
15 30
15 31
15 32
15 38
15 40
15 54
15 64
15 65
15 67
15 70
15 73
15 74
15 79
15 89
15 101
15 106
15 115
15 125
15 129
15 131
15 133
15 137
15 138
15 142
15 147
15 154
16 6
16 11
16 15
16 20
16 26
16 30
16 31
16 37
16 38
16 49
16 54
16 56
16 64
16 65
16 68
16 70
16 73
16 74
16 89
16 93
16 94
16 97
16 101
16 106
16 115
16 125
16 129
16 131
16 133
16 134
16 137
16 138
16 142
16 146
16 151
16 152
16 154
17 19
17 26
17 31
17 32
17 38
17 40
17 49
17 54
17 64
17 65
17 67
17 70
17 74
17 89
17 94
17 101
17 115
17 131
17 133
17 137
17 138
17 145
17 147
17 154
18 1
18 4
18 6
18 11
18 19
18 23
18 26
18 31
18 32
18 34
18 37
18 38
18 40
18 42
18 49
18 54
18 56
18 64
18 65
18 67
18 68
18 70
18 74
18 79
18 89
18 93
18 94
18 97
18 101
18 102
18 103
18 106
18 115
18 125
18 129
18 131
18 133
18 137
18 138
18 142
18 146
18 147
18 151
18 152
18 154
19 1
19 4
19 6
19 11
19 15
19 18
19 20
19 23
19 26
19 28
19 30
19 31
19 32
19 34
19 37
19 38
19 40
19 42
19 44
19 49
19 52
19 54
19 56
19 57
19 58
19 64
19 65
19 66
19 67
19 68
19 70
19 73
19 74
19 79
19 87
19 89
19 93
19 94
19 97
19 101
19 102
19 103
19 106
19 107
19 111
19 115
19 117
19 120
19 121
19 122
19 125
19 129
19 131
19 133
19 134
19 137
19 138
19 142
19 145
19 146
19 147
19 151
19 152
19 154
20 6
20 18
20 26
20 31
20 32
20 40
20 49
20 54
20 64
20 65
20 67
20 68
20 70
20 73
20 74
20 79
20 89
20 93
20 101
20 106
20 115
20 117
20 125
20 129
20 131
20 133
20 137
20 138
20 147
20 152
20 154
21 1
21 4
21 6
21 11
21 15
21 19
21 20
21 23
21 26
21 28
21 30
21 31
21 32
21 34
21 37
21 38
21 40
21 44
21 49
21 52
21 54
21 56
21 57
21 58
21 64
21 65
21 66
21 67
21 68
21 70
21 73
21 74
21 79
21 87
21 89
21 93
21 94
21 97
21 101
21 102
21 103
21 106
21 107
21 111
21 115
21 117
21 120
21 122
21 125
21 129
21 131
21 133
21 134
21 137
21 138
21 142
21 145
21 146
21 147
21 151
21 152
21 154
21 156
22 6
22 19
22 26
22 30
22 38
22 49
22 54
22 56
22 58
22 64
22 65
22 68
22 70
22 73
22 74
22 79
22 89
22 93
22 94
22 101
22 102
22 106
22 115
22 120
22 129
22 131
22 133
22 137
22 138
22 146
22 152
22 154
23 1
23 26
23 31
23 32
23 40
23 49
23 54
23 56
23 70
23 74
23 79
23 93
23 97
23 101
23 102
23 106
23 115
23 131
23 133
23 137
23 138
23 142
23 145
23 147
23 151
23 152
23 154
24 1
24 6
24 11
24 26
24 30
24 32
24 37
24 38
24 40
24 49
24 54
24 64
24 65
24 66
24 67
24 68
24 70
24 74
24 79
24 89
24 94
24 97
24 101
24 115
24 117
24 121
24 125
24 129
24 131
24 133
24 134
24 137
24 138
24 142
24 145
24 147
24 152
24 154
25 1
25 6
25 11
25 18
25 19
25 23
25 28
25 30
25 31
25 32
25 38
25 40
25 49
25 52
25 54
25 56
25 57
25 64
25 65
25 67
25 70
25 73
25 74
25 87
25 89
25 93
25 94
25 101
25 102
25 106
25 107
25 115
25 125
25 129
25 131
25 133
25 134
25 137
25 138
25 142
25 145
25 146
25 147
25 152
25 154
26 1
26 4
26 6
26 11
26 15
26 17
26 18
26 19
26 20
26 23
26 28
26 30
26 31
26 32
26 34
26 37
26 38
26 40
26 42
26 44
26 49
26 52
26 54
26 56
26 57
26 58
26 64
26 65
26 66
26 67
26 68
26 70
26 73
26 74
26 79
26 87
26 89
26 93
26 94
26 97
26 101
26 102
26 103
26 106
26 107
26 111
26 115
26 117
26 120
26 121
26 122
26 125
26 129
26 131
26 133
26 134
26 137
26 138
26 142
26 145
26 146
26 147
26 151
26 152
26 154
26 156
27 4
27 11
27 26
27 32
27 38
27 40
27 44
27 49
27 54
27 56
27 64
27 65
27 67
27 73
27 74
27 79
27 89
27 94
27 101
27 106
27 131
27 133
27 138
27 142
27 152
27 154
28 6
28 19
28 26
28 31
28 32
28 37
28 38
28 40
28 49
28 52
28 54
28 56
28 64
28 65
28 66
28 74
28 79
28 89
28 101
28 103
28 115
28 117
28 120
28 121
28 125
28 133
28 137
28 138
28 142
28 147
28 152
28 154
29 6
29 19
29 26
29 31
29 40
29 49
29 54
29 56
29 64
29 68
29 70
29 74
29 79
29 89
29 97
29 101
29 102
29 103
29 106
29 115
29 117
29 125
29 131
29 133
29 137
29 138
29 142
29 145
29 147
29 151
29 152
29 154
30 1
30 4
30 6
30 11
30 15
30 18
30 19
30 20
30 26
30 31
30 32
30 34
30 37
30 38
30 40
30 42
30 44
30 49
30 52
30 54
30 56
30 57
30 58
30 64
30 65
30 67
30 68
30 70
30 73
30 74
30 79
30 87
30 89
30 93
30 94
30 97
30 101
30 102
30 103
30 106
30 107
30 111
30 115
30 117
30 120
30 121
30 122
30 125
30 129
30 131
30 133
30 134
30 137
30 138
30 142
30 146
30 147
30 151
30 152
30 154
30 156
31 1
31 4
31 6
31 11
31 15
31 18
31 19
31 20
31 26
31 28
31 30
31 32
31 34
31 37
31 38
31 40
31 42
31 44
31 49
31 52
31 54
31 56
31 57
31 58
31 64
31 65
31 66
31 67
31 68
31 70
31 73
31 74
31 79
31 87
31 89
31 93
31 94
31 97
31 101
31 102
31 103
31 106
31 107
31 111
31 115
31 117
31 120
31 121
31 122
31 125
31 129
31 131
31 133
31 134
31 137
31 138
31 142
31 145
31 146
31 147
31 151
31 152
31 154
31 156
32 1
32 4
32 6
32 11
32 15
32 18
32 19
32 20
32 23
32 26
32 30
32 31
32 34
32 37
32 38
32 40
32 44
32 49
32 52
32 54
32 56
32 58
32 64
32 65
32 66
32 67
32 68
32 70
32 73
32 74
32 79
32 87
32 89
32 93
32 94
32 97
32 101
32 102
32 103
32 106
32 107
32 111
32 115
32 117
32 120
32 121
32 122
32 125
32 129
32 131
32 133
32 134
32 137
32 138
32 142
32 145
32 146
32 147
32 151
32 152
32 154
32 156
33 4
33 11
33 18
33 19
33 26
33 31
33 32
33 37
33 38
33 54
33 56
33 64
33 65
33 67
33 68
33 70
33 74
33 79
33 89
33 101
33 102
33 115
33 125
33 129
33 131
33 133
33 137
33 138
33 142
33 145
33 147
33 152
33 154
34 4
34 6
34 15
34 19
34 23
34 26
34 28
34 30
34 31
34 32
34 37
34 38
34 40
34 49
34 54
34 64
34 65
34 66
34 67
34 68
34 70
34 74
34 89
34 94
34 97
34 101
34 102
34 106
34 107
34 111
34 115
34 120
34 129
34 131
34 133
34 134
34 137
34 138
34 142
34 145
34 147
34 152
34 154
35 1
35 4
35 6
35 11
35 18
35 19
35 26
35 28
35 30
35 31
35 32
35 37
35 38
35 40
35 44
35 49
35 54
35 56
35 64
35 65
35 66
35 67
35 68
35 70
35 73
35 74
35 79
35 87
35 89
35 93
35 94
35 97
35 101
35 102
35 103
35 106
35 111
35 115
35 117
35 120
35 121
35 125
35 129
35 131
35 133
35 134
35 137
35 138
35 142
35 146
35 152
35 154
36 1
36 4
36 6
36 18
36 19
36 26
36 30
36 31
36 32
36 37
36 38
36 40
36 42
36 49
36 54
36 56
36 58
36 64
36 65
36 66
36 67
36 68
36 70
36 74
36 79
36 93
36 94
36 97
36 101
36 102
36 103
36 106
36 111
36 115
36 120
36 125
36 129
36 131
36 133
36 134
36 137
36 138
36 142
36 145
36 147
36 151
36 152
36 154
37 1
37 6
37 19
37 30
37 31
37 32
37 40
37 49
37 54
37 64
37 67
37 68
37 70
37 74
37 89
37 101
37 106
37 111
37 115
37 133
37 134
37 138
37 142
37 146
37 147
37 151
37 152
37 154
38 1
38 4
38 6
38 11
38 15
38 18
38 19
38 20
38 23
38 26
38 28
38 30
38 31
38 32
38 37
38 40
38 42
38 49
38 54
38 56
38 64
38 65
38 67
38 68
38 70
38 73
38 74
38 79
38 87
38 89
38 93
38 94
38 97
38 101
38 102
38 106
38 107
38 111
38 115
38 117
38 120
38 121
38 129
38 131
38 133
38 134
38 137
38 138
38 142
38 145
38 146
38 147
38 151
38 152
38 154
39 4
39 6
39 11
39 19
39 20
39 26
39 30
39 31
39 32
39 37
39 40
39 49
39 54
39 64
39 65
39 67
39 68
39 70
39 74
39 79
39 89
39 93
39 94
39 101
39 102
39 106
39 115
39 117
39 122
39 125
39 129
39 131
39 134
39 137
39 138
39 142
39 146
39 152
39 154
40 1
40 4
40 6
40 11
40 15
40 17
40 18
40 19
40 20
40 23
40 26
40 28
40 30
40 31
40 32
40 34
40 37
40 38
40 42
40 44
40 49
40 52
40 54
40 56
40 57
40 58
40 64
40 65
40 66
40 67
40 68
40 70
40 73
40 74
40 79
40 87
40 89
40 93
40 94
40 97
40 101
40 102
40 103
40 106
40 107
40 111
40 115
40 117
40 120
40 121
40 122
40 125
40 129
40 131
40 133
40 134
40 137
40 138
40 142
40 145
40 146
40 147
40 151
40 152
40 154
40 156
41 15
41 26
41 30
41 38
41 40
41 49
41 54
41 56
41 65
41 67
41 70
41 74
41 79
41 89
41 106
41 115
41 133
41 134
41 138
41 142
41 152
42 1
42 6
42 19
42 23
42 26
42 32
42 34
42 37
42 38
42 49
42 54
42 56
42 64
42 65
42 67
42 70
42 73
42 74
42 79
42 89
42 94
42 97
42 101
42 102
42 106
42 115
42 121
42 125
42 129
42 131
42 133
42 137
42 138
42 142
42 146
42 147
42 152
42 154
43 4
43 6
43 18
43 19
43 26
43 31
43 32
43 37
43 38
43 40
43 49
43 52
43 54
43 56
43 57
43 58
43 64
43 65
43 67
43 68
43 70
43 73
43 74
43 79
43 87
43 89
43 93
43 94
43 97
43 101
43 102
43 106
43 115
43 117
43 125
43 129
43 131
43 133
43 134
43 137
43 138
43 142
43 145
43 146
43 147
43 152
43 154
44 1
44 18
44 19
44 23
44 26
44 30
44 31
44 32
44 37
44 38
44 40
44 49
44 52
44 54
44 56
44 64
44 65
44 67
44 68
44 70
44 73
44 74
44 79
44 89
44 94
44 97
44 101
44 102
44 106
44 111
44 115
44 122
44 125
44 129
44 131
44 133
44 137
44 138
44 142
44 145
44 146
44 147
44 151
44 152
44 154
45 1
45 4
45 6
45 11
45 15
45 18
45 19
45 20
45 23
45 26
45 28
45 30
45 31
45 32
45 37
45 38
45 40
45 42
45 44
45 49
45 52
45 54
45 56
45 58
45 64
45 65
45 66
45 67
45 68
45 70
45 73
45 74
45 79
45 87
45 93
45 94
45 97
45 101
45 102
45 103
45 106
45 107
45 115
45 117
45 120
45 121
45 122
45 125
45 129
45 131
45 133
45 134
45 137
45 138
45 142
45 145
45 146
45 151
45 152
45 154
46 1
46 6
46 15
46 19
46 26
46 31
46 32
46 37
46 38
46 40
46 44
46 49
46 52
46 54
46 56
46 64
46 65
46 67
46 68
46 70
46 73
46 74
46 89
46 93
46 94
46 97
46 101
46 102
46 106
46 115
46 117
46 125
46 129
46 131
46 133
46 137
46 138
46 142
46 146
46 147
46 152
46 154
47 26
47 54
47 70
47 74
47 89
47 94
47 101
47 115
47 133
47 138
47 152
47 154
48 19
48 31
48 37
48 38
48 40
48 44
48 49
48 54
48 56
48 64
48 65
48 70
48 74
48 79
48 89
48 97
48 101
48 106
48 115
48 129
48 131
48 133
48 137
48 138
48 142
48 147
48 152
48 154
49 1
49 4
49 6
49 11
49 15
49 17
49 18
49 19
49 20
49 23
49 26
49 28
49 30
49 31
49 32
49 34
49 37
49 38
49 40
49 42
49 44
49 52
49 54
49 56
49 57
49 58
49 64
49 65
49 66
49 67
49 68
49 70
49 73
49 74
49 79
49 87
49 89
49 93
49 94
49 97
49 101
49 102
49 103
49 106
49 107
49 111
49 115
49 117
49 120
49 121
49 122
49 125
49 129
49 131
49 133
49 134
49 137
49 138
49 142
49 145
49 146
49 147
49 151
49 152
49 154
49 156
50 1
50 6
50 19
50 20
50 23
50 26
50 30
50 31
50 32
50 34
50 37
50 40
50 42
50 49
50 54
50 56
50 58
50 64
50 65
50 66
50 67
50 68
50 70
50 73
50 74
50 79
50 89
50 93
50 94
50 97
50 101
50 102
50 106
50 111
50 115
50 121
50 122
50 125
50 131
50 133
50 134
50 137
50 138
50 142
50 146
50 147
50 151
50 152
50 154
51 1
51 4
51 6
51 11
51 15
51 17
51 18
51 19
51 20
51 23
51 26
51 28
51 30
51 31
51 32
51 34
51 37
51 38
51 40
51 42
51 44
51 49
51 52
51 54
51 56
51 57
51 58
51 64
51 65
51 66
51 67
51 68
51 70
51 73
51 74
51 79
51 87
51 89
51 93
51 94
51 97
51 101
51 102
51 103
51 106
51 107
51 111
51 115
51 117
51 120
51 121
51 122
51 125
51 129
51 131
51 133
51 134
51 137
51 138
51 142
51 145
51 146
51 147
51 151
51 152
51 154
51 156
52 4
52 6
52 31
52 32
52 37
52 38
52 40
52 49
52 54
52 58
52 64
52 65
52 67
52 68
52 70
52 73
52 74
52 89
52 93
52 94
52 101
52 102
52 115
52 129
52 131
52 133
52 137
52 138
52 142
52 146
52 147
52 152
52 154
53 6
53 18
53 20
53 26
53 30
53 32
53 34
53 37
53 40
53 44
53 49
53 54
53 56
53 64
53 65
53 67
53 74
53 79
53 89
53 93
53 97
53 106
53 115
53 120
53 125
53 129
53 131
53 133
53 137
53 138
53 142
53 147
53 152
53 154
54 1
54 4
54 6
54 11
54 15
54 17
54 18
54 19
54 20
54 23
54 26
54 28
54 30
54 31
54 32
54 34
54 37
54 38
54 40
54 42
54 44
54 49
54 52
54 56
54 57
54 58
54 64
54 65
54 66
54 67
54 68
54 70
54 73
54 74
54 79
54 87
54 89
54 93
54 94
54 97
54 101
54 102
54 103
54 106
54 107
54 111
54 115
54 117
54 120
54 121
54 122
54 125
54 129
54 131
54 133
54 134
54 137
54 138
54 142
54 145
54 146
54 147
54 151
54 152
54 154
54 156
55 1
55 4
55 6
55 11
55 15
55 18
55 19
55 20
55 23
55 26
55 30
55 31
55 32
55 37
55 38
55 40
55 49
55 52
55 54
55 56
55 64
55 65
55 67
55 68
55 70
55 73
55 74
55 79
55 89
55 93
55 94
55 97
55 101
55 102
55 103
55 106
55 115
55 117
55 120
55 121
55 125
55 129
55 131
55 133
55 134
55 137
55 138
55 142
55 145
55 147
55 151
55 152
55 154
56 1
56 4
56 6
56 11
56 15
56 18
56 19
56 20
56 23
56 26
56 30
56 31
56 32
56 34
56 37
56 38
56 40
56 42
56 44
56 49
56 52
56 54
56 57
56 58
56 64
56 65
56 66
56 67
56 68
56 70
56 73
56 74
56 79
56 87
56 89
56 93
56 94
56 97
56 101
56 102
56 103
56 106
56 107
56 111
56 115
56 117
56 122
56 125
56 129
56 131
56 133
56 134
56 137
56 138
56 142
56 145
56 146
56 147
56 151
56 152
56 154
57 4
57 11
57 31
57 32
57 37
57 38
57 40
57 44
57 49
57 54
57 56
57 58
57 65
57 67
57 70
57 73
57 74
57 79
57 89
57 93
57 94
57 97
57 101
57 102
57 115
57 129
57 131
57 133
57 134
57 137
57 138
57 142
57 145
57 146
57 152
57 154
58 1
58 4
58 6
58 11
58 18
58 19
58 20
58 23
58 26
58 28
58 31
58 32
58 34
58 37
58 38
58 40
58 42
58 49
58 54
58 56
58 64
58 65
58 66
58 67
58 70
58 73
58 74
58 79
58 87
58 89
58 93
58 94
58 97
58 101
58 102
58 106
58 107
58 111
58 115
58 117
58 122
58 125
58 129
58 131
58 133
58 134
58 137
58 138
58 142
58 145
58 146
58 147
58 151
58 152
58 154
59 6
59 11
59 19
59 20
59 26
59 30
59 31
59 32
59 37
59 40
59 44
59 49
59 52
59 54
59 56
59 57
59 58
59 64
59 65
59 66
59 67
59 68
59 70
59 73
59 74
59 79
59 87
59 93
59 97
59 101
59 102
59 106
59 107
59 115
59 117
59 120
59 125
59 129
59 131
59 133
59 134
59 137
59 138
59 147
59 152
59 154
60 31
60 54
60 64
60 65
60 74
60 102
60 115
60 133
60 137
60 138
60 146
60 152
60 154
61 1
61 4
61 6
61 11
61 19
61 20
61 23
61 26
61 30
61 31
61 32
61 34
61 37
61 40
61 49
61 52
61 54
61 56
61 57
61 58
61 64
61 65
61 66
61 67
61 68
61 70
61 73
61 74
61 79
61 87
61 89
61 94
61 97
61 101
61 106
61 107
61 115
61 117
61 120
61 122
61 125
61 131
61 133
61 134
61 137
61 138
61 142
61 146
61 147
61 152
61 154
62 18
62 19
62 26
62 31
62 38
62 40
62 54
62 56
62 58
62 64
62 65
62 67
62 70
62 74
62 79
62 89
62 93
62 94
62 97
62 101
62 102
62 107
62 115
62 125
62 133
62 134
62 137
62 138
62 151
62 152
62 154
63 1
63 4
63 6
63 11
63 15
63 18
63 26
63 30
63 31
63 32
63 34
63 37
63 38
63 40
63 44
63 49
63 52
63 54
63 56
63 58
63 64
63 65
63 66
63 67
63 68
63 70
63 73
63 74
63 79
63 87
63 89
63 93
63 94
63 97
63 101
63 102
63 106
63 107
63 115
63 117
63 120
63 121
63 125
63 129
63 131
63 133
63 134
63 137
63 138
63 142
63 146
63 147
63 151
63 152
63 154
64 1
64 4
64 6
64 11
64 15
64 17
64 18
64 19
64 20
64 23
64 26
64 28
64 30
64 31
64 32
64 34
64 37
64 38
64 40
64 42
64 44
64 49
64 52
64 54
64 56
64 57
64 58
64 65
64 66
64 67
64 68
64 70
64 73
64 74
64 79
64 87
64 89
64 93
64 94
64 97
64 101
64 102
64 103
64 106
64 107
64 111
64 115
64 117
64 120
64 121
64 122
64 125
64 129
64 131
64 133
64 134
64 137
64 138
64 142
64 145
64 146
64 147
64 151
64 152
64 154
64 156
65 1
65 4
65 6
65 11
65 15
65 19
65 20
65 23
65 26
65 28
65 30
65 31
65 32
65 34
65 37
65 38
65 40
65 42
65 44
65 49
65 52
65 54
65 56
65 57
65 58
65 64
65 66
65 67
65 68
65 70
65 73
65 74
65 79
65 87
65 89
65 93
65 94
65 97
65 101
65 102
65 103
65 106
65 107
65 115
65 117
65 120
65 121
65 122
65 125
65 129
65 131
65 133
65 137
65 138
65 142
65 145
65 146
65 147
65 151
65 152
65 154
65 156
66 1
66 4
66 6
66 15
66 18
66 19
66 26
66 28
66 31
66 32
66 34
66 37
66 40
66 49
66 52
66 54
66 56
66 58
66 64
66 65
66 67
66 70
66 74
66 79
66 87
66 89
66 93
66 94
66 97
66 101
66 102
66 106
66 115
66 117
66 122
66 125
66 129
66 133
66 137
66 138
66 142
66 145
66 146
66 147
66 151
66 152
66 154
67 1
67 4
67 6
67 11
67 15
67 18
67 19
67 20
67 23
67 26
67 28
67 30
67 31
67 32
67 34
67 37
67 38
67 40
67 42
67 44
67 49
67 52
67 54
67 56
67 57
67 58
67 64
67 65
67 66
67 68
67 70
67 73
67 74
67 79
67 87
67 89
67 93
67 94
67 97
67 101
67 102
67 103
67 106
67 107
67 111
67 115
67 117
67 120
67 121
67 122
67 125
67 129
67 131
67 133
67 134
67 137
67 138
67 142
67 145
67 146
67 147
67 151
67 152
67 154
67 156
68 1
68 4
68 6
68 11
68 18
68 19
68 20
68 23
68 26
68 28
68 30
68 31
68 32
68 34
68 37
68 38
68 40
68 42
68 44
68 49
68 52
68 54
68 56
68 57
68 58
68 64
68 65
68 66
68 67
68 70
68 73
68 74
68 79
68 87
68 89
68 93
68 94
68 97
68 101
68 102
68 103
68 106
68 107
68 111
68 115
68 117
68 120
68 121
68 122
68 125
68 129
68 131
68 133
68 134
68 137
68 138
68 142
68 145
68 146
68 147
68 151
68 152
68 154
68 156
69 1
69 4
69 6
69 11
69 15
69 18
69 19
69 20
69 23
69 26
69 30
69 31
69 32
69 34
69 37
69 38
69 40
69 44
69 49
69 52
69 54
69 56
69 57
69 58
69 64
69 65
69 66
69 67
69 68
69 70
69 73
69 74
69 79
69 87
69 89
69 93
69 94
69 97
69 101
69 102
69 106
69 107
69 111
69 115
69 117
69 120
69 121
69 122
69 125
69 129
69 131
69 133
69 134
69 137
69 138
69 142
69 145
69 146
69 147
69 151
69 152
69 154
70 1
70 4
70 6
70 11
70 15
70 18
70 19
70 20
70 23
70 26
70 28
70 30
70 31
70 32
70 34
70 37
70 38
70 40
70 42
70 44
70 49
70 52
70 54
70 56
70 57
70 58
70 64
70 65
70 66
70 67
70 68
70 73
70 74
70 79
70 87
70 89
70 93
70 94
70 97
70 101
70 102
70 103
70 106
70 107
70 111
70 115
70 117
70 120
70 121
70 122
70 125
70 129
70 131
70 133
70 134
70 137
70 138
70 142
70 145
70 146
70 147
70 151
70 152
70 154
71 4
71 6
71 11
71 18
71 19
71 23
71 26
71 31
71 32
71 34
71 37
71 38
71 40
71 42
71 44
71 49
71 52
71 54
71 56
71 57
71 64
71 65
71 67
71 68
71 70
71 73
71 74
71 79
71 87
71 89
71 93
71 94
71 97
71 101
71 102
71 103
71 106
71 107
71 111
71 115
71 117
71 125
71 129
71 131
71 133
71 134
71 137
71 138
71 142
71 146
71 147
71 151
71 152
71 154
72 1
72 4
72 6
72 11
72 15
72 17
72 18
72 19
72 20
72 23
72 26
72 28
72 30
72 31
72 32
72 34
72 37
72 38
72 40
72 42
72 44
72 49
72 52
72 54
72 56
72 57
72 58
72 64
72 65
72 66
72 67
72 68
72 70
72 73
72 74
72 79
72 87
72 89
72 93
72 94
72 97
72 101
72 102
72 103
72 106
72 107
72 111
72 115
72 117
72 120
72 121
72 122
72 125
72 129
72 131
72 133
72 134
72 137
72 138
72 142
72 145
72 146
72 147
72 151
72 152
72 154
72 156
73 4
73 6
73 11
73 15
73 18
73 19
73 20
73 26
73 30
73 31
73 32
73 34
73 37
73 38
73 40
73 44
73 49
73 52
73 54
73 56
73 57
73 58
73 64
73 65
73 67
73 68
73 70
73 74
73 79
73 87
73 89
73 94
73 97
73 101
73 102
73 103
73 106
73 107
73 115
73 121
73 125
73 129
73 131
73 133
73 134
73 137
73 138
73 142
73 145
73 146
73 147
73 151
73 152
73 154
74 1
74 4
74 6
74 11
74 15
74 17
74 18
74 19
74 20
74 23
74 26
74 28
74 30
74 31
74 32
74 34
74 37
74 38
74 40
74 42
74 44
74 49
74 52
74 54
74 56
74 57
74 58
74 64
74 65
74 66
74 67
74 68
74 70
74 73
74 79
74 87
74 89
74 93
74 94
74 97
74 101
74 102
74 103
74 106
74 107
74 111
74 115
74 117
74 120
74 121
74 122
74 125
74 129
74 131
74 133
74 134
74 137
74 138
74 142
74 145
74 146
74 147
74 151
74 152
74 154
74 156
75 4
75 18
75 19
75 26
75 28
75 30
75 31
75 32
75 37
75 38
75 40
75 49
75 54
75 56
75 64
75 65
75 66
75 67
75 68
75 70
75 73
75 74
75 79
75 89
75 94
75 97
75 101
75 107
75 111
75 115
75 117
75 121
75 122
75 125
75 129
75 131
75 133
75 137
75 138
75 142
75 146
75 147
75 151
75 152
75 154
76 6
76 11
76 23
76 26
76 31
76 32
76 37
76 38
76 40
76 49
76 54
76 56
76 58
76 64
76 65
76 67
76 68
76 70
76 73
76 74
76 79
76 89
76 94
76 101
76 115
76 129
76 133
76 137
76 138
76 142
76 147
76 152
76 154
77 1
77 6
77 11
77 18
77 19
77 20
77 23
77 26
77 30
77 31
77 32
77 37
77 38
77 40
77 49
77 52
77 54
77 56
77 57
77 64
77 65
77 66
77 67
77 70
77 73
77 74
77 79
77 89
77 93
77 94
77 97
77 101
77 102
77 106
77 115
77 117
77 121
77 125
77 129
77 131
77 133
77 134
77 137
77 138
77 142
77 145
77 146
77 147
77 151
77 152
77 154
78 26
78 37
78 40
78 49
78 54
78 56
78 65
78 74
78 79
78 89
78 93
78 101
78 106
78 115
78 133
78 137
78 138
78 142
78 152
78 154
79 1
79 6
79 11
79 15
79 17
79 18
79 19
79 20
79 23
79 26
79 28
79 30
79 31
79 32
79 34
79 37
79 38
79 40
79 42
79 44
79 49
79 52
79 54
79 56
79 57
79 58
79 64
79 65
79 66
79 67
79 68
79 70
79 73
79 74
79 87
79 89
79 93
79 94
79 97
79 101
79 102
79 103
79 106
79 107
79 111
79 115
79 117
79 120
79 121
79 122
79 125
79 129
79 131
79 133
79 134
79 137
79 138
79 142
79 145
79 146
79 147
79 151
79 152
79 154
79 156
80 1
80 11
80 18
80 23
80 26
80 30
80 31
80 32
80 34
80 37
80 38
80 40
80 49
80 54
80 56
80 65
80 67
80 68
80 74
80 79
80 89
80 94
80 97
80 101
80 102
80 106
80 107
80 115
80 117
80 129
80 131
80 133
80 137
80 138
80 142
80 146
80 151
80 152
80 154
81 26
81 30
81 31
81 32
81 37
81 38
81 49
81 54
81 65
81 73
81 74
81 79
81 89
81 101
81 115
81 125
81 133
81 138
81 142
81 147
81 152
81 154
82 1
82 19
82 26
82 31
82 32
82 37
82 44
82 49
82 54
82 56
82 58
82 64
82 65
82 68
82 70
82 74
82 79
82 87
82 89
82 94
82 97
82 101
82 106
82 115
82 131
82 133
82 134
82 137
82 138
82 142
82 147
82 151
82 152
82 154
83 1
83 18
83 19
83 26
83 30
83 32
83 38
83 40
83 49
83 52
83 54
83 64
83 68
83 70
83 74
83 89
83 94
83 97
83 101
83 102
83 106
83 125
83 129
83 131
83 133
83 134
83 137
83 138
83 142
83 145
83 152
83 154
84 1
84 4
84 6
84 11
84 18
84 19
84 26
84 31
84 34
84 37
84 38
84 40
84 49
84 54
84 56
84 57
84 58
84 64
84 65
84 66
84 67
84 68
84 70
84 73
84 74
84 79
84 87
84 89
84 93
84 94
84 101
84 106
84 107
84 115
84 122
84 125
84 131
84 133
84 137
84 138
84 142
84 146
84 147
84 152
84 154
85 6
85 18
85 19
85 26
85 31
85 32
85 37
85 38
85 40
85 49
85 54
85 56
85 64
85 65
85 67
85 68
85 70
85 74
85 89
85 101
85 102
85 106
85 115
85 117
85 121
85 125
85 129
85 131
85 133
85 137
85 138
85 142
85 147
85 152
85 154
86 6
86 11
86 19
86 30
86 32
86 37
86 40
86 49
86 54
86 58
86 64
86 67
86 70
86 74
86 79
86 94
86 97
86 101
86 115
86 131
86 133
86 137
86 138
86 142
86 146
86 147
86 152
86 154
87 4
87 6
87 15
87 18
87 20
87 23
87 26
87 28
87 30
87 31
87 32
87 34
87 37
87 38
87 40
87 42
87 44
87 49
87 52
87 54
87 56
87 57
87 64
87 65
87 66
87 67
87 68
87 70
87 73
87 74
87 79
87 89
87 94
87 97
87 101
87 103
87 106
87 107
87 111
87 115
87 117
87 121
87 125
87 129
87 131
87 133
87 134
87 137
87 138
87 142
87 145
87 146
87 147
87 151
87 152
87 154
88 6
88 19
88 26
88 30
88 32
88 37
88 49
88 52
88 54
88 56
88 57
88 64
88 65
88 67
88 68
88 70
88 73
88 74
88 79
88 87
88 89
88 93
88 101
88 102
88 106
88 107
88 125
88 133
88 137
88 138
88 142
88 145
88 146
88 151
88 152
88 154
89 1
89 4
89 6
89 11
89 15
89 17
89 18
89 19
89 20
89 23
89 26
89 28
89 30
89 31
89 32
89 34
89 37
89 38
89 40
89 42
89 44
89 49
89 52
89 54
89 56
89 57
89 58
89 64
89 65
89 66
89 67
89 68
89 70
89 73
89 74
89 79
89 87
89 93
89 94
89 101
89 102
89 103
89 106
89 107
89 111
89 115
89 117
89 120
89 121
89 122
89 125
89 129
89 131
89 133
89 134
89 137
89 138
89 142
89 145
89 146
89 147
89 151
89 152
89 154
90 6
90 19
90 26
90 34
90 38
90 40
90 54
90 65
90 70
90 74
90 79
90 89
90 93
90 101
90 102
90 115
90 131
90 133
90 137
90 138
90 142
90 152
90 154
91 4
91 6
91 19
91 20
91 26
91 31
91 32
91 37
91 38
91 40
91 44
91 49
91 52
91 54
91 56
91 58
91 64
91 65
91 67
91 70
91 73
91 74
91 79
91 87
91 89
91 93
91 94
91 101
91 102
91 106
91 107
91 115
91 117
91 120
91 125
91 129
91 133
91 134
91 137
91 138
91 142
91 146
91 147
91 151
91 152
91 154
92 1
92 4
92 26
92 30
92 31
92 37
92 38
92 40
92 49
92 54
92 56
92 67
92 68
92 70
92 74
92 89
92 93
92 94
92 101
92 106
92 115
92 125
92 129
92 133
92 137
92 138
92 142
92 147
92 152
92 154
93 6
93 18
93 19
93 20
93 26
93 30
93 31
93 32
93 37
93 38
93 40
93 42
93 54
93 56
93 64
93 65
93 67
93 68
93 70
93 73
93 74
93 79
93 89
93 94
93 97
93 101
93 102
93 106
93 115
93 117
93 120
93 121
93 125
93 129
93 133
93 137
93 138
93 142
93 145
93 147
93 151
93 152
93 154
94 1
94 6
94 11
94 15
94 18
94 19
94 20
94 23
94 26
94 30
94 31
94 32
94 34
94 37
94 38
94 40
94 42
94 44
94 49
94 52
94 54
94 56
94 57
94 58
94 64
94 65
94 66
94 67
94 68
94 70
94 73
94 74
94 79
94 87
94 89
94 93
94 97
94 101
94 102
94 103
94 106
94 107
94 111
94 115
94 117
94 121
94 122
94 125
94 129
94 131
94 133
94 134
94 137
94 138
94 142
94 145
94 146
94 147
94 151
94 152
94 154
94 156
95 11
95 26
95 30
95 38
95 40
95 44
95 54
95 56
95 64
95 65
95 68
95 70
95 74
95 79
95 97
95 101
95 102
95 106
95 115
95 117
95 125
95 131
95 133
95 137
95 138
95 142
95 146
95 147
95 152
95 154
96 6
96 19
96 20
96 26
96 31
96 32
96 34
96 40
96 49
96 54
96 64
96 65
96 68
96 70
96 74
96 79
96 87
96 89
96 94
96 97
96 101
96 102
96 106
96 107
96 115
96 125
96 129
96 131
96 133
96 134
96 137
96 138
96 142
96 152
96 154
97 1
97 4
97 6
97 18
97 19
97 20
97 23
97 26
97 28
97 30
97 31
97 32
97 34
97 37
97 38
97 40
97 42
97 44
97 49
97 52
97 54
97 56
97 57
97 64
97 65
97 66
97 67
97 68
97 73
97 74
97 79
97 87
97 89
97 93
97 94
97 101
97 102
97 103
97 106
97 115
97 117
97 120
97 129
97 131
97 133
97 134
97 137
97 138
97 142
97 145
97 146
97 147
97 151
97 152
97 154
98 6
98 19
98 26
98 30
98 31
98 32
98 38
98 40
98 49
98 54
98 56
98 65
98 67
98 68
98 70
98 73
98 74
98 79
98 89
98 94
98 97
98 101
98 102
98 106
98 107
98 115
98 117
98 125
98 129
98 131
98 133
98 137
98 138
98 142
98 145
98 146
98 151
98 152
98 154
99 4
99 6
99 18
99 19
99 26
99 28
99 31
99 32
99 34
99 37
99 38
99 40
99 44
99 49
99 54
99 64
99 65
99 66
99 67
99 68
99 70
99 73
99 74
99 79
99 89
99 94
99 97
99 101
99 102
99 106
99 115
99 117
99 120
99 125
99 129
99 133
99 137
99 138
99 142
99 147
99 151
99 152
99 154
100 1
100 4
100 6
100 26
100 31
100 32
100 37
100 40
100 49
100 54
100 56
100 58
100 64
100 65
100 66
100 67
100 68
100 70
100 73
100 74
100 79
100 89
100 94
100 101
100 102
100 103
100 106
100 115
100 117
100 125
100 129
100 131
100 133
100 137
100 138
100 142
100 146
100 147
100 151
100 152
100 154
101 1
101 4
101 6
101 11
101 15
101 17
101 18
101 19
101 20
101 23
101 26
101 28
101 30
101 31
101 32
101 34
101 37
101 38
101 40
101 42
101 44
101 49
101 52
101 54
101 56
101 57
101 58
101 64
101 65
101 66
101 67
101 68
101 70
101 73
101 74
101 79
101 87
101 89
101 93
101 94
101 97
101 102
101 103
101 106
101 107
101 111
101 115
101 117
101 120
101 121
101 122
101 125
101 129
101 131
101 133
101 134
101 137
101 138
101 142
101 145
101 146
101 147
101 151
101 152
101 154
101 156
102 1
102 4
102 6
102 11
102 15
102 18
102 19
102 20
102 23
102 26
102 28
102 30
102 31
102 32
102 34
102 37
102 38
102 40
102 42
102 44
102 49
102 52
102 54
102 56
102 57
102 58
102 64
102 65
102 66
102 67
102 68
102 70
102 73
102 74
102 79
102 87
102 89
102 93
102 94
102 97
102 101
102 103
102 106
102 107
102 111
102 115
102 117
102 120
102 121
102 122
102 125
102 129
102 131
102 133
102 134
102 137
102 138
102 142
102 145
102 146
102 147
102 151
102 152
102 154
102 156
103 1
103 6
103 11
103 15
103 19
103 23
103 26
103 30
103 31
103 32
103 37
103 38
103 40
103 49
103 52
103 54
103 56
103 64
103 65
103 66
103 67
103 68
103 70
103 73
103 74
103 79
103 87
103 89
103 93
103 94
103 97
103 101
103 102
103 106
103 115
103 120
103 121
103 122
103 133
103 134
103 137
103 138
103 142
103 147
103 151
103 152
103 154
104 6
104 19
104 26
104 31
104 38
104 40
104 54
104 56
104 64
104 65
104 70
104 74
104 79
104 89
104 93
104 97
104 101
104 106
104 111
104 115
104 133
104 137
104 138
104 142
104 146
104 152
104 154
105 1
105 4
105 6
105 11
105 15
105 18
105 19
105 26
105 30
105 31
105 34
105 37
105 38
105 40
105 42
105 49
105 52
105 54
105 56
105 57
105 58
105 64
105 65
105 66
105 67
105 68
105 70
105 73
105 74
105 79
105 87
105 89
105 94
105 97
105 101
105 102
105 103
105 106
105 107
105 115
105 117
105 120
105 125
105 129
105 131
105 133
105 137
105 138
105 142
105 145
105 146
105 147
105 151
105 152
105 154
106 1
106 4
106 6
106 11
106 15
106 17
106 18
106 19
106 20
106 23
106 26
106 28
106 30
106 31
106 32
106 34
106 37
106 38
106 40
106 42
106 44
106 49
106 52
106 54
106 56
106 57
106 58
106 64
106 65
106 66
106 67
106 68
106 70
106 73
106 74
106 79
106 87
106 89
106 93
106 94
106 97
106 101
106 102
106 103
106 107
106 111
106 115
106 117
106 120
106 121
106 122
106 125
106 129
106 131
106 133
106 134
106 137
106 138
106 142
106 145
106 146
106 147
106 151
106 152
106 154
106 156
107 1
107 6
107 11
107 20
107 26
107 31
107 32
107 37
107 40
107 44
107 52
107 54
107 56
107 57
107 64
107 65
107 66
107 67
107 73
107 74
107 79
107 89
107 93
107 94
107 97
107 101
107 106
107 115
107 117
107 129
107 131
107 133
107 134
107 137
107 138
107 142
107 145
107 146
107 147
107 152
107 154
108 1
108 4
108 6
108 11
108 15
108 18
108 19
108 20
108 23
108 26
108 28
108 30
108 31
108 32
108 34
108 37
108 38
108 40
108 42
108 44
108 49
108 52
108 54
108 56
108 57
108 58
108 64
108 65
108 66
108 67
108 68
108 70
108 73
108 74
108 79
108 87
108 89
108 93
108 94
108 97
108 101
108 102
108 103
108 106
108 107
108 115
108 117
108 120
108 121
108 125
108 129
108 131
108 133
108 134
108 137
108 138
108 142
108 145
108 146
108 147
108 151
108 152
108 154
108 156
109 1
109 4
109 6
109 11
109 15
109 18
109 20
109 23
109 26
109 30
109 31
109 32
109 34
109 37
109 38
109 40
109 42
109 49
109 52
109 54
109 56
109 58
109 64
109 65
109 66
109 67
109 70
109 73
109 74
109 79
109 87
109 89
109 93
109 94
109 97
109 101
109 102
109 103
109 106
109 107
109 111
109 115
109 117
109 120
109 122
109 125
109 129
109 131
109 133
109 134
109 137
109 138
109 142
109 145
109 146
109 147
109 151
109 152
109 154
110 4
110 6
110 18
110 26
110 32
110 38
110 40
110 49
110 54
110 56
110 65
110 66
110 68
110 73
110 74
110 93
110 94
110 97
110 101
110 102
110 106
110 117
110 131
110 133
110 134
110 137
110 138
110 142
110 147
110 152
110 154
111 6
111 15
111 18
111 19
111 20
111 26
111 30
111 31
111 32
111 37
111 38
111 40
111 42
111 49
111 54
111 56
111 57
111 64
111 66
111 67
111 70
111 74
111 79
111 89
111 93
111 94
111 97
111 101
111 102
111 103
111 106
111 115
111 117
111 121
111 125
111 131
111 133
111 134
111 137
111 138
111 142
111 145
111 146
111 147
111 151
111 152
111 154
112 1
112 6
112 11
112 18
112 19
112 23
112 26
112 30
112 31
112 32
112 34
112 37
112 38
112 40
112 42
112 49
112 52
112 54
112 56
112 57
112 64
112 65
112 66
112 67
112 68
112 70
112 73
112 74
112 79
112 87
112 89
112 93
112 94
112 97
112 101
112 102
112 103
112 106
112 107
112 115
112 117
112 120
112 121
112 122
112 125
112 129
112 131
112 133
112 134
112 137
112 138
112 142
112 145
112 146
112 147
112 152
112 154
113 1
113 4
113 6
113 11
113 15
113 17
113 18
113 19
113 23
113 26
113 28
113 30
113 31
113 32
113 34
113 37
113 38
113 40
113 42
113 44
113 49
113 52
113 54
113 56
113 57
113 58
113 64
113 65
113 66
113 67
113 68
113 70
113 73
113 74
113 79
113 87
113 89
113 93
113 94
113 97
113 101
113 102
113 103
113 106
113 107
113 111
113 115
113 117
113 120
113 121
113 122
113 125
113 129
113 131
113 133
113 134
113 137
113 138
113 142
113 145
113 146
113 147
113 151
113 152
113 154
113 156
114 1
114 4
114 6
114 11
114 15
114 17
114 18
114 19
114 20
114 23
114 26
114 28
114 30
114 31
114 32
114 34
114 37
114 38
114 40
114 42
114 44
114 49
114 52
114 54
114 56
114 57
114 58
114 64
114 65
114 66
114 67
114 68
114 70
114 73
114 74
114 79
114 87
114 89
114 93
114 94
114 97
114 101
114 102
114 103
114 106
114 107
114 111
114 115
114 117
114 120
114 121
114 122
114 125
114 129
114 131
114 133
114 134
114 137
114 138
114 142
114 145
114 146
114 147
114 151
114 152
114 154
115 1
115 4
115 6
115 11
115 15
115 18
115 19
115 20
115 23
115 26
115 28
115 30
115 31
115 32
115 34
115 37
115 38
115 40
115 42
115 44
115 49
115 52
115 54
115 56
115 57
115 58
115 64
115 65
115 66
115 67
115 68
115 70
115 73
115 74
115 79
115 87
115 89
115 93
115 94
115 97
115 101
115 102
115 103
115 106
115 107
115 111
115 117
115 120
115 121
115 122
115 125
115 129
115 131
115 133
115 134
115 137
115 138
115 142
115 145
115 146
115 147
115 151
115 152
115 154
115 156
116 6
116 18
116 19
116 23
116 26
116 30
116 31
116 32
116 37
116 38
116 40
116 42
116 49
116 52
116 54
116 56
116 64
116 65
116 66
116 67
116 68
116 70
116 73
116 74
116 79
116 89
116 94
116 101
116 103
116 106
116 115
116 125
116 131
116 133
116 137
116 138
116 142
116 145
116 146
116 147
116 152
116 154
117 1
117 4
117 6
117 11
117 15
117 18
117 19
117 20
117 23
117 26
117 28
117 30
117 31
117 32
117 34
117 37
117 38
117 40
117 42
117 49
117 52
117 54
117 56
117 57
117 58
117 64
117 65
117 66
117 67
117 68
117 70
117 73
117 74
117 79
117 87
117 89
117 93
117 94
117 97
117 101
117 102
117 103
117 106
117 107
117 111
117 115
117 120
117 121
117 122
117 125
117 129
117 131
117 133
117 134
117 137
117 138
117 142
117 145
117 146
117 147
117 151
117 152
117 154
117 156
118 1
118 4
118 6
118 11
118 15
118 18
118 19
118 20
118 23
118 26
118 28
118 30
118 31
118 32
118 34
118 37
118 38
118 40
118 42
118 44
118 49
118 52
118 54
118 56
118 58
118 64
118 65
118 66
118 67
118 68
118 70
118 73
118 74
118 79
118 87
118 89
118 93
118 94
118 97
118 101
118 102
118 103
118 106
118 107
118 111
118 115
118 117
118 120
118 121
118 122
118 125
118 129
118 131
118 133
118 134
118 137
118 138
118 142
118 145
118 146
118 147
118 151
118 152
118 154
119 1
119 11
119 18
119 19
119 26
119 31
119 32
119 40
119 49
119 54
119 56
119 58
119 64
119 70
119 74
119 79
119 101
119 106
119 115
119 117
119 129
119 131
119 133
119 138
119 147
119 152
119 154
120 26
120 31
120 32
120 38
120 54
120 67
120 70
120 74
120 89
120 101
120 115
120 129
120 131
120 134
120 137
120 138
120 142
120 151
120 152
120 154
121 1
121 6
121 20
121 26
121 30
121 31
121 37
121 38
121 40
121 49
121 54
121 65
121 67
121 68
121 70
121 73
121 74
121 79
121 89
121 93
121 101
121 115
121 117
121 125
121 129
121 131
121 138
121 142
121 152
121 154
122 18
122 20
122 26
122 30
122 31
122 40
122 49
122 54
122 56
122 64
122 67
122 68
122 70
122 74
122 79
122 101
122 102
122 106
122 115
122 133
122 137
122 138
122 142
122 152
122 154
123 26
123 30
123 31
123 40
123 54
123 56
123 65
123 73
123 74
123 79
123 97
123 101
123 115
123 129
123 133
123 138
123 142
123 152
123 154
124 26
124 31
124 32
124 40
124 49
124 54
124 56
124 64
124 65
124 70
124 74
124 137
124 138
124 152
124 154
125 1
125 4
125 6
125 11
125 15
125 18
125 19
125 20
125 23
125 26
125 31
125 32
125 37
125 38
125 40
125 42
125 44
125 49
125 52
125 54
125 56
125 57
125 58
125 64
125 65
125 66
125 67
125 68
125 70
125 73
125 74
125 79
125 87
125 89
125 97
125 101
125 102
125 106
125 107
125 115
125 120
125 121
125 131
125 133
125 134
125 137
125 138
125 142
125 145
125 146
125 147
125 151
125 152
125 154
126 1
126 6
126 18
126 20
126 26
126 31
126 32
126 37
126 38
126 40
126 54
126 56
126 58
126 64
126 65
126 67
126 70
126 73
126 74
126 79
126 89
126 94
126 97
126 101
126 102
126 106
126 115
126 120
126 121
126 125
126 129
126 131
126 133
126 137
126 138
126 142
126 146
126 147
126 152
126 154
127 6
127 19
127 26
127 31
127 37
127 38
127 40
127 54
127 56
127 65
127 70
127 74
127 79
127 101
127 102
127 106
127 131
127 133
127 137
127 138
127 142
127 151
127 152
127 154
128 1
128 4
128 6
128 26
128 31
128 32
128 37
128 38
128 40
128 44
128 49
128 52
128 54
128 56
128 64
128 65
128 73
128 74
128 94
128 97
128 101
128 103
128 106
128 115
128 125
128 129
128 131
128 133
128 137
128 138
128 142
128 147
128 152
128 154
129 1
129 4
129 6
129 11
129 15
129 18
129 19
129 20
129 23
129 26
129 28
129 30
129 31
129 32
129 34
129 37
129 38
129 40
129 42
129 44
129 49
129 52
129 54
129 56
129 57
129 58
129 64
129 65
129 66
129 67
129 68
129 70
129 73
129 74
129 79
129 87
129 89
129 93
129 94
129 97
129 101
129 102
129 103
129 106
129 107
129 111
129 115
129 117
129 120
129 121
129 122
129 125
129 131
129 133
129 134
129 137
129 138
129 142
129 146
129 147
129 151
129 152
129 154
129 156
130 6
130 19
130 26
130 31
130 32
130 37
130 49
130 54
130 56
130 64
130 65
130 67
130 68
130 70
130 73
130 74
130 79
130 94
130 101
130 102
130 106
130 115
130 125
130 131
130 133
130 137
130 138
130 142
130 151
130 152
130 154
131 1
131 6
131 11
131 15
131 18
131 19
131 20
131 23
131 26
131 30
131 31
131 32
131 34
131 37
131 38
131 40
131 44
131 49
131 52
131 54
131 56
131 57
131 58
131 64
131 65
131 66
131 67
131 68
131 70
131 73
131 74
131 79
131 87
131 89
131 93
131 94
131 97
131 101
131 102
131 103
131 106
131 107
131 111
131 115
131 117
131 120
131 121
131 122
131 125
131 129
131 133
131 134
131 137
131 138
131 142
131 145
131 146
131 151
131 152
131 154
132 6
132 31
132 32
132 37
132 40
132 44
132 54
132 65
132 67
132 70
132 74
132 79
132 89
132 102
132 103
132 125
132 131
132 133
132 137
132 138
132 145
132 152
132 154
133 1
133 4
133 6
133 11
133 15
133 18
133 19
133 20
133 23
133 26
133 28
133 30
133 31
133 32
133 34
133 37
133 38
133 40
133 42
133 44
133 49
133 52
133 54
133 56
133 57
133 58
133 64
133 65
133 66
133 67
133 68
133 70
133 73
133 74
133 79
133 87
133 89
133 93
133 94
133 97
133 101
133 102
133 103
133 106
133 107
133 111
133 115
133 117
133 120
133 121
133 122
133 125
133 129
133 131
133 134
133 137
133 138
133 142
133 145
133 146
133 147
133 151
133 152
133 154
134 1
134 4
134 6
134 11
134 15
134 18
134 19
134 20
134 23
134 26
134 28
134 30
134 31
134 32
134 34
134 37
134 38
134 40
134 44
134 49
134 52
134 54
134 56
134 57
134 58
134 64
134 65
134 66
134 67
134 68
134 70
134 73
134 74
134 79
134 87
134 89
134 93
134 94
134 97
134 101
134 102
134 103
134 106
134 107
134 111
134 115
134 117
134 120
134 121
134 122
134 125
134 129
134 131
134 133
134 137
134 138
134 142
134 145
134 146
134 147
134 151
134 152
134 154
134 156
135 1
135 6
135 11
135 19
135 20
135 26
135 30
135 31
135 32
135 37
135 38
135 40
135 49
135 52
135 54
135 56
135 64
135 65
135 66
135 67
135 68
135 70
135 73
135 74
135 79
135 87
135 89
135 93
135 94
135 97
135 101
135 102
135 106
135 107
135 111
135 115
135 117
135 121
135 125
135 129
135 131
135 133
135 134
135 137
135 138
135 142
135 145
135 146
135 147
135 151
135 152
135 154
136 6
136 18
136 19
136 26
136 30
136 31
136 37
136 40
136 49
136 52
136 54
136 56
136 64
136 65
136 67
136 70
136 73
136 74
136 79
136 89
136 94
136 97
136 101
136 106
136 115
136 121
136 125
136 129
136 131
136 133
136 134
136 138
136 142
136 145
136 147
136 154
137 1
137 4
137 6
137 11
137 15
137 17
137 18
137 19
137 20
137 23
137 26
137 28
137 30
137 31
137 32
137 34
137 37
137 38
137 40
137 42
137 44
137 49
137 52
137 54
137 56
137 57
137 58
137 64
137 65
137 66
137 67
137 68
137 70
137 73
137 74
137 79
137 87
137 89
137 93
137 94
137 97
137 101
137 102
137 103
137 106
137 107
137 111
137 115
137 117
137 120
137 121
137 122
137 125
137 129
137 131
137 133
137 134
137 138
137 142
137 145
137 146
137 147
137 151
137 152
137 154
137 156
138 1
138 4
138 6
138 11
138 15
138 17
138 18
138 19
138 20
138 23
138 26
138 28
138 30
138 31
138 32
138 34
138 37
138 38
138 40
138 42
138 44
138 49
138 52
138 54
138 56
138 57
138 58
138 64
138 65
138 66
138 67
138 68
138 70
138 73
138 74
138 79
138 87
138 89
138 93
138 94
138 97
138 101
138 102
138 103
138 106
138 107
138 111
138 115
138 117
138 120
138 121
138 122
138 125
138 129
138 131
138 133
138 134
138 137
138 142
138 145
138 146
138 147
138 151
138 152
138 154
138 156
139 1
139 4
139 6
139 18
139 19
139 23
139 26
139 28
139 30
139 31
139 32
139 34
139 37
139 38
139 40
139 42
139 44
139 49
139 52
139 54
139 56
139 57
139 58
139 64
139 65
139 66
139 67
139 68
139 70
139 73
139 74
139 79
139 89
139 94
139 97
139 101
139 102
139 106
139 111
139 115
139 117
139 121
139 125
139 129
139 131
139 133
139 134
139 137
139 138
139 142
139 146
139 147
139 152
139 154
139 156
140 18
140 26
140 28
140 40
140 49
140 54
140 56
140 64
140 65
140 67
140 70
140 74
140 79
140 89
140 101
140 106
140 115
140 125
140 133
140 137
140 138
140 142
140 146
140 154
141 6
141 11
141 19
141 26
141 31
141 32
141 37
141 38
141 40
141 44
141 52
141 54
141 56
141 57
141 64
141 65
141 67
141 68
141 70
141 73
141 74
141 79
141 87
141 89
141 94
141 97
141 101
141 102
141 106
141 107
141 115
141 120
141 125
141 129
141 131
141 133
141 134
141 137
141 138
141 151
141 152
141 154
142 1
142 4
142 6
142 11
142 15
142 17
142 18
142 19
142 20
142 23
142 26
142 28
142 30
142 31
142 32
142 34
142 37
142 38
142 40
142 42
142 44
142 49
142 52
142 54
142 56
142 57
142 58
142 64
142 65
142 66
142 67
142 68
142 70
142 73
142 74
142 79
142 87
142 89
142 93
142 94
142 97
142 101
142 102
142 103
142 106
142 107
142 111
142 115
142 117
142 120
142 121
142 122
142 125
142 129
142 131
142 133
142 134
142 137
142 138
142 145
142 146
142 147
142 151
142 152
142 154
142 156
143 26
143 28
143 31
143 32
143 37
143 38
143 49
143 54
143 56
143 64
143 65
143 70
143 74
143 79
143 89
143 94
143 97
143 101
143 102
143 115
143 125
143 129
143 131
143 133
143 137
143 138
143 142
143 147
143 152
143 154
144 6
144 31
144 54
144 65
144 70
144 74
144 97
144 101
144 115
144 125
144 137
144 138
144 142
144 154
145 1
145 6
145 11
145 18
145 19
145 20
145 26
145 30
145 31
145 32
145 34
145 37
145 38
145 40
145 44
145 49
145 54
145 56
145 58
145 65
145 67
145 68
145 74
145 79
145 89
145 93
145 94
145 97
145 101
145 102
145 103
145 106
145 115
145 122
145 125
145 131
145 133
145 134
145 137
145 138
145 142
145 146
145 147
145 151
145 152
145 154
146 1
146 4
146 6
146 18
146 20
146 26
146 30
146 31
146 32
146 34
146 37
146 38
146 40
146 42
146 49
146 52
146 54
146 64
146 65
146 67
146 68
146 70
146 73
146 74
146 79
146 87
146 89
146 93
146 94
146 97
146 101
146 102
146 103
146 106
146 111
146 115
146 117
146 121
146 125
146 129
146 131
146 133
146 134
146 137
146 138
146 142
146 145
146 147
146 152
146 154
147 1
147 4
147 6
147 11
147 15
147 18
147 19
147 20
147 23
147 26
147 28
147 30
147 31
147 32
147 34
147 37
147 38
147 40
147 42
147 49
147 52
147 54
147 56
147 57
147 58
147 64
147 65
147 66
147 67
147 68
147 70
147 73
147 74
147 79
147 87
147 89
147 93
147 94
147 97
147 101
147 102
147 103
147 106
147 107
147 111
147 115
147 117
147 120
147 121
147 122
147 125
147 129
147 131
147 133
147 134
147 137
147 138
147 142
147 145
147 146
147 151
147 152
147 154
147 156
148 6
148 19
148 26
148 31
148 40
148 49
148 54
148 56
148 64
148 65
148 70
148 74
148 101
148 103
148 106
148 115
148 131
148 133
148 137
148 138
148 146
148 147
148 152
148 154
149 4
149 6
149 18
149 19
149 20
149 26
149 30
149 31
149 32
149 37
149 38
149 40
149 49
149 52
149 54
149 56
149 64
149 65
149 66
149 67
149 68
149 74
149 79
149 89
149 93
149 94
149 97
149 101
149 102
149 103
149 106
149 111
149 115
149 117
149 120
149 121
149 125
149 131
149 133
149 134
149 137
149 138
149 142
149 145
149 146
149 147
149 151
149 152
149 154
150 4
150 6
150 19
150 23
150 26
150 30
150 31
150 32
150 34
150 38
150 40
150 44
150 49
150 54
150 56
150 64
150 65
150 66
150 70
150 74
150 79
150 87
150 94
150 97
150 101
150 102
150 103
150 106
150 115
150 117
150 125
150 129
150 131
150 133
150 137
150 138
150 142
150 146
150 147
150 151
150 152
150 154
151 1
151 6
151 18
151 19
151 20
151 23
151 26
151 30
151 31
151 32
151 37
151 38
151 40
151 42
151 49
151 52
151 54
151 56
151 58
151 64
151 65
151 66
151 70
151 73
151 74
151 79
151 89
151 93
151 94
151 97
151 101
151 102
151 106
151 107
151 111
151 115
151 117
151 122
151 125
151 131
151 133
151 134
151 137
151 138
151 142
151 146
151 147
151 152
151 154
152 1
152 4
152 6
152 11
152 15
152 17
152 18
152 19
152 20
152 23
152 26
152 28
152 30
152 31
152 32
152 34
152 37
152 38
152 40
152 42
152 44
152 49
152 52
152 54
152 56
152 57
152 58
152 64
152 65
152 66
152 67
152 68
152 70
152 73
152 74
152 79
152 87
152 89
152 93
152 94
152 97
152 101
152 102
152 103
152 106
152 107
152 111
152 115
152 117
152 120
152 121
152 122
152 125
152 129
152 131
152 133
152 134
152 137
152 138
152 142
152 145
152 146
152 147
152 151
152 154
152 156
153 1
153 4
153 6
153 11
153 18
153 19
153 20
153 23
153 26
153 30
153 31
153 32
153 34
153 37
153 38
153 40
153 42
153 44
153 49
153 52
153 54
153 56
153 58
153 64
153 65
153 67
153 68
153 70
153 73
153 74
153 79
153 87
153 89
153 93
153 94
153 97
153 101
153 102
153 106
153 107
153 115
153 117
153 120
153 125
153 129
153 133
153 134
153 137
153 138
153 142
153 145
153 146
153 147
153 151
153 152
153 154
154 1
154 4
154 6
154 11
154 15
154 17
154 18
154 19
154 20
154 23
154 26
154 28
154 30
154 31
154 32
154 34
154 37
154 38
154 40
154 42
154 44
154 49
154 52
154 54
154 56
154 57
154 58
154 64
154 65
154 66
154 67
154 68
154 70
154 73
154 74
154 79
154 87
154 89
154 93
154 94
154 97
154 101
154 102
154 103
154 106
154 107
154 111
154 115
154 117
154 120
154 121
154 122
154 125
154 129
154 131
154 133
154 134
154 137
154 138
154 142
154 145
154 146
154 147
154 151
154 152
154 156
155 4
155 6
155 26
155 31
155 32
155 37
155 38
155 49
155 54
155 65
155 67
155 70
155 74
155 87
155 89
155 101
155 106
155 115
155 117
155 129
155 133
155 134
155 137
155 138
155 147
155 151
155 152
155 154
156 30
156 32
156 38
156 49
156 54
156 56
156 64
156 65
156 67
156 70
156 74
156 79
156 87
156 89
156 101
156 106
156 115
156 131
156 133
156 138
156 152
157 1
157 6
157 11
157 15
157 18
157 19
157 20
157 26
157 30
157 31
157 32
157 34
157 37
157 38
157 40
157 42
157 44
157 49
157 52
157 54
157 56
157 57
157 58
157 64
157 65
157 67
157 68
157 70
157 73
157 74
157 79
157 87
157 89
157 93
157 94
157 97
157 101
157 102
157 103
157 106
157 107
157 111
157 115
157 117
157 120
157 121
157 125
157 129
157 131
157 133
157 134
157 137
157 138
157 142
157 145
157 146
157 147
157 151
157 152
157 154
157 156
158 1
158 4
158 6
158 11
158 18
158 26
158 30
158 31
158 32
158 34
158 37
158 38
158 40
158 44
158 49
158 52
158 54
158 56
158 57
158 58
158 64
158 65
158 66
158 67
158 68
158 70
158 74
158 79
158 87
158 89
158 94
158 97
158 101
158 102
158 103
158 106
158 107
158 115
158 117
158 120
158 121
158 122
158 125
158 129
158 131
158 133
158 134
158 137
158 138
158 142
158 145
158 146
158 147
158 151
158 152
158 154
159 1
159 4
159 6
159 11
159 19
159 26
159 30
159 31
159 32
159 38
159 40
159 49
159 54
159 56
159 58
159 65
159 66
159 67
159 70
159 73
159 74
159 79
159 87
159 89
159 93
159 94
159 97
159 101
159 102
159 106
159 115
159 117
159 129
159 131
159 133
159 137
159 138
159 142
159 146
159 147
159 151
159 152
159 154
160 4
160 11
160 26
160 30
160 31
160 32
160 38
160 40
160 49
160 54
160 64
160 65
160 67
160 68
160 70
160 74
160 89
160 101
160 102
160 106
160 107
160 115
160 117
160 121
160 131
160 133
160 137
160 138
160 142
160 145
160 147
160 151
160 152
160 154
161 4
161 6
161 11
161 19
161 23
161 26
161 30
161 31
161 32
161 37
161 38
161 40
161 49
161 54
161 56
161 64
161 65
161 66
161 67
161 68
161 70
161 73
161 74
161 79
161 87
161 89
161 93
161 94
161 97
161 101
161 102
161 106
161 115
161 120
161 125
161 129
161 131
161 133
161 134
161 137
161 138
161 142
161 146
161 147
161 151
161 152
161 154
