0 4
0 7
0 9
0 11
0 13
0 14
0 16
0 17
0 19
0 20
0 21
0 22
0 26
0 30
0 31
0 32
0 33
0 40
0 44
0 45
0 49
0 50
0 51
0 54
0 55
0 56
0 63
0 67
0 69
0 70
0 71
0 72
0 76
0 77
0 80
0 83
0 87
0 92
0 94
0 98
0 101
0 102
0 104
0 105
0 106
0 108
0 109
0 113
0 114
0 115
0 118
0 125
0 126
0 128
0 129
0 131
0 137
0 139
0 142
0 145
0 147
0 148
0 152
0 158
1 3
1 7
1 8
1 10
1 11
1 14
1 16
1 19
1 22
1 25
1 29
1 38
1 46
1 49
1 50
1 51
1 54
1 56
1 67
1 68
1 69
1 70
1 72
1 74
1 75
1 77
1 79
1 88
1 94
1 96
1 99
1 101
1 103
1 105
1 108
1 109
1 111
1 112
1 113
1 114
1 115
1 116
1 117
1 118
1 119
1 122
1 123
1 125
1 129
1 130
1 131
1 132
1 133
1 136
1 137
1 138
1 141
1 142
1 147
1 149
1 151
1 153
1 154
1 156
1 159
1 160
2 6
2 7
2 10
2 11
2 19
2 24
2 25
2 26
2 32
2 36
2 38
2 44
2 58
2 59
2 65
2 70
2 71
2 72
2 74
2 75
2 77
2 79
2 82
2 83
2 86
2 87
2 89
2 91
2 92
2 94
2 95
2 102
2 103
2 104
2 105
2 106
2 108
2 109
2 111
2 115
2 124
2 125
2 129
2 133
2 134
2 136
2 137
2 142
2 143
2 145
2 146
2 147
2 150
2 152
2 154
2 157
2 160
2 161
3 4
3 7
3 9
3 10
3 11
3 14
3 18
3 27
3 30
3 31
3 32
3 36
3 39
3 45
3 47
3 48
3 49
3 54
3 62
3 68
3 69
3 70
3 71
3 74
3 75
3 77
3 85
3 89
3 93
3 94
3 96
3 97
3 101
3 107
3 108
3 111
3 113
3 115
3 116
3 129
3 131
3 133
3 134
3 137
3 141
3 142
3 146
3 149
3 151
3 152
3 153
3 154
3 157
3 160
4 5
4 6
4 7
4 9
4 10
4 11
4 12
4 13
4 14
4 15
4 18
4 19
4 20
4 21
4 22
4 23
4 24
4 25
4 26
4 30
4 31
4 32
4 35
4 36
4 38
4 40
4 41
4 43
4 44
4 45
4 46
4 48
4 50
4 51
4 53
4 54
4 55
4 57
4 59
4 60
4 61
4 62
4 63
4 64
4 65
4 66
4 67
4 68
4 69
4 70
4 71
4 73
4 74
4 75
4 77
4 79
4 80
4 82
4 83
4 84
4 85
4 87
4 89
4 90
4 91
4 92
4 93
4 94
4 95
4 96
4 97
4 99
4 100
4 101
4 102
4 103
4 107
4 108
4 109
4 110
4 111
4 112
4 113
4 114
4 115
4 116
4 117
4 118
4 119
4 120
4 122
4 125
4 127
4 128
4 129
4 130
4 131
4 133
4 134
4 135
4 137
4 138
4 139
4 140
4 141
4 142
4 145
4 147
4 151
4 152
4 153
4 154
4 157
4 158
4 159
4 161
5 6
5 7
5 11
5 14
5 18
5 19
5 21
5 23
5 24
5 26
5 32
5 38
5 40
5 46
5 49
5 50
5 51
5 55
5 56
5 62
5 64
5 65
5 66
5 67
5 68
5 69
5 70
5 75
5 79
5 81
5 83
5 86
5 89
5 94
5 97
5 99
5 100
5 101
5 102
5 106
5 108
5 109
5 111
5 112
5 113
5 115
5 118
5 121
5 127
5 132
5 133
5 137
5 138
5 139
5 141
5 142
5 143
5 149
5 150
5 151
5 152
5 153
5 154
5 157
5 158
5 161
6 7
6 8
6 9
6 10
6 11
6 13
6 14
6 16
6 17
6 19
6 20
6 21
6 23
6 24
6 26
6 28
6 29
6 30
6 31
6 32
6 35
6 36
6 37
6 38
6 39
6 40
6 41
6 42
6 43
6 45
6 48
6 49
6 50
6 51
6 54
6 56
6 57
6 59
6 60
6 61
6 64
6 65
6 66
6 67
6 68
6 69
6 70
6 71
6 72
6 73
6 75
6 76
6 77
6 78
6 79
6 80
6 82
6 84
6 85
6 86
6 87
6 88
6 89
6 91
6 93
6 94
6 95
6 97
6 98
6 99
6 100
6 101
6 103
6 104
6 106
6 107
6 108
6 109
6 110
6 113
6 114
6 115
6 116
6 118
6 119
6 120
6 121
6 123
6 124
6 126
6 128
6 129
6 131
6 133
6 134
6 136
6 137
6 138
6 139
6 140
6 141
6 143
6 145
6 146
6 147
6 148
6 149
6 151
6 152
6 153
6 154
6 155
6 157
6 158
6 160
6 161
7 8
7 9
7 10
7 11
7 14
7 16
7 17
7 18
7 19
7 20
7 22
7 24
7 25
7 26
7 29
7 30
7 31
7 32
7 33
7 35
7 37
7 38
7 39
7 40
7 41
7 45
7 46
7 47
7 48
7 49
7 50
7 51
7 53
7 54
7 55
7 56
7 57
7 58
7 62
7 63
7 64
7 66
7 67
7 68
7 69
7 70
7 71
7 72
7 73
7 74
7 75
7 77
7 79
7 80
7 81
7 83
7 84
7 86
7 87
7 88
7 89
7 93
7 94
7 95
7 96
7 97
7 98
7 99
7 101
7 102
7 103
7 105
7 106
7 107
7 108
7 109
7 111
7 112
7 113
7 114
7 115
7 116
7 117
7 118
7 120
7 121
7 124
7 125
7 126
7 127
7 129
7 130
7 131
7 133
7 134
7 135
7 136
7 137
7 138
7 141
7 142
7 143
7 145
7 146
7 147
7 148
7 150
7 151
7 152
7 153
7 154
7 155
7 157
7 158
7 159
7 161
8 11
8 13
8 14
8 19
8 22
8 24
8 25
8 30
8 31
8 32
8 44
8 45
8 47
8 49
8 50
8 52
8 54
8 55
8 56
8 58
8 61
8 62
8 64
8 65
8 72
8 73
8 74
8 75
8 79
8 82
8 84
8 86
8 89
8 91
8 94
8 101
8 105
8 106
8 108
8 109
8 111
8 112
8 113
8 118
8 122
8 126
8 129
8 131
8 133
8 134
8 137
8 138
8 139
8 140
8 141
8 142
8 145
8 146
8 158
8 160
9 10
9 14
9 16
9 17
9 18
9 21
9 24
9 25
9 26
9 31
9 32
9 35
9 38
9 40
9 44
9 45
9 46
9 47
9 49
9 50
9 51
9 52
9 54
9 55
9 56
9 57
9 58
9 59
9 60
9 61
9 62
9 63
9 64
9 66
9 67
9 68
9 69
9 70
9 72
9 73
9 74
9 77
9 79
9 81
9 82
9 84
9 86
9 87
9 88
9 89
9 91
9 92
9 94
9 97
9 98
9 99
9 101
9 102
9 103
9 105
9 106
9 107
9 108
9 109
9 111
9 112
9 113
9 114
9 115
9 118
9 125
9 126
9 129
9 130
9 131
9 133
9 134
9 137
9 139
9 141
9 142
9 143
9 145
9 146
9 147
9 151
9 152
9 153
9 154
9 155
9 157
9 158
9 160
10 11
10 12
10 13
10 16
10 21
10 26
10 28
10 30
10 31
10 38
10 39
10 40
10 41
10 43
10 45
10 49
10 51
10 56
10 58
10 59
10 62
10 64
10 65
10 66
10 67
10 68
10 69
10 70
10 71
10 72
10 73
10 76
10 77
10 81
10 83
10 84
10 88
10 89
10 92
10 94
10 96
10 97
10 98
10 100
10 101
10 102
10 103
10 106
10 108
10 110
10 112
10 113
10 114
10 115
10 116
10 117
10 119
10 121
10 126
10 127
10 129
10 130
10 131
10 133
10 134
10 136
10 137
10 138
10 139
10 140
10 143
10 146
10 148
10 150
10 151
10 152
10 153
10 154
10 155
10 157
10 159
10 160
11 12
11 13
11 14
11 17
11 18
11 19
11 21
11 22
11 24
11 25
11 26
11 29
11 30
11 31
11 32
11 33
11 34
11 35
11 36
11 37
11 40
11 42
11 43
11 44
11 45
11 46
11 47
11 49
11 51
11 52
11 53
11 54
11 55
11 56
11 59
11 61
11 62
11 63
11 64
11 65
11 66
11 67
11 68
11 69
11 70
11 71
11 72
11 73
11 74
11 75
11 76
11 77
11 79
11 80
11 81
11 83
11 84
11 85
11 86
11 87
11 88
11 89
11 90
11 91
11 92
11 94
11 95
11 97
11 98
11 101
11 105
11 106
11 108
11 109
11 110
11 111
11 112
11 113
11 115
11 118
11 119
11 125
11 127
11 128
11 129
11 131
11 136
11 137
11 139
11 140
11 141
11 142
11 143
11 146
11 147
11 150
11 151
11 152
11 153
11 154
11 155
11 157
11 158
11 159
11 160
12 14
12 15
12 18
12 28
12 31
12 32
12 35
12 38
12 42
12 43
12 45
12 46
12 49
12 54
12 55
12 63
12 64
12 65
12 67
12 69
12 70
12 71
12 74
12 75
12 77
12 80
12 81
12 82
12 83
12 87
12 88
12 92
12 94
12 97
12 101
12 102
12 103
12 106
12 107
12 108
12 109
12 111
12 114
12 117
12 118
12 129
12 130
12 131
12 133
12 135
12 139
12 142
12 151
12 152
12 153
12 154
12 156
12 157
12 158
12 159
13 14
13 16
13 18
13 19
13 20
13 25
13 26
13 30
13 31
13 32
13 33
13 35
13 37
13 38
13 40
13 41
13 43
13 44
13 45
13 46
13 48
13 50
13 51
13 53
13 55
13 56
13 57
13 59
13 63
13 64
13 65
13 67
13 68
13 70
13 72
13 74
13 75
13 76
13 77
13 79
13 80
13 85
13 86
13 87
13 91
13 92
13 93
13 97
13 98
13 99
13 100
13 102
13 107
13 108
13 109
13 112
13 113
13 114
13 115
13 116
13 117
13 118
13 119
13 120
13 121
13 127
13 130
13 133
13 134
13 135
13 136
13 137
13 138
13 139
13 141
13 142
13 143
13 144
13 145
13 146
13 147
13 150
13 151
13 152
13 154
13 155
13 159
13 161
14 15
14 16
14 18
14 19
14 20
14 21
14 24
14 25
14 26
14 27
14 29
14 30
14 31
14 32
14 34
14 35
14 36
14 37
14 38
14 39
14 40
14 43
14 44
14 45
14 46
14 47
14 49
14 50
14 51
14 52
14 53
14 54
14 56
14 58
14 59
14 60
14 61
14 63
14 64
14 65
14 67
14 68
14 69
14 70
14 71
14 72
14 73
14 74
14 75
14 76
14 78
14 79
14 80
14 81
14 84
14 86
14 87
14 88
14 91
14 92
14 94
14 95
14 97
14 100
14 101
14 102
14 103
14 104
14 105
14 106
14 107
14 108
14 109
14 111
14 112
14 113
14 114
14 115
14 116
14 117
14 118
14 119
14 120
14 121
14 125
14 127
14 128
14 131
14 133
14 134
14 135
14 137
14 138
14 140
14 141
14 142
14 143
14 144
14 145
14 146
14 147
14 148
14 149
14 150
14 151
14 152
14 153
14 154
14 155
14 157
14 158
14 159
14 160
15 20
15 21
15 25
15 26
15 27
15 29
15 30
15 33
15 34
15 35
15 37
15 38
15 40
15 42
15 46
15 51
15 55
15 56
15 58
15 63
15 64
15 65
15 67
15 69
15 71
15 72
15 73
15 76
15 79
15 80
15 82
15 84
15 88
15 91
15 92
15 93
15 99
15 102
15 103
15 105
15 106
15 108
15 112
15 113
15 114
15 115
15 117
15 118
15 124
15 125
15 127
15 131
15 132
15 133
15 135
15 136
15 137
15 141
15 142
15 143
15 147
15 150
15 152
15 154
15 157
15 159
16 19
16 26
16 30
16 34
16 36
16 38
16 40
16 45
16 49
16 50
16 51
16 52
16 64
16 65
16 67
16 69
16 71
16 72
16 73
16 75
16 86
16 87
16 89
16 90
16 91
16 92
16 94
16 101
16 102
16 105
16 108
16 112
16 116
16 117
16 123
16 129
16 130
16 131
16 132
16 133
16 135
16 136
16 140
16 147
16 149
16 150
16 152
16 154
16 156
16 157
16 159
17 32
17 43
17 49
17 50
17 51
17 56
17 58
17 64
17 69
17 70
17 71
17 93
17 95
17 101
17 102
17 107
17 115
17 129
17 131
17 134
17 138
17 139
17 145
17 152
17 154
17 159
18 19
18 21
18 22
18 23
18 25
18 26
18 28
18 29
18 31
18 32
18 35
18 37
18 40
18 42
18 49
18 50
18 52
18 55
18 58
18 63
18 64
18 65
18 66
18 67
18 68
18 70
18 72
18 73
18 74
18 75
18 76
18 78
18 79
18 82
18 83
18 84
18 85
18 86
18 87
18 89
18 90
18 91
18 96
18 97
18 102
18 103
18 106
18 109
18 114
18 116
18 117
18 124
18 125
18 127
18 129
18 130
18 134
18 135
18 137
18 138
18 140
18 141
18 142
18 146
18 152
18 153
18 154
18 157
18 158
18 160
19 20
19 21
19 22
19 24
19 26
19 27
19 28
19 29
19 30
19 31
19 32
19 33
19 34
19 35
19 38
19 39
19 40
19 43
19 45
19 46
19 48
19 49
19 50
19 51
19 53
19 54
19 55
19 56
19 57
19 58
19 59
19 60
19 61
19 62
19 63
19 64
19 65
19 66
19 67
19 68
19 70
19 71
19 72
19 73
19 74
19 75
19 77
19 79
19 80
19 81
19 84
19 85
19 86
19 87
19 88
19 89
19 91
19 92
19 93
19 94
19 95
19 96
19 97
19 98
19 99
19 100
19 101
19 102
19 104
19 105
19 106
19 107
19 108
19 109
19 111
19 112
19 113
19 114
19 115
19 116
19 117
19 118
19 119
19 120
19 121
19 123
19 126
19 127
19 129
19 130
19 131
19 133
19 134
19 135
19 136
19 137
19 138
19 139
19 140
19 141
19 142
19 145
19 146
19 147
19 148
19 150
19 151
19 152
19 153
19 154
19 156
19 157
19 158
19 159
19 160
19 161
20 21
20 25
20 26
20 30
20 31
20 32
20 34
20 35
20 38
20 42
20 44
20 45
20 47
20 49
20 52
20 55
20 58
20 63
20 68
20 69
20 72
20 76
20 79
20 89
20 91
20 92
20 95
20 97
20 99
20 101
20 102
20 105
20 111
20 112
20 118
20 128
20 133
20 134
20 137
20 138
20 140
20 141
20 142
20 145
20 149
20 150
20 151
20 152
20 154
20 157
20 158
20 161
21 22
21 23
21 24
21 25
21 26
21 28
21 30
21 31
21 32
21 35
21 38
21 39
21 40
21 42
21 43
21 44
21 45
21 49
21 50
21 51
21 53
21 54
21 55
21 57
21 58
21 59
21 61
21 62
21 63
21 64
21 65
21 66
21 67
21 68
21 69
21 70
21 71
21 72
21 73
21 74
21 79
21 82
21 85
21 86
21 87
21 89
21 94
21 95
21 97
21 98
21 99
21 100
21 101
21 103
21 105
21 106
21 107
21 108
21 109
21 110
21 111
21 112
21 113
21 114
21 115
21 116
21 117
21 118
21 119
21 122
21 125
21 126
21 127
21 129
21 130
21 131
21 132
21 134
21 135
21 136
21 137
21 138
21 140
21 142
21 146
21 147
21 148
21 150
21 151
21 152
21 154
21 158
21 160
21 161
22 24
22 25
22 27
22 30
22 31
22 32
22 40
22 41
22 43
22 45
22 49
22 50
22 51
22 54
22 55
22 59
22 63
22 64
22 66
22 67
22 68
22 70
22 71
22 74
22 75
22 76
22 77
22 80
22 84
22 86
22 88
22 93
22 94
22 97
22 100
22 101
22 102
22 104
22 105
22 106
22 110
22 111
22 112
22 114
22 115
22 117
22 118
22 120
22 125
22 126
22 128
22 130
22 132
22 133
22 134
22 135
22 137
22 138
22 139
22 141
22 142
22 143
22 145
22 147
22 148
22 150
22 151
22 152
22 153
22 155
22 158
22 159
23 31
23 34
23 36
23 37
23 46
23 49
23 50
23 52
23 54
23 55
23 56
23 63
23 65
23 66
23 68
23 72
23 79
23 85
23 87
23 94
23 96
23 97
23 98
23 100
23 101
23 104
23 109
23 112
23 114
23 116
23 117
23 118
23 125
23 131
23 133
23 134
23 137
23 138
23 139
23 142
23 147
23 152
23 153
23 155
23 158
23 161
24 26
24 30
24 31
24 32
24 36
24 42
24 43
24 44
24 45
24 49
24 53
24 56
24 64
24 65
24 66
24 67
24 68
24 69
24 70
24 71
24 74
24 79
24 84
24 87
24 89
24 91
24 97
24 101
24 102
24 105
24 106
24 107
24 108
24 111
24 112
24 113
24 114
24 115
24 118
24 121
24 127
24 129
24 130
24 131
24 133
24 134
24 138
24 139
24 143
24 147
24 150
24 151
24 155
24 156
24 158
25 26
25 28
25 29
25 30
25 31
25 32
25 34
25 35
25 36
25 37
25 40
25 42
25 43
25 45
25 46
25 49
25 51
25 52
25 54
25 55
25 57
25 58
25 60
25 62
25 63
25 64
25 65
25 66
25 67
25 68
25 69
25 71
25 72
25 73
25 74
25 76
25 79
25 80
25 83
25 84
25 88
25 89
25 90
25 94
25 99
25 102
25 103
25 104
25 106
25 107
25 108
25 109
25 110
25 111
25 112
25 114
25 115
25 117
25 118
25 120
25 121
25 122
25 124
25 125
25 126
25 129
25 130
25 131
25 133
25 136
25 137
25 138
25 139
25 142
25 143
25 146
25 147
25 149
25 150
25 151
25 152
25 153
25 154
25 157
25 159
25 160
26 28
26 29
26 30
26 31
26 32
26 33
26 34
26 35
26 36
26 37
26 39
26 40
26 42
26 43
26 44
26 45
26 47
26 49
26 50
26 51
26 54
26 55
26 56
26 58
26 59
26 61
26 62
26 63
26 64
26 65
26 66
26 67
26 70
26 71
26 72
26 73
26 74
26 75
26 76
26 77
26 78
26 79
26 80
26 81
26 82
26 83
26 84
26 85
26 86
26 87
26 88
26 89
26 91
26 92
26 93
26 94
26 97
26 98
26 99
26 100
26 101
26 102
26 104
26 105
26 106
26 107
26 108
26 109
26 111
26 112
26 113
26 114
26 115
26 116
26 117
26 121
26 124
26 126
26 127
26 129
26 130
26 131
26 132
26 133
26 134
26 135
26 136
26 137
26 138
26 140
26 141
26 142
26 143
26 145
26 146
26 147
26 148
26 150
26 151
26 152
26 153
26 154
26 155
26 156
26 157
26 158
26 160
26 161
27 36
27 37
27 51
27 57
27 64
27 65
27 70
27 80
27 84
27 89
27 94
27 99
27 102
27 103
27 108
27 112
27 114
27 115
27 117
27 125
27 131
27 133
27 141
27 142
27 146
27 150
27 151
27 153
27 157
27 160
28 31
28 32
28 35
28 38
28 39
28 40
28 44
28 46
28 47
28 48
28 49
28 50
28 51
28 54
28 56
28 64
28 66
28 67
28 68
28 70
28 72
28 74
28 75
28 84
28 85
28 86
28 89
28 92
28 94
28 102
28 103
28 105
28 107
28 108
28 113
28 115
28 117
28 118
28 120
28 124
28 126
28 128
28 129
28 130
28 131
28 133
28 134
28 135
28 136
28 137
28 138
28 139
28 140
28 141
28 146
28 147
28 150
28 152
28 153
28 154
28 155
28 158
28 159
29 31
29 35
29 36
29 37
29 38
29 40
29 43
29 45
29 46
29 47
29 49
29 51
29 54
29 58
29 59
29 62
29 64
29 67
29 68
29 69
29 70
29 71
29 73
29 74
29 77
29 78
29 79
29 83
29 84
29 89
29 94
29 97
29 104
29 106
29 108
29 109
29 110
29 114
29 115
29 116
29 125
29 126
29 129
29 133
29 134
29 137
29 138
29 142
29 146
29 147
29 152
29 153
29 155
29 157
29 158
29 160
30 31
30 34
30 35
30 36
30 37
30 38
30 40
30 43
30 44
30 45
30 46
30 47
30 49
30 50
30 54
30 55
30 56
30 58
30 59
30 60
30 61
30 62
30 63
30 64
30 65
30 68
30 69
30 70
30 71
30 72
30 73
30 74
30 75
30 76
30 77
30 79
30 80
30 81
30 82
30 83
30 84
30 85
30 88
30 89
30 91
30 93
30 94
30 95
30 97
30 98
30 99
30 100
30 101
30 102
30 108
30 109
30 110
30 111
30 112
30 113
30 114
30 116
30 118
30 121
30 125
30 127
30 129
30 130
30 131
30 132
30 133
30 134
30 135
30 137
30 138
30 139
30 140
30 141
30 142
30 145
30 146
30 147
30 148
30 150
30 151
30 152
30 153
30 154
30 156
30 157
30 158
30 159
30 160
30 161
31 32
31 33
31 35
31 36
31 38
31 39
31 40
31 41
31 42
31 43
31 44
31 45
31 46
31 49
31 50
31 51
31 53
31 54
31 55
31 56
31 57
31 58
31 59
31 61
31 62
31 63
31 64
31 65
31 66
31 67
31 68
31 69
31 70
31 71
31 72
31 73
31 74
31 75
31 76
31 77
31 79
31 80
31 82
31 83
31 84
31 85
31 86
31 87
31 88
31 89
31 90
31 93
31 94
31 95
31 96
31 97
31 98
31 101
31 102
31 103
31 105
31 107
31 108
31 109
31 111
31 112
31 114
31 115
31 117
31 118
31 120
31 122
31 123
31 125
31 126
31 127
31 129
31 130
31 131
31 133
31 134
31 135
31 137
31 138
31 139
31 141
31 142
31 143
31 144
31 146
31 147
31 148
31 149
31 151
31 152
31 153
31 154
31 155
31 156
31 157
31 159
31 160
31 161
32 33
32 35
32 38
32 40
32 42
32 43
32 44
32 45
32 49
32 51
32 52
32 53
32 54
32 56
32 58
32 59
32 61
32 63
32 64
32 65
32 67
32 68
32 69
32 70
32 71
32 72
32 73
32 74
32 75
32 76
32 77
32 78
32 79
32 80
32 81
32 82
32 83
32 84
32 87
32 88
32 89
32 90
32 91
32 92
32 94
32 98
32 99
32 101
32 102
32 103
32 106
32 107
32 108
32 109
32 111
32 112
32 113
32 114
32 115
32 116
32 117
32 118
32 123
32 125
32 126
32 127
32 128
32 129
32 130
32 131
32 133
32 134
32 135
32 137
32 138
32 140
32 141
32 142
32 143
32 145
32 146
32 147
32 149
32 150
32 151
32 153
32 154
32 155
32 157
32 158
33 36
33 40
33 46
33 49
33 58
33 61
33 65
33 67
33 69
33 72
33 74
33 84
33 89
33 90
33 93
33 103
33 106
33 108
33 115
33 125
33 126
33 129
33 131
33 133
33 135
33 136
33 137
33 141
33 142
33 144
33 153
33 154
33 157
34 35
34 37
34 38
34 40
34 44
34 45
34 46
34 49
34 52
34 53
34 56
34 58
34 63
34 65
34 66
34 67
34 68
34 71
34 72
34 74
34 75
34 76
34 77
34 79
34 83
34 89
34 93
34 94
34 96
34 97
34 98
34 99
34 101
34 102
34 105
34 106
34 107
34 112
34 115
34 116
34 119
34 125
34 129
34 130
34 131
34 133
34 134
34 135
34 138
34 139
34 141
34 144
34 149
34 150
34 151
34 152
34 153
34 154
34 157
34 158
35 36
35 38
35 40
35 41
35 42
35 44
35 45
35 46
35 48
35 49
35 50
35 52
35 53
35 54
35 56
35 57
35 59
35 61
35 62
35 63
35 64
35 65
35 66
35 67
35 69
35 70
35 71
35 72
35 73
35 74
35 75
35 77
35 79
35 81
35 83
35 84
35 85
35 86
35 87
35 88
35 89
35 90
35 91
35 93
35 94
35 97
35 98
35 99
35 100
35 101
35 106
35 108
35 109
35 110
35 111
35 112
35 113
35 115
35 116
35 118
35 125
35 129
35 130
35 131
35 134
35 135
35 136
35 137
35 138
35 140
35 141
35 142
35 143
35 146
35 147
35 150
35 151
35 152
35 153
35 154
35 158
35 159
35 160
36 37
36 38
36 40
36 43
36 44
36 45
36 46
36 49
36 51
36 54
36 55
36 58
36 61
36 63
36 64
36 65
36 67
36 68
36 69
36 70
36 71
36 74
36 77
36 79
36 81
36 86
36 88
36 93
36 94
36 96
36 98
36 100
36 101
36 106
36 107
36 108
36 109
36 112
36 113
36 118
36 120
36 121
36 124
36 126
36 127
36 128
36 129
36 132
36 133
36 134
36 136
36 137
36 138
36 139
36 141
36 142
36 145
36 147
36 148
36 150
36 151
36 152
36 153
36 155
36 157
36 158
36 160
36 161
37 38
37 40
37 44
37 45
37 49
37 50
37 51
37 52
37 59
37 64
37 65
37 66
37 67
37 69
37 70
37 72
37 73
37 74
37 77
37 80
37 84
37 85
37 87
37 88
37 89
37 93
37 94
37 96
37 97
37 102
37 105
37 106
37 107
37 113
37 114
37 116
37 117
37 118
37 120
37 125
37 128
37 130
37 133
37 135
37 137
37 138
37 139
37 140
37 141
37 142
37 146
37 147
37 148
37 151
37 154
37 158
38 39
38 40
38 41
38 42
38 43
38 44
38 45
38 46
38 48
38 49
38 50
38 51
38 53
38 54
38 56
38 57
38 58
38 59
38 62
38 65
38 67
38 68
38 69
38 71
38 72
38 74
38 75
38 76
38 77
38 79
38 80
38 81
38 83
38 84
38 87
38 89
38 90
38 94
38 95
38 96
38 97
38 98
38 99
38 100
38 101
38 102
38 103
38 105
38 106
38 107
38 108
38 109
38 110
38 111
38 113
38 114
38 116
38 117
38 118
38 119
38 121
38 123
38 124
38 126
38 128
38 129
38 130
38 131
38 132
38 133
38 134
38 135
38 136
38 137
38 138
38 139
38 142
38 143
38 146
38 147
38 148
38 149
38 150
38 151
38 152
38 157
38 159
39 40
39 45
39 49
39 54
39 55
39 56
39 58
39 64
39 65
39 68
39 71
39 74
39 75
39 79
39 84
39 87
39 89
39 91
39 101
39 105
39 107
39 108
39 109
39 110
39 112
39 113
39 114
39 115
39 117
39 118
39 120
39 129
39 130
39 131
39 133
39 136
39 137
39 138
39 140
39 142
39 143
39 147
39 148
39 149
39 150
39 157
39 158
39 159
39 160
39 161
40 41
40 42
40 43
40 45
40 46
40 47
40 49
40 52
40 55
40 56
40 58
40 59
40 60
40 63
40 64
40 65
40 66
40 67
40 68
40 69
40 70
40 72
40 74
40 75
40 76
40 77
40 78
40 79
40 80
40 82
40 84
40 85
40 86
40 87
40 88
40 89
40 90
40 91
40 92
40 93
40 94
40 97
40 98
40 99
40 100
40 101
40 102
40 103
40 104
40 105
40 107
40 108
40 109
40 112
40 113
40 114
40 115
40 116
40 118
40 123
40 125
40 126
40 128
40 129
40 130
40 131
40 133
40 134
40 135
40 136
40 137
40 138
40 139
40 141
40 142
40 143
40 145
40 146
40 147
40 148
40 149
40 150
40 151
40 152
40 153
40 154
40 155
40 157
40 158
40 160
41 44
41 45
41 51
41 55
41 64
41 65
41 67
41 70
41 71
41 72
41 73
41 74
41 75
41 77
41 79
41 81
41 84
41 87
41 88
41 90
41 91
41 94
41 109
41 113
41 115
41 118
41 119
41 129
41 131
41 133
41 136
41 139
41 142
41 148
41 152
41 154
41 155
41 159
42 46
42 51
42 52
42 54
42 55
42 56
42 59
42 60
42 63
42 64
42 67
42 68
42 69
42 70
42 72
42 79
42 93
42 94
42 96
42 97
42 101
42 102
42 104
42 105
42 107
42 108
42 111
42 112
42 113
42 114
42 118
42 125
42 128
42 129
42 131
42 135
42 137
42 138
42 142
42 147
42 153
42 154
42 157
42 161
43 44
43 48
43 50
43 51
43 52
43 54
43 56
43 57
43 63
43 64
43 65
43 66
43 67
43 68
43 70
43 71
43 73
43 74
43 77
43 79
43 83
43 86
43 87
43 89
43 93
43 97
43 101
43 102
43 103
43 105
43 106
43 107
43 108
43 109
43 111
43 112
43 113
43 114
43 117
43 119
43 120
43 124
43 125
43 129
43 131
43 133
43 134
43 138
43 139
43 142
43 143
43 145
43 147
43 148
43 150
43 151
43 152
43 154
43 157
43 158
43 160
44 45
44 47
44 49
44 51
44 54
44 56
44 58
44 59
44 60
44 62
44 63
44 64
44 66
44 67
44 68
44 69
44 70
44 71
44 72
44 73
44 74
44 76
44 79
44 85
44 87
44 88
44 89
44 91
44 92
44 93
44 94
44 97
44 99
44 101
44 102
44 105
44 106
44 107
44 108
44 109
44 111
44 112
44 113
44 115
44 116
44 118
44 119
44 120
44 123
44 125
44 127
44 129
44 130
44 131
44 132
44 133
44 136
44 137
44 138
44 139
44 142
44 144
44 145
44 146
44 147
44 148
44 150
44 151
44 152
44 153
44 154
44 155
44 157
44 158
45 46
45 48
45 49
45 51
45 52
45 53
45 55
45 58
45 59
45 61
45 63
45 64
45 65
45 66
45 67
45 68
45 69
45 70
45 71
45 72
45 73
45 75
45 76
45 77
45 78
45 79
45 80
45 81
45 82
45 84
45 85
45 86
45 89
45 90
45 91
45 93
45 94
45 95
45 97
45 98
45 99
45 102
45 103
45 104
45 105
45 106
45 109
45 112
45 113
45 115
45 116
45 117
45 118
45 119
45 120
45 122
45 125
45 126
45 127
45 128
45 129
45 130
45 131
45 133
45 134
45 135
45 136
45 137
45 139
45 141
45 142
45 143
45 144
45 145
45 146
45 147
45 148
45 149
45 150
45 151
45 152
45 153
45 156
45 158
45 159
45 160
46 49
46 51
46 54
46 55
46 56
46 57
46 59
46 61
46 62
46 63
46 64
46 65
46 67
46 69
46 70
46 71
46 72
46 73
46 75
46 77
46 79
46 83
46 84
46 88
46 91
46 92
46 98
46 100
46 101
46 103
46 104
46 105
46 106
46 107
46 108
46 112
46 113
46 114
46 116
46 125
46 126
46 131
46 133
46 134
46 137
46 143
46 145
46 147
46 151
46 152
46 153
46 154
46 157
46 158
46 161
47 50
47 53
47 54
47 56
47 64
47 67
47 69
47 74
47 76
47 77
47 79
47 100
47 101
47 103
47 115
47 116
47 118
47 129
47 135
47 136
47 138
47 141
47 153
47 158
48 49
48 51
48 54
48 56
48 58
48 59
48 64
48 69
48 70
48 74
48 81
48 96
48 101
48 104
48 106
48 108
48 109
48 112
48 113
48 114
48 115
48 127
48 129
48 131
48 133
48 137
48 140
48 142
48 146
48 147
48 150
48 154
48 159
49 50
49 51
49 54
49 56
49 57
49 61
49 62
49 64
49 67
49 68
49 69
49 70
49 71
49 72
49 73
49 74
49 75
49 76
49 79
49 80
49 81
49 82
49 83
49 84
49 86
49 87
49 88
49 89
49 90
49 91
49 93
49 94
49 97
49 98
49 99
49 100
49 101
49 102
49 103
49 104
49 105
49 106
49 108
49 110
49 111
49 112
49 113
49 115
49 117
49 118
49 119
49 120
49 122
49 123
49 125
49 126
49 127
49 129
49 130
49 132
49 133
49 134
49 137
49 138
49 139
49 141
49 142
49 143
49 144
49 145
49 146
49 147
49 148
49 150
49 151
49 152
49 153
49 154
49 156
49 157
49 158
49 159
49 161
50 51
50 53
50 54
50 55
50 56
50 58
50 59
50 61
50 63
50 66
50 67
50 68
50 69
50 70
50 71
50 73
50 74
50 75
50 77
50 79
50 80
50 82
50 83
50 84
50 86
50 87
50 89
50 93
50 94
50 99
50 101
50 102
50 105
50 106
50 109
50 111
50 112
50 113
50 114
50 116
50 117
50 125
50 127
50 128
50 129
50 130
50 131
50 134
50 135
50 136
50 137
50 138
50 141
50 142
50 145
50 146
50 150
50 151
50 152
50 154
50 155
50 156
50 157
50 158
50 159
50 161
51 52
51 53
51 54
51 55
51 56
51 57
51 58
51 59
51 60
51 61
51 63
51 64
51 65
51 66
51 67
51 68
51 69
51 70
51 72
51 73
51 74
51 75
51 76
51 77
51 78
51 80
51 81
51 82
51 83
51 84
51 85
51 86
51 87
51 88
51 89
51 91
51 93
51 94
51 97
51 98
51 99
51 100
51 101
51 102
51 103
51 105
51 106
51 107
51 108
51 109
51 110
51 111
51 112
51 113
51 114
51 117
51 118
51 120
51 121
51 122
51 125
51 126
51 127
51 129
51 130
51 131
51 133
51 134
51 135
51 136
51 137
51 138
51 139
51 141
51 142
51 143
51 145
51 146
51 147
51 148
51 149
51 150
51 151
51 152
51 153
51 154
51 156
51 157
51 159
51 160
51 161
52 54
52 55
52 56
52 61
52 62
52 63
52 64
52 65
52 66
52 69
52 72
52 73
52 74
52 75
52 77
52 79
52 87
52 88
52 89
52 93
52 95
52 97
52 99
52 101
52 106
52 108
52 109
52 112
52 113
52 114
52 116
52 117
52 118
52 125
52 126
52 128
52 129
52 130
52 131
52 133
52 134
52 135
52 137
52 138
52 139
52 142
52 146
52 147
52 150
52 151
52 152
52 155
52 158
52 160
53 54
53 60
53 64
53 65
53 68
53 71
53 72
53 79
53 80
53 82
53 83
53 87
53 88
53 91
53 93
53 99
53 101
53 102
53 109
53 111
53 112
53 115
53 116
53 117
53 118
53 119
53 124
53 125
53 126
53 127
53 130
53 133
53 134
53 137
53 138
53 140
53 146
53 147
53 150
53 151
53 152
53 153
53 154
53 161
54 56
54 57
54 58
54 60
54 61
54 62
54 63
54 64
54 65
54 66
54 67
54 68
54 69
54 70
54 71
54 72
54 73
54 74
54 75
54 76
54 77
54 79
54 80
54 81
54 82
54 83
54 84
54 85
54 86
54 87
54 88
54 90
54 91
54 92
54 93
54 95
54 96
54 97
54 98
54 99
54 100
54 101
54 102
54 104
54 106
54 107
54 108
54 109
54 111
54 112
54 113
54 114
54 115
54 116
54 117
54 118
54 126
54 127
54 128
54 129
54 131
54 133
54 134
54 136
54 137
54 138
54 139
54 141
54 142
54 143
54 146
54 147
54 148
54 150
54 151
54 153
54 154
54 157
54 158
54 160
54 161
55 56
55 57
55 58
55 63
55 64
55 65
55 66
55 67
55 68
55 70
55 71
55 72
55 73
55 74
55 75
55 76
55 77
55 80
55 84
55 88
55 89
55 90
55 91
55 92
55 94
55 96
55 97
55 101
55 102
55 103
55 104
55 105
55 106
55 110
55 111
55 112
55 113
55 114
55 115
55 118
55 128
55 131
55 132
55 133
55 134
55 137
55 138
55 139
55 140
55 142
55 143
55 144
55 147
55 149
55 150
55 151
55 152
55 154
55 155
55 157
55 158
55 159
55 160
55 161
56 60
56 61
56 62
56 63
56 64
56 65
56 66
56 67
56 68
56 69
56 70
56 71
56 73
56 74
56 75
56 77
56 78
56 79
56 80
56 81
56 82
56 84
56 86
56 87
56 89
56 91
56 92
56 93
56 94
56 97
56 98
56 101
56 102
56 106
56 108
56 110
56 111
56 112
56 113
56 114
56 115
56 116
56 117
56 122
56 124
56 125
56 126
56 127
56 128
56 129
56 130
56 131
56 132
56 133
56 135
56 136
56 137
56 138
56 139
56 140
56 141
56 142
56 143
56 145
56 147
56 148
56 149
56 150
56 151
56 152
56 153
56 154
56 155
56 157
56 158
56 159
56 160
56 161
57 58
57 63
57 65
57 66
57 67
57 69
57 70
57 71
57 72
57 73
57 74
57 76
57 79
57 80
57 82
57 87
57 89
57 94
57 95
57 101
57 102
57 105
57 106
57 109
57 112
57 113
57 116
57 117
57 119
57 120
57 125
57 126
57 133
57 137
57 138
57 142
57 147
57 149
57 150
57 151
57 152
57 159
57 161
58 62
58 64
58 67
58 68
58 69
58 70
58 71
58 73
58 74
58 77
58 78
58 79
58 80
58 83
58 87
58 88
58 89
58 91
58 92
58 93
58 97
58 98
58 99
58 101
58 102
58 104
58 105
58 106
58 108
58 109
58 110
58 113
58 114
58 117
58 118
58 126
58 127
58 128
58 129
58 131
58 132
58 133
58 134
58 136
58 137
58 138
58 139
58 142
58 145
58 146
58 147
58 149
58 150
58 151
58 153
58 154
58 157
58 158
58 160
58 161
59 62
59 64
59 65
59 66
59 67
59 68
59 69
59 70
59 71
59 74
59 75
59 77
59 84
59 87
59 88
59 92
59 95
59 98
59 99
59 101
59 102
59 106
59 107
59 108
59 109
59 111
59 112
59 113
59 114
59 115
59 116
59 129
59 130
59 131
59 138
59 142
59 146
59 147
59 149
59 151
59 152
59 154
59 158
59 159
60 68
60 69
60 70
60 75
60 83
60 88
60 94
60 100
60 102
60 106
60 137
60 138
60 142
61 65
61 66
61 67
61 69
61 74
61 76
61 77
61 82
61 84
61 86
61 87
61 88
61 89
61 90
61 92
61 93
61 94
61 95
61 97
61 99
61 101
61 103
61 104
61 106
61 108
61 109
61 112
61 113
61 114
61 115
61 116
61 117
61 119
61 120
61 129
61 130
61 133
61 134
61 135
61 136
61 137
61 138
61 139
61 141
61 142
61 147
61 150
61 151
61 152
61 154
61 157
61 160
61 161
62 63
62 64
62 65
62 66
62 68
62 69
62 72
62 73
62 76
62 77
62 79
62 80
62 82
62 85
62 87
62 89
62 90
62 93
62 94
62 96
62 100
62 102
62 103
62 106
62 108
62 109
62 112
62 113
62 114
62 115
62 116
62 117
62 126
62 128
62 129
62 131
62 133
62 134
62 137
62 138
62 141
62 142
62 146
62 147
62 149
62 150
62 151
62 152
62 153
62 154
62 160
63 64
63 65
63 66
63 67
63 68
63 69
63 70
63 71
63 72
63 73
63 74
63 75
63 77
63 79
63 80
63 81
63 83
63 84
63 86
63 88
63 89
63 92
63 94
63 96
63 99
63 100
63 101
63 102
63 103
63 105
63 107
63 108
63 109
63 112
63 113
63 114
63 115
63 116
63 117
63 118
63 122
63 125
63 126
63 130
63 131
63 132
63 133
63 134
63 135
63 136
63 138
63 141
63 144
63 145
63 147
63 148
63 149
63 151
63 152
63 154
63 157
63 158
63 160
63 161
64 65
64 66
64 67
64 68
64 69
64 72
64 73
64 74
64 75
64 76
64 77
64 79
64 82
64 83
64 84
64 85
64 86
64 87
64 88
64 89
64 90
64 91
64 92
64 94
64 95
64 97
64 98
64 99
64 100
64 101
64 102
64 104
64 105
64 106
64 107
64 108
64 109
64 112
64 113
64 114
64 115
64 117
64 118
64 120
64 121
64 123
64 124
64 125
64 126
64 127
64 128
64 130
64 131
64 132
64 133
64 134
64 136
64 137
64 138
64 139
64 141
64 142
64 143
64 146
64 147
64 148
64 150
64 151
64 152
64 154
64 157
64 158
64 161
65 66
65 67
65 68
65 69
65 70
65 71
65 72
65 73
65 74
65 75
65 76
65 77
65 78
65 79
65 80
65 81
65 82
65 83
65 84
65 85
65 86
65 87
65 88
65 89
65 90
65 91
65 94
65 95
65 97
65 101
65 103
65 104
65 105
65 106
65 108
65 109
65 110
65 112
65 113
65 114
65 115
65 116
65 117
65 118
65 120
65 121
65 122
65 125
65 126
65 127
65 129
65 131
65 133
65 134
65 135
65 136
65 137
65 138
65 140
65 141
65 142
65 143
65 145
65 147
65 149
65 150
65 151
65 152
65 153
65 154
65 155
65 157
65 158
65 159
65 160
65 161
66 67
66 68
66 70
66 71
66 74
66 75
66 76
66 77
66 79
66 80
66 83
66 85
66 87
66 89
66 93
66 94
66 96
66 97
66 99
66 100
66 101
66 102
66 103
66 104
66 109
66 111
66 112
66 113
66 114
66 115
66 118
66 120
66 125
66 126
66 127
66 129
66 130
66 133
66 134
66 135
66 137
66 138
66 140
66 141
66 146
66 147
66 150
66 151
66 154
66 156
66 157
66 158
66 161
67 68
67 69
67 70
67 71
67 72
67 73
67 74
67 75
67 77
67 80
67 81
67 84
67 85
67 86
67 87
67 90
67 91
67 93
67 94
67 96
67 97
67 100
67 101
67 102
67 103
67 105
67 106
67 107
67 108
67 109
67 111
67 113
67 114
67 115
67 116
67 117
67 118
67 120
67 121
67 126
67 127
67 129
67 130
67 131
67 132
67 133
67 134
67 136
67 137
67 138
67 140
67 141
67 142
67 145
67 146
67 147
67 150
67 151
67 152
67 153
67 154
67 155
67 157
67 158
67 161
68 69
68 70
68 71
68 73
68 74
68 75
68 77
68 78
68 79
68 80
68 83
68 84
68 86
68 87
68 88
68 89
68 91
68 92
68 93
68 94
68 96
68 97
68 98
68 99
68 101
68 102
68 103
68 104
68 105
68 106
68 107
68 108
68 109
68 110
68 111
68 112
68 113
68 114
68 115
68 117
68 118
68 119
68 122
68 123
68 125
68 126
68 127
68 128
68 129
68 130
68 131
68 133
68 134
68 135
68 137
68 138
68 139
68 141
68 142
68 144
68 146
68 147
68 148
68 149
68 150
68 151
68 152
68 154
68 157
68 158
68 159
68 160
68 161
69 70
69 71
69 72
69 74
69 75
69 76
69 77
69 79
69 80
69 83
69 84
69 85
69 86
69 88
69 89
69 94
69 95
69 97
69 99
69 101
69 102
69 103
69 105
69 106
69 107
69 108
69 109
69 110
69 112
69 113
69 114
69 115
69 116
69 117
69 118
69 119
69 122
69 123
69 126
69 129
69 130
69 131
69 133
69 134
69 137
69 138
69 139
69 140
69 141
69 142
69 143
69 144
69 145
69 146
69 147
69 148
69 150
69 151
69 152
69 154
69 155
69 156
69 158
69 159
69 161
70 71
70 72
70 73
70 74
70 75
70 76
70 78
70 79
70 80
70 81
70 84
70 87
70 88
70 89
70 93
70 94
70 98
70 99
70 100
70 101
70 104
70 105
70 106
70 107
70 108
70 109
70 111
70 112
70 113
70 114
70 115
70 116
70 117
70 120
70 121
70 122
70 124
70 125
70 127
70 129
70 130
70 131
70 132
70 133
70 135
70 138
70 141
70 142
70 143
70 145
70 147
70 148
70 149
70 150
70 151
70 152
70 153
70 154
70 156
70 157
70 158
70 159
70 160
70 161
71 72
71 73
71 74
71 75
71 76
71 77
71 79
71 81
71 82
71 83
71 84
71 85
71 86
71 87
71 91
71 92
71 94
71 95
71 96
71 100
71 101
71 102
71 103
71 104
71 105
71 106
71 107
71 108
71 109
71 111
71 113
71 114
71 115
71 116
71 117
71 118
71 122
71 126
71 127
71 128
71 129
71 130
71 131
71 133
71 134
71 138
71 139
71 140
71 141
71 145
71 146
71 147
71 148
71 150
71 151
71 154
71 157
71 158
71 159
71 161
72 73
72 74
72 78
72 79
72 80
72 81
72 82
72 84
72 86
72 87
72 88
72 89
72 90
72 91
72 92
72 93
72 94
72 95
72 96
72 97
72 99
72 101
72 103
72 104
72 106
72 107
72 109
72 110
72 111
72 112
72 113
72 114
72 115
72 116
72 117
72 120
72 121
72 122
72 123
72 124
72 125
72 126
72 128
72 129
72 130
72 131
72 133
72 134
72 135
72 136
72 137
72 138
72 139
72 140
72 141
72 142
72 143
72 147
72 149
72 150
72 151
72 152
72 153
72 154
72 157
72 158
72 160
72 161
73 74
73 77
73 79
73 80
73 85
73 86
73 87
73 91
73 92
73 93
73 94
73 97
73 98
73 99
73 100
73 101
73 102
73 103
73 104
73 107
73 108
73 109
73 111
73 112
73 113
73 114
73 115
73 116
73 117
73 118
73 121
73 125
73 126
73 129
73 130
73 133
73 134
73 138
73 139
73 140
73 141
73 142
73 145
73 146
73 147
73 148
73 150
73 151
73 152
73 153
73 157
73 158
73 160
74 76
74 77
74 79
74 80
74 82
74 83
74 85
74 86
74 87
74 88
74 89
74 90
74 91
74 93
74 94
74 97
74 98
74 99
74 100
74 101
74 102
74 104
74 105
74 106
74 107
74 108
74 109
74 110
74 111
74 112
74 113
74 114
74 115
74 116
74 117
74 118
74 120
74 122
74 125
74 126
74 127
74 129
74 130
74 131
74 133
74 134
74 135
74 137
74 138
74 139
74 140
74 141
74 142
74 145
74 147
74 148
74 150
74 151
74 152
74 153
74 154
74 155
74 156
74 158
74 159
74 160
74 161
75 77
75 79
75 82
75 84
75 86
75 87
75 88
75 89
75 91
75 93
75 94
75 98
75 99
75 101
75 102
75 103
75 105
75 106
75 108
75 110
75 113
75 115
75 116
75 117
75 118
75 121
75 122
75 124
75 126
75 129
75 130
75 131
75 132
75 133
75 135
75 136
75 137
75 138
75 139
75 141
75 142
75 145
75 147
75 148
75 149
75 150
75 152
75 153
75 154
75 158
76 77
76 79
76 80
76 82
76 83
76 84
76 85
76 88
76 89
76 92
76 93
76 94
76 99
76 102
76 103
76 105
76 106
76 108
76 112
76 115
76 117
76 118
76 122
76 126
76 128
76 129
76 131
76 133
76 137
76 138
76 139
76 141
76 142
76 145
76 146
76 150
76 152
76 153
76 154
76 157
76 158
76 159
76 160
76 161
77 79
77 80
77 84
77 87
77 89
77 91
77 92
77 94
77 97
77 98
77 99
77 101
77 102
77 103
77 104
77 106
77 109
77 111
77 112
77 114
77 115
77 116
77 117
77 118
77 119
77 129
77 131
77 132
77 133
77 134
77 135
77 136
77 137
77 140
77 142
77 144
77 146
77 148
77 149
77 150
77 151
77 152
77 153
77 154
77 157
77 158
77 159
77 160
78 79
78 85
78 88
78 93
78 94
78 97
78 105
78 106
78 115
78 118
78 126
78 133
78 139
78 154
78 158
79 80
79 81
79 84
79 85
79 87
79 88
79 89
79 90
79 91
79 92
79 93
79 94
79 95
79 97
79 99
79 100
79 101
79 102
79 104
79 105
79 106
79 107
79 108
79 109
79 111
79 112
79 114
79 115
79 117
79 118
79 119
79 122
79 124
79 127
79 128
79 129
79 130
79 131
79 132
79 133
79 134
79 135
79 137
79 138
79 141
79 142
79 143
79 145
79 146
79 148
79 149
79 150
79 151
79 152
79 153
79 154
79 155
79 156
79 157
79 158
79 159
79 161
80 87
80 89
80 91
80 93
80 94
80 95
80 100
80 101
80 103
80 106
80 108
80 109
80 112
80 113
80 114
80 115
80 119
80 120
80 124
80 125
80 126
80 127
80 128
80 130
80 131
80 133
80 134
80 135
80 137
80 138
80 141
80 142
80 145
80 146
80 147
80 148
80 149
80 150
80 151
80 152
80 153
80 154
80 155
80 159
81 84
81 87
81 88
81 93
81 94
81 95
81 100
81 101
81 102
81 106
81 107
81 110
81 111
81 113
81 118
81 126
81 128
81 129
81 132
81 133
81 134
81 137
81 139
81 141
81 142
81 145
81 146
81 151
81 156
81 161
82 85
82 86
82 89
82 93
82 94
82 98
82 99
82 102
82 105
82 106
82 108
82 111
82 114
82 115
82 118
82 119
82 121
82 127
82 129
82 130
82 131
82 133
82 134
82 135
82 137
82 141
82 146
82 147
82 149
82 151
82 152
82 154
82 155
82 158
82 159
83 84
83 87
83 88
83 89
83 93
83 94
83 97
83 100
83 106
83 107
83 108
83 111
83 112
83 114
83 116
83 117
83 119
83 121
83 126
83 129
83 130
83 131
83 133
83 134
83 135
83 137
83 139
83 146
83 147
83 151
83 152
83 153
83 154
83 155
83 158
83 160
84 85
84 86
84 87
84 88
84 89
84 90
84 92
84 93
84 94
84 95
84 100
84 101
84 103
84 105
84 106
84 107
84 108
84 109
84 110
84 111
84 112
84 113
84 115
84 117
84 118
84 125
84 127
84 129
84 132
84 133
84 134
84 135
84 137
84 138
84 139
84 141
84 142
84 143
84 145
84 147
84 150
84 151
84 152
84 153
84 154
84 156
84 160
84 161
85 86
85 89
85 92
85 93
85 94
85 97
85 100
85 101
85 102
85 106
85 108
85 115
85 117
85 120
85 124
85 133
85 135
85 137
85 138
85 142
85 146
85 147
85 151
85 153
85 154
85 158
85 159
86 87
86 88
86 89
86 92
86 94
86 97
86 100
86 101
86 106
86 107
86 108
86 109
86 111
86 112
86 113
86 114
86 115
86 117
86 118
86 129
86 133
86 134
86 135
86 136
86 137
86 139
86 142
86 147
86 149
86 150
86 152
86 153
86 154
86 157
86 158
86 161
87 88
87 89
87 91
87 93
87 94
87 95
87 97
87 101
87 102
87 104
87 106
87 108
87 111
87 112
87 115
87 116
87 117
87 118
87 121
87 125
87 126
87 132
87 134
87 136
87 139
87 141
87 142
87 143
87 145
87 146
87 147
87 149
87 151
87 152
87 153
87 154
87 155
87 158
88 89
88 91
88 92
88 93
88 94
88 96
88 97
88 99
88 100
88 102
88 106
88 107
88 108
88 110
88 112
88 114
88 115
88 118
88 122
88 126
88 129
88 131
88 132
88 133
88 137
88 139
88 141
88 142
88 145
88 146
88 147
88 150
88 152
88 154
88 155
88 157
88 158
88 160
89 91
89 92
89 93
89 94
89 95
89 97
89 99
89 101
89 102
89 103
89 105
89 106
89 107
89 108
89 109
89 111
89 112
89 113
89 114
89 115
89 117
89 118
89 119
89 120
89 122
89 123
89 124
89 125
89 126
89 127
89 129
89 130
89 131
89 132
89 133
89 134
89 135
89 136
89 139
89 140
89 141
89 142
89 143
89 145
89 146
89 147
89 149
89 150
89 151
89 152
89 153
89 154
89 155
89 156
89 158
89 159
90 93
90 94
90 97
90 110
90 113
90 115
90 117
90 118
90 127
90 137
90 138
90 140
90 142
90 146
90 147
90 150
90 151
90 152
90 154
90 157
90 158
91 94
91 95
91 97
91 99
91 101
91 102
91 105
91 107
91 111
91 112
91 114
91 115
91 117
91 125
91 126
91 128
91 129
91 131
91 134
91 135
91 137
91 139
91 140
91 141
91 144
91 147
91 148
91 150
91 152
91 153
91 154
91 155
91 159
92 97
92 99
92 101
92 102
92 106
92 108
92 109
92 112
92 113
92 116
92 117
92 119
92 125
92 126
92 128
92 130
92 133
92 134
92 138
92 141
92 146
92 147
92 150
92 151
92 152
92 154
92 155
92 158
92 160
92 161
93 94
93 97
93 98
93 101
93 102
93 107
93 108
93 109
93 112
93 113
93 114
93 118
93 119
93 123
93 124
93 125
93 126
93 127
93 129
93 130
93 131
93 136
93 137
93 138
93 142
93 143
93 144
93 146
93 147
93 149
93 150
93 151
93 152
93 153
93 154
93 157
93 158
93 160
93 161
94 95
94 96
94 97
94 98
94 99
94 101
94 104
94 105
94 106
94 107
94 108
94 110
94 112
94 113
94 114
94 115
94 116
94 118
94 120
94 121
94 122
94 125
94 129
94 130
94 131
94 133
94 134
94 137
94 138
94 139
94 142
94 143
94 145
94 146
94 147
94 148
94 150
94 151
94 152
94 153
94 154
94 158
94 161
95 98
95 105
95 108
95 109
95 110
95 115
95 117
95 120
95 128
95 130
95 131
95 133
95 137
95 138
95 141
95 146
95 152
95 154
95 158
96 97
96 98
96 105
96 108
96 111
96 118
96 121
96 129
96 131
96 133
96 135
96 138
96 141
96 145
96 151
96 152
96 154
96 155
97 98
97 99
97 100
97 101
97 102
97 103
97 106
97 111
97 112
97 113
97 114
97 115
97 116
97 117
97 118
97 121
97 125
97 126
97 128
97 129
97 130
97 131
97 133
97 135
97 136
97 137
97 138
97 139
97 141
97 142
97 145
97 146
97 147
97 148
97 149
97 150
97 151
97 152
97 154
97 158
98 99
98 100
98 101
98 107
98 108
98 113
98 115
98 116
98 118
98 125
98 126
98 128
98 133
98 134
98 135
98 136
98 137
98 138
98 141
98 142
98 146
98 147
98 150
98 153
98 154
98 155
98 157
98 158
99 101
99 102
99 105
99 106
99 108
99 109
99 110
99 111
99 113
99 115
99 118
99 124
99 127
99 129
99 131
99 133
99 134
99 136
99 137
99 138
99 139
99 142
99 143
99 147
99 149
99 151
99 157
99 160
100 102
100 103
100 105
100 106
100 107
100 108
100 112
100 113
100 114
100 117
100 118
100 119
100 120
100 124
100 128
100 129
100 130
100 131
100 132
100 133
100 134
100 136
100 137
100 139
100 142
100 146
100 151
100 152
100 153
101 102
101 103
101 104
101 106
101 108
101 109
101 110
101 112
101 113
101 114
101 115
101 118
101 122
101 123
101 125
101 126
101 128
101 129
101 130
101 131
101 133
101 134
101 135
101 136
101 137
101 138
101 139
101 140
101 141
101 142
101 143
101 144
101 145
101 146
101 148
101 150
101 151
101 152
101 153
101 154
101 157
101 158
101 159
101 160
101 161
102 103
102 106
102 108
102 109
102 111
102 113
102 114
102 115
102 116
102 117
102 118
102 119
102 126
102 129
102 131
102 133
102 134
102 135
102 136
102 137
102 138
102 139
102 142
102 145
102 148
102 149
102 151
102 152
102 153
102 154
102 157
102 158
102 159
102 160
103 106
103 108
103 109
103 114
103 117
103 118
103 125
103 126
103 128
103 130
103 131
103 133
103 134
103 135
103 137
103 138
103 139
103 142
103 143
103 146
103 147
103 149
103 151
103 152
103 154
103 157
103 158
104 106
104 107
104 108
104 112
104 113
104 117
104 118
104 120
104 122
104 126
104 129
104 130
104 136
104 137
104 142
104 147
104 153
104 157
104 159
105 107
105 108
105 109
105 110
105 111
105 112
105 113
105 114
105 116
105 117
105 118
105 119
105 125
105 126
105 129
105 130
105 131
105 133
105 134
105 137
105 138
105 139
105 141
105 142
105 147
105 148
105 151
105 152
105 153
105 158
105 160
105 161
106 108
106 109
106 110
106 111
106 113
106 114
106 115
106 117
106 118
106 121
106 124
106 125
106 126
106 128
106 129
106 130
106 131
106 133
106 134
106 135
106 136
106 137
106 139
106 140
106 142
106 143
106 145
106 146
106 147
106 149
106 150
106 153
106 154
106 156
106 157
106 158
106 159
107 108
107 111
107 112
107 113
107 114
107 118
107 122
107 125
107 128
107 129
107 133
107 134
107 137
107 138
107 139
107 140
107 141
107 142
107 147
107 148
107 149
107 150
107 151
107 152
107 153
107 154
107 160
108 109
108 112
108 113
108 115
108 116
108 118
108 123
108 125
108 126
108 129
108 130
108 131
108 132
108 133
108 134
108 135
108 136
108 137
108 138
108 139
108 140
108 142
108 143
108 144
108 145
108 146
108 149
108 150
108 151
108 152
108 153
108 154
108 155
108 157
108 158
108 159
108 161
109 111
109 112
109 113
109 114
109 115
109 116
109 117
109 118
109 119
109 121
109 125
109 126
109 127
109 128
109 129
109 131
109 133
109 134
109 135
109 136
109 137
109 138
109 139
109 141
109 143
109 147
109 148
109 149
109 150
109 151
109 152
109 153
109 154
109 155
109 157
109 158
109 161
110 112
110 114
110 115
110 118
110 124
110 125
110 128
110 129
110 131
110 133
110 135
110 137
110 139
110 141
110 142
110 143
110 147
110 154
110 155
110 157
111 112
111 113
111 114
111 116
111 117
111 119
111 123
111 125
111 128
111 129
111 131
111 135
111 137
111 138
111 140
111 142
111 146
111 147
111 148
111 150
111 152
111 153
111 158
111 160
112 113
112 114
112 115
112 116
112 117
112 118
112 125
112 126
112 127
112 129
112 130
112 133
112 134
112 135
112 136
112 137
112 138
112 141
112 142
112 144
112 145
112 147
112 150
112 151
112 152
112 153
112 154
112 155
112 156
112 158
112 161
113 114
113 115
113 116
113 117
113 118
113 121
113 125
113 126
113 127
113 128
113 129
113 130
113 131
113 133
113 134
113 135
113 137
113 138
113 139
113 140
113 141
113 142
113 144
113 145
113 146
113 147
113 149
113 150
113 151
113 152
113 153
113 154
113 155
113 157
113 158
113 159
113 160
113 161
114 116
114 117
114 118
114 122
114 124
114 125
114 127
114 128
114 129
114 130
114 131
114 133
114 135
114 137
114 138
114 139
114 140
114 141
114 142
114 143
114 145
114 146
114 147
114 148
114 150
114 151
114 152
114 153
114 154
114 155
114 156
114 158
114 160
114 161
115 116
115 117
115 118
115 119
115 121
115 123
115 126
115 127
115 128
115 129
115 130
115 133
115 134
115 135
115 136
115 137
115 138
115 139
115 140
115 141
115 142
115 143
115 146
115 147
115 148
115 149
115 151
115 152
115 153
115 154
115 155
115 158
115 160
115 161
116 121
116 125
116 130
116 131
116 133
116 134
116 138
116 139
116 140
116 142
116 143
116 144
116 145
116 147
116 148
116 152
116 153
116 154
116 157
116 161
117 118
117 122
117 123
117 126
117 129
117 130
117 131
117 133
117 134
117 135
117 136
117 137
117 138
117 139
117 140
117 141
117 142
117 143
117 146
117 147
117 148
117 149
117 151
117 154
117 159
117 160
117 161
118 119
118 120
118 121
118 122
118 124
118 125
118 126
118 129
118 131
118 132
118 133
118 134
118 135
118 136
118 137
118 138
118 139
118 140
118 141
118 142
118 143
118 146
118 147
118 148
118 149
118 150
118 152
118 153
118 154
118 155
118 156
118 157
118 158
118 160
118 161
119 129
119 132
119 133
119 134
119 139
119 141
119 144
119 145
119 152
119 157
119 158
119 161
120 122
120 125
120 126
120 129
120 138
120 146
120 154
121 125
121 128
121 131
121 137
121 141
121 142
121 145
121 151
121 154
121 160
122 126
122 133
122 137
122 143
122 146
122 151
122 152
122 154
122 161
123 131
123 141
124 130
124 131
124 134
124 135
124 137
124 138
124 142
124 154
124 158
125 126
125 127
125 128
125 130
125 131
125 133
125 136
125 137
125 138
125 139
125 140
125 142
125 145
125 146
125 147
125 148
125 149
125 150
125 151
125 152
125 153
125 154
125 155
125 158
125 159
125 160
126 127
126 128
126 129
126 130
126 131
126 133
126 135
126 137
126 138
126 140
126 142
126 145
126 146
126 149
126 151
126 152
126 153
126 156
126 157
126 158
126 161
127 128
127 129
127 131
127 137
127 138
127 147
127 149
127 152
127 153
127 154
127 157
127 158
127 161
128 129
128 133
128 134
128 137
128 141
128 142
128 147
128 151
128 152
128 154
128 155
128 157
128 161
129 130
129 131
129 133
129 134
129 135
129 136
129 137
129 138
129 139
129 140
129 141
129 142
129 143
129 145
129 146
129 147
129 149
129 150
129 151
129 152
129 153
129 154
129 158
129 160
129 161
130 133
130 134
130 136
130 137
130 138
130 142
130 145
130 146
130 147
130 149
130 150
130 151
130 153
130 156
130 157
130 158
130 161
131 132
131 134
131 136
131 137
131 138
131 139
131 140
131 141
131 142
131 145
131 146
131 147
131 151
131 152
131 153
131 154
131 155
131 157
131 158
131 159
131 160
131 161
132 135
132 136
132 137
132 142
132 150
132 152
132 157
132 160
133 135
133 136
133 137
133 138
133 139
133 141
133 142
133 145
133 146
133 147
133 148
133 149
133 150
133 151
133 152
133 153
133 155
133 157
133 158
133 159
133 160
133 161
134 137
134 139
134 140
134 141
134 142
134 143
134 145
134 146
134 147
134 148
134 149
134 150
134 152
134 154
134 157
134 158
134 159
134 160
134 161
135 137
135 138
135 146
135 147
135 148
135 150
135 151
135 152
135 153
135 154
135 155
135 160
136 137
136 138
136 139
136 142
136 143
136 146
136 147
136 148
136 149
136 151
136 152
136 157
136 158
137 138
137 139
137 140
137 142
137 143
137 144
137 145
137 146
137 147
137 148
137 149
137 150
137 151
137 152
137 153
137 154
137 155
137 156
137 157
137 159
137 160
137 161
138 139
138 140
138 141
138 144
138 145
138 146
138 147
138 148
138 150
138 151
138 152
138 153
138 154
138 155
138 157
138 158
138 159
138 161
139 141
139 142
139 143
139 146
139 147
139 148
139 149
139 150
139 151
139 152
139 156
139 157
139 160
139 161
140 142
140 143
140 145
140 147
140 149
140 154
140 157
140 158
140 159
141 142
141 143
141 145
141 148
141 149
141 151
141 152
141 154
141 158
141 159
142 143
142 146
142 147
142 148
142 149
142 150
142 151
142 152
142 153
142 154
142 155
142 156
142 157
142 158
142 159
142 160
143 146
143 147
143 150
143 152
143 153
143 154
143 156
143 161
144 151
144 154
144 158
144 160
145 146
145 147
145 150
145 151
145 152
145 154
145 155
145 158
145 159
145 160
145 161
146 147
146 151
146 152
146 154
146 157
146 158
146 159
147 150
147 151
147 152
147 153
147 154
147 156
147 157
147 158
147 159
147 160
147 161
148 150
148 154
148 160
149 150
149 152
149 153
149 160
149 161
150 151
150 154
150 156
150 157
150 158
150 160
150 161
151 152
151 154
151 155
151 156
151 158
151 161
152 154
152 157
152 160
152 161
153 154
153 155
153 158
153 159
153 161
154 157
154 158
154 159
154 160
154 161
155 156
155 157
155 158
155 161
157 161
158 159
159 161
160 161
