0 5
0 9
0 11
0 14
0 16
0 18
0 19
0 21
0 22
0 25
0 26
0 28
0 31
0 32
0 35
0 36
0 37
0 40
0 49
0 51
0 53
0 55
0 56
0 58
0 65
0 67
0 68
0 70
0 71
0 72
0 73
0 80
0 86
0 88
0 89
0 90
0 92
0 93
0 94
0 98
0 99
0 101
0 103
0 105
0 106
0 107
0 108
0 109
0 110
0 111
0 112
0 113
0 114
0 115
0 117
0 118
0 122
0 126
0 128
0 129
0 130
0 133
0 138
0 142
0 143
0 144
0 145
0 147
0 148
0 149
0 150
0 152
0 154
0 157
0 158
1 2
1 4
1 7
1 11
1 13
1 14
1 15
1 17
1 19
1 23
1 25
1 26
1 32
1 34
1 36
1 37
1 40
1 41
1 44
1 45
1 48
1 51
1 53
1 54
1 56
1 58
1 59
1 63
1 64
1 66
1 67
1 69
1 72
1 75
1 76
1 79
1 80
1 81
1 83
1 84
1 87
1 88
1 89
1 90
1 93
1 101
1 105
1 106
1 108
1 109
1 110
1 112
1 115
1 118
1 122
1 125
1 128
1 130
1 133
1 134
1 135
1 137
1 138
1 139
1 142
1 143
1 145
1 149
1 150
1 151
1 152
1 153
1 154
1 156
1 157
1 159
2 4
2 7
2 12
2 14
2 15
2 19
2 23
2 25
2 26
2 30
2 31
2 32
2 34
2 38
2 40
2 41
2 42
2 46
2 48
2 49
2 51
2 52
2 55
2 56
2 64
2 68
2 74
2 79
2 81
2 84
2 86
2 89
2 90
2 94
2 97
2 103
2 106
2 108
2 112
2 113
2 114
2 115
2 127
2 129
2 130
2 131
2 132
2 133
2 137
2 138
2 139
2 142
2 146
2 147
2 151
2 153
2 154
2 155
2 158
2 161
3 6
3 7
3 8
3 9
3 11
3 13
3 14
3 15
3 19
3 21
3 25
3 30
3 31
3 32
3 37
3 39
3 44
3 45
3 46
3 49
3 51
3 54
3 56
3 61
3 64
3 65
3 66
3 68
3 71
3 76
3 77
3 79
3 88
3 94
3 98
3 99
3 100
3 103
3 107
3 108
3 109
3 112
3 113
3 114
3 116
3 117
3 119
3 121
3 126
3 129
3 131
3 141
3 145
3 148
3 152
3 154
3 160
4 6
4 7
4 9
4 11
4 13
4 14
4 15
4 16
4 18
4 19
4 20
4 21
4 22
4 23
4 25
4 26
4 27
4 30
4 31
4 32
4 34
4 35
4 36
4 38
4 39
4 40
4 43
4 44
4 45
4 46
4 48
4 49
4 50
4 51
4 52
4 54
4 55
4 56
4 58
4 59
4 60
4 62
4 63
4 64
4 66
4 67
4 68
4 69
4 70
4 71
4 72
4 73
4 74
4 76
4 77
4 79
4 82
4 83
4 84
4 85
4 88
4 92
4 94
4 95
4 97
4 99
4 101
4 102
4 103
4 104
4 105
4 106
4 107
4 108
4 109
4 111
4 112
4 113
4 114
4 115
4 116
4 117
4 119
4 125
4 128
4 129
4 130
4 133
4 134
4 135
4 137
4 138
4 140
4 141
4 142
4 146
4 147
4 149
4 150
4 151
4 152
4 154
4 155
4 157
4 158
4 160
5 11
5 12
5 13
5 14
5 15
5 17
5 18
5 21
5 25
5 26
5 30
5 37
5 40
5 43
5 45
5 46
5 49
5 51
5 54
5 55
5 58
5 59
5 60
5 64
5 65
5 66
5 67
5 68
5 72
5 77
5 79
5 87
5 88
5 91
5 92
5 93
5 101
5 103
5 106
5 108
5 109
5 110
5 111
5 114
5 115
5 117
5 118
5 126
5 134
5 136
5 137
5 138
5 139
5 144
5 145
5 146
5 147
5 150
5 154
5 158
5 160
6 7
6 8
6 9
6 10
6 14
6 15
6 16
6 18
6 19
6 21
6 22
6 25
6 26
6 27
6 28
6 30
6 31
6 32
6 34
6 35
6 36
6 38
6 39
6 40
6 41
6 42
6 43
6 44
6 45
6 46
6 48
6 49
6 51
6 52
6 54
6 55
6 56
6 57
6 58
6 59
6 60
6 61
6 63
6 64
6 65
6 66
6 67
6 68
6 69
6 70
6 71
6 72
6 73
6 74
6 75
6 77
6 78
6 79
6 80
6 81
6 84
6 86
6 87
6 88
6 89
6 91
6 92
6 93
6 94
6 95
6 96
6 97
6 98
6 100
6 101
6 102
6 103
6 108
6 110
6 111
6 112
6 113
6 114
6 115
6 116
6 117
6 118
6 120
6 124
6 125
6 126
6 129
6 130
6 131
6 133
6 134
6 135
6 136
6 137
6 138
6 139
6 140
6 141
6 142
6 144
6 146
6 149
6 150
6 151
6 152
6 154
6 157
6 158
6 159
6 160
6 161
7 9
7 10
7 13
7 14
7 15
7 17
7 18
7 19
7 21
7 23
7 24
7 25
7 27
7 28
7 30
7 31
7 32
7 34
7 36
7 37
7 38
7 40
7 41
7 42
7 43
7 44
7 45
7 46
7 48
7 49
7 50
7 51
7 52
7 53
7 54
7 55
7 56
7 57
7 58
7 59
7 61
7 64
7 65
7 66
7 67
7 68
7 69
7 70
7 71
7 73
7 74
7 75
7 77
7 79
7 80
7 81
7 82
7 83
7 84
7 85
7 86
7 87
7 88
7 89
7 90
7 91
7 92
7 93
7 94
7 96
7 97
7 98
7 100
7 101
7 102
7 104
7 105
7 106
7 107
7 108
7 109
7 111
7 112
7 113
7 114
7 115
7 116
7 117
7 118
7 122
7 124
7 126
7 127
7 128
7 130
7 131
7 132
7 133
7 134
7 135
7 136
7 137
7 138
7 139
7 140
7 141
7 142
7 143
7 145
7 146
7 150
7 152
7 156
7 157
7 160
7 161
8 10
8 12
8 13
8 15
8 19
8 20
8 21
8 22
8 23
8 25
8 31
8 36
8 38
8 45
8 48
8 50
8 55
8 58
8 65
8 67
8 68
8 69
8 71
8 72
8 74
8 76
8 79
8 88
8 90
8 92
8 96
8 100
8 102
8 103
8 105
8 106
8 107
8 109
8 111
8 112
8 115
8 117
8 118
8 123
8 129
8 131
8 134
8 136
8 137
8 138
8 139
8 142
8 146
8 147
8 151
8 152
8 153
8 154
8 156
8 159
8 161
9 10
9 11
9 12
9 14
9 18
9 19
9 21
9 22
9 23
9 24
9 25
9 26
9 29
9 30
9 31
9 32
9 35
9 36
9 37
9 38
9 39
9 40
9 42
9 43
9 44
9 45
9 46
9 49
9 51
9 52
9 53
9 54
9 55
9 56
9 59
9 61
9 62
9 63
9 64
9 65
9 66
9 68
9 69
9 70
9 71
9 72
9 73
9 74
9 75
9 76
9 79
9 80
9 82
9 83
9 84
9 88
9 89
9 93
9 94
9 96
9 97
9 101
9 102
9 105
9 106
9 107
9 108
9 109
9 111
9 112
9 113
9 114
9 115
9 116
9 117
9 118
9 120
9 126
9 128
9 129
9 130
9 131
9 133
9 134
9 136
9 137
9 138
9 141
9 142
9 145
9 146
9 147
9 149
9 150
9 151
9 152
9 153
9 154
9 155
9 158
9 161
10 12
10 13
10 14
10 18
10 19
10 21
10 25
10 26
10 30
10 32
10 33
10 35
10 36
10 37
10 38
10 39
10 42
10 43
10 44
10 45
10 49
10 50
10 55
10 64
10 65
10 67
10 68
10 69
10 70
10 71
10 72
10 73
10 74
10 76
10 77
10 80
10 86
10 89
10 92
10 94
10 96
10 98
10 101
10 102
10 103
10 105
10 106
10 107
10 108
10 111
10 112
10 113
10 114
10 115
10 117
10 118
10 120
10 122
10 124
10 125
10 127
10 128
10 129
10 130
10 131
10 134
10 135
10 137
10 138
10 139
10 141
10 142
10 143
10 145
10 146
10 147
10 151
10 152
10 154
10 156
10 157
10 158
10 159
10 160
10 161
11 14
11 15
11 18
11 20
11 21
11 23
11 24
11 25
11 26
11 28
11 30
11 31
11 32
11 33
11 35
11 36
11 38
11 39
11 40
11 41
11 44
11 45
11 46
11 48
11 50
11 52
11 53
11 54
11 55
11 56
11 58
11 59
11 62
11 64
11 66
11 67
11 69
11 70
11 71
11 72
11 74
11 79
11 80
11 81
11 82
11 83
11 84
11 85
11 86
11 87
11 89
11 90
11 94
11 96
11 97
11 99
11 100
11 101
11 102
11 103
11 104
11 105
11 106
11 108
11 109
11 110
11 111
11 112
11 113
11 114
11 115
11 116
11 117
11 118
11 120
11 124
11 125
11 126
11 128
11 129
11 130
11 131
11 133
11 134
11 135
11 136
11 137
11 138
11 139
11 140
11 141
11 142
11 143
11 146
11 147
11 150
11 151
11 152
11 154
11 158
11 159
11 160
12 14
12 19
12 21
12 22
12 25
12 26
12 31
12 32
12 36
12 37
12 40
12 43
12 45
12 46
12 49
12 53
12 54
12 55
12 56
12 62
12 63
12 65
12 67
12 68
12 69
12 71
12 72
12 74
12 75
12 77
12 81
12 84
12 87
12 89
12 91
12 92
12 94
12 97
12 101
12 102
12 105
12 106
12 107
12 111
12 112
12 114
12 115
12 117
12 118
12 125
12 129
12 130
12 133
12 134
12 135
12 138
12 142
12 144
12 145
12 146
12 147
12 148
12 150
12 151
12 153
12 154
12 155
12 157
12 159
13 18
13 19
13 21
13 23
13 24
13 25
13 29
13 30
13 31
13 32
13 33
13 34
13 36
13 37
13 39
13 43
13 46
13 50
13 51
13 56
13 59
13 61
13 63
13 67
13 69
13 70
13 72
13 73
13 74
13 75
13 77
13 83
13 84
13 87
13 88
13 89
13 92
13 94
13 97
13 98
13 99
13 102
13 106
13 108
13 109
13 111
13 113
13 115
13 117
13 118
13 125
13 126
13 127
13 129
13 130
13 131
13 133
13 134
13 137
13 138
13 139
13 141
13 142
13 143
13 146
13 147
13 148
13 150
13 152
13 153
13 154
14 15
14 16
14 18
14 19
14 20
14 21
14 25
14 26
14 27
14 28
14 30
14 31
14 32
14 33
14 35
14 38
14 39
14 40
14 42
14 43
14 44
14 45
14 46
14 47
14 48
14 49
14 50
14 51
14 53
14 54
14 55
14 56
14 57
14 58
14 59
14 60
14 61
14 62
14 64
14 65
14 66
14 69
14 70
14 71
14 72
14 73
14 74
14 75
14 76
14 77
14 78
14 79
14 80
14 81
14 82
14 84
14 87
14 88
14 89
14 91
14 92
14 93
14 94
14 95
14 96
14 98
14 99
14 100
14 101
14 103
14 104
14 105
14 106
14 107
14 108
14 109
14 110
14 111
14 112
14 113
14 115
14 116
14 117
14 118
14 120
14 121
14 124
14 126
14 128
14 129
14 130
14 131
14 133
14 134
14 136
14 137
14 138
14 140
14 141
14 142
14 143
14 144
14 146
14 147
14 150
14 151
14 152
14 153
14 154
14 156
14 157
14 159
14 160
14 161
15 18
15 22
15 24
15 25
15 28
15 31
15 32
15 33
15 37
15 42
15 44
15 46
15 51
15 54
15 55
15 56
15 60
15 62
15 63
15 64
15 65
15 68
15 71
15 73
15 74
15 75
15 77
15 79
15 80
15 81
15 85
15 86
15 87
15 89
15 92
15 97
15 101
15 102
15 106
15 107
15 110
15 111
15 112
15 113
15 114
15 115
15 116
15 117
15 118
15 120
15 125
15 126
15 129
15 131
15 133
15 135
15 137
15 141
15 143
15 146
15 147
15 149
15 151
15 153
15 154
15 155
15 157
15 158
15 160
15 161
16 21
16 25
16 34
16 35
16 38
16 40
16 44
16 49
16 50
16 51
16 52
16 54
16 56
16 57
16 63
16 65
16 68
16 69
16 73
16 77
16 83
16 84
16 86
16 88
16 91
16 101
16 102
16 105
16 106
16 108
16 111
16 112
16 113
16 115
16 117
16 118
16 125
16 129
16 131
16 137
16 142
16 147
16 151
16 157
16 158
16 159
17 30
17 49
17 56
17 57
17 64
17 66
17 69
17 70
17 74
17 84
17 88
17 89
17 93
17 94
17 97
17 104
17 114
17 125
17 134
17 138
17 139
17 142
17 147
17 153
17 157
17 158
18 26
18 28
18 31
18 38
18 40
18 43
18 44
18 45
18 48
18 49
18 51
18 53
18 54
18 58
18 59
18 61
18 66
18 67
18 68
18 69
18 70
18 73
18 74
18 77
18 82
18 83
18 84
18 86
18 93
18 94
18 96
18 101
18 102
18 106
18 108
18 109
18 110
18 112
18 113
18 114
18 115
18 117
18 118
18 122
18 126
18 128
18 130
18 131
18 133
18 138
18 139
18 142
18 143
18 147
18 148
18 150
18 152
18 153
18 154
18 157
18 160
19 20
19 21
19 23
19 26
19 31
19 32
19 33
19 34
19 35
19 38
19 40
19 41
19 42
19 44
19 45
19 46
19 47
19 48
19 49
19 50
19 51
19 53
19 54
19 55
19 56
19 58
19 59
19 61
19 63
19 64
19 65
19 66
19 67
19 68
19 69
19 70
19 71
19 72
19 73
19 74
19 75
19 79
19 81
19 82
19 83
19 84
19 85
19 86
19 87
19 88
19 89
19 91
19 92
19 93
19 94
19 95
19 96
19 97
19 98
19 99
19 101
19 102
19 104
19 105
19 106
19 107
19 108
19 109
19 111
19 112
19 113
19 115
19 117
19 118
19 119
19 120
19 121
19 122
19 123
19 124
19 125
19 126
19 127
19 128
19 129
19 132
19 133
19 134
19 135
19 137
19 138
19 139
19 144
19 146
19 148
19 150
19 151
19 152
19 153
19 154
19 155
19 157
19 158
19 159
19 160
19 161
20 21
20 24
20 32
20 34
20 37
20 43
20 44
20 47
20 53
20 54
20 60
20 62
20 64
20 67
20 69
20 70
20 71
20 72
20 74
20 77
20 82
20 84
20 89
20 90
20 94
20 97
20 102
20 105
20 107
20 108
20 113
20 114
20 115
20 117
20 118
20 125
20 129
20 131
20 138
20 143
20 147
20 149
20 150
20 151
20 152
20 158
20 160
20 161
21 24
21 25
21 26
21 27
21 31
21 32
21 34
21 35
21 39
21 40
21 42
21 43
21 44
21 45
21 48
21 49
21 50
21 51
21 52
21 54
21 56
21 59
21 60
21 61
21 62
21 63
21 64
21 65
21 68
21 69
21 71
21 72
21 73
21 74
21 75
21 76
21 77
21 79
21 82
21 83
21 84
21 85
21 86
21 87
21 89
21 90
21 91
21 92
21 93
21 94
21 95
21 97
21 98
21 99
21 100
21 101
21 103
21 105
21 106
21 107
21 108
21 111
21 112
21 113
21 114
21 115
21 116
21 117
21 118
21 119
21 120
21 126
21 127
21 128
21 129
21 130
21 131
21 134
21 135
21 137
21 138
21 139
21 141
21 142
21 143
21 146
21 147
21 148
21 149
21 150
21 152
21 153
21 154
21 158
21 160
21 161
22 24
22 29
22 30
22 31
22 32
22 34
22 35
22 36
22 37
22 38
22 39
22 40
22 43
22 46
22 49
22 54
22 62
22 63
22 67
22 68
22 69
22 70
22 71
22 72
22 73
22 75
22 77
22 79
22 80
22 81
22 82
22 88
22 89
22 90
22 92
22 94
22 95
22 97
22 101
22 102
22 103
22 105
22 106
22 108
22 111
22 112
22 114
22 115
22 119
22 123
22 128
22 131
22 133
22 134
22 137
22 138
22 141
22 142
22 147
22 150
22 151
22 155
22 157
22 158
23 28
23 30
23 32
23 37
23 38
23 40
23 44
23 48
23 52
23 56
23 61
23 64
23 65
23 67
23 68
23 70
23 71
23 72
23 75
23 79
23 80
23 84
23 86
23 89
23 92
23 93
23 95
23 96
23 99
23 101
23 106
23 107
23 108
23 115
23 121
23 125
23 129
23 134
23 135
23 137
23 138
23 139
23 142
23 147
23 151
23 152
23 154
23 157
24 26
24 28
24 31
24 32
24 35
24 37
24 38
24 40
24 44
24 46
24 49
24 50
24 51
24 52
24 54
24 61
24 63
24 64
24 65
24 66
24 69
24 70
24 71
24 72
24 73
24 74
24 76
24 77
24 78
24 79
24 82
24 83
24 85
24 86
24 91
24 94
24 95
24 99
24 102
24 106
24 107
24 108
24 109
24 110
24 111
24 112
24 113
24 114
24 116
24 119
24 122
24 125
24 126
24 130
24 131
24 133
24 134
24 135
24 138
24 141
24 142
24 143
24 146
24 152
24 154
24 155
24 157
24 158
25 26
25 30
25 31
25 33
25 34
25 35
25 36
25 37
25 38
25 40
25 48
25 49
25 50
25 51
25 53
25 54
25 56
25 59
25 60
25 63
25 64
25 65
25 66
25 67
25 68
25 69
25 71
25 72
25 73
25 74
25 75
25 76
25 77
25 79
25 80
25 81
25 82
25 85
25 86
25 89
25 94
25 97
25 98
25 99
25 101
25 102
25 103
25 105
25 106
25 107
25 109
25 111
25 112
25 114
25 115
25 116
25 118
25 125
25 126
25 127
25 129
25 131
25 133
25 134
25 135
25 137
25 138
25 139
25 140
25 142
25 145
25 146
25 147
25 148
25 149
25 150
25 151
25 152
25 153
25 154
25 157
25 158
26 27
26 29
26 30
26 31
26 32
26 35
26 36
26 38
26 39
26 40
26 41
26 42
26 43
26 44
26 45
26 48
26 49
26 50
26 54
26 55
26 56
26 58
26 60
26 61
26 62
26 63
26 64
26 65
26 66
26 67
26 68
26 69
26 70
26 71
26 73
26 74
26 75
26 76
26 78
26 79
26 80
26 81
26 82
26 83
26 84
26 85
26 86
26 87
26 89
26 91
26 92
26 93
26 94
26 96
26 97
26 98
26 99
26 100
26 101
26 102
26 103
26 104
26 105
26 106
26 107
26 108
26 111
26 112
26 113
26 117
26 118
26 119
26 121
26 125
26 128
26 129
26 130
26 131
26 133
26 134
26 136
26 137
26 138
26 139
26 140
26 141
26 142
26 143
26 145
26 146
26 147
26 150
26 151
26 152
26 153
26 154
26 155
26 157
26 158
26 160
26 161
27 30
27 32
27 33
27 34
27 35
27 38
27 41
27 45
27 49
27 52
27 54
27 63
27 65
27 68
27 69
27 70
27 74
27 75
27 79
27 87
27 89
27 91
27 93
27 94
27 97
27 100
27 101
27 102
27 103
27 109
27 111
27 112
27 113
27 115
27 116
27 130
27 131
27 136
27 137
27 138
27 143
27 146
27 147
27 149
27 150
27 153
27 158
28 30
28 31
28 35
28 36
28 38
28 39
28 45
28 48
28 49
28 54
28 55
28 58
28 62
28 63
28 64
28 67
28 68
28 69
28 70
28 72
28 74
28 76
28 80
28 81
28 84
28 89
28 97
28 98
28 101
28 102
28 103
28 106
28 108
28 109
28 112
28 113
28 115
28 118
28 121
28 123
28 125
28 126
28 129
28 131
28 133
28 134
28 137
28 138
28 139
28 140
28 142
28 145
28 147
28 152
28 153
28 154
28 155
28 157
28 160
29 31
29 32
29 34
29 36
29 38
29 40
29 41
29 42
29 43
29 44
29 45
29 51
29 54
29 56
29 58
29 64
29 67
29 68
29 71
29 74
29 80
29 86
29 87
29 88
29 89
29 91
29 93
29 94
29 100
29 101
29 102
29 103
29 106
29 108
29 109
29 111
29 114
29 115
29 119
29 125
29 126
29 127
29 129
29 131
29 133
29 137
29 138
29 141
29 142
29 149
29 150
29 153
29 160
30 31
30 32
30 34
30 36
30 37
30 38
30 39
30 40
30 42
30 43
30 44
30 45
30 46
30 48
30 49
30 50
30 52
30 55
30 56
30 57
30 59
30 61
30 63
30 64
30 66
30 67
30 68
30 69
30 70
30 71
30 72
30 74
30 75
30 76
30 79
30 80
30 81
30 84
30 85
30 87
30 88
30 89
30 90
30 92
30 94
30 96
30 97
30 99
30 100
30 101
30 102
30 103
30 105
30 106
30 107
30 108
30 109
30 110
30 112
30 113
30 114
30 115
30 116
30 118
30 119
30 122
30 125
30 129
30 131
30 133
30 134
30 135
30 137
30 138
30 139
30 141
30 142
30 145
30 147
30 149
30 150
30 151
30 152
30 154
30 157
30 159
30 160
30 161
31 32
31 35
31 36
31 38
31 41
31 42
31 43
31 44
31 45
31 46
31 48
31 49
31 50
31 51
31 54
31 55
31 57
31 58
31 59
31 61
31 63
31 64
31 66
31 67
31 68
31 69
31 70
31 71
31 72
31 73
31 74
31 75
31 76
31 77
31 78
31 79
31 80
31 84
31 85
31 86
31 87
31 88
31 89
31 90
31 91
31 93
31 94
31 95
31 97
31 99
31 101
31 102
31 104
31 105
31 106
31 107
31 108
31 110
31 111
31 112
31 113
31 114
31 115
31 117
31 118
31 119
31 120
31 125
31 126
31 127
31 129
31 131
31 132
31 133
31 134
31 135
31 137
31 138
31 139
31 142
31 143
31 146
31 147
31 148
31 149
31 150
31 151
31 152
31 154
31 156
31 157
31 158
31 160
32 33
32 35
32 37
32 38
32 39
32 40
32 42
32 43
32 44
32 45
32 48
32 49
32 50
32 51
32 52
32 54
32 55
32 56
32 58
32 61
32 62
32 63
32 64
32 65
32 66
32 67
32 68
32 69
32 70
32 71
32 72
32 73
32 74
32 76
32 77
32 79
32 80
32 81
32 82
32 86
32 88
32 89
32 93
32 94
32 95
32 96
32 97
32 99
32 101
32 102
32 103
32 105
32 106
32 107
32 108
32 109
32 110
32 112
32 113
32 114
32 115
32 116
32 117
32 118
32 120
32 124
32 125
32 126
32 127
32 129
32 130
32 131
32 133
32 135
32 137
32 138
32 139
32 141
32 142
32 144
32 145
32 146
32 147
32 148
32 150
32 151
32 152
32 153
32 154
32 156
32 157
32 158
32 159
32 160
32 161
33 36
33 37
33 44
33 45
33 46
33 48
33 51
33 54
33 64
33 68
33 69
33 74
33 79
33 92
33 94
33 97
33 99
33 101
33 102
33 104
33 107
33 108
33 115
33 117
33 118
33 133
33 137
33 140
33 141
33 142
33 147
33 157
33 160
34 35
34 38
34 39
34 40
34 44
34 45
34 47
34 48
34 49
34 51
34 54
34 55
34 56
34 59
34 61
34 62
34 68
34 70
34 73
34 74
34 76
34 79
34 89
34 93
34 94
34 97
34 98
34 101
34 106
34 108
34 109
34 110
34 111
34 112
34 113
34 114
34 116
34 117
34 118
34 119
34 121
34 130
34 133
34 134
34 137
34 138
34 139
34 147
34 150
34 151
34 152
34 158
34 161
35 36
35 37
35 38
35 43
35 46
35 48
35 49
35 50
35 53
35 54
35 56
35 58
35 59
35 61
35 62
35 65
35 67
35 69
35 70
35 71
35 72
35 73
35 74
35 75
35 77
35 79
35 81
35 83
35 84
35 85
35 88
35 89
35 90
35 91
35 92
35 93
35 94
35 97
35 101
35 102
35 104
35 106
35 108
35 110
35 111
35 112
35 113
35 114
35 115
35 118
35 121
35 122
35 126
35 128
35 129
35 130
35 133
35 134
35 135
35 136
35 139
35 140
35 141
35 142
35 145
35 146
35 147
35 148
35 149
35 150
35 152
35 153
35 156
35 159
35 160
35 161
36 38
36 40
36 42
36 44
36 45
36 48
36 49
36 51
36 54
36 56
36 61
36 64
36 65
36 67
36 68
36 71
36 72
36 73
36 74
36 75
36 79
36 83
36 84
36 87
36 88
36 89
36 93
36 94
36 95
36 96
36 97
36 98
36 100
36 101
36 102
36 107
36 108
36 109
36 111
36 112
36 113
36 115
36 116
36 117
36 118
36 119
36 120
36 121
36 126
36 129
36 131
36 133
36 134
36 135
36 137
36 138
36 141
36 142
36 143
36 145
36 147
36 149
36 151
36 152
36 154
36 157
36 158
36 159
36 161
37 38
37 39
37 40
37 41
37 43
37 44
37 46
37 49
37 50
37 51
37 53
37 54
37 56
37 58
37 59
37 61
37 62
37 63
37 64
37 66
37 67
37 69
37 70
37 71
37 72
37 74
37 76
37 79
37 82
37 83
37 84
37 88
37 89
37 91
37 92
37 93
37 94
37 96
37 97
37 98
37 101
37 102
37 116
37 117
37 118
37 125
37 126
37 127
37 128
37 129
37 131
37 133
37 134
37 137
37 138
37 140
37 143
37 147
37 150
37 151
37 152
37 153
37 154
37 157
37 158
37 159
37 160
38 40
38 42
38 43
38 45
38 46
38 49
38 50
38 52
38 53
38 54
38 55
38 56
38 57
38 58
38 61
38 62
38 63
38 64
38 65
38 66
38 67
38 68
38 69
38 70
38 71
38 72
38 73
38 74
38 76
38 80
38 81
38 82
38 83
38 84
38 86
38 87
38 88
38 92
38 93
38 94
38 95
38 99
38 100
38 101
38 102
38 103
38 105
38 106
38 107
38 108
38 109
38 110
38 111
38 112
38 113
38 114
38 115
38 116
38 117
38 118
38 121
38 122
38 128
38 129
38 131
38 133
38 134
38 135
38 136
38 137
38 138
38 139
38 140
38 141
38 142
38 143
38 145
38 146
38 147
38 148
38 150
38 151
38 152
38 153
38 154
38 155
38 157
38 158
38 159
38 160
38 161
39 44
39 45
39 46
39 49
39 51
39 52
39 56
39 58
39 59
39 63
39 65
39 67
39 68
39 69
39 71
39 72
39 74
39 83
39 86
39 89
39 94
39 95
39 96
39 100
39 105
39 109
39 110
39 112
39 114
39 115
39 117
39 118
39 126
39 129
39 131
39 133
39 134
39 135
39 137
39 138
39 139
39 142
39 143
39 144
39 145
39 146
39 147
39 149
39 151
39 154
39 155
39 157
39 158
40 41
40 42
40 43
40 44
40 45
40 46
40 48
40 49
40 51
40 53
40 54
40 55
40 56
40 59
40 61
40 62
40 64
40 65
40 66
40 67
40 68
40 69
40 70
40 71
40 72
40 73
40 74
40 75
40 76
40 77
40 79
40 80
40 82
40 83
40 84
40 86
40 87
40 88
40 89
40 90
40 91
40 92
40 93
40 94
40 95
40 97
40 98
40 99
40 100
40 101
40 102
40 103
40 104
40 105
40 106
40 107
40 108
40 109
40 110
40 111
40 112
40 113
40 114
40 115
40 116
40 118
40 120
40 122
40 125
40 126
40 128
40 129
40 130
40 131
40 132
40 134
40 136
40 137
40 138
40 139
40 140
40 141
40 142
40 143
40 144
40 145
40 146
40 147
40 148
40 149
40 150
40 151
40 152
40 153
40 154
40 157
40 158
40 160
40 161
41 42
41 45
41 46
41 53
41 54
41 62
41 64
41 65
41 66
41 67
41 68
41 69
41 70
41 74
41 79
41 81
41 82
41 84
41 93
41 94
41 100
41 103
41 107
41 108
41 113
41 114
41 125
41 126
41 129
41 131
41 134
41 138
41 142
41 143
41 146
41 147
41 150
41 151
41 152
41 154
41 161
42 43
42 45
42 49
42 52
42 55
42 56
42 59
42 65
42 67
42 69
42 70
42 73
42 75
42 79
42 84
42 88
42 89
42 93
42 98
42 101
42 102
42 106
42 112
42 113
42 114
42 115
42 116
42 125
42 127
42 128
42 129
42 131
42 133
42 134
42 137
42 139
42 142
42 146
42 147
42 151
42 152
42 153
42 154
42 155
42 157
42 161
43 44
43 45
43 46
43 47
43 48
43 49
43 51
43 52
43 56
43 58
43 59
43 64
43 65
43 67
43 68
43 69
43 72
43 74
43 75
43 76
43 79
43 81
43 82
43 83
43 84
43 89
43 91
43 92
43 93
43 94
43 100
43 101
43 102
43 103
43 104
43 105
43 106
43 107
43 108
43 109
43 110
43 111
43 112
43 113
43 114
43 116
43 117
43 118
43 119
43 125
43 129
43 130
43 133
43 134
43 137
43 138
43 139
43 142
43 143
43 145
43 147
43 148
43 150
43 153
43 154
43 157
43 158
43 160
43 161
44 45
44 46
44 47
44 48
44 52
44 54
44 55
44 56
44 57
44 58
44 61
44 62
44 64
44 66
44 67
44 68
44 69
44 70
44 71
44 72
44 73
44 75
44 76
44 77
44 79
44 80
44 81
44 82
44 84
44 85
44 87
44 88
44 89
44 92
44 93
44 94
44 95
44 97
44 98
44 101
44 105
44 106
44 107
44 108
44 109
44 112
44 113
44 114
44 117
44 118
44 123
44 125
44 126
44 127
44 128
44 129
44 130
44 131
44 133
44 137
44 138
44 140
44 141
44 143
44 144
44 146
44 150
44 151
44 152
44 153
44 155
44 158
44 159
44 160
44 161
45 46
45 48
45 49
45 52
45 54
45 55
45 56
45 57
45 58
45 59
45 61
45 63
45 64
45 65
45 66
45 67
45 68
45 69
45 70
45 71
45 72
45 73
45 74
45 77
45 78
45 79
45 80
45 81
45 83
45 84
45 85
45 86
45 87
45 88
45 89
45 91
45 92
45 93
45 94
45 96
45 97
45 98
45 99
45 100
45 101
45 102
45 103
45 104
45 106
45 107
45 108
45 109
45 111
45 112
45 113
45 114
45 116
45 117
45 118
45 120
45 122
45 126
45 128
45 130
45 131
45 133
45 135
45 136
45 137
45 138
45 139
45 141
45 142
45 143
45 145
45 146
45 147
45 149
45 150
45 151
45 152
45 153
45 154
45 161
46 49
46 58
46 59
46 61
46 63
46 64
46 65
46 66
46 67
46 68
46 69
46 71
46 73
46 74
46 76
46 77
46 79
46 80
46 81
46 82
46 83
46 85
46 86
46 89
46 91
46 94
46 97
46 101
46 102
46 103
46 106
46 107
46 108
46 109
46 112
46 113
46 114
46 117
46 118
46 122
46 123
46 125
46 126
46 127
46 129
46 131
46 133
46 134
46 136
46 138
46 139
46 142
46 147
46 149
46 150
46 151
46 152
46 155
46 157
46 159
46 161
47 49
47 50
47 53
47 54
47 56
47 64
47 68
47 69
47 70
47 71
47 79
47 89
47 90
47 101
47 106
47 107
47 108
47 113
47 114
47 119
47 129
47 133
47 137
47 142
47 147
47 160
48 49
48 50
48 51
48 57
48 59
48 63
48 65
48 67
48 68
48 69
48 72
48 74
48 84
48 87
48 89
48 92
48 93
48 99
48 101
48 103
48 111
48 112
48 113
48 114
48 117
48 128
48 129
48 131
48 133
48 134
48 137
48 142
48 145
48 147
48 152
48 157
48 160
49 50
49 51
49 52
49 54
49 55
49 56
49 58
49 61
49 62
49 63
49 64
49 65
49 66
49 67
49 68
49 69
49 70
49 71
49 72
49 73
49 74
49 75
49 77
49 79
49 80
49 81
49 85
49 86
49 88
49 89
49 92
49 93
49 94
49 95
49 97
49 98
49 99
49 100
49 101
49 102
49 104
49 105
49 106
49 107
49 108
49 109
49 113
49 114
49 115
49 117
49 118
49 121
49 124
49 125
49 126
49 127
49 128
49 129
49 130
49 131
49 132
49 134
49 135
49 136
49 137
49 138
49 139
49 140
49 141
49 142
49 143
49 145
49 148
49 149
49 150
49 151
49 152
49 153
49 154
49 155
49 157
49 158
49 161
50 51
50 56
50 62
50 63
50 64
50 65
50 67
50 68
50 69
50 70
50 71
50 72
50 74
50 75
50 77
50 83
50 84
50 87
50 88
50 89
50 93
50 94
50 95
50 98
50 99
50 105
50 106
50 109
50 111
50 113
50 114
50 115
50 118
50 126
50 130
50 131
50 133
50 134
50 135
50 137
50 138
50 139
50 140
50 141
50 146
50 147
50 148
50 154
50 158
50 160
50 161
51 53
51 56
51 57
51 58
51 59
51 60
51 62
51 63
51 64
51 65
51 66
51 67
51 69
51 70
51 71
51 72
51 73
51 74
51 75
51 77
51 79
51 80
51 81
51 83
51 84
51 85
51 86
51 87
51 88
51 89
51 91
51 94
51 95
51 97
51 98
51 99
51 100
51 101
51 102
51 103
51 104
51 105
51 106
51 107
51 108
51 110
51 112
51 113
51 114
51 115
51 116
51 117
51 118
51 119
51 120
51 121
51 122
51 125
51 126
51 127
51 128
51 129
51 130
51 131
51 132
51 133
51 134
51 135
51 136
51 137
51 138
51 139
51 142
51 145
51 146
51 147
51 148
51 149
51 150
51 151
51 152
51 153
51 154
51 155
51 156
51 157
51 158
52 53
52 56
52 58
52 61
52 62
52 67
52 68
52 70
52 71
52 72
52 73
52 74
52 79
52 80
52 83
52 84
52 86
52 89
52 91
52 92
52 94
52 96
52 97
52 98
52 100
52 101
52 106
52 109
52 110
52 111
52 112
52 113
52 114
52 115
52 117
52 118
52 125
52 128
52 133
52 134
52 135
52 137
52 138
52 139
52 141
52 143
52 145
52 146
52 147
52 148
52 150
52 151
52 152
52 154
52 157
53 55
53 59
53 62
53 64
53 66
53 67
53 68
53 69
53 71
53 74
53 75
53 77
53 78
53 91
53 92
53 94
53 97
53 99
53 101
53 102
53 106
53 108
53 109
53 112
53 113
53 115
53 116
53 117
53 118
53 123
53 125
53 126
53 127
53 129
53 132
53 133
53 137
53 138
53 139
53 147
53 148
53 150
53 151
53 152
53 154
53 157
53 158
53 160
53 161
54 55
54 56
54 57
54 59
54 60
54 61
54 64
54 65
54 67
54 68
54 69
54 70
54 72
54 73
54 74
54 75
54 76
54 77
54 80
54 81
54 82
54 83
54 84
54 86
54 87
54 89
54 93
54 94
54 95
54 97
54 98
54 100
54 101
54 102
54 103
54 104
54 105
54 106
54 107
54 108
54 109
54 111
54 113
54 114
54 115
54 117
54 118
54 120
54 121
54 125
54 126
54 127
54 129
54 130
54 132
54 134
54 135
54 137
54 138
54 139
54 140
54 141
54 142
54 143
54 144
54 147
54 148
54 150
54 151
54 152
54 153
54 154
54 157
54 158
54 159
54 160
54 161
55 56
55 58
55 59
55 61
55 62
55 63
55 66
55 68
55 69
55 70
55 71
55 72
55 74
55 76
55 77
55 79
55 81
55 84
55 88
55 89
55 92
55 93
55 94
55 98
55 99
55 101
55 102
55 105
55 106
55 107
55 108
55 109
55 112
55 113
55 114
55 115
55 118
55 119
55 124
55 126
55 128
55 129
55 130
55 131
55 133
55 134
55 135
55 136
55 137
55 138
55 139
55 142
55 145
55 147
55 149
55 150
55 151
55 154
55 160
56 57
56 58
56 59
56 60
56 63
56 64
56 65
56 66
56 67
56 68
56 70
56 72
56 73
56 74
56 75
56 76
56 79
56 82
56 84
56 85
56 86
56 88
56 89
56 91
56 93
56 94
56 95
56 98
56 99
56 100
56 101
56 102
56 103
56 104
56 105
56 106
56 107
56 108
56 110
56 111
56 112
56 113
56 114
56 115
56 116
56 117
56 118
56 119
56 122
56 125
56 127
56 129
56 130
56 131
56 132
56 133
56 136
56 138
56 139
56 140
56 141
56 142
56 143
56 144
56 146
56 147
56 148
56 150
56 151
56 152
56 153
56 154
56 155
56 156
56 157
56 158
56 159
56 160
56 161
57 59
57 63
57 64
57 68
57 70
57 71
57 72
57 75
57 79
57 83
57 84
57 91
57 92
57 94
57 97
57 99
57 104
57 105
57 106
57 108
57 112
57 114
57 117
57 118
57 125
57 127
57 131
57 133
57 134
57 135
57 137
57 139
57 141
57 143
57 145
57 147
57 150
57 152
57 153
57 154
57 158
58 61
58 63
58 64
58 65
58 66
58 67
58 68
58 70
58 72
58 73
58 74
58 75
58 81
58 82
58 83
58 85
58 86
58 88
58 89
58 92
58 93
58 94
58 95
58 97
58 98
58 99
58 100
58 101
58 102
58 103
58 105
58 106
58 107
58 108
58 109
58 110
58 113
58 114
58 115
58 117
58 118
58 122
58 125
58 126
58 129
58 130
58 131
58 133
58 134
58 136
58 137
58 138
58 142
58 145
58 147
58 149
58 150
58 152
58 153
58 157
58 158
58 159
58 160
59 61
59 62
59 63
59 64
59 65
59 67
59 68
59 69
59 70
59 71
59 72
59 73
59 75
59 79
59 80
59 88
59 89
59 94
59 95
59 96
59 97
59 99
59 100
59 101
59 102
59 103
59 106
59 108
59 109
59 112
59 113
59 115
59 117
59 120
59 124
59 127
59 129
59 131
59 133
59 136
59 137
59 138
59 144
59 149
59 151
59 152
59 157
59 160
59 161
60 64
60 65
60 69
60 75
60 94
60 99
60 101
60 106
60 117
60 118
60 126
60 131
60 133
60 135
60 138
60 150
60 152
60 154
60 155
60 157
60 158
60 159
60 160
60 161
61 62
61 64
61 65
61 67
61 68
61 69
61 70
61 71
61 73
61 74
61 77
61 85
61 89
61 95
61 97
61 98
61 102
61 104
61 105
61 108
61 109
61 111
61 112
61 114
61 115
61 117
61 118
61 125
61 126
61 127
61 129
61 133
61 134
61 136
61 137
61 138
61 139
61 141
61 142
61 146
61 148
61 150
61 151
61 152
61 154
61 158
62 64
62 66
62 67
62 68
62 69
62 70
62 72
62 73
62 77
62 84
62 87
62 88
62 89
62 91
62 92
62 94
62 95
62 97
62 99
62 100
62 101
62 102
62 103
62 106
62 107
62 108
62 110
62 112
62 115
62 116
62 117
62 118
62 119
62 123
62 129
62 130
62 133
62 134
62 135
62 136
62 137
62 138
62 139
62 141
62 142
62 143
62 145
62 146
62 149
62 150
62 152
62 157
62 158
62 159
62 160
62 161
63 65
63 66
63 67
63 68
63 70
63 71
63 72
63 73
63 74
63 75
63 77
63 78
63 80
63 83
63 84
63 86
63 88
63 89
63 90
63 92
63 93
63 94
63 96
63 97
63 100
63 102
63 103
63 106
63 107
63 109
63 112
63 113
63 114
63 115
63 117
63 118
63 119
63 124
63 126
63 128
63 129
63 130
63 131
63 132
63 133
63 135
63 136
63 137
63 138
63 139
63 142
63 143
63 146
63 147
63 148
63 149
63 150
63 151
63 152
63 153
63 154
63 159
63 160
63 161
64 65
64 67
64 68
64 69
64 70
64 71
64 72
64 73
64 74
64 75
64 76
64 77
64 78
64 79
64 80
64 82
64 83
64 85
64 86
64 87
64 88
64 89
64 92
64 93
64 94
64 95
64 97
64 100
64 101
64 102
64 103
64 105
64 106
64 107
64 109
64 110
64 111
64 112
64 113
64 114
64 115
64 117
64 118
64 120
64 121
64 123
64 125
64 127
64 128
64 130
64 131
64 132
64 134
64 135
64 137
64 138
64 141
64 142
64 144
64 145
64 146
64 147
64 148
64 149
64 150
64 151
64 154
64 155
64 158
64 160
64 161
65 66
65 67
65 68
65 69
65 70
65 71
65 72
65 74
65 75
65 76
65 77
65 79
65 80
65 81
65 82
65 84
65 88
65 89
65 90
65 92
65 93
65 94
65 95
65 98
65 99
65 101
65 102
65 103
65 105
65 106
65 107
65 108
65 110
65 111
65 112
65 113
65 114
65 115
65 117
65 118
65 119
65 121
65 122
65 126
65 128
65 129
65 130
65 131
65 132
65 133
65 134
65 137
65 138
65 139
65 140
65 141
65 142
65 145
65 146
65 147
65 151
65 152
65 154
65 155
65 156
65 157
65 158
65 160
65 161
66 69
66 70
66 71
66 72
66 73
66 74
66 75
66 77
66 80
66 82
66 84
66 87
66 88
66 89
66 90
66 93
66 95
66 96
66 97
66 100
66 101
66 102
66 104
66 105
66 107
66 108
66 109
66 110
66 112
66 114
66 115
66 116
66 117
66 118
66 126
66 127
66 129
66 132
66 133
66 134
66 135
66 136
66 137
66 138
66 139
66 140
66 146
66 147
66 149
66 150
66 151
66 152
66 153
66 154
66 157
66 158
66 159
66 161
67 68
67 70
67 71
67 72
67 74
67 75
67 76
67 77
67 78
67 80
67 83
67 84
67 86
67 87
67 88
67 89
67 91
67 93
67 96
67 97
67 100
67 101
67 102
67 103
67 104
67 106
67 107
67 108
67 109
67 111
67 112
67 113
67 114
67 115
67 116
67 117
67 118
67 121
67 122
67 125
67 126
67 127
67 129
67 130
67 131
67 132
67 133
67 134
67 135
67 136
67 137
67 138
67 140
67 141
67 142
67 147
67 149
67 150
67 151
67 152
67 153
67 154
67 155
67 157
67 158
67 159
67 160
67 161
68 69
68 70
68 71
68 72
68 73
68 74
68 76
68 77
68 79
68 80
68 81
68 82
68 83
68 84
68 85
68 86
68 87
68 88
68 89
68 91
68 93
68 94
68 95
68 96
68 97
68 98
68 100
68 101
68 102
68 103
68 105
68 107
68 108
68 109
68 110
68 111
68 113
68 114
68 115
68 116
68 117
68 118
68 120
68 121
68 124
68 125
68 126
68 127
68 128
68 129
68 130
68 131
68 132
68 133
68 134
68 135
68 136
68 137
68 138
68 139
68 140
68 141
68 142
68 143
68 144
68 147
68 148
68 149
68 151
68 152
68 153
68 154
68 155
68 156
68 158
68 161
69 70
69 71
69 72
69 73
69 74
69 75
69 76
69 77
69 78
69 79
69 82
69 83
69 84
69 85
69 86
69 89
69 93
69 94
69 97
69 98
69 100
69 101
69 108
69 110
69 111
69 112
69 113
69 114
69 115
69 117
69 118
69 119
69 121
69 124
69 125
69 127
69 128
69 129
69 130
69 131
69 133
69 134
69 135
69 137
69 139
69 140
69 141
69 142
69 145
69 146
69 147
69 149
69 150
69 151
69 152
69 153
69 154
69 155
69 158
69 160
69 161
70 71
70 72
70 73
70 74
70 75
70 77
70 79
70 80
70 82
70 84
70 85
70 86
70 87
70 88
70 89
70 90
70 94
70 96
70 97
70 99
70 100
70 101
70 102
70 105
70 106
70 107
70 108
70 109
70 110
70 111
70 113
70 114
70 116
70 117
70 118
70 119
70 124
70 126
70 127
70 128
70 129
70 130
70 131
70 133
70 134
70 135
70 136
70 137
70 138
70 139
70 140
70 141
70 142
70 145
70 146
70 147
70 148
70 149
70 150
70 151
70 152
70 153
70 154
70 155
70 157
70 158
70 159
70 160
71 72
71 74
71 75
71 77
71 79
71 82
71 83
71 84
71 85
71 87
71 88
71 89
71 90
71 91
71 92
71 93
71 95
71 97
71 98
71 99
71 101
71 102
71 105
71 106
71 107
71 109
71 112
71 113
71 114
71 115
71 117
71 118
71 125
71 126
71 127
71 128
71 129
71 130
71 131
71 132
71 133
71 134
71 135
71 137
71 141
71 142
71 147
71 148
71 149
71 150
71 151
71 153
71 154
71 155
71 157
71 159
72 74
72 75
72 79
72 80
72 81
72 82
72 83
72 84
72 86
72 87
72 88
72 89
72 90
72 91
72 92
72 94
72 95
72 97
72 98
72 100
72 101
72 102
72 105
72 106
72 107
72 108
72 109
72 111
72 112
72 113
72 114
72 115
72 116
72 117
72 118
72 120
72 121
72 124
72 125
72 126
72 127
72 129
72 130
72 131
72 133
72 134
72 136
72 137
72 138
72 139
72 140
72 141
72 142
72 144
72 145
72 146
72 149
72 150
72 151
72 152
72 153
72 154
72 155
72 157
72 158
72 160
72 161
73 74
73 77
73 79
73 82
73 85
73 86
73 87
73 88
73 89
73 90
73 92
73 94
73 95
73 97
73 98
73 100
73 101
73 102
73 105
73 108
73 109
73 111
73 112
73 115
73 116
73 118
73 119
73 123
73 124
73 125
73 126
73 127
73 129
73 130
73 134
73 136
73 138
73 139
73 141
73 142
73 143
73 145
73 146
73 147
73 148
73 149
73 151
73 152
73 154
73 155
73 157
73 158
73 160
73 161
74 75
74 76
74 77
74 79
74 81
74 83
74 85
74 86
74 87
74 88
74 89
74 91
74 92
74 93
74 94
74 96
74 97
74 98
74 99
74 101
74 102
74 105
74 106
74 108
74 109
74 111
74 112
74 113
74 114
74 115
74 117
74 118
74 121
74 122
74 123
74 124
74 125
74 126
74 127
74 128
74 129
74 131
74 133
74 134
74 135
74 137
74 138
74 139
74 140
74 141
74 142
74 143
74 145
74 146
74 149
74 150
74 151
74 152
74 153
74 154
74 155
74 156
74 158
74 159
74 160
74 161
75 77
75 79
75 80
75 81
75 83
75 86
75 88
75 89
75 90
75 92
75 94
75 97
75 98
75 99
75 100
75 101
75 102
75 103
75 105
75 108
75 111
75 112
75 114
75 116
75 117
75 118
75 125
75 126
75 127
75 129
75 130
75 131
75 133
75 135
75 136
75 138
75 139
75 142
75 143
75 146
75 147
75 148
75 150
75 151
75 152
75 153
75 157
75 158
75 159
75 160
75 161
76 77
76 79
76 82
76 83
76 86
76 87
76 88
76 89
76 92
76 94
76 97
76 101
76 102
76 105
76 106
76 108
76 109
76 112
76 113
76 114
76 117
76 125
76 126
76 127
76 128
76 130
76 133
76 134
76 137
76 138
76 141
76 142
76 143
76 145
76 146
76 149
76 150
76 151
76 153
76 154
76 158
76 160
76 161
77 79
77 80
77 81
77 83
77 85
77 86
77 89
77 92
77 94
77 95
77 97
77 102
77 103
77 104
77 105
77 106
77 108
77 109
77 111
77 112
77 114
77 115
77 117
77 118
77 125
77 126
77 127
77 128
77 129
77 130
77 131
77 133
77 134
77 135
77 136
77 137
77 143
77 145
77 146
77 148
77 149
77 150
77 151
77 153
77 154
77 155
77 158
77 160
78 84
78 110
78 113
78 114
78 115
78 117
78 128
78 129
78 135
78 137
78 138
78 151
78 152
78 160
79 80
79 81
79 82
79 83
79 84
79 85
79 86
79 87
79 88
79 89
79 92
79 93
79 94
79 95
79 96
79 98
79 99
79 100
79 101
79 102
79 103
79 105
79 106
79 107
79 108
79 109
79 111
79 112
79 113
79 114
79 115
79 116
79 117
79 118
79 119
79 120
79 122
79 124
79 125
79 127
79 128
79 129
79 130
79 131
79 132
79 133
79 134
79 135
79 136
79 137
79 138
79 139
79 140
79 141
79 142
79 143
79 144
79 145
79 146
79 147
79 148
79 149
79 150
79 151
79 152
79 154
79 155
79 157
79 158
79 159
80 82
80 83
80 84
80 89
80 93
80 95
80 96
80 97
80 99
80 101
80 102
80 103
80 105
80 106
80 107
80 108
80 109
80 111
80 113
80 114
80 115
80 117
80 118
80 120
80 126
80 128
80 129
80 130
80 131
80 134
80 135
80 136
80 140
80 141
80 144
80 147
80 149
80 154
80 156
80 157
80 158
80 159
80 161
81 89
81 97
81 99
81 101
81 104
81 106
81 108
81 114
81 118
81 126
81 128
81 129
81 130
81 131
81 133
81 134
81 137
81 139
81 141
81 145
81 146
81 147
81 152
81 154
81 158
81 160
81 161
82 84
82 86
82 92
82 94
82 95
82 97
82 98
82 102
82 104
82 107
82 109
82 111
82 113
82 115
82 119
82 128
82 130
82 131
82 135
82 138
82 139
82 141
82 142
82 143
82 147
82 149
82 155
82 157
82 161
83 84
83 85
83 87
83 89
83 93
83 98
83 101
83 105
83 106
83 108
83 109
83 110
83 112
83 114
83 115
83 118
83 126
83 127
83 128
83 129
83 130
83 131
83 133
83 134
83 137
83 138
83 139
83 145
83 149
83 150
83 152
83 153
83 154
83 157
83 160
84 85
84 87
84 89
84 91
84 92
84 93
84 94
84 96
84 97
84 98
84 100
84 101
84 102
84 104
84 105
84 106
84 107
84 109
84 111
84 112
84 113
84 114
84 115
84 116
84 117
84 118
84 121
84 123
84 127
84 129
84 130
84 131
84 133
84 134
84 135
84 137
84 138
84 139
84 142
84 145
84 147
84 148
84 149
84 150
84 151
84 152
84 153
84 154
84 157
84 158
84 159
84 160
85 88
85 93
85 94
85 99
85 101
85 105
85 106
85 107
85 108
85 109
85 117
85 121
85 126
85 127
85 134
85 138
85 139
85 141
85 142
85 146
85 148
85 150
85 153
85 158
85 160
86 89
86 91
86 93
86 94
86 96
86 97
86 99
86 100
86 101
86 102
86 104
86 106
86 107
86 108
86 109
86 111
86 112
86 113
86 114
86 117
86 128
86 130
86 132
86 133
86 134
86 138
86 139
86 140
86 143
86 146
86 150
86 152
86 153
86 154
86 157
86 160
86 161
87 88
87 89
87 90
87 93
87 95
87 97
87 99
87 100
87 101
87 102
87 104
87 105
87 108
87 112
87 113
87 114
87 115
87 116
87 117
87 118
87 119
87 125
87 128
87 129
87 130
87 131
87 133
87 137
87 139
87 141
87 142
87 146
87 147
87 148
87 149
87 150
87 151
87 152
87 153
87 154
87 160
87 161
88 89
88 91
88 92
88 97
88 100
88 102
88 105
88 108
88 109
88 110
88 111
88 112
88 114
88 115
88 116
88 117
88 118
88 119
88 125
88 128
88 129
88 131
88 134
88 137
88 139
88 142
88 143
88 145
88 146
88 147
88 150
88 151
88 152
88 154
88 155
88 157
88 159
88 161
89 91
89 92
89 93
89 96
89 98
89 99
89 100
89 101
89 102
89 103
89 104
89 105
89 106
89 108
89 109
89 110
89 111
89 112
89 113
89 115
89 116
89 117
89 118
89 119
89 122
89 125
89 126
89 129
89 130
89 133
89 134
89 135
89 136
89 137
89 138
89 139
89 140
89 141
89 142
89 143
89 145
89 146
89 147
89 149
89 150
89 151
89 153
89 154
89 155
89 156
89 157
89 158
89 159
89 160
89 161
90 94
90 97
90 98
90 103
90 107
90 108
90 113
90 115
90 117
90 119
90 125
90 133
90 134
90 137
90 140
90 142
90 143
90 146
90 147
90 151
90 152
90 154
90 157
90 158
90 159
90 161
91 92
91 96
91 97
91 98
91 99
91 101
91 102
91 105
91 106
91 109
91 110
91 112
91 113
91 117
91 118
91 119
91 125
91 127
91 129
91 130
91 137
91 138
91 139
91 142
91 146
91 148
91 150
91 151
91 152
91 153
91 157
91 159
91 160
91 161
92 93
92 94
92 96
92 101
92 102
92 103
92 106
92 108
92 109
92 111
92 113
92 114
92 116
92 118
92 119
92 120
92 121
92 123
92 127
92 128
92 129
92 131
92 133
92 135
92 136
92 137
92 138
92 139
92 145
92 147
92 148
92 150
92 153
92 154
92 157
92 158
92 159
93 94
93 95
93 97
93 99
93 101
93 103
93 104
93 105
93 106
93 108
93 110
93 112
93 113
93 114
93 115
93 116
93 118
93 119
93 124
93 127
93 128
93 129
93 130
93 131
93 133
93 134
93 136
93 137
93 138
93 139
93 141
93 142
93 143
93 146
93 147
93 150
93 152
93 153
93 156
93 157
93 158
93 159
93 160
93 161
94 95
94 98
94 99
94 100
94 101
94 102
94 103
94 105
94 106
94 107
94 108
94 109
94 110
94 113
94 114
94 115
94 116
94 117
94 118
94 119
94 121
94 125
94 126
94 128
94 129
94 131
94 133
94 134
94 135
94 136
94 137
94 139
94 140
94 141
94 142
94 143
94 145
94 146
94 147
94 148
94 150
94 151
94 152
94 154
94 157
94 158
94 160
94 161
95 97
95 101
95 102
95 103
95 107
95 108
95 111
95 112
95 117
95 118
95 121
95 131
95 132
95 134
95 137
95 138
95 139
95 141
95 147
95 148
95 149
95 151
95 152
95 156
95 157
95 159
95 160
96 101
96 107
96 108
96 115
96 120
96 125
96 130
96 133
96 135
96 137
96 142
96 143
96 151
96 154
96 155
96 157
96 158
96 160
96 161
97 98
97 99
97 101
97 102
97 103
97 104
97 106
97 107
97 108
97 109
97 112
97 114
97 115
97 116
97 117
97 118
97 125
97 130
97 133
97 134
97 135
97 136
97 137
97 138
97 139
97 140
97 141
97 142
97 145
97 146
97 147
97 148
97 149
97 150
97 152
97 153
97 154
97 158
97 159
98 101
98 102
98 106
98 107
98 108
98 109
98 112
98 114
98 115
98 118
98 119
98 123
98 126
98 127
98 129
98 130
98 131
98 133
98 135
98 144
98 145
98 146
98 147
98 149
98 151
98 158
98 159
98 160
99 100
99 102
99 104
99 106
99 107
99 108
99 109
99 112
99 114
99 115
99 117
99 118
99 120
99 125
99 126
99 127
99 128
99 129
99 130
99 131
99 133
99 134
99 136
99 138
99 139
99 140
99 142
99 143
99 147
99 150
99 152
99 157
99 159
99 160
100 102
100 105
100 106
100 107
100 108
100 109
100 113
100 114
100 115
100 117
100 118
100 126
100 128
100 129
100 130
100 131
100 133
100 134
100 137
100 138
100 142
100 149
100 151
100 152
100 154
100 155
100 157
100 158
100 160
100 161
101 102
101 103
101 104
101 105
101 106
101 108
101 110
101 111
101 112
101 113
101 114
101 115
101 116
101 117
101 118
101 119
101 123
101 126
101 127
101 128
101 129
101 130
101 131
101 132
101 134
101 135
101 136
101 137
101 138
101 139
101 141
101 142
101 143
101 144
101 145
101 146
101 147
101 149
101 151
101 152
101 153
101 154
101 155
101 157
101 159
101 160
101 161
102 103
102 105
102 106
102 107
102 108
102 109
102 111
102 112
102 113
102 114
102 115
102 116
102 117
102 118
102 119
102 120
102 125
102 126
102 127
102 128
102 129
102 130
102 131
102 133
102 134
102 135
102 136
102 137
102 138
102 139
102 141
102 142
102 144
102 145
102 146
102 147
102 149
102 150
102 151
102 153
102 154
102 156
102 161
103 104
103 105
103 106
103 109
103 111
103 112
103 113
103 115
103 116
103 117
103 118
103 125
103 129
103 131
103 137
103 138
103 139
103 142
103 143
103 147
103 148
103 149
103 151
103 152
103 154
103 160
104 107
104 109
104 113
104 114
104 118
104 125
104 131
104 134
104 135
104 136
104 137
104 139
104 140
104 147
104 149
104 151
104 152
104 153
104 154
104 156
104 160
104 161
105 108
105 112
105 113
105 114
105 117
105 118
105 122
105 125
105 126
105 128
105 129
105 131
105 132
105 133
105 134
105 135
105 136
105 137
105 138
105 142
105 149
105 150
105 152
105 154
105 155
105 157
105 158
105 159
105 160
105 161
106 107
106 108
106 109
106 110
106 112
106 113
106 114
106 115
106 116
106 117
106 118
106 124
106 125
106 126
106 127
106 128
106 129
106 130
106 131
106 132
106 133
106 134
106 135
106 136
106 137
106 138
106 139
106 140
106 142
106 143
106 145
106 146
106 147
106 149
106 150
106 151
106 152
106 153
106 154
106 157
106 158
106 159
106 160
106 161
107 108
107 109
107 110
107 113
107 118
107 124
107 125
107 130
107 131
107 133
107 134
107 136
107 137
107 139
107 142
107 143
107 146
107 147
107 150
107 151
107 152
107 153
107 154
107 155
107 156
107 157
107 159
107 160
107 161
108 109
108 110
108 111
108 112
108 113
108 114
108 116
108 117
108 118
108 119
108 120
108 125
108 128
108 129
108 131
108 133
108 134
108 135
108 136
108 137
108 138
108 139
108 140
108 141
108 142
108 143
108 146
108 147
108 149
108 150
108 152
108 154
108 155
108 158
108 160
108 161
109 110
109 111
109 112
109 114
109 115
109 116
109 117
109 118
109 126
109 127
109 128
109 129
109 130
109 132
109 134
109 136
109 137
109 138
109 141
109 142
109 143
109 144
109 145
109 146
109 147
109 152
109 153
109 154
109 157
109 158
109 159
109 160
110 112
110 114
110 118
110 126
110 130
110 131
110 133
110 137
110 138
110 141
110 145
110 149
110 153
110 156
110 158
110 159
110 160
110 161
111 113
111 114
111 115
111 116
111 117
111 118
111 134
111 137
111 138
111 139
111 141
111 142
111 143
111 146
111 149
111 150
111 151
111 154
111 155
111 156
111 157
111 158
112 114
112 115
112 116
112 117
112 118
112 121
112 122
112 127
112 129
112 131
112 133
112 134
112 136
112 137
112 138
112 139
112 140
112 141
112 142
112 143
112 145
112 147
112 148
112 149
112 150
112 151
112 152
112 153
112 154
112 157
112 158
112 159
112 160
112 161
113 114
113 115
113 116
113 117
113 118
113 120
113 121
113 124
113 125
113 127
113 129
113 130
113 131
113 133
113 134
113 135
113 136
113 137
113 138
113 139
113 140
113 142
113 143
113 144
113 146
113 147
113 148
113 149
113 150
113 152
113 154
113 156
113 158
113 161
114 117
114 118
114 119
114 122
114 123
114 126
114 127
114 129
114 130
114 131
114 133
114 134
114 135
114 136
114 137
114 138
114 142
114 143
114 144
114 146
114 147
114 149
114 150
114 152
114 153
114 154
114 157
114 158
114 159
114 160
114 161
115 116
115 117
115 118
115 122
115 124
115 125
115 126
115 127
115 128
115 129
115 130
115 131
115 132
115 133
115 134
115 135
115 137
115 138
115 139
115 140
115 141
115 142
115 143
115 145
115 146
115 147
115 148
115 149
115 150
115 151
115 152
115 153
115 154
115 156
115 158
115 159
115 160
115 161
116 117
116 118
116 126
116 127
116 128
116 129
116 131
116 135
116 137
116 141
116 142
116 146
116 147
116 153
116 155
116 158
117 118
117 119
117 120
117 123
117 125
117 126
117 127
117 128
117 129
117 131
117 133
117 134
117 135
117 136
117 137
117 138
117 139
117 140
117 141
117 142
117 143
117 145
117 146
117 147
117 148
117 150
117 151
117 152
117 153
117 154
117 155
117 157
117 158
117 159
117 160
117 161
118 125
118 127
118 129
118 130
118 131
118 133
118 134
118 135
118 136
118 138
118 139
118 140
118 141
118 145
118 146
118 147
118 148
118 149
118 150
118 151
118 152
118 153
118 154
118 155
118 156
118 157
118 159
118 160
119 120
119 129
119 133
119 135
119 137
119 138
119 143
119 147
119 149
120 134
120 147
120 154
120 158
121 125
121 131
121 140
121 142
121 150
121 154
121 155
122 129
122 133
122 134
122 154
123 131
123 133
123 134
123 138
123 141
123 142
123 154
124 125
124 126
124 131
124 136
124 138
124 143
124 146
124 151
124 152
124 156
124 158
125 126
125 127
125 129
125 130
125 131
125 132
125 133
125 134
125 136
125 137
125 138
125 139
125 143
125 146
125 147
125 148
125 150
125 151
125 152
125 153
125 154
125 158
125 159
125 161
126 129
126 130
126 132
126 133
126 134
126 138
126 141
126 142
126 145
126 146
126 148
126 150
126 152
126 154
126 155
126 158
126 160
127 130
127 131
127 133
127 134
127 135
127 136
127 137
127 138
127 141
127 142
127 145
127 147
127 148
127 149
127 150
127 151
127 152
127 153
127 154
127 158
127 160
128 137
128 139
128 141
128 146
128 147
128 150
128 151
128 152
128 160
129 130
129 131
129 132
129 133
129 134
129 136
129 137
129 138
129 139
129 141
129 142
129 143
129 145
129 146
129 147
129 148
129 149
129 150
129 152
129 153
129 154
129 155
129 156
129 157
129 158
129 159
129 161
130 131
130 132
130 134
130 137
130 138
130 139
130 141
130 142
130 145
130 146
130 150
130 152
130 154
130 156
130 159
131 133
131 134
131 135
131 136
131 137
131 138
131 139
131 140
131 144
131 145
131 146
131 147
131 150
131 151
131 152
131 153
131 154
131 155
131 156
131 157
131 158
131 159
131 161
132 134
132 136
132 142
132 146
133 134
133 135
133 136
133 137
133 138
133 139
133 140
133 141
133 142
133 145
133 147
133 148
133 149
133 150
133 151
133 152
133 153
133 154
133 155
133 158
133 159
133 161
134 135
134 137
134 138
134 141
134 142
134 145
134 146
134 147
134 148
134 150
134 151
134 152
134 153
134 154
134 155
134 156
134 157
134 158
134 159
134 161
135 137
135 138
135 140
135 142
135 146
135 147
135 150
135 151
135 152
135 153
135 157
135 158
136 138
136 139
136 141
136 142
136 145
136 146
136 148
136 150
136 154
136 158
136 160
137 138
137 139
137 140
137 141
137 142
137 143
137 145
137 146
137 147
137 148
137 149
137 150
137 151
137 152
137 153
137 154
137 155
137 157
137 158
137 159
137 160
137 161
138 140
138 141
138 142
138 143
138 145
138 146
138 147
138 148
138 150
138 151
138 152
138 153
138 154
138 155
138 157
138 158
138 160
138 161
139 140
139 142
139 143
139 145
139 146
139 147
139 148
139 149
139 150
139 156
139 159
139 161
140 141
140 146
140 147
140 150
140 151
140 152
140 154
140 157
140 161
141 142
141 145
141 146
141 147
141 150
141 152
141 153
141 154
141 157
141 161
142 144
142 145
142 147
142 149
142 150
142 151
142 152
142 153
142 154
142 155
142 157
142 158
142 160
142 161
143 146
143 147
143 149
143 150
143 151
143 152
143 154
143 155
143 158
143 159
143 160
144 157
144 158
145 146
145 147
145 151
145 153
145 154
145 159
145 161
146 147
146 149
146 150
146 151
146 153
146 154
146 155
146 156
146 159
147 149
147 150
147 151
147 152
147 153
147 154
147 155
147 156
147 158
147 159
147 160
148 151
148 152
148 154
148 159
148 160
149 150
149 151
149 152
149 153
149 157
149 159
150 151
150 152
150 153
150 155
150 156
150 157
150 158
151 152
151 153
151 154
151 157
151 158
151 159
151 161
152 154
152 155
152 157
152 158
152 159
152 160
152 161
153 154
153 157
153 158
153 159
154 156
154 157
154 158
154 159
154 160
154 161
155 158
156 157
157 159
157 160
157 161
158 159
158 160
158 161
159 161
