0 1
0 2
0 4
0 6
0 7
0 9
0 11
0 26
0 27
0 28
0 31
0 35
0 36
0 38
0 43
0 44
0 45
0 47
0 49
0 51
0 52
0 54
0 56
0 58
0 59
0 61
0 62
0 63
0 64
0 67
0 68
0 69
0 70
0 71
0 72
0 74
0 75
0 76
0 79
0 80
0 85
0 88
0 96
0 97
0 99
0 100
0 101
0 102
0 104
0 106
0 108
0 109
0 112
0 113
0 117
0 118
0 122
0 125
0 127
0 129
0 131
0 132
0 133
0 134
0 138
0 139
0 142
0 143
0 146
0 147
0 153
0 154
0 157
0 158
0 159
1 3
1 4
1 5
1 8
1 9
1 11
1 14
1 19
1 20
1 21
1 23
1 24
1 25
1 30
1 34
1 35
1 36
1 38
1 40
1 43
1 44
1 48
1 49
1 54
1 56
1 58
1 62
1 63
1 64
1 65
1 66
1 68
1 69
1 70
1 71
1 72
1 73
1 74
1 75
1 77
1 79
1 80
1 81
1 93
1 94
1 97
1 101
1 102
1 103
1 106
1 113
1 115
1 118
1 122
1 125
1 126
1 129
1 135
1 137
1 138
1 144
1 146
1 150
1 151
1 152
1 153
1 154
1 157
1 158
2 4
2 6
2 7
2 9
2 12
2 14
2 15
2 19
2 20
2 21
2 24
2 26
2 30
2 31
2 36
2 38
2 43
2 44
2 45
2 46
2 51
2 56
2 58
2 64
2 67
2 69
2 70
2 73
2 75
2 76
2 77
2 84
2 87
2 89
2 94
2 97
2 100
2 101
2 102
2 108
2 109
2 112
2 113
2 115
2 117
2 125
2 129
2 131
2 134
2 135
2 136
2 138
2 145
2 147
2 151
2 152
2 155
2 158
2 160
3 4
3 6
3 7
3 11
3 14
3 19
3 21
3 22
3 24
3 26
3 30
3 31
3 36
3 39
3 40
3 42
3 44
3 45
3 51
3 54
3 56
3 58
3 63
3 64
3 65
3 67
3 68
3 72
3 73
3 77
3 80
3 85
3 86
3 88
3 89
3 93
3 99
3 101
3 102
3 106
3 107
3 109
3 112
3 114
3 115
3 116
3 118
3 125
3 131
3 133
3 142
3 151
3 153
3 154
3 158
3 161
4 5
4 6
4 7
4 9
4 12
4 13
4 14
4 16
4 19
4 20
4 21
4 22
4 23
4 26
4 27
4 28
4 29
4 30
4 31
4 32
4 35
4 36
4 37
4 38
4 39
4 40
4 43
4 44
4 45
4 48
4 49
4 50
4 51
4 54
4 55
4 56
4 57
4 58
4 59
4 60
4 62
4 63
4 64
4 65
4 66
4 67
4 68
4 70
4 74
4 75
4 79
4 81
4 84
4 86
4 88
4 89
4 90
4 92
4 93
4 94
4 95
4 96
4 97
4 98
4 100
4 101
4 102
4 103
4 105
4 106
4 108
4 109
4 110
4 111
4 112
4 113
4 114
4 115
4 116
4 117
4 118
4 124
4 125
4 126
4 127
4 128
4 129
4 130
4 131
4 132
4 133
4 135
4 137
4 140
4 142
4 145
4 146
4 149
4 150
4 151
4 152
4 153
4 154
4 156
4 157
4 158
4 159
4 160
4 161
5 6
5 9
5 12
5 13
5 19
5 21
5 25
5 28
5 36
5 40
5 43
5 45
5 49
5 51
5 54
5 55
5 58
5 61
5 63
5 64
5 65
5 66
5 68
5 70
5 72
5 73
5 74
5 75
5 76
5 77
5 79
5 80
5 81
5 83
5 84
5 87
5 89
5 91
5 92
5 98
5 99
5 100
5 101
5 102
5 106
5 109
5 113
5 114
5 115
5 118
5 119
5 125
5 126
5 129
5 131
5 133
5 134
5 137
5 138
5 139
5 149
5 151
5 154
5 156
5 158
6 7
6 8
6 9
6 10
6 11
6 14
6 17
6 18
6 19
6 20
6 21
6 23
6 26
6 27
6 29
6 30
6 31
6 32
6 33
6 34
6 35
6 36
6 38
6 39
6 40
6 42
6 43
6 44
6 45
6 48
6 49
6 50
6 54
6 55
6 56
6 59
6 62
6 63
6 64
6 65
6 66
6 67
6 68
6 70
6 71
6 72
6 74
6 75
6 76
6 77
6 78
6 79
6 80
6 81
6 82
6 83
6 84
6 85
6 86
6 87
6 88
6 92
6 93
6 94
6 96
6 97
6 99
6 100
6 101
6 102
6 103
6 104
6 105
6 106
6 107
6 108
6 109
6 110
6 111
6 112
6 113
6 114
6 115
6 116
6 117
6 118
6 119
6 122
6 126
6 128
6 130
6 131
6 133
6 134
6 137
6 138
6 139
6 140
6 141
6 142
6 145
6 146
6 147
6 148
6 150
6 151
6 152
6 153
6 154
6 156
6 157
6 158
6 159
6 160
6 161
7 8
7 9
7 11
7 12
7 13
7 14
7 16
7 19
7 21
7 24
7 25
7 26
7 27
7 28
7 30
7 31
7 34
7 35
7 36
7 37
7 38
7 39
7 40
7 41
7 42
7 43
7 44
7 45
7 46
7 49
7 50
7 51
7 52
7 53
7 54
7 55
7 56
7 58
7 61
7 62
7 63
7 64
7 65
7 66
7 67
7 68
7 69
7 70
7 71
7 72
7 73
7 74
7 75
7 76
7 77
7 78
7 79
7 80
7 82
7 83
7 84
7 85
7 86
7 87
7 88
7 90
7 91
7 92
7 93
7 94
7 95
7 96
7 99
7 100
7 101
7 102
7 103
7 105
7 106
7 107
7 108
7 110
7 112
7 113
7 114
7 115
7 116
7 117
7 118
7 119
7 121
7 125
7 126
7 127
7 128
7 129
7 130
7 132
7 133
7 134
7 135
7 137
7 138
7 139
7 140
7 142
7 146
7 147
7 148
7 149
7 150
7 151
7 152
7 153
7 154
7 156
7 157
7 158
7 160
7 161
8 14
8 20
8 25
8 26
8 35
8 39
8 45
8 46
8 51
8 53
8 56
8 67
8 71
8 72
8 74
8 76
8 77
8 82
8 84
8 91
8 99
8 104
8 105
8 106
8 108
8 109
8 111
8 112
8 113
8 115
8 116
8 117
8 118
8 125
8 126
8 133
8 134
8 138
8 139
8 142
8 148
8 151
8 152
8 161
9 10
9 11
9 14
9 18
9 19
9 20
9 22
9 23
9 24
9 26
9 28
9 30
9 31
9 32
9 35
9 36
9 37
9 38
9 40
9 44
9 45
9 46
9 49
9 50
9 51
9 52
9 53
9 54
9 55
9 56
9 57
9 58
9 59
9 61
9 62
9 63
9 64
9 65
9 66
9 67
9 68
9 69
9 70
9 71
9 72
9 73
9 75
9 77
9 79
9 80
9 81
9 82
9 83
9 84
9 87
9 89
9 92
9 93
9 94
9 97
9 98
9 99
9 100
9 101
9 102
9 103
9 105
9 107
9 108
9 109
9 112
9 113
9 114
9 117
9 118
9 125
9 126
9 128
9 129
9 130
9 131
9 133
9 135
9 136
9 137
9 138
9 139
9 140
9 141
9 142
9 143
9 145
9 146
9 147
9 149
9 150
9 151
9 152
9 154
9 155
9 157
9 158
9 159
10 12
10 14
10 15
10 18
10 21
10 22
10 25
10 26
10 27
10 28
10 34
10 37
10 38
10 39
10 40
10 41
10 44
10 46
10 49
10 50
10 51
10 52
10 53
10 54
10 55
10 56
10 58
10 59
10 61
10 62
10 63
10 64
10 65
10 66
10 68
10 70
10 72
10 73
10 74
10 75
10 77
10 79
10 82
10 84
10 86
10 87
10 91
10 93
10 98
10 99
10 101
10 102
10 106
10 108
10 111
10 113
10 114
10 115
10 116
10 117
10 118
10 125
10 127
10 128
10 129
10 131
10 132
10 133
10 134
10 135
10 137
10 138
10 139
10 142
10 143
10 146
10 150
10 151
10 152
10 153
10 154
10 155
10 157
10 158
10 159
10 160
11 14
11 15
11 17
11 19
11 21
11 22
11 23
11 24
11 26
11 28
11 29
11 30
11 31
11 32
11 33
11 34
11 35
11 36
11 37
11 38
11 40
11 43
11 45
11 49
11 50
11 51
11 52
11 54
11 55
11 56
11 58
11 59
11 62
11 64
11 65
11 66
11 67
11 68
11 69
11 72
11 73
11 74
11 75
11 77
11 80
11 81
11 82
11 83
11 84
11 85
11 86
11 89
11 91
11 92
11 93
11 94
11 95
11 99
11 101
11 102
11 103
11 105
11 108
11 109
11 110
11 111
11 112
11 113
11 114
11 115
11 116
11 117
11 118
11 119
11 121
11 123
11 125
11 126
11 129
11 131
11 133
11 134
11 135
11 137
11 139
11 140
11 141
11 142
11 143
11 145
11 147
11 151
11 152
11 153
11 154
11 155
11 158
11 159
12 14
12 15
12 18
12 19
12 21
12 23
12 25
12 26
12 28
12 30
12 31
12 35
12 36
12 37
12 40
12 45
12 46
12 47
12 51
12 54
12 55
12 61
12 62
12 63
12 64
12 65
12 67
12 68
12 69
12 70
12 72
12 73
12 74
12 75
12 76
12 77
12 79
12 84
12 87
12 89
12 94
12 97
12 98
12 100
12 101
12 104
12 105
12 106
12 107
12 109
12 111
12 113
12 114
12 115
12 117
12 126
12 129
12 130
12 131
12 133
12 134
12 141
12 146
12 147
12 151
12 152
12 154
12 158
13 21
13 25
13 26
13 29
13 30
13 31
13 32
13 35
13 36
13 38
13 39
13 40
13 43
13 44
13 47
13 49
13 50
13 51
13 53
13 55
13 56
13 57
13 58
13 61
13 63
13 64
13 67
13 68
13 70
13 71
13 72
13 73
13 74
13 84
13 85
13 88
13 89
13 94
13 95
13 97
13 98
13 99
13 100
13 101
13 106
13 107
13 108
13 109
13 110
13 111
13 112
13 114
13 115
13 118
13 124
13 126
13 129
13 131
13 133
13 136
13 138
13 139
13 141
13 142
13 143
13 145
13 149
13 150
13 151
13 152
13 153
13 154
13 157
13 158
14 15
14 16
14 18
14 19
14 21
14 24
14 25
14 26
14 29
14 30
14 31
14 32
14 34
14 35
14 36
14 37
14 38
14 40
14 41
14 42
14 43
14 44
14 45
14 46
14 48
14 49
14 50
14 51
14 52
14 53
14 54
14 55
14 56
14 57
14 58
14 59
14 60
14 61
14 63
14 64
14 65
14 66
14 67
14 68
14 69
14 70
14 71
14 72
14 73
14 74
14 75
14 76
14 77
14 78
14 79
14 80
14 84
14 86
14 87
14 88
14 89
14 90
14 91
14 92
14 93
14 94
14 95
14 97
14 98
14 99
14 100
14 101
14 102
14 103
14 104
14 105
14 106
14 107
14 108
14 109
14 110
14 111
14 112
14 113
14 114
14 115
14 117
14 118
14 119
14 121
14 122
14 125
14 126
14 127
14 129
14 131
14 132
14 133
14 134
14 135
14 136
14 137
14 138
14 139
14 140
14 141
14 142
14 143
14 144
14 145
14 146
14 147
14 148
14 149
14 150
14 151
14 152
14 153
14 154
14 157
14 158
14 159
14 161
15 16
15 18
15 19
15 24
15 25
15 28
15 31
15 35
15 38
15 39
15 40
15 42
15 43
15 46
15 48
15 49
15 50
15 51
15 52
15 57
15 61
15 64
15 67
15 68
15 69
15 70
15 72
15 73
15 74
15 77
15 78
15 79
15 80
15 82
15 83
15 86
15 89
15 90
15 93
15 94
15 96
15 99
15 101
15 103
15 105
15 108
15 112
15 113
15 114
15 115
15 116
15 118
15 125
15 126
15 129
15 131
15 133
15 136
15 137
15 138
15 139
15 140
15 145
15 146
15 147
15 149
15 151
15 152
15 154
15 156
15 157
15 158
15 160
16 19
16 24
16 26
16 30
16 31
16 32
16 35
16 37
16 39
16 41
16 43
16 44
16 46
16 49
16 51
16 52
16 56
16 61
16 62
16 64
16 66
16 67
16 69
16 72
16 73
16 74
16 75
16 79
16 83
16 84
16 86
16 87
16 88
16 91
16 98
16 99
16 102
16 103
16 106
16 107
16 108
16 110
16 111
16 112
16 114
16 115
16 116
16 117
16 118
16 126
16 131
16 133
16 136
16 138
16 139
16 140
16 147
16 150
16 152
16 153
16 155
16 157
16 161
17 26
17 32
17 45
17 46
17 49
17 50
17 60
17 63
17 64
17 71
17 94
17 97
17 98
17 99
17 101
17 106
17 108
17 112
17 114
17 117
17 120
17 126
17 129
17 131
17 133
17 134
17 135
17 136
17 138
17 141
17 149
17 154
18 19
18 21
18 22
18 25
18 26
18 27
18 29
18 32
18 34
18 35
18 36
18 37
18 38
18 40
18 43
18 45
18 46
18 49
18 51
18 54
18 56
18 57
18 58
18 61
18 64
18 66
18 67
18 68
18 72
18 73
18 74
18 75
18 79
18 80
18 84
18 85
18 86
18 88
18 89
18 95
18 98
18 101
18 103
18 104
18 105
18 106
18 107
18 108
18 112
18 114
18 115
18 118
18 125
18 129
18 130
18 131
18 133
18 137
18 138
18 146
18 149
18 150
18 152
18 154
18 155
18 157
18 159
19 20
19 21
19 22
19 24
19 26
19 29
19 30
19 31
19 32
19 33
19 34
19 35
19 37
19 38
19 39
19 40
19 41
19 43
19 44
19 45
19 46
19 48
19 49
19 51
19 52
19 54
19 58
19 59
19 63
19 64
19 65
19 66
19 67
19 68
19 69
19 70
19 71
19 72
19 73
19 74
19 75
19 77
19 78
19 79
19 80
19 81
19 83
19 84
19 85
19 87
19 89
19 90
19 91
19 92
19 94
19 96
19 97
19 98
19 99
19 100
19 101
19 102
19 103
19 105
19 106
19 107
19 108
19 109
19 110
19 111
19 112
19 113
19 115
19 116
19 117
19 118
19 121
19 122
19 123
19 125
19 126
19 127
19 128
19 129
19 130
19 131
19 132
19 133
19 134
19 135
19 136
19 137
19 138
19 139
19 140
19 141
19 142
19 143
19 145
19 146
19 147
19 148
19 149
19 150
19 151
19 152
19 153
19 154
19 158
20 21
20 26
20 29
20 30
20 31
20 35
20 38
20 40
20 44
20 46
20 48
20 49
20 51
20 53
20 55
20 58
20 60
20 63
20 64
20 67
20 68
20 69
20 72
20 74
20 80
20 87
20 100
20 102
20 105
20 106
20 107
20 108
20 109
20 111
20 113
20 115
20 117
20 118
20 125
20 129
20 133
20 134
20 137
20 139
20 141
20 142
20 145
20 147
20 150
20 151
20 154
20 155
20 158
20 161
21 22
21 26
21 28
21 30
21 31
21 32
21 33
21 34
21 35
21 36
21 37
21 38
21 39
21 40
21 43
21 44
21 45
21 46
21 49
21 51
21 52
21 54
21 55
21 56
21 57
21 58
21 59
21 61
21 62
21 63
21 64
21 65
21 67
21 68
21 69
21 70
21 71
21 72
21 73
21 74
21 75
21 76
21 77
21 78
21 79
21 80
21 83
21 85
21 86
21 87
21 89
21 91
21 92
21 93
21 95
21 97
21 98
21 99
21 100
21 101
21 102
21 105
21 108
21 109
21 110
21 111
21 112
21 113
21 114
21 115
21 116
21 117
21 118
21 119
21 120
21 122
21 125
21 126
21 127
21 128
21 129
21 131
21 132
21 133
21 134
21 135
21 136
21 137
21 138
21 139
21 140
21 142
21 145
21 146
21 147
21 150
21 151
21 152
21 153
21 154
21 156
21 157
21 159
21 160
21 161
22 25
22 26
22 29
22 30
22 31
22 35
22 40
22 42
22 45
22 47
22 49
22 51
22 53
22 54
22 56
22 58
22 59
22 61
22 62
22 64
22 65
22 67
22 68
22 69
22 70
22 74
22 75
22 77
22 80
22 84
22 86
22 89
22 94
22 97
22 98
22 101
22 102
22 106
22 109
22 112
22 113
22 114
22 116
22 117
22 118
22 122
22 124
22 125
22 128
22 131
22 133
22 134
22 135
22 137
22 138
22 140
22 143
22 147
22 149
22 150
22 154
22 159
22 160
22 161
23 28
23 30
23 31
23 35
23 37
23 38
23 43
23 44
23 49
23 51
23 52
23 55
23 56
23 59
23 60
23 62
23 64
23 65
23 66
23 67
23 69
23 72
23 73
23 79
23 81
23 83
23 84
23 88
23 89
23 91
23 94
23 98
23 101
23 104
23 107
23 109
23 111
23 112
23 117
23 118
23 124
23 127
23 129
23 131
23 133
23 134
23 137
23 139
23 140
23 141
23 143
23 149
23 152
23 153
23 154
23 158
24 25
24 26
24 31
24 32
24 39
24 40
24 41
24 44
24 47
24 49
24 51
24 53
24 54
24 55
24 56
24 59
24 61
24 64
24 65
24 66
24 67
24 70
24 71
24 72
24 75
24 79
24 80
24 82
24 84
24 86
24 88
24 89
24 93
24 94
24 100
24 101
24 102
24 103
24 105
24 106
24 108
24 109
24 111
24 112
24 113
24 114
24 115
24 117
24 118
24 119
24 120
24 125
24 129
24 138
24 140
24 141
24 142
24 145
24 146
24 147
24 151
24 152
24 157
24 158
24 161
25 28
25 30
25 31
25 32
25 34
25 35
25 38
25 39
25 40
25 41
25 43
25 44
25 46
25 47
25 49
25 50
25 51
25 53
25 56
25 57
25 63
25 64
25 65
25 66
25 67
25 68
25 70
25 71
25 72
25 73
25 74
25 77
25 79
25 80
25 83
25 84
25 86
25 87
25 89
25 91
25 93
25 95
25 97
25 98
25 101
25 102
25 103
25 105
25 106
25 107
25 108
25 109
25 113
25 114
25 115
25 116
25 119
25 124
25 128
25 129
25 130
25 134
25 136
25 137
25 139
25 140
25 142
25 143
25 144
25 145
25 150
25 151
25 152
25 154
25 155
25 158
25 159
26 27
26 28
26 29
26 30
26 31
26 32
26 35
26 37
26 38
26 39
26 40
26 42
26 43
26 44
26 45
26 46
26 49
26 50
26 52
26 54
26 55
26 56
26 57
26 58
26 59
26 63
26 64
26 65
26 66
26 67
26 68
26 69
26 70
26 71
26 72
26 73
26 74
26 75
26 77
26 79
26 80
26 81
26 82
26 83
26 84
26 85
26 86
26 89
26 90
26 91
26 92
26 94
26 96
26 97
26 98
26 99
26 100
26 102
26 103
26 104
26 105
26 106
26 107
26 108
26 109
26 111
26 112
26 113
26 114
26 115
26 116
26 117
26 118
26 119
26 120
26 124
26 127
26 128
26 129
26 130
26 131
26 133
26 134
26 135
26 136
26 137
26 138
26 139
26 142
26 144
26 145
26 147
26 148
26 150
26 151
26 152
26 153
26 154
26 155
26 156
26 157
26 158
26 159
26 160
26 161
27 36
27 38
27 51
27 54
27 56
27 57
27 58
27 61
27 63
27 64
27 68
27 69
27 86
27 97
27 101
27 103
27 106
27 107
27 115
27 116
27 117
27 129
27 130
27 133
27 135
27 141
27 142
27 145
27 147
27 150
27 151
27 152
28 29
28 31
28 32
28 35
28 36
28 37
28 38
28 39
28 40
28 44
28 46
28 49
28 51
28 54
28 55
28 56
28 58
28 59
28 63
28 64
28 65
28 67
28 72
28 74
28 77
28 78
28 79
28 87
28 88
28 89
28 92
28 93
28 94
28 112
28 113
28 114
28 117
28 118
28 119
28 125
28 130
28 131
28 132
28 133
28 134
28 135
28 136
28 137
28 138
28 142
28 145
28 146
28 148
28 149
28 150
28 152
28 154
28 158
28 161
29 31
29 38
29 43
29 44
29 45
29 49
29 50
29 51
29 54
29 56
29 57
29 58
29 61
29 64
29 65
29 67
29 70
29 73
29 74
29 75
29 76
29 83
29 84
29 94
29 97
29 101
29 102
29 105
29 106
29 109
29 112
29 113
29 114
29 115
29 117
29 118
29 125
29 126
29 130
29 131
29 133
29 137
29 138
29 145
29 146
29 147
29 150
29 151
29 152
29 154
29 155
29 158
30 31
30 32
30 35
30 37
30 38
30 41
30 42
30 43
30 44
30 45
30 48
30 49
30 50
30 52
30 53
30 54
30 55
30 56
30 57
30 58
30 59
30 61
30 63
30 64
30 65
30 67
30 68
30 69
30 70
30 71
30 73
30 74
30 75
30 77
30 79
30 82
30 84
30 85
30 86
30 87
30 88
30 89
30 90
30 91
30 94
30 95
30 96
30 97
30 99
30 101
30 102
30 103
30 105
30 106
30 108
30 109
30 110
30 112
30 113
30 114
30 115
30 116
30 118
30 119
30 125
30 126
30 127
30 128
30 129
30 131
30 133
30 136
30 138
30 142
30 143
30 144
30 145
30 146
30 147
30 148
30 149
30 150
30 151
30 152
30 153
30 154
30 155
30 157
30 158
30 159
30 160
31 32
31 33
31 34
31 35
31 36
31 37
31 38
31 39
31 40
31 41
31 42
31 43
31 44
31 46
31 47
31 49
31 50
31 51
31 52
31 54
31 55
31 56
31 58
31 60
31 61
31 63
31 64
31 65
31 67
31 68
31 69
31 70
31 71
31 72
31 73
31 74
31 76
31 77
31 78
31 79
31 80
31 82
31 83
31 84
31 86
31 88
31 89
31 90
31 91
31 92
31 93
31 94
31 95
31 96
31 97
31 98
31 99
31 100
31 101
31 102
31 103
31 104
31 105
31 106
31 107
31 108
31 109
31 111
31 112
31 113
31 114
31 115
31 116
31 118
31 119
31 122
31 124
31 125
31 126
31 127
31 128
31 129
31 130
31 133
31 135
31 137
31 138
31 139
31 140
31 141
31 142
31 143
31 144
31 145
31 147
31 148
31 149
31 150
31 151
31 152
31 153
31 154
31 157
31 158
31 160
31 161
32 33
32 34
32 35
32 37
32 38
32 39
32 40
32 41
32 43
32 44
32 45
32 46
32 49
32 50
32 51
32 52
32 54
32 57
32 58
32 59
32 60
32 61
32 62
32 63
32 64
32 66
32 67
32 68
32 69
32 70
32 72
32 73
32 74
32 75
32 76
32 77
32 79
32 81
32 85
32 87
32 88
32 89
32 91
32 92
32 93
32 94
32 96
32 97
32 98
32 100
32 101
32 103
32 106
32 107
32 108
32 109
32 111
32 114
32 115
32 117
32 118
32 122
32 123
32 126
32 127
32 128
32 129
32 130
32 132
32 133
32 134
32 135
32 136
32 137
32 138
32 139
32 140
32 141
32 142
32 145
32 146
32 148
32 151
32 152
32 153
32 154
32 158
32 159
32 161
33 36
33 38
33 40
33 44
33 45
33 46
33 48
33 49
33 53
33 54
33 59
33 63
33 65
33 70
33 71
33 72
33 73
33 75
33 77
33 79
33 80
33 84
33 89
33 92
33 96
33 101
33 102
33 103
33 104
33 111
33 112
33 113
33 115
33 116
33 117
33 118
33 127
33 131
33 142
33 147
33 148
33 150
33 154
33 158
33 160
34 35
34 36
34 40
34 43
34 44
34 45
34 46
34 47
34 48
34 49
34 50
34 51
34 54
34 55
34 58
34 63
34 64
34 68
34 70
34 71
34 72
34 74
34 80
34 83
34 84
34 85
34 86
34 90
34 94
34 101
34 102
34 103
34 105
34 107
34 108
34 109
34 111
34 114
34 115
34 118
34 125
34 126
34 128
34 136
34 137
34 138
34 139
34 141
34 142
34 150
34 152
34 153
34 154
34 158
35 36
35 38
35 39
35 40
35 42
35 43
35 46
35 49
35 50
35 51
35 54
35 55
35 56
35 57
35 61
35 62
35 64
35 65
35 67
35 68
35 69
35 70
35 71
35 72
35 73
35 74
35 75
35 76
35 79
35 84
35 86
35 87
35 88
35 89
35 90
35 91
35 93
35 94
35 96
35 97
35 100
35 101
35 103
35 104
35 105
35 106
35 107
35 108
35 111
35 112
35 113
35 114
35 115
35 117
35 118
35 119
35 126
35 127
35 129
35 130
35 131
35 133
35 134
35 135
35 137
35 139
35 142
35 143
35 146
35 147
35 149
35 150
35 151
35 152
35 153
35 154
35 156
35 157
35 159
35 160
36 38
36 39
36 40
36 44
36 45
36 49
36 50
36 51
36 54
36 55
36 56
36 57
36 58
36 64
36 65
36 67
36 68
36 69
36 71
36 72
36 74
36 75
36 84
36 86
36 87
36 88
36 89
36 93
36 94
36 96
36 98
36 99
36 101
36 103
36 106
36 109
36 110
36 111
36 112
36 114
36 115
36 116
36 117
36 118
36 119
36 125
36 127
36 128
36 129
36 131
36 132
36 133
36 134
36 137
36 138
36 142
36 143
36 147
36 148
36 150
36 152
36 158
36 159
36 160
36 161
37 39
37 40
37 41
37 44
37 45
37 49
37 52
37 53
37 54
37 56
37 58
37 59
37 62
37 63
37 64
37 68
37 69
37 70
37 71
37 73
37 74
37 76
37 77
37 79
37 81
37 83
37 85
37 86
37 87
37 89
37 91
37 94
37 95
37 97
37 100
37 101
37 102
37 105
37 106
37 107
37 108
37 109
37 112
37 113
37 115
37 116
37 117
37 118
37 125
37 128
37 129
37 130
37 131
37 133
37 134
37 137
37 138
37 139
37 142
37 143
37 145
37 146
37 147
37 149
37 150
37 152
37 158
37 159
38 39
38 40
38 42
38 43
38 45
38 46
38 47
38 48
38 49
38 50
38 52
38 54
38 55
38 56
38 59
38 61
38 62
38 63
38 64
38 65
38 66
38 67
38 69
38 70
38 71
38 72
38 73
38 74
38 75
38 76
38 77
38 79
38 83
38 85
38 86
38 87
38 88
38 89
38 90
38 94
38 95
38 97
38 98
38 101
38 102
38 103
38 104
38 105
38 106
38 108
38 109
38 110
38 112
38 113
38 114
38 115
38 117
38 118
38 119
38 124
38 125
38 129
38 130
38 131
38 133
38 134
38 135
38 136
38 137
38 138
38 140
38 141
38 142
38 143
38 145
38 146
38 149
38 150
38 152
38 154
38 155
38 157
38 158
38 159
38 161
39 40
39 41
39 49
39 54
39 55
39 56
39 58
39 64
39 65
39 67
39 71
39 73
39 74
39 75
39 80
39 84
39 91
39 93
39 97
39 104
39 106
39 108
39 109
39 113
39 115
39 118
39 121
39 125
39 126
39 128
39 130
39 131
39 134
39 136
39 137
39 138
39 139
39 141
39 142
39 143
39 145
39 146
39 147
39 149
39 150
39 151
39 154
39 158
39 161
40 41
40 42
40 43
40 44
40 45
40 46
40 47
40 48
40 49
40 52
40 53
40 54
40 55
40 56
40 58
40 59
40 60
40 61
40 63
40 64
40 65
40 66
40 68
40 69
40 70
40 71
40 72
40 73
40 74
40 75
40 76
40 77
40 79
40 82
40 83
40 84
40 85
40 86
40 87
40 88
40 89
40 90
40 93
40 94
40 95
40 96
40 97
40 98
40 100
40 101
40 102
40 103
40 104
40 105
40 106
40 107
40 108
40 110
40 113
40 114
40 115
40 116
40 117
40 118
40 119
40 120
40 125
40 127
40 128
40 129
40 130
40 131
40 132
40 133
40 135
40 136
40 137
40 138
40 139
40 141
40 144
40 145
40 146
40 147
40 149
40 150
40 151
40 152
40 153
40 154
40 157
40 158
40 159
40 160
40 161
41 45
41 53
41 54
41 56
41 59
41 64
41 66
41 68
41 69
41 72
41 74
41 79
41 81
41 82
41 85
41 89
41 93
41 97
41 106
41 111
41 114
41 115
41 117
41 120
41 129
41 134
41 136
41 138
41 145
41 146
41 147
41 151
41 154
41 161
42 45
42 46
42 50
42 51
42 53
42 54
42 58
42 62
42 65
42 68
42 70
42 71
42 72
42 73
42 79
42 80
42 82
42 83
42 84
42 89
42 94
42 95
42 97
42 98
42 101
42 103
42 106
42 109
42 111
42 112
42 113
42 115
42 118
42 126
42 129
42 131
42 132
42 135
42 138
42 142
42 147
42 149
42 152
42 157
42 158
42 159
42 161
43 46
43 48
43 49
43 51
43 54
43 56
43 61
43 63
43 64
43 65
43 66
43 67
43 69
43 70
43 71
43 72
43 73
43 75
43 77
43 79
43 80
43 85
43 89
43 90
43 92
43 95
43 96
43 97
43 98
43 99
43 101
43 102
43 103
43 105
43 106
43 109
43 110
43 113
43 114
43 115
43 118
43 121
43 123
43 124
43 125
43 129
43 130
43 133
43 134
43 136
43 137
43 138
43 142
43 143
43 146
43 149
43 150
43 151
43 152
43 154
43 156
43 157
43 159
43 161
44 45
44 46
44 48
44 49
44 50
44 51
44 53
44 54
44 56
44 57
44 59
44 61
44 62
44 63
44 64
44 65
44 66
44 67
44 68
44 69
44 70
44 71
44 72
44 74
44 75
44 77
44 79
44 80
44 82
44 83
44 84
44 86
44 89
44 91
44 92
44 93
44 94
44 96
44 97
44 100
44 101
44 102
44 103
44 104
44 105
44 106
44 107
44 108
44 110
44 111
44 112
44 113
44 114
44 115
44 117
44 118
44 120
44 121
44 123
44 125
44 126
44 127
44 128
44 129
44 131
44 132
44 134
44 135
44 136
44 137
44 138
44 139
44 140
44 142
44 143
44 147
44 149
44 150
44 153
44 154
44 157
44 158
44 160
44 161
45 48
45 49
45 51
45 52
45 54
45 58
45 60
45 62
45 63
45 64
45 65
45 66
45 67
45 68
45 69
45 70
45 73
45 74
45 75
45 76
45 79
45 83
45 84
45 86
45 88
45 91
45 92
45 94
45 96
45 97
45 98
45 99
45 100
45 101
45 102
45 103
45 106
45 107
45 109
45 112
45 113
45 114
45 115
45 116
45 117
45 124
45 125
45 126
45 129
45 130
45 131
45 132
45 133
45 135
45 137
45 138
45 139
45 140
45 141
45 142
45 143
45 144
45 145
45 146
45 147
45 148
45 149
45 150
45 151
45 152
45 154
45 157
45 158
46 47
46 50
46 51
46 52
46 54
46 55
46 61
46 62
46 65
46 67
46 68
46 71
46 72
46 73
46 74
46 75
46 76
46 79
46 80
46 81
46 84
46 85
46 88
46 89
46 92
46 94
46 96
46 97
46 99
46 101
46 105
46 106
46 108
46 109
46 111
46 112
46 113
46 114
46 117
46 124
46 125
46 126
46 127
46 128
46 129
46 134
46 139
46 140
46 142
46 145
46 146
46 147
46 148
46 149
46 151
46 153
46 158
46 159
46 160
47 49
47 54
47 62
47 64
47 65
47 69
47 70
47 72
47 74
47 75
47 80
47 94
47 97
47 99
47 102
47 105
47 108
47 111
47 114
47 115
47 119
47 131
47 133
47 136
47 138
47 139
47 142
47 145
47 152
47 154
48 49
48 50
48 51
48 54
48 58
48 62
48 63
48 65
48 67
48 68
48 70
48 71
48 74
48 76
48 79
48 81
48 82
48 87
48 91
48 95
48 97
48 99
48 101
48 102
48 104
48 105
48 107
48 108
48 113
48 114
48 122
48 125
48 129
48 133
48 134
48 135
48 137
48 138
48 142
48 143
48 145
48 147
48 149
48 151
48 154
48 160
49 50
49 51
49 52
49 54
49 55
49 56
49 58
49 59
49 60
49 61
49 63
49 64
49 65
49 66
49 67
49 68
49 69
49 70
49 71
49 72
49 73
49 74
49 75
49 76
49 79
49 80
49 81
49 83
49 84
49 86
49 87
49 89
49 90
49 91
49 92
49 94
49 95
49 96
49 97
49 101
49 102
49 103
49 105
49 106
49 108
49 109
49 111
49 112
49 113
49 114
49 115
49 116
49 117
49 118
49 119
49 120
49 122
49 123
49 125
49 126
49 128
49 129
49 130
49 131
49 133
49 134
49 135
49 136
49 137
49 138
49 139
49 140
49 142
49 143
49 145
49 146
49 147
49 148
49 149
49 150
49 151
49 152
49 153
49 154
49 155
49 157
49 158
49 159
49 160
49 161
50 51
50 54
50 55
50 61
50 64
50 65
50 66
50 67
50 68
50 69
50 70
50 71
50 72
50 73
50 74
50 77
50 79
50 86
50 88
50 89
50 92
50 93
50 94
50 95
50 97
50 99
50 104
50 106
50 107
50 110
50 111
50 112
50 113
50 115
50 117
50 120
50 125
50 130
50 131
50 133
50 134
50 137
50 141
50 142
50 145
50 146
50 149
50 150
50 152
50 153
50 154
50 157
50 158
50 159
51 52
51 53
51 55
51 56
51 58
51 59
51 60
51 61
51 62
51 63
51 64
51 65
51 66
51 67
51 68
51 69
51 72
51 73
51 74
51 75
51 77
51 78
51 79
51 80
51 81
51 82
51 83
51 84
51 86
51 87
51 88
51 89
51 90
51 91
51 92
51 94
51 95
51 96
51 97
51 98
51 100
51 101
51 103
51 104
51 105
51 106
51 107
51 108
51 109
51 114
51 115
51 116
51 118
51 124
51 126
51 127
51 129
51 131
51 132
51 133
51 134
51 136
51 137
51 138
51 140
51 141
51 142
51 143
51 146
51 147
51 148
51 149
51 150
51 151
51 152
51 153
51 154
51 157
51 158
51 160
51 161
52 54
52 55
52 56
52 57
52 59
52 62
52 63
52 64
52 65
52 67
52 68
52 70
52 71
52 74
52 75
52 79
52 80
52 84
52 88
52 89
52 91
52 92
52 93
52 94
52 101
52 102
52 106
52 109
52 113
52 115
52 117
52 118
52 125
52 128
52 129
52 134
52 135
52 137
52 138
52 139
52 142
52 145
52 147
52 148
52 151
52 153
52 154
52 156
52 159
52 161
53 54
53 58
53 61
53 63
53 64
53 68
53 72
53 74
53 79
53 80
53 83
53 84
53 89
53 96
53 97
53 100
53 102
53 103
53 107
53 108
53 109
53 115
53 116
53 117
53 122
53 123
53 126
53 129
53 130
53 131
53 133
53 144
53 148
53 149
53 151
53 153
53 157
53 158
54 55
54 56
54 57
54 58
54 59
54 61
54 62
54 63
54 64
54 65
54 67
54 68
54 69
54 70
54 72
54 73
54 74
54 75
54 76
54 77
54 78
54 79
54 81
54 84
54 85
54 86
54 87
54 88
54 89
54 91
54 93
54 94
54 95
54 97
54 98
54 100
54 101
54 102
54 103
54 104
54 105
54 106
54 107
54 108
54 109
54 111
54 112
54 114
54 115
54 116
54 117
54 118
54 119
54 120
54 121
54 125
54 126
54 128
54 129
54 130
54 131
54 133
54 134
54 135
54 136
54 137
54 138
54 139
54 140
54 141
54 142
54 143
54 144
54 145
54 146
54 147
54 148
54 149
54 150
54 152
54 153
54 154
54 158
54 159
54 161
55 56
55 59
55 65
55 66
55 67
55 68
55 69
55 70
55 71
55 72
55 73
55 74
55 75
55 76
55 77
55 79
55 80
55 81
55 82
55 84
55 86
55 87
55 88
55 93
55 94
55 96
55 97
55 98
55 100
55 101
55 102
55 104
55 106
55 107
55 108
55 109
55 112
55 114
55 117
55 119
55 126
55 127
55 129
55 130
55 132
55 133
55 134
55 136
55 137
55 138
55 145
55 146
55 149
55 150
55 151
55 152
55 154
55 156
55 157
55 158
55 161
56 58
56 59
56 61
56 63
56 64
56 65
56 66
56 67
56 68
56 69
56 70
56 71
56 72
56 73
56 74
56 75
56 77
56 79
56 80
56 82
56 83
56 87
56 89
56 90
56 91
56 92
56 93
56 94
56 97
56 99
56 101
56 102
56 103
56 104
56 105
56 106
56 107
56 108
56 109
56 111
56 112
56 113
56 114
56 115
56 117
56 118
56 120
56 121
56 125
56 126
56 128
56 129
56 130
56 131
56 132
56 133
56 134
56 135
56 137
56 138
56 139
56 140
56 141
56 142
56 144
56 145
56 146
56 147
56 150
56 151
56 157
56 158
56 159
56 161
57 65
57 68
57 72
57 73
57 74
57 77
57 80
57 84
57 87
57 98
57 101
57 102
57 103
57 108
57 109
57 110
57 111
57 113
57 115
57 117
57 118
57 120
57 122
57 125
57 127
57 128
57 129
57 131
57 133
57 137
57 138
57 141
57 145
57 150
57 151
57 158
58 63
58 64
58 66
58 67
58 68
58 69
58 71
58 72
58 73
58 75
58 76
58 77
58 79
58 82
58 83
58 84
58 86
58 89
58 91
58 94
58 95
58 97
58 99
58 101
58 102
58 103
58 105
58 106
58 109
58 111
58 112
58 113
58 115
58 116
58 118
58 120
58 125
58 126
58 129
58 133
58 134
58 135
58 137
58 138
58 139
58 140
58 141
58 142
58 143
58 144
58 146
58 147
58 152
58 153
58 154
58 156
58 157
58 158
58 161
59 62
59 63
59 65
59 66
59 67
59 70
59 71
59 72
59 74
59 75
59 79
59 83
59 84
59 87
59 89
59 94
59 95
59 97
59 100
59 101
59 102
59 103
59 105
59 106
59 109
59 110
59 111
59 112
59 114
59 117
59 122
59 125
59 127
59 129
59 130
59 133
59 135
59 137
59 138
59 141
59 145
59 147
59 150
59 152
59 153
59 154
59 155
59 159
60 61
60 68
60 71
60 72
60 73
60 74
60 81
60 94
60 106
60 109
60 113
60 116
60 118
60 125
60 126
60 129
60 131
60 133
60 134
60 138
60 152
61 63
61 64
61 65
61 67
61 69
61 72
61 73
61 76
61 79
61 80
61 82
61 84
61 89
61 94
61 97
61 98
61 99
61 100
61 103
61 106
61 109
61 112
61 114
61 116
61 129
61 131
61 133
61 134
61 136
61 137
61 138
61 139
61 140
61 141
61 147
61 150
61 151
61 152
61 154
61 157
61 158
62 63
62 65
62 66
62 67
62 69
62 71
62 72
62 73
62 74
62 76
62 80
62 83
62 84
62 89
62 94
62 97
62 100
62 102
62 104
62 105
62 106
62 107
62 108
62 111
62 114
62 117
62 125
62 126
62 129
62 130
62 131
62 132
62 133
62 136
62 137
62 139
62 141
62 147
62 148
62 150
62 151
62 152
62 154
62 155
62 158
62 161
63 64
63 65
63 67
63 68
63 69
63 70
63 71
63 72
63 73
63 74
63 75
63 79
63 80
63 82
63 84
63 86
63 87
63 89
63 93
63 94
63 95
63 96
63 97
63 100
63 101
63 102
63 106
63 109
63 111
63 112
63 113
63 115
63 116
63 117
63 118
63 121
63 122
63 128
63 129
63 130
63 131
63 132
63 133
63 134
63 137
63 138
63 141
63 145
63 146
63 147
63 149
63 150
63 151
63 152
63 153
63 154
63 155
63 158
63 159
63 161
64 65
64 66
64 67
64 68
64 70
64 71
64 72
64 73
64 74
64 76
64 77
64 79
64 81
64 82
64 83
64 84
64 85
64 86
64 87
64 89
64 91
64 92
64 94
64 96
64 97
64 98
64 99
64 100
64 101
64 102
64 103
64 105
64 106
64 107
64 108
64 109
64 112
64 113
64 114
64 115
64 116
64 117
64 120
64 121
64 123
64 124
64 125
64 127
64 128
64 129
64 130
64 131
64 133
64 134
64 135
64 136
64 137
64 138
64 139
64 140
64 141
64 142
64 145
64 146
64 147
64 148
64 149
64 150
64 151
64 152
64 153
64 154
64 155
64 157
64 158
64 159
64 160
64 161
65 66
65 67
65 68
65 70
65 71
65 72
65 73
65 74
65 75
65 76
65 77
65 79
65 80
65 81
65 82
65 84
65 85
65 86
65 87
65 88
65 89
65 91
65 92
65 93
65 95
65 96
65 97
65 98
65 100
65 101
65 102
65 104
65 105
65 106
65 107
65 108
65 109
65 112
65 113
65 115
65 116
65 117
65 118
65 119
65 121
65 123
65 127
65 128
65 129
65 131
65 132
65 133
65 134
65 135
65 136
65 137
65 138
65 139
65 141
65 142
65 143
65 145
65 147
65 148
65 149
65 150
65 151
65 152
65 153
65 154
65 155
65 157
65 158
65 160
65 161
66 67
66 68
66 69
66 70
66 71
66 72
66 73
66 74
66 75
66 76
66 77
66 79
66 81
66 82
66 85
66 86
66 87
66 88
66 89
66 90
66 91
66 93
66 94
66 96
66 97
66 98
66 99
66 101
66 102
66 105
66 109
66 112
66 114
66 115
66 117
66 118
66 120
66 123
66 125
66 126
66 129
66 130
66 131
66 132
66 133
66 136
66 137
66 138
66 140
66 141
66 142
66 144
66 146
66 147
66 149
66 152
66 153
66 154
66 158
67 68
67 69
67 70
67 71
67 72
67 73
67 74
67 76
67 77
67 79
67 80
67 82
67 83
67 84
67 86
67 87
67 88
67 89
67 90
67 91
67 92
67 93
67 94
67 95
67 96
67 97
67 99
67 100
67 101
67 102
67 103
67 104
67 105
67 106
67 107
67 108
67 109
67 110
67 112
67 113
67 115
67 116
67 117
67 118
67 119
67 120
67 122
67 123
67 125
67 126
67 128
67 129
67 130
67 131
67 133
67 134
67 137
67 138
67 139
67 141
67 142
67 143
67 145
67 147
67 149
67 150
67 151
67 153
67 154
67 157
67 158
67 160
67 161
68 69
68 70
68 71
68 72
68 73
68 74
68 76
68 77
68 79
68 80
68 82
68 83
68 84
68 85
68 86
68 87
68 88
68 89
68 92
68 93
68 94
68 97
68 99
68 100
68 101
68 102
68 103
68 104
68 105
68 106
68 107
68 108
68 109
68 110
68 111
68 112
68 113
68 114
68 115
68 116
68 117
68 118
68 121
68 125
68 126
68 127
68 128
68 129
68 130
68 131
68 132
68 133
68 135
68 136
68 137
68 138
68 139
68 140
68 141
68 142
68 144
68 145
68 146
68 147
68 148
68 149
68 150
68 151
68 152
68 153
68 154
68 157
68 158
68 159
68 161
69 71
69 72
69 73
69 74
69 75
69 76
69 77
69 79
69 80
69 81
69 82
69 84
69 86
69 88
69 89
69 91
69 92
69 94
69 95
69 96
69 98
69 100
69 102
69 103
69 105
69 107
69 108
69 109
69 110
69 111
69 112
69 113
69 114
69 115
69 116
69 119
69 121
69 122
69 125
69 126
69 127
69 128
69 129
69 131
69 133
69 134
69 135
69 136
69 138
69 140
69 141
69 142
69 143
69 145
69 146
69 147
69 148
69 150
69 151
69 152
69 153
69 154
69 155
69 156
69 157
69 158
69 159
69 160
70 72
70 73
70 74
70 76
70 81
70 82
70 83
70 84
70 85
70 86
70 87
70 88
70 89
70 91
70 92
70 93
70 94
70 95
70 96
70 97
70 98
70 99
70 100
70 101
70 103
70 105
70 106
70 107
70 108
70 109
70 110
70 112
70 113
70 114
70 115
70 117
70 118
70 119
70 123
70 125
70 126
70 128
70 129
70 130
70 131
70 133
70 134
70 135
70 136
70 137
70 138
70 139
70 141
70 142
70 143
70 144
70 145
70 146
70 147
70 148
70 150
70 151
70 152
70 155
70 157
70 158
70 159
70 161
71 72
71 73
71 74
71 75
71 77
71 79
71 80
71 82
71 84
71 86
71 87
71 88
71 89
71 91
71 92
71 93
71 94
71 95
71 97
71 98
71 99
71 100
71 101
71 102
71 105
71 106
71 108
71 109
71 110
71 111
71 113
71 115
71 117
71 118
71 121
71 124
71 126
71 127
71 128
71 129
71 130
71 131
71 134
71 137
71 138
71 139
71 143
71 145
71 146
71 147
71 148
71 150
71 151
71 152
71 153
71 156
71 157
71 158
71 160
71 161
72 73
72 74
72 75
72 76
72 77
72 79
72 80
72 81
72 82
72 83
72 84
72 85
72 86
72 87
72 88
72 89
72 90
72 91
72 92
72 93
72 94
72 95
72 96
72 97
72 98
72 99
72 100
72 101
72 102
72 103
72 105
72 106
72 107
72 109
72 110
72 111
72 112
72 114
72 115
72 116
72 117
72 118
72 120
72 122
72 124
72 125
72 126
72 127
72 128
72 129
72 130
72 131
72 132
72 133
72 134
72 135
72 137
72 138
72 139
72 140
72 141
72 142
72 143
72 145
72 146
72 147
72 149
72 150
72 151
72 152
72 153
72 154
72 155
72 157
72 158
72 159
72 160
72 161
73 74
73 76
73 80
73 85
73 86
73 87
73 89
73 90
73 92
73 93
73 94
73 95
73 97
73 98
73 99
73 101
73 102
73 103
73 106
73 107
73 109
73 113
73 115
73 116
73 117
73 118
73 120
73 124
73 125
73 126
73 129
73 130
73 131
73 133
73 134
73 135
73 136
73 137
73 138
73 139
73 142
73 146
73 147
73 148
73 149
73 151
73 152
73 153
73 154
73 155
73 157
73 158
73 160
74 75
74 76
74 77
74 79
74 82
74 84
74 86
74 88
74 89
74 92
74 93
74 94
74 96
74 97
74 98
74 101
74 102
74 103
74 104
74 105
74 107
74 108
74 109
74 110
74 111
74 112
74 113
74 114
74 116
74 117
74 118
74 119
74 120
74 122
74 124
74 125
74 127
74 129
74 130
74 132
74 134
74 135
74 136
74 137
74 138
74 139
74 140
74 141
74 144
74 145
74 146
74 147
74 149
74 150
74 151
74 152
74 153
74 154
74 155
74 156
74 159
74 160
74 161
75 77
75 79
75 80
75 83
75 88
75 89
75 91
75 93
75 94
75 97
75 98
75 99
75 100
75 101
75 105
75 106
75 108
75 109
75 110
75 111
75 112
75 113
75 114
75 115
75 117
75 118
75 126
75 129
75 131
75 134
75 135
75 137
75 138
75 142
75 143
75 146
75 147
75 150
75 152
75 154
75 155
75 157
75 158
75 159
75 160
76 77
76 79
76 82
76 89
76 93
76 94
76 97
76 101
76 102
76 105
76 106
76 108
76 109
76 112
76 113
76 114
76 115
76 117
76 118
76 119
76 120
76 124
76 125
76 126
76 129
76 130
76 131
76 133
76 134
76 137
76 138
76 139
76 141
76 142
76 145
76 146
76 150
76 151
76 152
76 153
76 154
76 156
76 158
76 159
77 84
77 86
77 89
77 93
77 94
77 96
77 98
77 99
77 100
77 101
77 103
77 106
77 107
77 108
77 110
77 114
77 115
77 116
77 118
77 122
77 125
77 126
77 129
77 130
77 131
77 132
77 133
77 135
77 137
77 139
77 141
77 142
77 143
77 146
77 147
77 148
77 149
77 151
77 152
77 154
77 157
77 158
77 160
78 101
78 106
78 108
78 114
78 115
78 117
78 118
78 129
78 130
78 131
78 133
78 138
78 140
78 142
78 150
78 151
78 154
78 156
79 80
79 82
79 85
79 87
79 89
79 90
79 91
79 92
79 94
79 95
79 96
79 97
79 98
79 99
79 101
79 102
79 103
79 104
79 105
79 106
79 108
79 110
79 112
79 113
79 114
79 115
79 116
79 117
79 118
79 120
79 122
79 124
79 125
79 128
79 129
79 130
79 131
79 133
79 134
79 135
79 136
79 137
79 138
79 139
79 140
79 142
79 143
79 144
79 145
79 146
79 147
79 150
79 151
79 152
79 153
79 154
79 155
79 157
79 158
80 81
80 84
80 86
80 88
80 89
80 92
80 94
80 95
80 96
80 97
80 98
80 99
80 100
80 101
80 102
80 103
80 106
80 108
80 112
80 114
80 117
80 125
80 128
80 130
80 131
80 134
80 135
80 136
80 137
80 138
80 139
80 140
80 141
80 142
80 146
80 147
80 149
80 151
80 152
80 153
80 154
80 157
80 158
80 160
81 86
81 88
81 97
81 102
81 104
81 105
81 107
81 112
81 113
81 115
81 117
81 118
81 125
81 129
81 130
81 133
81 137
81 138
81 139
81 142
81 149
81 150
81 154
81 155
81 157
81 158
82 84
82 85
82 91
82 94
82 99
82 101
82 102
82 104
82 108
82 109
82 110
82 111
82 112
82 113
82 114
82 115
82 117
82 118
82 125
82 126
82 129
82 130
82 133
82 134
82 137
82 138
82 141
82 142
82 147
82 149
82 150
82 151
82 153
82 154
82 156
82 157
82 158
83 84
83 85
83 86
83 87
83 89
83 93
83 97
83 100
83 101
83 102
83 104
83 106
83 107
83 108
83 110
83 113
83 114
83 115
83 116
83 118
83 119
83 122
83 123
83 125
83 126
83 127
83 128
83 129
83 130
83 131
83 133
83 136
83 137
83 138
83 139
83 146
83 147
83 148
83 149
83 150
83 151
83 152
83 153
83 154
83 158
83 160
84 86
84 87
84 89
84 93
84 95
84 96
84 97
84 99
84 101
84 102
84 103
84 104
84 105
84 106
84 107
84 108
84 109
84 112
84 113
84 114
84 115
84 116
84 117
84 119
84 120
84 122
84 123
84 126
84 127
84 129
84 130
84 131
84 133
84 134
84 135
84 137
84 138
84 139
84 141
84 142
84 143
84 145
84 146
84 147
84 148
84 150
84 151
84 152
84 153
84 154
84 156
84 158
84 159
84 161
85 89
85 90
85 94
85 99
85 100
85 103
85 104
85 106
85 109
85 111
85 112
85 113
85 115
85 117
85 118
85 125
85 129
85 131
85 133
85 134
85 135
85 139
85 141
85 146
85 147
85 148
85 149
85 150
85 151
85 157
85 161
86 87
86 93
86 94
86 99
86 100
86 101
86 102
86 103
86 104
86 106
86 107
86 108
86 109
86 113
86 114
86 115
86 117
86 118
86 124
86 130
86 131
86 133
86 134
86 136
86 137
86 138
86 141
86 142
86 145
86 146
86 148
86 149
86 151
86 152
86 153
86 154
86 155
86 157
86 160
86 161
87 88
87 89
87 90
87 92
87 93
87 97
87 98
87 99
87 101
87 102
87 106
87 107
87 109
87 112
87 113
87 116
87 117
87 118
87 119
87 120
87 122
87 124
87 125
87 126
87 129
87 131
87 133
87 135
87 136
87 137
87 138
87 142
87 143
87 145
87 147
87 150
87 151
87 152
87 154
87 157
87 158
87 161
88 91
88 92
88 94
88 97
88 98
88 101
88 102
88 103
88 104
88 105
88 108
88 110
88 112
88 113
88 114
88 115
88 116
88 117
88 120
88 125
88 131
88 132
88 133
88 134
88 136
88 137
88 138
88 139
88 140
88 142
88 145
88 146
88 148
88 149
88 152
88 158
88 159
89 90
89 91
89 92
89 94
89 96
89 97
89 101
89 102
89 103
89 107
89 108
89 109
89 110
89 111
89 112
89 114
89 115
89 116
89 117
89 118
89 120
89 122
89 123
89 124
89 125
89 126
89 127
89 128
89 129
89 130
89 131
89 133
89 135
89 137
89 138
89 139
89 140
89 141
89 142
89 143
89 145
89 149
89 150
89 151
89 152
89 153
89 154
89 155
89 157
89 158
89 159
89 160
89 161
90 91
90 92
90 98
90 100
90 101
90 102
90 104
90 106
90 107
90 113
90 114
90 115
90 121
90 125
90 133
90 135
90 137
90 138
90 141
90 145
90 147
90 153
91 92
91 93
91 94
91 97
91 98
91 100
91 101
91 102
91 109
91 110
91 113
91 115
91 116
91 118
91 125
91 129
91 130
91 131
91 133
91 134
91 137
91 138
91 139
91 142
91 146
91 147
91 151
91 152
91 153
91 154
91 158
92 94
92 99
92 100
92 101
92 102
92 103
92 106
92 108
92 112
92 113
92 114
92 115
92 116
92 117
92 118
92 125
92 127
92 128
92 130
92 133
92 134
92 137
92 138
92 141
92 145
92 146
92 147
92 149
92 150
92 153
92 154
92 155
92 158
92 160
92 161
93 94
93 96
93 101
93 102
93 104
93 106
93 108
93 109
93 110
93 112
93 114
93 115
93 117
93 120
93 125
93 127
93 128
93 129
93 130
93 133
93 134
93 137
93 138
93 139
93 140
93 141
93 142
93 143
93 146
93 147
93 150
93 152
93 153
93 158
93 160
93 161
94 95
94 96
94 97
94 98
94 100
94 101
94 102
94 105
94 106
94 107
94 108
94 109
94 110
94 111
94 112
94 114
94 116
94 117
94 118
94 122
94 124
94 125
94 126
94 127
94 128
94 129
94 131
94 132
94 134
94 135
94 136
94 138
94 139
94 141
94 142
94 146
94 147
94 148
94 149
94 150
94 151
94 152
94 153
94 154
94 155
94 157
94 158
94 160
95 98
95 104
95 105
95 109
95 110
95 112
95 113
95 114
95 117
95 118
95 119
95 120
95 122
95 125
95 130
95 132
95 133
95 134
95 137
95 139
95 141
95 142
95 145
95 146
95 147
95 150
95 152
95 154
95 161
96 102
96 105
96 106
96 112
96 114
96 115
96 117
96 120
96 129
96 130
96 133
96 135
96 137
96 138
96 141
96 142
96 150
96 152
96 153
96 158
96 161
97 98
97 99
97 100
97 101
97 102
97 103
97 105
97 106
97 108
97 109
97 110
97 112
97 114
97 115
97 116
97 117
97 118
97 119
97 120
97 121
97 122
97 128
97 129
97 132
97 134
97 135
97 137
97 138
97 141
97 142
97 143
97 147
97 148
97 149
97 150
97 151
97 152
97 153
97 154
97 155
97 157
97 158
97 159
97 160
97 161
98 101
98 102
98 103
98 105
98 106
98 107
98 108
98 111
98 114
98 116
98 117
98 118
98 124
98 125
98 130
98 131
98 132
98 133
98 134
98 138
98 140
98 142
98 143
98 146
98 151
98 152
98 153
98 154
98 155
98 157
98 161
99 101
99 104
99 106
99 109
99 112
99 113
99 115
99 117
99 121
99 125
99 126
99 129
99 130
99 131
99 133
99 134
99 135
99 137
99 138
99 139
99 141
99 142
99 143
99 146
99 147
99 149
99 150
99 151
99 152
99 153
99 154
99 156
99 158
99 159
99 160
100 101
100 102
100 104
100 105
100 106
100 107
100 108
100 109
100 114
100 115
100 116
100 117
100 118
100 122
100 129
100 130
100 131
100 133
100 137
100 138
100 151
100 153
100 157
100 158
100 161
101 102
101 106
101 107
101 108
101 109
101 112
101 113
101 114
101 115
101 116
101 117
101 118
101 119
101 120
101 121
101 122
101 123
101 124
101 126
101 127
101 129
101 131
101 134
101 135
101 137
101 138
101 139
101 140
101 141
101 142
101 143
101 145
101 147
101 148
101 149
101 150
101 151
101 152
101 153
101 155
101 157
101 158
101 160
101 161
102 103
102 105
102 106
102 107
102 108
102 109
102 110
102 111
102 112
102 114
102 115
102 116
102 117
102 118
102 119
102 120
102 121
102 125
102 126
102 130
102 131
102 132
102 133
102 134
102 135
102 137
102 138
102 139
102 140
102 143
102 145
102 146
102 147
102 148
102 149
102 151
102 153
102 154
102 157
102 158
102 160
103 105
103 106
103 108
103 109
103 112
103 113
103 117
103 118
103 119
103 122
103 125
103 129
103 130
103 131
103 137
103 138
103 143
103 147
103 151
103 152
103 153
103 155
103 157
103 158
103 159
103 161
104 106
104 108
104 109
104 113
104 114
104 116
104 117
104 118
104 122
104 125
104 127
104 131
104 133
104 137
104 138
104 141
104 142
104 145
104 146
104 153
104 154
104 161
105 106
105 107
105 108
105 109
105 112
105 113
105 114
105 116
105 118
105 125
105 127
105 128
105 129
105 131
105 134
105 137
105 138
105 139
105 141
105 142
105 146
105 147
105 150
105 151
105 152
105 154
105 157
105 158
106 108
106 112
106 113
106 114
106 115
106 116
106 117
106 118
106 119
106 120
106 121
106 125
106 129
106 130
106 131
106 133
106 134
106 135
106 136
106 137
106 138
106 139
106 140
106 141
106 142
106 143
106 145
106 146
106 147
106 148
106 149
106 150
106 151
106 152
106 154
106 157
106 158
106 160
107 108
107 111
107 112
107 113
107 114
107 117
107 118
107 125
107 126
107 131
107 132
107 133
107 134
107 137
107 138
107 141
107 142
107 147
107 149
107 150
107 152
107 154
107 155
108 109
108 111
108 113
108 114
108 115
108 116
108 117
108 118
108 125
108 126
108 128
108 129
108 131
108 133
108 134
108 135
108 136
108 137
108 138
108 139
108 140
108 141
108 142
108 143
108 146
108 147
108 148
108 149
108 150
108 152
108 153
108 154
108 155
108 157
108 158
108 159
108 161
109 111
109 112
109 114
109 115
109 117
109 118
109 119
109 125
109 128
109 130
109 131
109 133
109 134
109 136
109 137
109 138
109 139
109 140
109 141
109 142
109 145
109 147
109 151
109 152
109 153
109 155
109 156
109 157
109 158
109 159
109 160
109 161
110 113
110 114
110 115
110 125
110 133
110 138
110 139
110 141
110 142
110 145
110 146
110 148
110 151
110 152
110 153
110 158
110 159
111 112
111 113
111 114
111 117
111 120
111 127
111 129
111 130
111 131
111 133
111 134
111 135
111 137
111 139
111 141
111 146
111 147
111 148
111 150
111 151
111 152
111 153
111 154
111 158
112 113
112 115
112 116
112 117
112 118
112 121
112 123
112 125
112 126
112 127
112 129
112 131
112 133
112 134
112 135
112 137
112 139
112 140
112 141
112 142
112 143
112 144
112 146
112 147
112 149
112 150
112 151
112 152
112 153
112 154
112 155
112 157
112 158
112 159
113 114
113 115
113 117
113 118
113 119
113 120
113 122
113 125
113 126
113 127
113 130
113 131
113 133
113 135
113 136
113 138
113 139
113 142
113 145
113 146
113 147
113 148
113 149
113 150
113 152
113 153
113 154
113 155
113 157
113 158
113 159
113 160
113 161
114 116
114 117
114 118
114 119
114 122
114 124
114 125
114 126
114 127
114 129
114 130
114 131
114 132
114 133
114 134
114 135
114 136
114 137
114 138
114 139
114 141
114 142
114 143
114 145
114 147
114 149
114 150
114 151
114 152
114 153
114 154
114 155
114 157
114 158
114 159
114 161
115 116
115 118
115 119
115 121
115 122
115 126
115 129
115 131
115 132
115 133
115 135
115 136
115 137
115 138
115 139
115 142
115 144
115 146
115 147
115 148
115 149
115 151
115 152
115 153
115 154
115 155
115 156
115 157
115 158
115 159
115 161
116 117
116 118
116 121
116 126
116 129
116 131
116 133
116 134
116 137
116 138
116 139
116 142
116 143
116 145
116 147
116 151
116 154
116 157
117 118
117 125
117 127
117 129
117 131
117 132
117 133
117 134
117 135
117 136
117 137
117 138
117 139
117 140
117 141
117 142
117 143
117 144
117 145
117 146
117 147
117 149
117 150
117 152
117 153
117 154
117 155
117 157
117 158
117 159
117 160
118 119
118 122
118 125
118 126
118 127
118 128
118 129
118 130
118 131
118 133
118 134
118 135
118 137
118 138
118 139
118 142
118 143
118 145
118 146
118 148
118 149
118 150
118 151
118 152
118 153
118 154
118 155
118 157
118 158
118 160
118 161
119 124
119 129
119 131
119 134
119 135
119 138
119 142
119 143
119 146
119 147
119 149
119 152
119 154
119 157
120 127
120 129
120 131
120 134
120 135
120 137
120 141
120 147
120 149
120 151
120 153
120 161
121 131
121 135
121 138
121 150
121 152
121 156
121 158
122 125
122 127
122 137
122 139
122 141
122 142
122 143
122 147
122 151
122 153
122 157
122 159
122 160
123 125
123 129
123 131
123 138
123 139
123 146
123 147
123 151
123 157
123 160
124 126
124 132
124 137
124 138
124 139
124 141
124 142
124 150
124 152
124 161
125 126
125 127
125 129
125 131
125 133
125 134
125 137
125 138
125 139
125 141
125 142
125 144
125 145
125 146
125 147
125 149
125 150
125 151
125 152
125 153
125 154
125 155
125 157
125 158
125 160
126 130
126 131
126 133
126 134
126 135
126 136
126 137
126 138
126 139
126 143
126 145
126 146
126 147
126 148
126 149
126 152
126 159
126 160
127 131
127 133
127 134
127 136
127 138
127 142
127 146
127 150
127 154
127 157
127 159
128 129
128 133
128 134
128 138
128 139
128 146
128 147
128 149
128 151
128 154
129 130
129 131
129 133
129 134
129 136
129 137
129 138
129 139
129 141
129 142
129 143
129 144
129 146
129 147
129 148
129 149
129 150
129 151
129 152
129 153
129 154
129 157
129 158
129 160
130 131
130 132
130 133
130 136
130 137
130 138
130 139
130 142
130 145
130 146
130 147
130 148
130 149
130 150
130 151
130 152
130 153
130 154
130 155
130 157
130 158
130 159
130 160
131 133
131 134
131 136
131 137
131 138
131 139
131 140
131 141
131 142
131 143
131 144
131 145
131 147
131 149
131 150
131 151
131 152
131 154
131 155
131 157
131 158
131 160
131 161
132 136
132 137
132 138
132 142
133 134
133 135
133 136
133 137
133 138
133 139
133 140
133 142
133 145
133 146
133 147
133 148
133 149
133 151
133 152
133 153
133 154
133 155
133 158
133 160
133 161
134 135
134 136
134 137
134 138
134 139
134 141
134 142
134 143
134 144
134 145
134 146
134 147
134 148
134 149
134 150
134 152
134 153
134 154
134 158
134 159
134 160
134 161
135 137
135 139
135 141
135 147
135 149
135 153
135 159
135 160
135 161
136 137
136 138
136 141
136 147
136 148
136 150
136 151
136 153
136 154
136 157
136 158
136 159
136 160
137 138
137 139
137 140
137 141
137 142
137 143
137 145
137 146
137 147
137 148
137 149
137 150
137 151
137 152
137 153
137 154
137 157
137 158
137 160
137 161
138 139
138 140
138 141
138 142
138 144
138 145
138 146
138 147
138 150
138 151
138 152
138 153
138 154
138 155
138 157
138 158
138 159
138 160
138 161
139 142
139 147
139 149
139 150
139 151
139 152
139 154
139 156
139 158
139 161
140 141
140 143
140 145
140 152
140 154
141 143
141 144
141 147
141 149
141 150
141 151
141 152
141 153
141 154
141 157
141 159
141 160
141 161
142 143
142 145
142 146
142 147
142 148
142 149
142 150
142 151
142 152
142 153
142 154
142 155
142 156
142 157
142 158
142 160
143 145
143 146
143 147
143 151
143 153
143 157
143 158
143 159
143 161
144 151
144 156
145 146
145 151
145 154
145 156
145 157
145 158
145 160
145 161
146 147
146 149
146 150
146 152
146 153
146 154
146 157
146 158
147 149
147 151
147 152
147 153
147 154
147 155
147 157
147 159
147 160
147 161
148 150
149 150
149 151
149 154
149 159
149 160
150 151
150 152
150 153
150 154
150 157
150 158
150 159
150 160
151 152
151 154
151 158
151 159
151 161
152 153
152 154
152 155
152 157
152 158
153 154
153 156
153 157
153 158
153 159
153 160
154 158
154 159
154 160
154 161
155 157
155 158
156 157
157 158
157 159
157 161
158 161
159 161
