0 2
0 4
0 6
0 9
0 12
0 14
0 22
0 26
0 28
0 30
0 32
0 34
0 36
0 37
0 38
0 40
0 43
0 44
0 45
0 46
0 48
0 49
0 51
0 54
0 55
0 56
0 58
0 62
0 65
0 66
0 67
0 68
0 69
0 71
0 72
0 74
0 77
0 79
0 86
0 88
0 90
0 91
0 92
0 93
0 94
0 95
0 97
0 101
0 102
0 105
0 106
0 107
0 109
0 113
0 115
0 116
0 117
0 119
0 130
0 131
0 133
0 135
0 136
0 137
0 138
0 139
0 141
0 142
0 145
0 147
0 150
0 152
0 154
0 159
0 161
1 4
1 6
1 9
1 11
1 12
1 13
1 14
1 19
1 20
1 28
1 30
1 32
1 34
1 35
1 38
1 45
1 49
1 51
1 53
1 55
1 56
1 59
1 61
1 62
1 64
1 66
1 67
1 69
1 70
1 71
1 72
1 74
1 77
1 79
1 81
1 85
1 86
1 87
1 88
1 89
1 90
1 91
1 96
1 97
1 101
1 102
1 106
1 109
1 112
1 113
1 114
1 115
1 116
1 117
1 118
1 122
1 126
1 129
1 131
1 134
1 137
1 138
1 139
1 142
1 143
1 144
1 145
1 147
1 148
1 150
1 151
1 152
1 154
1 156
1 160
2 6
2 7
2 13
2 14
2 31
2 36
2 38
2 40
2 43
2 54
2 62
2 64
2 65
2 67
2 69
2 71
2 72
2 80
2 82
2 87
2 89
2 93
2 94
2 102
2 106
2 109
2 113
2 114
2 117
2 118
2 129
2 134
2 136
2 137
2 138
2 142
2 145
2 151
2 154
2 155
2 158
2 161
3 6
3 7
3 10
3 11
3 14
3 21
3 25
3 26
3 31
3 32
3 34
3 35
3 36
3 40
3 44
3 49
3 51
3 54
3 65
3 74
3 79
3 87
3 88
3 89
3 92
3 97
3 101
3 103
3 106
3 107
3 108
3 109
3 115
3 118
3 129
3 133
3 135
3 136
3 137
3 138
3 144
3 146
3 147
3 151
3 154
3 157
3 159
3 161
4 5
4 6
4 7
4 8
4 11
4 12
4 13
4 14
4 15
4 19
4 20
4 21
4 23
4 24
4 25
4 26
4 30
4 32
4 33
4 34
4 35
4 36
4 37
4 38
4 39
4 40
4 44
4 45
4 46
4 47
4 48
4 49
4 51
4 55
4 56
4 61
4 62
4 63
4 64
4 65
4 66
4 67
4 68
4 69
4 70
4 71
4 72
4 73
4 74
4 75
4 77
4 78
4 79
4 80
4 81
4 82
4 83
4 84
4 86
4 88
4 89
4 90
4 91
4 92
4 93
4 95
4 96
4 97
4 98
4 99
4 100
4 101
4 102
4 104
4 105
4 106
4 108
4 109
4 111
4 112
4 113
4 114
4 115
4 117
4 118
4 119
4 121
4 122
4 125
4 126
4 127
4 128
4 130
4 131
4 134
4 136
4 137
4 138
4 139
4 141
4 142
4 146
4 147
4 148
4 149
4 151
4 152
4 153
4 154
4 155
4 156
4 157
4 158
4 159
4 160
4 161
5 10
5 11
5 12
5 13
5 19
5 21
5 24
5 30
5 31
5 33
5 36
5 38
5 40
5 43
5 44
5 45
5 46
5 50
5 51
5 54
5 56
5 58
5 61
5 63
5 72
5 73
5 74
5 75
5 77
5 80
5 84
5 87
5 92
5 96
5 101
5 103
5 105
5 108
5 109
5 110
5 113
5 114
5 117
5 126
5 129
5 130
5 131
5 133
5 137
5 139
5 141
5 142
5 146
5 150
5 152
5 153
5 154
5 157
5 159
5 160
6 7
6 8
6 9
6 11
6 12
6 13
6 14
6 15
6 16
6 19
6 20
6 21
6 22
6 24
6 25
6 26
6 27
6 29
6 30
6 31
6 34
6 36
6 37
6 38
6 39
6 40
6 41
6 43
6 44
6 45
6 46
6 50
6 51
6 52
6 53
6 54
6 55
6 56
6 58
6 59
6 60
6 61
6 62
6 63
6 64
6 65
6 67
6 68
6 69
6 70
6 71
6 72
6 73
6 74
6 75
6 76
6 77
6 79
6 80
6 82
6 83
6 84
6 86
6 87
6 88
6 89
6 91
6 92
6 93
6 94
6 95
6 96
6 97
6 98
6 100
6 101
6 102
6 105
6 106
6 107
6 108
6 109
6 111
6 112
6 113
6 114
6 115
6 116
6 117
6 118
6 119
6 122
6 125
6 126
6 127
6 129
6 131
6 133
6 134
6 135
6 137
6 138
6 139
6 140
6 141
6 142
6 143
6 145
6 146
6 147
6 149
6 150
6 151
6 152
6 153
6 154
6 156
6 157
6 159
6 160
6 161
7 8
7 9
7 10
7 11
7 12
7 14
7 15
7 16
7 18
7 19
7 20
7 21
7 22
7 23
7 24
7 25
7 26
7 28
7 30
7 31
7 33
7 34
7 36
7 38
7 39
7 40
7 41
7 42
7 43
7 44
7 45
7 46
7 47
7 49
7 51
7 52
7 53
7 54
7 55
7 56
7 58
7 59
7 60
7 61
7 62
7 63
7 64
7 65
7 66
7 67
7 68
7 69
7 70
7 71
7 72
7 73
7 74
7 76
7 77
7 78
7 79
7 81
7 83
7 84
7 86
7 88
7 89
7 90
7 92
7 93
7 94
7 96
7 97
7 98
7 99
7 101
7 102
7 103
7 105
7 106
7 107
7 108
7 109
7 110
7 111
7 112
7 113
7 114
7 116
7 117
7 118
7 119
7 122
7 125
7 126
7 128
7 129
7 130
7 131
7 133
7 134
7 135
7 137
7 138
7 139
7 140
7 141
7 142
7 143
7 145
7 146
7 147
7 149
7 150
7 151
7 153
7 154
7 155
7 157
7 158
7 159
7 161
8 14
8 18
8 19
8 26
8 28
8 29
8 30
8 31
8 32
8 35
8 36
8 38
8 45
8 50
8 51
8 55
8 58
8 65
8 67
8 69
8 70
8 72
8 74
8 75
8 77
8 87
8 88
8 89
8 91
8 93
8 94
8 100
8 101
8 108
8 111
8 116
8 117
8 118
8 123
8 125
8 127
8 133
8 134
8 135
8 137
8 142
8 150
8 151
8 152
8 156
8 158
8 159
9 12
9 13
9 17
9 18
9 21
9 22
9 26
9 27
9 29
9 30
9 31
9 33
9 35
9 37
9 38
9 39
9 40
9 43
9 44
9 45
9 46
9 49
9 50
9 51
9 54
9 56
9 57
9 58
9 62
9 63
9 64
9 65
9 66
9 67
9 68
9 70
9 71
9 72
9 73
9 74
9 79
9 82
9 83
9 86
9 87
9 88
9 89
9 90
9 91
9 93
9 94
9 95
9 97
9 98
9 100
9 102
9 103
9 105
9 106
9 107
9 108
9 109
9 111
9 112
9 113
9 114
9 115
9 117
9 118
9 122
9 125
9 126
9 129
9 130
9 131
9 132
9 133
9 134
9 135
9 136
9 137
9 138
9 139
9 141
9 142
9 146
9 147
9 150
9 153
9 154
9 155
9 157
9 158
9 159
9 160
9 161
10 11
10 12
10 14
10 15
10 19
10 20
10 21
10 25
10 28
10 31
10 32
10 33
10 34
10 35
10 36
10 37
10 42
10 43
10 44
10 46
10 49
10 50
10 51
10 52
10 58
10 59
10 64
10 65
10 66
10 67
10 68
10 69
10 70
10 71
10 72
10 73
10 74
10 77
10 79
10 80
10 83
10 84
10 85
10 86
10 87
10 88
10 91
10 92
10 94
10 95
10 97
10 101
10 102
10 103
10 105
10 106
10 107
10 108
10 109
10 110
10 112
10 113
10 114
10 115
10 116
10 117
10 129
10 130
10 133
10 134
10 136
10 137
10 138
10 141
10 142
10 146
10 147
10 149
10 152
10 158
10 160
11 13
11 14
11 15
11 16
11 18
11 20
11 21
11 24
11 26
11 27
11 28
11 30
11 31
11 32
11 34
11 37
11 38
11 40
11 41
11 42
11 44
11 49
11 50
11 51
11 52
11 54
11 55
11 56
11 57
11 58
11 59
11 61
11 64
11 65
11 67
11 68
11 69
11 70
11 72
11 73
11 74
11 77
11 78
11 79
11 80
11 81
11 82
11 83
11 84
11 86
11 88
11 89
11 91
11 93
11 95
11 97
11 98
11 100
11 101
11 102
11 103
11 105
11 107
11 108
11 110
11 111
11 112
11 113
11 114
11 116
11 117
11 119
11 121
11 122
11 124
11 126
11 127
11 128
11 129
11 131
11 133
11 134
11 135
11 137
11 138
11 139
11 140
11 142
11 143
11 146
11 148
11 149
11 152
11 154
11 155
11 158
11 160
11 161
12 14
12 19
12 25
12 26
12 30
12 32
12 36
12 38
12 39
12 40
12 44
12 45
12 50
12 51
12 54
12 56
12 57
12 58
12 63
12 64
12 65
12 67
12 68
12 69
12 72
12 74
12 77
12 79
12 80
12 88
12 89
12 91
12 93
12 97
12 104
12 106
12 107
12 110
12 113
12 114
12 115
12 117
12 118
12 125
12 127
12 129
12 130
12 131
12 133
12 134
12 137
12 139
12 142
12 145
12 147
12 150
12 154
12 158
12 161
13 14
13 19
13 21
13 26
13 28
13 30
13 31
13 35
13 36
13 37
13 38
13 43
13 44
13 45
13 48
13 49
13 50
13 52
13 53
13 54
13 56
13 58
13 59
13 61
13 63
13 64
13 65
13 66
13 67
13 68
13 69
13 70
13 71
13 72
13 74
13 77
13 79
13 83
13 84
13 87
13 88
13 89
13 91
13 92
13 94
13 97
13 99
13 101
13 102
13 104
13 105
13 106
13 109
13 115
13 117
13 126
13 127
13 133
13 137
13 138
13 139
13 142
13 145
13 146
13 147
13 148
13 149
13 152
13 154
13 158
13 159
13 161
14 18
14 19
14 20
14 21
14 22
14 23
14 25
14 26
14 28
14 30
14 31
14 32
14 33
14 34
14 35
14 36
14 37
14 39
14 40
14 43
14 44
14 45
14 46
14 47
14 49
14 50
14 52
14 53
14 54
14 56
14 58
14 59
14 60
14 61
14 62
14 63
14 64
14 65
14 66
14 67
14 68
14 69
14 70
14 71
14 72
14 73
14 74
14 75
14 76
14 77
14 79
14 81
14 82
14 83
14 84
14 88
14 89
14 91
14 92
14 93
14 94
14 95
14 96
14 97
14 98
14 99
14 100
14 101
14 104
14 106
14 108
14 109
14 110
14 111
14 112
14 113
14 114
14 115
14 116
14 117
14 118
14 119
14 120
14 122
14 124
14 125
14 126
14 128
14 129
14 130
14 131
14 132
14 133
14 134
14 135
14 136
14 137
14 138
14 141
14 142
14 143
14 145
14 146
14 147
14 148
14 149
14 150
14 151
14 152
14 153
14 154
14 155
14 156
14 158
14 159
14 160
14 161
15 19
15 21
15 23
15 26
15 30
15 31
15 32
15 35
15 36
15 38
15 43
15 44
15 45
15 46
15 50
15 51
15 55
15 56
15 58
15 59
15 61
15 63
15 65
15 66
15 69
15 71
15 72
15 74
15 75
15 79
15 82
15 84
15 91
15 93
15 94
15 99
15 100
15 101
15 102
15 105
15 106
15 107
15 108
15 109
15 110
15 112
15 114
15 118
15 122
15 125
15 127
15 129
15 135
15 136
15 137
15 138
15 139
15 143
15 146
15 152
15 154
15 155
15 157
15 160
16 25
16 32
16 35
16 39
16 40
16 41
16 45
16 49
16 52
16 54
16 64
16 65
16 69
16 70
16 72
16 77
16 80
16 81
16 83
16 92
16 93
16 100
16 102
16 106
16 108
16 109
16 110
16 111
16 112
16 113
16 114
16 115
16 116
16 121
16 125
16 130
16 133
16 136
16 138
16 142
16 146
16 147
16 148
16 150
16 151
16 152
16 154
16 155
16 158
16 161
17 30
17 31
17 35
17 44
17 49
17 54
17 56
17 65
17 68
17 70
17 72
17 76
17 82
17 95
17 96
17 97
17 109
17 114
17 116
17 117
17 118
17 129
17 130
17 134
17 152
17 157
17 159
18 19
18 21
18 25
18 26
18 30
18 32
18 34
18 35
18 38
18 41
18 43
18 49
18 54
18 55
18 56
18 58
18 59
18 61
18 63
18 66
18 67
18 68
18 69
18 70
18 71
18 72
18 73
18 74
18 80
18 82
18 83
18 85
18 93
18 97
18 99
18 102
18 106
18 108
18 109
18 112
18 114
18 118
18 119
18 120
18 121
18 125
18 129
18 130
18 131
18 134
18 138
18 141
18 142
18 146
18 147
18 154
19 20
19 21
19 22
19 24
19 26
19 28
19 29
19 30
19 31
19 32
19 33
19 34
19 35
19 36
19 37
19 38
19 39
19 40
19 42
19 43
19 45
19 46
19 48
19 49
19 51
19 52
19 53
19 54
19 55
19 56
19 57
19 58
19 59
19 61
19 62
19 63
19 64
19 65
19 67
19 68
19 69
19 70
19 71
19 72
19 73
19 74
19 75
19 76
19 77
19 78
19 79
19 80
19 83
19 84
19 85
19 86
19 87
19 88
19 89
19 91
19 92
19 93
19 94
19 95
19 97
19 98
19 101
19 102
19 104
19 105
19 106
19 107
19 108
19 109
19 110
19 111
19 112
19 113
19 114
19 115
19 116
19 117
19 118
19 122
19 123
19 125
19 126
19 127
19 128
19 129
19 131
19 133
19 134
19 135
19 136
19 137
19 138
19 139
19 140
19 141
19 142
19 143
19 145
19 146
19 147
19 148
19 149
19 150
19 151
19 152
19 153
19 154
19 155
19 156
19 157
19 158
19 159
19 160
19 161
20 21
20 25
20 26
20 32
20 34
20 37
20 38
20 41
20 42
20 44
20 45
20 56
20 64
20 65
20 67
20 68
20 70
20 71
20 80
20 89
20 92
20 96
20 97
20 99
20 101
20 102
20 105
20 106
20 108
20 112
20 114
20 115
20 125
20 126
20 129
20 134
20 135
20 139
20 142
20 145
20 147
20 150
20 151
20 152
20 154
20 157
21 22
21 24
21 25
21 26
21 31
21 32
21 34
21 35
21 37
21 42
21 43
21 45
21 46
21 47
21 48
21 49
21 50
21 51
21 53
21 54
21 55
21 56
21 57
21 58
21 61
21 62
21 64
21 66
21 67
21 68
21 69
21 70
21 71
21 72
21 74
21 75
21 76
21 77
21 79
21 80
21 81
21 82
21 84
21 85
21 86
21 89
21 90
21 91
21 96
21 97
21 98
21 99
21 100
21 101
21 102
21 103
21 104
21 105
21 106
21 107
21 108
21 111
21 112
21 113
21 114
21 115
21 118
21 119
21 124
21 125
21 128
21 129
21 131
21 133
21 134
21 135
21 136
21 137
21 138
21 139
21 141
21 142
21 145
21 146
21 147
21 149
21 150
21 151
21 152
21 153
21 154
21 155
21 156
21 157
21 158
21 161
22 26
22 32
22 35
22 39
22 40
22 42
22 43
22 45
22 46
22 54
22 56
22 64
22 65
22 66
22 67
22 68
22 70
22 71
22 72
22 74
22 75
22 76
22 78
22 80
22 83
22 87
22 89
22 94
22 97
22 101
22 102
22 105
22 108
22 109
22 112
22 115
22 117
22 118
22 125
22 131
22 134
22 135
22 136
22 142
22 147
22 149
22 150
22 151
22 152
22 153
22 154
22 157
22 158
22 160
22 161
23 24
23 25
23 26
23 27
23 28
23 30
23 31
23 37
23 41
23 49
23 50
23 54
23 59
23 63
23 65
23 67
23 69
23 70
23 71
23 73
23 76
23 77
23 79
23 83
23 89
23 93
23 100
23 102
23 103
23 104
23 108
23 113
23 115
23 118
23 120
23 125
23 128
23 129
23 138
23 142
23 145
23 147
23 155
23 158
23 159
23 160
23 161
24 25
24 26
24 30
24 31
24 32
24 35
24 40
24 42
24 44
24 45
24 46
24 50
24 52
24 55
24 64
24 66
24 67
24 68
24 70
24 71
24 72
24 73
24 74
24 80
24 83
24 85
24 86
24 88
24 92
24 97
24 98
24 100
24 101
24 106
24 107
24 108
24 112
24 113
24 114
24 115
24 116
24 117
24 118
24 119
24 125
24 127
24 129
24 130
24 135
24 136
24 137
24 138
24 139
24 141
24 142
24 146
24 147
24 150
24 151
24 152
24 153
24 158
24 161
25 29
25 30
25 31
25 32
25 35
25 36
25 37
25 38
25 40
25 41
25 44
25 45
25 46
25 47
25 48
25 50
25 51
25 55
25 58
25 59
25 61
25 64
25 65
25 66
25 68
25 70
25 71
25 74
25 75
25 77
25 79
25 80
25 84
25 85
25 89
25 90
25 91
25 93
25 94
25 97
25 99
25 100
25 101
25 102
25 106
25 108
25 109
25 112
25 113
25 114
25 116
25 117
25 118
25 125
25 126
25 127
25 128
25 129
25 131
25 132
25 134
25 135
25 137
25 138
25 140
25 141
25 142
25 143
25 144
25 146
25 147
25 149
25 151
25 152
25 154
25 158
25 159
25 160
25 161
26 30
26 31
26 32
26 33
26 34
26 35
26 36
26 37
26 38
26 41
26 42
26 43
26 44
26 45
26 46
26 47
26 48
26 49
26 50
26 51
26 52
26 55
26 56
26 57
26 58
26 60
26 62
26 63
26 64
26 65
26 66
26 67
26 68
26 69
26 70
26 71
26 72
26 73
26 74
26 75
26 76
26 77
26 79
26 80
26 81
26 82
26 83
26 84
26 85
26 86
26 90
26 91
26 93
26 94
26 97
26 98
26 100
26 101
26 102
26 103
26 105
26 106
26 107
26 108
26 109
26 110
26 111
26 112
26 113
26 114
26 116
26 118
26 123
26 125
26 129
26 130
26 133
26 134
26 135
26 136
26 137
26 138
26 140
26 142
26 143
26 145
26 146
26 147
26 148
26 149
26 151
26 152
26 153
26 154
26 155
26 156
26 157
26 158
26 159
26 160
27 28
27 38
27 46
27 49
27 52
27 54
27 55
27 64
27 65
27 68
27 70
27 74
27 79
27 88
27 94
27 100
27 106
27 107
27 110
27 117
27 119
27 120
27 128
27 130
27 131
27 134
27 136
27 139
27 142
27 150
27 153
27 157
27 158
28 31
28 32
28 33
28 39
28 40
28 49
28 50
28 51
28 52
28 55
28 56
28 58
28 59
28 61
28 62
28 63
28 64
28 65
28 66
28 67
28 70
28 72
28 73
28 74
28 81
28 84
28 86
28 93
28 101
28 102
28 103
28 104
28 106
28 107
28 109
28 110
28 112
28 113
28 118
28 124
28 125
28 129
28 131
28 132
28 133
28 134
28 136
28 141
28 142
28 151
28 152
28 153
28 155
28 158
28 159
28 160
28 161
29 33
29 34
29 38
29 39
29 40
29 43
29 44
29 49
29 51
29 56
29 58
29 59
29 63
29 64
29 66
29 67
29 68
29 74
29 77
29 86
29 89
29 91
29 93
29 94
29 100
29 102
29 103
29 106
29 108
29 110
29 112
29 113
29 115
29 119
29 127
29 130
29 131
29 133
29 134
29 136
29 137
29 142
29 143
29 145
29 146
29 148
29 150
29 151
29 153
29 154
29 158
29 161
30 31
30 32
30 33
30 35
30 37
30 39
30 40
30 41
30 42
30 43
30 45
30 46
30 49
30 51
30 53
30 54
30 55
30 56
30 58
30 62
30 63
30 65
30 66
30 67
30 68
30 69
30 70
30 71
30 72
30 73
30 74
30 75
30 77
30 79
30 81
30 82
30 87
30 88
30 89
30 91
30 92
30 94
30 95
30 96
30 99
30 100
30 101
30 102
30 104
30 106
30 107
30 108
30 109
30 111
30 112
30 113
30 114
30 115
30 116
30 117
30 118
30 119
30 120
30 122
30 123
30 124
30 125
30 126
30 127
30 128
30 129
30 130
30 131
30 133
30 134
30 135
30 136
30 137
30 138
30 139
30 140
30 141
30 142
30 143
30 145
30 146
30 147
30 151
30 152
30 153
30 154
30 156
30 157
30 158
30 160
30 161
31 32
31 35
31 36
31 38
31 39
31 40
31 42
31 43
31 44
31 45
31 46
31 48
31 49
31 51
31 53
31 54
31 55
31 56
31 57
31 58
31 62
31 63
31 64
31 65
31 66
31 67
31 68
31 69
31 70
31 71
31 72
31 73
31 74
31 75
31 76
31 77
31 79
31 80
31 83
31 84
31 85
31 86
31 87
31 88
31 89
31 90
31 91
31 92
31 93
31 94
31 96
31 99
31 100
31 102
31 103
31 105
31 106
31 107
31 108
31 109
31 111
31 112
31 113
31 114
31 115
31 116
31 117
31 118
31 119
31 120
31 123
31 125
31 126
31 129
31 130
31 131
31 132
31 134
31 136
31 137
31 138
31 139
31 140
31 141
31 142
31 143
31 146
31 147
31 149
31 150
31 151
31 152
31 153
31 154
31 155
31 156
31 157
31 158
31 159
31 161
32 34
32 35
32 36
32 37
32 38
32 40
32 43
32 44
32 45
32 46
32 48
32 49
32 50
32 51
32 52
32 54
32 55
32 56
32 58
32 60
32 61
32 62
32 63
32 65
32 66
32 67
32 68
32 69
32 70
32 71
32 72
32 73
32 74
32 77
32 79
32 80
32 81
32 82
32 83
32 86
32 89
32 91
32 92
32 94
32 95
32 96
32 97
32 98
32 99
32 100
32 101
32 102
32 103
32 104
32 105
32 106
32 108
32 111
32 113
32 114
32 115
32 116
32 117
32 118
32 120
32 125
32 127
32 128
32 131
32 133
32 134
32 137
32 138
32 141
32 142
32 146
32 147
32 148
32 151
32 152
32 153
32 154
32 156
32 157
32 158
32 159
32 161
33 35
33 38
33 44
33 45
33 51
33 54
33 63
33 64
33 67
33 68
33 69
33 78
33 79
33 88
33 92
33 101
33 105
33 106
33 107
33 109
33 113
33 114
33 117
33 125
33 128
33 129
33 130
33 131
33 133
33 150
33 152
33 153
34 37
34 38
34 44
34 45
34 46
34 47
34 48
34 49
34 51
34 52
34 54
34 56
34 58
34 63
34 64
34 65
34 67
34 68
34 69
34 70
34 71
34 72
34 74
34 76
34 77
34 80
34 81
34 83
34 84
34 87
34 88
34 89
34 91
34 93
34 99
34 101
34 103
34 104
34 105
34 107
34 108
34 109
34 111
34 112
34 114
34 115
34 116
34 117
34 118
34 120
34 121
34 125
34 129
34 130
34 131
34 133
34 134
34 135
34 137
34 138
34 139
34 142
34 143
34 147
34 148
34 151
34 152
34 155
34 157
34 160
35 37
35 38
35 39
35 40
35 42
35 43
35 44
35 45
35 46
35 48
35 49
35 50
35 51
35 53
35 54
35 55
35 56
35 58
35 59
35 60
35 62
35 66
35 67
35 68
35 69
35 70
35 71
35 72
35 73
35 74
35 75
35 78
35 79
35 84
35 85
35 86
35 88
35 89
35 90
35 91
35 93
35 94
35 97
35 98
35 99
35 100
35 101
35 102
35 103
35 104
35 105
35 106
35 107
35 108
35 109
35 110
35 111
35 112
35 113
35 114
35 115
35 116
35 117
35 119
35 122
35 123
35 125
35 126
35 129
35 132
35 133
35 134
35 135
35 136
35 139
35 141
35 142
35 145
35 146
35 147
35 149
35 150
35 151
35 152
35 154
35 157
35 158
35 160
35 161
36 38
36 39
36 41
36 42
36 44
36 49
36 51
36 53
36 54
36 55
36 56
36 62
36 63
36 64
36 66
36 67
36 68
36 69
36 71
36 72
36 74
36 75
36 76
36 77
36 78
36 79
36 85
36 86
36 87
36 88
36 89
36 94
36 97
36 102
36 106
36 107
36 109
36 110
36 111
36 114
36 115
36 116
36 117
36 122
36 125
36 126
36 127
36 131
36 133
36 134
36 137
36 138
36 142
36 143
36 145
36 146
36 148
36 150
36 152
36 156
36 157
37 38
37 40
37 43
37 44
37 45
37 46
37 49
37 51
37 52
37 54
37 56
37 58
37 61
37 63
37 64
37 66
37 67
37 68
37 69
37 70
37 72
37 74
37 78
37 83
37 84
37 86
37 93
37 94
37 96
37 98
37 99
37 101
37 103
37 107
37 108
37 109
37 112
37 113
37 114
37 115
37 118
37 122
37 125
37 126
37 127
37 130
37 131
37 134
37 139
37 142
37 145
37 147
37 150
37 151
37 153
37 154
37 158
38 40
38 41
38 43
38 44
38 45
38 46
38 48
38 51
38 52
38 53
38 54
38 55
38 56
38 58
38 59
38 61
38 63
38 64
38 65
38 67
38 68
38 70
38 71
38 72
38 73
38 74
38 75
38 76
38 79
38 80
38 83
38 86
38 87
38 89
38 92
38 93
38 94
38 97
38 99
38 100
38 101
38 102
38 105
38 106
38 107
38 108
38 109
38 110
38 112
38 114
38 116
38 117
38 118
38 121
38 123
38 124
38 126
38 127
38 129
38 130
38 131
38 132
38 133
38 134
38 136
38 137
38 138
38 140
38 141
38 142
38 145
38 147
38 150
38 151
38 152
38 153
38 154
38 155
38 157
38 158
38 159
39 40
39 43
39 44
39 45
39 49
39 50
39 51
39 52
39 53
39 54
39 55
39 56
39 57
39 64
39 65
39 66
39 67
39 68
39 69
39 70
39 73
39 74
39 77
39 81
39 85
39 88
39 89
39 91
39 92
39 94
39 95
39 97
39 101
39 105
39 106
39 107
39 108
39 109
39 113
39 114
39 117
39 118
39 127
39 129
39 135
39 137
39 139
39 141
39 142
39 146
39 147
39 148
39 151
39 152
39 153
39 154
39 158
40 41
40 43
40 44
40 45
40 46
40 47
40 49
40 50
40 51
40 52
40 53
40 54
40 55
40 56
40 57
40 58
40 59
40 62
40 63
40 64
40 65
40 66
40 67
40 68
40 69
40 70
40 71
40 72
40 73
40 74
40 75
40 76
40 77
40 79
40 81
40 82
40 83
40 84
40 85
40 86
40 88
40 89
40 90
40 92
40 94
40 95
40 96
40 97
40 98
40 99
40 100
40 101
40 102
40 103
40 104
40 105
40 106
40 107
40 108
40 111
40 112
40 114
40 115
40 116
40 117
40 118
40 119
40 124
40 125
40 126
40 128
40 129
40 130
40 131
40 132
40 133
40 134
40 137
40 138
40 139
40 142
40 143
40 146
40 147
40 148
40 150
40 152
40 153
40 154
40 155
40 157
40 158
40 159
40 160
40 161
41 47
41 54
41 56
41 63
41 64
41 65
41 67
41 69
41 71
41 72
41 73
41 76
41 77
41 79
41 86
41 90
41 91
41 94
41 96
41 97
41 99
41 101
41 102
41 105
41 106
41 109
41 113
41 116
41 117
41 118
41 119
41 125
41 127
41 130
41 133
41 134
41 136
41 140
41 142
41 148
41 152
41 154
42 43
42 44
42 52
42 55
42 56
42 58
42 61
42 62
42 65
42 66
42 68
42 72
42 73
42 74
42 75
42 76
42 77
42 79
42 80
42 89
42 90
42 93
42 94
42 98
42 102
42 109
42 112
42 114
42 115
42 116
42 125
42 126
42 129
42 130
42 133
42 141
42 142
42 145
42 146
42 150
42 151
42 152
42 156
42 158
42 160
43 45
43 49
43 50
43 51
43 52
43 55
43 56
43 58
43 61
43 62
43 64
43 65
43 66
43 67
43 68
43 69
43 70
43 71
43 72
43 74
43 76
43 77
43 78
43 79
43 81
43 83
43 85
43 87
43 88
43 91
43 93
43 94
43 95
43 96
43 97
43 99
43 101
43 102
43 106
43 114
43 115
43 117
43 118
43 119
43 120
43 124
43 125
43 126
43 127
43 129
43 130
43 131
43 133
43 134
43 137
43 141
43 142
43 143
43 145
43 146
43 149
43 150
43 151
43 152
43 153
43 154
43 156
43 157
43 158
43 159
43 160
43 161
44 45
44 46
44 48
44 49
44 51
44 53
44 54
44 55
44 58
44 63
44 64
44 67
44 68
44 69
44 70
44 72
44 73
44 74
44 75
44 76
44 77
44 78
44 79
44 82
44 84
44 85
44 86
44 87
44 89
44 93
44 94
44 101
44 102
44 103
44 104
44 105
44 106
44 108
44 109
44 111
44 113
44 114
44 115
44 116
44 117
44 118
44 126
44 130
44 131
44 134
44 136
44 137
44 138
44 141
44 142
44 146
44 147
44 149
44 150
44 151
44 152
44 153
44 157
44 158
44 161
45 46
45 49
45 51
45 54
45 56
45 60
45 64
45 65
45 66
45 68
45 69
45 70
45 71
45 72
45 73
45 74
45 75
45 76
45 78
45 79
45 81
45 82
45 84
45 88
45 89
45 90
45 93
45 96
45 97
45 98
45 99
45 100
45 101
45 102
45 103
45 104
45 105
45 106
45 107
45 111
45 112
45 113
45 114
45 115
45 117
45 118
45 120
45 123
45 125
45 127
45 129
45 130
45 131
45 133
45 134
45 135
45 136
45 137
45 138
45 139
45 141
45 142
45 143
45 144
45 145
45 146
45 147
45 148
45 149
45 150
45 151
45 152
45 154
45 156
45 158
45 159
45 160
46 49
46 50
46 51
46 53
46 55
46 56
46 59
46 62
46 63
46 65
46 66
46 67
46 68
46 69
46 70
46 71
46 72
46 74
46 75
46 76
46 77
46 80
46 86
46 89
46 91
46 92
46 93
46 94
46 97
46 102
46 104
46 105
46 106
46 108
46 109
46 112
46 113
46 114
46 115
46 116
46 117
46 118
46 125
46 129
46 130
46 131
46 133
46 134
46 137
46 138
46 141
46 142
46 143
46 146
46 149
46 150
46 151
46 153
46 154
46 158
47 49
47 51
47 53
47 55
47 64
47 67
47 69
47 70
47 72
47 74
47 75
47 77
47 82
47 89
47 100
47 102
47 106
47 108
47 112
47 116
47 118
47 129
47 131
47 142
47 152
47 154
47 158
48 49
48 54
48 55
48 56
48 67
48 70
48 71
48 72
48 73
48 74
48 76
48 83
48 84
48 86
48 89
48 94
48 95
48 97
48 99
48 101
48 106
48 107
48 108
48 109
48 112
48 113
48 115
48 117
48 129
48 131
48 133
48 134
48 137
48 138
48 142
48 143
48 147
48 151
48 154
49 50
49 51
49 53
49 54
49 56
49 57
49 58
49 59
49 61
49 63
49 65
49 67
49 68
49 69
49 70
49 71
49 72
49 73
49 74
49 75
49 76
49 77
49 79
49 82
49 83
49 84
49 86
49 88
49 89
49 91
49 92
49 94
49 95
49 97
49 99
49 100
49 101
49 102
49 104
49 105
49 106
49 107
49 108
49 110
49 111
49 112
49 114
49 115
49 117
49 118
49 119
49 121
49 123
49 125
49 126
49 127
49 128
49 129
49 130
49 131
49 132
49 133
49 134
49 135
49 136
49 137
49 138
49 139
49 140
49 141
49 142
49 143
49 144
49 146
49 147
49 148
49 150
49 151
49 152
49 154
49 155
49 157
49 158
49 159
49 160
49 161
50 51
50 52
50 54
50 56
50 57
50 58
50 61
50 62
50 63
50 64
50 66
50 67
50 68
50 70
50 72
50 73
50 75
50 77
50 79
50 83
50 84
50 87
50 88
50 91
50 93
50 94
50 97
50 98
50 99
50 100
50 101
50 102
50 108
50 109
50 111
50 112
50 114
50 115
50 116
50 118
50 119
50 123
50 128
50 131
50 137
50 138
50 139
50 141
50 142
50 146
50 147
50 148
50 149
50 151
50 152
50 154
50 156
50 158
50 159
50 161
51 52
51 53
51 54
51 55
51 56
51 58
51 59
51 60
51 61
51 62
51 63
51 64
51 65
51 66
51 67
51 68
51 69
51 70
51 71
51 72
51 73
51 77
51 79
51 80
51 81
51 83
51 84
51 85
51 86
51 87
51 88
51 89
51 90
51 92
51 93
51 94
51 96
51 97
51 98
51 100
51 101
51 102
51 104
51 105
51 106
51 108
51 109
51 110
51 111
51 112
51 113
51 114
51 115
51 117
51 118
51 119
51 121
51 125
51 126
51 127
51 128
51 131
51 133
51 134
51 135
51 136
51 137
51 138
51 139
51 141
51 142
51 143
51 145
51 146
51 147
51 150
51 151
51 152
51 153
51 154
51 156
51 157
51 158
51 159
51 160
51 161
52 54
52 55
52 56
52 58
52 64
52 65
52 67
52 68
52 71
52 73
52 74
52 75
52 76
52 79
52 84
52 88
52 91
52 92
52 94
52 95
52 97
52 101
52 102
52 103
52 104
52 105
52 106
52 107
52 108
52 113
52 114
52 115
52 116
52 118
52 120
52 126
52 127
52 131
52 133
52 136
52 137
52 142
52 145
52 146
52 147
52 150
52 151
52 152
52 153
52 156
52 158
52 159
52 160
52 161
53 54
53 55
53 56
53 57
53 58
53 63
53 64
53 65
53 66
53 69
53 71
53 72
53 74
53 75
53 79
53 80
53 84
53 86
53 87
53 89
53 91
53 94
53 97
53 98
53 101
53 103
53 107
53 109
53 111
53 119
53 120
53 125
53 126
53 129
53 131
53 133
53 134
53 135
53 138
53 142
53 143
53 145
53 147
53 153
53 154
53 155
53 157
54 55
54 56
54 57
54 58
54 59
54 60
54 61
54 62
54 63
54 64
54 65
54 67
54 68
54 69
54 70
54 71
54 72
54 74
54 75
54 76
54 77
54 78
54 79
54 80
54 81
54 82
54 83
54 87
54 88
54 89
54 93
54 94
54 96
54 97
54 98
54 101
54 103
54 104
54 105
54 106
54 107
54 108
54 109
54 110
54 111
54 112
54 113
54 114
54 115
54 117
54 118
54 119
54 121
54 124
54 125
54 126
54 128
54 129
54 130
54 131
54 132
54 134
54 135
54 136
54 137
54 138
54 139
54 141
54 142
54 143
54 144
54 145
54 146
54 147
54 149
54 150
54 151
54 152
54 153
54 154
54 156
54 157
54 158
54 159
54 161
55 56
55 59
55 64
55 65
55 66
55 67
55 68
55 69
55 70
55 71
55 74
55 75
55 76
55 77
55 80
55 83
55 85
55 87
55 88
55 89
55 93
55 94
55 95
55 96
55 97
55 100
55 103
55 105
55 106
55 109
55 111
55 112
55 113
55 114
55 116
55 117
55 122
55 125
55 126
55 129
55 130
55 131
55 133
55 134
55 136
55 138
55 142
55 143
55 145
55 148
55 149
55 150
55 151
55 153
55 154
55 159
55 160
56 58
56 59
56 61
56 63
56 65
56 66
56 67
56 68
56 69
56 71
56 72
56 73
56 74
56 75
56 76
56 77
56 79
56 84
56 85
56 86
56 87
56 88
56 89
56 90
56 92
56 93
56 94
56 95
56 96
56 97
56 98
56 100
56 101
56 104
56 105
56 106
56 107
56 108
56 109
56 110
56 111
56 112
56 114
56 115
56 116
56 117
56 118
56 119
56 122
56 128
56 129
56 130
56 131
56 132
56 133
56 134
56 135
56 136
56 137
56 139
56 140
56 141
56 142
56 144
56 145
56 147
56 149
56 150
56 151
56 152
56 153
56 154
56 155
56 156
56 157
56 158
56 160
57 58
57 66
57 68
57 69
57 70
57 72
57 77
57 79
57 80
57 84
57 89
57 92
57 93
57 97
57 101
57 105
57 106
57 108
57 115
57 116
57 117
57 118
57 120
57 121
57 124
57 125
57 126
57 129
57 131
57 132
57 133
57 136
57 137
57 138
57 142
57 145
57 152
57 153
57 154
57 158
58 59
58 60
58 61
58 64
58 65
58 67
58 68
58 72
58 74
58 75
58 76
58 77
58 79
58 80
58 81
58 83
58 84
58 85
58 86
58 88
58 89
58 93
58 95
58 96
58 102
58 103
58 106
58 108
58 109
58 110
58 111
58 112
58 113
58 114
58 115
58 116
58 117
58 118
58 125
58 126
58 128
58 131
58 133
58 134
58 137
58 138
58 141
58 146
58 147
58 149
58 150
58 151
58 153
58 154
58 155
58 158
58 160
58 161
59 61
59 62
59 63
59 65
59 67
59 68
59 69
59 70
59 71
59 72
59 73
59 74
59 77
59 85
59 88
59 89
59 90
59 94
59 95
59 97
59 99
59 101
59 105
59 106
59 108
59 109
59 111
59 112
59 115
59 117
59 119
59 127
59 129
59 131
59 133
59 137
59 138
59 139
59 142
59 143
59 145
59 146
59 147
59 148
59 149
59 150
59 152
59 154
59 155
59 161
60 64
60 65
60 67
60 74
60 76
60 88
60 89
60 91
60 97
60 103
60 105
60 108
60 109
60 114
60 115
60 116
60 117
60 136
60 137
60 147
60 151
60 154
61 63
61 65
61 66
61 67
61 69
61 70
61 71
61 72
61 73
61 74
61 75
61 77
61 79
61 83
61 84
61 87
61 89
61 91
61 93
61 95
61 97
61 99
61 101
61 103
61 107
61 108
61 109
61 111
61 113
61 114
61 117
61 120
61 126
61 127
61 128
61 130
61 134
61 140
61 141
61 143
61 144
61 145
61 149
61 150
61 151
61 152
61 153
61 154
61 157
61 160
62 64
62 65
62 69
62 70
62 71
62 77
62 79
62 84
62 85
62 86
62 87
62 88
62 89
62 90
62 92
62 94
62 95
62 97
62 102
62 103
62 105
62 106
62 107
62 109
62 113
62 114
62 115
62 117
62 125
62 126
62 127
62 129
62 130
62 131
62 132
62 137
62 138
62 145
62 146
62 151
62 153
62 154
62 155
62 158
62 159
63 64
63 65
63 66
63 67
63 68
63 70
63 71
63 72
63 73
63 74
63 76
63 79
63 80
63 82
63 83
63 84
63 86
63 87
63 88
63 89
63 93
63 94
63 97
63 98
63 99
63 101
63 103
63 104
63 105
63 106
63 108
63 109
63 112
63 113
63 114
63 116
63 117
63 118
63 119
63 120
63 121
63 122
63 125
63 128
63 129
63 132
63 133
63 135
63 137
63 138
63 139
63 140
63 141
63 142
63 143
63 146
63 149
63 150
63 151
63 153
63 154
63 157
63 160
64 65
64 66
64 67
64 69
64 70
64 72
64 73
64 74
64 75
64 77
64 80
64 81
64 82
64 83
64 84
64 86
64 87
64 89
64 90
64 91
64 92
64 93
64 94
64 98
64 99
64 100
64 101
64 102
64 104
64 105
64 106
64 107
64 108
64 109
64 111
64 112
64 113
64 114
64 115
64 116
64 117
64 118
64 119
64 122
64 127
64 128
64 129
64 130
64 131
64 133
64 134
64 136
64 137
64 138
64 139
64 140
64 141
64 142
64 143
64 145
64 146
64 147
64 148
64 149
64 150
64 151
64 152
64 153
64 154
64 156
64 157
64 158
64 159
64 160
64 161
65 66
65 67
65 68
65 69
65 70
65 71
65 72
65 73
65 74
65 75
65 76
65 77
65 78
65 79
65 80
65 82
65 83
65 84
65 85
65 86
65 87
65 88
65 89
65 90
65 91
65 92
65 96
65 97
65 98
65 101
65 102
65 104
65 105
65 106
65 107
65 108
65 109
65 111
65 112
65 113
65 114
65 115
65 116
65 117
65 119
65 122
65 125
65 127
65 128
65 129
65 131
65 132
65 133
65 135
65 136
65 137
65 138
65 139
65 140
65 142
65 144
65 146
65 147
65 150
65 151
65 152
65 153
65 154
65 155
65 157
65 159
65 160
65 161
66 70
66 71
66 72
66 74
66 75
66 77
66 79
66 80
66 81
66 83
66 86
66 88
66 91
66 92
66 94
66 95
66 97
66 98
66 99
66 101
66 106
66 107
66 108
66 109
66 111
66 112
66 114
66 115
66 116
66 117
66 118
66 120
66 121
66 125
66 127
66 131
66 134
66 136
66 137
66 138
66 139
66 140
66 141
66 142
66 145
66 147
66 149
66 150
66 151
66 154
66 157
66 158
67 68
67 69
67 70
67 71
67 73
67 74
67 76
67 77
67 80
67 85
67 87
67 88
67 89
67 90
67 91
67 92
67 93
67 94
67 96
67 97
67 98
67 99
67 100
67 101
67 102
67 106
67 108
67 109
67 110
67 111
67 112
67 113
67 114
67 115
67 116
67 118
67 122
67 125
67 126
67 128
67 129
67 130
67 131
67 132
67 133
67 134
67 135
67 136
67 137
67 138
67 139
67 141
67 142
67 143
67 147
67 148
67 149
67 150
67 151
67 152
67 153
67 154
67 156
67 157
67 158
67 159
67 160
67 161
68 69
68 70
68 71
68 72
68 74
68 75
68 76
68 77
68 79
68 80
68 84
68 85
68 86
68 88
68 89
68 91
68 93
68 94
68 95
68 97
68 99
68 100
68 101
68 102
68 104
68 105
68 106
68 107
68 108
68 109
68 112
68 113
68 114
68 115
68 116
68 117
68 118
68 125
68 128
68 129
68 132
68 133
68 134
68 135
68 137
68 138
68 139
68 140
68 141
68 142
68 145
68 146
68 147
68 149
68 150
68 151
68 152
68 153
68 154
68 157
68 158
68 160
68 161
69 70
69 71
69 72
69 73
69 74
69 76
69 77
69 78
69 79
69 81
69 83
69 84
69 85
69 86
69 88
69 89
69 91
69 92
69 93
69 95
69 98
69 101
69 102
69 103
69 105
69 106
69 108
69 109
69 112
69 113
69 114
69 115
69 116
69 117
69 118
69 120
69 122
69 123
69 125
69 126
69 128
69 129
69 130
69 131
69 133
69 134
69 135
69 137
69 138
69 139
69 140
69 141
69 142
69 143
69 144
69 147
69 149
69 150
69 151
69 152
69 153
69 154
69 156
69 158
69 159
69 160
69 161
70 71
70 72
70 73
70 74
70 75
70 76
70 77
70 79
70 80
70 81
70 82
70 83
70 84
70 85
70 87
70 88
70 89
70 90
70 91
70 93
70 94
70 95
70 99
70 101
70 102
70 106
70 107
70 108
70 110
70 111
70 112
70 113
70 114
70 115
70 116
70 117
70 118
70 120
70 122
70 123
70 124
70 126
70 129
70 130
70 131
70 133
70 134
70 135
70 136
70 137
70 138
70 141
70 142
70 143
70 145
70 146
70 147
70 148
70 150
70 151
70 152
70 154
70 155
70 156
70 157
70 158
70 159
70 161
71 72
71 73
71 74
71 75
71 76
71 79
71 80
71 81
71 84
71 86
71 87
71 88
71 89
71 92
71 93
71 94
71 95
71 97
71 99
71 101
71 102
71 103
71 105
71 106
71 107
71 108
71 111
71 113
71 114
71 115
71 118
71 125
71 127
71 129
71 130
71 131
71 132
71 133
71 134
71 136
71 137
71 140
71 141
71 142
71 143
71 147
71 149
71 150
71 151
71 154
71 155
71 156
71 157
71 158
71 159
71 160
71 161
72 73
72 74
72 75
72 76
72 77
72 78
72 79
72 80
72 81
72 82
72 83
72 84
72 85
72 86
72 87
72 88
72 89
72 90
72 91
72 94
72 95
72 96
72 97
72 99
72 100
72 101
72 102
72 103
72 105
72 106
72 107
72 108
72 109
72 110
72 111
72 112
72 113
72 114
72 115
72 116
72 117
72 118
72 120
72 121
72 125
72 127
72 129
72 130
72 131
72 132
72 133
72 134
72 135
72 138
72 139
72 142
72 145
72 146
72 148
72 150
72 151
72 152
72 153
72 154
72 157
72 158
72 159
72 160
72 161
73 74
73 76
73 77
73 80
73 81
73 83
73 85
73 87
73 88
73 89
73 91
73 92
73 93
73 94
73 96
73 97
73 98
73 99
73 100
73 101
73 102
73 106
73 108
73 109
73 110
73 112
73 113
73 114
73 115
73 117
73 118
73 119
73 122
73 124
73 125
73 129
73 131
73 133
73 135
73 137
73 138
73 141
73 142
73 143
73 146
73 147
73 148
73 149
73 150
73 151
73 152
73 153
73 154
73 157
73 158
74 75
74 76
74 77
74 78
74 79
74 80
74 81
74 82
74 84
74 85
74 86
74 87
74 89
74 90
74 91
74 93
74 94
74 95
74 96
74 97
74 98
74 101
74 102
74 103
74 104
74 105
74 106
74 107
74 108
74 110
74 111
74 112
74 113
74 114
74 115
74 117
74 120
74 121
74 124
74 125
74 126
74 127
74 129
74 130
74 131
74 133
74 134
74 135
74 136
74 137
74 138
74 139
74 141
74 142
74 145
74 147
74 149
74 150
74 152
74 154
74 155
74 157
74 158
74 160
74 161
75 77
75 78
75 79
75 81
75 82
75 83
75 84
75 88
75 89
75 91
75 94
75 95
75 96
75 97
75 98
75 100
75 101
75 104
75 105
75 106
75 108
75 110
75 112
75 113
75 114
75 115
75 116
75 117
75 118
75 121
75 125
75 129
75 130
75 133
75 136
75 138
75 139
75 140
75 142
75 146
75 149
75 150
75 153
75 154
75 157
75 158
76 80
76 86
76 89
76 91
76 95
76 102
76 106
76 108
76 112
76 116
76 117
76 126
76 129
76 131
76 134
76 135
76 137
76 138
76 142
76 143
76 146
76 147
76 148
76 153
76 154
76 157
76 158
77 80
77 82
77 83
77 85
77 86
77 88
77 90
77 92
77 93
77 94
77 96
77 97
77 98
77 100
77 101
77 104
77 108
77 109
77 112
77 113
77 114
77 115
77 116
77 118
77 119
77 124
77 125
77 130
77 131
77 133
77 136
77 137
77 138
77 139
77 141
77 142
77 145
77 146
77 147
77 149
77 151
77 152
77 153
77 154
77 158
77 159
78 80
78 89
78 94
78 97
78 101
78 106
78 114
78 116
78 134
78 146
78 147
78 152
78 158
79 82
79 83
79 84
79 85
79 86
79 87
79 88
79 91
79 92
79 93
79 94
79 95
79 97
79 98
79 99
79 100
79 101
79 102
79 104
79 105
79 106
79 107
79 108
79 109
79 110
79 111
79 112
79 113
79 114
79 115
79 117
79 118
79 120
79 124
79 125
79 126
79 128
79 129
79 130
79 131
79 133
79 134
79 135
79 136
79 137
79 138
79 139
79 140
79 141
79 142
79 143
79 145
79 146
79 147
79 148
79 150
79 151
79 152
79 153
79 154
79 155
79 157
79 158
79 159
79 160
79 161
80 81
80 83
80 86
80 89
80 91
80 97
80 98
80 99
80 101
80 102
80 105
80 108
80 109
80 113
80 114
80 116
80 118
80 122
80 125
80 128
80 129
80 130
80 133
80 134
80 135
80 136
80 137
80 142
80 145
80 146
80 149
80 150
80 151
80 152
80 153
80 154
80 156
80 157
80 158
80 161
81 84
81 87
81 94
81 99
81 104
81 105
81 106
81 107
81 108
81 112
81 113
81 115
81 116
81 117
81 118
81 125
81 129
81 131
81 133
81 134
81 135
81 138
81 141
81 142
81 145
81 146
81 147
81 149
81 151
81 152
81 153
81 154
81 156
81 157
81 159
82 84
82 86
82 89
82 90
82 91
82 93
82 97
82 98
82 100
82 105
82 108
82 114
82 115
82 117
82 118
82 119
82 129
82 130
82 133
82 134
82 142
82 147
82 150
82 151
82 153
82 158
82 159
83 85
83 92
83 93
83 94
83 97
83 98
83 99
83 101
83 102
83 106
83 107
83 115
83 116
83 118
83 125
83 127
83 130
83 131
83 132
83 133
83 136
83 137
83 138
83 141
83 142
83 143
83 145
83 146
83 147
83 148
83 149
83 150
83 154
84 88
84 89
84 91
84 94
84 95
84 97
84 98
84 101
84 102
84 106
84 109
84 113
84 116
84 117
84 118
84 121
84 125
84 128
84 129
84 133
84 134
84 135
84 136
84 137
84 138
84 139
84 140
84 141
84 142
84 143
84 146
84 147
84 148
84 150
84 151
84 152
84 153
84 154
84 155
84 157
84 158
84 161
85 90
85 91
85 94
85 97
85 98
85 101
85 102
85 105
85 109
85 110
85 112
85 113
85 114
85 117
85 118
85 123
85 130
85 135
85 137
85 138
85 139
85 142
85 145
85 146
85 151
85 155
85 158
86 93
86 94
86 97
86 99
86 106
86 108
86 111
86 115
86 118
86 121
86 123
86 125
86 128
86 129
86 131
86 133
86 134
86 137
86 138
86 139
86 142
86 146
86 147
86 151
86 152
86 154
86 156
86 157
86 158
86 159
86 161
87 89
87 90
87 94
87 95
87 97
87 98
87 101
87 102
87 103
87 104
87 105
87 107
87 108
87 109
87 112
87 115
87 117
87 118
87 124
87 125
87 126
87 129
87 131
87 132
87 133
87 134
87 136
87 137
87 138
87 142
87 146
87 150
87 151
87 152
87 153
87 154
87 157
87 158
87 160
87 161
88 89
88 91
88 92
88 94
88 96
88 97
88 102
88 104
88 106
88 107
88 108
88 109
88 110
88 112
88 113
88 114
88 115
88 116
88 117
88 118
88 126
88 128
88 129
88 131
88 134
88 138
88 139
88 142
88 145
88 146
88 151
88 152
88 153
88 154
88 157
89 90
89 91
89 92
89 94
89 96
89 97
89 98
89 101
89 102
89 103
89 105
89 106
89 108
89 109
89 111
89 112
89 113
89 114
89 115
89 116
89 117
89 118
89 121
89 122
89 123
89 125
89 126
89 128
89 130
89 131
89 132
89 133
89 135
89 137
89 138
89 139
89 142
89 143
89 144
89 145
89 146
89 147
89 148
89 150
89 151
89 152
89 153
89 154
89 156
89 157
89 158
89 159
89 160
90 92
90 93
90 94
90 97
90 101
90 102
90 108
90 113
90 115
90 117
90 125
90 129
90 130
90 138
90 140
90 151
90 152
90 154
90 158
91 94
91 97
91 98
91 102
91 103
91 106
91 107
91 108
91 110
91 113
91 117
91 126
91 129
91 130
91 131
91 133
91 134
91 137
91 138
91 145
91 146
91 147
91 149
91 150
91 151
91 152
91 153
91 154
91 155
91 158
91 159
91 160
92 93
92 94
92 97
92 101
92 102
92 106
92 107
92 112
92 114
92 115
92 118
92 119
92 120
92 121
92 131
92 133
92 138
92 146
92 147
92 149
92 150
92 152
92 153
92 158
92 159
93 94
93 95
93 97
93 103
93 104
93 106
93 113
93 114
93 118
93 119
93 125
93 129
93 131
93 133
93 135
93 137
93 139
93 140
93 141
93 142
93 143
93 144
93 145
93 151
93 152
93 158
93 159
94 96
94 97
94 98
94 101
94 104
94 105
94 106
94 107
94 108
94 109
94 110
94 111
94 112
94 114
94 115
94 116
94 117
94 118
94 124
94 125
94 126
94 130
94 131
94 132
94 133
94 135
94 136
94 137
94 138
94 139
94 140
94 141
94 142
94 146
94 148
94 149
94 151
94 152
94 153
94 154
94 155
94 156
94 157
94 158
94 159
95 96
95 97
95 99
95 102
95 104
95 105
95 106
95 108
95 110
95 111
95 114
95 125
95 126
95 127
95 128
95 131
95 133
95 134
95 137
95 138
95 141
95 146
95 147
95 150
95 151
95 152
95 154
96 99
96 101
96 102
96 106
96 108
96 112
96 113
96 114
96 115
96 126
96 133
96 137
96 138
96 139
96 142
96 143
96 147
96 149
96 152
96 153
96 158
97 98
97 99
97 101
97 103
97 104
97 105
97 106
97 108
97 109
97 112
97 113
97 114
97 116
97 117
97 121
97 122
97 125
97 127
97 129
97 130
97 131
97 133
97 134
97 135
97 136
97 137
97 138
97 142
97 145
97 146
97 147
97 149
97 150
97 151
97 152
97 153
97 154
97 157
97 158
97 159
97 160
97 161
98 99
98 102
98 106
98 111
98 112
98 114
98 115
98 118
98 128
98 131
98 133
98 134
98 135
98 137
98 138
98 139
98 140
98 141
98 142
98 145
98 146
98 150
98 151
98 154
98 158
98 159
99 101
99 105
99 106
99 108
99 111
99 112
99 113
99 115
99 118
99 120
99 123
99 125
99 126
99 128
99 129
99 130
99 131
99 133
99 136
99 138
99 139
99 142
99 151
99 152
99 154
99 155
100 101
100 104
100 105
100 106
100 108
100 110
100 112
100 113
100 114
100 115
100 117
100 118
100 125
100 134
100 142
100 143
100 147
100 158
101 102
101 103
101 104
101 105
101 106
101 107
101 108
101 109
101 110
101 111
101 112
101 113
101 114
101 115
101 116
101 117
101 118
101 120
101 121
101 124
101 125
101 126
101 127
101 128
101 129
101 130
101 131
101 132
101 133
101 134
101 135
101 136
101 137
101 138
101 139
101 140
101 141
101 142
101 144
101 145
101 149
101 150
101 151
101 152
101 153
101 154
101 155
101 156
101 157
101 158
101 159
101 160
101 161
102 104
102 106
102 108
102 109
102 112
102 113
102 114
102 115
102 116
102 117
102 118
102 122
102 125
102 127
102 128
102 129
102 130
102 132
102 135
102 137
102 138
102 139
102 140
102 141
102 142
102 146
102 147
102 148
102 149
102 151
102 152
102 153
102 154
102 157
102 158
102 159
102 160
102 161
103 105
103 106
103 108
103 109
103 113
103 114
103 117
103 118
103 119
103 121
103 125
103 129
103 130
103 131
103 135
103 136
103 139
103 141
103 142
103 145
103 148
103 150
103 151
103 152
103 153
103 157
103 160
104 108
104 111
104 112
104 115
104 116
104 125
104 126
104 128
104 133
104 134
104 136
104 137
104 138
104 139
104 142
104 143
104 146
104 147
104 149
104 151
104 154
104 155
104 159
105 106
105 107
105 108
105 109
105 110
105 112
105 113
105 114
105 115
105 116
105 117
105 118
105 121
105 122
105 124
105 125
105 126
105 129
105 130
105 131
105 133
105 134
105 137
105 138
105 139
105 140
105 141
105 142
105 144
105 146
105 147
105 150
105 151
105 153
105 155
105 157
105 158
105 160
106 107
106 108
106 109
106 111
106 112
106 113
106 114
106 115
106 116
106 117
106 118
106 122
106 123
106 124
106 125
106 126
106 127
106 128
106 129
106 130
106 131
106 132
106 133
106 134
106 136
106 137
106 138
106 140
106 141
106 142
106 143
106 145
106 147
106 148
106 150
106 151
106 152
106 154
106 157
106 158
106 159
106 160
106 161
107 108
107 111
107 112
107 117
107 118
107 122
107 123
107 126
107 128
107 129
107 131
107 132
107 134
107 137
107 138
107 139
107 141
107 142
107 145
107 146
107 147
107 150
107 151
107 152
107 154
107 157
107 160
108 109
108 111
108 112
108 113
108 114
108 115
108 117
108 118
108 121
108 122
108 123
108 125
108 126
108 127
108 128
108 129
108 132
108 134
108 135
108 137
108 138
108 139
108 141
108 142
108 143
108 145
108 146
108 147
108 149
108 151
108 152
108 153
108 154
108 155
108 156
108 157
108 159
108 160
108 161
109 111
109 112
109 113
109 114
109 115
109 116
109 117
109 123
109 125
109 126
109 127
109 129
109 131
109 133
109 134
109 136
109 138
109 140
109 141
109 142
109 144
109 146
109 147
109 150
109 152
109 153
109 154
109 157
109 158
109 159
110 111
110 112
110 115
110 116
110 117
110 126
110 130
110 131
110 133
110 134
110 137
110 142
110 145
110 147
110 151
110 152
110 158
110 161
111 112
111 113
111 114
111 117
111 118
111 127
111 128
111 129
111 131
111 134
111 136
111 137
111 138
111 139
111 140
111 141
111 142
111 143
111 145
111 146
111 147
111 150
111 151
111 152
111 153
111 154
111 157
111 158
112 113
112 114
112 115
112 116
112 117
112 118
112 121
112 123
112 125
112 128
112 129
112 131
112 133
112 134
112 135
112 137
112 138
112 139
112 140
112 141
112 142
112 144
112 146
112 147
112 150
112 153
112 154
112 157
112 159
112 160
112 161
113 114
113 115
113 116
113 117
113 118
113 119
113 120
113 121
113 123
113 124
113 125
113 126
113 128
113 129
113 130
113 131
113 132
113 133
113 134
113 135
113 136
113 137
113 138
113 139
113 141
113 142
113 146
113 147
113 149
113 150
113 151
113 152
113 153
113 154
113 155
113 158
113 160
113 161
114 115
114 116
114 117
114 119
114 120
114 123
114 124
114 125
114 129
114 130
114 131
114 133
114 134
114 135
114 136
114 137
114 138
114 139
114 140
114 141
114 142
114 143
114 146
114 147
114 149
114 150
114 151
114 152
114 153
114 154
114 155
114 156
114 157
114 158
114 160
114 161
115 116
115 118
115 123
115 125
115 127
115 129
115 130
115 131
115 133
115 135
115 136
115 137
115 138
115 139
115 141
115 142
115 143
115 145
115 146
115 147
115 148
115 150
115 151
115 152
115 153
115 154
115 155
115 157
115 158
115 159
115 160
116 117
116 118
116 124
116 126
116 129
116 130
116 131
116 133
116 134
116 135
116 137
116 138
116 140
116 141
116 142
116 146
116 150
116 151
116 152
116 153
116 154
116 157
116 161
117 118
117 120
117 123
117 125
117 126
117 128
117 129
117 130
117 131
117 132
117 133
117 134
117 135
117 137
117 139
117 140
117 141
117 142
117 144
117 146
117 149
117 150
117 151
117 152
117 154
117 155
117 156
117 157
117 159
117 160
117 161
118 119
118 120
118 121
118 123
118 125
118 126
118 127
118 129
118 130
118 131
118 132
118 134
118 135
118 138
118 139
118 141
118 143
118 144
118 147
118 148
118 149
118 150
118 151
118 152
118 153
118 154
118 155
118 157
118 160
118 161
119 126
119 130
119 131
119 133
119 137
119 138
119 139
119 140
119 141
119 142
119 146
119 149
119 151
119 157
119 158
119 160
120 123
120 125
120 129
120 131
120 133
120 136
120 137
120 138
120 142
120 149
120 150
120 157
120 158
121 129
121 130
121 131
121 139
121 142
121 143
121 145
121 147
121 150
121 152
121 154
121 159
122 128
122 129
122 131
122 133
122 135
122 138
122 150
122 154
122 155
123 135
123 142
123 158
123 160
124 127
124 129
124 131
124 136
124 137
124 138
124 139
124 142
124 146
124 147
124 150
124 152
124 153
124 154
124 159
125 126
125 127
125 128
125 129
125 130
125 131
125 133
125 135
125 137
125 138
125 139
125 145
125 147
125 148
125 149
125 150
125 151
125 152
125 153
125 154
125 157
125 158
126 129
126 130
126 131
126 133
126 134
126 137
126 138
126 139
126 142
126 144
126 146
126 147
126 149
126 151
126 152
126 153
126 154
126 157
126 158
126 160
127 129
127 131
127 134
127 135
127 136
127 137
127 139
127 142
127 145
127 146
127 151
127 153
127 154
127 157
127 158
128 129
128 130
128 133
128 134
128 137
128 138
128 139
128 147
128 151
128 152
128 153
128 154
128 155
128 157
128 159
129 130
129 131
129 133
129 134
129 135
129 136
129 137
129 138
129 139
129 142
129 143
129 144
129 147
129 150
129 151
129 152
129 153
129 154
129 155
129 156
129 157
129 159
129 160
129 161
130 131
130 134
130 135
130 136
130 138
130 139
130 141
130 142
130 146
130 147
130 150
130 151
130 152
130 153
130 154
130 155
130 158
130 159
131 132
131 133
131 134
131 136
131 138
131 140
131 141
131 142
131 143
131 145
131 146
131 147
131 148
131 149
131 150
131 151
131 152
131 153
131 154
131 155
131 157
131 158
131 159
131 160
132 146
132 152
132 153
132 157
133 134
133 135
133 137
133 138
133 139
133 140
133 141
133 142
133 143
133 146
133 147
133 148
133 149
133 150
133 151
133 152
133 153
133 154
133 155
133 157
133 159
133 160
133 161
134 135
134 137
134 138
134 139
134 140
134 141
134 142
134 145
134 146
134 147
134 148
134 149
134 150
134 151
134 152
134 153
134 154
134 155
134 156
134 158
134 160
134 161
135 138
135 141
135 142
135 147
135 151
135 152
135 153
135 154
135 157
135 158
135 160
136 137
136 138
136 139
136 141
136 142
136 146
136 147
136 149
136 150
136 154
136 157
136 158
137 138
137 139
137 141
137 142
137 145
137 146
137 147
137 149
137 150
137 153
137 154
137 155
137 157
137 158
137 159
137 160
138 139
138 141
138 142
138 143
138 144
138 145
138 146
138 147
138 148
138 149
138 150
138 151
138 152
138 153
138 154
138 157
138 158
138 159
138 161
139 141
139 142
139 145
139 146
139 148
139 149
139 150
139 151
139 152
139 153
139 154
139 155
139 157
139 158
139 160
139 161
140 142
140 146
140 147
140 149
140 150
140 152
140 153
140 154
140 157
140 158
141 142
141 146
141 147
141 148
141 150
141 151
141 152
141 153
141 154
141 157
141 160
142 145
142 147
142 148
142 150
142 151
142 152
142 153
142 154
142 156
142 157
142 158
142 159
142 160
143 147
143 149
143 150
143 153
143 154
143 157
143 158
144 151
144 152
144 157
145 148
145 149
145 150
145 151
145 153
145 154
145 157
145 158
145 159
146 147
146 149
146 150
146 151
146 152
146 153
146 158
147 148
147 150
147 151
147 154
147 157
147 158
147 159
147 160
147 161
148 149
148 151
148 152
148 154
148 157
149 150
149 151
149 152
149 154
149 157
149 161
150 152
150 153
150 154
150 155
150 157
150 158
150 160
150 161
151 152
151 153
151 154
151 155
151 156
151 157
151 158
151 159
151 161
152 154
152 155
152 157
152 158
152 159
152 160
152 161
153 157
153 158
153 159
154 155
154 156
154 157
154 158
154 161
155 157
155 158
155 161
156 158
157 158
157 161
158 160
158 161
160 161
