0 7
0 8
0 10
0 11
0 14
0 19
0 21
0 23
0 30
0 31
0 32
0 37
0 38
0 39
0 47
0 49
0 50
0 52
0 54
0 56
0 59
0 60
0 61
0 66
0 68
0 70
0 72
0 74
0 76
0 77
0 79
0 80
0 86
0 88
0 89
0 94
0 108
0 109
0 111
0 113
0 114
0 115
0 117
0 123
0 126
0 128
0 132
0 133
0 134
0 143
0 145
0 147
0 150
0 151
0 152
0 153
0 155
1 2
1 4
1 6
1 7
1 8
1 10
1 15
1 16
1 19
1 21
1 22
1 25
1 26
1 30
1 31
1 32
1 37
1 38
1 40
1 46
1 49
1 51
1 56
1 58
1 59
1 61
1 64
1 65
1 69
1 70
1 71
1 73
1 74
1 75
1 82
1 84
1 88
1 89
1 90
1 91
1 92
1 101
1 102
1 106
1 112
1 115
1 116
1 117
1 118
1 126
1 129
1 130
1 131
1 134
1 136
1 137
1 138
1 139
1 141
1 142
1 146
1 149
1 152
1 156
1 160
1 161
2 4
2 6
2 9
2 10
2 11
2 12
2 15
2 16
2 18
2 19
2 21
2 30
2 36
2 37
2 39
2 40
2 54
2 56
2 63
2 65
2 67
2 68
2 69
2 71
2 73
2 74
2 75
2 76
2 79
2 91
2 99
2 101
2 107
2 112
2 113
2 114
2 115
2 119
2 121
2 126
2 127
2 132
2 134
2 137
2 139
2 147
2 154
3 4
3 6
3 10
3 13
3 14
3 32
3 34
3 35
3 39
3 43
3 45
3 51
3 56
3 60
3 63
3 64
3 65
3 66
3 67
3 70
3 73
3 75
3 82
3 83
3 84
3 98
3 99
3 102
3 103
3 109
3 114
3 117
3 118
3 119
3 125
3 129
3 131
3 134
3 135
3 138
3 143
3 146
3 147
3 150
3 151
3 152
3 153
3 155
3 161
4 6
4 7
4 8
4 10
4 12
4 13
4 14
4 15
4 16
4 19
4 20
4 21
4 25
4 26
4 29
4 30
4 31
4 32
4 34
4 37
4 38
4 39
4 40
4 41
4 43
4 44
4 45
4 48
4 49
4 50
4 53
4 54
4 55
4 56
4 58
4 62
4 63
4 64
4 65
4 66
4 67
4 68
4 69
4 70
4 71
4 72
4 73
4 74
4 75
4 79
4 80
4 81
4 82
4 83
4 84
4 88
4 89
4 92
4 93
4 94
4 95
4 96
4 97
4 99
4 100
4 101
4 105
4 106
4 108
4 109
4 111
4 112
4 113
4 114
4 115
4 117
4 118
4 120
4 121
4 125
4 126
4 129
4 134
4 135
4 138
4 142
4 143
4 145
4 146
4 147
4 151
4 152
4 155
4 157
4 159
4 160
4 161
5 6
5 7
5 8
5 12
5 13
5 19
5 26
5 31
5 39
5 40
5 49
5 51
5 54
5 67
5 69
5 77
5 79
5 80
5 84
5 87
5 94
5 107
5 109
5 113
5 114
5 115
5 121
5 124
5 127
5 129
5 133
5 134
5 135
5 138
5 139
5 142
5 147
5 153
5 157
5 159
6 7
6 8
6 9
6 10
6 11
6 12
6 13
6 14
6 15
6 16
6 19
6 20
6 23
6 24
6 26
6 29
6 30
6 31
6 32
6 35
6 36
6 37
6 38
6 40
6 41
6 42
6 43
6 45
6 46
6 49
6 50
6 54
6 55
6 56
6 57
6 58
6 59
6 61
6 62
6 64
6 65
6 67
6 68
6 69
6 70
6 71
6 72
6 73
6 74
6 75
6 76
6 78
6 79
6 82
6 83
6 84
6 86
6 88
6 89
6 91
6 93
6 94
6 97
6 99
6 101
6 102
6 103
6 104
6 105
6 106
6 107
6 110
6 111
6 112
6 113
6 114
6 117
6 118
6 119
6 122
6 125
6 126
6 127
6 129
6 130
6 131
6 133
6 134
6 135
6 136
6 137
6 138
6 139
6 141
6 142
6 144
6 145
6 146
6 147
6 149
6 150
6 151
6 152
6 153
6 157
6 158
6 161
7 9
7 11
7 14
7 15
7 18
7 20
7 23
7 24
7 26
7 28
7 30
7 31
7 35
7 37
7 39
7 40
7 43
7 44
7 45
7 46
7 47
7 48
7 49
7 50
7 51
7 52
7 54
7 55
7 56
7 57
7 58
7 59
7 64
7 65
7 66
7 68
7 69
7 70
7 71
7 73
7 74
7 75
7 78
7 79
7 81
7 82
7 83
7 84
7 86
7 90
7 92
7 93
7 94
7 97
7 99
7 102
7 103
7 104
7 105
7 106
7 108
7 110
7 111
7 112
7 113
7 114
7 115
7 116
7 117
7 122
7 123
7 125
7 127
7 128
7 129
7 131
7 132
7 134
7 135
7 136
7 137
7 138
7 141
7 146
7 147
7 148
7 149
7 151
7 152
7 153
7 154
7 155
7 157
7 158
7 160
7 161
8 19
8 26
8 28
8 32
8 41
8 44
8 49
8 50
8 51
8 56
8 61
8 62
8 64
8 65
8 67
8 68
8 69
8 70
8 73
8 75
8 76
8 80
8 84
8 85
8 86
8 89
8 92
8 98
8 102
8 105
8 106
8 107
8 114
8 115
8 125
8 127
8 129
8 130
8 134
8 137
8 138
8 139
8 148
8 152
8 158
9 10
9 13
9 14
9 15
9 19
9 22
9 26
9 27
9 28
9 30
9 31
9 35
9 36
9 38
9 40
9 41
9 44
9 45
9 49
9 50
9 51
9 52
9 54
9 55
9 56
9 60
9 63
9 64
9 67
9 68
9 70
9 71
9 72
9 73
9 75
9 77
9 80
9 83
9 84
9 86
9 89
9 91
9 94
9 95
9 97
9 98
9 99
9 101
9 103
9 105
9 108
9 109
9 110
9 111
9 112
9 113
9 115
9 117
9 119
9 123
9 125
9 126
9 127
9 129
9 130
9 131
9 132
9 134
9 135
9 136
9 137
9 141
9 142
9 143
9 145
9 146
9 147
9 148
9 150
9 153
9 154
9 156
9 158
9 161
10 14
10 17
10 19
10 31
10 32
10 35
10 36
10 37
10 38
10 39
10 46
10 50
10 51
10 52
10 57
10 59
10 61
10 63
10 66
10 70
10 76
10 77
10 78
10 84
10 85
10 87
10 88
10 89
10 92
10 95
10 96
10 100
10 102
10 105
10 107
10 108
10 109
10 114
10 115
10 116
10 117
10 118
10 125
10 129
10 131
10 133
10 137
10 138
10 139
10 140
10 141
10 142
10 147
10 149
10 150
10 151
10 152
10 154
10 158
11 12
11 16
11 19
11 21
11 24
11 26
11 30
11 31
11 34
11 35
11 38
11 39
11 40
11 42
11 43
11 44
11 45
11 46
11 49
11 51
11 54
11 56
11 58
11 61
11 63
11 64
11 65
11 67
11 68
11 69
11 70
11 71
11 72
11 74
11 76
11 77
11 79
11 80
11 82
11 84
11 87
11 89
11 91
11 92
11 94
11 97
11 101
11 102
11 104
11 106
11 109
11 115
11 118
11 119
11 120
11 122
11 123
11 124
11 126
11 128
11 129
11 134
11 136
11 137
11 138
11 139
11 140
11 142
11 143
11 145
11 146
11 147
11 148
11 152
11 153
11 154
11 157
11 158
11 161
12 14
12 18
12 21
12 26
12 28
12 31
12 36
12 38
12 40
12 42
12 45
12 46
12 47
12 51
12 52
12 56
12 58
12 62
12 64
12 67
12 68
12 69
12 73
12 74
12 77
12 80
12 82
12 88
12 89
12 96
12 97
12 101
12 102
12 104
12 105
12 108
12 111
12 112
12 113
12 115
12 116
12 117
12 118
12 119
12 129
12 131
12 133
12 138
12 145
12 146
12 147
12 149
12 152
12 158
12 159
12 161
13 14
13 15
13 18
13 19
13 20
13 21
13 22
13 24
13 26
13 31
13 33
13 35
13 36
13 37
13 38
13 39
13 40
13 44
13 46
13 50
13 51
13 54
13 56
13 61
13 62
13 64
13 66
13 67
13 72
13 73
13 75
13 79
13 80
13 82
13 83
13 84
13 87
13 88
13 89
13 91
13 92
13 96
13 101
13 102
13 105
13 106
13 108
13 109
13 111
13 112
13 115
13 116
13 117
13 118
13 121
13 125
13 129
13 130
13 133
13 134
13 136
13 139
13 146
13 147
13 150
13 152
13 153
13 154
13 156
13 157
14 16
14 18
14 19
14 20
14 21
14 23
14 24
14 25
14 26
14 27
14 30
14 31
14 32
14 33
14 34
14 35
14 36
14 37
14 43
14 44
14 45
14 46
14 48
14 49
14 51
14 52
14 54
14 56
14 57
14 58
14 59
14 61
14 62
14 63
14 64
14 65
14 66
14 67
14 68
14 69
14 70
14 71
14 72
14 74
14 75
14 76
14 77
14 79
14 83
14 85
14 86
14 87
14 89
14 94
14 95
14 97
14 99
14 100
14 102
14 104
14 106
14 107
14 108
14 109
14 110
14 111
14 113
14 115
14 117
14 118
14 120
14 125
14 126
14 129
14 130
14 131
14 132
14 133
14 135
14 136
14 137
14 138
14 140
14 141
14 142
14 143
14 145
14 146
14 147
14 148
14 150
14 151
14 152
14 153
14 154
14 156
14 158
14 161
15 19
15 23
15 26
15 30
15 31
15 35
15 43
15 44
15 47
15 49
15 51
15 52
15 54
15 64
15 65
15 67
15 68
15 69
15 70
15 71
15 72
15 74
15 77
15 79
15 80
15 83
15 87
15 88
15 92
15 94
15 97
15 98
15 101
15 104
15 106
15 108
15 113
15 114
15 115
15 118
15 123
15 131
15 138
15 139
15 142
15 149
15 154
15 155
15 161
16 19
16 21
16 22
16 25
16 26
16 36
16 40
16 46
16 49
16 50
16 51
16 54
16 55
16 56
16 57
16 58
16 61
16 66
16 67
16 68
16 70
16 71
16 72
16 74
16 86
16 87
16 88
16 96
16 98
16 99
16 101
16 105
16 106
16 107
16 108
16 109
16 110
16 111
16 112
16 113
16 115
16 122
16 124
16 125
16 128
16 129
16 130
16 131
16 134
16 135
16 139
16 141
16 142
16 143
16 145
16 147
16 152
16 154
16 156
17 19
17 23
17 25
17 26
17 38
17 39
17 45
17 49
17 51
17 52
17 63
17 69
17 72
17 77
17 87
17 88
17 94
17 97
17 103
17 104
17 106
17 110
17 112
17 113
17 115
17 125
17 138
17 143
17 146
17 151
18 21
18 26
18 29
18 30
18 31
18 36
18 37
18 38
18 43
18 44
18 49
18 50
18 52
18 54
18 56
18 59
18 63
18 64
18 65
18 67
18 69
18 70
18 71
18 72
18 73
18 74
18 79
18 80
18 84
18 86
18 89
18 102
18 103
18 106
18 108
18 112
18 113
18 114
18 115
18 117
18 118
18 121
18 134
18 136
18 140
18 142
18 147
18 149
18 154
18 156
18 161
19 20
19 22
19 23
19 25
19 26
19 27
19 28
19 29
19 30
19 31
19 32
19 34
19 35
19 36
19 37
19 38
19 43
19 45
19 46
19 48
19 49
19 50
19 51
19 52
19 53
19 54
19 55
19 56
19 58
19 61
19 63
19 64
19 65
19 66
19 67
19 68
19 69
19 70
19 71
19 72
19 73
19 74
19 76
19 79
19 80
19 83
19 85
19 86
19 87
19 89
19 91
19 95
19 96
19 97
19 98
19 99
19 100
19 102
19 103
19 104
19 105
19 106
19 107
19 108
19 109
19 110
19 111
19 113
19 114
19 115
19 117
19 118
19 119
19 122
19 123
19 124
19 125
19 126
19 128
19 129
19 131
19 132
19 133
19 135
19 137
19 138
19 139
19 140
19 141
19 142
19 143
19 145
19 146
19 147
19 149
19 150
19 152
19 154
19 156
19 157
19 159
20 27
20 32
20 38
20 39
20 43
20 49
20 50
20 54
20 59
20 61
20 64
20 65
20 66
20 67
20 68
20 69
20 70
20 71
20 74
20 79
20 80
20 81
20 82
20 91
20 102
20 105
20 107
20 109
20 122
20 126
20 134
20 136
20 137
20 142
20 146
20 150
20 151
20 154
20 157
20 158
21 22
21 24
21 25
21 26
21 27
21 30
21 31
21 32
21 33
21 35
21 36
21 38
21 40
21 43
21 46
21 47
21 49
21 50
21 51
21 54
21 55
21 56
21 58
21 62
21 65
21 66
21 67
21 68
21 69
21 72
21 73
21 74
21 75
21 77
21 78
21 79
21 83
21 84
21 86
21 87
21 89
21 94
21 96
21 97
21 98
21 99
21 101
21 102
21 103
21 105
21 106
21 108
21 110
21 113
21 114
21 115
21 117
21 118
21 121
21 122
21 125
21 129
21 132
21 134
21 135
21 136
21 137
21 138
21 139
21 141
21 142
21 144
21 145
21 146
21 149
21 151
21 153
21 154
21 155
21 156
21 157
21 161
22 25
22 26
22 27
22 36
22 38
22 39
22 45
22 46
22 49
22 54
22 56
22 58
22 59
22 61
22 65
22 69
22 70
22 74
22 75
22 77
22 85
22 87
22 97
22 101
22 105
22 106
22 108
22 109
22 118
22 134
22 137
22 138
22 140
22 149
22 153
22 154
22 159
23 24
23 26
23 28
23 29
23 30
23 31
23 32
23 40
23 44
23 47
23 48
23 49
23 51
23 52
23 56
23 61
23 63
23 65
23 67
23 68
23 69
23 70
23 74
23 79
23 84
23 87
23 94
23 96
23 97
23 98
23 99
23 101
23 103
23 106
23 108
23 112
23 114
23 118
23 119
23 129
23 133
23 134
23 137
23 142
23 146
23 149
23 150
23 153
23 154
23 157
23 158
24 25
24 26
24 31
24 35
24 40
24 43
24 44
24 49
24 50
24 56
24 58
24 59
24 62
24 65
24 67
24 68
24 70
24 71
24 72
24 75
24 76
24 86
24 90
24 94
24 97
24 106
24 108
24 113
24 114
24 116
24 119
24 122
24 126
24 134
24 137
24 138
24 139
24 143
24 145
24 149
24 151
24 157
25 26
25 32
25 35
25 37
25 38
25 42
25 43
25 44
25 45
25 49
25 50
25 51
25 53
25 54
25 56
25 57
25 58
25 59
25 60
25 61
25 63
25 64
25 65
25 69
25 70
25 71
25 72
25 74
25 77
25 83
25 84
25 85
25 87
25 88
25 89
25 91
25 92
25 93
25 94
25 95
25 96
25 101
25 104
25 105
25 106
25 107
25 108
25 109
25 110
25 113
25 116
25 117
25 118
25 120
25 122
25 128
25 129
25 130
25 132
25 133
25 134
25 135
25 139
25 141
25 142
25 146
25 147
25 151
25 152
25 154
25 155
25 157
25 158
25 159
25 161
26 27
26 29
26 30
26 31
26 34
26 35
26 36
26 38
26 40
26 42
26 43
26 44
26 45
26 46
26 49
26 51
26 52
26 53
26 56
26 57
26 58
26 60
26 61
26 62
26 63
26 64
26 65
26 66
26 67
26 68
26 69
26 70
26 71
26 73
26 74
26 75
26 77
26 78
26 79
26 80
26 81
26 82
26 83
26 84
26 86
26 87
26 92
26 93
26 94
26 95
26 96
26 97
26 98
26 100
26 101
26 103
26 104
26 105
26 106
26 108
26 113
26 114
26 115
26 116
26 117
26 118
26 119
26 125
26 126
26 127
26 131
26 133
26 134
26 137
26 139
26 141
26 142
26 145
26 146
26 147
26 148
26 151
26 152
26 153
26 154
26 157
26 160
27 28
27 31
27 35
27 36
27 39
27 46
27 55
27 63
27 66
27 67
27 68
27 70
27 73
27 74
27 79
27 87
27 89
27 96
27 102
27 107
27 116
27 117
27 120
27 135
27 136
27 137
27 141
27 143
27 146
27 152
27 155
27 157
27 158
27 161
28 30
28 32
28 36
28 37
28 38
28 40
28 42
28 46
28 49
28 51
28 52
28 58
28 60
28 61
28 64
28 65
28 68
28 70
28 71
28 73
28 83
28 86
28 89
28 94
28 96
28 97
28 106
28 108
28 114
28 117
28 121
28 126
28 131
28 132
28 133
28 134
28 137
28 138
28 139
28 141
28 146
28 147
28 151
28 154
28 157
29 32
29 37
29 40
29 45
29 51
29 54
29 57
29 64
29 65
29 66
29 69
29 70
29 83
29 86
29 91
29 94
29 96
29 101
29 102
29 105
29 106
29 108
29 112
29 113
29 117
29 118
29 124
29 127
29 128
29 135
29 138
29 147
29 152
29 153
29 154
29 157
29 159
30 31
30 36
30 38
30 39
30 40
30 42
30 44
30 45
30 46
30 53
30 54
30 55
30 56
30 57
30 59
30 60
30 61
30 63
30 64
30 65
30 66
30 67
30 68
30 69
30 72
30 73
30 74
30 77
30 78
30 79
30 81
30 83
30 84
30 87
30 88
30 89
30 91
30 92
30 94
30 99
30 101
30 102
30 104
30 105
30 106
30 107
30 108
30 109
30 111
30 112
30 115
30 116
30 118
30 125
30 128
30 129
30 131
30 133
30 135
30 137
30 138
30 142
30 143
30 145
30 147
30 149
30 150
30 151
30 152
30 154
30 155
30 157
30 158
30 159
30 161
31 32
31 33
31 36
31 38
31 39
31 42
31 43
31 44
31 45
31 49
31 50
31 51
31 52
31 53
31 54
31 55
31 56
31 58
31 63
31 65
31 66
31 67
31 68
31 69
31 70
31 71
31 72
31 73
31 74
31 75
31 76
31 79
31 82
31 83
31 84
31 85
31 87
31 88
31 92
31 93
31 95
31 97
31 98
31 99
31 100
31 102
31 103
31 106
31 107
31 108
31 109
31 111
31 112
31 113
31 114
31 115
31 118
31 119
31 120
31 121
31 125
31 126
31 127
31 128
31 129
31 130
31 131
31 133
31 134
31 135
31 137
31 138
31 139
31 141
31 142
31 145
31 148
31 149
31 150
31 151
31 152
31 153
31 154
31 156
31 157
31 158
31 159
31 160
31 161
32 35
32 36
32 38
32 39
32 40
32 42
32 43
32 44
32 45
32 46
32 48
32 49
32 51
32 52
32 54
32 56
32 58
32 59
32 61
32 63
32 64
32 65
32 66
32 67
32 68
32 69
32 70
32 72
32 74
32 76
32 77
32 79
32 82
32 84
32 85
32 88
32 89
32 90
32 92
32 94
32 96
32 98
32 101
32 102
32 103
32 104
32 105
32 109
32 111
32 113
32 114
32 115
32 116
32 117
32 119
32 125
32 129
32 130
32 131
32 133
32 134
32 135
32 136
32 137
32 138
32 139
32 141
32 143
32 145
32 146
32 147
32 148
32 149
32 150
32 151
32 152
32 154
32 155
32 157
32 158
32 159
32 161
33 39
33 40
33 46
33 49
33 54
33 55
33 61
33 64
33 67
33 70
33 85
33 94
33 97
33 107
33 117
33 118
33 128
33 135
33 139
33 143
33 147
33 154
34 35
34 39
34 42
34 47
34 49
34 50
34 51
34 52
34 54
34 61
34 62
34 63
34 64
34 65
34 69
34 71
34 73
34 75
34 78
34 84
34 86
34 92
34 101
34 103
34 106
34 108
34 112
34 115
34 118
34 125
34 128
34 131
34 134
34 137
34 138
34 146
34 150
34 151
34 154
34 156
34 157
34 158
34 160
35 36
35 38
35 39
35 40
35 41
35 43
35 45
35 46
35 48
35 49
35 52
35 54
35 56
35 57
35 59
35 60
35 62
35 63
35 64
35 65
35 67
35 69
35 70
35 71
35 72
35 73
35 74
35 75
35 76
35 77
35 79
35 83
35 85
35 87
35 88
35 90
35 92
35 93
35 94
35 95
35 101
35 102
35 103
35 106
35 108
35 110
35 111
35 113
35 114
35 115
35 116
35 118
35 126
35 128
35 129
35 131
35 133
35 135
35 136
35 138
35 139
35 141
35 142
35 151
35 152
35 153
35 154
35 156
35 161
36 38
36 39
36 42
36 43
36 44
36 46
36 51
36 54
36 56
36 57
36 58
36 62
36 63
36 64
36 65
36 66
36 68
36 69
36 70
36 72
36 73
36 79
36 84
36 87
36 88
36 89
36 90
36 92
36 94
36 98
36 101
36 103
36 105
36 106
36 108
36 109
36 113
36 115
36 118
36 121
36 122
36 124
36 126
36 129
36 130
36 134
36 137
36 138
36 139
36 141
36 142
36 143
36 145
36 147
36 150
36 152
36 153
36 155
36 156
36 158
36 159
36 160
37 38
37 40
37 42
37 43
37 45
37 49
37 54
37 56
37 58
37 63
37 67
37 68
37 73
37 81
37 82
37 85
37 87
37 94
37 95
37 100
37 101
37 102
37 103
37 107
37 111
37 112
37 114
37 115
37 133
37 134
37 135
37 139
37 145
37 152
37 153
37 154
37 157
37 160
37 161
38 40
38 41
38 44
38 45
38 47
38 53
38 55
38 56
38 58
38 59
38 62
38 63
38 64
38 65
38 67
38 68
38 69
38 70
38 71
38 75
38 76
38 77
38 79
38 82
38 84
38 87
38 89
38 91
38 92
38 93
38 94
38 95
38 98
38 99
38 103
38 104
38 108
38 109
38 110
38 112
38 113
38 115
38 117
38 121
38 124
38 125
38 129
38 133
38 135
38 136
38 137
38 138
38 139
38 140
38 141
38 142
38 143
38 145
38 146
38 147
38 150
38 151
38 152
38 153
38 154
38 156
38 157
38 158
38 161
39 44
39 45
39 48
39 49
39 51
39 54
39 55
39 58
39 59
39 63
39 64
39 65
39 68
39 70
39 72
39 74
39 75
39 79
39 85
39 87
39 88
39 89
39 97
39 99
39 100
39 101
39 103
39 106
39 108
39 109
39 110
39 111
39 112
39 115
39 117
39 118
39 124
39 125
39 126
39 129
39 130
39 134
39 136
39 138
39 140
39 142
39 146
39 149
39 152
39 154
39 155
39 157
39 158
39 159
39 161
40 41
40 43
40 44
40 45
40 46
40 49
40 50
40 51
40 52
40 54
40 55
40 58
40 59
40 60
40 62
40 63
40 64
40 65
40 66
40 69
40 70
40 72
40 74
40 76
40 79
40 81
40 83
40 84
40 85
40 86
40 87
40 88
40 89
40 92
40 93
40 94
40 97
40 98
40 99
40 101
40 103
40 106
40 107
40 108
40 109
40 110
40 111
40 113
40 114
40 115
40 117
40 118
40 122
40 123
40 125
40 126
40 128
40 129
40 131
40 132
40 136
40 137
40 138
40 139
40 140
40 141
40 142
40 145
40 146
40 147
40 149
40 150
40 152
40 153
40 155
40 156
40 157
40 159
40 160
40 161
41 44
41 45
41 49
41 53
41 54
41 55
41 68
41 70
41 72
41 79
41 84
41 95
41 97
41 109
41 114
41 126
41 128
41 129
41 130
41 138
41 147
41 149
41 151
41 152
41 158
42 44
42 45
42 47
42 51
42 53
42 54
42 58
42 61
42 63
42 66
42 68
42 70
42 72
42 75
42 77
42 81
42 85
42 88
42 90
42 91
42 93
42 97
42 100
42 101
42 102
42 106
42 112
42 118
42 126
42 127
42 137
42 138
42 139
42 140
42 142
42 143
42 147
42 149
42 152
42 155
42 161
43 45
43 49
43 52
43 55
43 59
43 61
43 63
43 64
43 66
43 67
43 68
43 69
43 73
43 79
43 84
43 85
43 88
43 90
43 92
43 94
43 96
43 100
43 103
43 105
43 106
43 108
43 114
43 118
43 119
43 121
43 125
43 126
43 130
43 131
43 134
43 137
43 138
43 139
43 141
43 142
43 143
43 145
43 146
43 147
43 152
43 153
43 154
43 155
43 159
43 161
44 46
44 48
44 49
44 52
44 54
44 56
44 58
44 65
44 66
44 67
44 68
44 69
44 70
44 71
44 72
44 74
44 79
44 82
44 83
44 84
44 85
44 87
44 89
44 92
44 94
44 95
44 97
44 102
44 103
44 105
44 106
44 108
44 109
44 111
44 112
44 114
44 115
44 117
44 118
44 124
44 130
44 131
44 133
44 134
44 135
44 136
44 137
44 141
44 142
44 145
44 147
44 149
44 151
44 152
44 154
44 157
44 161
45 46
45 49
45 50
45 51
45 53
45 56
45 57
45 58
45 60
45 62
45 63
45 65
45 66
45 68
45 69
45 70
45 72
45 73
45 74
45 77
45 78
45 79
45 80
45 83
45 84
45 85
45 86
45 87
45 88
45 89
45 91
45 93
45 95
45 97
45 99
45 101
45 103
45 104
45 105
45 106
45 108
45 109
45 110
45 111
45 113
45 114
45 115
45 117
45 118
45 119
45 121
45 122
45 123
45 125
45 126
45 129
45 131
45 132
45 133
45 134
45 138
45 139
45 140
45 142
45 146
45 147
45 150
45 151
45 152
45 153
45 154
45 157
46 49
46 50
46 51
46 56
46 59
46 61
46 62
46 63
46 64
46 65
46 66
46 67
46 71
46 72
46 74
46 76
46 77
46 79
46 80
46 81
46 83
46 88
46 89
46 92
46 96
46 99
46 101
46 102
46 103
46 105
46 108
46 109
46 112
46 117
46 125
46 126
46 127
46 128
46 130
46 131
46 133
46 137
46 138
46 140
46 141
46 142
46 144
46 150
46 151
46 152
46 154
46 155
46 157
46 159
46 160
47 49
47 50
47 55
47 57
47 68
47 69
47 74
47 86
47 98
47 101
47 106
47 107
47 108
47 114
47 115
47 118
47 124
47 129
47 131
47 133
47 136
47 146
47 150
47 160
48 49
48 50
48 51
48 57
48 58
48 59
48 66
48 67
48 72
48 74
48 77
48 85
48 89
48 91
48 93
48 97
48 100
48 102
48 105
48 113
48 116
48 129
48 131
48 134
48 138
48 140
48 141
48 147
48 148
48 152
48 155
48 159
49 52
49 53
49 54
49 56
49 57
49 59
49 60
49 62
49 64
49 66
49 67
49 68
49 69
49 70
49 71
49 72
49 73
49 77
49 79
49 80
49 84
49 85
49 86
49 87
49 90
49 92
49 93
49 94
49 96
49 97
49 98
49 99
49 100
49 101
49 102
49 103
49 105
49 106
49 107
49 110
49 112
49 113
49 114
49 115
49 116
49 118
49 122
49 126
49 127
49 128
49 129
49 131
49 133
49 134
49 137
49 139
49 141
49 142
49 144
49 145
49 148
49 150
49 152
49 154
49 155
49 159
49 160
50 54
50 55
50 58
50 60
50 64
50 65
50 67
50 68
50 69
50 70
50 71
50 72
50 74
50 75
50 76
50 78
50 85
50 87
50 92
50 93
50 94
50 95
50 96
50 98
50 99
50 101
50 102
50 105
50 106
50 107
50 108
50 109
50 114
50 115
50 116
50 117
50 120
50 126
50 133
50 134
50 136
50 137
50 140
50 141
50 142
50 146
50 147
50 152
50 158
51 52
51 53
51 54
51 56
51 58
51 59
51 60
51 61
51 62
51 64
51 65
51 66
51 67
51 68
51 69
51 70
51 72
51 73
51 74
51 75
51 76
51 79
51 80
51 82
51 83
51 88
51 89
51 91
51 93
51 96
51 98
51 99
51 100
51 101
51 102
51 104
51 105
51 107
51 108
51 109
51 110
51 111
51 112
51 113
51 114
51 115
51 117
51 118
51 124
51 126
51 128
51 129
51 130
51 131
51 134
51 135
51 136
51 137
51 138
51 140
51 142
51 143
51 145
51 146
51 147
51 150
51 151
51 152
51 153
51 154
51 155
51 157
51 158
51 160
51 161
52 58
52 63
52 64
52 66
52 67
52 69
52 70
52 72
52 73
52 74
52 80
52 86
52 87
52 88
52 90
52 94
52 98
52 100
52 101
52 114
52 115
52 116
52 117
52 118
52 121
52 125
52 127
52 128
52 129
52 131
52 133
52 137
52 140
52 141
52 142
52 143
52 149
52 150
52 151
52 152
52 153
52 154
52 157
52 158
52 161
53 55
53 56
53 64
53 66
53 67
53 68
53 69
53 71
53 74
53 75
53 88
53 95
53 99
53 100
53 101
53 106
53 108
53 109
53 111
53 112
53 113
53 114
53 115
53 116
53 118
53 125
53 126
53 130
53 131
53 136
53 137
53 138
53 139
53 144
53 145
53 146
53 147
53 148
53 149
53 150
53 154
53 157
53 158
53 161
54 56
54 57
54 58
54 59
54 60
54 61
54 62
54 63
54 64
54 65
54 66
54 67
54 68
54 69
54 71
54 72
54 73
54 74
54 76
54 77
54 79
54 81
54 82
54 83
54 84
54 86
54 88
54 89
54 90
54 91
54 94
54 95
54 96
54 97
54 99
54 101
54 102
54 103
54 105
54 107
54 108
54 109
54 110
54 111
54 112
54 113
54 115
54 117
54 118
54 125
54 126
54 127
54 129
54 132
54 133
54 135
54 137
54 138
54 140
54 141
54 142
54 146
54 148
54 150
54 151
54 152
54 153
54 154
54 155
54 156
54 157
54 158
54 160
54 161
55 56
55 57
55 61
55 63
55 64
55 67
55 68
55 69
55 70
55 71
55 72
55 73
55 75
55 76
55 80
55 81
55 85
55 86
55 87
55 90
55 91
55 93
55 96
55 101
55 102
55 105
55 106
55 107
55 111
55 112
55 114
55 125
55 126
55 127
55 132
55 134
55 136
55 137
55 142
55 145
55 146
55 150
55 151
55 152
55 153
55 154
55 156
55 157
55 158
55 159
55 160
56 57
56 59
56 61
56 62
56 63
56 64
56 65
56 66
56 67
56 68
56 69
56 70
56 72
56 73
56 77
56 79
56 81
56 84
56 85
56 86
56 87
56 88
56 89
56 90
56 91
56 94
56 98
56 100
56 101
56 102
56 103
56 104
56 105
56 106
56 107
56 109
56 110
56 111
56 114
56 115
56 116
56 117
56 118
56 121
56 125
56 126
56 128
56 129
56 130
56 131
56 133
56 134
56 136
56 137
56 138
56 139
56 142
56 143
56 145
56 146
56 148
56 149
56 150
56 151
56 152
56 154
56 155
56 158
56 160
56 161
57 64
57 66
57 67
57 71
57 72
57 76
57 83
57 84
57 86
57 88
57 91
57 93
57 94
57 103
57 104
57 107
57 109
57 110
57 113
57 114
57 115
57 118
57 120
57 133
57 137
57 138
57 139
57 143
57 145
57 147
57 154
58 65
58 71
58 72
58 75
58 76
58 77
58 78
58 79
58 82
58 84
58 88
58 89
58 91
58 96
58 97
58 101
58 102
58 104
58 105
58 106
58 109
58 110
58 112
58 116
58 118
58 121
58 125
58 126
58 128
58 129
58 131
58 133
58 135
58 136
58 138
58 140
58 142
58 143
58 144
58 147
58 149
58 151
58 152
58 158
58 159
58 160
58 161
59 61
59 63
59 64
59 66
59 68
59 69
59 70
59 71
59 74
59 79
59 81
59 83
59 84
59 86
59 87
59 91
59 94
59 95
59 96
59 99
59 101
59 108
59 109
59 111
59 112
59 114
59 115
59 118
59 122
59 124
59 125
59 129
59 131
59 132
59 134
59 135
59 137
59 138
59 139
59 140
59 141
59 142
59 143
59 146
59 147
59 149
59 150
59 160
59 161
60 61
60 64
60 69
60 73
60 74
60 86
60 89
60 93
60 95
60 99
60 105
60 108
60 109
60 112
60 113
60 125
60 126
60 146
60 151
60 153
61 64
61 66
61 67
61 70
61 72
61 73
61 74
61 75
61 78
61 79
61 80
61 83
61 84
61 88
61 94
61 95
61 98
61 99
61 102
61 106
61 107
61 108
61 109
61 110
61 114
61 117
61 118
61 121
61 125
61 129
61 131
61 133
61 137
61 138
61 141
61 142
61 143
61 145
61 147
61 154
61 157
61 158
61 160
62 64
62 65
62 67
62 68
62 69
62 70
62 72
62 73
62 74
62 82
62 89
62 95
62 108
62 109
62 110
62 111
62 112
62 117
62 118
62 121
62 123
62 125
62 127
62 129
62 130
62 131
62 134
62 137
62 138
62 142
62 147
62 152
62 154
62 159
63 64
63 65
63 66
63 67
63 68
63 70
63 71
63 72
63 73
63 74
63 75
63 85
63 86
63 88
63 89
63 92
63 94
63 97
63 101
63 102
63 104
63 106
63 107
63 108
63 112
63 113
63 115
63 117
63 118
63 121
63 123
63 125
63 126
63 129
63 130
63 131
63 132
63 134
63 135
63 137
63 139
63 142
63 143
63 147
63 150
63 151
63 152
63 153
63 154
63 159
64 67
64 68
64 69
64 70
64 71
64 72
64 73
64 74
64 75
64 77
64 79
64 82
64 85
64 86
64 87
64 88
64 89
64 91
64 92
64 93
64 94
64 97
64 100
64 101
64 102
64 103
64 105
64 106
64 107
64 108
64 109
64 112
64 114
64 116
64 117
64 118
64 122
64 125
64 126
64 129
64 130
64 131
64 134
64 135
64 136
64 137
64 138
64 140
64 141
64 142
64 143
64 146
64 147
64 149
64 150
64 151
64 152
64 153
64 154
64 155
64 156
64 157
64 158
64 159
64 160
65 67
65 68
65 69
65 70
65 71
65 72
65 75
65 77
65 80
65 81
65 82
65 83
65 84
65 85
65 86
65 87
65 89
65 93
65 94
65 95
65 96
65 97
65 98
65 100
65 101
65 102
65 103
65 105
65 106
65 108
65 109
65 110
65 112
65 114
65 115
65 116
65 117
65 118
65 119
65 122
65 125
65 127
65 128
65 129
65 130
65 131
65 132
65 133
65 136
65 137
65 138
65 139
65 140
65 141
65 142
65 143
65 144
65 145
65 147
65 149
65 150
65 152
65 153
65 154
65 157
65 159
65 160
65 161
66 68
66 69
66 70
66 71
66 74
66 77
66 79
66 81
66 82
66 85
66 90
66 92
66 94
66 100
66 101
66 105
66 106
66 109
66 110
66 112
66 114
66 117
66 118
66 121
66 126
66 127
66 129
66 133
66 137
66 138
66 139
66 141
66 142
66 147
66 148
66 149
66 150
66 154
66 155
66 156
66 157
66 159
66 160
66 161
67 68
67 69
67 70
67 72
67 74
67 75
67 76
67 77
67 79
67 82
67 85
67 87
67 88
67 91
67 92
67 93
67 97
67 99
67 101
67 102
67 103
67 105
67 106
67 107
67 108
67 109
67 110
67 111
67 112
67 113
67 114
67 115
67 116
67 117
67 118
67 119
67 123
67 124
67 125
67 126
67 127
67 129
67 130
67 131
67 132
67 133
67 135
67 136
67 138
67 139
67 141
67 142
67 143
67 145
67 146
67 147
67 148
67 149
67 150
67 151
67 152
67 156
67 157
67 158
67 159
67 160
67 161
68 69
68 70
68 71
68 73
68 74
68 75
68 76
68 79
68 83
68 86
68 87
68 88
68 89
68 94
68 95
68 96
68 97
68 101
68 102
68 104
68 105
68 106
68 107
68 108
68 109
68 110
68 111
68 112
68 113
68 114
68 115
68 120
68 121
68 126
68 127
68 129
68 132
68 134
68 136
68 137
68 138
68 141
68 142
68 143
68 146
68 147
68 148
68 150
68 151
68 152
68 153
68 154
68 156
68 157
68 158
68 159
69 71
69 72
69 73
69 76
69 79
69 84
69 88
69 89
69 90
69 92
69 93
69 94
69 97
69 100
69 102
69 105
69 106
69 107
69 108
69 109
69 110
69 111
69 113
69 114
69 115
69 117
69 118
69 123
69 125
69 129
69 130
69 131
69 133
69 134
69 138
69 139
69 140
69 141
69 142
69 146
69 147
69 148
69 149
69 150
69 151
69 152
69 153
69 154
69 157
69 158
70 71
70 72
70 73
70 74
70 75
70 76
70 77
70 78
70 79
70 81
70 82
70 83
70 84
70 85
70 86
70 88
70 89
70 94
70 96
70 97
70 100
70 101
70 102
70 103
70 104
70 106
70 107
70 108
70 109
70 110
70 112
70 114
70 117
70 118
70 121
70 122
70 124
70 126
70 127
70 128
70 129
70 130
70 131
70 132
70 133
70 134
70 137
70 138
70 139
70 142
70 145
70 146
70 147
70 148
70 150
70 151
70 152
70 153
70 154
70 155
70 156
70 157
70 158
70 159
70 160
70 161
71 72
71 74
71 75
71 77
71 79
71 82
71 84
71 86
71 87
71 88
71 89
71 90
71 93
71 94
71 95
71 100
71 105
71 106
71 107
71 108
71 110
71 111
71 112
71 113
71 114
71 115
71 117
71 118
71 121
71 122
71 125
71 128
71 133
71 134
71 135
71 137
71 138
71 139
71 142
71 146
71 147
71 150
71 152
71 154
71 156
71 157
71 158
71 159
72 74
72 75
72 76
72 77
72 79
72 80
72 81
72 82
72 86
72 87
72 88
72 89
72 90
72 91
72 92
72 93
72 96
72 99
72 100
72 101
72 102
72 103
72 104
72 105
72 106
72 107
72 108
72 110
72 112
72 113
72 114
72 115
72 116
72 117
72 118
72 119
72 124
72 125
72 126
72 128
72 129
72 131
72 133
72 134
72 135
72 136
72 137
72 138
72 139
72 141
72 142
72 143
72 145
72 146
72 147
72 151
72 152
72 153
72 154
72 157
72 158
72 159
73 74
73 75
73 76
73 80
73 84
73 85
73 87
73 90
73 91
73 92
73 94
73 97
73 99
73 105
73 106
73 107
73 108
73 109
73 110
73 111
73 112
73 113
73 114
73 115
73 116
73 117
73 118
73 126
73 128
73 129
73 130
73 131
73 133
73 136
73 137
73 138
73 139
73 140
73 141
73 142
73 145
73 146
73 147
73 148
73 149
73 150
73 152
73 153
73 156
73 158
73 159
73 161
74 77
74 79
74 80
74 81
74 82
74 83
74 84
74 85
74 86
74 87
74 88
74 89
74 90
74 91
74 92
74 93
74 94
74 95
74 96
74 97
74 98
74 101
74 102
74 103
74 105
74 106
74 108
74 109
74 111
74 112
74 113
74 114
74 115
74 116
74 117
74 118
74 121
74 122
74 125
74 126
74 127
74 128
74 129
74 131
74 132
74 133
74 134
74 135
74 137
74 138
74 139
74 141
74 142
74 143
74 145
74 146
74 147
74 148
74 150
74 151
74 152
74 154
74 156
74 157
74 158
74 159
75 76
75 77
75 79
75 83
75 86
75 88
75 90
75 91
75 92
75 95
75 98
75 99
75 101
75 106
75 108
75 111
75 112
75 113
75 114
75 115
75 117
75 124
75 125
75 128
75 129
75 133
75 134
75 135
75 137
75 138
75 139
75 140
75 141
75 142
75 143
75 146
75 147
75 149
75 150
75 154
75 155
75 157
75 158
75 160
75 161
76 84
76 87
76 88
76 89
76 92
76 94
76 97
76 98
76 99
76 101
76 102
76 103
76 104
76 109
76 111
76 112
76 113
76 115
76 116
76 117
76 125
76 127
76 128
76 130
76 134
76 138
76 142
76 147
76 151
76 154
76 160
76 161
77 79
77 80
77 82
77 83
77 84
77 85
77 86
77 87
77 88
77 90
77 91
77 92
77 93
77 94
77 95
77 99
77 100
77 102
77 104
77 107
77 108
77 109
77 110
77 112
77 113
77 114
77 118
77 126
77 128
77 129
77 131
77 133
77 137
77 139
77 140
77 141
77 144
77 145
77 146
77 148
77 151
77 153
77 154
77 157
77 158
77 161
78 80
78 91
78 99
78 101
78 105
78 109
78 112
78 116
78 117
78 129
78 131
78 136
78 143
78 147
78 148
78 150
78 153
79 83
79 87
79 89
79 91
79 94
79 95
79 97
79 98
79 99
79 100
79 101
79 102
79 105
79 106
79 107
79 108
79 111
79 112
79 113
79 114
79 115
79 116
79 117
79 118
79 119
79 121
79 123
79 124
79 125
79 126
79 128
79 129
79 130
79 131
79 133
79 134
79 136
79 137
79 138
79 140
79 141
79 143
79 145
79 146
79 147
79 150
79 151
79 152
79 154
79 155
79 156
79 157
79 159
79 161
80 86
80 88
80 89
80 93
80 94
80 98
80 101
80 102
80 104
80 111
80 112
80 114
80 118
80 120
80 125
80 127
80 129
80 134
80 135
80 138
80 141
80 142
80 147
80 151
80 153
80 154
80 156
80 157
81 82
81 84
81 85
81 89
81 96
81 97
81 98
81 102
81 103
81 106
81 109
81 112
81 114
81 115
81 131
81 134
81 136
81 137
81 140
81 142
81 143
81 147
81 151
81 152
81 153
81 154
81 159
81 160
82 85
82 86
82 91
82 94
82 100
82 104
82 105
82 106
82 108
82 113
82 114
82 115
82 118
82 124
82 125
82 128
82 129
82 132
82 133
82 134
82 138
82 139
82 142
82 143
82 146
82 147
82 154
82 158
83 84
83 89
83 90
83 94
83 100
83 101
83 104
83 106
83 108
83 109
83 112
83 113
83 116
83 118
83 120
83 130
83 131
83 136
83 142
83 144
83 147
83 150
83 152
83 157
83 161
84 85
84 86
84 87
84 88
84 89
84 92
84 93
84 94
84 97
84 98
84 100
84 101
84 102
84 105
84 106
84 108
84 109
84 111
84 112
84 113
84 115
84 116
84 117
84 125
84 126
84 130
84 131
84 132
84 133
84 134
84 137
84 138
84 140
84 142
84 145
84 149
84 150
84 151
84 153
84 154
84 157
84 160
84 161
85 89
85 92
85 94
85 103
85 105
85 106
85 112
85 114
85 115
85 117
85 122
85 125
85 126
85 133
85 135
85 136
85 137
85 139
85 151
85 152
85 153
85 157
86 87
86 88
86 92
86 97
86 98
86 111
86 112
86 113
86 114
86 117
86 130
86 133
86 136
86 137
86 138
86 145
86 146
86 151
86 152
86 153
86 154
86 155
86 158
87 91
87 92
87 101
87 102
87 103
87 105
87 106
87 107
87 108
87 109
87 111
87 112
87 113
87 115
87 117
87 118
87 121
87 124
87 125
87 126
87 129
87 131
87 134
87 137
87 139
87 142
87 143
87 145
87 147
87 148
87 151
87 152
87 157
87 160
87 161
88 89
88 92
88 93
88 94
88 97
88 98
88 101
88 105
88 107
88 108
88 110
88 111
88 113
88 114
88 118
88 122
88 125
88 127
88 129
88 130
88 133
88 135
88 138
88 139
88 142
88 143
88 144
88 146
88 147
88 150
88 151
88 152
88 154
88 157
88 158
88 161
89 90
89 93
89 95
89 96
89 97
89 98
89 101
89 102
89 103
89 104
89 105
89 106
89 107
89 108
89 109
89 110
89 112
89 113
89 115
89 121
89 122
89 123
89 125
89 126
89 129
89 130
89 131
89 133
89 134
89 135
89 136
89 137
89 138
89 141
89 142
89 145
89 148
89 149
89 150
89 151
89 152
89 157
89 159
89 160
90 95
90 98
90 101
90 102
90 106
90 116
90 117
90 124
90 125
90 126
90 130
90 133
90 137
90 138
90 139
90 141
90 146
90 148
90 150
90 157
91 93
91 94
91 97
91 101
91 103
91 104
91 107
91 109
91 111
91 112
91 113
91 115
91 116
91 117
91 118
91 125
91 126
91 128
91 129
91 134
91 136
91 137
91 138
91 143
91 147
91 149
91 151
91 152
91 153
91 154
91 157
91 159
92 93
92 95
92 97
92 98
92 101
92 105
92 106
92 107
92 109
92 114
92 115
92 119
92 120
92 128
92 129
92 131
92 132
92 133
92 136
92 138
92 143
92 150
92 151
92 158
92 160
93 95
93 99
93 102
93 103
93 105
93 106
93 108
93 110
93 112
93 117
93 118
93 123
93 124
93 125
93 126
93 128
93 129
93 131
93 132
93 134
93 135
93 138
93 142
93 144
93 147
93 150
93 152
93 158
93 161
94 95
94 96
94 97
94 99
94 101
94 103
94 106
94 107
94 108
94 109
94 111
94 112
94 113
94 114
94 116
94 117
94 118
94 119
94 120
94 125
94 129
94 131
94 132
94 133
94 134
94 136
94 137
94 138
94 139
94 140
94 142
94 143
94 145
94 147
94 150
94 151
94 152
94 155
94 157
94 158
94 160
94 161
95 96
95 97
95 100
95 101
95 102
95 103
95 104
95 108
95 109
95 113
95 114
95 115
95 118
95 123
95 125
95 127
95 129
95 137
95 138
95 142
95 151
95 161
96 101
96 102
96 104
96 107
96 109
96 112
96 117
96 118
96 137
96 138
96 142
96 147
96 152
96 153
97 98
97 99
97 102
97 103
97 104
97 105
97 106
97 107
97 108
97 109
97 110
97 111
97 114
97 115
97 116
97 117
97 118
97 120
97 121
97 122
97 123
97 124
97 126
97 129
97 130
97 131
97 134
97 136
97 137
97 138
97 141
97 142
97 143
97 145
97 146
97 148
97 149
97 150
97 153
97 154
97 155
97 158
98 102
98 105
98 108
98 112
98 113
98 115
98 126
98 133
98 141
98 145
98 146
98 149
98 151
98 152
98 154
98 159
98 161
99 101
99 102
99 107
99 108
99 110
99 111
99 113
99 114
99 115
99 116
99 118
99 129
99 131
99 133
99 136
99 138
99 139
99 141
99 145
99 146
99 147
99 150
99 151
99 152
99 153
99 158
99 161
100 102
100 107
100 112
100 113
100 114
100 115
100 116
100 117
100 120
100 122
100 129
100 131
100 138
100 140
100 142
100 145
100 146
100 147
100 150
100 151
100 152
100 153
100 157
100 159
101 102
101 105
101 107
101 108
101 109
101 110
101 112
101 113
101 114
101 115
101 117
101 119
101 121
101 124
101 125
101 126
101 128
101 129
101 130
101 131
101 133
101 134
101 136
101 137
101 138
101 139
101 140
101 141
101 142
101 147
101 151
101 152
101 153
101 154
101 155
101 156
101 159
101 160
101 161
102 103
102 106
102 107
102 108
102 111
102 113
102 114
102 115
102 116
102 118
102 121
102 124
102 126
102 127
102 128
102 129
102 130
102 131
102 134
102 136
102 138
102 139
102 140
102 142
102 143
102 147
102 151
102 152
102 153
102 154
102 157
102 158
102 159
102 160
103 107
103 108
103 112
103 114
103 115
103 117
103 118
103 125
103 133
103 135
103 136
103 137
103 138
103 139
103 141
103 142
103 143
103 146
103 152
103 153
103 156
104 106
104 107
104 108
104 109
104 114
104 115
104 131
104 132
104 142
104 146
104 151
104 153
104 154
104 157
104 158
105 106
105 109
105 111
105 113
105 114
105 115
105 116
105 117
105 118
105 120
105 121
105 124
105 125
105 127
105 129
105 131
105 133
105 134
105 139
105 140
105 141
105 142
105 143
105 146
105 147
105 149
105 151
105 152
105 154
105 155
105 160
105 161
106 107
106 111
106 113
106 114
106 115
106 116
106 121
106 122
106 123
106 125
106 126
106 127
106 128
106 129
106 130
106 132
106 133
106 135
106 138
106 139
106 141
106 142
106 144
106 145
106 147
106 148
106 151
106 152
106 153
106 155
106 157
106 158
106 159
106 161
107 108
107 109
107 121
107 124
107 125
107 126
107 129
107 131
107 133
107 138
107 139
107 140
107 142
107 144
107 147
107 151
107 154
107 160
108 109
108 110
108 111
108 112
108 113
108 115
108 116
108 117
108 118
108 121
108 124
108 125
108 126
108 129
108 130
108 133
108 134
108 137
108 138
108 139
108 141
108 142
108 143
108 146
108 147
108 148
108 149
108 150
108 151
108 152
108 153
108 154
108 155
108 157
108 158
108 159
108 161
109 112
109 113
109 117
109 123
109 127
109 128
109 132
109 134
109 135
109 136
109 137
109 138
109 139
109 140
109 141
109 142
109 147
109 149
109 150
109 153
109 157
109 158
109 161
110 113
110 114
110 117
110 118
110 125
110 129
110 131
110 137
110 138
110 142
110 144
110 145
110 147
110 150
110 151
110 154
111 112
111 113
111 114
111 118
111 119
111 120
111 125
111 129
111 131
111 133
111 134
111 138
111 139
111 142
111 145
111 147
111 151
111 155
111 157
111 158
111 161
112 113
112 115
112 118
112 121
112 124
112 127
112 129
112 130
112 131
112 133
112 134
112 136
112 137
112 138
112 139
112 141
112 142
112 146
112 147
112 148
112 152
112 153
112 154
112 157
112 158
112 159
112 161
113 114
113 115
113 117
113 118
113 119
113 124
113 125
113 129
113 130
113 131
113 134
113 136
113 137
113 138
113 140
113 141
113 142
113 145
113 146
113 147
113 151
113 154
113 157
113 158
113 159
113 160
113 161
114 115
114 121
114 125
114 126
114 127
114 128
114 129
114 130
114 131
114 133
114 137
114 138
114 141
114 142
114 145
114 148
114 150
114 151
114 154
114 157
114 158
114 159
114 160
114 161
115 116
115 117
115 123
115 125
115 126
115 127
115 128
115 129
115 131
115 132
115 133
115 134
115 137
115 139
115 142
115 143
115 145
115 147
115 149
115 152
115 153
115 154
115 155
115 157
115 160
115 161
116 117
116 120
116 125
116 126
116 129
116 135
116 137
116 141
116 142
116 146
116 147
116 148
116 150
116 152
116 158
116 159
116 160
116 161
117 118
117 119
117 121
117 123
117 124
117 125
117 126
117 127
117 129
117 130
117 131
117 134
117 136
117 138
117 139
117 142
117 143
117 145
117 147
117 148
117 151
117 152
117 154
117 157
117 158
117 159
118 121
118 123
118 124
118 125
118 128
118 129
118 131
118 133
118 136
118 137
118 138
118 139
118 141
118 142
118 145
118 146
118 147
118 148
118 149
118 150
118 151
118 152
118 154
118 155
118 157
118 160
118 161
119 129
119 133
119 135
119 137
119 139
119 145
119 146
119 152
119 158
120 129
120 136
120 151
120 153
121 125
121 126
121 129
121 133
121 134
121 137
121 139
121 150
121 151
121 157
121 158
122 125
122 131
122 141
122 146
122 147
122 153
122 158
123 126
123 135
123 137
123 138
123 151
123 158
123 161
124 129
124 133
124 138
124 140
124 147
124 151
124 152
124 154
124 157
124 158
125 129
125 130
125 131
125 132
125 133
125 134
125 137
125 138
125 140
125 141
125 142
125 145
125 146
125 147
125 149
125 150
125 151
125 152
125 153
125 154
125 157
125 160
125 161
126 127
126 128
126 134
126 136
126 137
126 138
126 139
126 142
126 146
126 147
126 149
126 151
126 152
126 154
126 157
127 128
127 129
127 133
127 134
127 135
127 136
127 142
127 145
127 146
127 151
127 154
127 157
127 158
127 161
128 129
128 131
128 133
128 134
128 135
128 136
128 138
128 140
128 142
128 144
128 145
128 147
128 149
128 150
128 152
128 155
128 157
128 158
129 131
129 132
129 133
129 134
129 135
129 136
129 137
129 138
129 140
129 141
129 142
129 144
129 145
129 146
129 151
129 152
129 153
129 154
129 155
129 156
129 157
129 158
129 159
129 160
130 133
130 134
130 137
130 138
130 139
130 144
130 145
130 146
130 147
130 150
130 151
130 158
130 159
130 160
131 133
131 134
131 135
131 137
131 138
131 139
131 141
131 142
131 144
131 145
131 146
131 149
131 150
131 151
131 152
131 153
131 154
131 160
131 161
132 134
132 151
132 153
132 154
132 157
132 161
133 135
133 136
133 138
133 139
133 140
133 142
133 146
133 147
133 149
133 150
133 151
133 152
133 153
133 154
133 158
133 159
134 135
134 139
134 141
134 142
134 145
134 147
134 150
134 151
134 152
134 153
134 154
134 157
134 160
134 161
135 137
135 138
135 147
135 150
135 151
135 160
136 138
136 139
136 142
136 144
136 145
136 146
136 148
136 150
136 152
136 153
136 154
136 157
136 161
137 138
137 139
137 140
137 141
137 142
137 143
137 144
137 145
137 146
137 147
137 149
137 150
137 151
137 152
137 153
137 154
137 155
137 157
137 159
137 161
138 139
138 140
138 142
138 143
138 145
138 146
138 147
138 149
138 151
138 152
138 153
138 154
138 155
138 156
138 158
138 159
138 160
138 161
139 141
139 146
139 147
139 150
139 152
139 154
139 155
139 156
139 158
139 159
139 160
139 161
140 141
140 149
140 151
140 159
140 161
141 142
141 145
141 149
141 150
141 155
141 157
141 158
141 160
142 146
142 147
142 149
142 150
142 151
142 152
142 153
142 154
142 155
142 157
142 158
142 159
142 160
143 151
143 152
143 153
143 158
143 159
144 146
144 150
144 154
144 157
145 147
145 149
145 150
145 152
145 153
145 154
145 158
145 161
146 147
146 149
146 151
146 152
146 154
146 157
146 158
146 161
147 148
147 149
147 150
147 151
147 152
147 153
147 154
147 155
147 157
147 159
147 160
147 161
148 151
148 154
148 157
149 151
149 153
149 154
149 159
150 151
150 152
150 154
150 156
150 157
151 152
151 154
151 155
151 156
151 157
151 158
151 159
152 154
152 156
152 157
152 158
152 159
152 160
152 161
153 154
153 155
153 157
153 160
154 155
154 157
154 158
154 160
155 161
156 158
156 159
157 159
157 161
158 159
158 161
159 161
160 161
