0 7
0 9
0 10
0 11
0 12
0 14
0 17
0 22
0 26
0 29
0 31
0 35
0 38
0 43
0 44
0 45
0 49
0 51
0 54
0 55
0 56
0 59
0 62
0 63
0 66
0 67
0 68
0 70
0 71
0 72
0 74
0 75
0 76
0 81
0 85
0 91
0 92
0 94
0 98
0 100
0 101
0 105
0 106
0 108
0 109
0 110
0 111
0 112
0 113
0 114
0 116
0 117
0 120
0 125
0 129
0 131
0 134
0 136
0 137
0 138
0 139
0 141
0 142
0 146
0 147
0 149
0 151
0 152
0 158
1 5
1 9
1 16
1 19
1 21
1 24
1 25
1 26
1 32
1 34
1 35
1 42
1 44
1 45
1 48
1 49
1 51
1 56
1 61
1 63
1 70
1 71
1 72
1 73
1 74
1 77
1 79
1 80
1 87
1 89
1 91
1 97
1 101
1 103
1 105
1 106
1 107
1 110
1 111
1 112
1 113
1 117
1 122
1 127
1 128
1 130
1 131
1 133
1 136
1 137
1 140
1 141
1 142
1 143
1 147
1 151
1 154
1 158
1 161
2 3
2 4
2 9
2 13
2 21
2 23
2 26
2 34
2 39
2 40
2 43
2 44
2 46
2 49
2 51
2 52
2 54
2 56
2 59
2 62
2 64
2 65
2 69
2 71
2 72
2 75
2 84
2 87
2 89
2 102
2 105
2 106
2 107
2 109
2 112
2 117
2 118
2 122
2 124
2 125
2 129
2 131
2 136
2 139
2 140
2 141
2 143
2 145
2 147
2 148
2 151
2 152
2 154
2 158
2 161
3 8
3 13
3 14
3 18
3 19
3 21
3 25
3 27
3 30
3 31
3 35
3 37
3 40
3 44
3 53
3 55
3 56
3 59
3 64
3 67
3 75
3 77
3 83
3 84
3 92
3 104
3 106
3 107
3 111
3 113
3 114
3 126
3 128
3 129
3 137
3 142
3 147
3 149
3 152
3 154
3 158
4 5
4 6
4 8
4 9
4 11
4 12
4 13
4 15
4 16
4 18
4 19
4 20
4 21
4 22
4 24
4 25
4 26
4 27
4 29
4 30
4 31
4 32
4 34
4 35
4 36
4 38
4 39
4 40
4 41
4 42
4 43
4 44
4 46
4 48
4 49
4 50
4 51
4 53
4 54
4 56
4 58
4 59
4 61
4 62
4 63
4 65
4 66
4 67
4 68
4 69
4 70
4 71
4 72
4 73
4 74
4 75
4 76
4 77
4 79
4 80
4 82
4 83
4 84
4 85
4 88
4 89
4 92
4 93
4 94
4 97
4 99
4 101
4 102
4 103
4 104
4 105
4 106
4 107
4 108
4 109
4 110
4 112
4 114
4 115
4 116
4 117
4 118
4 124
4 125
4 126
4 128
4 130
4 131
4 133
4 134
4 136
4 138
4 139
4 145
4 146
4 147
4 149
4 150
4 152
4 154
4 155
4 157
4 158
4 159
4 160
4 161
5 7
5 21
5 24
5 25
5 26
5 27
5 35
5 38
5 44
5 46
5 51
5 54
5 55
5 58
5 64
5 66
5 67
5 68
5 71
5 72
5 73
5 74
5 84
5 89
5 92
5 93
5 95
5 103
5 112
5 115
5 125
5 128
5 133
5 137
5 142
5 147
5 148
5 149
5 150
6 7
6 8
6 9
6 10
6 11
6 12
6 13
6 14
6 18
6 19
6 20
6 23
6 24
6 25
6 26
6 27
6 28
6 30
6 32
6 34
6 35
6 40
6 41
6 42
6 43
6 45
6 46
6 49
6 51
6 52
6 53
6 55
6 56
6 58
6 60
6 61
6 63
6 64
6 66
6 67
6 68
6 69
6 70
6 71
6 72
6 73
6 75
6 77
6 78
6 79
6 83
6 86
6 87
6 88
6 89
6 91
6 92
6 93
6 94
6 96
6 97
6 98
6 100
6 101
6 102
6 103
6 105
6 106
6 107
6 108
6 109
6 111
6 112
6 113
6 114
6 115
6 116
6 117
6 118
6 124
6 125
6 126
6 127
6 129
6 130
6 131
6 133
6 134
6 135
6 136
6 138
6 140
6 143
6 145
6 146
6 147
6 151
6 152
6 154
6 155
6 156
6 157
6 158
6 161
7 9
7 10
7 11
7 12
7 14
7 16
7 18
7 19
7 20
7 22
7 23
7 24
7 25
7 26
7 29
7 30
7 31
7 32
7 36
7 37
7 38
7 39
7 40
7 41
7 43
7 44
7 46
7 49
7 50
7 51
7 52
7 53
7 55
7 56
7 57
7 58
7 59
7 63
7 64
7 65
7 67
7 68
7 69
7 70
7 71
7 72
7 73
7 74
7 75
7 77
7 78
7 79
7 80
7 81
7 82
7 83
7 84
7 85
7 87
7 88
7 89
7 90
7 91
7 92
7 93
7 94
7 97
7 98
7 102
7 103
7 106
7 108
7 110
7 111
7 112
7 113
7 115
7 117
7 119
7 121
7 125
7 126
7 128
7 129
7 130
7 131
7 133
7 134
7 135
7 136
7 137
7 138
7 139
7 140
7 141
7 142
7 143
7 146
7 147
7 148
7 150
7 152
7 153
7 154
7 159
7 160
7 161
8 19
8 26
8 32
8 35
8 38
8 44
8 52
8 54
8 59
8 64
8 67
8 68
8 69
8 71
8 72
8 74
8 75
8 77
8 84
8 86
8 101
8 108
8 109
8 113
8 114
8 125
8 131
8 137
8 141
8 145
8 147
8 149
8 150
8 152
8 160
8 161
9 10
9 11
9 13
9 14
9 19
9 23
9 31
9 40
9 43
9 44
9 45
9 46
9 49
9 51
9 52
9 54
9 55
9 56
9 58
9 62
9 63
9 64
9 65
9 66
9 67
9 68
9 71
9 72
9 73
9 74
9 76
9 77
9 78
9 79
9 83
9 84
9 87
9 88
9 97
9 99
9 100
9 101
9 105
9 106
9 109
9 111
9 112
9 113
9 114
9 115
9 117
9 122
9 125
9 126
9 128
9 129
9 130
9 131
9 133
9 134
9 135
9 137
9 138
9 139
9 140
9 142
9 143
9 146
9 148
9 150
9 151
9 152
9 154
9 155
9 157
10 11
10 14
10 19
10 22
10 25
10 26
10 29
10 30
10 33
10 34
10 36
10 37
10 38
10 40
10 44
10 46
10 49
10 51
10 54
10 64
10 66
10 67
10 71
10 72
10 73
10 74
10 76
10 79
10 84
10 85
10 86
10 89
10 93
10 94
10 97
10 98
10 99
10 101
10 106
10 114
10 115
10 118
10 126
10 127
10 128
10 129
10 130
10 131
10 133
10 138
10 140
10 142
10 143
10 152
10 153
10 154
10 157
10 158
10 159
10 160
11 13
11 14
11 16
11 18
11 19
11 21
11 23
11 26
11 29
11 30
11 35
11 36
11 38
11 39
11 43
11 44
11 46
11 47
11 49
11 50
11 53
11 56
11 57
11 59
11 60
11 64
11 67
11 68
11 70
11 72
11 73
11 74
11 76
11 79
11 80
11 85
11 86
11 88
11 89
11 93
11 94
11 95
11 96
11 101
11 102
11 103
11 104
11 105
11 106
11 107
11 109
11 110
11 111
11 112
11 114
11 115
11 116
11 117
11 118
11 124
11 127
11 130
11 131
11 133
11 134
11 135
11 136
11 138
11 139
11 141
11 146
11 147
11 149
11 150
11 151
11 152
11 154
11 155
11 157
11 161
12 19
12 21
12 30
12 32
12 33
12 37
12 41
12 42
12 45
12 46
12 48
12 51
12 55
12 56
12 62
12 63
12 64
12 65
12 68
12 72
12 74
12 75
12 77
12 78
12 79
12 82
12 86
12 87
12 88
12 89
12 94
12 95
12 97
12 101
12 105
12 108
12 109
12 112
12 113
12 114
12 115
12 118
12 120
12 127
12 128
12 129
12 130
12 134
12 135
12 139
12 141
12 144
12 148
12 149
12 151
12 153
12 154
12 157
12 159
13 15
13 19
13 26
13 27
13 31
13 33
13 38
13 42
13 44
13 46
13 49
13 51
13 52
13 54
13 55
13 58
13 60
13 65
13 68
13 69
13 70
13 72
13 73
13 74
13 79
13 84
13 85
13 89
13 91
13 93
13 94
13 98
13 100
13 102
13 103
13 104
13 106
13 109
13 110
13 112
13 114
13 116
13 117
13 119
13 127
13 129
13 130
13 131
13 133
13 138
13 142
13 146
13 147
13 152
13 153
13 154
13 156
14 17
14 18
14 19
14 21
14 22
14 24
14 26
14 27
14 28
14 30
14 32
14 33
14 34
14 35
14 36
14 38
14 40
14 41
14 42
14 43
14 44
14 45
14 46
14 47
14 48
14 49
14 50
14 51
14 53
14 54
14 55
14 56
14 57
14 58
14 59
14 61
14 63
14 64
14 65
14 67
14 68
14 70
14 71
14 72
14 73
14 74
14 75
14 76
14 77
14 79
14 80
14 83
14 86
14 87
14 88
14 89
14 90
14 91
14 94
14 96
14 97
14 101
14 104
14 105
14 106
14 107
14 108
14 109
14 110
14 111
14 112
14 114
14 117
14 118
14 119
14 121
14 122
14 125
14 126
14 127
14 128
14 129
14 130
14 131
14 133
14 134
14 136
14 139
14 140
14 141
14 142
14 143
14 145
14 146
14 147
14 148
14 149
14 151
14 152
14 153
14 154
14 155
14 158
14 159
14 160
14 161
15 16
15 18
15 19
15 20
15 21
15 26
15 30
15 31
15 34
15 38
15 43
15 44
15 45
15 46
15 48
15 49
15 51
15 54
15 55
15 58
15 59
15 61
15 64
15 66
15 68
15 69
15 70
15 74
15 76
15 77
15 80
15 83
15 84
15 87
15 89
15 93
15 94
15 102
15 106
15 111
15 112
15 113
15 115
15 117
15 119
15 128
15 129
15 133
15 134
15 135
15 138
15 139
15 142
15 146
15 149
15 151
15 153
15 154
16 18
16 19
16 20
16 24
16 25
16 26
16 29
16 31
16 32
16 35
16 36
16 40
16 42
16 45
16 49
16 50
16 52
16 53
16 56
16 58
16 65
16 69
16 70
16 72
16 77
16 79
16 84
16 86
16 87
16 88
16 89
16 91
16 94
16 96
16 97
16 101
16 108
16 109
16 113
16 114
16 115
16 118
16 123
16 129
16 133
16 134
16 138
16 139
16 142
16 145
16 146
16 147
16 154
16 157
17 19
17 38
17 44
17 45
17 55
17 66
17 70
17 71
17 74
17 80
17 83
17 99
17 106
17 107
17 108
17 109
17 110
17 114
17 115
17 137
17 138
17 139
17 151
17 152
17 154
17 159
18 19
18 21
18 24
18 30
18 31
18 32
18 35
18 36
18 37
18 39
18 44
18 45
18 49
18 54
18 57
18 58
18 61
18 63
18 64
18 67
18 68
18 70
18 71
18 72
18 73
18 74
18 76
18 77
18 78
18 79
18 81
18 82
18 83
18 85
18 87
18 88
18 89
18 90
18 93
18 101
18 104
18 105
18 106
18 108
18 109
18 113
18 114
18 115
18 124
18 129
18 131
18 133
18 135
18 142
18 147
18 149
18 154
18 155
18 158
19 20
19 23
19 24
19 25
19 26
19 29
19 30
19 31
19 32
19 34
19 35
19 36
19 37
19 38
19 39
19 40
19 42
19 44
19 45
19 47
19 48
19 49
19 51
19 52
19 53
19 54
19 55
19 58
19 59
19 62
19 63
19 64
19 65
19 67
19 68
19 70
19 71
19 72
19 73
19 74
19 75
19 77
19 79
19 80
19 81
19 85
19 86
19 87
19 88
19 89
19 91
19 92
19 93
19 95
19 96
19 97
19 98
19 99
19 101
19 102
19 103
19 104
19 105
19 106
19 108
19 109
19 110
19 111
19 114
19 115
19 117
19 118
19 121
19 124
19 125
19 126
19 127
19 128
19 129
19 131
19 133
19 134
19 135
19 136
19 137
19 138
19 139
19 141
19 142
19 144
19 145
19 147
19 148
19 152
19 155
19 156
19 158
19 159
19 161
20 21
20 22
20 24
20 26
20 30
20 31
20 38
20 44
20 45
20 49
20 51
20 55
20 58
20 60
20 61
20 63
20 64
20 67
20 68
20 71
20 74
20 75
20 77
20 84
20 88
20 101
20 102
20 112
20 114
20 117
20 123
20 134
20 138
20 139
20 142
20 147
20 152
20 154
20 161
21 23
21 27
21 30
21 31
21 32
21 34
21 35
21 39
21 40
21 41
21 42
21 43
21 45
21 46
21 49
21 51
21 52
21 59
21 60
21 61
21 62
21 64
21 65
21 66
21 67
21 68
21 69
21 72
21 73
21 74
21 75
21 76
21 77
21 79
21 81
21 84
21 88
21 90
21 91
21 92
21 94
21 95
21 97
21 101
21 105
21 106
21 107
21 108
21 110
21 112
21 114
21 115
21 117
21 118
21 122
21 125
21 126
21 129
21 130
21 131
21 132
21 133
21 134
21 135
21 136
21 137
21 139
21 142
21 143
21 145
21 148
21 151
21 152
21 154
21 155
21 157
21 159
22 24
22 26
22 30
22 36
22 38
22 39
22 40
22 42
22 43
22 44
22 46
22 49
22 54
22 64
22 66
22 69
22 71
22 72
22 73
22 74
22 77
22 86
22 90
22 96
22 97
22 99
22 108
22 111
22 115
22 123
22 125
22 129
22 131
22 132
22 133
22 134
22 137
22 141
22 142
22 150
22 151
22 152
22 156
22 158
22 161
23 25
23 28
23 30
23 31
23 38
23 40
23 44
23 45
23 51
23 54
23 57
23 58
23 65
23 68
23 69
23 71
23 72
23 73
23 75
23 83
23 84
23 86
23 93
23 101
23 105
23 108
23 111
23 112
23 113
23 118
23 133
23 135
23 136
23 139
23 142
23 145
23 146
23 147
23 151
23 153
23 157
23 158
23 161
24 26
24 27
24 28
24 31
24 38
24 40
24 46
24 51
24 52
24 55
24 56
24 57
24 58
24 59
24 63
24 66
24 67
24 68
24 70
24 71
24 72
24 73
24 75
24 79
24 82
24 86
24 87
24 88
24 89
24 93
24 96
24 98
24 104
24 107
24 114
24 117
24 125
24 127
24 128
24 129
24 130
24 131
24 133
24 139
24 140
24 143
24 146
24 147
24 151
24 153
25 26
25 27
25 31
25 32
25 34
25 37
25 39
25 40
25 42
25 43
25 45
25 46
25 49
25 54
25 56
25 58
25 62
25 63
25 64
25 65
25 66
25 67
25 70
25 71
25 72
25 75
25 77
25 78
25 79
25 80
25 84
25 87
25 88
25 89
25 91
25 97
25 99
25 101
25 102
25 106
25 107
25 108
25 109
25 113
25 114
25 115
25 116
25 118
25 129
25 134
25 138
25 139
25 146
25 147
25 148
25 150
25 152
25 153
25 154
25 160
26 27
26 28
26 30
26 32
26 33
26 34
26 35
26 36
26 39
26 40
26 43
26 45
26 46
26 48
26 49
26 50
26 52
26 54
26 56
26 58
26 61
26 62
26 63
26 64
26 65
26 66
26 67
26 68
26 70
26 71
26 72
26 73
26 74
26 76
26 77
26 80
26 82
26 83
26 84
26 85
26 86
26 87
26 88
26 89
26 90
26 91
26 92
26 93
26 94
26 95
26 97
26 100
26 101
26 102
26 103
26 104
26 106
26 107
26 108
26 109
26 110
26 113
26 114
26 115
26 116
26 117
26 118
26 121
26 122
26 125
26 127
26 128
26 129
26 131
26 132
26 133
26 134
26 136
26 137
26 138
26 139
26 140
26 142
26 146
26 147
26 149
26 151
26 152
26 153
26 154
26 155
26 157
26 158
26 160
26 161
27 32
27 38
27 39
27 40
27 54
27 64
27 67
27 68
27 78
27 79
27 84
27 87
27 94
27 101
27 113
27 117
27 125
27 126
27 131
27 134
27 149
27 150
27 152
27 154
28 32
28 35
28 36
28 37
28 39
28 40
28 43
28 44
28 45
28 47
28 50
28 51
28 54
28 56
28 57
28 63
28 64
28 65
28 66
28 67
28 68
28 70
28 71
28 73
28 74
28 75
28 77
28 86
28 88
28 89
28 92
28 93
28 95
28 97
28 102
28 104
28 105
28 106
28 107
28 108
28 110
28 112
28 113
28 118
28 122
28 125
28 126
28 129
28 132
28 133
28 136
28 138
28 149
28 152
28 153
28 154
28 157
28 158
28 160
28 161
29 31
29 34
29 35
29 38
29 39
29 40
29 43
29 46
29 49
29 50
29 52
29 54
29 58
29 63
29 65
29 66
29 68
29 71
29 73
29 74
29 79
29 86
29 92
29 97
29 99
29 101
29 102
29 104
29 105
29 111
29 113
29 114
29 115
29 116
29 120
29 125
29 126
29 139
29 151
29 152
29 154
29 156
29 157
29 158
29 160
30 34
30 35
30 36
30 37
30 40
30 42
30 44
30 46
30 49
30 51
30 52
30 53
30 54
30 55
30 56
30 58
30 60
30 61
30 63
30 65
30 66
30 67
30 68
30 69
30 70
30 71
30 72
30 73
30 74
30 76
30 77
30 78
30 79
30 80
30 82
30 85
30 86
30 87
30 90
30 91
30 93
30 94
30 97
30 100
30 101
30 102
30 106
30 108
30 111
30 113
30 115
30 117
30 118
30 119
30 125
30 126
30 127
30 128
30 129
30 130
30 131
30 134
30 136
30 137
30 138
30 139
30 140
30 141
30 142
30 143
30 145
30 146
30 147
30 149
30 152
30 153
30 154
30 156
30 157
30 158
30 159
31 35
31 36
31 37
31 38
31 39
31 40
31 41
31 43
31 44
31 49
31 50
31 51
31 52
31 53
31 56
31 60
31 61
31 62
31 64
31 65
31 67
31 68
31 70
31 71
31 73
31 74
31 75
31 76
31 79
31 80
31 82
31 83
31 84
31 86
31 87
31 90
31 94
31 96
31 97
31 98
31 99
31 100
31 101
31 102
31 103
31 106
31 108
31 109
31 112
31 113
31 115
31 117
31 118
31 125
31 127
31 128
31 131
31 133
31 134
31 135
31 136
31 138
31 145
31 146
31 147
31 148
31 151
31 152
31 153
31 154
31 155
31 157
31 159
31 160
31 161
32 37
32 40
32 41
32 42
32 45
32 48
32 49
32 51
32 52
32 53
32 55
32 57
32 58
32 59
32 61
32 62
32 63
32 64
32 66
32 67
32 69
32 70
32 71
32 72
32 73
32 74
32 75
32 76
32 77
32 78
32 79
32 81
32 85
32 86
32 89
32 91
32 92
32 93
32 94
32 97
32 99
32 102
32 105
32 106
32 108
32 109
32 111
32 112
32 115
32 117
32 118
32 121
32 122
32 125
32 126
32 129
32 130
32 131
32 133
32 136
32 137
32 138
32 139
32 142
32 143
32 145
32 147
32 152
32 154
32 156
32 158
32 160
32 161
33 36
33 49
33 50
33 51
33 56
33 67
33 70
33 77
33 80
33 87
33 91
33 92
33 107
33 111
33 113
33 115
33 124
33 131
33 137
33 138
33 141
33 147
33 150
33 151
33 153
33 158
34 37
34 39
34 43
34 48
34 51
34 52
34 54
34 56
34 58
34 59
34 61
34 67
34 68
34 72
34 73
34 74
34 84
34 88
34 89
34 93
34 94
34 104
34 105
34 107
34 108
34 109
34 112
34 113
34 115
34 117
34 123
34 129
34 131
34 136
34 139
34 142
34 149
34 151
34 153
34 158
35 38
35 39
35 43
35 44
35 45
35 46
35 47
35 51
35 54
35 55
35 56
35 58
35 61
35 63
35 64
35 65
35 66
35 67
35 68
35 69
35 71
35 73
35 75
35 77
35 79
35 80
35 83
35 84
35 88
35 89
35 93
35 95
35 98
35 99
35 100
35 101
35 105
35 106
35 107
35 108
35 109
35 111
35 112
35 113
35 114
35 116
35 117
35 118
35 125
35 126
35 127
35 129
35 131
35 133
35 134
35 137
35 138
35 139
35 142
35 145
35 146
35 147
35 148
35 151
35 152
35 154
35 155
35 157
35 159
35 160
36 37
36 39
36 40
36 41
36 44
36 45
36 46
36 49
36 50
36 51
36 54
36 56
36 58
36 59
36 70
36 71
36 72
36 73
36 79
36 82
36 83
36 84
36 86
36 89
36 92
36 98
36 99
36 100
36 101
36 105
36 109
36 111
36 112
36 113
36 116
36 117
36 118
36 123
36 125
36 126
36 129
36 133
36 134
36 137
36 139
36 140
36 142
36 145
36 147
36 148
36 149
36 151
36 152
36 157
36 158
36 161
37 38
37 40
37 41
37 45
37 46
37 49
37 50
37 51
37 53
37 54
37 55
37 57
37 58
37 64
37 67
37 69
37 71
37 72
37 76
37 77
37 79
37 84
37 85
37 87
37 88
37 94
37 97
37 98
37 103
37 105
37 107
37 108
37 112
37 115
37 117
37 118
37 119
37 121
37 128
37 129
37 130
37 131
37 136
37 137
37 138
37 139
37 141
37 147
37 151
37 153
37 157
37 158
37 160
38 39
38 40
38 42
38 43
38 44
38 46
38 49
38 50
38 51
38 52
38 53
38 54
38 55
38 56
38 58
38 61
38 64
38 65
38 67
38 70
38 71
38 72
38 74
38 75
38 76
38 77
38 79
38 86
38 87
38 88
38 91
38 94
38 97
38 98
38 99
38 101
38 104
38 105
38 106
38 108
38 113
38 114
38 115
38 117
38 118
38 119
38 122
38 125
38 126
38 129
38 130
38 131
38 133
38 136
38 137
38 138
38 141
38 142
38 143
38 144
38 145
38 146
38 147
38 151
38 157
38 158
38 159
38 161
39 40
39 43
39 44
39 49
39 54
39 56
39 61
39 64
39 65
39 66
39 67
39 69
39 70
39 71
39 72
39 74
39 75
39 76
39 77
39 80
39 85
39 87
39 88
39 89
39 92
39 93
39 94
39 98
39 99
39 100
39 101
39 104
39 106
39 112
39 113
39 115
39 116
39 118
39 129
39 131
39 132
39 133
39 134
39 135
39 136
39 138
39 141
39 145
39 146
39 147
39 148
39 152
39 153
39 154
39 157
39 158
39 160
40 41
40 42
40 43
40 44
40 45
40 46
40 47
40 51
40 52
40 53
40 54
40 56
40 58
40 63
40 64
40 65
40 66
40 67
40 68
40 69
40 70
40 71
40 73
40 74
40 79
40 80
40 81
40 83
40 84
40 85
40 86
40 87
40 88
40 89
40 91
40 92
40 93
40 94
40 96
40 97
40 98
40 99
40 101
40 102
40 103
40 105
40 108
40 109
40 111
40 112
40 113
40 114
40 115
40 117
40 118
40 120
40 123
40 126
40 128
40 129
40 130
40 131
40 133
40 134
40 135
40 138
40 139
40 141
40 142
40 145
40 146
40 147
40 148
40 150
40 151
40 152
40 153
40 154
40 158
40 159
40 160
40 161
41 50
41 54
41 58
41 63
41 67
41 68
41 69
41 71
41 79
41 84
41 86
41 87
41 93
41 100
41 108
41 112
41 114
41 117
41 131
41 137
41 141
41 147
41 151
41 152
41 157
42 51
42 52
42 55
42 56
42 57
42 58
42 59
42 60
42 61
42 64
42 67
42 68
42 69
42 70
42 71
42 72
42 74
42 75
42 76
42 77
42 84
42 89
42 91
42 93
42 94
42 101
42 106
42 107
42 114
42 116
42 117
42 118
42 125
42 126
42 130
42 133
42 136
42 138
42 142
42 143
42 146
42 147
42 151
42 153
42 159
42 160
42 161
43 51
43 53
43 55
43 56
43 57
43 59
43 63
43 64
43 65
43 67
43 69
43 70
43 71
43 72
43 74
43 77
43 79
43 80
43 83
43 84
43 89
43 93
43 94
43 95
43 96
43 98
43 100
43 101
43 102
43 106
43 108
43 109
43 111
43 112
43 114
43 117
43 118
43 120
43 121
43 124
43 126
43 130
43 131
43 134
43 135
43 136
43 138
43 140
43 141
43 150
43 151
43 152
43 154
43 157
43 158
43 160
43 161
44 45
44 48
44 49
44 51
44 53
44 55
44 57
44 58
44 59
44 60
44 64
44 67
44 68
44 69
44 70
44 71
44 72
44 73
44 74
44 77
44 80
44 82
44 85
44 86
44 88
44 90
44 91
44 93
44 95
44 96
44 98
44 101
44 103
44 105
44 107
44 109
44 112
44 114
44 118
44 119
44 123
44 127
44 129
44 131
44 133
44 134
44 137
44 138
44 139
44 140
44 142
44 143
44 146
44 147
44 150
44 151
44 155
44 158
44 160
44 161
45 46
45 48
45 49
45 51
45 52
45 55
45 59
45 60
45 61
45 62
45 63
45 64
45 65
45 68
45 69
45 70
45 71
45 72
45 73
45 75
45 76
45 77
45 80
45 84
45 85
45 86
45 87
45 89
45 91
45 94
45 95
45 98
45 101
45 102
45 103
45 105
45 106
45 107
45 108
45 109
45 111
45 112
45 113
45 114
45 115
45 116
45 117
45 118
45 119
45 122
45 125
45 126
45 129
45 130
45 131
45 133
45 134
45 137
45 142
45 143
45 145
45 147
45 149
45 150
45 151
45 152
45 154
45 157
45 158
45 159
45 160
45 161
46 51
46 54
46 56
46 61
46 66
46 67
46 68
46 69
46 70
46 72
46 74
46 76
46 77
46 81
46 85
46 86
46 88
46 89
46 90
46 92
46 94
46 95
46 101
46 105
46 106
46 107
46 109
46 110
46 112
46 113
46 114
46 115
46 117
46 118
46 125
46 128
46 129
46 131
46 133
46 134
46 137
46 138
46 139
46 143
46 150
46 151
46 158
47 56
47 64
47 67
47 68
47 69
47 70
47 79
47 85
47 97
47 105
47 108
47 117
47 129
47 131
47 146
47 152
48 51
48 52
48 58
48 64
48 67
48 68
48 69
48 72
48 73
48 74
48 76
48 77
48 79
48 84
48 97
48 99
48 114
48 115
48 118
48 129
48 134
48 137
48 151
48 153
48 157
48 158
49 50
49 51
49 53
49 54
49 55
49 56
49 59
49 60
49 62
49 64
49 65
49 66
49 67
49 69
49 70
49 71
49 72
49 73
49 74
49 76
49 77
49 80
49 81
49 84
49 87
49 88
49 89
49 91
49 92
49 94
49 95
49 96
49 97
49 98
49 99
49 100
49 101
49 102
49 103
49 107
49 108
49 109
49 110
49 111
49 112
49 114
49 115
49 117
49 118
49 125
49 126
49 128
49 129
49 131
49 132
49 134
49 135
49 137
49 138
49 139
49 141
49 142
49 143
49 145
49 147
49 148
49 150
49 151
49 152
49 153
49 155
49 156
49 157
49 158
50 55
50 59
50 63
50 64
50 65
50 66
50 68
50 70
50 72
50 74
50 79
50 80
50 86
50 91
50 95
50 98
50 102
50 104
50 106
50 109
50 112
50 113
50 114
50 115
50 116
50 117
50 118
50 121
50 126
50 129
50 131
50 134
50 136
50 138
50 142
50 146
50 147
50 150
50 151
50 156
50 157
50 160
50 161
51 52
51 53
51 54
51 56
51 57
51 59
51 60
51 64
51 66
51 67
51 68
51 69
51 70
51 72
51 74
51 75
51 76
51 77
51 79
51 81
51 85
51 86
51 87
51 88
51 89
51 90
51 91
51 92
51 93
51 94
51 95
51 97
51 98
51 99
51 101
51 102
51 103
51 106
51 107
51 108
51 110
51 111
51 112
51 113
51 114
51 115
51 118
51 125
51 126
51 128
51 129
51 130
51 131
51 135
51 137
51 138
51 139
51 140
51 141
51 142
51 143
51 144
51 145
51 146
51 147
51 148
51 149
51 150
51 151
51 152
51 157
51 158
51 161
52 56
52 58
52 59
52 61
52 62
52 63
52 64
52 65
52 66
52 69
52 70
52 71
52 72
52 73
52 74
52 79
52 83
52 84
52 86
52 88
52 94
52 97
52 99
52 102
52 105
52 108
52 109
52 110
52 111
52 112
52 115
52 118
52 124
52 125
52 126
52 127
52 128
52 129
52 131
52 132
52 133
52 134
52 137
52 138
52 139
52 142
52 147
52 150
52 153
52 154
52 157
52 158
52 159
52 161
53 54
53 61
53 64
53 65
53 67
53 68
53 71
53 72
53 73
53 75
53 79
53 80
53 84
53 88
53 89
53 92
53 101
53 102
53 103
53 106
53 108
53 115
53 117
53 118
53 125
53 127
53 131
53 133
53 137
53 139
53 150
53 151
53 155
54 55
54 56
54 58
54 59
54 61
54 62
54 63
54 65
54 66
54 67
54 68
54 71
54 72
54 73
54 74
54 75
54 76
54 77
54 79
54 80
54 82
54 84
54 85
54 87
54 88
54 89
54 91
54 92
54 94
54 95
54 99
54 102
54 104
54 106
54 107
54 108
54 109
54 114
54 115
54 116
54 117
54 118
54 124
54 125
54 126
54 128
54 129
54 130
54 131
54 133
54 134
54 135
54 136
54 137
54 138
54 139
54 142
54 146
54 148
54 149
54 152
54 153
54 154
54 155
54 157
54 158
54 161
55 58
55 59
55 61
55 63
55 65
55 67
55 70
55 72
55 75
55 77
55 79
55 80
55 82
55 84
55 85
55 87
55 88
55 94
55 96
55 97
55 100
55 102
55 105
55 106
55 108
55 109
55 111
55 112
55 113
55 114
55 117
55 119
55 121
55 125
55 126
55 129
55 131
55 132
55 133
55 134
55 139
55 141
55 142
55 147
55 152
55 153
55 154
55 156
55 158
55 161
56 57
56 58
56 59
56 60
56 61
56 64
56 65
56 66
56 67
56 68
56 70
56 71
56 72
56 74
56 75
56 79
56 83
56 84
56 87
56 88
56 89
56 92
56 93
56 94
56 96
56 98
56 99
56 102
56 103
56 105
56 106
56 107
56 109
56 111
56 113
56 114
56 115
56 116
56 118
56 120
56 124
56 125
56 127
56 128
56 129
56 130
56 131
56 133
56 134
56 135
56 137
56 138
56 140
56 141
56 142
56 145
56 147
56 149
56 150
56 151
56 152
56 153
56 154
56 155
56 157
56 159
57 64
57 65
57 71
57 72
57 74
57 79
57 84
57 86
57 89
57 90
57 94
57 97
57 101
57 102
57 105
57 107
57 111
57 113
57 114
57 115
57 129
57 133
57 137
57 138
57 151
57 153
57 154
57 157
58 59
58 63
58 64
58 65
58 66
58 67
58 68
58 69
58 70
58 71
58 72
58 73
58 74
58 75
58 76
58 77
58 79
58 82
58 83
58 85
58 86
58 89
58 94
58 97
58 98
58 99
58 101
58 102
58 104
58 105
58 106
58 108
58 109
58 111
58 112
58 115
58 121
58 124
58 125
58 128
58 130
58 131
58 135
58 136
58 137
58 138
58 139
58 140
58 143
58 145
58 147
58 150
58 151
58 152
58 154
58 155
58 157
58 158
58 161
59 63
59 64
59 65
59 71
59 72
59 73
59 74
59 76
59 78
59 79
59 80
59 82
59 89
59 91
59 96
59 97
59 101
59 105
59 106
59 107
59 108
59 112
59 115
59 118
59 125
59 126
59 127
59 128
59 129
59 131
59 133
59 134
59 136
59 142
59 144
59 147
59 148
59 150
59 151
59 153
59 156
59 157
59 160
59 161
60 63
60 67
60 71
60 73
60 74
60 76
60 84
60 92
60 96
60 102
60 103
60 112
60 114
60 117
60 119
60 125
60 127
60 129
60 131
60 134
60 135
60 142
60 145
60 148
60 160
61 63
61 65
61 67
61 69
61 72
61 73
61 74
61 76
61 77
61 80
61 82
61 83
61 89
61 93
61 99
61 101
61 105
61 106
61 107
61 108
61 109
61 110
61 114
61 115
61 118
61 120
61 124
61 125
61 129
61 131
61 133
61 137
61 138
61 139
61 142
61 147
61 150
61 151
61 153
61 154
61 158
61 159
61 160
62 63
62 64
62 67
62 72
62 77
62 79
62 84
62 86
62 92
62 101
62 103
62 105
62 106
62 107
62 109
62 110
62 112
62 115
62 123
62 125
62 127
62 128
62 129
62 130
62 131
62 133
62 134
62 135
62 138
62 143
62 146
62 149
62 152
62 153
62 159
62 160
63 64
63 65
63 66
63 67
63 68
63 69
63 71
63 76
63 77
63 79
63 81
63 83
63 84
63 85
63 87
63 88
63 89
63 93
63 94
63 98
63 100
63 101
63 102
63 105
63 107
63 108
63 109
63 112
63 114
63 116
63 118
63 124
63 125
63 128
63 131
63 132
63 134
63 135
63 136
63 137
63 138
63 139
63 140
63 147
63 152
63 156
63 157
63 159
64 65
64 66
64 67
64 68
64 69
64 70
64 72
64 73
64 74
64 75
64 80
64 82
64 83
64 84
64 85
64 86
64 88
64 89
64 91
64 93
64 96
64 97
64 99
64 100
64 101
64 102
64 106
64 107
64 108
64 109
64 110
64 111
64 112
64 113
64 114
64 115
64 117
64 122
64 123
64 124
64 125
64 126
64 127
64 129
64 130
64 131
64 133
64 134
64 135
64 136
64 137
64 138
64 139
64 142
64 144
64 145
64 146
64 147
64 149
64 150
64 151
64 152
64 153
64 154
64 156
64 157
64 158
64 159
65 68
65 69
65 70
65 71
65 72
65 75
65 77
65 80
65 81
65 84
65 87
65 88
65 89
65 92
65 93
65 94
65 97
65 99
65 100
65 101
65 103
65 104
65 105
65 106
65 108
65 109
65 111
65 115
65 116
65 117
65 118
65 124
65 125
65 127
65 129
65 131
65 132
65 133
65 134
65 136
65 137
65 138
65 140
65 141
65 142
65 146
65 147
65 151
65 152
65 154
65 157
65 158
65 161
66 67
66 68
66 69
66 70
66 73
66 74
66 76
66 77
66 79
66 84
66 85
66 88
66 92
66 93
66 94
66 99
66 100
66 105
66 106
66 107
66 108
66 110
66 111
66 113
66 114
66 115
66 116
66 117
66 118
66 123
66 125
66 126
66 127
66 128
66 129
66 130
66 133
66 134
66 135
66 136
66 137
66 143
66 145
66 146
66 151
66 152
66 153
66 154
66 155
67 68
67 69
67 70
67 71
67 72
67 73
67 74
67 76
67 77
67 79
67 80
67 84
67 86
67 87
67 88
67 89
67 92
67 93
67 94
67 96
67 97
67 99
67 101
67 102
67 103
67 104
67 105
67 106
67 109
67 112
67 113
67 116
67 118
67 121
67 124
67 125
67 126
67 128
67 129
67 130
67 131
67 132
67 133
67 134
67 136
67 137
67 138
67 140
67 142
67 143
67 145
67 146
67 151
67 153
67 154
67 155
67 157
67 158
67 160
67 161
68 69
68 70
68 72
68 73
68 74
68 75
68 76
68 77
68 80
68 81
68 83
68 87
68 88
68 89
68 90
68 92
68 93
68 94
68 95
68 96
68 97
68 99
68 101
68 102
68 104
68 105
68 106
68 107
68 108
68 109
68 110
68 111
68 112
68 113
68 114
68 115
68 117
68 118
68 121
68 123
68 125
68 129
68 131
68 133
68 134
68 135
68 136
68 137
68 138
68 139
68 140
68 143
68 145
68 146
68 147
68 148
68 149
68 150
68 151
68 152
68 153
68 156
68 158
68 159
68 161
69 70
69 71
69 73
69 74
69 75
69 76
69 77
69 80
69 82
69 84
69 85
69 87
69 92
69 94
69 96
69 97
69 99
69 101
69 102
69 103
69 104
69 106
69 108
69 109
69 110
69 112
69 113
69 114
69 115
69 116
69 117
69 118
69 119
69 120
69 125
69 131
69 132
69 133
69 136
69 137
69 138
69 139
69 140
69 141
69 142
69 145
69 147
69 150
69 152
69 153
69 154
69 157
69 159
69 161
70 71
70 72
70 74
70 75
70 79
70 83
70 85
70 86
70 87
70 89
70 90
70 91
70 92
70 93
70 94
70 96
70 97
70 98
70 99
70 100
70 101
70 103
70 105
70 106
70 107
70 110
70 111
70 112
70 113
70 114
70 115
70 116
70 117
70 118
70 122
70 124
70 125
70 126
70 127
70 129
70 130
70 131
70 132
70 133
70 134
70 135
70 137
70 138
70 139
70 140
70 142
70 143
70 145
70 146
70 148
70 149
70 151
70 152
70 153
70 154
70 157
70 158
70 160
70 161
71 73
71 74
71 76
71 77
71 78
71 79
71 84
71 85
71 87
71 91
71 92
71 93
71 94
71 97
71 101
71 102
71 104
71 106
71 107
71 108
71 109
71 115
71 116
71 117
71 118
71 119
71 121
71 122
71 124
71 126
71 127
71 129
71 130
71 131
71 132
71 134
71 135
71 137
71 138
71 139
71 142
71 143
71 146
71 150
71 152
71 154
71 157
71 158
71 159
71 160
71 161
72 73
72 74
72 75
72 77
72 78
72 79
72 80
72 83
72 84
72 87
72 88
72 89
72 91
72 93
72 94
72 95
72 97
72 98
72 100
72 101
72 102
72 103
72 104
72 106
72 107
72 108
72 109
72 111
72 112
72 113
72 115
72 116
72 117
72 118
72 121
72 122
72 125
72 127
72 130
72 131
72 134
72 135
72 136
72 138
72 141
72 142
72 146
72 147
72 148
72 149
72 150
72 151
72 152
72 153
72 154
72 156
72 157
72 158
72 159
72 160
72 161
73 74
73 75
73 76
73 79
73 80
73 82
73 83
73 84
73 86
73 88
73 91
73 93
73 94
73 97
73 98
73 99
73 100
73 101
73 102
73 103
73 107
73 109
73 110
73 111
73 112
73 113
73 114
73 115
73 118
73 120
73 126
73 129
73 131
73 132
73 133
73 134
73 135
73 136
73 137
73 139
73 140
73 142
73 143
73 145
73 149
73 154
73 157
73 158
73 160
73 161
74 76
74 77
74 78
74 80
74 81
74 83
74 84
74 87
74 88
74 89
74 90
74 91
74 92
74 93
74 94
74 95
74 97
74 101
74 102
74 103
74 104
74 105
74 106
74 107
74 111
74 113
74 114
74 115
74 116
74 119
74 121
74 122
74 125
74 126
74 129
74 130
74 131
74 133
74 134
74 137
74 139
74 140
74 141
74 142
74 145
74 146
74 148
74 150
74 151
74 152
74 154
74 155
74 157
74 158
74 159
74 160
74 161
75 77
75 79
75 85
75 86
75 87
75 90
75 92
75 94
75 97
75 98
75 99
75 101
75 103
75 107
75 109
75 112
75 113
75 115
75 117
75 121
75 123
75 125
75 127
75 128
75 129
75 130
75 131
75 133
75 134
75 135
75 136
75 137
75 138
75 141
75 142
75 144
75 146
75 150
75 151
75 152
75 154
75 157
75 160
76 79
76 80
76 87
76 92
76 95
76 98
76 102
76 105
76 107
76 108
76 114
76 115
76 126
76 136
76 137
76 141
76 142
76 146
76 151
76 152
76 154
76 155
76 158
77 80
77 82
77 83
77 84
77 85
77 86
77 88
77 89
77 90
77 91
77 93
77 94
77 95
77 97
77 98
77 100
77 101
77 102
77 103
77 105
77 106
77 110
77 111
77 112
77 113
77 115
77 117
77 118
77 121
77 126
77 127
77 130
77 131
77 133
77 134
77 136
77 137
77 138
77 140
77 141
77 142
77 143
77 145
77 146
77 147
77 149
77 150
77 151
77 152
77 154
77 155
77 157
77 158
77 159
78 86
78 89
78 94
78 108
78 116
78 129
78 148
78 150
79 84
79 88
79 89
79 90
79 91
79 93
79 96
79 97
79 98
79 99
79 100
79 101
79 102
79 103
79 105
79 106
79 107
79 108
79 112
79 114
79 116
79 117
79 118
79 125
79 126
79 127
79 129
79 130
79 131
79 132
79 134
79 136
79 138
79 139
79 141
79 142
79 144
79 145
79 146
79 147
79 150
79 154
79 155
79 158
79 161
80 87
80 93
80 99
80 100
80 101
80 102
80 105
80 111
80 114
80 115
80 116
80 117
80 118
80 125
80 126
80 129
80 136
80 137
80 138
80 142
80 143
80 146
80 149
80 150
80 151
80 154
80 161
81 89
81 93
81 108
81 112
81 114
81 117
81 125
81 126
81 129
81 133
81 134
81 138
81 139
81 146
81 147
81 151
81 152
82 83
82 92
82 93
82 94
82 97
82 98
82 100
82 101
82 102
82 103
82 106
82 110
82 115
82 118
82 125
82 126
82 127
82 138
82 142
82 145
82 150
82 154
82 157
82 158
82 160
83 90
83 92
83 94
83 97
83 98
83 99
83 100
83 101
83 103
83 105
83 108
83 112
83 117
83 125
83 131
83 133
83 136
83 137
83 140
83 141
83 142
83 146
83 152
83 154
83 155
84 89
84 90
84 91
84 93
84 94
84 95
84 96
84 97
84 99
84 100
84 101
84 102
84 103
84 105
84 106
84 107
84 108
84 109
84 110
84 111
84 112
84 114
84 116
84 117
84 118
84 119
84 122
84 129
84 131
84 132
84 133
84 134
84 135
84 138
84 139
84 140
84 142
84 146
84 147
84 150
84 154
84 155
84 157
84 158
84 159
84 160
84 161
85 88
85 89
85 94
85 95
85 97
85 100
85 101
85 102
85 106
85 109
85 110
85 111
85 112
85 113
85 114
85 117
85 118
85 129
85 131
85 134
85 135
85 137
85 138
85 140
85 143
85 144
85 146
85 149
85 150
85 151
85 152
85 157
85 159
85 160
86 89
86 91
86 97
86 108
86 109
86 111
86 112
86 113
86 114
86 115
86 118
86 122
86 130
86 131
86 133
86 135
86 137
86 141
86 143
86 145
86 146
86 149
86 150
86 151
86 152
86 153
86 154
86 156
87 89
87 93
87 94
87 97
87 99
87 106
87 111
87 112
87 113
87 118
87 125
87 129
87 132
87 133
87 137
87 138
87 142
87 146
87 147
87 150
87 151
87 152
87 153
87 154
87 157
87 158
87 161
88 89
88 91
88 92
88 94
88 97
88 98
88 99
88 101
88 102
88 106
88 107
88 108
88 109
88 114
88 124
88 126
88 129
88 131
88 133
88 134
88 138
88 141
88 143
88 146
88 147
88 148
88 150
88 152
88 153
88 154
88 155
88 157
88 158
88 160
89 90
89 91
89 94
89 95
89 97
89 98
89 99
89 100
89 102
89 103
89 105
89 106
89 107
89 108
89 109
89 110
89 111
89 112
89 113
89 114
89 117
89 118
89 119
89 122
89 123
89 125
89 126
89 128
89 129
89 130
89 131
89 133
89 136
89 137
89 138
89 139
89 140
89 141
89 142
89 143
89 146
89 147
89 149
89 152
89 154
89 157
89 158
89 161
90 94
90 101
90 106
90 114
90 116
90 131
90 133
90 134
90 137
90 142
90 145
90 147
90 151
90 152
90 159
91 94
91 97
91 99
91 103
91 105
91 107
91 109
91 115
91 120
91 121
91 125
91 127
91 131
91 134
91 137
91 138
91 142
91 149
91 150
91 151
91 152
91 153
91 154
91 160
91 161
92 97
92 101
92 102
92 108
92 109
92 117
92 118
92 125
92 129
92 130
92 135
92 137
92 138
92 139
92 147
92 150
92 152
92 153
92 154
92 157
92 161
93 94
93 95
93 97
93 98
93 101
93 103
93 109
93 111
93 114
93 115
93 118
93 121
93 125
93 126
93 129
93 130
93 131
93 133
93 134
93 142
93 144
93 145
93 147
93 148
93 152
93 153
93 154
93 157
93 161
94 97
94 99
94 100
94 101
94 102
94 105
94 107
94 108
94 109
94 113
94 114
94 116
94 117
94 122
94 124
94 125
94 126
94 127
94 128
94 129
94 130
94 131
94 132
94 134
94 135
94 138
94 140
94 141
94 145
94 148
94 150
94 152
94 154
94 155
94 157
94 158
95 97
95 102
95 106
95 108
95 110
95 113
95 115
95 116
95 117
95 129
95 130
95 131
95 134
95 135
95 138
95 140
95 142
95 149
95 153
95 158
95 161
96 99
96 100
96 108
96 115
96 118
96 129
96 139
96 142
96 152
96 154
96 161
97 98
97 99
97 100
97 101
97 102
97 103
97 105
97 106
97 107
97 108
97 109
97 110
97 111
97 112
97 113
97 114
97 115
97 122
97 124
97 129
97 131
97 133
97 137
97 138
97 139
97 140
97 141
97 142
97 143
97 146
97 147
97 150
97 151
97 152
97 154
97 157
97 161
98 101
98 102
98 103
98 105
98 107
98 108
98 109
98 111
98 114
98 115
98 116
98 117
98 122
98 129
98 131
98 132
98 133
98 134
98 137
98 138
98 143
98 144
98 147
98 149
98 150
98 157
98 161
99 100
99 106
99 107
99 108
99 113
99 115
99 117
99 118
99 122
99 128
99 129
99 130
99 131
99 133
99 134
99 137
99 138
99 139
99 142
99 147
99 148
99 152
99 153
99 157
99 161
100 101
100 102
100 105
100 107
100 117
100 125
100 129
100 130
100 131
100 134
100 138
100 139
100 140
100 143
100 144
100 153
100 156
100 158
100 160
100 161
101 102
101 105
101 106
101 107
101 108
101 110
101 112
101 113
101 114
101 115
101 116
101 117
101 118
101 119
101 125
101 127
101 129
101 131
101 132
101 133
101 134
101 135
101 136
101 137
101 138
101 139
101 140
101 141
101 142
101 143
101 145
101 146
101 147
101 150
101 151
101 152
101 154
101 158
101 161
102 104
102 106
102 107
102 108
102 109
102 110
102 111
102 112
102 113
102 114
102 117
102 119
102 120
102 121
102 122
102 126
102 127
102 128
102 129
102 130
102 131
102 132
102 133
102 134
102 135
102 136
102 138
102 140
102 142
102 144
102 147
102 152
102 154
102 155
102 157
102 158
103 105
103 106
103 107
103 108
103 112
103 113
103 115
103 117
103 118
103 121
103 124
103 125
103 128
103 129
103 131
103 132
103 134
103 137
103 142
103 145
103 147
103 150
103 154
103 157
103 158
104 108
104 113
104 115
104 118
104 127
104 133
104 135
104 137
104 138
104 139
104 143
104 147
104 156
104 158
105 106
105 107
105 108
105 109
105 111
105 112
105 114
105 115
105 117
105 118
105 120
105 125
105 126
105 128
105 129
105 131
105 132
105 134
105 136
105 137
105 139
105 140
105 141
105 142
105 147
105 148
105 149
105 150
105 151
105 152
105 153
105 154
105 155
105 157
105 158
105 159
105 160
106 107
106 108
106 109
106 110
106 111
106 112
106 113
106 114
106 116
106 117
106 118
106 119
106 120
106 122
106 123
106 124
106 125
106 126
106 128
106 129
106 130
106 131
106 132
106 134
106 135
106 137
106 138
106 140
106 142
106 143
106 145
106 146
106 147
106 148
106 151
106 152
106 154
106 156
106 158
106 159
106 160
106 161
107 111
107 114
107 115
107 116
107 117
107 119
107 125
107 126
107 127
107 131
107 133
107 134
107 137
107 142
107 146
107 149
107 151
107 152
107 154
107 157
107 160
108 110
108 111
108 113
108 114
108 115
108 117
108 124
108 125
108 126
108 129
108 130
108 131
108 132
108 133
108 134
108 138
108 139
108 140
108 142
108 143
108 145
108 147
108 148
108 151
108 154
108 155
108 157
108 158
108 160
108 161
109 110
109 112
109 113
109 114
109 116
109 124
109 126
109 129
109 130
109 131
109 133
109 134
109 135
109 137
109 138
109 139
109 142
109 150
109 152
109 153
109 154
109 155
109 156
109 158
109 159
109 160
109 161
110 111
110 114
110 115
110 118
110 119
110 125
110 133
110 139
110 141
110 142
110 145
110 149
110 152
110 155
110 157
110 158
111 112
111 113
111 114
111 115
111 116
111 120
111 122
111 125
111 131
111 133
111 137
111 138
111 139
111 140
111 142
111 143
111 144
111 145
111 146
111 147
111 151
111 152
111 154
111 157
111 160
111 161
112 113
112 114
112 117
112 118
112 119
112 122
112 124
112 129
112 130
112 131
112 133
112 134
112 135
112 137
112 138
112 139
112 140
112 141
112 142
112 143
112 147
112 150
112 151
112 152
112 153
112 154
112 157
112 158
112 159
112 160
113 115
113 117
113 118
113 120
113 122
113 125
113 129
113 130
113 133
113 134
113 135
113 137
113 138
113 139
113 140
113 143
113 144
113 147
113 148
113 150
113 151
113 152
113 153
113 154
113 157
113 158
113 160
114 115
114 116
114 117
114 118
114 119
114 124
114 125
114 127
114 128
114 129
114 131
114 134
114 136
114 137
114 138
114 140
114 141
114 142
114 145
114 146
114 147
114 149
114 150
114 152
114 153
114 154
114 156
114 157
114 160
114 161
115 118
115 122
115 125
115 126
115 127
115 129
115 130
115 131
115 133
115 134
115 137
115 138
115 139
115 141
115 146
115 147
115 149
115 150
115 151
115 152
115 153
115 154
115 155
115 156
115 157
115 160
115 161
116 117
116 118
116 120
116 126
116 129
116 133
116 138
116 139
116 141
116 145
116 146
116 151
116 152
116 154
116 157
116 159
116 160
116 161
117 119
117 122
117 125
117 128
117 129
117 130
117 131
117 132
117 133
117 134
117 135
117 136
117 138
117 141
117 147
117 148
117 149
117 150
117 151
117 157
117 158
117 159
118 120
118 121
118 124
118 125
118 126
118 127
118 128
118 129
118 133
118 134
118 136
118 137
118 138
118 139
118 140
118 141
118 142
118 143
118 144
118 145
118 146
118 147
118 149
118 150
118 151
118 152
118 154
118 155
118 157
118 158
118 159
118 161
119 125
119 133
119 136
119 137
119 147
119 151
119 154
119 158
119 161
120 125
120 131
120 134
120 137
120 138
120 141
120 145
120 150
120 151
120 152
120 154
120 161
121 130
121 131
121 135
121 137
121 146
121 151
121 154
121 160
121 161
122 129
122 133
122 138
122 140
122 141
122 142
122 144
122 145
122 147
122 151
122 153
122 154
122 161
123 131
123 137
123 146
123 147
123 150
124 125
124 126
124 129
124 131
124 137
124 157
124 161
125 126
125 127
125 130
125 131
125 133
125 134
125 137
125 138
125 139
125 140
125 141
125 147
125 148
125 151
125 152
125 153
125 154
125 155
125 157
125 160
125 161
126 129
126 131
126 134
126 135
126 137
126 138
126 139
126 140
126 141
126 142
126 147
126 150
126 151
126 152
126 153
126 157
126 159
126 160
126 161
127 130
127 131
127 134
127 136
127 139
127 140
127 142
127 146
127 147
127 151
127 154
127 156
128 131
128 133
128 138
128 141
128 142
128 144
128 145
128 157
128 158
128 160
129 130
129 131
129 132
129 136
129 137
129 138
129 139
129 142
129 145
129 146
129 147
129 149
129 151
129 152
129 153
129 154
129 155
129 156
129 157
129 158
129 160
129 161
130 131
130 136
130 138
130 140
130 141
130 142
130 143
130 147
130 149
130 150
130 154
130 155
130 157
130 161
131 132
131 133
131 135
131 138
131 139
131 140
131 141
131 142
131 145
131 146
131 147
131 149
131 150
131 151
131 152
131 153
131 154
131 157
131 158
131 160
131 161
132 133
132 150
132 152
132 154
132 157
132 158
133 135
133 136
133 137
133 139
133 141
133 142
133 145
133 146
133 148
133 151
133 154
133 155
133 156
133 158
133 160
134 135
134 136
134 137
134 138
134 140
134 141
134 142
134 145
134 146
134 147
134 149
134 150
134 151
134 152
134 153
134 154
134 157
134 158
134 160
134 161
135 139
135 140
135 141
135 145
135 147
135 150
135 151
135 152
135 157
135 158
135 161
136 137
136 138
136 139
136 147
136 150
136 151
136 152
136 154
136 155
136 157
137 138
137 139
137 140
137 142
137 145
137 146
137 148
137 149
137 150
137 151
137 154
137 155
137 157
137 158
137 159
137 160
137 161
138 140
138 141
138 142
138 143
138 147
138 148
138 150
138 151
138 152
138 153
138 154
138 156
138 157
138 158
138 159
138 160
138 161
139 141
139 145
139 146
139 148
139 149
139 153
139 154
139 156
140 142
140 145
140 149
140 157
140 158
140 161
141 142
141 143
141 146
141 147
141 152
141 153
141 155
141 156
141 160
141 161
142 143
142 145
142 146
142 147
142 149
142 151
142 152
142 153
142 154
142 155
142 157
142 158
142 159
142 160
143 147
143 149
143 153
143 157
143 158
143 159
144 147
144 153
144 161
145 146
145 147
145 149
145 152
145 154
145 157
145 159
145 161
146 147
146 152
146 153
146 154
146 155
146 157
146 158
146 161
147 148
147 150
147 151
147 152
147 153
147 154
147 155
147 157
147 158
147 159
147 161
148 150
148 152
148 153
149 150
149 152
149 154
149 157
149 159
149 160
150 151
150 154
150 156
150 157
150 158
150 160
150 161
151 152
151 153
151 154
151 157
151 158
151 159
152 153
152 154
152 157
152 159
152 160
153 157
153 158
153 161
154 157
154 158
154 159
154 160
155 159
157 158
157 159
158 160
159 161
