0 1
0 2
0 9
0 13
0 14
0 15
0 18
0 19
0 25
0 28
0 36
0 37
0 38
0 40
0 42
0 45
0 49
0 51
0 56
0 57
0 58
0 61
0 64
0 65
0 67
0 70
0 71
0 72
0 73
0 77
0 80
0 84
0 88
0 89
0 92
0 93
0 94
0 95
0 99
0 100
0 104
0 106
0 110
0 111
0 113
0 117
0 118
0 122
0 129
0 131
0 135
0 137
0 138
0 140
0 142
0 145
0 147
0 151
0 152
0 160
0 161
1 10
1 11
1 24
1 29
1 38
1 39
1 40
1 43
1 45
1 55
1 56
1 57
1 58
1 61
1 62
1 63
1 64
1 65
1 66
1 68
1 69
1 70
1 72
1 73
1 74
1 77
1 82
1 83
1 86
1 88
1 89
1 94
1 96
1 101
1 102
1 105
1 108
1 112
1 113
1 114
1 115
1 117
1 118
1 122
1 125
1 127
1 129
1 131
1 133
1 134
1 137
1 138
1 141
1 142
1 146
1 149
1 150
1 151
1 152
1 154
1 157
1 158
2 6
2 7
2 11
2 12
2 13
2 18
2 20
2 21
2 24
2 25
2 26
2 30
2 31
2 32
2 37
2 43
2 44
2 45
2 46
2 49
2 51
2 54
2 58
2 63
2 64
2 66
2 68
2 69
2 72
2 73
2 74
2 82
2 85
2 91
2 94
2 100
2 102
2 103
2 106
2 109
2 113
2 115
2 117
2 118
2 120
2 125
2 130
2 131
2 137
2 147
2 149
2 150
2 154
2 157
2 158
2 161
3 4
3 6
3 7
3 10
3 11
3 13
3 17
3 27
3 30
3 32
3 38
3 40
3 46
3 51
3 52
3 56
3 63
3 64
3 65
3 68
3 69
3 70
3 72
3 73
3 74
3 75
3 80
3 83
3 89
3 101
3 104
3 106
3 107
3 108
3 109
3 113
3 115
3 118
3 121
3 134
3 138
3 139
3 141
3 145
3 146
3 150
3 151
3 152
3 155
4 6
4 7
4 8
4 9
4 11
4 12
4 13
4 14
4 15
4 17
4 21
4 23
4 26
4 29
4 31
4 32
4 34
4 35
4 37
4 39
4 40
4 41
4 43
4 44
4 45
4 46
4 47
4 49
4 50
4 51
4 52
4 53
4 54
4 59
4 61
4 64
4 65
4 66
4 67
4 68
4 69
4 70
4 71
4 72
4 73
4 75
4 76
4 77
4 78
4 79
4 83
4 84
4 85
4 86
4 91
4 92
4 94
4 95
4 96
4 97
4 98
4 101
4 102
4 104
4 105
4 106
4 107
4 109
4 110
4 113
4 115
4 117
4 118
4 125
4 127
4 129
4 131
4 133
4 135
4 136
4 138
4 140
4 141
4 142
4 146
4 147
4 149
4 151
4 154
4 155
4 156
5 19
5 21
5 30
5 35
5 36
5 38
5 40
5 45
5 49
5 50
5 54
5 56
5 67
5 70
5 72
5 74
5 79
5 84
5 85
5 91
5 94
5 102
5 106
5 114
5 115
5 122
5 128
5 129
5 134
5 139
5 147
5 154
5 157
5 158
6 7
6 8
6 9
6 11
6 12
6 13
6 14
6 15
6 16
6 19
6 20
6 21
6 23
6 25
6 26
6 31
6 32
6 35
6 37
6 38
6 39
6 40
6 41
6 43
6 44
6 45
6 46
6 51
6 54
6 55
6 56
6 58
6 59
6 60
6 63
6 64
6 65
6 66
6 68
6 69
6 70
6 71
6 72
6 73
6 74
6 75
6 77
6 79
6 80
6 83
6 84
6 86
6 88
6 89
6 90
6 92
6 93
6 94
6 95
6 98
6 99
6 100
6 101
6 104
6 105
6 106
6 107
6 108
6 109
6 110
6 112
6 113
6 114
6 115
6 116
6 117
6 118
6 119
6 121
6 122
6 125
6 126
6 127
6 129
6 131
6 133
6 134
6 136
6 137
6 138
6 139
6 141
6 142
6 145
6 147
6 151
6 154
6 156
6 157
6 158
6 160
6 161
7 8
7 9
7 14
7 18
7 19
7 21
7 22
7 25
7 30
7 31
7 32
7 33
7 34
7 35
7 36
7 37
7 38
7 39
7 40
7 41
7 42
7 43
7 44
7 45
7 46
7 49
7 50
7 52
7 53
7 55
7 56
7 57
7 58
7 59
7 61
7 63
7 64
7 65
7 66
7 67
7 68
7 69
7 70
7 71
7 73
7 74
7 75
7 77
7 79
7 81
7 82
7 84
7 85
7 88
7 90
7 91
7 92
7 93
7 95
7 96
7 97
7 98
7 99
7 101
7 102
7 103
7 105
7 106
7 107
7 109
7 110
7 111
7 112
7 113
7 114
7 115
7 116
7 117
7 118
7 124
7 125
7 127
7 129
7 130
7 131
7 133
7 134
7 136
7 137
7 138
7 139
7 142
7 143
7 146
7 147
7 149
7 150
7 151
7 152
7 153
7 154
7 155
7 157
7 158
7 159
7 161
8 25
8 26
8 31
8 37
8 38
8 39
8 40
8 43
8 44
8 46
8 51
8 52
8 54
8 55
8 58
8 63
8 64
8 65
8 66
8 70
8 71
8 73
8 74
8 84
8 86
8 93
8 94
8 101
8 103
8 106
8 107
8 109
8 110
8 117
8 118
8 129
8 133
8 136
8 137
8 138
8 140
8 142
9 11
9 12
9 13
9 14
9 17
9 23
9 24
9 25
9 26
9 28
9 31
9 32
9 36
9 37
9 38
9 40
9 42
9 45
9 47
9 49
9 50
9 53
9 54
9 59
9 61
9 63
9 64
9 65
9 67
9 68
9 70
9 75
9 77
9 79
9 82
9 86
9 89
9 91
9 93
9 97
9 98
9 99
9 100
9 101
9 102
9 103
9 106
9 109
9 112
9 113
9 114
9 115
9 117
9 118
9 121
9 129
9 130
9 131
9 134
9 138
9 139
9 143
9 146
9 150
9 151
9 152
9 154
9 156
9 157
9 158
9 161
10 11
10 14
10 15
10 16
10 17
10 18
10 19
10 23
10 24
10 26
10 28
10 29
10 35
10 36
10 37
10 38
10 40
10 42
10 43
10 45
10 46
10 47
10 48
10 49
10 51
10 53
10 54
10 56
10 59
10 63
10 64
10 67
10 71
10 72
10 73
10 74
10 75
10 76
10 79
10 80
10 83
10 84
10 87
10 88
10 89
10 91
10 92
10 94
10 95
10 97
10 100
10 101
10 102
10 103
10 105
10 108
10 111
10 112
10 113
10 114
10 119
10 121
10 125
10 126
10 130
10 131
10 134
10 136
10 137
10 138
10 142
10 143
10 145
10 149
10 150
10 151
10 153
10 155
10 158
10 160
11 15
11 16
11 17
11 19
11 21
11 24
11 25
11 26
11 30
11 31
11 32
11 35
11 36
11 37
11 38
11 39
11 47
11 51
11 52
11 54
11 57
11 58
11 61
11 63
11 65
11 70
11 72
11 74
11 75
11 76
11 79
11 80
11 83
11 84
11 87
11 88
11 89
11 91
11 92
11 94
11 96
11 97
11 98
11 99
11 101
11 102
11 105
11 108
11 109
11 111
11 112
11 113
11 114
11 115
11 117
11 118
11 123
11 125
11 126
11 130
11 131
11 132
11 133
11 134
11 136
11 141
11 142
11 144
11 145
11 146
11 147
11 152
11 153
11 154
11 157
11 158
12 14
12 15
12 18
12 19
12 21
12 23
12 25
12 26
12 28
12 29
12 30
12 31
12 34
12 35
12 43
12 45
12 46
12 51
12 52
12 55
12 56
12 58
12 59
12 61
12 64
12 65
12 67
12 68
12 73
12 74
12 75
12 77
12 79
12 82
12 84
12 86
12 87
12 91
12 95
12 97
12 98
12 101
12 106
12 107
12 108
12 109
12 111
12 112
12 115
12 116
12 117
12 118
12 121
12 124
12 125
12 133
12 134
12 137
12 141
12 142
12 145
12 146
12 147
12 148
12 149
12 154
12 155
12 161
13 15
13 19
13 22
13 25
13 26
13 28
13 30
13 31
13 32
13 38
13 40
13 41
13 45
13 51
13 52
13 54
13 55
13 58
13 59
13 62
13 64
13 65
13 69
13 71
13 72
13 79
13 84
13 85
13 88
13 90
13 91
13 93
13 94
13 99
13 101
13 102
13 106
13 108
13 109
13 111
13 113
13 117
13 118
13 129
13 131
13 136
13 138
13 139
13 141
13 143
13 145
13 147
13 152
13 153
13 154
13 155
13 159
13 160
14 15
14 20
14 21
14 23
14 25
14 26
14 28
14 29
14 30
14 31
14 32
14 36
14 37
14 38
14 39
14 40
14 44
14 45
14 46
14 49
14 51
14 52
14 54
14 56
14 58
14 59
14 61
14 62
14 64
14 65
14 66
14 67
14 68
14 69
14 70
14 71
14 73
14 74
14 75
14 78
14 80
14 85
14 86
14 88
14 89
14 91
14 92
14 93
14 94
14 95
14 97
14 102
14 103
14 104
14 105
14 106
14 107
14 108
14 109
14 110
14 111
14 112
14 113
14 114
14 115
14 116
14 118
14 119
14 121
14 125
14 126
14 127
14 129
14 130
14 131
14 133
14 134
14 135
14 137
14 138
14 139
14 141
14 142
14 143
14 146
14 147
14 148
14 149
14 150
14 152
14 153
14 154
14 155
14 161
15 21
15 30
15 31
15 38
15 45
15 46
15 48
15 49
15 53
15 54
15 56
15 58
15 59
15 62
15 63
15 64
15 66
15 67
15 68
15 70
15 77
15 79
15 83
15 84
15 85
15 87
15 88
15 89
15 100
15 101
15 102
15 108
15 109
15 113
15 114
15 115
15 118
15 125
15 128
15 129
15 130
15 136
15 138
15 139
15 142
15 143
15 150
15 151
15 152
15 154
15 156
15 158
15 161
16 21
16 26
16 31
16 32
16 38
16 43
16 51
16 53
16 56
16 60
16 61
16 63
16 64
16 66
16 67
16 69
16 70
16 71
16 72
16 77
16 79
16 80
16 84
16 88
16 89
16 90
16 98
16 100
16 101
16 105
16 106
16 108
16 109
16 110
16 113
16 115
16 117
16 123
16 125
16 127
16 129
16 131
16 137
16 138
16 139
16 144
16 151
16 152
16 158
17 19
17 21
17 22
17 30
17 31
17 33
17 38
17 39
17 40
17 41
17 63
17 64
17 67
17 68
17 71
17 74
17 79
17 80
17 85
17 100
17 104
17 109
17 129
17 138
17 152
17 161
18 29
18 32
18 34
18 38
18 43
18 44
18 45
18 48
18 49
18 50
18 51
18 52
18 54
18 59
18 63
18 67
18 68
18 69
18 70
18 71
18 73
18 74
18 77
18 79
18 80
18 84
18 89
18 91
18 94
18 95
18 96
18 97
18 101
18 108
18 109
18 114
18 115
18 116
18 117
18 118
18 125
18 137
18 138
18 139
18 143
18 146
18 150
18 151
18 158
19 21
19 22
19 24
19 26
19 30
19 31
19 32
19 35
19 36
19 38
19 40
19 41
19 43
19 44
19 45
19 46
19 47
19 48
19 49
19 51
19 53
19 54
19 57
19 58
19 61
19 62
19 63
19 64
19 66
19 70
19 73
19 74
19 77
19 79
19 80
19 82
19 83
19 84
19 85
19 86
19 87
19 89
19 91
19 93
19 94
19 96
19 97
19 98
19 100
19 101
19 102
19 103
19 104
19 105
19 106
19 107
19 108
19 109
19 111
19 112
19 113
19 114
19 115
19 117
19 118
19 121
19 123
19 125
19 128
19 129
19 130
19 131
19 132
19 133
19 134
19 135
19 138
19 139
19 140
19 142
19 143
19 145
19 146
19 147
19 149
19 150
19 151
19 154
19 155
19 158
19 160
20 21
20 24
20 25
20 26
20 31
20 32
20 40
20 51
20 59
20 62
20 63
20 65
20 66
20 68
20 72
20 77
20 79
20 80
20 84
20 102
20 103
20 107
20 108
20 109
20 112
20 126
20 128
20 137
20 138
20 145
20 150
20 151
20 154
20 157
20 161
21 29
21 30
21 31
21 35
21 38
21 39
21 41
21 46
21 48
21 49
21 51
21 53
21 54
21 55
21 56
21 57
21 58
21 59
21 61
21 63
21 64
21 68
21 70
21 71
21 72
21 73
21 74
21 77
21 78
21 79
21 80
21 81
21 84
21 86
21 87
21 89
21 92
21 93
21 94
21 98
21 100
21 101
21 103
21 104
21 105
21 106
21 108
21 111
21 112
21 113
21 114
21 116
21 117
21 118
21 122
21 123
21 125
21 126
21 133
21 135
21 137
21 138
21 139
21 141
21 146
21 147
21 151
21 152
21 153
21 154
21 155
21 160
21 161
22 25
22 29
22 30
22 31
22 33
22 37
22 41
22 45
22 46
22 49
22 52
22 56
22 59
22 61
22 62
22 64
22 65
22 69
22 71
22 72
22 73
22 80
22 83
22 89
22 91
22 94
22 96
22 97
22 98
22 99
22 101
22 102
22 106
22 108
22 113
22 117
22 118
22 122
22 125
22 126
22 127
22 129
22 135
22 137
22 142
22 150
22 151
22 152
22 154
22 157
22 159
22 161
23 25
23 26
23 30
23 31
23 32
23 35
23 36
23 40
23 45
23 49
23 53
23 57
23 63
23 68
23 70
23 71
23 73
23 84
23 86
23 87
23 89
23 92
23 96
23 97
23 99
23 101
23 102
23 104
23 105
23 106
23 109
23 110
23 113
23 114
23 115
23 117
23 126
23 128
23 130
23 134
23 137
23 138
23 141
23 142
23 145
23 146
23 147
23 151
23 157
24 26
24 28
24 34
24 40
24 44
24 46
24 51
24 54
24 61
24 63
24 65
24 66
24 75
24 80
24 86
24 91
24 97
24 98
24 99
24 101
24 102
24 108
24 112
24 113
24 114
24 116
24 117
24 122
24 123
24 125
24 127
24 129
24 131
24 136
24 137
24 138
24 139
24 140
24 142
24 145
24 147
24 151
24 154
24 155
24 157
24 158
25 27
25 30
25 32
25 39
25 42
25 44
25 45
25 47
25 48
25 49
25 51
25 52
25 56
25 57
25 58
25 62
25 63
25 64
25 66
25 67
25 69
25 71
25 73
25 74
25 77
25 79
25 83
25 85
25 88
25 93
25 96
25 97
25 100
25 102
25 105
25 106
25 108
25 109
25 114
25 115
25 125
25 126
25 129
25 130
25 131
25 132
25 133
25 139
25 140
25 145
25 147
25 149
25 151
25 152
25 153
25 156
25 157
25 158
25 161
26 28
26 29
26 31
26 32
26 33
26 35
26 37
26 38
26 39
26 40
26 41
26 42
26 43
26 44
26 46
26 49
26 50
26 51
26 52
26 53
26 54
26 55
26 56
26 57
26 58
26 61
26 62
26 63
26 64
26 65
26 66
26 67
26 68
26 69
26 70
26 71
26 73
26 74
26 75
26 76
26 77
26 79
26 80
26 82
26 83
26 84
26 88
26 89
26 91
26 92
26 93
26 94
26 95
26 96
26 97
26 100
26 101
26 105
26 106
26 109
26 111
26 112
26 113
26 115
26 116
26 117
26 118
26 119
26 120
26 124
26 125
26 126
26 127
26 128
26 131
26 133
26 134
26 135
26 137
26 138
26 139
26 142
26 146
26 150
26 151
26 152
26 153
26 154
26 156
26 157
26 159
26 160
27 28
27 33
27 39
27 41
27 44
27 45
27 49
27 54
27 56
27 64
27 65
27 66
27 70
27 73
27 79
27 80
27 82
27 89
27 93
27 94
27 102
27 107
27 111
27 114
27 115
27 116
27 119
27 123
27 131
27 137
27 142
27 143
27 151
27 154
28 30
28 31
28 34
28 35
28 38
28 39
28 43
28 44
28 45
28 55
28 58
28 64
28 65
28 68
28 69
28 70
28 72
28 73
28 79
28 82
28 86
28 87
28 89
28 91
28 92
28 93
28 94
28 95
28 96
28 99
28 101
28 102
28 106
28 108
28 116
28 117
28 118
28 124
28 125
28 128
28 129
28 134
28 137
28 138
28 142
28 145
28 147
28 149
28 150
28 152
28 153
28 154
28 155
28 157
28 159
29 30
29 39
29 40
29 44
29 46
29 53
29 55
29 56
29 61
29 64
29 67
29 71
29 72
29 73
29 74
29 75
29 77
29 79
29 87
29 99
29 101
29 114
29 118
29 121
29 125
29 130
29 131
29 133
29 134
29 135
29 142
29 146
29 150
29 151
29 154
29 157
29 158
29 159
29 161
30 40
30 41
30 44
30 45
30 48
30 50
30 51
30 53
30 54
30 55
30 56
30 60
30 61
30 63
30 64
30 65
30 67
30 68
30 69
30 70
30 71
30 72
30 73
30 74
30 75
30 77
30 79
30 82
30 84
30 87
30 89
30 90
30 91
30 93
30 94
30 97
30 99
30 100
30 101
30 102
30 103
30 105
30 106
30 109
30 111
30 112
30 113
30 115
30 117
30 118
30 126
30 127
30 129
30 130
30 131
30 133
30 134
30 136
30 137
30 138
30 141
30 142
30 146
30 147
30 151
30 152
30 153
30 154
30 158
30 160
30 161
31 32
31 33
31 34
31 36
31 38
31 39
31 40
31 41
31 42
31 43
31 44
31 49
31 51
31 52
31 53
31 54
31 55
31 56
31 58
31 59
31 61
31 62
31 63
31 64
31 65
31 66
31 68
31 69
31 71
31 72
31 73
31 74
31 75
31 76
31 78
31 79
31 80
31 81
31 84
31 85
31 86
31 88
31 90
31 92
31 94
31 95
31 98
31 99
31 101
31 102
31 103
31 104
31 105
31 106
31 107
31 108
31 109
31 111
31 112
31 114
31 115
31 116
31 117
31 122
31 123
31 124
31 125
31 126
31 129
31 131
31 133
31 134
31 135
31 136
31 137
31 138
31 139
31 141
31 142
31 144
31 145
31 146
31 147
31 149
31 150
31 152
31 154
31 155
31 157
31 158
31 161
32 35
32 36
32 37
32 38
32 39
32 40
32 43
32 44
32 45
32 46
32 47
32 51
32 54
32 55
32 56
32 58
32 59
32 62
32 63
32 64
32 65
32 66
32 68
32 71
32 74
32 75
32 76
32 79
32 80
32 84
32 87
32 89
32 92
32 93
32 94
32 97
32 98
32 99
32 101
32 102
32 104
32 105
32 106
32 107
32 109
32 111
32 112
32 114
32 115
32 117
32 120
32 121
32 125
32 126
32 130
32 131
32 132
32 133
32 134
32 137
32 138
32 139
32 141
32 145
32 147
32 148
32 152
32 156
32 157
32 158
32 160
32 161
33 49
33 52
33 54
33 56
33 66
33 68
33 70
33 71
33 75
33 77
33 79
33 84
33 89
33 93
33 94
33 108
33 114
33 125
33 131
33 138
33 142
33 153
33 157
33 161
34 36
34 37
34 45
34 49
34 51
34 54
34 56
34 59
34 63
34 64
34 66
34 68
34 69
34 72
34 73
34 74
34 75
34 77
34 84
34 87
34 88
34 90
34 93
34 97
34 101
34 105
34 106
34 110
34 112
34 114
34 124
34 129
34 131
34 133
34 134
34 138
34 146
34 147
34 151
34 152
34 153
34 154
34 158
35 36
35 37
35 38
35 41
35 42
35 43
35 44
35 49
35 51
35 53
35 54
35 55
35 56
35 58
35 62
35 64
35 66
35 67
35 68
35 69
35 70
35 71
35 72
35 74
35 77
35 79
35 83
35 84
35 85
35 89
35 91
35 92
35 93
35 94
35 98
35 100
35 101
35 102
35 103
35 105
35 106
35 107
35 109
35 110
35 111
35 113
35 114
35 115
35 117
35 118
35 122
35 125
35 126
35 127
35 128
35 129
35 131
35 133
35 136
35 137
35 138
35 139
35 141
35 142
35 143
35 146
35 147
35 148
35 150
35 151
35 153
35 154
35 157
35 158
35 161
36 38
36 40
36 44
36 45
36 46
36 49
36 51
36 52
36 53
36 54
36 56
36 59
36 61
36 62
36 68
36 72
36 74
36 76
36 77
36 82
36 86
36 91
36 96
36 97
36 99
36 101
36 102
36 103
36 109
36 113
36 114
36 118
36 121
36 125
36 128
36 129
36 131
36 132
36 133
36 138
36 139
36 142
36 145
36 147
36 151
36 152
36 153
36 154
36 156
36 157
36 158
36 160
37 39
37 41
37 42
37 49
37 50
37 51
37 53
37 54
37 57
37 58
37 59
37 60
37 65
37 66
37 67
37 68
37 69
37 70
37 72
37 77
37 79
37 80
37 82
37 89
37 94
37 97
37 100
37 103
37 107
37 109
37 111
37 112
37 113
37 115
37 117
37 122
37 127
37 129
37 131
37 133
37 134
37 138
37 139
37 142
37 143
37 145
37 147
37 151
37 152
37 154
37 157
37 159
37 160
37 161
38 40
38 43
38 48
38 53
38 54
38 55
38 56
38 58
38 59
38 61
38 63
38 65
38 66
38 67
38 68
38 69
38 70
38 71
38 73
38 76
38 77
38 78
38 79
38 82
38 83
38 85
38 86
38 87
38 89
38 93
38 94
38 96
38 97
38 101
38 103
38 105
38 108
38 110
38 111
38 113
38 114
38 116
38 117
38 118
38 119
38 124
38 125
38 129
38 130
38 131
38 135
38 136
38 137
38 138
38 139
38 142
38 146
38 147
38 149
38 151
38 155
38 157
38 158
39 40
39 41
39 42
39 47
39 50
39 58
39 62
39 64
39 65
39 66
39 67
39 70
39 71
39 73
39 74
39 75
39 76
39 77
39 79
39 87
39 89
39 92
39 94
39 102
39 104
39 108
39 110
39 111
39 112
39 113
39 114
39 119
39 123
39 124
39 126
39 131
39 133
39 134
39 137
39 138
39 141
39 142
39 145
39 146
39 147
39 149
39 150
39 151
39 157
39 158
39 160
39 161
40 41
40 42
40 43
40 44
40 45
40 46
40 49
40 50
40 51
40 52
40 53
40 54
40 56
40 58
40 63
40 64
40 65
40 67
40 68
40 70
40 71
40 72
40 73
40 74
40 75
40 76
40 77
40 80
40 82
40 83
40 84
40 85
40 86
40 87
40 88
40 89
40 91
40 92
40 94
40 95
40 97
40 99
40 101
40 102
40 103
40 106
40 111
40 112
40 113
40 114
40 115
40 117
40 118
40 127
40 129
40 130
40 131
40 132
40 133
40 134
40 136
40 137
40 138
40 139
40 141
40 142
40 143
40 147
40 148
40 150
40 151
40 152
40 153
40 154
40 155
40 157
40 158
40 159
40 160
40 161
41 42
41 49
41 51
41 60
41 63
41 67
41 69
41 70
41 72
41 73
41 77
41 78
41 81
41 86
41 87
41 89
41 93
41 99
41 100
41 101
41 109
41 111
41 114
41 115
41 119
41 127
41 129
41 135
41 139
41 142
41 145
41 147
41 152
41 154
42 43
42 44
42 45
42 46
42 50
42 51
42 52
42 53
42 57
42 61
42 62
42 63
42 65
42 67
42 75
42 77
42 80
42 82
42 84
42 87
42 89
42 90
42 95
42 96
42 98
42 100
42 108
42 109
42 114
42 115
42 117
42 125
42 127
42 131
42 133
42 134
42 135
42 137
42 139
42 141
42 142
42 143
42 146
42 147
42 149
42 151
42 152
42 154
42 157
42 158
43 44
43 45
43 49
43 50
43 52
43 54
43 55
43 58
43 66
43 67
43 70
43 73
43 74
43 75
43 79
43 80
43 82
43 83
43 86
43 87
43 88
43 89
43 90
43 93
43 94
43 97
43 98
43 99
43 100
43 101
43 102
43 105
43 106
43 107
43 109
43 110
43 111
43 112
43 113
43 115
43 118
43 122
43 129
43 130
43 133
43 134
43 135
43 136
43 138
43 139
43 142
43 144
43 145
43 146
43 147
43 149
43 151
43 152
43 153
43 154
43 158
43 159
44 45
44 46
44 49
44 50
44 52
44 53
44 55
44 58
44 59
44 61
44 63
44 64
44 65
44 66
44 67
44 68
44 69
44 70
44 71
44 72
44 74
44 75
44 77
44 79
44 80
44 81
44 86
44 87
44 88
44 89
44 93
44 94
44 95
44 96
44 97
44 99
44 101
44 102
44 104
44 105
44 106
44 107
44 108
44 109
44 110
44 112
44 113
44 114
44 115
44 118
44 122
44 125
44 126
44 130
44 131
44 134
44 140
44 141
44 144
44 146
44 147
44 150
44 151
44 152
44 154
44 157
44 158
44 159
44 160
44 161
45 48
45 49
45 50
45 51
45 52
45 53
45 54
45 55
45 56
45 59
45 63
45 64
45 65
45 66
45 67
45 68
45 69
45 70
45 71
45 72
45 73
45 77
45 79
45 80
45 82
45 84
45 85
45 87
45 88
45 89
45 91
45 93
45 94
45 95
45 97
45 98
45 101
45 103
45 104
45 105
45 106
45 107
45 108
45 109
45 110
45 112
45 114
45 115
45 116
45 117
45 118
45 122
45 123
45 124
45 125
45 128
45 129
45 130
45 131
45 133
45 136
45 139
45 140
45 141
45 142
45 143
45 145
45 146
45 147
45 149
45 150
45 151
45 152
45 154
45 155
45 157
45 158
45 159
45 160
45 161
46 49
46 51
46 54
46 55
46 59
46 61
46 67
46 68
46 70
46 71
46 72
46 73
46 74
46 76
46 77
46 80
46 82
46 88
46 89
46 90
46 92
46 93
46 101
46 102
46 103
46 104
46 106
46 107
46 108
46 109
46 113
46 117
46 118
46 125
46 130
46 133
46 134
46 135
46 136
46 137
46 139
46 142
46 146
46 147
46 151
46 152
46 154
46 155
47 49
47 54
47 55
47 62
47 63
47 72
47 74
47 77
47 83
47 88
47 108
47 110
47 111
47 116
47 125
47 126
47 130
47 131
47 133
47 142
47 145
47 152
48 49
48 51
48 56
48 58
48 61
48 63
48 64
48 68
48 69
48 74
48 83
48 84
48 95
48 104
48 106
48 107
48 108
48 118
48 122
48 129
48 133
48 137
48 142
48 145
48 147
48 152
48 157
49 50
49 51
49 53
49 54
49 55
49 56
49 58
49 59
49 61
49 62
49 64
49 65
49 69
49 70
49 71
49 72
49 74
49 76
49 77
49 78
49 81
49 82
49 83
49 84
49 86
49 89
49 90
49 91
49 93
49 94
49 95
49 97
49 99
49 101
49 102
49 103
49 106
49 108
49 109
49 110
49 111
49 112
49 118
49 119
49 121
49 126
49 127
49 131
49 132
49 133
49 134
49 135
49 136
49 137
49 139
49 142
49 143
49 144
49 146
49 147
49 149
49 150
49 151
49 152
49 153
49 155
49 159
49 160
49 161
50 51
50 54
50 56
50 61
50 65
50 67
50 68
50 70
50 74
50 77
50 78
50 79
50 80
50 81
50 82
50 84
50 88
50 89
50 92
50 94
50 97
50 106
50 107
50 109
50 110
50 112
50 113
50 114
50 115
50 116
50 118
50 120
50 126
50 127
50 129
50 130
50 133
50 134
50 136
50 137
50 138
50 140
50 141
50 142
50 144
50 150
50 152
50 153
50 154
50 156
50 157
50 158
50 161
51 53
51 55
51 56
51 58
51 61
51 62
51 63
51 64
51 65
51 66
51 67
51 69
51 71
51 73
51 74
51 75
51 79
51 80
51 84
51 87
51 88
51 89
51 91
51 93
51 94
51 95
51 97
51 98
51 99
51 100
51 101
51 103
51 104
51 105
51 106
51 108
51 111
51 113
51 114
51 115
51 117
51 118
51 119
51 120
51 121
51 124
51 125
51 126
51 129
51 132
51 134
51 135
51 136
51 137
51 141
51 143
51 146
51 151
51 152
51 154
51 155
51 157
51 159
51 161
52 54
52 56
52 63
52 64
52 65
52 70
52 71
52 72
52 74
52 77
52 81
52 82
52 86
52 87
52 89
52 90
52 92
52 94
52 95
52 96
52 98
52 99
52 101
52 102
52 103
52 106
52 108
52 109
52 111
52 112
52 113
52 114
52 115
52 116
52 125
52 127
52 129
52 131
52 132
52 133
52 134
52 136
52 141
52 142
52 147
52 150
52 154
52 157
52 158
53 54
53 58
53 60
53 63
53 64
53 66
53 67
53 68
53 70
53 72
53 74
53 80
53 81
53 82
53 93
53 96
53 97
53 98
53 102
53 104
53 105
53 110
53 111
53 112
53 115
53 117
53 123
53 124
53 127
53 129
53 132
53 134
53 135
53 137
53 138
53 150
53 151
53 154
53 157
54 58
54 59
54 60
54 61
54 63
54 64
54 65
54 66
54 67
54 69
54 70
54 71
54 72
54 73
54 74
54 75
54 76
54 77
54 78
54 79
54 82
54 84
54 86
54 87
54 88
54 89
54 91
54 93
54 94
54 95
54 97
54 98
54 99
54 100
54 101
54 102
54 103
54 105
54 107
54 109
54 110
54 112
54 113
54 115
54 117
54 122
54 124
54 125
54 128
54 129
54 130
54 134
54 135
54 137
54 138
54 139
54 141
54 142
54 146
54 147
54 148
54 150
54 151
54 152
54 153
54 154
54 155
54 157
54 158
54 160
54 161
55 56
55 61
55 63
55 65
55 66
55 68
55 69
55 70
55 71
55 72
55 74
55 77
55 79
55 84
55 86
55 90
55 92
55 94
55 101
55 104
55 105
55 107
55 108
55 109
55 110
55 111
55 112
55 114
55 115
55 117
55 118
55 125
55 126
55 127
55 128
55 129
55 131
55 133
55 134
55 137
55 138
55 139
55 140
55 142
55 145
55 151
55 152
55 153
55 154
55 155
55 158
55 159
55 161
56 58
56 59
56 61
56 64
56 65
56 66
56 67
56 68
56 70
56 71
56 72
56 73
56 74
56 76
56 79
56 84
56 85
56 87
56 88
56 91
56 93
56 94
56 95
56 97
56 98
56 99
56 100
56 106
56 107
56 109
56 110
56 111
56 112
56 113
56 114
56 115
56 117
56 124
56 125
56 126
56 127
56 128
56 129
56 131
56 132
56 133
56 134
56 137
56 138
56 140
56 142
56 144
56 147
56 150
56 152
56 153
56 154
56 156
56 157
56 158
56 159
56 160
57 61
57 64
57 65
57 66
57 67
57 77
57 78
57 79
57 82
57 83
57 94
57 96
57 97
57 101
57 102
57 105
57 113
57 114
57 122
57 126
57 132
57 143
57 145
57 153
57 154
57 155
57 157
57 159
57 161
58 63
58 65
58 66
58 69
58 70
58 72
58 74
58 76
58 79
58 81
58 84
58 87
58 88
58 89
58 93
58 94
58 96
58 98
58 100
58 101
58 102
58 105
58 106
58 107
58 108
58 109
58 113
58 114
58 115
58 117
58 118
58 119
58 121
58 123
58 124
58 127
58 128
58 129
58 130
58 131
58 133
58 135
58 137
58 139
58 140
58 142
58 146
58 147
58 150
58 151
58 152
58 153
58 154
58 155
58 157
58 158
59 66
59 69
59 72
59 73
59 74
59 79
59 87
59 90
59 91
59 92
59 94
59 98
59 100
59 104
59 105
59 106
59 107
59 109
59 110
59 111
59 114
59 122
59 127
59 130
59 133
59 134
59 137
59 138
59 141
59 142
59 143
59 151
59 153
59 154
59 155
59 158
59 161
60 66
60 67
60 68
60 70
60 72
60 76
60 81
60 97
60 105
60 106
60 109
60 113
60 114
60 121
60 133
60 138
60 139
60 145
60 146
60 147
60 150
60 154
60 158
61 63
61 69
61 72
61 73
61 75
61 79
61 84
61 89
61 91
61 94
61 95
61 97
61 104
61 105
61 106
61 112
61 113
61 114
61 115
61 116
61 117
61 118
61 129
61 130
61 131
61 133
61 134
61 137
61 140
61 142
61 148
61 149
61 153
61 154
61 157
61 158
61 159
61 160
61 161
62 63
62 64
62 66
62 67
62 68
62 71
62 73
62 75
62 77
62 78
62 79
62 81
62 86
62 95
62 97
62 102
62 106
62 111
62 117
62 124
62 129
62 130
62 133
62 137
62 138
62 142
62 150
62 151
62 153
63 64
63 65
63 66
63 67
63 69
63 70
63 71
63 72
63 73
63 74
63 77
63 79
63 84
63 87
63 89
63 92
63 93
63 94
63 97
63 98
63 101
63 103
63 104
63 106
63 109
63 113
63 114
63 117
63 118
63 120
63 123
63 126
63 129
63 131
63 133
63 134
63 138
63 141
63 145
63 147
63 149
63 151
63 152
63 153
63 154
63 157
64 65
64 68
64 69
64 70
64 71
64 72
64 73
64 74
64 75
64 77
64 79
64 80
64 83
64 84
64 90
64 91
64 92
64 95
64 96
64 97
64 98
64 99
64 101
64 102
64 103
64 104
64 106
64 107
64 109
64 111
64 112
64 116
64 117
64 118
64 120
64 121
64 124
64 125
64 127
64 129
64 130
64 131
64 132
64 133
64 134
64 136
64 139
64 142
64 143
64 145
64 146
64 147
64 149
64 150
64 151
64 152
64 153
64 154
64 156
64 157
64 158
64 159
64 161
65 66
65 67
65 69
65 70
65 71
65 72
65 73
65 75
65 77
65 79
65 80
65 88
65 89
65 90
65 93
65 94
65 95
65 96
65 97
65 100
65 101
65 102
65 103
65 104
65 105
65 106
65 107
65 109
65 111
65 112
65 113
65 114
65 115
65 116
65 117
65 118
65 119
65 121
65 125
65 126
65 129
65 130
65 131
65 132
65 133
65 134
65 135
65 137
65 138
65 139
65 142
65 143
65 145
65 146
65 147
65 149
65 150
65 151
65 152
65 153
65 154
65 158
65 161
66 67
66 68
66 69
66 70
66 71
66 72
66 74
66 75
66 79
66 80
66 83
66 85
66 87
66 89
66 91
66 94
66 96
66 97
66 99
66 100
66 102
66 105
66 106
66 108
66 109
66 110
66 112
66 113
66 114
66 115
66 117
66 118
66 121
66 122
66 126
66 129
66 130
66 131
66 133
66 134
66 137
66 138
66 139
66 140
66 143
66 151
66 153
66 154
66 156
66 157
66 158
66 161
67 68
67 69
67 70
67 71
67 72
67 73
67 74
67 77
67 79
67 80
67 81
67 82
67 84
67 86
67 87
67 88
67 92
67 94
67 97
67 98
67 99
67 100
67 101
67 102
67 103
67 104
67 105
67 108
67 110
67 111
67 113
67 114
67 115
67 117
67 118
67 120
67 124
67 127
67 128
67 129
67 130
67 132
67 133
67 134
67 135
67 136
67 137
67 138
67 139
67 141
67 142
67 143
67 144
67 145
67 146
67 147
67 148
67 150
67 151
67 152
67 153
67 156
67 157
67 158
67 160
67 161
68 69
68 70
68 71
68 72
68 73
68 74
68 76
68 77
68 79
68 84
68 86
68 87
68 88
68 89
68 90
68 92
68 94
68 96
68 97
68 99
68 100
68 101
68 102
68 105
68 106
68 107
68 109
68 110
68 111
68 113
68 114
68 115
68 117
68 118
68 128
68 130
68 131
68 133
68 134
68 135
68 136
68 137
68 138
68 139
68 140
68 142
68 143
68 145
68 146
68 147
68 148
68 149
68 150
68 152
68 153
68 154
68 157
68 158
68 159
69 70
69 71
69 72
69 73
69 74
69 77
69 79
69 82
69 83
69 87
69 88
69 89
69 91
69 92
69 93
69 94
69 96
69 97
69 99
69 101
69 102
69 103
69 105
69 106
69 108
69 109
69 110
69 113
69 114
69 115
69 117
69 121
69 122
69 125
69 126
69 129
69 130
69 131
69 134
69 135
69 137
69 138
69 139
69 142
69 147
69 149
69 150
69 151
69 152
69 154
69 155
69 156
69 158
70 71
70 73
70 74
70 75
70 77
70 79
70 80
70 82
70 84
70 86
70 87
70 89
70 92
70 93
70 94
70 97
70 98
70 101
70 102
70 103
70 104
70 108
70 111
70 112
70 113
70 114
70 115
70 117
70 118
70 119
70 120
70 122
70 126
70 127
70 130
70 131
70 132
70 133
70 135
70 136
70 137
70 138
70 140
70 141
70 142
70 143
70 144
70 145
70 146
70 147
70 148
70 151
70 152
70 153
70 154
70 157
70 158
70 159
70 161
71 72
71 73
71 74
71 75
71 76
71 77
71 79
71 80
71 83
71 84
71 85
71 89
71 90
71 93
71 94
71 97
71 98
71 99
71 101
71 102
71 104
71 105
71 106
71 108
71 110
71 112
71 114
71 115
71 117
71 118
71 122
71 123
71 124
71 125
71 128
71 129
71 130
71 131
71 133
71 134
71 135
71 137
71 138
71 146
71 148
71 149
71 150
71 151
71 153
71 154
71 155
71 157
71 158
71 159
72 73
72 74
72 75
72 76
72 79
72 80
72 84
72 86
72 87
72 89
72 91
72 93
72 94
72 95
72 96
72 97
72 101
72 102
72 105
72 106
72 107
72 108
72 109
72 111
72 112
72 113
72 114
72 115
72 116
72 117
72 118
72 120
72 122
72 127
72 128
72 129
72 131
72 132
72 133
72 134
72 135
72 137
72 138
72 139
72 140
72 141
72 143
72 146
72 147
72 148
72 149
72 151
72 152
72 154
72 157
72 159
73 74
73 75
73 76
73 79
73 82
73 86
73 87
73 89
73 91
73 97
73 98
73 101
73 102
73 103
73 104
73 105
73 106
73 108
73 109
73 111
73 112
73 113
73 114
73 115
73 116
73 117
73 118
73 125
73 126
73 129
73 130
73 131
73 133
73 136
73 137
73 138
73 141
73 142
73 145
73 147
73 148
73 149
73 150
73 152
73 153
73 154
73 161
74 75
74 76
74 77
74 82
74 83
74 84
74 85
74 87
74 89
74 90
74 91
74 92
74 94
74 96
74 97
74 98
74 99
74 100
74 101
74 102
74 103
74 104
74 105
74 106
74 107
74 108
74 110
74 111
74 112
74 113
74 115
74 117
74 118
74 119
74 123
74 124
74 125
74 127
74 129
74 130
74 131
74 132
74 133
74 134
74 135
74 137
74 139
74 140
74 150
74 151
74 152
74 153
74 154
74 158
75 79
75 80
75 83
75 88
75 89
75 91
75 92
75 94
75 96
75 97
75 98
75 102
75 103
75 105
75 107
75 108
75 110
75 114
75 115
75 116
75 117
75 118
75 121
75 125
75 130
75 131
75 134
75 137
75 138
75 139
75 141
75 142
75 145
75 147
75 148
75 150
75 151
75 152
75 153
75 154
75 158
75 159
75 160
75 161
76 77
76 84
76 85
76 88
76 89
76 94
76 97
76 99
76 100
76 102
76 105
76 109
76 117
76 118
76 126
76 129
76 130
76 131
76 138
76 139
76 140
76 142
76 147
76 150
76 151
76 152
76 153
76 154
76 155
76 157
77 79
77 80
77 82
77 84
77 85
77 89
77 90
77 94
77 98
77 100
77 101
77 102
77 104
77 105
77 106
77 108
77 110
77 111
77 112
77 113
77 114
77 115
77 116
77 117
77 118
77 121
77 122
77 123
77 125
77 128
77 129
77 133
77 134
77 135
77 137
77 138
77 142
77 144
77 145
77 147
77 148
77 151
77 152
77 153
77 154
77 156
77 157
77 158
77 159
78 84
78 96
78 106
78 108
78 112
78 115
78 117
78 133
78 134
78 139
78 142
78 154
78 157
79 84
79 86
79 88
79 89
79 91
79 92
79 93
79 94
79 95
79 96
79 99
79 100
79 101
79 103
79 106
79 109
79 111
79 113
79 114
79 115
79 116
79 117
79 120
79 122
79 124
79 125
79 126
79 127
79 128
79 129
79 130
79 131
79 133
79 134
79 135
79 136
79 137
79 138
79 140
79 141
79 142
79 143
79 146
79 147
79 149
79 150
79 151
79 152
79 153
79 157
79 158
79 160
79 161
80 85
80 86
80 89
80 90
80 92
80 96
80 99
80 100
80 107
80 111
80 113
80 114
80 115
80 116
80 119
80 129
80 131
80 134
80 138
80 139
80 140
80 142
80 144
80 147
80 148
80 150
80 154
80 155
80 158
80 159
80 161
81 85
81 86
81 89
81 91
81 92
81 102
81 106
81 113
81 116
81 117
81 137
81 138
81 139
81 142
81 145
81 146
81 151
81 153
81 154
81 155
81 157
82 84
82 85
82 87
82 88
82 89
82 90
82 94
82 95
82 97
82 102
82 106
82 107
82 108
82 109
82 110
82 112
82 113
82 114
82 118
82 123
82 125
82 126
82 130
82 131
82 133
82 134
82 138
82 139
82 150
82 151
82 152
82 155
82 157
82 158
83 92
83 93
83 100
83 101
83 104
83 106
83 108
83 110
83 111
83 112
83 113
83 114
83 117
83 118
83 129
83 133
83 134
83 138
83 141
83 150
83 152
84 85
84 87
84 88
84 92
84 93
84 94
84 95
84 96
84 100
84 103
84 106
84 108
84 109
84 111
84 112
84 113
84 114
84 115
84 117
84 118
84 120
84 121
84 126
84 127
84 129
84 130
84 131
84 132
84 133
84 134
84 138
84 139
84 140
84 144
84 145
84 146
84 147
84 150
84 151
84 153
84 154
84 156
84 157
84 158
84 160
85 97
85 99
85 100
85 101
85 102
85 104
85 106
85 108
85 110
85 112
85 113
85 115
85 117
85 125
85 126
85 127
85 129
85 133
85 134
85 135
85 138
85 143
85 147
85 150
85 151
85 152
85 154
85 158
85 161
86 93
86 103
86 104
86 112
86 115
86 117
86 124
86 131
86 134
86 135
86 137
86 141
86 146
86 150
86 151
86 157
87 91
87 92
87 94
87 96
87 100
87 101
87 102
87 109
87 112
87 115
87 119
87 121
87 125
87 126
87 129
87 130
87 131
87 133
87 134
87 135
87 136
87 137
87 138
87 142
87 147
87 148
87 151
87 152
87 153
87 154
87 155
87 157
87 160
87 161
88 89
88 97
88 101
88 102
88 103
88 104
88 105
88 107
88 108
88 110
88 115
88 116
88 117
88 118
88 121
88 129
88 131
88 133
88 136
88 138
88 145
88 146
88 151
88 152
88 153
88 154
88 157
88 159
89 91
89 92
89 93
89 94
89 97
89 98
89 101
89 103
89 105
89 106
89 107
89 108
89 109
89 110
89 113
89 114
89 116
89 117
89 118
89 119
89 122
89 124
89 125
89 126
89 127
89 129
89 130
89 131
89 133
89 134
89 135
89 137
89 139
89 141
89 146
89 147
89 148
89 149
89 150
89 151
89 152
89 153
89 154
89 156
89 157
89 158
89 159
89 160
89 161
90 93
90 97
90 98
90 105
90 116
90 117
90 125
90 130
90 131
90 133
90 135
90 145
90 146
90 148
90 150
90 159
90 160
91 93
91 94
91 95
91 97
91 101
91 104
91 106
91 107
91 108
91 109
91 110
91 113
91 114
91 115
91 117
91 118
91 122
91 130
91 131
91 132
91 134
91 136
91 139
91 142
91 145
91 146
91 147
91 151
91 152
91 154
91 158
91 160
92 93
92 94
92 95
92 99
92 102
92 103
92 105
92 112
92 113
92 114
92 115
92 117
92 121
92 126
92 131
92 133
92 137
92 138
92 139
92 142
92 145
92 149
92 152
92 157
92 160
93 94
93 98
93 99
93 102
93 107
93 108
93 114
93 115
93 124
93 125
93 126
93 128
93 129
93 133
93 138
93 140
93 149
93 151
93 152
93 153
93 154
93 157
93 159
93 161
94 96
94 97
94 98
94 99
94 102
94 103
94 104
94 105
94 106
94 107
94 108
94 111
94 113
94 114
94 115
94 116
94 117
94 118
94 126
94 129
94 132
94 133
94 135
94 136
94 137
94 138
94 140
94 141
94 142
94 146
94 147
94 148
94 150
94 151
94 152
94 153
94 154
94 155
94 157
94 158
94 160
94 161
95 97
95 105
95 108
95 113
95 114
95 117
95 121
95 122
95 125
95 128
95 131
95 133
95 134
95 136
95 137
95 138
95 142
95 146
95 151
95 154
95 160
95 161
96 97
96 101
96 108
96 109
96 110
96 112
96 114
96 115
96 118
96 126
96 131
96 133
96 134
96 137
96 138
96 140
96 142
96 146
96 147
96 154
97 101
97 103
97 105
97 106
97 107
97 108
97 109
97 111
97 112
97 113
97 114
97 115
97 118
97 123
97 125
97 126
97 127
97 128
97 129
97 130
97 132
97 133
97 134
97 137
97 138
97 141
97 145
97 146
97 147
97 150
97 151
97 152
97 155
97 157
97 158
97 160
97 161
98 106
98 108
98 110
98 111
98 112
98 114
98 115
98 116
98 117
98 118
98 122
98 125
98 126
98 127
98 129
98 131
98 134
98 138
98 145
98 146
98 148
98 150
98 151
98 155
98 156
98 159
99 101
99 102
99 106
99 107
99 108
99 109
99 111
99 113
99 115
99 116
99 118
99 124
99 129
99 130
99 131
99 133
99 134
99 137
99 138
99 141
99 142
99 144
99 148
99 151
99 154
99 156
99 157
100 101
100 102
100 106
100 107
100 113
100 114
100 115
100 116
100 117
100 118
100 119
100 126
100 128
100 129
100 135
100 136
100 137
100 138
100 145
100 147
100 150
100 152
100 157
100 160
101 103
101 104
101 106
101 108
101 109
101 111
101 112
101 114
101 118
101 120
101 122
101 124
101 125
101 126
101 129
101 130
101 131
101 133
101 135
101 137
101 138
101 139
101 140
101 142
101 143
101 146
101 148
101 149
101 150
101 151
101 152
101 154
101 155
101 157
101 158
101 161
102 103
102 104
102 106
102 108
102 109
102 112
102 113
102 114
102 115
102 116
102 117
102 118
102 125
102 126
102 127
102 129
102 130
102 131
102 133
102 134
102 137
102 138
102 139
102 141
102 144
102 145
102 146
102 147
102 149
102 151
102 152
102 153
102 154
102 155
102 158
102 159
103 105
103 106
103 111
103 112
103 113
103 114
103 115
103 117
103 118
103 125
103 128
103 131
103 133
103 134
103 135
103 137
103 142
103 148
103 151
103 154
103 161
104 106
104 107
104 108
104 109
104 112
104 114
104 116
104 118
104 121
104 129
104 131
104 133
104 134
104 135
104 137
104 138
104 139
104 140
104 143
104 145
104 147
104 148
104 149
104 152
104 153
104 154
104 158
105 106
105 107
105 110
105 111
105 112
105 113
105 114
105 115
105 117
105 118
105 120
105 121
105 123
105 124
105 125
105 126
105 130
105 131
105 133
105 139
105 140
105 142
105 144
105 145
105 146
105 147
105 150
105 151
105 152
105 156
105 157
105 158
105 161
106 107
106 109
106 111
106 113
106 114
106 115
106 116
106 118
106 125
106 129
106 130
106 131
106 132
106 133
106 134
106 135
106 136
106 138
106 139
106 140
106 141
106 142
106 147
106 148
106 149
106 150
106 151
106 152
106 153
106 154
106 156
106 157
106 158
106 159
106 160
107 108
107 109
107 113
107 114
107 115
107 117
107 118
107 121
107 122
107 123
107 124
107 125
107 126
107 127
107 128
107 129
107 130
107 131
107 133
107 137
107 141
107 142
107 143
107 145
107 146
107 147
107 148
107 151
107 152
107 153
107 157
107 158
107 159
107 160
107 161
108 109
108 112
108 114
108 115
108 117
108 118
108 119
108 120
108 125
108 126
108 129
108 130
108 131
108 133
108 134
108 136
108 137
108 138
108 139
108 141
108 142
108 145
108 146
108 147
108 148
108 150
108 151
108 152
108 154
108 156
108 157
108 158
108 161
109 110
109 115
109 116
109 118
109 119
109 121
109 122
109 125
109 128
109 131
109 132
109 133
109 134
109 135
109 137
109 138
109 139
109 142
109 143
109 145
109 148
109 151
109 153
109 154
109 156
109 157
110 111
110 112
110 113
110 117
110 129
110 130
110 133
110 137
110 142
110 147
110 151
110 153
110 154
110 157
110 159
111 112
111 114
111 115
111 117
111 126
111 129
111 134
111 138
111 142
111 147
111 148
111 150
111 152
111 153
111 156
111 157
111 158
111 160
111 161
112 113
112 114
112 115
112 117
112 118
112 124
112 125
112 126
112 127
112 128
112 129
112 130
112 133
112 134
112 135
112 137
112 139
112 141
112 142
112 143
112 146
112 147
112 148
112 149
112 150
112 151
112 152
112 155
112 158
112 161
113 115
113 116
113 117
113 118
113 124
113 127
113 128
113 129
113 134
113 135
113 136
113 138
113 140
113 141
113 143
113 146
113 147
113 148
113 149
113 150
113 152
113 158
113 159
113 161
114 115
114 117
114 118
114 120
114 122
114 125
114 126
114 128
114 129
114 131
114 133
114 135
114 137
114 138
114 139
114 140
114 141
114 142
114 145
114 147
114 148
114 149
114 150
114 152
114 153
114 154
114 157
114 158
114 159
114 160
114 161
115 116
115 118
115 119
115 123
115 125
115 126
115 127
115 129
115 130
115 132
115 133
115 134
115 137
115 138
115 139
115 141
115 142
115 144
115 145
115 146
115 147
115 148
115 150
115 152
115 155
115 157
115 159
115 161
116 117
116 118
116 127
116 129
116 130
116 131
116 133
116 134
116 140
116 141
116 146
116 147
116 151
116 154
116 157
117 118
117 119
117 120
117 121
117 122
117 128
117 129
117 130
117 131
117 133
117 134
117 135
117 137
117 139
117 142
117 143
117 145
117 147
117 148
117 149
117 150
117 152
117 153
117 154
117 155
117 157
117 161
118 120
118 123
118 124
118 126
118 128
118 129
118 131
118 133
118 134
118 136
118 137
118 138
118 139
118 141
118 142
118 143
118 145
118 146
118 147
118 148
118 149
118 150
118 151
118 152
118 153
118 155
118 158
118 160
118 161
119 125
119 126
119 128
119 129
119 130
119 134
119 138
119 142
119 143
119 146
119 154
119 155
119 157
119 161
120 129
120 142
120 151
120 154
121 130
121 134
121 138
121 146
121 151
121 156
122 127
122 130
122 133
122 134
122 135
122 146
122 147
122 149
122 151
122 154
122 157
122 160
123 129
123 134
123 145
123 151
123 157
124 131
124 135
124 137
124 139
124 149
124 153
124 154
124 157
124 160
124 161
125 128
125 131
125 135
125 136
125 137
125 138
125 139
125 142
125 143
125 145
125 146
125 147
125 150
125 151
125 152
125 154
125 156
125 157
125 158
125 161
126 129
126 131
126 133
126 137
126 138
126 139
126 140
126 141
126 142
126 143
126 145
126 146
126 147
126 148
126 151
126 152
126 153
126 154
126 155
126 158
127 131
127 134
127 135
127 139
127 147
127 150
127 153
127 154
127 157
128 130
128 139
128 147
128 148
128 150
128 157
129 130
129 133
129 134
129 135
129 137
129 138
129 139
129 141
129 142
129 143
129 144
129 145
129 146
129 147
129 148
129 149
129 151
129 152
129 153
129 154
129 155
129 156
129 157
129 158
129 159
129 160
129 161
130 133
130 139
130 146
130 147
130 153
130 154
130 157
130 160
130 161
131 133
131 134
131 136
131 137
131 138
131 139
131 141
131 142
131 143
131 146
131 147
131 150
131 151
131 152
131 153
131 154
131 155
131 156
131 157
131 159
131 160
131 161
132 137
132 138
132 150
132 154
132 158
132 161
133 136
133 137
133 138
133 139
133 140
133 141
133 142
133 143
133 145
133 146
133 147
133 148
133 149
133 150
133 152
133 154
133 157
133 158
133 159
133 161
134 135
134 138
134 139
134 140
134 142
134 145
134 146
134 147
134 148
134 149
134 150
134 151
134 153
134 155
134 157
134 158
134 160
134 161
135 137
135 138
135 141
135 142
135 151
135 152
135 154
135 158
135 159
136 138
136 139
136 143
136 148
136 149
136 150
136 151
136 152
136 154
136 157
136 158
136 161
137 138
137 139
137 142
137 146
137 148
137 150
137 151
137 152
137 153
137 154
137 156
137 157
137 158
137 159
137 161
138 140
138 141
138 142
138 143
138 145
138 146
138 147
138 149
138 151
138 152
138 153
138 154
138 157
138 158
138 160
138 161
139 145
139 146
139 147
139 148
139 150
139 151
139 152
139 154
139 157
139 158
139 159
139 160
140 142
140 146
140 147
140 149
140 161
141 146
141 150
141 153
141 155
141 157
142 145
142 146
142 147
142 150
142 152
142 154
142 157
142 158
142 159
142 161
143 147
143 149
143 151
143 153
143 154
143 161
144 145
144 146
144 153
144 154
145 147
145 148
145 149
145 151
145 152
145 154
145 155
145 156
145 161
146 147
146 150
146 151
146 153
146 154
146 157
146 158
146 160
146 161
147 150
147 151
147 152
147 153
147 154
147 155
147 156
147 158
147 159
147 160
148 150
148 153
148 160
149 154
149 156
149 158
149 160
150 151
150 152
150 154
150 156
150 157
150 158
151 152
151 154
151 157
151 158
151 159
151 160
151 161
152 153
152 154
152 155
152 156
152 157
152 158
152 160
153 154
153 157
153 158
153 159
154 156
154 157
154 158
154 161
155 160
156 160
157 158
157 161
158 159
159 161
