0 1
0 2
0 7
0 12
0 19
0 21
0 22
0 25
0 26
0 31
0 33
0 35
0 36
0 38
0 43
0 44
0 45
0 51
0 52
0 54
0 56
0 57
0 58
0 60
0 63
0 64
0 66
0 67
0 70
0 71
0 72
0 74
0 77
0 81
0 82
0 85
0 87
0 91
0 97
0 98
0 101
0 103
0 105
0 106
0 108
0 109
0 112
0 115
0 118
0 119
0 123
0 125
0 126
0 129
0 131
0 133
0 137
0 138
0 140
0 141
0 142
0 145
0 147
0 148
0 152
0 154
0 158
0 161
1 4
1 7
1 14
1 16
1 26
1 31
1 38
1 40
1 43
1 44
1 45
1 46
1 47
1 49
1 51
1 52
1 54
1 55
1 56
1 58
1 63
1 64
1 68
1 70
1 76
1 77
1 79
1 80
1 85
1 88
1 89
1 93
1 94
1 101
1 102
1 103
1 104
1 105
1 106
1 107
1 108
1 109
1 110
1 112
1 115
1 118
1 125
1 128
1 129
1 133
1 135
1 138
1 141
1 142
1 145
1 146
1 149
1 151
1 152
1 153
1 154
1 158
2 6
2 7
2 12
2 17
2 18
2 19
2 20
2 23
2 26
2 35
2 38
2 39
2 40
2 42
2 45
2 47
2 49
2 51
2 52
2 54
2 58
2 59
2 62
2 63
2 64
2 65
2 66
2 68
2 70
2 72
2 75
2 79
2 81
2 82
2 84
2 85
2 88
2 93
2 94
2 98
2 105
2 106
2 107
2 109
2 113
2 133
2 138
2 139
2 141
2 146
2 151
2 152
2 158
2 159
3 4
3 5
3 13
3 14
3 25
3 26
3 30
3 31
3 38
3 40
3 49
3 51
3 54
3 56
3 64
3 66
3 69
3 72
3 77
3 80
3 83
3 88
3 95
3 98
3 100
3 102
3 108
3 109
3 118
3 127
3 129
3 133
3 134
3 135
3 138
3 139
3 140
3 142
3 143
3 146
3 148
3 152
3 157
4 6
4 7
4 13
4 15
4 16
4 18
4 19
4 22
4 23
4 24
4 25
4 29
4 30
4 31
4 33
4 34
4 35
4 38
4 40
4 42
4 43
4 44
4 45
4 49
4 51
4 52
4 53
4 54
4 56
4 58
4 59
4 61
4 63
4 64
4 65
4 66
4 67
4 68
4 69
4 70
4 72
4 73
4 74
4 77
4 79
4 80
4 82
4 87
4 89
4 90
4 93
4 94
4 96
4 97
4 98
4 100
4 101
4 102
4 105
4 106
4 108
4 111
4 112
4 113
4 114
4 115
4 117
4 118
4 120
4 125
4 129
4 131
4 133
4 134
4 135
4 136
4 137
4 139
4 141
4 142
4 143
4 145
4 146
4 147
4 150
4 153
4 154
4 155
4 156
4 157
4 158
4 159
4 160
4 161
5 6
5 14
5 17
5 18
5 19
5 26
5 30
5 31
5 32
5 34
5 37
5 38
5 40
5 44
5 49
5 54
5 56
5 58
5 61
5 65
5 67
5 68
5 73
5 74
5 75
5 76
5 79
5 86
5 93
5 94
5 98
5 99
5 102
5 103
5 105
5 114
5 118
5 123
5 124
5 128
5 129
5 131
5 135
5 138
5 141
5 142
5 145
5 148
5 150
5 151
5 157
5 158
5 160
6 7
6 9
6 10
6 11
6 12
6 13
6 15
6 16
6 17
6 19
6 20
6 21
6 22
6 24
6 26
6 27
6 29
6 30
6 31
6 32
6 33
6 35
6 36
6 38
6 39
6 40
6 41
6 42
6 43
6 44
6 45
6 46
6 48
6 49
6 51
6 53
6 54
6 55
6 56
6 58
6 59
6 61
6 62
6 63
6 64
6 66
6 68
6 69
6 71
6 74
6 75
6 76
6 78
6 79
6 81
6 83
6 86
6 87
6 88
6 89
6 90
6 91
6 92
6 94
6 95
6 97
6 98
6 99
6 100
6 101
6 102
6 103
6 104
6 106
6 108
6 109
6 110
6 111
6 112
6 113
6 114
6 115
6 116
6 117
6 118
6 119
6 120
6 122
6 123
6 125
6 126
6 127
6 129
6 130
6 131
6 132
6 134
6 136
6 138
6 139
6 140
6 143
6 145
6 147
6 149
6 150
6 151
6 152
6 153
6 154
6 157
6 158
6 159
6 161
7 8
7 10
7 12
7 13
7 14
7 15
7 16
7 18
7 19
7 20
7 21
7 22
7 25
7 29
7 30
7 31
7 32
7 33
7 35
7 36
7 37
7 39
7 40
7 41
7 42
7 43
7 44
7 46
7 49
7 50
7 51
7 52
7 53
7 54
7 55
7 56
7 59
7 60
7 61
7 63
7 64
7 65
7 67
7 68
7 69
7 70
7 72
7 73
7 74
7 75
7 77
7 80
7 81
7 83
7 84
7 86
7 87
7 88
7 89
7 91
7 92
7 93
7 94
7 96
7 97
7 100
7 101
7 102
7 103
7 104
7 105
7 106
7 107
7 108
7 111
7 112
7 113
7 114
7 115
7 116
7 117
7 118
7 120
7 121
7 125
7 128
7 129
7 130
7 131
7 133
7 136
7 137
7 138
7 139
7 140
7 141
7 142
7 146
7 147
7 148
7 150
7 151
7 152
7 153
7 157
7 158
7 161
8 14
8 16
8 18
8 19
8 22
8 35
8 37
8 44
8 48
8 49
8 51
8 54
8 67
8 68
8 69
8 71
8 72
8 74
8 79
8 88
8 89
8 99
8 103
8 105
8 106
8 110
8 125
8 126
8 129
8 131
8 134
8 137
8 139
8 149
8 150
8 151
8 152
8 158
8 159
9 10
9 13
9 14
9 18
9 19
9 20
9 21
9 26
9 28
9 30
9 36
9 37
9 38
9 43
9 46
9 48
9 49
9 52
9 53
9 54
9 56
9 58
9 60
9 63
9 64
9 65
9 67
9 68
9 73
9 74
9 75
9 76
9 77
9 80
9 81
9 82
9 83
9 84
9 87
9 89
9 90
9 94
9 95
9 97
9 98
9 100
9 101
9 102
9 103
9 105
9 106
9 107
9 109
9 112
9 113
9 115
9 116
9 117
9 118
9 119
9 125
9 126
9 128
9 129
9 133
9 134
9 135
9 138
9 141
9 142
9 143
9 145
9 147
9 149
9 150
9 153
9 154
9 155
10 18
10 19
10 21
10 25
10 30
10 32
10 36
10 38
10 47
10 48
10 51
10 54
10 56
10 58
10 63
10 64
10 65
10 66
10 67
10 68
10 70
10 72
10 74
10 75
10 79
10 80
10 84
10 87
10 89
10 92
10 93
10 94
10 96
10 97
10 99
10 102
10 103
10 106
10 108
10 112
10 113
10 115
10 116
10 117
10 118
10 120
10 133
10 134
10 137
10 142
10 145
10 146
10 149
10 150
10 151
10 158
10 161
11 12
11 19
11 22
11 25
11 26
11 30
11 32
11 33
11 34
11 36
11 37
11 40
11 41
11 42
11 44
11 45
11 46
11 50
11 51
11 53
11 54
11 56
11 57
11 58
11 60
11 61
11 62
11 65
11 67
11 68
11 69
11 70
11 71
11 72
11 73
11 74
11 75
11 76
11 77
11 79
11 83
11 90
11 91
11 92
11 94
11 95
11 98
11 99
11 100
11 106
11 107
11 108
11 109
11 111
11 114
11 115
11 116
11 122
11 125
11 129
11 131
11 133
11 134
11 135
11 137
11 138
11 141
11 142
11 144
11 145
11 146
11 149
11 150
11 151
11 152
11 153
11 154
11 156
11 157
11 158
11 159
12 14
12 15
12 30
12 31
12 34
12 48
12 49
12 50
12 51
12 52
12 54
12 60
12 63
12 65
12 67
12 71
12 75
12 80
12 83
12 84
12 89
12 91
12 93
12 98
12 101
12 106
12 108
12 109
12 110
12 112
12 117
12 118
12 125
12 126
12 127
12 129
12 131
12 133
12 135
12 137
12 142
12 147
12 149
12 150
12 154
12 159
12 160
12 161
13 14
13 15
13 19
13 20
13 21
13 22
13 26
13 30
13 35
13 36
13 44
13 45
13 46
13 47
13 49
13 50
13 54
13 63
13 64
13 65
13 67
13 70
13 71
13 72
13 76
13 79
13 82
13 83
13 84
13 85
13 89
13 91
13 92
13 95
13 98
13 99
13 103
13 105
13 106
13 108
13 109
13 110
13 112
13 114
13 116
13 118
13 133
13 134
13 135
13 139
13 142
13 145
13 146
13 147
13 151
13 152
13 154
13 157
13 159
13 160
14 15
14 20
14 21
14 22
14 25
14 26
14 29
14 30
14 31
14 32
14 33
14 34
14 35
14 39
14 40
14 42
14 43
14 44
14 45
14 46
14 49
14 50
14 51
14 52
14 53
14 54
14 56
14 59
14 60
14 61
14 62
14 63
14 64
14 65
14 66
14 67
14 68
14 69
14 72
14 74
14 75
14 77
14 78
14 79
14 80
14 82
14 83
14 84
14 86
14 87
14 88
14 89
14 90
14 92
14 94
14 95
14 97
14 99
14 101
14 104
14 105
14 106
14 108
14 109
14 111
14 112
14 113
14 114
14 115
14 116
14 117
14 118
14 119
14 120
14 125
14 126
14 128
14 130
14 131
14 132
14 133
14 134
14 135
14 136
14 137
14 138
14 140
14 141
14 142
14 143
14 146
14 147
14 149
14 151
14 152
14 153
14 154
14 156
14 157
14 158
14 161
15 19
15 21
15 26
15 29
15 30
15 32
15 34
15 35
15 43
15 44
15 45
15 50
15 51
15 54
15 56
15 58
15 63
15 65
15 67
15 71
15 72
15 74
15 83
15 88
15 89
15 92
15 94
15 96
15 99
15 101
15 102
15 104
15 108
15 109
15 110
15 112
15 113
15 114
15 118
15 125
15 129
15 131
15 136
15 137
15 139
15 142
15 146
15 147
15 148
15 150
15 153
15 154
15 157
15 158
15 161
16 19
16 22
16 25
16 26
16 32
16 37
16 38
16 39
16 40
16 46
16 51
16 53
16 54
16 58
16 60
16 64
16 67
16 70
16 71
16 72
16 74
16 75
16 77
16 83
16 87
16 88
16 97
16 101
16 103
16 110
16 112
16 116
16 121
16 129
16 131
16 133
16 134
16 136
16 142
16 144
16 145
16 146
16 147
16 151
16 154
16 160
17 36
17 37
17 49
17 62
17 65
17 66
17 71
17 72
17 92
17 98
17 102
17 108
17 109
17 113
17 118
17 119
17 137
17 147
17 152
18 19
18 20
18 21
18 23
18 24
18 27
18 29
18 30
18 31
18 33
18 35
18 36
18 37
18 39
18 40
18 42
18 43
18 45
18 51
18 53
18 56
18 57
18 58
18 60
18 62
18 64
18 70
18 72
18 73
18 77
18 79
18 80
18 86
18 89
18 91
18 94
18 95
18 101
18 103
18 107
18 109
18 110
18 114
18 117
18 118
18 124
18 126
18 127
18 130
18 133
18 134
18 136
18 138
18 139
18 142
18 146
18 147
18 149
18 150
18 152
18 153
18 154
18 158
18 161
19 20
19 21
19 23
19 28
19 29
19 30
19 31
19 33
19 35
19 36
19 38
19 39
19 40
19 44
19 45
19 48
19 51
19 53
19 54
19 55
19 56
19 59
19 60
19 63
19 64
19 66
19 67
19 68
19 69
19 70
19 71
19 72
19 73
19 74
19 75
19 77
19 79
19 80
19 84
19 86
19 87
19 88
19 91
19 94
19 97
19 99
19 101
19 102
19 105
19 106
19 108
19 109
19 111
19 112
19 117
19 118
19 121
19 122
19 125
19 126
19 129
19 131
19 133
19 134
19 136
19 137
19 138
19 139
19 141
19 142
19 143
19 144
19 145
19 146
19 147
19 148
19 150
19 151
19 152
19 154
19 155
19 156
19 157
19 158
20 24
20 25
20 26
20 30
20 36
20 37
20 40
20 42
20 44
20 46
20 58
20 67
20 68
20 69
20 70
20 71
20 88
20 91
20 95
20 97
20 105
20 106
20 116
20 123
20 125
20 129
20 130
20 131
20 133
20 134
20 137
20 138
20 140
20 142
20 145
20 146
20 153
20 157
20 158
20 160
21 24
21 28
21 30
21 31
21 32
21 33
21 35
21 36
21 37
21 38
21 39
21 40
21 43
21 44
21 45
21 46
21 49
21 50
21 51
21 52
21 53
21 54
21 56
21 58
21 61
21 63
21 64
21 65
21 66
21 68
21 70
21 72
21 73
21 74
21 76
21 80
21 82
21 83
21 86
21 89
21 90
21 91
21 94
21 97
21 98
21 101
21 103
21 104
21 105
21 106
21 107
21 108
21 109
21 111
21 113
21 114
21 115
21 116
21 117
21 122
21 125
21 129
21 130
21 131
21 133
21 134
21 135
21 136
21 137
21 138
21 141
21 142
21 146
21 150
21 151
21 152
21 154
21 155
21 158
21 160
22 32
22 33
22 35
22 36
22 38
22 43
22 46
22 49
22 61
22 64
22 65
22 68
22 70
22 71
22 75
22 79
22 80
22 84
22 85
22 87
22 88
22 101
22 102
22 103
22 106
22 107
22 108
22 111
22 112
22 113
22 114
22 115
22 120
22 128
22 129
22 133
22 134
22 141
22 143
22 146
22 150
22 152
22 154
22 155
22 157
22 161
23 26
23 30
23 32
23 36
23 42
23 44
23 46
23 53
23 55
23 56
23 58
23 62
23 65
23 70
23 71
23 72
23 75
23 79
23 93
23 96
23 97
23 98
23 101
23 102
23 105
23 108
23 109
23 111
23 116
23 119
23 126
23 134
23 137
23 140
23 141
23 142
23 143
23 144
23 145
23 146
23 150
23 156
24 26
24 31
24 36
24 37
24 39
24 42
24 51
24 52
24 54
24 57
24 62
24 73
24 74
24 89
24 92
24 101
24 105
24 106
24 111
24 114
24 115
24 130
24 137
24 138
24 151
24 154
24 156
24 157
24 161
25 31
25 34
25 36
25 38
25 40
25 43
25 45
25 49
25 50
25 54
25 56
25 59
25 60
25 61
25 64
25 65
25 66
25 67
25 70
25 73
25 74
25 75
25 76
25 77
25 78
25 83
25 85
25 88
25 89
25 91
25 92
25 93
25 95
25 96
25 99
25 101
25 103
25 106
25 108
25 109
25 110
25 111
25 113
25 114
25 115
25 117
25 125
25 127
25 129
25 131
25 133
25 134
25 136
25 138
25 140
25 141
25 142
25 143
25 146
25 147
25 149
25 150
25 153
25 158
25 159
25 160
26 29
26 30
26 31
26 32
26 33
26 35
26 36
26 37
26 42
26 43
26 44
26 45
26 46
26 48
26 49
26 50
26 51
26 53
26 54
26 56
26 57
26 58
26 60
26 61
26 63
26 64
26 65
26 67
26 69
26 70
26 71
26 72
26 73
26 77
26 79
26 80
26 83
26 84
26 85
26 87
26 88
26 90
26 91
26 93
26 94
26 95
26 96
26 97
26 98
26 101
26 104
26 105
26 106
26 107
26 108
26 110
26 111
26 113
26 114
26 115
26 117
26 118
26 119
26 121
26 122
26 126
26 127
26 128
26 129
26 130
26 131
26 132
26 134
26 135
26 136
26 138
26 139
26 140
26 141
26 142
26 143
26 144
26 145
26 146
26 147
26 148
26 150
26 152
26 153
26 156
26 157
26 158
26 159
26 160
26 161
27 30
27 32
27 36
27 39
27 51
27 52
27 53
27 54
27 56
27 57
27 65
27 68
27 70
27 79
27 84
27 88
27 91
27 100
27 105
27 112
27 113
27 116
27 125
27 126
27 130
27 131
27 135
27 137
27 138
27 142
27 147
27 151
27 152
27 153
27 157
28 29
28 31
28 32
28 35
28 41
28 42
28 43
28 45
28 48
28 50
28 53
28 54
28 55
28 58
28 59
28 64
28 65
28 68
28 71
28 73
28 77
28 86
28 88
28 89
28 94
28 102
28 103
28 104
28 107
28 109
28 112
28 114
28 116
28 117
28 133
28 134
28 139
28 142
28 147
28 150
28 153
28 157
28 160
29 32
29 34
29 35
29 38
29 45
29 46
29 49
29 50
29 52
29 56
29 59
29 62
29 64
29 65
29 66
29 67
29 68
29 70
29 71
29 72
29 77
29 79
29 84
29 85
29 86
29 88
29 91
29 94
29 98
29 100
29 104
29 105
29 106
29 110
29 113
29 126
29 129
29 131
29 136
29 137
29 138
29 146
29 147
29 148
29 149
29 150
29 153
29 161
30 31
30 32
30 34
30 35
30 36
30 38
30 42
30 43
30 45
30 46
30 49
30 50
30 51
30 52
30 54
30 55
30 56
30 58
30 61
30 63
30 64
30 65
30 66
30 67
30 68
30 70
30 71
30 72
30 73
30 74
30 75
30 79
30 80
30 82
30 83
30 84
30 89
30 91
30 92
30 93
30 94
30 97
30 99
30 101
30 102
30 103
30 105
30 106
30 107
30 108
30 109
30 112
30 113
30 114
30 117
30 118
30 119
30 122
30 123
30 125
30 126
30 127
30 129
30 130
30 131
30 133
30 134
30 135
30 136
30 137
30 138
30 140
30 141
30 142
30 143
30 146
30 150
30 151
30 153
30 154
30 158
30 159
30 161
31 32
31 34
31 35
31 36
31 37
31 38
31 39
31 40
31 41
31 44
31 45
31 46
31 47
31 49
31 50
31 52
31 53
31 54
31 56
31 57
31 58
31 59
31 61
31 63
31 64
31 65
31 66
31 67
31 70
31 71
31 73
31 74
31 76
31 78
31 79
31 80
31 82
31 84
31 85
31 86
31 88
31 90
31 91
31 92
31 94
31 95
31 96
31 97
31 99
31 100
31 101
31 103
31 104
31 105
31 106
31 109
31 110
31 111
31 114
31 115
31 117
31 118
31 119
31 121
31 123
31 125
31 126
31 127
31 129
31 133
31 134
31 137
31 139
31 140
31 141
31 142
31 143
31 144
31 145
31 147
31 148
31 149
31 151
31 152
31 153
31 154
31 156
31 157
31 158
31 159
32 34
32 35
32 38
32 40
32 42
32 43
32 44
32 46
32 49
32 50
32 51
32 54
32 55
32 56
32 57
32 58
32 59
32 61
32 63
32 64
32 65
32 67
32 68
32 70
32 72
32 73
32 75
32 76
32 77
32 79
32 80
32 83
32 84
32 85
32 86
32 89
32 92
32 93
32 94
32 95
32 97
32 98
32 100
32 101
32 104
32 105
32 106
32 107
32 109
32 112
32 114
32 115
32 116
32 117
32 118
32 119
32 120
32 124
32 130
32 133
32 134
32 137
32 138
32 139
32 140
32 146
32 147
32 149
32 152
32 153
32 157
32 160
33 36
33 38
33 41
33 49
33 51
33 53
33 58
33 64
33 66
33 67
33 68
33 70
33 72
33 73
33 77
33 81
33 82
33 84
33 87
33 92
33 99
33 101
33 105
33 107
33 108
33 110
33 111
33 117
33 118
33 131
33 138
33 143
33 150
33 154
33 158
34 36
34 40
34 45
34 50
34 52
34 53
34 54
34 56
34 61
34 64
34 66
34 67
34 68
34 69
34 70
34 71
34 74
34 75
34 77
34 79
34 84
34 89
34 93
34 94
34 100
34 101
34 109
34 111
34 114
34 118
34 119
34 125
34 128
34 133
34 137
34 146
34 148
34 150
34 151
34 154
34 157
35 36
35 37
35 38
35 40
35 41
35 45
35 48
35 49
35 54
35 56
35 58
35 61
35 63
35 64
35 65
35 66
35 67
35 68
35 70
35 74
35 77
35 79
35 80
35 81
35 82
35 83
35 84
35 86
35 88
35 89
35 90
35 92
35 93
35 94
35 95
35 97
35 98
35 102
35 103
35 105
35 108
35 109
35 111
35 112
35 125
35 129
35 131
35 133
35 134
35 135
35 136
35 138
35 139
35 140
35 141
35 142
35 145
35 147
35 149
35 151
35 152
35 153
35 154
35 156
35 159
35 160
36 37
36 38
36 40
36 45
36 46
36 51
36 54
36 56
36 57
36 58
36 60
36 64
36 65
36 66
36 67
36 68
36 70
36 71
36 72
36 73
36 75
36 76
36 77
36 79
36 80
36 84
36 86
36 88
36 91
36 94
36 95
36 100
36 102
36 105
36 106
36 108
36 112
36 113
36 115
36 118
36 119
36 123
36 129
36 131
36 133
36 136
36 137
36 138
36 140
36 142
36 145
36 146
36 147
36 152
36 153
36 155
36 158
36 159
36 160
36 161
37 40
37 43
37 44
37 45
37 46
37 48
37 50
37 52
37 54
37 55
37 56
37 57
37 63
37 64
37 69
37 70
37 71
37 72
37 75
37 79
37 80
37 82
37 87
37 88
37 92
37 94
37 95
37 97
37 98
37 101
37 102
37 104
37 105
37 106
37 108
37 109
37 110
37 111
37 114
37 115
37 116
37 120
37 123
37 125
37 129
37 134
37 135
37 137
37 138
37 142
37 145
37 146
37 148
37 158
37 160
37 161
38 39
38 40
38 41
38 43
38 45
38 46
38 51
38 52
38 53
38 56
38 59
38 60
38 61
38 63
38 64
38 65
38 66
38 67
38 69
38 70
38 71
38 72
38 73
38 74
38 75
38 76
38 77
38 79
38 80
38 81
38 83
38 84
38 86
38 87
38 89
38 90
38 92
38 93
38 94
38 95
38 96
38 97
38 101
38 102
38 104
38 105
38 106
38 108
38 109
38 110
38 111
38 112
38 114
38 116
38 117
38 118
38 119
38 122
38 125
38 126
38 127
38 129
38 130
38 131
38 133
38 134
38 136
38 137
38 138
38 139
38 141
38 145
38 146
38 147
38 151
38 152
38 153
38 157
38 160
38 161
39 42
39 43
39 47
39 49
39 52
39 56
39 58
39 63
39 64
39 67
39 69
39 70
39 73
39 77
39 82
39 84
39 91
39 94
39 95
39 98
39 100
39 101
39 102
39 104
39 105
39 109
39 112
39 117
39 118
39 125
39 129
39 131
39 133
39 134
39 137
39 139
39 141
39 146
39 147
39 148
39 150
39 154
39 157
39 158
39 161
40 41
40 43
40 44
40 46
40 48
40 49
40 50
40 51
40 52
40 54
40 57
40 58
40 59
40 63
40 64
40 65
40 68
40 69
40 70
40 71
40 72
40 74
40 75
40 77
40 79
40 80
40 82
40 83
40 84
40 86
40 87
40 91
40 93
40 94
40 95
40 96
40 97
40 98
40 99
40 100
40 101
40 102
40 103
40 106
40 107
40 108
40 111
40 112
40 113
40 114
40 115
40 117
40 118
40 120
40 124
40 125
40 127
40 128
40 129
40 131
40 132
40 133
40 134
40 138
40 139
40 141
40 142
40 143
40 144
40 145
40 146
40 147
40 148
40 150
40 152
40 153
40 154
40 155
40 158
40 160
41 49
41 50
41 54
41 56
41 58
41 64
41 66
41 67
41 83
41 90
41 94
41 103
41 106
41 109
41 118
41 128
41 129
41 130
41 131
41 133
41 134
41 135
41 137
41 139
41 145
41 149
41 152
41 153
41 158
42 45
42 46
42 47
42 54
42 56
42 63
42 64
42 65
42 66
42 68
42 69
42 70
42 71
42 75
42 77
42 87
42 88
42 93
42 97
42 101
42 104
42 107
42 108
42 109
42 113
42 116
42 117
42 118
42 130
42 133
42 137
42 138
42 146
42 158
42 159
42 160
42 161
43 45
43 47
43 50
43 51
43 52
43 55
43 58
43 62
43 63
43 64
43 68
43 71
43 72
43 73
43 75
43 77
43 79
43 81
43 88
43 91
43 97
43 105
43 106
43 108
43 109
43 112
43 113
43 114
43 116
43 117
43 118
43 124
43 126
43 127
43 128
43 129
43 130
43 133
43 134
43 137
43 141
43 142
43 146
43 147
43 149
43 150
43 152
43 154
43 155
43 157
43 158
43 161
44 48
44 49
44 50
44 51
44 52
44 54
44 56
44 57
44 59
44 61
44 65
44 66
44 67
44 68
44 70
44 72
44 74
44 77
44 83
44 84
44 85
44 87
44 89
44 92
44 95
44 96
44 97
44 101
44 102
44 103
44 104
44 105
44 106
44 107
44 108
44 109
44 110
44 114
44 115
44 117
44 118
44 124
44 126
44 128
44 129
44 131
44 132
44 133
44 134
44 137
44 138
44 141
44 142
44 144
44 147
44 148
44 150
44 151
44 154
44 157
44 158
44 159
44 161
45 46
45 49
45 50
45 51
45 54
45 55
45 58
45 59
45 61
45 63
45 65
45 67
45 68
45 70
45 71
45 72
45 73
45 74
45 76
45 77
45 79
45 83
45 84
45 85
45 86
45 89
45 94
45 95
45 101
45 102
45 105
45 106
45 107
45 108
45 109
45 111
45 112
45 114
45 115
45 117
45 118
45 121
45 126
45 127
45 129
45 131
45 132
45 133
45 137
45 138
45 139
45 142
45 146
45 147
45 148
45 150
45 151
45 152
45 153
45 157
46 48
46 49
46 50
46 52
46 55
46 57
46 62
46 64
46 66
46 67
46 69
46 70
46 71
46 72
46 73
46 74
46 75
46 79
46 81
46 84
46 86
46 87
46 89
46 94
46 95
46 100
46 101
46 103
46 105
46 106
46 107
46 110
46 112
46 113
46 115
46 118
46 120
46 124
46 128
46 131
46 132
46 133
46 134
46 135
46 137
46 139
46 141
46 142
46 144
46 146
46 147
46 150
46 152
46 153
46 154
46 155
46 157
46 158
46 160
46 161
47 49
47 52
47 54
47 56
47 61
47 63
47 68
47 71
47 74
47 76
47 83
47 88
47 90
47 97
47 99
47 103
47 106
47 114
47 119
47 129
47 131
47 134
47 135
47 146
47 152
47 153
47 158
47 160
48 49
48 54
48 56
48 59
48 62
48 64
48 65
48 68
48 70
48 71
48 76
48 78
48 84
48 91
48 101
48 102
48 113
48 114
48 115
48 117
48 118
48 121
48 129
48 131
48 133
48 134
48 137
48 140
48 142
48 150
48 151
48 154
48 155
48 158
48 160
49 50
49 51
49 54
49 56
49 57
49 59
49 62
49 64
49 65
49 66
49 67
49 70
49 72
49 73
49 74
49 75
49 76
49 78
49 79
49 80
49 83
49 84
49 86
49 87
49 88
49 89
49 92
49 96
49 97
49 99
49 101
49 102
49 105
49 106
49 107
49 109
49 110
49 111
49 112
49 115
49 117
49 118
49 126
49 127
49 129
49 132
49 133
49 134
49 135
49 136
49 137
49 138
49 139
49 141
49 142
49 143
49 144
49 146
49 147
49 150
49 152
49 153
49 154
49 155
49 156
49 157
49 158
49 159
49 161
50 51
50 54
50 58
50 59
50 62
50 63
50 64
50 65
50 66
50 67
50 69
50 70
50 71
50 72
50 73
50 75
50 79
50 83
50 84
50 88
50 89
50 90
50 91
50 93
50 95
50 97
50 100
50 101
50 102
50 103
50 104
50 106
50 107
50 109
50 110
50 112
50 113
50 114
50 117
50 120
50 125
50 130
50 132
50 138
50 139
50 141
50 142
50 143
50 151
50 154
50 157
50 158
50 159
50 160
51 53
51 54
51 55
51 58
51 60
51 61
51 62
51 63
51 64
51 65
51 67
51 68
51 69
51 70
51 71
51 72
51 74
51 75
51 77
51 78
51 79
51 80
51 83
51 84
51 85
51 86
51 88
51 89
51 90
51 91
51 93
51 97
51 100
51 101
51 103
51 105
51 106
51 107
51 108
51 109
51 111
51 112
51 115
51 116
51 117
51 121
51 127
51 128
51 130
51 131
51 133
51 134
51 135
51 138
51 139
51 141
51 142
51 145
51 146
51 147
51 148
51 149
51 150
51 151
51 153
51 154
51 155
51 157
51 159
51 160
51 161
52 54
52 58
52 60
52 64
52 65
52 67
52 68
52 69
52 72
52 73
52 74
52 75
52 80
52 83
52 84
52 87
52 89
52 90
52 92
52 94
52 96
52 98
52 101
52 102
52 107
52 109
52 112
52 113
52 118
52 122
52 125
52 126
52 131
52 135
52 136
52 137
52 138
52 139
52 141
52 143
52 145
52 146
52 147
52 148
52 150
52 151
52 152
52 154
52 155
52 157
52 158
52 159
52 161
53 56
53 58
53 62
53 64
53 66
53 67
53 68
53 69
53 70
53 74
53 75
53 76
53 82
53 83
53 84
53 85
53 86
53 87
53 90
53 93
53 94
53 99
53 100
53 102
53 103
53 107
53 109
53 112
53 113
53 115
53 118
53 123
53 125
53 129
53 131
53 133
53 134
53 138
53 145
53 147
53 149
53 156
53 157
53 160
54 55
54 57
54 58
54 59
54 61
54 62
54 63
54 64
54 65
54 66
54 67
54 68
54 69
54 70
54 71
54 72
54 73
54 74
54 75
54 77
54 78
54 79
54 82
54 83
54 84
54 85
54 87
54 88
54 89
54 90
54 92
54 93
54 94
54 96
54 97
54 99
54 101
54 102
54 105
54 106
54 109
54 111
54 112
54 113
54 114
54 115
54 116
54 117
54 118
54 123
54 125
54 126
54 127
54 128
54 129
54 130
54 131
54 132
54 133
54 134
54 137
54 138
54 139
54 141
54 142
54 143
54 144
54 146
54 147
54 150
54 152
54 153
54 154
54 158
54 159
54 160
54 161
55 57
55 64
55 65
55 66
55 67
55 69
55 70
55 71
55 72
55 73
55 74
55 76
55 77
55 79
55 83
55 86
55 87
55 89
55 90
55 93
55 94
55 95
55 97
55 98
55 101
55 103
55 106
55 107
55 108
55 109
55 111
55 112
55 114
55 115
55 116
55 117
55 118
55 121
55 125
55 126
55 129
55 130
55 131
55 135
55 136
55 137
55 138
55 142
55 145
55 147
55 151
55 152
55 154
55 157
55 158
55 161
56 57
56 58
56 59
56 64
56 65
56 66
56 70
56 71
56 72
56 75
56 77
56 79
56 82
56 83
56 89
56 91
56 93
56 94
56 95
56 98
56 99
56 100
56 101
56 102
56 103
56 105
56 106
56 108
56 113
56 114
56 115
56 117
56 118
56 119
56 121
56 125
56 126
56 127
56 129
56 131
56 133
56 134
56 135
56 136
56 137
56 139
56 142
56 145
56 146
56 147
56 150
56 152
56 153
56 155
56 157
56 158
56 159
56 161
57 61
57 62
57 66
57 71
57 73
57 77
57 79
57 87
57 93
57 94
57 99
57 100
57 101
57 106
57 111
57 114
57 118
57 122
57 126
57 134
57 136
57 137
57 139
57 145
57 147
57 156
57 158
57 159
58 59
58 60
58 61
58 63
58 64
58 67
58 69
58 70
58 71
58 73
58 74
58 77
58 79
58 83
58 84
58 88
58 90
58 92
58 93
58 94
58 97
58 99
58 100
58 101
58 103
58 104
58 106
58 107
58 108
58 109
58 111
58 113
58 114
58 115
58 117
58 124
58 125
58 127
58 128
58 130
58 131
58 132
58 133
58 135
58 136
58 137
58 138
58 139
58 141
58 142
58 145
58 147
58 148
58 149
58 151
58 152
58 153
58 156
58 157
58 158
58 159
58 161
59 61
59 62
59 64
59 65
59 67
59 68
59 69
59 70
59 71
59 73
59 74
59 76
59 79
59 82
59 83
59 87
59 93
59 94
59 100
59 102
59 103
59 105
59 113
59 115
59 116
59 118
59 119
59 125
59 126
59 129
59 131
59 133
59 136
59 137
59 138
59 140
59 141
59 142
59 143
59 148
59 151
59 152
59 153
59 154
59 157
60 68
60 70
60 71
60 72
60 82
60 84
60 86
60 94
60 96
60 99
60 101
60 103
60 105
60 112
60 115
60 116
60 125
60 128
60 130
60 131
60 143
60 145
60 147
60 151
60 152
60 156
60 157
61 62
61 63
61 64
61 65
61 67
61 68
61 70
61 71
61 72
61 73
61 76
61 77
61 79
61 80
61 82
61 84
61 86
61 88
61 90
61 92
61 93
61 94
61 95
61 96
61 97
61 101
61 102
61 106
61 107
61 112
61 113
61 114
61 117
61 118
61 125
61 130
61 137
61 138
61 139
61 142
61 146
61 148
61 149
61 150
61 151
61 154
61 158
61 161
62 63
62 66
62 67
62 70
62 72
62 73
62 74
62 75
62 76
62 79
62 82
62 84
62 89
62 93
62 100
62 102
62 105
62 106
62 108
62 113
62 114
62 125
62 131
62 133
62 137
62 141
62 142
62 146
62 147
62 148
62 151
62 156
63 64
63 67
63 68
63 70
63 71
63 72
63 74
63 75
63 77
63 79
63 82
63 84
63 88
63 89
63 90
63 91
63 92
63 93
63 94
63 96
63 97
63 98
63 99
63 101
63 103
63 104
63 105
63 107
63 108
63 109
63 111
63 112
63 113
63 114
63 115
63 117
63 118
63 123
63 124
63 125
63 126
63 128
63 129
63 133
63 134
63 135
63 137
63 138
63 141
63 142
63 143
63 145
63 146
63 147
63 151
63 153
63 158
63 159
63 161
64 65
64 66
64 68
64 70
64 71
64 72
64 73
64 74
64 75
64 79
64 80
64 82
64 84
64 85
64 86
64 87
64 89
64 90
64 91
64 93
64 94
64 95
64 97
64 98
64 99
64 100
64 101
64 102
64 103
64 104
64 105
64 106
64 107
64 108
64 111
64 113
64 114
64 115
64 117
64 118
64 121
64 123
64 124
64 126
64 129
64 130
64 131
64 132
64 133
64 134
64 135
64 136
64 137
64 140
64 145
64 146
64 147
64 148
64 150
64 151
64 152
64 153
64 154
64 157
64 159
64 161
65 66
65 67
65 69
65 70
65 71
65 73
65 74
65 75
65 76
65 77
65 78
65 79
65 80
65 81
65 84
65 85
65 86
65 88
65 89
65 90
65 91
65 93
65 95
65 96
65 97
65 98
65 100
65 101
65 102
65 104
65 106
65 107
65 108
65 109
65 110
65 111
65 112
65 113
65 114
65 115
65 116
65 117
65 118
65 119
65 120
65 125
65 129
65 130
65 131
65 133
65 134
65 137
65 138
65 139
65 140
65 142
65 144
65 145
65 146
65 147
65 150
65 151
65 152
65 154
65 156
65 157
65 158
65 159
66 67
66 69
66 70
66 74
66 79
66 81
66 85
66 88
66 89
66 91
66 98
66 100
66 101
66 105
66 108
66 110
66 112
66 114
66 115
66 116
66 117
66 122
66 125
66 129
66 131
66 133
66 134
66 135
66 136
66 138
66 139
66 140
66 142
66 145
66 146
66 150
66 151
66 152
66 153
66 154
66 155
66 156
66 157
66 158
66 159
66 161
67 68
67 70
67 71
67 72
67 74
67 75
67 76
67 77
67 79
67 80
67 81
67 82
67 83
67 84
67 87
67 88
67 89
67 90
67 91
67 93
67 95
67 97
67 98
67 99
67 100
67 102
67 103
67 104
67 105
67 106
67 107
67 108
67 109
67 111
67 112
67 114
67 115
67 116
67 117
67 118
67 121
67 124
67 126
67 127
67 128
67 129
67 130
67 131
67 132
67 133
67 134
67 135
67 136
67 137
67 138
67 140
67 141
67 142
67 145
67 146
67 147
67 149
67 150
67 151
67 152
67 154
67 156
67 158
67 160
67 161
68 69
68 70
68 71
68 72
68 74
68 75
68 76
68 77
68 82
68 83
68 84
68 87
68 88
68 91
68 92
68 93
68 94
68 95
68 97
68 98
68 100
68 102
68 103
68 104
68 105
68 106
68 108
68 109
68 110
68 112
68 113
68 114
68 115
68 116
68 117
68 118
68 119
68 120
68 124
68 125
68 126
68 128
68 131
68 133
68 134
68 138
68 139
68 140
68 142
68 143
68 145
68 146
68 149
68 150
68 151
68 152
68 153
68 156
68 157
68 158
68 160
68 161
69 71
69 72
69 73
69 74
69 75
69 76
69 77
69 79
69 80
69 82
69 87
69 89
69 91
69 92
69 94
69 96
69 97
69 100
69 102
69 103
69 104
69 105
69 106
69 107
69 108
69 110
69 112
69 113
69 114
69 115
69 117
69 118
69 124
69 125
69 126
69 127
69 128
69 129
69 130
69 131
69 133
69 134
69 135
69 136
69 137
69 138
69 139
69 140
69 142
69 147
69 148
69 151
69 152
69 153
69 154
69 157
70 71
70 72
70 73
70 74
70 75
70 76
70 77
70 79
70 80
70 81
70 82
70 83
70 84
70 86
70 87
70 88
70 89
70 90
70 91
70 95
70 96
70 97
70 98
70 99
70 101
70 102
70 103
70 104
70 105
70 106
70 107
70 108
70 109
70 111
70 112
70 113
70 114
70 115
70 116
70 117
70 122
70 124
70 125
70 126
70 127
70 130
70 131
70 133
70 134
70 136
70 137
70 138
70 139
70 140
70 141
70 142
70 144
70 146
70 147
70 149
70 151
70 152
70 154
70 155
70 156
70 157
70 158
70 160
71 72
71 73
71 74
71 75
71 77
71 79
71 80
71 82
71 84
71 85
71 86
71 87
71 88
71 90
71 91
71 93
71 94
71 95
71 97
71 99
71 100
71 101
71 102
71 107
71 109
71 110
71 111
71 112
71 113
71 114
71 117
71 118
71 120
71 125
71 126
71 127
71 129
71 130
71 131
71 132
71 133
71 135
71 140
71 141
71 142
71 143
71 146
71 147
71 150
71 151
71 152
71 154
71 155
71 156
71 157
72 75
72 76
72 77
72 81
72 82
72 84
72 85
72 86
72 89
72 90
72 91
72 93
72 94
72 96
72 98
72 100
72 101
72 102
72 104
72 105
72 106
72 107
72 108
72 109
72 111
72 112
72 113
72 114
72 115
72 116
72 117
72 118
72 119
72 122
72 123
72 124
72 126
72 127
72 129
72 130
72 131
72 132
72 133
72 134
72 137
72 138
72 139
72 141
72 143
72 145
72 146
72 147
72 150
72 151
72 152
72 153
72 154
72 157
72 158
72 159
72 161
73 74
73 75
73 77
73 79
73 80
73 82
73 84
73 85
73 87
73 88
73 89
73 92
73 94
73 97
73 98
73 99
73 101
73 106
73 107
73 108
73 111
73 112
73 113
73 114
73 115
73 117
73 118
73 119
73 125
73 130
73 131
73 133
73 134
73 137
73 139
73 142
73 145
73 146
73 149
73 150
73 152
73 153
73 154
73 155
73 156
73 157
73 160
74 75
74 76
74 77
74 78
74 80
74 83
74 84
74 85
74 86
74 87
74 88
74 89
74 92
74 93
74 96
74 97
74 98
74 99
74 100
74 101
74 102
74 103
74 104
74 106
74 107
74 108
74 109
74 110
74 112
74 114
74 115
74 116
74 117
74 118
74 119
74 122
74 125
74 126
74 128
74 129
74 130
74 131
74 133
74 134
74 135
74 136
74 137
74 138
74 140
74 141
74 142
74 143
74 146
74 147
74 148
74 150
74 151
74 153
74 157
74 158
74 159
74 160
74 161
75 76
75 77
75 78
75 85
75 86
75 88
75 89
75 93
75 94
75 95
75 97
75 100
75 101
75 102
75 103
75 104
75 106
75 110
75 114
75 115
75 116
75 117
75 118
75 121
75 127
75 128
75 129
75 131
75 133
75 137
75 138
75 139
75 141
75 142
75 143
75 145
75 151
75 152
75 154
75 157
75 158
75 159
75 160
76 77
76 79
76 80
76 84
76 89
76 91
76 94
76 95
76 97
76 98
76 99
76 101
76 105
76 115
76 118
76 133
76 136
76 137
76 146
76 147
76 151
76 157
76 159
76 160
77 79
77 81
77 84
77 86
77 88
77 89
77 91
77 92
77 96
77 97
77 100
77 102
77 107
77 108
77 110
77 111
77 112
77 114
77 115
77 117
77 119
77 120
77 125
77 128
77 129
77 130
77 133
77 134
77 135
77 137
77 138
77 139
77 140
77 141
77 142
77 144
77 146
77 147
77 148
77 150
77 151
77 152
77 154
77 156
77 158
77 160
78 85
78 98
78 106
78 109
78 125
78 129
78 145
78 147
78 152
78 155
79 80
79 81
79 84
79 86
79 87
79 89
79 90
79 91
79 92
79 93
79 94
79 95
79 96
79 97
79 98
79 102
79 103
79 104
79 105
79 106
79 107
79 108
79 113
79 114
79 115
79 116
79 117
79 118
79 121
79 124
79 125
79 126
79 127
79 128
79 129
79 130
79 131
79 133
79 134
79 135
79 136
79 137
79 138
79 140
79 145
79 147
79 149
79 150
79 151
79 152
79 154
79 155
79 158
79 159
79 160
79 161
80 82
80 83
80 85
80 86
80 87
80 88
80 92
80 94
80 97
80 98
80 99
80 102
80 104
80 105
80 106
80 109
80 113
80 114
80 116
80 117
80 118
80 119
80 121
80 130
80 131
80 134
80 138
80 139
80 140
80 141
80 145
80 147
80 149
80 150
80 152
80 153
80 154
80 158
80 159
80 161
81 82
81 89
81 93
81 94
81 97
81 99
81 106
81 109
81 112
81 113
81 115
81 127
81 133
81 136
81 139
81 141
81 142
81 150
81 152
81 157
81 158
81 161
82 83
82 88
82 89
82 93
82 94
82 102
82 105
82 108
82 109
82 112
82 114
82 118
82 125
82 131
82 133
82 139
82 143
82 145
82 147
82 151
82 152
82 153
82 156
82 157
82 158
82 159
83 84
83 86
83 88
83 89
83 94
83 97
83 100
83 101
83 102
83 103
83 104
83 105
83 106
83 109
83 110
83 115
83 125
83 127
83 131
83 133
83 136
83 137
83 141
83 142
83 146
83 150
83 158
84 85
84 86
84 87
84 89
84 91
84 94
84 95
84 97
84 101
84 102
84 103
84 104
84 105
84 106
84 107
84 108
84 109
84 110
84 112
84 113
84 114
84 115
84 117
84 122
84 125
84 132
84 133
84 134
84 136
84 137
84 138
84 141
84 142
84 145
84 146
84 150
84 151
84 152
84 153
84 158
84 159
84 160
85 87
85 89
85 90
85 92
85 101
85 103
85 108
85 111
85 113
85 115
85 117
85 118
85 123
85 125
85 128
85 130
85 131
85 134
85 140
85 142
85 147
85 151
85 154
86 89
86 92
86 94
86 96
86 101
86 102
86 105
86 106
86 111
86 112
86 113
86 114
86 115
86 117
86 118
86 129
86 130
86 133
86 134
86 136
86 137
86 138
86 139
86 143
86 144
86 147
86 150
86 151
86 152
86 153
86 154
86 157
86 160
86 161
87 89
87 91
87 92
87 94
87 97
87 98
87 100
87 101
87 102
87 104
87 107
87 108
87 109
87 113
87 114
87 117
87 118
87 121
87 129
87 130
87 137
87 138
87 142
87 146
87 147
87 150
87 152
87 154
87 158
87 160
87 161
88 89
88 90
88 93
88 98
88 100
88 102
88 108
88 111
88 112
88 113
88 115
88 118
88 125
88 133
88 134
88 135
88 136
88 137
88 138
88 140
88 142
88 144
88 145
88 146
88 147
88 150
88 151
88 152
88 153
88 154
88 155
88 158
88 160
89 90
89 91
89 93
89 96
89 97
89 98
89 99
89 100
89 101
89 102
89 103
89 107
89 108
89 109
89 110
89 111
89 112
89 113
89 115
89 117
89 118
89 119
89 124
89 125
89 126
89 129
89 130
89 131
89 132
89 133
89 134
89 135
89 136
89 137
89 138
89 139
89 141
89 146
89 147
89 149
89 151
89 152
89 153
89 154
89 157
89 158
89 160
89 161
90 94
90 96
90 97
90 99
90 101
90 102
90 109
90 113
90 114
90 115
90 117
90 121
90 129
90 130
90 131
90 134
90 137
90 142
90 154
90 158
90 161
91 94
91 96
91 99
91 102
91 104
91 105
91 108
91 109
91 111
91 115
91 122
91 124
91 129
91 130
91 131
91 133
91 137
91 145
91 146
91 147
91 148
91 151
91 153
91 154
91 155
91 157
91 158
91 161
92 100
92 101
92 109
92 110
92 113
92 114
92 118
92 119
92 123
92 125
92 127
92 129
92 130
92 131
92 133
92 134
92 138
92 143
92 146
92 150
92 151
92 152
92 154
92 157
92 158
92 161
93 94
93 97
93 98
93 99
93 101
93 102
93 103
93 105
93 106
93 109
93 111
93 113
93 114
93 117
93 120
93 122
93 124
93 125
93 126
93 128
93 129
93 130
93 131
93 133
93 134
93 137
93 139
93 140
93 141
93 142
93 145
93 147
93 150
93 151
93 153
93 156
93 157
94 97
94 99
94 100
94 101
94 102
94 106
94 107
94 108
94 111
94 114
94 115
94 117
94 118
94 120
94 123
94 126
94 129
94 131
94 133
94 134
94 135
94 137
94 138
94 139
94 140
94 141
94 142
94 146
94 147
94 148
94 150
94 151
94 152
94 153
94 155
94 156
94 157
94 158
94 159
94 160
94 161
95 99
95 100
95 101
95 102
95 105
95 111
95 115
95 119
95 126
95 130
95 133
95 134
95 139
95 142
95 145
95 147
95 151
95 152
95 153
95 155
95 157
95 158
95 159
95 160
95 161
96 97
96 98
96 101
96 102
96 115
96 117
96 118
96 131
96 133
96 137
96 141
96 147
96 151
96 158
97 99
97 100
97 101
97 104
97 106
97 107
97 108
97 109
97 111
97 112
97 113
97 115
97 117
97 118
97 121
97 122
97 125
97 127
97 128
97 129
97 130
97 132
97 133
97 135
97 136
97 138
97 141
97 145
97 146
97 147
97 148
97 151
97 152
97 153
97 156
97 157
97 158
98 102
98 104
98 105
98 107
98 108
98 109
98 110
98 113
98 115
98 118
98 126
98 129
98 131
98 133
98 137
98 139
98 140
98 142
98 145
98 147
98 151
98 152
98 159
98 161
99 104
99 105
99 109
99 111
99 114
99 115
99 116
99 118
99 125
99 128
99 129
99 130
99 131
99 137
99 138
99 141
99 146
99 150
99 151
99 153
99 154
99 158
99 161
100 101
100 106
100 107
100 108
100 109
100 114
100 115
100 117
100 118
100 128
100 130
100 134
100 137
100 138
100 139
100 140
100 141
100 145
100 147
100 151
100 152
100 154
100 158
100 161
101 103
101 105
101 108
101 109
101 110
101 112
101 113
101 114
101 115
101 117
101 118
101 121
101 122
101 123
101 125
101 126
101 128
101 129
101 133
101 134
101 136
101 137
101 138
101 139
101 140
101 141
101 142
101 143
101 146
101 147
101 150
101 151
101 152
101 153
101 154
101 157
101 158
101 159
101 161
102 104
102 106
102 107
102 110
102 114
102 115
102 116
102 117
102 118
102 126
102 127
102 130
102 131
102 132
102 133
102 137
102 140
102 142
102 143
102 145
102 146
102 147
102 151
102 152
102 154
102 156
102 157
102 158
102 160
103 106
103 107
103 109
103 110
103 113
103 114
103 115
103 117
103 122
103 124
103 128
103 131
103 133
103 134
103 136
103 137
103 142
103 148
103 149
103 150
103 157
103 158
104 105
104 106
104 107
104 108
104 109
104 111
104 112
104 115
104 116
104 125
104 131
104 142
104 145
104 146
104 147
104 148
104 151
104 153
104 154
104 157
104 159
105 106
105 108
105 112
105 113
105 115
105 118
105 119
105 122
105 128
105 133
105 135
105 136
105 137
105 138
105 142
105 145
105 146
105 150
105 151
105 152
105 154
105 156
105 157
105 158
105 159
105 160
105 161
106 107
106 108
106 109
106 111
106 113
106 114
106 115
106 117
106 118
106 119
106 120
106 121
106 124
106 125
106 126
106 128
106 129
106 130
106 133
106 134
106 135
106 137
106 138
106 139
106 140
106 142
106 145
106 146
106 147
106 148
106 149
106 150
106 151
106 152
106 153
106 154
106 157
106 160
106 161
107 109
107 112
107 115
107 117
107 118
107 119
107 127
107 132
107 134
107 138
107 139
107 140
107 141
107 142
107 145
107 146
107 147
107 149
107 150
107 152
107 153
107 155
107 159
107 161
108 109
108 111
108 113
108 115
108 118
108 119
108 122
108 124
108 126
108 127
108 128
108 129
108 130
108 131
108 133
108 134
108 135
108 136
108 137
108 138
108 139
108 141
108 142
108 145
108 147
108 148
108 150
108 151
108 152
108 153
108 154
108 157
108 158
108 159
108 161
109 110
109 111
109 112
109 113
109 114
109 115
109 116
109 117
109 118
109 119
109 125
109 126
109 127
109 129
109 133
109 134
109 135
109 136
109 138
109 139
109 141
109 142
109 143
109 146
109 147
109 150
109 151
109 152
109 153
109 154
109 157
109 158
109 159
109 161
110 111
110 113
110 114
110 115
110 117
110 118
110 130
110 131
110 137
110 139
110 141
110 142
110 145
110 146
110 147
110 148
110 150
110 151
110 152
110 153
110 154
111 112
111 113
111 117
111 125
111 126
111 127
111 129
111 131
111 133
111 137
111 138
111 139
111 142
111 143
111 144
111 145
111 147
111 149
111 151
111 153
111 154
111 157
111 158
111 159
111 161
112 113
112 114
112 115
112 117
112 118
112 119
112 120
112 121
112 126
112 128
112 130
112 131
112 133
112 138
112 144
112 145
112 146
112 149
112 151
112 152
112 153
112 154
112 158
112 161
113 114
113 115
113 116
113 117
113 118
113 119
113 122
113 127
113 128
113 129
113 131
113 133
113 135
113 136
113 137
113 138
113 141
113 142
113 143
113 145
113 147
113 148
113 149
113 150
113 151
113 152
113 155
113 157
113 158
114 115
114 116
114 117
114 118
114 121
114 122
114 123
114 124
114 125
114 127
114 128
114 129
114 130
114 131
114 133
114 134
114 136
114 137
114 138
114 139
114 141
114 142
114 143
114 144
114 145
114 146
114 149
114 154
114 155
114 156
114 159
114 160
114 161
115 116
115 117
115 118
115 119
115 125
115 127
115 128
115 129
115 130
115 131
115 132
115 133
115 134
115 135
115 136
115 137
115 138
115 139
115 140
115 142
115 143
115 145
115 146
115 147
115 150
115 151
115 152
115 153
115 154
115 157
115 159
115 160
115 161
116 122
116 125
116 129
116 130
116 131
116 133
116 139
116 142
116 147
116 149
116 152
116 154
116 157
117 121
117 123
117 125
117 126
117 127
117 128
117 129
117 131
117 133
117 134
117 135
117 136
117 137
117 138
117 139
117 141
117 142
117 143
117 145
117 146
117 147
117 148
117 151
117 152
117 153
117 154
117 158
117 161
118 119
118 120
118 127
118 129
118 131
118 132
118 133
118 135
118 137
118 138
118 139
118 140
118 141
118 142
118 145
118 147
118 149
118 150
118 152
118 154
118 156
118 157
118 158
118 160
118 161
119 129
119 130
119 131
119 133
119 134
119 142
119 147
119 152
119 154
119 155
119 157
119 158
120 133
120 142
120 143
120 148
120 152
120 161
121 125
121 126
121 129
121 131
121 133
121 138
121 148
121 153
122 134
122 140
122 141
122 149
122 150
122 152
122 153
122 154
122 157
122 159
123 129
123 136
123 138
123 139
123 140
123 147
123 152
123 153
124 129
124 134
124 136
124 142
124 143
124 149
124 154
124 158
124 161
125 126
125 127
125 128
125 129
125 131
125 133
125 135
125 136
125 138
125 140
125 141
125 142
125 143
125 146
125 147
125 150
125 151
125 152
125 153
125 154
125 157
125 159
126 129
126 132
126 133
126 134
126 136
126 137
126 138
126 141
126 145
126 147
126 152
127 131
127 134
127 137
127 138
127 142
127 143
127 146
127 151
127 152
127 158
128 131
128 133
128 139
128 145
128 149
128 153
128 154
128 157
128 158
128 159
129 130
129 131
129 133
129 134
129 135
129 136
129 137
129 138
129 139
129 141
129 142
129 146
129 147
129 148
129 150
129 151
129 152
129 153
129 154
129 157
129 158
129 161
130 131
130 132
130 133
130 134
130 135
130 136
130 138
130 139
130 142
130 143
130 151
130 152
130 154
130 157
130 158
130 160
131 136
131 137
131 138
131 139
131 140
131 141
131 142
131 144
131 146
131 147
131 150
131 151
131 152
131 153
131 154
131 157
131 158
132 136
132 137
132 146
132 150
132 160
133 134
133 135
133 136
133 137
133 138
133 140
133 142
133 143
133 145
133 147
133 148
133 150
133 151
133 152
133 154
133 156
133 157
133 158
133 159
133 160
133 161
134 135
134 137
134 138
134 139
134 140
134 142
134 145
134 147
134 150
134 151
134 152
134 153
134 155
134 157
134 158
134 160
135 138
135 142
135 143
135 146
135 147
135 148
135 149
135 152
135 153
135 154
135 160
136 137
136 138
136 139
136 143
136 146
136 150
136 151
136 159
136 161
137 139
137 140
137 142
137 143
137 145
137 146
137 147
137 149
137 151
137 152
137 153
137 154
137 155
137 157
137 158
137 159
137 160
137 161
138 139
138 140
138 141
138 142
138 145
138 146
138 147
138 149
138 154
138 159
138 160
138 161
139 140
139 141
139 142
139 147
139 148
139 151
139 153
139 157
139 158
139 160
139 161
140 141
140 144
140 150
140 154
140 158
140 159
141 147
141 148
141 149
141 150
141 151
141 152
141 154
141 157
141 160
142 144
142 147
142 148
142 149
142 150
142 151
142 152
142 155
142 156
142 157
142 158
142 160
143 146
143 147
143 150
143 152
143 153
143 154
143 155
143 157
144 156
145 147
145 149
145 151
145 152
145 154
145 157
145 158
146 147
146 151
146 152
146 153
146 158
146 159
147 149
147 150
147 151
147 152
147 153
147 154
147 155
147 157
147 158
148 150
148 152
148 154
149 152
149 153
149 158
149 159
149 160
149 161
150 152
150 153
150 155
150 158
151 152
151 153
151 154
151 156
151 157
151 158
151 160
151 161
152 154
152 156
152 158
152 160
153 154
153 155
153 157
153 158
153 161
154 155
154 158
154 159
154 160
154 161
156 158
157 158
158 159
158 161
160 161
