0 2
0 4
0 12
0 14
0 16
0 19
0 20
0 21
0 24
0 29
0 32
0 36
0 42
0 44
0 49
0 51
0 54
0 56
0 58
0 63
0 64
0 65
0 66
0 67
0 68
0 69
0 75
0 79
0 83
0 88
0 89
0 93
0 94
0 96
0 103
0 106
0 109
0 115
0 118
0 122
0 125
0 128
0 130
0 131
0 138
0 139
0 141
0 142
0 146
0 147
0 150
0 151
0 152
0 153
0 154
0 158
0 159
0 161
1 2
1 4
1 8
1 10
1 16
1 25
1 27
1 29
1 30
1 31
1 36
1 37
1 38
1 39
1 40
1 47
1 49
1 51
1 53
1 54
1 58
1 61
1 62
1 64
1 65
1 66
1 67
1 68
1 70
1 71
1 73
1 74
1 75
1 79
1 83
1 89
1 93
1 94
1 100
1 105
1 107
1 108
1 109
1 111
1 114
1 116
1 117
1 118
1 122
1 129
1 131
1 133
1 134
1 138
1 151
1 153
1 154
1 157
1 161
2 6
2 7
2 8
2 11
2 13
2 16
2 18
2 19
2 22
2 26
2 31
2 43
2 49
2 51
2 53
2 54
2 58
2 59
2 61
2 64
2 65
2 68
2 74
2 82
2 88
2 89
2 95
2 101
2 102
2 106
2 107
2 109
2 111
2 114
2 115
2 117
2 118
2 129
2 133
2 139
2 147
2 152
2 155
2 161
3 4
3 7
3 9
3 20
3 21
3 22
3 27
3 28
3 32
3 34
3 38
3 45
3 52
3 56
3 58
3 59
3 65
3 66
3 68
3 69
3 70
3 71
3 74
3 79
3 81
3 93
3 97
3 98
3 101
3 102
3 105
3 108
3 112
3 114
3 117
3 118
3 119
3 125
3 126
3 129
3 130
3 134
3 137
3 138
3 139
3 140
3 142
3 146
3 157
3 160
4 6
4 7
4 11
4 12
4 14
4 15
4 16
4 18
4 19
4 22
4 23
4 25
4 26
4 28
4 29
4 31
4 32
4 36
4 37
4 38
4 40
4 44
4 45
4 48
4 49
4 50
4 51
4 52
4 53
4 54
4 55
4 57
4 60
4 61
4 62
4 64
4 65
4 66
4 70
4 71
4 72
4 73
4 74
4 75
4 76
4 77
4 79
4 81
4 82
4 84
4 85
4 87
4 88
4 89
4 92
4 93
4 94
4 96
4 97
4 100
4 102
4 104
4 107
4 109
4 110
4 111
4 112
4 114
4 117
4 118
4 119
4 124
4 125
4 126
4 129
4 131
4 133
4 134
4 135
4 137
4 138
4 139
4 141
4 142
4 146
4 148
4 150
4 151
4 152
4 153
4 154
4 155
4 156
4 157
4 158
4 159
4 160
5 7
5 11
5 15
5 21
5 26
5 31
5 35
5 40
5 46
5 52
5 54
5 55
5 58
5 65
5 68
5 70
5 75
5 77
5 79
5 89
5 93
5 94
5 97
5 101
5 106
5 108
5 111
5 114
5 115
5 117
5 127
5 129
5 135
5 137
5 151
5 152
5 153
5 158
5 160
5 161
6 7
6 8
6 10
6 13
6 14
6 16
6 19
6 20
6 21
6 23
6 24
6 25
6 26
6 27
6 29
6 31
6 32
6 35
6 36
6 38
6 41
6 42
6 43
6 45
6 47
6 49
6 50
6 51
6 53
6 54
6 56
6 57
6 59
6 61
6 62
6 63
6 64
6 65
6 66
6 67
6 68
6 69
6 70
6 72
6 73
6 74
6 77
6 78
6 82
6 83
6 84
6 86
6 88
6 89
6 92
6 94
6 96
6 98
6 99
6 100
6 102
6 104
6 106
6 108
6 109
6 110
6 112
6 113
6 114
6 115
6 116
6 117
6 118
6 120
6 122
6 123
6 124
6 125
6 127
6 129
6 131
6 133
6 134
6 135
6 136
6 138
6 140
6 141
6 142
6 145
6 146
6 147
6 148
6 149
6 152
6 153
6 154
6 157
6 158
6 159
6 160
6 161
7 9
7 11
7 14
7 15
7 18
7 21
7 23
7 24
7 25
7 28
7 31
7 33
7 34
7 35
7 36
7 37
7 38
7 39
7 40
7 41
7 43
7 45
7 46
7 48
7 49
7 50
7 51
7 52
7 53
7 56
7 58
7 61
7 62
7 64
7 65
7 66
7 67
7 68
7 69
7 71
7 72
7 73
7 74
7 77
7 78
7 79
7 80
7 82
7 83
7 84
7 85
7 87
7 88
7 89
7 90
7 92
7 95
7 96
7 100
7 101
7 102
7 103
7 105
7 107
7 108
7 109
7 111
7 112
7 113
7 114
7 115
7 116
7 117
7 118
7 124
7 127
7 129
7 130
7 131
7 132
7 133
7 134
7 135
7 136
7 137
7 138
7 139
7 140
7 145
7 146
7 147
7 148
7 149
7 150
7 151
7 152
7 153
7 154
7 155
7 156
7 159
7 161
8 11
8 26
8 31
8 35
8 43
8 49
8 50
8 52
8 55
8 56
8 63
8 65
8 69
8 74
8 77
8 78
8 86
8 87
8 101
8 108
8 110
8 112
8 114
8 124
8 129
8 131
8 133
8 134
8 137
8 142
8 146
8 147
8 152
8 155
9 12
9 13
9 15
9 16
9 19
9 21
9 22
9 24
9 26
9 28
9 29
9 30
9 31
9 32
9 38
9 39
9 42
9 43
9 45
9 46
9 51
9 52
9 54
9 55
9 56
9 58
9 59
9 61
9 63
9 64
9 65
9 66
9 67
9 68
9 69
9 70
9 72
9 74
9 79
9 80
9 82
9 85
9 87
9 88
9 89
9 90
9 92
9 93
9 96
9 97
9 99
9 100
9 101
9 102
9 104
9 105
9 108
9 111
9 112
9 113
9 114
9 115
9 116
9 117
9 118
9 119
9 121
9 124
9 126
9 129
9 131
9 133
9 135
9 138
9 139
9 141
9 142
9 145
9 146
9 147
9 149
9 150
9 151
9 152
9 154
9 157
9 159
9 160
10 19
10 22
10 26
10 28
10 31
10 32
10 33
10 37
10 38
10 42
10 44
10 45
10 46
10 47
10 48
10 49
10 51
10 53
10 61
10 64
10 65
10 66
10 67
10 68
10 69
10 70
10 71
10 72
10 74
10 76
10 81
10 82
10 85
10 87
10 92
10 94
10 97
10 98
10 100
10 101
10 102
10 104
10 105
10 107
10 108
10 110
10 113
10 114
10 115
10 118
10 125
10 126
10 128
10 129
10 131
10 133
10 138
10 142
10 145
10 146
10 152
10 154
10 156
10 158
10 160
10 161
11 14
11 15
11 16
11 18
11 19
11 20
11 22
11 26
11 28
11 30
11 31
11 32
11 35
11 36
11 37
11 38
11 39
11 40
11 43
11 44
11 45
11 47
11 49
11 50
11 51
11 52
11 54
11 55
11 57
11 62
11 63
11 65
11 67
11 69
11 70
11 71
11 75
11 78
11 79
11 83
11 84
11 89
11 92
11 93
11 94
11 97
11 101
11 102
11 103
11 105
11 107
11 108
11 109
11 111
11 114
11 115
11 117
11 118
11 120
11 125
11 126
11 128
11 129
11 130
11 132
11 133
11 135
11 137
11 138
11 139
11 141
11 142
11 147
11 148
11 150
11 151
11 152
11 155
11 156
11 157
11 158
12 13
12 15
12 18
12 19
12 21
12 22
12 23
12 24
12 32
12 35
12 36
12 44
12 47
12 48
12 54
12 58
12 59
12 61
12 62
12 63
12 65
12 67
12 68
12 70
12 72
12 74
12 79
12 80
12 82
12 84
12 87
12 88
12 89
12 91
12 92
12 93
12 94
12 100
12 101
12 102
12 106
12 108
12 109
12 111
12 113
12 114
12 115
12 116
12 117
12 118
12 125
12 129
12 130
12 131
12 133
12 134
12 137
12 138
12 141
12 142
12 149
12 151
12 156
12 157
13 19
13 20
13 22
13 24
13 27
13 32
13 35
13 36
13 39
13 40
13 45
13 51
13 53
13 55
13 61
13 62
13 64
13 67
13 68
13 70
13 71
13 72
13 77
13 79
13 80
13 81
13 82
13 85
13 86
13 87
13 89
13 92
13 95
13 97
13 100
13 108
13 115
13 116
13 117
13 119
13 129
13 130
13 131
13 133
13 134
13 135
13 137
13 143
13 144
13 147
13 151
13 154
13 158
14 18
14 19
14 21
14 22
14 24
14 25
14 26
14 27
14 28
14 30
14 31
14 32
14 35
14 36
14 37
14 38
14 39
14 40
14 42
14 43
14 44
14 46
14 48
14 49
14 51
14 52
14 53
14 54
14 55
14 59
14 60
14 61
14 62
14 63
14 64
14 65
14 67
14 68
14 69
14 70
14 71
14 72
14 73
14 74
14 75
14 76
14 77
14 81
14 83
14 84
14 85
14 86
14 87
14 88
14 89
14 90
14 91
14 93
14 94
14 98
14 99
14 100
14 102
14 105
14 107
14 108
14 109
14 110
14 111
14 113
14 114
14 115
14 116
14 117
14 118
14 120
14 121
14 122
14 126
14 129
14 130
14 131
14 133
14 134
14 135
14 137
14 138
14 139
14 142
14 146
14 147
14 150
14 152
14 153
14 154
14 155
14 156
14 157
14 158
14 159
14 161
15 17
15 19
15 23
15 24
15 26
15 27
15 38
15 39
15 40
15 44
15 45
15 47
15 49
15 52
15 55
15 56
15 64
15 65
15 66
15 67
15 68
15 69
15 71
15 73
15 77
15 79
15 82
15 83
15 87
15 89
15 90
15 94
15 102
15 105
15 106
15 108
15 109
15 114
15 117
15 118
15 119
15 121
15 123
15 125
15 131
15 133
15 134
15 136
15 140
15 142
15 145
15 147
15 152
15 153
15 157
15 158
15 159
15 160
16 18
16 21
16 22
16 23
16 26
16 33
16 36
16 38
16 40
16 52
16 54
16 58
16 62
16 65
16 67
16 68
16 71
16 72
16 73
16 74
16 79
16 84
16 85
16 87
16 92
16 94
16 97
16 100
16 102
16 105
16 113
16 115
16 118
16 119
16 123
16 126
16 127
16 128
16 135
16 139
16 145
16 149
16 150
16 151
16 152
16 153
16 154
16 157
16 161
17 21
17 32
17 35
17 45
17 46
17 49
17 62
17 68
17 70
17 74
17 83
17 94
17 97
17 99
17 101
17 106
17 108
17 109
17 111
17 114
17 117
17 129
17 137
17 138
17 142
17 146
17 151
17 154
17 157
17 159
17 161
18 19
18 22
18 30
18 34
18 35
18 36
18 38
18 39
18 44
18 45
18 46
18 49
18 50
18 54
18 58
18 62
18 64
18 65
18 67
18 68
18 71
18 72
18 73
18 88
18 89
18 92
18 97
18 99
18 101
18 102
18 103
18 105
18 108
18 109
18 111
18 112
18 116
18 117
18 122
18 129
18 134
18 137
18 138
18 141
18 142
18 146
18 150
18 151
18 152
18 154
18 155
18 156
18 157
19 24
19 30
19 31
19 36
19 37
19 38
19 39
19 42
19 43
19 44
19 45
19 46
19 47
19 48
19 49
19 51
19 52
19 53
19 54
19 55
19 58
19 59
19 60
19 62
19 63
19 64
19 65
19 66
19 67
19 68
19 69
19 70
19 73
19 74
19 75
19 76
19 77
19 79
19 84
19 85
19 87
19 88
19 95
19 96
19 97
19 98
19 99
19 101
19 102
19 103
19 104
19 105
19 106
19 107
19 108
19 109
19 111
19 112
19 113
19 114
19 115
19 117
19 118
19 119
19 122
19 127
19 128
19 130
19 133
19 134
19 135
19 137
19 138
19 142
19 145
19 146
19 147
19 149
19 150
19 152
19 153
19 154
19 155
19 158
19 159
19 160
19 161
20 21
20 23
20 24
20 27
20 30
20 31
20 38
20 40
20 51
20 52
20 58
20 63
20 67
20 70
20 76
20 77
20 88
20 89
20 93
20 94
20 97
20 100
20 105
20 106
20 112
20 116
20 117
20 118
20 120
20 131
20 132
20 137
20 142
20 146
20 150
20 151
20 152
20 156
20 158
21 22
21 23
21 24
21 25
21 26
21 27
21 29
21 30
21 31
21 34
21 37
21 38
21 39
21 40
21 41
21 43
21 45
21 46
21 48
21 49
21 50
21 51
21 52
21 53
21 55
21 56
21 59
21 60
21 64
21 65
21 66
21 67
21 68
21 69
21 70
21 75
21 76
21 77
21 80
21 81
21 82
21 83
21 84
21 85
21 86
21 89
21 92
21 93
21 94
21 98
21 99
21 100
21 101
21 108
21 109
21 113
21 114
21 116
21 117
21 118
21 124
21 125
21 128
21 129
21 131
21 133
21 134
21 137
21 138
21 139
21 141
21 142
21 143
21 145
21 146
21 147
21 149
21 151
21 152
21 153
21 154
21 155
21 156
21 158
21 159
21 160
21 161
22 26
22 28
22 30
22 31
22 33
22 38
22 51
22 54
22 60
22 63
22 64
22 65
22 66
22 67
22 68
22 72
22 73
22 74
22 79
22 84
22 86
22 88
22 96
22 97
22 98
22 101
22 102
22 103
22 106
22 107
22 108
22 109
22 111
22 113
22 115
22 117
22 118
22 129
22 130
22 133
22 135
22 138
22 140
22 145
22 149
22 150
22 152
22 153
22 155
22 157
22 161
23 24
23 32
23 35
23 37
23 40
23 43
23 44
23 45
23 49
23 58
23 59
23 64
23 68
23 69
23 71
23 72
23 76
23 79
23 80
23 82
23 85
23 86
23 89
23 91
23 93
23 94
23 99
23 101
23 105
23 108
23 113
23 115
23 117
23 120
23 123
23 125
23 126
23 129
23 133
23 134
23 137
23 138
23 139
23 141
23 142
23 150
23 153
23 155
24 26
24 28
24 31
24 32
24 33
24 35
24 39
24 44
24 45
24 48
24 68
24 70
24 71
24 74
24 81
24 86
24 90
24 94
24 97
24 101
24 106
24 108
24 116
24 118
24 119
24 125
24 126
24 129
24 131
24 139
24 142
24 143
24 150
24 153
24 157
24 158
24 161
25 26
25 29
25 30
25 31
25 32
25 36
25 37
25 38
25 39
25 40
25 42
25 44
25 51
25 52
25 54
25 56
25 57
25 61
25 62
25 64
25 66
25 68
25 70
25 71
25 72
25 77
25 78
25 79
25 85
25 88
25 90
25 92
25 94
25 95
25 100
25 101
25 106
25 108
25 109
25 110
25 111
25 117
25 118
25 119
25 122
25 125
25 128
25 129
25 131
25 133
25 134
25 135
25 137
25 138
25 142
25 143
25 151
25 152
25 154
25 158
26 28
26 30
26 31
26 35
26 37
26 39
26 40
26 43
26 45
26 46
26 49
26 51
26 52
26 54
26 55
26 56
26 57
26 58
26 61
26 63
26 64
26 65
26 66
26 68
26 70
26 72
26 74
26 75
26 78
26 79
26 81
26 82
26 83
26 88
26 89
26 90
26 91
26 93
26 95
26 96
26 97
26 98
26 99
26 100
26 101
26 103
26 105
26 108
26 109
26 114
26 115
26 116
26 117
26 118
26 119
26 121
26 122
26 125
26 126
26 127
26 128
26 129
26 130
26 131
26 132
26 133
26 134
26 135
26 136
26 138
26 139
26 142
26 145
26 147
26 148
26 151
26 152
26 153
26 154
26 160
26 161
27 28
27 30
27 35
27 39
27 46
27 51
27 58
27 59
27 64
27 67
27 68
27 72
27 86
27 94
27 99
27 101
27 102
27 108
27 115
27 118
27 129
27 130
27 131
27 133
27 134
27 135
27 139
27 142
27 147
27 154
27 160
28 30
28 37
28 38
28 40
28 41
28 44
28 45
28 47
28 49
28 56
28 63
28 64
28 66
28 67
28 68
28 69
28 70
28 71
28 72
28 73
28 74
28 76
28 79
28 80
28 81
28 87
28 94
28 101
28 107
28 108
28 112
28 115
28 116
28 125
28 129
28 133
28 135
28 136
28 139
28 142
28 145
28 147
28 150
28 152
28 154
28 155
28 161
29 31
29 38
29 40
29 54
29 56
29 59
29 65
29 67
29 68
29 70
29 71
29 74
29 75
29 77
29 79
29 87
29 92
29 100
29 101
29 106
29 107
29 108
29 109
29 114
29 118
29 125
29 131
29 134
29 137
29 139
29 141
29 142
29 151
29 152
29 154
29 158
29 160
30 31
30 32
30 33
30 35
30 36
30 37
30 38
30 40
30 41
30 43
30 46
30 49
30 51
30 52
30 54
30 56
30 57
30 58
30 63
30 64
30 65
30 66
30 67
30 68
30 69
30 70
30 71
30 73
30 75
30 79
30 80
30 84
30 86
30 89
30 90
30 94
30 95
30 98
30 99
30 101
30 105
30 107
30 108
30 110
30 113
30 114
30 117
30 118
30 124
30 125
30 126
30 127
30 129
30 131
30 133
30 134
30 135
30 136
30 137
30 138
30 139
30 141
30 142
30 143
30 146
30 147
30 148
30 149
30 151
30 152
30 155
30 156
30 157
30 158
30 160
30 161
31 33
31 36
31 37
31 38
31 42
31 43
31 44
31 45
31 46
31 47
31 48
31 49
31 51
31 54
31 55
31 56
31 57
31 58
31 60
31 62
31 63
31 64
31 66
31 67
31 68
31 69
31 71
31 72
31 74
31 75
31 77
31 79
31 81
31 82
31 84
31 85
31 88
31 89
31 91
31 92
31 94
31 95
31 96
31 97
31 98
31 99
31 100
31 102
31 103
31 104
31 105
31 106
31 107
31 108
31 109
31 110
31 113
31 114
31 117
31 118
31 119
31 121
31 123
31 126
31 127
31 128
31 129
31 130
31 131
31 133
31 134
31 135
31 137
31 138
31 139
31 141
31 142
31 145
31 147
31 148
31 149
31 151
31 153
31 154
31 155
31 157
31 158
31 159
31 160
31 161
32 34
32 36
32 38
32 39
32 40
32 44
32 45
32 46
32 49
32 51
32 54
32 56
32 58
32 59
32 61
32 63
32 64
32 65
32 66
32 68
32 70
32 71
32 72
32 75
32 77
32 79
32 80
32 81
32 85
32 86
32 89
32 91
32 92
32 93
32 94
32 97
32 99
32 101
32 102
32 103
32 105
32 106
32 108
32 109
32 110
32 111
32 112
32 113
32 114
32 116
32 117
32 118
32 121
32 122
32 124
32 125
32 126
32 127
32 128
32 129
32 130
32 131
32 132
32 133
32 135
32 137
32 138
32 139
32 141
32 142
32 145
32 146
32 147
32 149
32 150
32 151
32 153
32 155
32 156
32 158
32 160
32 161
33 35
33 36
33 58
33 63
33 64
33 67
33 68
33 80
33 84
33 87
33 90
33 94
33 97
33 106
33 107
33 113
33 114
33 118
33 127
33 131
33 140
34 38
34 43
34 50
34 54
34 56
34 60
34 63
34 64
34 65
34 66
34 67
34 68
34 69
34 72
34 75
34 77
34 79
34 83
34 84
34 87
34 88
34 89
34 91
34 93
34 102
34 104
34 108
34 129
34 131
34 135
34 137
34 138
34 143
34 147
34 150
34 151
34 152
34 153
34 157
35 36
35 38
35 39
35 40
35 42
35 44
35 45
35 46
35 48
35 49
35 51
35 52
35 53
35 55
35 60
35 63
35 64
35 65
35 67
35 68
35 69
35 72
35 73
35 74
35 75
35 76
35 77
35 79
35 81
35 83
35 85
35 87
35 88
35 89
35 93
35 94
35 95
35 100
35 101
35 102
35 105
35 106
35 109
35 110
35 112
35 114
35 115
35 116
35 118
35 119
35 121
35 124
35 125
35 126
35 130
35 131
35 132
35 133
35 134
35 135
35 136
35 137
35 139
35 140
35 142
35 143
35 145
35 146
35 147
35 150
35 151
35 152
35 154
35 161
36 38
36 39
36 43
36 44
36 45
36 46
36 49
36 51
36 52
36 58
36 60
36 64
36 65
36 67
36 68
36 71
36 72
36 74
36 75
36 77
36 79
36 81
36 86
36 87
36 88
36 92
36 95
36 97
36 101
36 106
36 109
36 110
36 111
36 113
36 114
36 115
36 116
36 118
36 119
36 122
36 125
36 129
36 130
36 133
36 134
36 136
36 137
36 138
36 142
36 143
36 146
36 147
36 148
36 150
36 152
36 153
36 154
37 42
37 44
37 45
37 48
37 49
37 51
37 52
37 56
37 57
37 58
37 64
37 66
37 67
37 68
37 69
37 70
37 71
37 73
37 75
37 79
37 84
37 85
37 86
37 87
37 91
37 92
37 94
37 95
37 101
37 102
37 105
37 107
37 109
37 112
37 113
37 114
37 115
37 116
37 117
37 122
37 127
37 129
37 133
37 134
37 135
37 137
37 138
37 141
37 142
37 146
37 148
37 149
37 150
37 151
37 152
37 153
37 154
37 158
37 161
38 40
38 42
38 45
38 48
38 49
38 50
38 51
38 54
38 55
38 58
38 61
38 63
38 65
38 66
38 68
38 70
38 71
38 72
38 73
38 74
38 75
38 79
38 80
38 81
38 82
38 83
38 84
38 85
38 86
38 88
38 89
38 90
38 92
38 93
38 94
38 97
38 98
38 100
38 101
38 103
38 104
38 108
38 109
38 111
38 112
38 114
38 115
38 116
38 118
38 120
38 125
38 130
38 131
38 133
38 134
38 137
38 138
38 139
38 141
38 142
38 143
38 145
38 146
38 147
38 148
38 151
38 152
38 153
38 154
38 157
38 161
39 40
39 51
39 53
39 54
39 55
39 56
39 58
39 59
39 62
39 63
39 64
39 65
39 66
39 67
39 68
39 74
39 75
39 77
39 79
39 84
39 87
39 88
39 89
39 92
39 94
39 97
39 98
39 100
39 105
39 107
39 118
39 125
39 127
39 129
39 133
39 138
39 143
39 145
39 147
39 154
39 157
39 158
39 159
39 160
39 161
40 41
40 42
40 44
40 45
40 46
40 47
40 48
40 49
40 51
40 52
40 53
40 54
40 55
40 56
40 57
40 58
40 59
40 61
40 62
40 63
40 64
40 65
40 66
40 67
40 69
40 71
40 72
40 73
40 74
40 77
40 79
40 81
40 86
40 87
40 88
40 89
40 90
40 91
40 92
40 93
40 94
40 95
40 97
40 99
40 100
40 101
40 102
40 103
40 104
40 107
40 108
40 109
40 110
40 112
40 113
40 114
40 115
40 117
40 118
40 119
40 127
40 129
40 131
40 133
40 134
40 136
40 137
40 138
40 139
40 141
40 142
40 146
40 147
40 148
40 152
40 153
40 154
40 157
40 160
41 43
41 70
41 79
41 84
41 86
41 90
41 105
41 106
41 109
41 113
41 114
41 122
41 129
41 131
41 133
41 136
41 137
41 142
41 147
41 150
41 151
41 152
41 158
42 45
42 49
42 54
42 63
42 67
42 68
42 69
42 70
42 73
42 75
42 79
42 80
42 81
42 84
42 86
42 87
42 88
42 89
42 90
42 92
42 94
42 95
42 96
42 97
42 98
42 99
42 100
42 101
42 106
42 108
42 109
42 112
42 114
42 115
42 117
42 126
42 129
42 130
42 131
42 133
42 134
42 136
42 137
42 139
42 143
42 147
42 148
42 152
42 153
42 154
42 155
42 157
42 158
43 46
43 48
43 49
43 50
43 59
43 62
43 63
43 64
43 65
43 67
43 69
43 70
43 74
43 75
43 79
43 85
43 86
43 88
43 92
43 94
43 96
43 97
43 100
43 101
43 102
43 112
43 114
43 115
43 116
43 117
43 118
43 126
43 127
43 131
43 133
43 134
43 135
43 137
43 140
43 141
43 142
43 143
43 145
43 146
43 149
43 150
43 151
43 152
43 153
43 154
43 155
43 157
43 158
43 160
44 45
44 49
44 50
44 52
44 54
44 55
44 56
44 62
44 64
44 65
44 66
44 67
44 68
44 69
44 70
44 71
44 72
44 73
44 74
44 75
44 80
44 81
44 88
44 89
44 90
44 91
44 92
44 93
44 97
44 98
44 101
44 102
44 103
44 104
44 105
44 106
44 107
44 108
44 109
44 111
44 113
44 114
44 115
44 118
44 119
44 125
44 126
44 127
44 129
44 131
44 134
44 137
44 138
44 139
44 142
44 144
44 146
44 147
44 151
44 154
44 155
44 156
44 160
45 46
45 47
45 48
45 49
45 50
45 51
45 53
45 54
45 55
45 56
45 57
45 58
45 61
45 64
45 65
45 66
45 67
45 68
45 69
45 70
45 71
45 72
45 74
45 75
45 76
45 77
45 80
45 82
45 83
45 84
45 85
45 86
45 87
45 89
45 91
45 94
45 97
45 98
45 101
45 102
45 103
45 104
45 105
45 107
45 110
45 112
45 113
45 114
45 115
45 116
45 117
45 118
45 122
45 125
45 127
45 129
45 131
45 133
45 135
45 137
45 138
45 141
45 145
45 146
45 147
45 148
45 150
45 151
45 153
45 154
45 155
45 158
45 159
46 58
46 62
46 63
46 65
46 67
46 68
46 70
46 71
46 72
46 73
46 74
46 75
46 79
46 80
46 84
46 86
46 88
46 93
46 96
46 101
46 103
46 105
46 106
46 108
46 114
46 116
46 117
46 119
46 123
46 126
46 128
46 134
46 135
46 137
46 138
46 139
46 140
46 141
46 143
46 145
46 146
46 148
46 150
46 151
46 152
46 154
46 155
46 156
46 158
46 160
46 161
47 50
47 51
47 54
47 55
47 56
47 58
47 62
47 67
47 74
47 75
47 80
47 89
47 91
47 97
47 99
47 100
47 101
47 106
47 112
47 115
47 125
47 129
47 142
47 161
48 49
48 55
48 59
48 67
48 68
48 69
48 70
48 71
48 72
48 73
48 74
48 75
48 79
48 82
48 83
48 86
48 88
48 90
48 91
48 100
48 101
48 103
48 106
48 108
48 110
48 115
48 117
48 118
48 128
48 131
48 133
48 134
48 137
48 142
48 146
48 147
48 154
48 158
49 51
49 52
49 54
49 55
49 56
49 57
49 59
49 61
49 62
49 63
49 64
49 65
49 66
49 67
49 68
49 69
49 70
49 71
49 72
49 75
49 76
49 77
49 79
49 80
49 82
49 84
49 85
49 86
49 87
49 93
49 94
49 96
49 100
49 101
49 102
49 103
49 105
49 106
49 107
49 108
49 110
49 112
49 113
49 114
49 115
49 117
49 118
49 120
49 123
49 124
49 125
49 126
49 129
49 131
49 132
49 133
49 134
49 135
49 136
49 137
49 138
49 142
49 143
49 146
49 147
49 148
49 149
49 150
49 151
49 152
49 153
49 154
49 157
49 158
49 159
49 161
50 51
50 54
50 59
50 62
50 63
50 65
50 67
50 72
50 75
50 76
50 77
50 78
50 84
50 86
50 87
50 90
50 92
50 93
50 94
50 97
50 98
50 105
50 106
50 109
50 111
50 113
50 115
50 117
50 118
50 125
50 126
50 128
50 129
50 131
50 132
50 133
50 134
50 135
50 136
50 137
50 139
50 141
50 142
50 144
50 146
50 151
50 152
50 154
50 155
50 157
50 158
50 159
51 52
51 53
51 54
51 56
51 58
51 61
51 63
51 64
51 65
51 66
51 67
51 68
51 70
51 72
51 73
51 74
51 75
51 76
51 77
51 79
51 80
51 82
51 83
51 85
51 86
51 88
51 89
51 90
51 91
51 96
51 99
51 100
51 101
51 102
51 103
51 104
51 105
51 108
51 110
51 112
51 113
51 114
51 115
51 116
51 117
51 118
51 122
51 125
51 127
51 129
51 131
51 132
51 133
51 136
51 137
51 138
51 139
51 141
51 142
51 143
51 145
51 146
51 147
51 149
51 151
51 154
51 156
51 157
51 158
51 161
52 54
52 56
52 62
52 63
52 64
52 65
52 67
52 68
52 69
52 70
52 71
52 74
52 76
52 77
52 79
52 80
52 83
52 84
52 86
52 95
52 99
52 101
52 104
52 105
52 106
52 112
52 113
52 114
52 118
52 124
52 125
52 126
52 130
52 131
52 134
52 139
52 140
52 142
52 146
52 147
52 150
52 151
52 152
52 153
52 154
52 159
53 54
53 56
53 58
53 60
53 63
53 64
53 67
53 69
53 72
53 73
53 77
53 82
53 83
53 86
53 88
53 92
53 95
53 96
53 102
53 103
53 106
53 107
53 109
53 111
53 112
53 113
53 114
53 115
53 129
53 133
53 134
53 137
53 142
53 152
53 156
53 157
53 158
54 56
54 59
54 61
54 62
54 63
54 64
54 66
54 67
54 68
54 69
54 70
54 71
54 72
54 74
54 75
54 76
54 77
54 82
54 83
54 84
54 85
54 86
54 87
54 89
54 90
54 91
54 93
54 94
54 95
54 98
54 99
54 100
54 101
54 102
54 104
54 105
54 107
54 108
54 109
54 110
54 112
54 113
54 114
54 115
54 117
54 118
54 125
54 126
54 128
54 129
54 131
54 132
54 133
54 134
54 137
54 138
54 139
54 140
54 141
54 143
54 144
54 145
54 146
54 147
54 151
54 152
54 154
54 155
54 157
54 158
54 159
54 160
54 161
55 56
55 61
55 63
55 64
55 68
55 69
55 72
55 75
55 76
55 79
55 80
55 81
55 82
55 84
55 85
55 86
55 87
55 89
55 91
55 97
55 98
55 101
55 106
55 109
55 114
55 120
55 122
55 124
55 125
55 129
55 131
55 132
55 133
55 134
55 135
55 136
55 137
55 140
55 143
55 145
55 146
55 147
55 149
55 150
55 151
55 153
55 154
55 157
55 158
56 65
56 68
56 70
56 72
56 73
56 74
56 75
56 77
56 79
56 82
56 83
56 87
56 89
56 90
56 92
56 93
56 99
56 101
56 102
56 103
56 105
56 106
56 108
56 110
56 111
56 112
56 113
56 114
56 115
56 118
56 127
56 129
56 130
56 131
56 134
56 136
56 137
56 138
56 140
56 142
56 143
56 145
56 146
56 147
56 148
56 149
56 151
56 152
56 155
56 157
56 159
56 160
57 65
57 69
57 70
57 73
57 77
57 78
57 79
57 80
57 82
57 87
57 94
57 96
57 98
57 108
57 109
57 115
57 118
57 131
57 135
57 148
57 151
57 155
57 157
57 158
57 159
57 161
58 60
58 62
58 63
58 64
58 68
58 69
58 70
58 71
58 72
58 73
58 74
58 76
58 77
58 79
58 82
58 83
58 87
58 88
58 89
58 91
58 93
58 94
58 95
58 97
58 98
58 100
58 101
58 102
58 105
58 106
58 107
58 109
58 111
58 114
58 115
58 116
58 117
58 121
58 125
58 129
58 133
58 134
58 135
58 136
58 137
58 138
58 139
58 141
58 142
58 145
58 147
58 150
58 151
58 153
58 157
58 158
58 160
59 60
59 63
59 64
59 70
59 74
59 75
59 76
59 79
59 84
59 88
59 89
59 92
59 94
59 95
59 104
59 105
59 111
59 113
59 114
59 115
59 116
59 117
59 129
59 130
59 131
59 137
59 138
59 141
59 145
59 150
59 153
59 154
59 157
59 158
60 65
60 69
60 79
60 83
60 93
60 101
60 104
60 106
60 109
60 113
60 118
60 128
60 131
60 135
60 137
60 138
60 142
60 147
60 152
60 153
60 154
61 66
61 67
61 68
61 72
61 74
61 76
61 77
61 79
61 84
61 86
61 93
61 97
61 100
61 101
61 102
61 103
61 105
61 106
61 107
61 108
61 112
61 113
61 115
61 116
61 118
61 125
61 129
61 131
61 133
61 134
61 137
61 140
61 141
61 142
61 145
61 146
61 147
61 151
61 152
61 154
61 159
62 63
62 66
62 71
62 79
62 85
62 86
62 101
62 106
62 107
62 108
62 109
62 111
62 112
62 114
62 117
62 121
62 125
62 128
62 130
62 131
62 136
62 139
62 142
62 146
62 147
62 148
62 154
62 158
63 65
63 66
63 67
63 68
63 70
63 71
63 72
63 73
63 74
63 75
63 76
63 79
63 81
63 83
63 84
63 85
63 87
63 88
63 94
63 96
63 97
63 100
63 101
63 108
63 109
63 110
63 111
63 112
63 113
63 114
63 117
63 125
63 126
63 127
63 130
63 131
63 133
63 134
63 135
63 137
63 138
63 139
63 142
63 144
63 145
63 146
63 147
63 149
63 150
63 151
63 152
63 153
63 155
63 157
63 159
63 160
64 65
64 66
64 67
64 68
64 69
64 70
64 71
64 73
64 74
64 75
64 77
64 78
64 79
64 80
64 83
64 86
64 88
64 89
64 90
64 91
64 92
64 94
64 97
64 98
64 99
64 100
64 101
64 102
64 104
64 105
64 106
64 107
64 108
64 109
64 111
64 112
64 113
64 114
64 115
64 116
64 117
64 118
64 121
64 122
64 124
64 125
64 126
64 127
64 129
64 131
64 132
64 133
64 134
64 136
64 137
64 138
64 141
64 142
64 146
64 147
64 150
64 151
64 152
64 154
64 156
64 157
64 158
64 159
64 161
65 66
65 67
65 68
65 70
65 71
65 72
65 73
65 74
65 76
65 77
65 79
65 80
65 82
65 83
65 84
65 85
65 88
65 89
65 91
65 93
65 94
65 97
65 98
65 99
65 100
65 101
65 102
65 103
65 104
65 106
65 108
65 109
65 110
65 111
65 112
65 113
65 114
65 116
65 117
65 118
65 125
65 126
65 131
65 132
65 133
65 134
65 136
65 137
65 138
65 141
65 142
65 145
65 146
65 147
65 149
65 150
65 151
65 152
65 153
65 158
65 159
65 160
65 161
66 67
66 68
66 69
66 70
66 71
66 72
66 73
66 74
66 75
66 76
66 80
66 81
66 82
66 86
66 87
66 92
66 93
66 94
66 97
66 100
66 104
66 106
66 108
66 109
66 110
66 113
66 114
66 115
66 116
66 117
66 118
66 121
66 122
66 124
66 125
66 126
66 129
66 130
66 131
66 136
66 137
66 139
66 142
66 147
66 150
66 151
66 152
66 153
66 154
66 155
66 157
66 158
66 159
66 160
66 161
67 68
67 69
67 71
67 72
67 73
67 74
67 77
67 79
67 80
67 84
67 85
67 86
67 87
67 88
67 89
67 91
67 93
67 94
67 95
67 97
67 98
67 99
67 102
67 103
67 105
67 108
67 109
67 111
67 113
67 114
67 115
67 117
67 118
67 123
67 125
67 127
67 129
67 130
67 131
67 132
67 133
67 134
67 135
67 136
67 137
67 138
67 139
67 142
67 143
67 145
67 149
67 150
67 151
67 152
67 154
67 155
67 157
67 159
67 161
68 69
68 70
68 72
68 73
68 74
68 75
68 77
68 79
68 80
68 84
68 85
68 86
68 88
68 89
68 90
68 93
68 94
68 96
68 97
68 101
68 104
68 105
68 106
68 109
68 111
68 113
68 114
68 115
68 117
68 118
68 120
68 125
68 126
68 128
68 129
68 131
68 133
68 134
68 137
68 138
68 140
68 142
68 143
68 145
68 146
68 147
68 148
68 149
68 151
68 152
68 153
68 154
68 155
68 157
68 159
68 160
68 161
69 70
69 74
69 76
69 77
69 79
69 80
69 81
69 84
69 89
69 91
69 93
69 94
69 95
69 99
69 100
69 102
69 107
69 110
69 111
69 112
69 113
69 114
69 115
69 116
69 117
69 118
69 121
69 125
69 129
69 133
69 134
69 135
69 136
69 138
69 139
69 141
69 142
69 147
69 153
69 155
69 157
69 158
69 160
70 71
70 72
70 73
70 74
70 75
70 77
70 83
70 84
70 85
70 86
70 87
70 89
70 90
70 91
70 92
70 94
70 95
70 96
70 97
70 98
70 99
70 100
70 101
70 105
70 106
70 107
70 108
70 109
70 111
70 112
70 113
70 114
70 115
70 116
70 117
70 118
70 121
70 122
70 124
70 125
70 126
70 129
70 130
70 131
70 133
70 135
70 136
70 137
70 138
70 140
70 141
70 142
70 143
70 144
70 145
70 146
70 148
70 150
70 151
70 152
70 153
70 154
70 155
70 157
70 161
71 74
71 75
71 76
71 77
71 79
71 80
71 84
71 87
71 88
71 89
71 91
71 95
71 97
71 99
71 100
71 101
71 102
71 103
71 106
71 108
71 109
71 110
71 111
71 114
71 115
71 116
71 122
71 124
71 125
71 126
71 127
71 129
71 130
71 131
71 137
71 138
71 139
71 142
71 145
71 147
71 150
71 152
71 154
71 157
71 158
71 160
72 73
72 74
72 75
72 79
72 80
72 82
72 83
72 84
72 85
72 87
72 92
72 93
72 94
72 95
72 99
72 100
72 101
72 102
72 103
72 104
72 105
72 106
72 107
72 108
72 110
72 112
72 113
72 114
72 115
72 117
72 118
72 120
72 121
72 122
72 128
72 131
72 134
72 136
72 137
72 138
72 139
72 140
72 141
72 145
72 146
72 147
72 148
72 149
72 151
72 153
72 154
72 155
72 157
72 158
72 159
72 161
73 74
73 77
73 78
73 79
73 80
73 82
73 83
73 84
73 85
73 87
73 92
73 94
73 95
73 96
73 97
73 98
73 101
73 103
73 105
73 106
73 107
73 109
73 110
73 111
73 112
73 113
73 114
73 115
73 117
73 118
73 119
73 125
73 127
73 129
73 131
73 133
73 134
73 136
73 137
73 138
73 139
73 140
73 141
73 142
73 143
73 144
73 146
73 148
73 150
73 151
73 152
73 153
73 154
73 155
73 158
73 160
74 77
74 80
74 82
74 85
74 86
74 88
74 89
74 91
74 92
74 93
74 94
74 96
74 97
74 98
74 100
74 101
74 102
74 103
74 105
74 106
74 107
74 108
74 109
74 110
74 112
74 113
74 114
74 115
74 116
74 117
74 120
74 123
74 125
74 128
74 129
74 130
74 132
74 133
74 134
74 135
74 137
74 141
74 142
74 145
74 146
74 147
74 149
74 150
74 151
74 152
74 154
74 155
74 157
74 158
74 159
74 160
75 79
75 81
75 86
75 87
75 89
75 92
75 94
75 97
75 100
75 101
75 102
75 105
75 110
75 112
75 114
75 115
75 117
75 118
75 119
75 126
75 128
75 131
75 138
75 142
75 146
75 147
75 149
75 151
75 152
75 153
75 154
75 157
75 160
76 77
76 80
76 91
76 93
76 95
76 97
76 102
76 103
76 106
76 107
76 109
76 111
76 114
76 117
76 120
76 121
76 130
76 137
76 138
76 142
76 143
76 145
76 146
76 147
76 150
76 153
76 154
76 157
76 158
77 78
77 79
77 81
77 82
77 83
77 88
77 89
77 92
77 96
77 98
77 99
77 101
77 102
77 103
77 104
77 106
77 112
77 113
77 114
77 115
77 116
77 118
77 119
77 120
77 125
77 128
77 129
77 130
77 132
77 133
77 134
77 135
77 138
77 140
77 141
77 142
77 143
77 144
77 145
77 146
77 148
77 149
77 150
77 151
77 152
77 153
77 154
77 158
77 160
77 161
78 89
78 107
78 109
78 123
78 137
78 140
78 146
78 155
79 80
79 81
79 83
79 84
79 86
79 88
79 89
79 91
79 93
79 94
79 97
79 98
79 99
79 102
79 103
79 104
79 105
79 106
79 107
79 108
79 109
79 110
79 111
79 112
79 113
79 114
79 115
79 117
79 118
79 124
79 126
79 127
79 128
79 129
79 130
79 131
79 132
79 133
79 134
79 135
79 136
79 137
79 138
79 141
79 145
79 146
79 147
79 149
79 150
79 151
79 152
79 153
79 154
79 157
79 158
79 159
79 160
79 161
80 82
80 86
80 91
80 95
80 99
80 106
80 108
80 109
80 110
80 112
80 113
80 114
80 118
80 124
80 129
80 130
80 131
80 133
80 134
80 136
80 137
80 139
80 143
80 145
80 146
80 147
80 150
80 151
80 154
80 156
80 158
81 89
81 90
81 97
81 101
81 114
81 117
81 126
81 129
81 131
81 134
81 138
81 139
81 142
81 143
81 146
81 151
81 155
81 158
81 160
82 88
82 99
82 100
82 105
82 106
82 107
82 108
82 109
82 110
82 112
82 115
82 121
82 125
82 129
82 131
82 132
82 133
82 138
82 139
82 140
82 142
82 148
82 157
82 159
82 160
82 161
83 89
83 93
83 96
83 101
83 106
83 108
83 111
83 113
83 115
83 117
83 120
83 125
83 127
83 128
83 129
83 130
83 132
83 133
83 136
83 137
83 138
83 139
83 141
83 142
83 144
83 147
83 151
83 152
83 158
83 160
83 161
84 87
84 89
84 94
84 95
84 96
84 97
84 98
84 100
84 101
84 102
84 103
84 105
84 106
84 108
84 109
84 112
84 113
84 114
84 115
84 117
84 118
84 121
84 124
84 125
84 127
84 131
84 133
84 134
84 135
84 136
84 137
84 138
84 139
84 142
84 145
84 147
84 148
84 150
84 151
84 152
84 153
84 155
84 157
84 158
84 159
84 160
85 93
85 94
85 96
85 97
85 99
85 101
85 102
85 105
85 107
85 108
85 109
85 110
85 112
85 114
85 115
85 117
85 127
85 129
85 131
85 134
85 136
85 139
85 141
85 145
85 151
85 153
85 157
85 158
86 87
86 90
86 93
86 96
86 97
86 98
86 100
86 105
86 111
86 113
86 114
86 116
86 117
86 118
86 125
86 126
86 129
86 130
86 131
86 133
86 134
86 137
86 138
86 139
86 141
86 146
86 147
86 148
86 152
86 154
86 157
86 158
87 89
87 91
87 93
87 94
87 95
87 101
87 102
87 103
87 104
87 105
87 107
87 109
87 111
87 113
87 114
87 116
87 118
87 120
87 121
87 127
87 130
87 131
87 133
87 134
87 135
87 137
87 138
87 139
87 142
87 146
87 149
87 152
87 154
87 156
87 158
87 159
87 160
87 161
88 90
88 92
88 93
88 94
88 95
88 102
88 106
88 108
88 110
88 113
88 115
88 116
88 117
88 118
88 126
88 129
88 131
88 133
88 135
88 137
88 138
88 142
88 145
88 147
88 148
88 159
89 90
89 94
89 95
89 98
89 99
89 101
89 102
89 103
89 104
89 105
89 108
89 109
89 110
89 112
89 114
89 117
89 118
89 125
89 128
89 129
89 130
89 131
89 132
89 133
89 134
89 136
89 137
89 139
89 140
89 141
89 144
89 146
89 147
89 150
89 151
89 152
89 153
89 154
89 157
89 158
89 161
90 91
90 97
90 99
90 106
90 112
90 113
90 115
90 117
90 118
90 119
90 128
90 134
90 138
90 142
90 144
90 147
90 151
90 161
91 95
91 100
91 101
91 106
91 108
91 109
91 111
91 112
91 113
91 115
91 117
91 122
91 124
91 128
91 129
91 134
91 137
91 140
91 141
91 145
91 146
91 147
91 150
91 151
91 152
91 154
91 160
92 95
92 99
92 102
92 103
92 104
92 107
92 108
92 109
92 113
92 114
92 115
92 116
92 122
92 123
92 126
92 127
92 128
92 131
92 137
92 141
92 147
92 151
92 154
92 161
93 97
93 101
93 103
93 105
93 107
93 110
93 113
93 114
93 116
93 117
93 121
93 125
93 126
93 127
93 128
93 129
93 134
93 135
93 137
93 138
93 146
93 150
93 152
93 156
93 157
93 158
93 160
94 96
94 101
94 102
94 105
94 106
94 107
94 110
94 111
94 112
94 113
94 114
94 115
94 116
94 117
94 118
94 121
94 125
94 126
94 129
94 131
94 132
94 135
94 136
94 137
94 138
94 139
94 141
94 145
94 146
94 147
94 150
94 152
94 153
94 154
94 157
94 160
95 98
95 99
95 101
95 106
95 108
95 111
95 113
95 115
95 116
95 117
95 118
95 126
95 127
95 128
95 129
95 132
95 133
95 134
95 136
95 137
95 141
95 142
95 147
95 152
95 155
95 158
95 160
96 97
96 100
96 102
96 108
96 109
96 114
96 116
96 118
96 124
96 129
96 130
96 131
96 133
96 134
96 137
96 138
96 145
96 146
96 147
96 151
96 152
96 157
97 98
97 99
97 102
97 106
97 108
97 110
97 112
97 113
97 114
97 115
97 116
97 117
97 118
97 120
97 121
97 127
97 129
97 130
97 134
97 135
97 136
97 138
97 139
97 141
97 143
97 146
97 147
97 148
97 149
97 150
97 151
97 152
97 153
97 157
97 158
97 159
98 101
98 106
98 108
98 112
98 114
98 115
98 121
98 125
98 129
98 130
98 133
98 137
98 139
98 145
98 146
98 147
98 149
98 150
98 152
98 154
98 156
98 157
98 158
98 160
99 101
99 103
99 106
99 107
99 109
99 111
99 112
99 113
99 117
99 122
99 125
99 128
99 129
99 133
99 141
99 142
99 146
99 152
99 153
99 161
100 101
100 103
100 108
100 111
100 113
100 114
100 117
100 119
100 121
100 125
100 134
100 135
100 145
100 146
100 147
100 151
100 153
100 158
100 161
101 102
101 103
101 106
101 108
101 109
101 112
101 113
101 114
101 115
101 117
101 120
101 122
101 123
101 124
101 126
101 129
101 130
101 131
101 132
101 133
101 134
101 135
101 139
101 142
101 143
101 146
101 147
101 148
101 149
101 150
101 151
101 152
101 154
101 155
101 157
101 158
101 160
101 161
102 103
102 104
102 105
102 106
102 108
102 112
102 113
102 114
102 115
102 116
102 117
102 118
102 121
102 125
102 126
102 128
102 129
102 133
102 137
102 138
102 139
102 140
102 141
102 142
102 144
102 147
102 148
102 149
102 150
102 152
102 154
102 155
102 158
102 159
102 160
103 105
103 106
103 108
103 111
103 115
103 122
103 128
103 130
103 134
103 135
103 136
103 137
103 138
103 142
103 146
103 148
103 150
103 151
103 154
103 157
103 158
103 160
103 161
104 107
104 110
104 111
104 113
104 115
104 129
104 132
104 133
104 134
104 135
104 138
104 139
104 140
104 142
104 143
104 144
104 146
104 147
104 149
104 152
104 153
104 154
104 158
105 107
105 108
105 109
105 110
105 111
105 112
105 113
105 114
105 115
105 117
105 118
105 120
105 122
105 125
105 126
105 127
105 129
105 131
105 136
105 137
105 138
105 139
105 142
105 151
105 153
105 154
105 155
105 157
105 161
106 108
106 109
106 111
106 113
106 114
106 115
106 116
106 117
106 118
106 124
106 125
106 126
106 128
106 129
106 130
106 131
106 133
106 134
106 136
106 138
106 139
106 141
106 142
106 145
106 146
106 147
106 149
106 151
106 152
106 153
106 154
106 156
106 157
106 159
106 160
107 110
107 111
107 113
107 115
107 118
107 125
107 126
107 127
107 131
107 133
107 134
107 135
107 137
107 138
107 141
107 142
107 143
107 147
107 150
107 152
107 153
107 154
107 157
107 158
108 109
108 110
108 111
108 112
108 113
108 114
108 115
108 118
108 123
108 124
108 125
108 126
108 128
108 129
108 130
108 131
108 132
108 133
108 134
108 136
108 137
108 138
108 139
108 141
108 142
108 143
108 145
108 146
108 147
108 149
108 150
108 151
108 152
108 154
108 155
108 157
108 159
108 161
109 110
109 111
109 114
109 115
109 116
109 117
109 124
109 125
109 126
109 128
109 129
109 130
109 133
109 134
109 135
109 137
109 138
109 139
109 140
109 144
109 145
109 147
109 149
109 150
109 151
109 153
109 154
109 160
109 161
110 113
110 115
110 118
110 128
110 129
110 131
110 134
110 135
110 138
110 139
110 145
110 147
110 151
110 152
110 153
110 155
110 157
110 158
110 160
110 161
111 112
111 113
111 114
111 117
111 125
111 129
111 134
111 138
111 139
111 147
111 149
111 150
111 151
111 153
111 159
112 113
112 114
112 118
112 122
112 125
112 126
112 129
112 131
112 133
112 134
112 137
112 138
112 141
112 142
112 143
112 146
112 151
112 154
112 157
112 158
112 160
112 161
113 115
113 116
113 117
113 118
113 119
113 125
113 126
113 129
113 131
113 134
113 135
113 136
113 137
113 138
113 140
113 141
113 142
113 143
113 144
113 145
113 146
113 147
113 148
113 149
113 150
113 152
113 153
113 154
113 155
113 157
113 158
113 159
113 160
113 161
114 117
114 118
114 124
114 125
114 127
114 129
114 130
114 131
114 133
114 134
114 137
114 138
114 139
114 142
114 144
114 146
114 147
114 149
114 150
114 151
114 152
114 153
114 154
114 156
114 157
114 158
114 161
115 116
115 119
115 122
115 125
115 129
115 131
115 133
115 135
115 136
115 137
115 138
115 139
115 145
115 146
115 147
115 148
115 150
115 151
115 152
115 154
115 157
115 159
115 160
115 161
116 117
116 118
116 125
116 131
116 132
116 133
116 134
116 135
116 136
116 137
116 138
116 149
116 150
116 152
116 153
116 154
116 155
116 156
116 157
116 158
116 160
116 161
117 118
117 119
117 120
117 121
117 123
117 124
117 126
117 127
117 129
117 130
117 131
117 132
117 133
117 134
117 135
117 136
117 137
117 138
117 139
117 142
117 143
117 144
117 145
117 146
117 148
117 149
117 150
117 151
117 153
117 154
117 156
117 161
118 119
118 122
118 127
118 129
118 130
118 131
118 133
118 137
118 138
118 139
118 141
118 142
118 145
118 146
118 147
118 148
118 149
118 150
118 151
118 152
118 154
118 155
118 156
118 157
118 158
118 159
118 160
118 161
119 129
119 133
119 139
119 142
119 144
119 147
119 150
119 160
120 129
120 134
120 142
120 159
121 125
121 130
121 134
121 135
121 141
121 147
121 149
121 150
122 127
122 134
122 135
122 138
122 147
122 152
122 153
122 154
122 156
122 159
123 127
123 134
123 136
123 137
123 139
124 125
124 129
124 131
124 135
124 137
124 148
124 152
124 157
125 126
125 128
125 129
125 132
125 133
125 134
125 136
125 137
125 138
125 141
125 142
125 144
125 145
125 146
125 147
125 150
125 151
125 152
125 154
125 158
125 161
126 128
126 130
126 131
126 133
126 135
126 137
126 138
126 139
126 141
126 142
126 143
126 144
126 145
126 146
126 149
126 151
126 153
126 154
126 157
127 135
127 139
127 145
127 153
127 154
128 129
128 130
128 131
128 141
128 150
128 152
128 154
129 130
129 131
129 132
129 133
129 134
129 136
129 138
129 140
129 141
129 147
129 148
129 150
129 151
129 152
129 153
129 154
129 155
129 157
129 158
129 159
130 131
130 134
130 135
130 139
130 142
130 143
130 148
130 152
130 153
130 155
130 158
130 161
131 132
131 135
131 136
131 137
131 138
131 139
131 140
131 142
131 144
131 146
131 147
131 149
131 150
131 151
131 152
131 154
131 156
131 157
131 158
131 159
131 160
131 161
132 135
132 137
132 138
132 147
132 150
132 153
132 157
133 134
133 135
133 137
133 138
133 139
133 141
133 142
133 143
133 147
133 148
133 150
133 151
133 152
133 153
133 155
133 157
133 158
133 159
133 161
134 135
134 137
134 138
134 139
134 142
134 143
134 145
134 146
134 148
134 149
134 150
134 152
134 153
134 154
134 157
134 158
135 136
135 137
135 142
135 147
135 149
135 154
135 160
135 161
136 137
136 138
136 139
136 143
136 150
136 151
136 152
136 154
136 155
136 159
137 138
137 139
137 141
137 142
137 146
137 147
137 148
137 149
137 150
137 151
137 153
137 154
137 155
137 157
137 158
137 159
137 160
137 161
138 140
138 141
138 142
138 143
138 145
138 146
138 148
138 150
138 152
138 153
138 154
138 158
138 159
138 160
139 141
139 142
139 145
139 146
139 147
139 152
139 153
139 154
139 157
139 158
139 161
140 142
140 150
140 154
141 142
141 145
141 147
141 150
141 152
141 154
141 157
141 158
142 145
142 146
142 147
142 149
142 151
142 153
142 154
142 156
142 159
142 161
143 144
143 145
143 147
143 148
143 149
143 152
143 153
143 154
143 156
143 157
145 149
145 151
145 152
145 154
145 155
145 158
145 161
146 151
146 152
146 154
146 155
146 157
146 158
147 148
147 149
147 151
147 153
147 155
147 156
147 157
147 158
147 159
148 149
148 150
148 151
148 152
148 158
148 159
148 161
149 151
149 154
149 156
149 158
150 151
150 152
150 153
150 154
150 157
150 158
150 161
151 152
151 154
151 157
151 161
152 153
152 154
152 157
152 158
152 159
152 160
152 161
153 154
153 155
153 157
153 158
153 159
153 160
153 161
154 158
154 159
154 160
154 161
155 159
156 158
157 158
157 159
157 161
158 160
158 161
159 161
160 161
