0 2
0 4
0 5
0 6
0 7
0 9
0 11
0 14
0 18
0 20
0 21
0 22
0 25
0 26
0 30
0 31
0 32
0 33
0 34
0 38
0 40
0 45
0 46
0 47
0 49
0 54
0 56
0 58
0 64
0 65
0 67
0 69
0 70
0 71
0 72
0 73
0 75
0 76
0 79
0 81
0 82
0 83
0 87
0 88
0 89
0 92
0 94
0 95
0 97
0 102
0 104
0 105
0 106
0 107
0 108
0 109
0 110
0 111
0 114
0 115
0 117
0 119
0 131
0 134
0 135
0 136
0 137
0 138
0 139
0 141
0 146
0 150
0 151
0 152
0 157
0 158
1 4
1 5
1 6
1 7
1 10
1 14
1 15
1 19
1 20
1 24
1 26
1 29
1 30
1 31
1 32
1 38
1 39
1 40
1 44
1 45
1 46
1 49
1 51
1 54
1 56
1 58
1 59
1 64
1 66
1 67
1 69
1 70
1 71
1 72
1 74
1 75
1 78
1 79
1 82
1 85
1 89
1 90
1 91
1 97
1 101
1 102
1 103
1 105
1 106
1 107
1 108
1 109
1 112
1 113
1 114
1 115
1 118
1 127
1 128
1 130
1 132
1 135
1 136
1 138
1 139
1 141
1 142
1 145
1 146
1 149
1 151
1 152
1 153
1 158
1 160
1 161
2 6
2 9
2 11
2 12
2 14
2 15
2 19
2 21
2 22
2 28
2 31
2 38
2 40
2 41
2 43
2 56
2 58
2 59
2 63
2 64
2 65
2 68
2 70
2 71
2 72
2 76
2 77
2 80
2 82
2 84
2 87
2 88
2 89
2 94
2 97
2 98
2 101
2 102
2 105
2 110
2 114
2 116
2 117
2 119
2 122
2 124
2 133
2 134
2 141
2 146
2 147
2 150
2 151
2 153
2 154
2 159
3 4
3 6
3 7
3 11
3 15
3 19
3 26
3 29
3 31
3 34
3 35
3 37
3 38
3 40
3 44
3 45
3 48
3 49
3 50
3 51
3 54
3 56
3 66
3 70
3 72
3 73
3 77
3 84
3 87
3 89
3 91
3 93
3 94
3 96
3 101
3 106
3 107
3 108
3 115
3 117
3 121
3 123
3 125
3 129
3 130
3 133
3 134
3 138
3 140
3 141
3 142
3 145
3 151
3 152
3 153
3 154
3 157
3 158
4 7
4 8
4 9
4 10
4 11
4 14
4 15
4 18
4 19
4 20
4 21
4 22
4 24
4 25
4 26
4 30
4 31
4 32
4 33
4 35
4 36
4 38
4 40
4 41
4 42
4 43
4 45
4 46
4 47
4 49
4 50
4 51
4 54
4 55
4 58
4 60
4 61
4 63
4 64
4 65
4 67
4 68
4 69
4 70
4 71
4 72
4 74
4 75
4 77
4 80
4 84
4 86
4 87
4 88
4 89
4 91
4 93
4 97
4 98
4 99
4 100
4 101
4 102
4 103
4 104
4 105
4 106
4 108
4 109
4 110
4 111
4 112
4 113
4 114
4 115
4 117
4 118
4 125
4 126
4 129
4 130
4 131
4 132
4 133
4 134
4 137
4 139
4 142
4 145
4 146
4 147
4 149
4 151
4 152
4 155
4 156
4 157
4 158
4 159
4 160
4 161
5 6
5 10
5 25
5 26
5 31
5 39
5 40
5 49
5 54
5 56
5 59
5 65
5 66
5 68
5 69
5 71
5 73
5 76
5 87
5 93
5 94
5 98
5 102
5 105
5 106
5 111
5 113
5 114
5 128
5 129
5 131
5 134
5 135
5 139
5 140
5 142
5 146
5 152
5 154
5 157
6 7
6 9
6 13
6 18
6 19
6 26
6 28
6 30
6 31
6 32
6 33
6 34
6 35
6 37
6 38
6 40
6 43
6 44
6 46
6 48
6 50
6 51
6 52
6 53
6 54
6 55
6 58
6 59
6 61
6 62
6 63
6 65
6 66
6 67
6 68
6 69
6 70
6 71
6 72
6 73
6 74
6 75
6 76
6 77
6 79
6 80
6 83
6 84
6 85
6 88
6 89
6 90
6 91
6 92
6 93
6 94
6 96
6 97
6 99
6 100
6 101
6 102
6 103
6 105
6 106
6 107
6 110
6 111
6 112
6 113
6 114
6 115
6 116
6 117
6 118
6 119
6 125
6 126
6 129
6 130
6 131
6 133
6 134
6 135
6 137
6 138
6 139
6 142
6 143
6 145
6 148
6 150
6 151
6 152
6 153
6 155
6 156
6 157
6 158
6 159
6 160
6 161
7 8
7 9
7 15
7 17
7 18
7 19
7 22
7 23
7 24
7 25
7 26
7 27
7 29
7 30
7 31
7 32
7 34
7 35
7 36
7 38
7 40
7 41
7 43
7 45
7 46
7 49
7 51
7 54
7 55
7 61
7 63
7 64
7 65
7 66
7 67
7 68
7 69
7 70
7 71
7 72
7 74
7 76
7 78
7 79
7 80
7 81
7 84
7 85
7 87
7 89
7 90
7 94
7 95
7 96
7 98
7 99
7 101
7 102
7 103
7 105
7 106
7 107
7 108
7 109
7 110
7 111
7 112
7 113
7 115
7 116
7 117
7 118
7 119
7 121
7 123
7 124
7 125
7 128
7 129
7 130
7 133
7 134
7 135
7 136
7 137
7 138
7 139
7 140
7 141
7 142
7 145
7 146
7 147
7 150
7 151
7 152
7 153
7 154
7 155
7 160
7 161
8 9
8 11
8 19
8 26
8 27
8 29
8 31
8 34
8 37
8 47
8 56
8 58
8 63
8 66
8 67
8 70
8 74
8 75
8 79
8 82
8 87
8 89
8 98
8 99
8 100
8 104
8 105
8 111
8 113
8 114
8 119
8 125
8 131
8 132
8 133
8 134
8 137
8 138
8 139
8 140
8 142
8 146
8 147
8 153
8 156
8 158
8 161
9 10
9 11
9 12
9 14
9 16
9 19
9 21
9 22
9 30
9 31
9 32
9 38
9 39
9 40
9 41
9 45
9 46
9 51
9 54
9 55
9 56
9 57
9 58
9 62
9 64
9 70
9 71
9 73
9 74
9 75
9 79
9 80
9 82
9 83
9 84
9 86
9 87
9 89
9 90
9 97
9 99
9 101
9 106
9 108
9 109
9 111
9 112
9 115
9 117
9 118
9 124
9 125
9 126
9 128
9 133
9 134
9 135
9 137
9 138
9 142
9 143
9 145
9 146
9 147
9 148
9 149
9 150
9 153
9 154
9 155
9 158
9 161
10 11
10 14
10 18
10 19
10 24
10 25
10 26
10 31
10 32
10 40
10 43
10 44
10 49
10 50
10 54
10 55
10 56
10 58
10 59
10 61
10 62
10 63
10 69
10 71
10 72
10 74
10 75
10 76
10 79
10 82
10 87
10 89
10 94
10 95
10 97
10 100
10 101
10 105
10 106
10 107
10 108
10 110
10 111
10 113
10 115
10 117
10 118
10 122
10 126
10 129
10 133
10 134
10 138
10 139
10 142
10 143
10 146
10 147
10 149
10 150
10 155
10 158
10 159
10 160
10 161
11 13
11 18
11 19
11 21
11 26
11 29
11 31
11 33
11 35
11 38
11 39
11 43
11 44
11 45
11 51
11 52
11 54
11 55
11 56
11 63
11 65
11 67
11 68
11 69
11 72
11 74
11 75
11 76
11 77
11 79
11 82
11 85
11 86
11 89
11 92
11 93
11 94
11 96
11 97
11 98
11 99
11 101
11 107
11 111
11 113
11 114
11 115
11 117
11 118
11 123
11 124
11 126
11 129
11 131
11 134
11 138
11 142
11 143
11 144
11 146
11 147
11 148
11 151
11 152
11 153
11 154
11 155
11 157
11 158
12 14
12 24
12 25
12 28
12 29
12 30
12 31
12 32
12 39
12 40
12 43
12 44
12 46
12 49
12 50
12 51
12 55
12 56
12 57
12 63
12 64
12 68
12 71
12 73
12 74
12 80
12 82
12 84
12 86
12 88
12 90
12 91
12 92
12 98
12 103
12 104
12 108
12 109
12 110
12 112
12 113
12 115
12 117
12 118
12 128
12 133
12 136
12 137
12 141
12 142
12 146
12 147
12 151
12 152
12 153
12 154
12 161
13 14
13 15
13 18
13 19
13 20
13 31
13 32
13 35
13 37
13 38
13 40
13 44
13 54
13 55
13 56
13 58
13 61
13 64
13 68
13 70
13 72
13 74
13 77
13 79
13 83
13 89
13 94
13 95
13 97
13 101
13 102
13 107
13 108
13 109
13 110
13 113
13 114
13 115
13 117
13 118
13 125
13 126
13 129
13 130
13 131
13 132
13 133
13 134
13 135
13 138
13 139
13 149
13 151
13 152
13 153
13 154
13 159
13 160
13 161
14 15
14 18
14 19
14 20
14 21
14 24
14 25
14 26
14 28
14 29
14 31
14 32
14 35
14 36
14 38
14 40
14 41
14 42
14 43
14 45
14 48
14 49
14 51
14 52
14 53
14 54
14 57
14 59
14 61
14 62
14 64
14 65
14 66
14 67
14 68
14 69
14 71
14 72
14 73
14 74
14 76
14 79
14 80
14 83
14 84
14 87
14 88
14 89
14 91
14 93
14 94
14 95
14 96
14 97
14 98
14 99
14 100
14 101
14 102
14 103
14 104
14 106
14 108
14 109
14 110
14 111
14 112
14 113
14 114
14 115
14 117
14 118
14 119
14 122
14 124
14 125
14 126
14 128
14 129
14 130
14 131
14 132
14 133
14 134
14 137
14 138
14 139
14 141
14 142
14 143
14 145
14 146
14 147
14 148
14 149
14 150
14 151
14 152
14 153
14 154
14 155
14 158
14 160
15 19
15 20
15 25
15 26
15 28
15 31
15 34
15 38
15 40
15 44
15 45
15 46
15 48
15 50
15 51
15 53
15 54
15 64
15 65
15 67
15 68
15 72
15 74
15 77
15 86
15 89
15 91
15 92
15 94
15 97
15 105
15 106
15 108
15 109
15 118
15 124
15 125
15 129
15 130
15 131
15 135
15 137
15 138
15 143
15 147
15 149
15 150
15 151
15 152
15 157
15 158
15 160
15 161
16 26
16 31
16 32
16 44
16 45
16 49
16 51
16 54
16 56
16 59
16 64
16 67
16 70
16 76
16 77
16 82
16 84
16 87
16 88
16 93
16 94
16 95
16 101
16 108
16 110
16 112
16 114
16 117
16 126
16 129
16 131
16 132
16 133
16 134
16 136
16 142
16 147
16 148
16 150
16 152
16 158
16 160
16 161
17 19
17 26
17 32
17 46
17 51
17 55
17 63
17 64
17 74
17 81
17 87
17 89
17 90
17 101
17 108
17 109
17 115
17 118
17 131
17 143
17 149
17 151
17 154
17 156
17 159
18 19
18 21
18 23
18 26
18 35
18 36
18 37
18 38
18 40
18 44
18 45
18 50
18 58
18 59
18 68
18 69
18 70
18 71
18 72
18 73
18 74
18 79
18 86
18 87
18 93
18 97
18 102
18 105
18 111
18 113
18 114
18 118
18 125
18 127
18 130
18 133
18 134
18 138
18 140
18 141
18 142
18 143
18 145
18 146
18 147
18 148
18 151
18 154
18 157
18 158
18 161
19 21
19 22
19 25
19 26
19 28
19 29
19 31
19 37
19 38
19 39
19 40
19 41
19 43
19 44
19 47
19 48
19 49
19 50
19 51
19 52
19 53
19 54
19 55
19 56
19 58
19 59
19 60
19 61
19 63
19 64
19 65
19 66
19 67
19 68
19 70
19 71
19 73
19 74
19 75
19 77
19 79
19 80
19 82
19 84
19 85
19 87
19 90
19 96
19 99
19 100
19 101
19 102
19 106
19 108
19 109
19 116
19 117
19 118
19 119
19 127
19 128
19 129
19 130
19 131
19 133
19 134
19 136
19 137
19 138
19 139
19 140
19 141
19 142
19 143
19 144
19 146
19 147
19 148
19 151
19 152
19 153
19 154
19 157
19 158
19 159
19 161
20 26
20 34
20 35
20 36
20 40
20 46
20 50
20 53
20 56
20 61
20 62
20 69
20 71
20 72
20 73
20 74
20 75
20 89
20 97
20 101
20 106
20 107
20 109
20 114
20 115
20 117
20 118
20 125
20 126
20 128
20 129
20 132
20 133
20 139
20 145
20 158
20 161
21 23
21 25
21 26
21 30
21 31
21 32
21 34
21 35
21 36
21 37
21 38
21 39
21 42
21 44
21 45
21 47
21 48
21 49
21 50
21 51
21 53
21 54
21 56
21 58
21 60
21 61
21 63
21 64
21 65
21 66
21 68
21 69
21 71
21 72
21 73
21 74
21 75
21 77
21 79
21 84
21 85
21 87
21 89
21 90
21 91
21 93
21 94
21 95
21 98
21 99
21 101
21 102
21 104
21 105
21 106
21 107
21 108
21 111
21 112
21 113
21 115
21 116
21 117
21 118
21 119
21 123
21 125
21 126
21 127
21 129
21 130
21 131
21 133
21 134
21 137
21 138
21 139
21 141
21 142
21 145
21 146
21 147
21 150
21 152
21 153
21 154
21 157
21 158
21 160
21 161
22 28
22 30
22 31
22 35
22 36
22 39
22 40
22 42
22 43
22 44
22 45
22 47
22 51
22 54
22 56
22 61
22 64
22 66
22 67
22 70
22 72
22 74
22 76
22 80
22 82
22 86
22 87
22 89
22 94
22 98
22 100
22 101
22 102
22 107
22 110
22 114
22 115
22 117
22 119
22 120
22 125
22 128
22 129
22 131
22 133
22 136
22 137
22 138
22 142
22 145
22 147
22 149
22 152
22 159
22 161
23 31
23 32
23 37
23 40
23 41
23 44
23 46
23 50
23 51
23 54
23 55
23 56
23 58
23 62
23 71
23 75
23 77
23 79
23 85
23 90
23 101
23 102
23 105
23 117
23 125
23 129
23 133
23 135
23 137
23 138
23 139
23 142
23 146
23 149
23 154
23 156
23 161
24 26
24 35
24 36
24 39
24 40
24 50
24 51
24 54
24 60
24 62
24 64
24 66
24 69
24 70
24 71
24 79
24 88
24 92
24 93
24 95
24 103
24 107
24 111
24 113
24 115
24 116
24 117
24 120
24 127
24 133
24 137
24 139
24 142
24 147
24 150
24 151
24 154
24 156
24 158
25 26
25 27
25 28
25 29
25 30
25 32
25 35
25 38
25 39
25 40
25 43
25 44
25 45
25 46
25 49
25 51
25 54
25 56
25 59
25 61
25 62
25 63
25 64
25 67
25 68
25 71
25 73
25 74
25 76
25 77
25 79
25 82
25 84
25 86
25 87
25 89
25 91
25 92
25 95
25 97
25 101
25 102
25 106
25 108
25 110
25 111
25 112
25 114
25 118
25 121
25 125
25 129
25 130
25 131
25 132
25 133
25 137
25 139
25 140
25 141
25 142
25 144
25 146
25 147
25 148
25 150
25 152
25 155
25 156
25 160
26 28
26 29
26 30
26 32
26 34
26 36
26 37
26 38
26 39
26 40
26 43
26 44
26 46
26 47
26 49
26 50
26 51
26 53
26 54
26 55
26 56
26 58
26 59
26 60
26 61
26 63
26 64
26 65
26 66
26 67
26 68
26 70
26 71
26 72
26 73
26 74
26 75
26 76
26 77
26 82
26 83
26 84
26 85
26 86
26 87
26 89
26 90
26 91
26 92
26 94
26 95
26 97
26 99
26 100
26 101
26 103
26 104
26 106
26 107
26 108
26 111
26 112
26 113
26 114
26 117
26 118
26 119
26 122
26 125
26 126
26 127
26 128
26 129
26 131
26 133
26 135
26 136
26 137
26 138
26 141
26 142
26 145
26 147
26 148
26 149
26 150
26 151
26 152
26 153
26 154
26 157
26 158
26 159
26 160
26 161
27 35
27 44
27 56
27 64
27 65
27 67
27 68
27 69
27 74
27 80
27 87
27 89
27 93
27 94
27 97
27 106
27 108
27 110
27 111
27 112
27 113
27 114
27 115
27 131
27 133
27 134
27 136
27 137
27 141
27 142
27 145
27 147
27 148
27 151
27 154
28 32
28 37
28 38
28 49
28 50
28 52
28 65
28 67
28 68
28 69
28 70
28 73
28 74
28 75
28 77
28 79
28 82
28 84
28 87
28 89
28 93
28 98
28 100
28 105
28 106
28 107
28 108
28 111
28 115
28 126
28 131
28 132
28 133
28 134
28 142
28 146
28 147
28 148
28 150
28 151
28 153
28 154
28 161
29 35
29 38
29 44
29 49
29 54
29 55
29 62
29 64
29 68
29 69
29 72
29 87
29 88
29 96
29 97
29 99
29 101
29 102
29 110
29 112
29 119
29 125
29 134
29 136
29 139
29 141
29 142
29 143
29 147
29 150
29 152
29 155
29 157
29 159
29 161
30 31
30 33
30 34
30 35
30 36
30 38
30 40
30 42
30 44
30 45
30 46
30 49
30 51
30 54
30 56
30 58
30 59
30 62
30 63
30 64
30 68
30 70
30 71
30 74
30 75
30 76
30 77
30 80
30 82
30 83
30 84
30 85
30 87
30 89
30 90
30 91
30 94
30 96
30 97
30 98
30 100
30 104
30 106
30 107
30 109
30 110
30 111
30 112
30 113
30 115
30 116
30 118
30 126
30 129
30 130
30 131
30 132
30 133
30 134
30 137
30 138
30 141
30 142
30 145
30 146
30 147
30 148
30 150
30 153
30 157
30 158
30 159
30 160
30 161
31 35
31 36
31 40
31 41
31 44
31 45
31 46
31 49
31 51
31 52
31 54
31 55
31 56
31 57
31 58
31 60
31 61
31 65
31 66
31 67
31 68
31 69
31 70
31 71
31 72
31 73
31 74
31 75
31 86
31 87
31 89
31 90
31 92
31 94
31 98
31 99
31 100
31 101
31 102
31 103
31 105
31 106
31 108
31 109
31 110
31 111
31 112
31 113
31 115
31 116
31 117
31 119
31 123
31 125
31 127
31 128
31 129
31 131
31 132
31 133
31 134
31 135
31 136
31 137
31 138
31 139
31 141
31 142
31 143
31 145
31 146
31 147
31 149
31 152
31 153
31 154
31 158
31 159
31 161
32 33
32 34
32 35
32 37
32 38
32 39
32 40
32 45
32 48
32 50
32 52
32 53
32 54
32 56
32 58
32 59
32 61
32 62
32 63
32 64
32 65
32 67
32 68
32 69
32 70
32 71
32 72
32 73
32 75
32 76
32 77
32 78
32 79
32 84
32 87
32 88
32 89
32 92
32 97
32 98
32 99
32 101
32 102
32 103
32 104
32 105
32 107
32 108
32 109
32 112
32 113
32 114
32 115
32 117
32 125
32 126
32 127
32 130
32 131
32 133
32 134
32 135
32 136
32 137
32 138
32 139
32 142
32 144
32 147
32 149
32 150
32 151
32 152
32 153
32 154
32 156
32 157
32 158
32 160
33 53
33 54
33 56
33 63
33 64
33 65
33 70
33 84
33 89
33 93
33 98
33 100
33 108
33 109
33 113
33 117
33 123
33 126
33 131
33 137
33 141
33 145
33 151
33 154
34 36
34 38
34 40
34 42
34 43
34 44
34 48
34 51
34 52
34 54
34 56
34 68
34 69
34 71
34 72
34 76
34 78
34 79
34 84
34 85
34 91
34 92
34 94
34 99
34 103
34 106
34 107
34 112
34 114
34 117
34 119
34 120
34 125
34 126
34 130
34 131
34 133
34 134
34 138
34 142
34 147
34 150
34 151
34 154
34 155
34 157
34 158
34 159
35 38
35 39
35 40
35 43
35 44
35 45
35 48
35 53
35 54
35 56
35 63
35 65
35 66
35 68
35 69
35 71
35 73
35 74
35 75
35 79
35 85
35 88
35 89
35 91
35 92
35 94
35 95
35 98
35 100
35 101
35 104
35 105
35 107
35 110
35 114
35 115
35 116
35 117
35 121
35 125
35 127
35 129
35 130
35 131
35 133
35 134
35 136
35 137
35 139
35 142
35 148
35 152
35 153
35 154
35 158
35 159
36 37
36 38
36 41
36 44
36 45
36 46
36 47
36 49
36 50
36 52
36 55
36 56
36 59
36 62
36 64
36 66
36 67
36 68
36 70
36 71
36 72
36 73
36 75
36 76
36 77
36 80
36 86
36 87
36 88
36 89
36 90
36 91
36 94
36 96
36 98
36 100
36 106
36 107
36 111
36 113
36 115
36 116
36 117
36 118
36 121
36 124
36 130
36 131
36 133
36 134
36 137
36 138
36 139
36 140
36 141
36 145
36 147
36 150
36 151
36 152
36 154
36 156
36 158
36 159
36 160
37 38
37 39
37 40
37 41
37 42
37 43
37 44
37 48
37 49
37 55
37 56
37 61
37 63
37 64
37 68
37 70
37 71
37 75
37 81
37 87
37 89
37 91
37 93
37 94
37 98
37 100
37 101
37 102
37 103
37 109
37 112
37 113
37 114
37 117
37 118
37 120
37 121
37 122
37 126
37 129
37 130
37 131
37 134
37 136
37 137
37 140
37 141
37 142
37 143
37 146
37 150
37 151
37 152
37 160
37 161
38 39
38 42
38 45
38 46
38 47
38 48
38 49
38 50
38 51
38 52
38 56
38 58
38 59
38 60
38 63
38 64
38 66
38 68
38 70
38 72
38 73
38 75
38 79
38 80
38 81
38 82
38 84
38 87
38 88
38 89
38 90
38 91
38 94
38 96
38 97
38 100
38 101
38 103
38 104
38 105
38 109
38 111
38 112
38 114
38 115
38 117
38 118
38 119
38 122
38 123
38 124
38 125
38 126
38 127
38 128
38 129
38 130
38 131
38 133
38 134
38 137
38 138
38 141
38 142
38 145
38 147
38 150
38 151
38 152
38 153
38 154
38 156
38 158
38 159
38 160
39 41
39 42
39 45
39 48
39 49
39 50
39 55
39 56
39 59
39 61
39 62
39 64
39 65
39 66
39 69
39 70
39 73
39 74
39 75
39 79
39 83
39 84
39 91
39 93
39 96
39 98
39 102
39 105
39 106
39 107
39 108
39 109
39 114
39 115
39 117
39 121
39 124
39 125
39 129
39 131
39 133
39 135
39 136
39 138
39 145
39 146
39 149
39 152
39 155
39 156
39 160
39 161
40 42
40 45
40 46
40 47
40 52
40 53
40 54
40 55
40 56
40 57
40 58
40 63
40 64
40 65
40 67
40 68
40 69
40 70
40 71
40 72
40 73
40 74
40 75
40 76
40 77
40 80
40 81
40 82
40 84
40 85
40 87
40 88
40 92
40 93
40 94
40 96
40 97
40 98
40 101
40 102
40 103
40 105
40 106
40 107
40 109
40 112
40 114
40 115
40 117
40 123
40 124
40 127
40 128
40 129
40 131
40 133
40 134
40 135
40 137
40 138
40 139
40 140
40 141
40 142
40 145
40 146
40 148
40 150
40 151
40 152
40 153
40 154
40 157
40 159
40 161
41 44
41 50
41 51
41 56
41 58
41 64
41 68
41 72
41 75
41 77
41 82
41 84
41 88
41 91
41 97
41 98
41 101
41 105
41 107
41 115
41 118
41 125
41 128
41 129
41 131
41 134
41 136
41 142
41 145
41 146
41 149
41 152
41 153
41 159
42 44
42 45
42 46
42 50
42 51
42 55
42 56
42 58
42 66
42 67
42 69
42 70
42 73
42 74
42 75
42 78
42 79
42 80
42 84
42 86
42 89
42 94
42 98
42 99
42 102
42 103
42 105
42 106
42 107
42 109
42 110
42 114
42 115
42 125
42 126
42 128
42 134
42 139
42 150
42 151
42 152
42 157
42 160
42 161
43 44
43 45
43 46
43 49
43 50
43 51
43 52
43 53
43 54
43 56
43 57
43 58
43 59
43 61
43 64
43 65
43 66
43 67
43 69
43 71
43 72
43 73
43 74
43 76
43 77
43 79
43 80
43 84
43 87
43 89
43 90
43 94
43 97
43 98
43 99
43 100
43 102
43 106
43 107
43 108
43 112
43 113
43 114
43 115
43 116
43 118
43 119
43 123
43 125
43 130
43 131
43 132
43 133
43 134
43 136
43 137
43 142
43 144
43 145
43 146
43 149
43 151
43 152
43 155
43 157
43 158
44 45
44 49
44 50
44 58
44 61
44 62
44 63
44 64
44 66
44 67
44 68
44 69
44 70
44 73
44 74
44 77
44 78
44 79
44 83
44 84
44 85
44 86
44 87
44 93
44 94
44 95
44 98
44 99
44 101
44 103
44 105
44 106
44 109
44 110
44 113
44 116
44 117
44 125
44 127
44 129
44 130
44 131
44 134
44 135
44 136
44 137
44 138
44 139
44 140
44 142
44 143
44 144
44 145
44 146
44 147
44 150
44 151
44 152
44 154
44 157
44 158
44 159
44 160
45 46
45 49
45 50
45 51
45 55
45 56
45 57
45 58
45 59
45 64
45 65
45 66
45 67
45 68
45 69
45 70
45 71
45 72
45 75
45 76
45 77
45 78
45 79
45 80
45 84
45 85
45 87
45 88
45 89
45 94
45 96
45 97
45 98
45 99
45 101
45 102
45 103
45 105
45 106
45 107
45 108
45 109
45 111
45 112
45 113
45 114
45 115
45 117
45 118
45 120
45 124
45 125
45 126
45 129
45 130
45 131
45 134
45 135
45 138
45 139
45 141
45 142
45 143
45 145
45 147
45 148
45 149
45 151
45 152
45 153
45 154
45 156
45 157
45 158
45 160
46 49
46 50
46 51
46 54
46 55
46 58
46 59
46 63
46 67
46 70
46 71
46 72
46 74
46 77
46 79
46 80
46 84
46 87
46 93
46 94
46 95
46 97
46 101
46 106
46 107
46 108
46 109
46 114
46 115
46 116
46 118
46 122
46 125
46 131
46 133
46 137
46 138
46 146
46 147
46 149
46 153
46 158
46 160
46 161
47 57
47 61
47 63
47 64
47 66
47 67
47 70
47 71
47 73
47 75
47 77
47 79
47 98
47 101
47 103
47 104
47 106
47 125
47 133
47 137
47 142
47 147
47 151
47 152
47 153
47 154
47 155
47 161
48 49
48 54
48 61
48 63
48 64
48 66
48 67
48 68
48 69
48 72
48 73
48 74
48 75
48 82
48 87
48 89
48 97
48 98
48 105
48 106
48 107
48 108
48 112
48 114
48 115
48 145
48 149
48 150
48 154
49 50
49 51
49 52
49 53
49 56
49 58
49 59
49 60
49 62
49 64
49 65
49 66
49 67
49 68
49 69
49 70
49 71
49 73
49 76
49 77
49 79
49 81
49 82
49 84
49 87
49 89
49 91
49 93
49 95
49 97
49 99
49 100
49 101
49 102
49 104
49 105
49 106
49 107
49 109
49 111
49 112
49 113
49 114
49 115
49 116
49 117
49 118
49 125
49 127
49 131
49 132
49 133
49 134
49 135
49 136
49 137
49 138
49 142
49 143
49 144
49 146
49 147
49 151
49 152
49 153
49 157
49 158
49 159
49 160
50 51
50 52
50 54
50 56
50 58
50 59
50 65
50 66
50 67
50 68
50 69
50 70
50 72
50 77
50 79
50 80
50 81
50 82
50 83
50 86
50 90
50 92
50 93
50 96
50 97
50 98
50 99
50 100
50 104
50 105
50 106
50 107
50 108
50 109
50 111
50 115
50 116
50 117
50 118
50 119
50 125
50 126
50 135
50 137
50 138
50 139
50 141
50 142
50 145
50 151
50 153
50 154
50 155
50 158
50 160
51 52
51 55
51 58
51 59
51 60
51 62
51 63
51 65
51 67
51 68
51 69
51 70
51 72
51 74
51 75
51 76
51 77
51 78
51 79
51 80
51 81
51 82
51 84
51 85
51 86
51 87
51 88
51 89
51 90
51 92
51 93
51 97
51 99
51 101
51 103
51 104
51 105
51 107
51 109
51 110
51 111
51 112
51 113
51 114
51 115
51 116
51 117
51 118
51 119
51 121
51 122
51 124
51 127
51 128
51 129
51 130
51 132
51 134
51 135
51 136
51 137
51 138
51 139
51 140
51 141
51 142
51 145
51 146
51 150
51 151
51 152
51 153
51 154
51 155
51 157
51 160
51 161
52 56
52 59
52 65
52 66
52 67
52 68
52 70
52 74
52 76
52 80
52 81
52 82
52 85
52 86
52 87
52 89
52 90
52 94
52 98
52 101
52 102
52 104
52 105
52 111
52 112
52 117
52 118
52 119
52 125
52 128
52 130
52 131
52 133
52 135
52 138
52 139
52 140
52 141
52 142
52 143
52 147
52 154
52 155
52 157
52 158
52 159
52 160
52 161
53 55
53 58
53 65
53 67
53 72
53 73
53 79
53 84
53 85
53 88
53 89
53 94
53 95
53 98
53 102
53 110
53 111
53 114
53 129
53 134
53 137
53 141
53 146
53 147
53 149
53 150
53 152
53 154
53 157
53 159
54 55
54 56
54 57
54 58
54 59
54 61
54 63
54 64
54 65
54 66
54 67
54 68
54 69
54 70
54 71
54 72
54 73
54 75
54 79
54 84
54 88
54 89
54 91
54 92
54 93
54 94
54 95
54 96
54 97
54 98
54 99
54 101
54 102
54 103
54 105
54 106
54 108
54 109
54 113
54 114
54 115
54 116
54 117
54 120
54 122
54 123
54 125
54 126
54 129
54 130
54 131
54 132
54 133
54 135
54 136
54 137
54 138
54 143
54 145
54 146
54 147
54 149
54 151
54 152
54 154
54 155
54 158
54 159
54 161
55 56
55 58
55 59
55 62
55 63
55 64
55 65
55 66
55 68
55 69
55 70
55 73
55 75
55 79
55 80
55 87
55 94
55 102
55 105
55 106
55 107
55 108
55 109
55 110
55 111
55 113
55 114
55 115
55 116
55 117
55 118
55 123
55 125
55 126
55 130
55 131
55 133
55 136
55 138
55 139
55 140
55 143
55 144
55 148
55 151
55 152
55 153
55 154
55 155
55 159
56 58
56 59
56 63
56 64
56 65
56 66
56 67
56 68
56 69
56 70
56 71
56 72
56 73
56 74
56 75
56 79
56 82
56 83
56 84
56 89
56 93
56 97
56 98
56 100
56 101
56 102
56 104
56 105
56 106
56 107
56 108
56 109
56 110
56 112
56 114
56 115
56 116
56 117
56 120
56 127
56 128
56 129
56 131
56 133
56 135
56 137
56 138
56 140
56 141
56 142
56 143
56 145
56 146
56 152
56 157
56 159
56 160
56 161
57 58
57 63
57 67
57 68
57 69
57 70
57 72
57 73
57 74
57 75
57 79
57 80
57 84
57 92
57 93
57 97
57 98
57 99
57 101
57 102
57 103
57 106
57 108
57 113
57 116
57 125
57 129
57 133
57 137
57 142
57 143
57 146
57 151
57 152
57 154
57 161
58 59
58 61
58 64
58 67
58 68
58 72
58 74
58 75
58 77
58 80
58 82
58 84
58 86
58 87
58 88
58 89
58 91
58 94
58 95
58 100
58 102
58 103
58 104
58 105
58 106
58 107
58 108
58 110
58 111
58 112
58 113
58 114
58 116
58 117
58 118
58 119
58 120
58 121
58 122
58 124
58 126
58 127
58 129
58 130
58 131
58 132
58 133
58 134
58 135
58 137
58 138
58 139
58 141
58 142
58 143
58 146
58 148
58 149
58 150
58 151
58 154
58 155
58 157
58 160
59 62
59 65
59 67
59 68
59 69
59 72
59 74
59 75
59 79
59 82
59 83
59 84
59 85
59 89
59 92
59 93
59 94
59 97
59 99
59 108
59 110
59 111
59 112
59 113
59 114
59 115
59 118
59 121
59 129
59 130
59 132
59 134
59 136
59 138
59 139
59 141
59 144
59 145
59 147
59 151
59 152
59 154
59 157
59 158
59 160
60 64
60 70
60 71
60 72
60 74
60 82
60 89
60 93
60 101
60 108
60 114
60 119
60 133
60 137
60 146
60 147
60 149
60 152
60 157
60 161
61 64
61 70
61 72
61 73
61 74
61 75
61 79
61 84
61 86
61 92
61 93
61 97
61 98
61 101
61 106
61 108
61 109
61 112
61 113
61 117
61 118
61 119
61 125
61 130
61 131
61 133
61 137
61 141
61 142
61 145
61 146
61 147
61 153
61 157
61 158
61 161
62 67
62 68
62 72
62 74
62 75
62 79
62 80
62 82
62 86
62 93
62 97
62 101
62 104
62 105
62 107
62 108
62 110
62 114
62 115
62 118
62 122
62 128
62 129
62 130
62 134
62 136
62 138
62 139
62 140
62 141
62 146
62 153
62 158
62 159
62 161
63 64
63 70
63 71
63 72
63 73
63 75
63 77
63 80
63 84
63 85
63 91
63 92
63 94
63 95
63 98
63 99
63 102
63 103
63 104
63 106
63 107
63 108
63 112
63 114
63 115
63 117
63 118
63 122
63 126
63 127
63 129
63 131
63 133
63 134
63 135
63 137
63 139
63 141
63 146
63 147
63 148
63 149
63 152
63 154
63 158
63 160
63 161
64 65
64 66
64 67
64 68
64 69
64 70
64 71
64 72
64 73
64 74
64 75
64 76
64 77
64 79
64 80
64 81
64 82
64 84
64 86
64 87
64 88
64 89
64 91
64 93
64 94
64 95
64 99
64 100
64 101
64 102
64 105
64 106
64 107
64 108
64 109
64 110
64 111
64 112
64 113
64 114
64 115
64 116
64 117
64 118
64 122
64 128
64 129
64 130
64 131
64 133
64 134
64 135
64 137
64 138
64 141
64 142
64 143
64 144
64 146
64 150
64 152
64 153
64 154
64 156
64 157
64 158
64 161
65 66
65 68
65 69
65 70
65 72
65 73
65 74
65 80
65 82
65 84
65 85
65 91
65 92
65 95
65 96
65 97
65 99
65 101
65 103
65 104
65 106
65 107
65 108
65 109
65 111
65 112
65 113
65 114
65 115
65 117
65 119
65 126
65 127
65 129
65 130
65 131
65 133
65 134
65 136
65 137
65 138
65 139
65 141
65 142
65 146
65 147
65 150
65 151
65 152
65 154
65 156
65 158
65 160
65 161
66 67
66 68
66 70
66 72
66 80
66 81
66 82
66 84
66 86
66 87
66 88
66 89
66 93
66 94
66 100
66 101
66 102
66 103
66 104
66 105
66 106
66 107
66 108
66 109
66 111
66 113
66 114
66 116
66 117
66 118
66 124
66 125
66 126
66 130
66 131
66 133
66 135
66 137
66 138
66 139
66 140
66 142
66 146
66 147
66 150
66 154
66 156
66 158
67 68
67 69
67 71
67 72
67 73
67 74
67 75
67 76
67 77
67 79
67 82
67 84
67 85
67 87
67 88
67 89
67 91
67 95
67 101
67 103
67 105
67 106
67 107
67 108
67 109
67 111
67 113
67 114
67 115
67 116
67 117
67 118
67 119
67 121
67 124
67 125
67 128
67 130
67 131
67 133
67 134
67 135
67 136
67 137
67 138
67 139
67 141
67 142
67 143
67 145
67 146
67 147
67 150
67 151
67 152
67 153
67 154
67 155
67 156
67 158
67 160
67 161
68 70
68 72
68 75
68 76
68 77
68 79
68 80
68 81
68 82
68 84
68 86
68 87
68 88
68 89
68 91
68 92
68 93
68 97
68 98
68 99
68 100
68 102
68 105
68 106
68 108
68 111
68 112
68 113
68 114
68 115
68 117
68 118
68 125
68 126
68 127
68 129
68 130
68 131
68 132
68 134
68 135
68 137
68 138
68 139
68 141
68 142
68 143
68 145
68 146
68 147
68 148
68 149
68 150
68 151
68 152
68 153
68 154
68 155
68 156
68 158
68 159
68 161
69 71
69 72
69 73
69 74
69 76
69 77
69 79
69 81
69 82
69 83
69 84
69 87
69 88
69 89
69 93
69 94
69 95
69 98
69 101
69 105
69 106
69 107
69 108
69 109
69 110
69 112
69 113
69 114
69 115
69 117
69 118
69 119
69 120
69 122
69 125
69 126
69 129
69 130
69 131
69 133
69 134
69 137
69 138
69 139
69 140
69 141
69 142
69 143
69 145
69 146
69 147
69 148
69 149
69 150
69 152
69 153
69 154
69 156
69 157
69 158
69 160
69 161
70 71
70 72
70 73
70 74
70 75
70 77
70 78
70 79
70 84
70 86
70 87
70 89
70 90
70 91
70 92
70 93
70 95
70 96
70 97
70 98
70 101
70 103
70 106
70 107
70 108
70 109
70 111
70 112
70 113
70 114
70 117
70 118
70 120
70 121
70 122
70 124
70 125
70 126
70 129
70 130
70 131
70 134
70 138
70 139
70 140
70 141
70 142
70 145
70 147
70 148
70 151
70 153
70 154
70 155
70 156
70 157
70 158
70 160
70 161
71 72
71 73
71 74
71 75
71 77
71 79
71 80
71 81
71 84
71 85
71 87
71 93
71 94
71 95
71 97
71 100
71 101
71 103
71 106
71 107
71 110
71 112
71 113
71 114
71 115
71 118
71 119
71 125
71 127
71 129
71 131
71 133
71 134
71 136
71 138
71 140
71 145
71 147
71 148
71 149
71 150
71 151
71 152
71 154
71 156
71 157
71 158
71 160
72 73
72 75
72 77
72 78
72 80
72 86
72 89
72 90
72 91
72 92
72 93
72 94
72 95
72 97
72 100
72 101
72 102
72 103
72 104
72 105
72 106
72 107
72 108
72 109
72 110
72 114
72 115
72 118
72 121
72 122
72 125
72 128
72 129
72 130
72 131
72 132
72 133
72 134
72 135
72 136
72 137
72 139
72 140
72 141
72 142
72 146
72 147
72 149
72 150
72 152
72 155
72 156
72 157
72 158
72 159
72 160
72 161
73 74
73 75
73 76
73 77
73 79
73 80
73 82
73 83
73 84
73 89
73 93
73 94
73 95
73 96
73 97
73 98
73 99
73 101
73 102
73 103
73 104
73 105
73 108
73 109
73 111
73 112
73 113
73 114
73 115
73 117
73 120
73 122
73 123
73 124
73 129
73 133
73 134
73 139
73 142
73 143
73 146
73 147
73 150
73 151
73 153
73 157
73 160
73 161
74 75
74 76
74 77
74 78
74 79
74 80
74 81
74 82
74 86
74 88
74 89
74 92
74 94
74 95
74 99
74 101
74 106
74 107
74 109
74 112
74 113
74 114
74 116
74 117
74 118
74 119
74 120
74 122
74 123
74 125
74 126
74 127
74 129
74 130
74 131
74 133
74 134
74 135
74 137
74 138
74 139
74 142
74 143
74 145
74 146
74 147
74 148
74 149
74 150
74 151
74 152
74 153
74 154
74 155
74 156
74 157
74 161
75 77
75 78
75 80
75 86
75 88
75 91
75 96
75 97
75 99
75 101
75 102
75 104
75 105
75 108
75 109
75 110
75 112
75 113
75 114
75 118
75 119
75 121
75 125
75 127
75 129
75 131
75 132
75 133
75 134
75 135
75 137
75 138
75 142
75 145
75 147
75 153
75 154
75 155
75 157
75 161
76 82
76 84
76 88
76 89
76 91
76 102
76 106
76 109
76 112
76 115
76 118
76 121
76 126
76 129
76 131
76 133
76 134
76 137
76 138
76 139
76 142
76 143
76 146
76 149
76 154
76 155
76 156
76 160
77 79
77 81
77 84
77 85
77 87
77 88
77 91
77 92
77 93
77 94
77 97
77 98
77 100
77 101
77 102
77 105
77 106
77 107
77 108
77 109
77 111
77 113
77 115
77 116
77 117
77 118
77 120
77 122
77 123
77 125
77 126
77 127
77 128
77 129
77 131
77 133
77 134
77 136
77 137
77 138
77 140
77 147
77 148
77 149
77 150
77 152
77 153
77 154
77 155
77 157
77 158
77 161
78 79
78 87
78 93
78 105
78 106
78 111
78 114
78 118
78 129
78 131
78 145
78 151
78 154
79 82
79 83
79 84
79 85
79 86
79 88
79 89
79 92
79 93
79 96
79 97
79 98
79 99
79 100
79 101
79 105
79 106
79 107
79 108
79 109
79 112
79 114
79 116
79 118
79 119
79 121
79 123
79 125
79 128
79 129
79 130
79 131
79 133
79 134
79 136
79 137
79 138
79 139
79 141
79 142
79 143
79 146
79 147
79 148
79 150
79 151
79 152
79 153
79 155
79 157
79 158
79 159
79 160
80 82
80 83
80 86
80 87
80 92
80 93
80 97
80 100
80 101
80 102
80 105
80 106
80 108
80 109
80 110
80 112
80 117
80 125
80 128
80 129
80 130
80 131
80 132
80 134
80 138
80 139
80 142
80 145
80 146
80 147
80 149
80 150
80 153
80 154
80 158
80 159
81 91
81 95
81 99
81 101
81 102
81 105
81 106
81 114
81 115
81 120
81 131
81 134
81 147
81 149
81 150
81 152
81 154
81 157
82 84
82 89
82 94
82 97
82 98
82 101
82 102
82 107
82 108
82 111
82 112
82 115
82 116
82 119
82 122
82 125
82 132
82 138
82 147
82 152
82 156
82 159
82 160
83 87
83 101
83 102
83 106
83 108
83 112
83 113
83 114
83 115
83 118
83 124
83 125
83 126
83 130
83 131
83 133
83 134
83 137
83 139
83 145
83 146
83 147
83 150
83 151
83 154
83 159
83 160
84 85
84 89
84 90
84 91
84 92
84 93
84 94
84 95
84 97
84 100
84 101
84 102
84 103
84 104
84 105
84 106
84 107
84 108
84 109
84 112
84 113
84 114
84 115
84 116
84 117
84 118
84 120
84 122
84 123
84 125
84 126
84 129
84 131
84 133
84 134
84 136
84 138
84 141
84 142
84 143
84 145
84 146
84 147
84 149
84 150
84 151
84 152
84 153
84 154
84 157
84 158
84 159
84 160
84 161
85 86
85 89
85 93
85 97
85 101
85 105
85 109
85 110
85 111
85 112
85 114
85 115
85 118
85 120
85 127
85 129
85 130
85 134
85 135
85 136
85 138
85 140
85 142
85 145
85 146
85 151
85 152
85 157
85 161
86 87
86 88
86 94
86 96
86 97
86 101
86 104
86 106
86 107
86 113
86 117
86 118
86 128
86 129
86 131
86 135
86 137
86 140
86 143
86 149
86 151
86 152
86 153
86 154
86 158
86 161
87 88
87 94
87 101
87 103
87 105
87 106
87 107
87 108
87 110
87 113
87 115
87 117
87 118
87 119
87 120
87 124
87 129
87 130
87 131
87 133
87 134
87 137
87 138
87 139
87 141
87 142
87 143
87 145
87 147
87 149
87 150
87 154
87 158
88 94
88 98
88 101
88 102
88 104
88 105
88 106
88 108
88 111
88 113
88 114
88 115
88 117
88 122
88 128
88 129
88 130
88 133
88 136
88 137
88 141
88 142
88 143
88 145
88 148
88 150
88 152
88 154
88 157
89 90
89 92
89 93
89 94
89 97
89 101
89 102
89 103
89 106
89 107
89 108
89 110
89 111
89 112
89 113
89 114
89 115
89 116
89 117
89 120
89 121
89 122
89 124
89 125
89 126
89 127
89 129
89 130
89 131
89 134
89 137
89 139
89 142
89 143
89 144
89 145
89 147
89 149
89 152
89 153
89 154
89 155
89 157
89 161
90 95
90 98
90 101
90 102
90 103
90 107
90 109
90 111
90 112
90 115
90 125
90 129
90 134
90 138
90 147
90 151
90 154
90 157
90 158
90 160
91 93
91 96
91 98
91 101
91 103
91 106
91 108
91 110
91 112
91 114
91 116
91 117
91 118
91 119
91 125
91 127
91 128
91 129
91 130
91 131
91 133
91 134
91 138
91 145
91 146
91 147
91 148
91 152
91 159
92 99
92 102
92 103
92 105
92 106
92 107
92 108
92 110
92 114
92 115
92 117
92 124
92 125
92 126
92 129
92 131
92 137
92 139
92 145
92 147
92 151
92 152
92 153
92 157
92 158
92 159
93 94
93 95
93 98
93 100
93 102
93 108
93 109
93 113
93 114
93 116
93 118
93 125
93 126
93 129
93 130
93 131
93 133
93 135
93 136
93 137
93 140
93 141
93 142
93 144
93 147
93 149
93 151
93 152
93 154
93 157
93 159
94 96
94 97
94 101
94 102
94 106
94 107
94 108
94 110
94 112
94 113
94 114
94 115
94 116
94 117
94 118
94 119
94 123
94 124
94 128
94 129
94 134
94 137
94 139
94 140
94 141
94 142
94 143
94 145
94 147
94 148
94 149
94 150
94 151
94 152
94 154
94 158
94 159
94 160
94 161
95 97
95 99
95 101
95 106
95 109
95 113
95 114
95 117
95 118
95 119
95 131
95 132
95 133
95 134
95 137
95 138
95 152
95 154
96 97
96 103
96 108
96 112
96 113
96 114
96 117
96 125
96 130
96 131
96 134
96 135
96 141
96 150
96 153
96 154
96 155
96 161
97 99
97 102
97 104
97 105
97 106
97 107
97 109
97 110
97 112
97 113
97 114
97 115
97 117
97 118
97 125
97 128
97 131
97 132
97 135
97 136
97 138
97 139
97 140
97 142
97 145
97 146
97 147
97 150
97 152
97 154
97 156
97 158
97 161
98 99
98 102
98 106
98 108
98 110
98 111
98 112
98 114
98 119
98 126
98 129
98 133
98 134
98 137
98 138
98 145
98 149
98 152
98 158
98 161
99 101
99 102
99 103
99 106
99 107
99 108
99 110
99 114
99 116
99 117
99 118
99 122
99 126
99 137
99 138
99 142
99 145
99 149
99 150
99 152
99 153
99 160
100 104
100 108
100 109
100 114
100 115
100 118
100 119
100 125
100 127
100 128
100 129
100 131
100 133
100 134
100 137
100 138
100 139
100 141
100 142
100 143
100 147
100 148
100 150
100 152
100 153
100 155
100 156
100 158
100 160
101 103
101 104
101 105
101 106
101 107
101 108
101 109
101 110
101 112
101 113
101 114
101 115
101 116
101 117
101 118
101 119
101 120
101 125
101 127
101 128
101 129
101 131
101 133
101 134
101 135
101 136
101 137
101 138
101 139
101 141
101 142
101 143
101 145
101 146
101 147
101 149
101 150
101 151
101 152
101 153
101 154
101 156
101 157
101 158
101 159
101 160
101 161
102 105
102 106
102 108
102 110
102 112
102 113
102 115
102 118
102 119
102 125
102 126
102 127
102 129
102 130
102 131
102 132
102 133
102 134
102 136
102 139
102 140
102 141
102 142
102 145
102 146
102 149
102 150
102 151
102 152
102 153
102 154
102 156
102 157
102 158
102 159
103 106
103 112
103 114
103 115
103 118
103 125
103 126
103 128
103 129
103 131
103 137
103 138
103 139
103 146
103 151
103 152
103 154
103 157
104 106
104 110
104 112
104 114
104 115
104 117
104 122
104 125
104 131
104 133
104 134
104 137
104 138
104 143
104 144
104 152
104 153
104 154
104 158
104 159
105 106
105 107
105 109
105 111
105 117
105 118
105 119
105 120
105 127
105 128
105 129
105 131
105 133
105 134
105 135
105 137
105 138
105 141
105 146
105 151
105 152
105 153
105 155
105 158
105 160
105 161
106 107
106 108
106 109
106 110
106 112
106 113
106 114
106 115
106 116
106 118
106 120
106 121
106 123
106 125
106 126
106 128
106 129
106 130
106 132
106 133
106 134
106 135
106 136
106 137
106 138
106 140
106 142
106 143
106 144
106 146
106 147
106 150
106 152
106 153
106 154
106 155
106 157
106 158
106 159
106 161
107 109
107 112
107 117
107 123
107 124
107 125
107 126
107 128
107 129
107 130
107 131
107 134
107 138
107 141
107 145
107 146
107 147
107 148
107 153
107 154
107 157
107 158
107 159
108 109
108 111
108 112
108 113
108 114
108 115
108 117
108 118
108 125
108 126
108 129
108 130
108 131
108 133
108 134
108 135
108 137
108 138
108 139
108 141
108 142
108 143
108 145
108 146
108 147
108 149
108 150
108 151
108 152
108 153
108 154
108 157
108 160
108 161
109 110
109 111
109 113
109 114
109 116
109 117
109 118
109 119
109 121
109 123
109 125
109 126
109 128
109 129
109 131
109 135
109 136
109 137
109 138
109 142
109 143
109 146
109 147
109 150
109 151
109 155
109 157
110 113
110 114
110 115
110 118
110 127
110 128
110 129
110 131
110 132
110 134
110 137
110 138
110 142
110 147
110 154
110 156
110 157
110 158
111 113
111 114
111 118
111 124
111 125
111 127
111 129
111 130
111 131
111 134
111 135
111 136
111 138
111 142
111 146
111 147
111 149
111 152
111 158
111 161
112 114
112 115
112 117
112 119
112 122
112 125
112 126
112 129
112 131
112 132
112 134
112 137
112 139
112 142
112 147
112 152
112 153
112 154
112 155
112 156
112 157
112 158
112 159
112 160
113 115
113 116
113 117
113 118
113 125
113 126
113 127
113 131
113 133
113 134
113 135
113 136
113 137
113 140
113 142
113 145
113 146
113 147
113 150
113 151
113 152
113 153
113 154
113 155
113 157
113 158
114 116
114 117
114 118
114 119
114 121
114 123
114 125
114 126
114 128
114 129
114 130
114 132
114 133
114 134
114 135
114 137
114 139
114 141
114 142
114 147
114 148
114 149
114 150
114 151
114 155
114 157
114 161
115 116
115 117
115 118
115 122
115 123
115 125
115 126
115 128
115 129
115 131
115 132
115 133
115 134
115 135
115 137
115 138
115 139
115 142
115 146
115 147
115 148
115 149
115 150
115 152
115 153
115 154
115 155
115 157
115 158
115 159
115 160
115 161
116 117
116 118
116 125
116 129
116 133
116 134
116 135
116 136
116 137
116 138
116 139
116 140
116 142
116 145
116 146
116 147
116 152
116 161
117 118
117 122
117 125
117 126
117 129
117 130
117 131
117 132
117 133
117 135
117 136
117 138
117 139
117 141
117 142
117 143
117 146
117 147
117 148
117 151
117 152
117 154
117 157
117 160
117 161
118 122
118 125
118 126
118 128
118 129
118 130
118 131
118 133
118 134
118 136
118 137
118 138
118 139
118 141
118 142
118 143
118 147
118 149
118 151
118 152
118 154
118 157
118 158
119 127
119 128
119 129
119 132
119 133
119 137
119 139
119 146
119 149
119 150
119 152
119 156
119 157
120 121
120 133
120 134
120 152
120 153
120 160
121 138
121 141
121 142
121 148
121 151
121 154
121 161
122 126
122 133
122 134
122 141
122 142
122 147
122 152
122 158
122 161
123 131
123 134
123 138
123 140
123 152
123 153
123 154
123 157
124 127
124 134
124 138
124 142
124 145
124 147
124 152
124 161
125 126
125 128
125 130
125 133
125 134
125 135
125 137
125 139
125 141
125 145
125 146
125 147
125 148
125 149
125 150
125 152
125 153
125 154
125 155
125 158
125 159
125 161
126 129
126 131
126 135
126 137
126 138
126 139
126 148
126 152
126 154
126 159
126 160
126 161
127 131
127 133
127 138
127 141
127 146
127 150
127 153
127 154
127 155
127 160
128 129
128 130
128 131
128 132
128 135
128 138
128 140
128 142
128 146
128 151
128 152
128 154
128 157
128 158
128 160
129 131
129 133
129 134
129 135
129 137
129 139
129 141
129 142
129 146
129 147
129 149
129 150
129 151
129 152
129 153
129 154
129 155
129 157
129 158
130 137
130 138
130 139
130 140
130 142
130 143
130 145
130 148
130 149
130 150
130 151
130 153
130 157
130 160
130 161
131 132
131 133
131 137
131 138
131 139
131 142
131 143
131 145
131 146
131 147
131 149
131 150
131 151
131 153
131 154
131 155
131 157
131 158
131 159
131 161
132 140
132 150
132 152
132 153
132 156
133 134
133 137
133 138
133 140
133 142
133 144
133 146
133 147
133 151
133 152
133 153
133 154
133 157
133 158
133 161
134 136
134 137
134 138
134 139
134 140
134 141
134 142
134 146
134 147
134 148
134 150
134 151
134 152
134 154
134 155
134 156
134 158
134 160
134 161
135 138
135 140
135 148
135 149
135 150
135 151
135 152
135 153
135 157
135 158
136 137
136 138
136 139
136 141
136 142
136 146
136 147
136 149
136 154
136 157
136 160
137 138
137 139
137 141
137 142
137 143
137 145
137 146
137 147
137 151
137 152
137 153
137 154
137 155
137 159
137 160
138 139
138 140
138 141
138 142
138 143
138 145
138 147
138 148
138 150
138 151
138 152
138 154
138 156
138 157
138 159
138 161
139 142
139 143
139 146
139 147
139 148
139 149
139 151
139 153
139 154
139 155
139 156
139 157
139 158
140 145
140 148
140 149
140 150
140 151
140 152
141 142
141 145
141 146
141 147
141 148
141 149
141 151
141 152
141 154
141 156
141 158
141 161
142 143
142 145
142 146
142 147
142 150
142 151
142 153
142 154
142 157
142 158
142 159
142 160
142 161
143 146
143 147
143 151
143 152
143 160
144 145
145 147
145 149
145 150
145 151
145 153
145 154
145 157
145 159
145 161
146 147
146 149
146 151
146 154
146 156
146 158
146 159
146 160
147 148
147 149
147 150
147 151
147 160
147 161
148 149
148 150
148 151
148 153
148 159
149 150
149 152
149 153
149 154
149 155
149 158
149 159
150 151
150 153
150 154
150 155
150 159
150 160
150 161
151 152
151 155
151 156
151 157
151 160
152 155
152 157
152 158
152 160
153 154
153 156
153 157
153 161
154 157
154 158
154 159
154 160
154 161
155 160
156 158
157 158
157 161
158 159
158 160
158 161
160 161
