0 1
0 4
0 6
0 7
0 10
0 11
0 13
0 14
0 19
0 21
0 22
0 24
0 26
0 30
0 31
0 32
0 33
0 35
0 36
0 37
0 38
0 40
0 44
0 46
0 49
0 51
0 52
0 54
0 55
0 56
0 64
0 65
0 67
0 68
0 69
0 70
0 71
0 72
0 73
0 74
0 75
0 79
0 83
0 84
0 87
0 93
0 94
0 97
0 101
0 102
0 103
0 104
0 105
0 111
0 112
0 113
0 114
0 117
0 118
0 125
0 126
0 129
0 130
0 131
0 133
0 136
0 137
0 138
0 141
0 142
0 145
0 146
0 147
0 152
0 153
0 154
0 157
0 160
1 4
1 5
1 6
1 7
1 8
1 11
1 12
1 13
1 14
1 16
1 19
1 21
1 22
1 26
1 31
1 32
1 35
1 37
1 38
1 40
1 46
1 49
1 50
1 51
1 52
1 54
1 56
1 63
1 64
1 65
1 66
1 67
1 68
1 70
1 71
1 72
1 73
1 74
1 79
1 80
1 83
1 84
1 89
1 91
1 93
1 94
1 101
1 105
1 106
1 107
1 110
1 111
1 112
1 113
1 114
1 115
1 116
1 117
1 120
1 122
1 125
1 126
1 129
1 130
1 131
1 133
1 137
1 138
1 142
1 143
1 146
1 147
1 150
1 152
1 153
1 154
2 6
2 7
2 9
2 10
2 11
2 12
2 13
2 14
2 15
2 19
2 21
2 24
2 26
2 31
2 32
2 36
2 37
2 38
2 40
2 49
2 51
2 52
2 54
2 56
2 57
2 59
2 63
2 64
2 65
2 68
2 70
2 71
2 72
2 73
2 75
2 76
2 79
2 80
2 84
2 89
2 97
2 98
2 101
2 104
2 105
2 106
2 107
2 112
2 113
2 114
2 115
2 116
2 117
2 118
2 122
2 129
2 130
2 131
2 133
2 137
2 138
2 142
2 146
2 147
2 149
2 150
2 152
2 154
3 6
3 7
3 11
3 12
3 14
3 19
3 26
3 31
3 32
3 36
3 37
3 40
3 49
3 51
3 54
3 55
3 64
3 65
3 67
3 68
3 70
3 72
3 74
3 75
3 77
3 79
3 89
3 94
3 101
3 103
3 106
3 112
3 113
3 114
3 115
3 121
3 129
3 131
3 133
3 137
3 138
3 141
3 142
3 145
3 147
3 152
3 153
3 154
4 0
4 1
4 3
4 5
4 6
4 7
4 8
4 9
4 10
4 11
4 12
4 13
4 14
4 15
4 16
4 18
4 19
4 21
4 22
4 23
4 24
4 26
4 27
4 28
4 30
4 31
4 32
4 33
4 35
4 36
4 37
4 38
4 40
4 42
4 44
4 46
4 49
4 50
4 51
4 52
4 53
4 54
4 55
4 56
4 57
4 58
4 59
4 61
4 63
4 64
4 65
4 66
4 67
4 68
4 69
4 70
4 71
4 72
4 73
4 74
4 75
4 76
4 77
4 79
4 80
4 83
4 84
4 86
4 87
4 89
4 91
4 93
4 94
4 95
4 97
4 98
4 100
4 101
4 102
4 103
4 104
4 105
4 106
4 107
4 109
4 110
4 111
4 112
4 113
4 114
4 115
4 116
4 117
4 118
4 120
4 121
4 122
4 125
4 126
4 129
4 130
4 131
4 133
4 135
4 136
4 137
4 138
4 141
4 142
4 143
4 145
4 146
4 147
4 148
4 149
4 150
4 152
4 154
4 157
4 160
5 1
5 4
5 6
5 7
5 11
5 14
5 19
5 21
5 23
5 26
5 30
5 31
5 38
5 40
5 44
5 49
5 51
5 54
5 64
5 65
5 67
5 68
5 70
5 71
5 72
5 74
5 76
5 79
5 83
5 84
5 89
5 93
5 94
5 97
5 101
5 102
5 105
5 106
5 113
5 114
5 115
5 116
5 117
5 118
5 122
5 125
5 129
5 130
5 131
5 133
5 135
5 137
5 138
5 142
5 143
5 146
5 147
5 149
5 150
5 152
5 154
6 0
6 3
6 4
6 5
6 7
6 8
6 9
6 10
6 11
6 12
6 13
6 14
6 15
6 16
6 19
6 21
6 22
6 23
6 24
6 26
6 27
6 28
6 30
6 31
6 32
6 33
6 35
6 36
6 37
6 38
6 40
6 42
6 44
6 46
6 49
6 50
6 51
6 52
6 53
6 54
6 55
6 56
6 57
6 58
6 59
6 61
6 63
6 64
6 65
6 66
6 67
6 68
6 69
6 70
6 71
6 72
6 73
6 74
6 75
6 76
6 77
6 79
6 80
6 83
6 84
6 86
6 87
6 89
6 90
6 91
6 93
6 94
6 95
6 96
6 97
6 98
6 100
6 101
6 102
6 103
6 104
6 105
6 106
6 107
6 109
6 110
6 111
6 112
6 113
6 114
6 115
6 116
6 117
6 118
6 120
6 121
6 122
6 125
6 126
6 129
6 130
6 131
6 133
6 135
6 136
6 137
6 138
6 141
6 142
6 143
6 145
6 146
6 147
6 149
6 150
6 152
6 153
6 154
6 156
6 160
7 0
7 1
7 3
7 4
7 5
7 6
7 8
7 9
7 10
7 11
7 12
7 13
7 14
7 15
7 16
7 18
7 19
7 21
7 22
7 23
7 24
7 26
7 27
7 28
7 30
7 31
7 32
7 33
7 35
7 36
7 37
7 38
7 40
7 42
7 44
7 46
7 49
7 50
7 51
7 52
7 53
7 54
7 55
7 56
7 57
7 58
7 59
7 61
7 63
7 64
7 65
7 66
7 67
7 68
7 69
7 70
7 71
7 72
7 73
7 74
7 75
7 76
7 77
7 79
7 80
7 83
7 84
7 86
7 87
7 89
7 90
7 91
7 93
7 94
7 95
7 96
7 97
7 98
7 100
7 101
7 102
7 103
7 104
7 105
7 106
7 107
7 109
7 110
7 111
7 112
7 113
7 114
7 115
7 116
7 117
7 118
7 120
7 122
7 124
7 125
7 126
7 129
7 130
7 131
7 133
7 135
7 136
7 137
7 138
7 141
7 142
7 143
7 145
7 146
7 147
7 148
7 149
7 150
7 152
7 153
7 154
7 156
7 157
7 160
8 0
8 6
8 7
8 9
8 12
8 13
8 14
8 19
8 26
8 27
8 31
8 32
8 37
8 40
8 49
8 51
8 54
8 64
8 65
8 67
8 68
8 70
8 72
8 74
8 76
8 79
8 83
8 89
8 93
8 94
8 98
8 101
8 102
8 105
8 106
8 114
8 115
8 116
8 117
8 118
8 120
8 130
8 131
8 133
8 137
8 138
8 142
8 146
8 147
8 152
8 154
8 160
9 0
9 1
9 4
9 6
9 7
9 8
9 10
9 11
9 12
9 13
9 14
9 15
9 16
9 18
9 19
9 21
9 22
9 23
9 26
9 27
9 30
9 31
9 32
9 36
9 37
9 38
9 40
9 42
9 46
9 49
9 50
9 51
9 54
9 55
9 56
9 57
9 59
9 61
9 64
9 65
9 66
9 67
9 68
9 69
9 70
9 71
9 72
9 74
9 75
9 76
9 79
9 80
9 83
9 84
9 87
9 89
9 91
9 94
9 95
9 97
9 98
9 101
9 102
9 103
9 104
9 105
9 106
9 109
9 110
9 112
9 113
9 114
9 115
9 116
9 117
9 118
9 121
9 124
9 125
9 126
9 129
9 130
9 131
9 133
9 135
9 136
9 137
9 138
9 141
9 142
9 143
9 145
9 146
9 147
9 149
9 150
9 152
9 153
9 154
9 157
10 1
10 4
10 6
10 7
10 11
10 13
10 14
10 16
10 18
10 19
10 21
10 26
10 30
10 31
10 35
10 36
10 37
10 38
10 40
10 44
10 49
10 51
10 52
10 54
10 56
10 58
10 59
10 64
10 65
10 66
10 67
10 68
10 69
10 70
10 72
10 74
10 76
10 77
10 79
10 80
10 84
10 86
10 87
10 91
10 93
10 94
10 98
10 101
10 102
10 105
10 106
10 111
10 112
10 113
10 114
10 115
10 120
10 121
10 125
10 126
10 129
10 130
10 131
10 133
10 137
10 138
10 141
10 142
10 143
10 146
10 147
10 152
10 153
10 154
10 157
10 160
11 1
11 3
11 4
11 6
11 7
11 8
11 10
11 12
11 13
11 14
11 15
11 16
11 19
11 21
11 22
11 23
11 24
11 26
11 27
11 30
11 31
11 32
11 33
11 35
11 37
11 38
11 40
11 44
11 46
11 49
11 50
11 51
11 52
11 54
11 55
11 56
11 58
11 59
11 61
11 63
11 64
11 65
11 66
11 67
11 68
11 69
11 70
11 71
11 72
11 73
11 74
11 75
11 76
11 77
11 79
11 80
11 83
11 84
11 86
11 87
11 89
11 93
11 94
11 95
11 97
11 98
11 101
11 102
11 103
11 104
11 105
11 106
11 107
11 109
11 110
11 111
11 112
11 113
11 114
11 115
11 116
11 117
11 118
11 120
11 121
11 122
11 125
11 126
11 129
11 130
11 131
11 133
11 135
11 136
11 137
11 138
11 141
11 142
11 145
11 146
11 147
11 150
11 152
11 153
11 154
11 157
11 160
12 3
12 4
12 7
12 8
12 11
12 14
12 16
12 18
12 19
12 21
12 23
12 26
12 30
12 31
12 32
12 36
12 37
12 38
12 40
12 44
12 51
12 52
12 54
12 55
12 56
12 58
12 59
12 63
12 64
12 65
12 66
12 67
12 68
12 69
12 70
12 72
12 73
12 74
12 76
12 79
12 80
12 83
12 84
12 89
12 94
12 95
12 97
12 98
12 101
12 104
12 105
12 107
12 110
12 114
12 115
12 117
12 118
12 122
12 125
12 126
12 129
12 130
12 131
12 133
12 137
12 138
12 141
12 142
12 146
12 147
12 149
12 150
12 152
12 154
12 157
12 160
13 0
13 1
13 4
13 6
13 7
13 8
13 11
13 12
13 14
13 15
13 18
13 19
13 21
13 22
13 23
13 24
13 26
13 32
13 35
13 36
13 40
13 49
13 50
13 51
13 52
13 54
13 55
13 56
13 57
13 59
13 64
13 65
13 66
13 67
13 68
13 70
13 72
13 74
13 75
13 76
13 79
13 80
13 84
13 86
13 87
13 89
13 91
13 94
13 97
13 98
13 101
13 105
13 106
13 107
13 110
13 111
13 112
13 113
13 114
13 115
13 117
13 118
13 122
13 125
13 129
13 130
13 131
13 133
13 136
13 138
13 141
13 142
13 145
13 146
13 147
13 150
13 152
13 154
13 160
14 0
14 1
14 3
14 4
14 5
14 6
14 7
14 8
14 9
14 10
14 11
14 12
14 13
14 15
14 16
14 18
14 19
14 21
14 22
14 23
14 24
14 26
14 27
14 28
14 30
14 31
14 32
14 33
14 35
14 36
14 37
14 38
14 40
14 42
14 44
14 46
14 49
14 50
14 51
14 52
14 53
14 54
14 55
14 56
14 57
14 58
14 59
14 61
14 63
14 64
14 65
14 66
14 67
14 68
14 69
14 70
14 71
14 72
14 73
14 74
14 75
14 76
14 77
14 79
14 80
14 83
14 84
14 86
14 87
14 89
14 90
14 91
14 93
14 94
14 95
14 96
14 97
14 98
14 100
14 101
14 102
14 103
14 104
14 105
14 106
14 107
14 109
14 110
14 111
14 112
14 113
14 114
14 115
14 116
14 117
14 118
14 120
14 121
14 122
14 124
14 125
14 126
14 129
14 130
14 131
14 133
14 135
14 136
14 137
14 138
14 141
14 142
14 143
14 145
14 146
14 147
14 148
14 149
14 150
14 152
14 153
14 154
14 157
14 160
15 0
15 1
15 4
15 6
15 7
15 8
15 9
15 11
15 12
15 14
15 16
15 21
15 22
15 26
15 27
15 30
15 31
15 32
15 35
15 36
15 38
15 40
15 44
15 49
15 51
15 52
15 54
15 55
15 56
15 59
15 61
15 64
15 65
15 67
15 68
15 70
15 72
15 74
15 75
15 79
15 80
15 84
15 86
15 89
15 91
15 93
15 94
15 95
15 97
15 98
15 101
15 105
15 106
15 109
15 112
15 113
15 114
15 115
15 117
15 118
15 120
15 125
15 129
15 131
15 133
15 135
15 137
15 138
15 141
15 142
15 147
15 150
15 152
15 153
15 154
15 157
15 160
16 1
16 4
16 6
16 7
16 10
16 11
16 14
16 21
16 26
16 30
16 31
16 32
16 37
16 38
16 40
16 44
16 49
16 51
16 54
16 56
16 64
16 65
16 67
16 68
16 70
16 72
16 74
16 75
16 79
16 84
16 87
16 89
16 94
16 97
16 98
16 101
16 102
16 105
16 110
16 111
16 112
16 113
16 115
16 118
16 120
16 125
16 129
16 131
16 133
16 137
16 142
16 143
16 145
16 146
16 147
16 152
16 153
16 154
17 6
17 7
17 14
17 21
17 31
17 32
17 38
17 40
17 51
17 52
17 54
17 65
17 70
17 72
17 74
17 79
17 95
17 97
17 101
17 106
17 110
17 113
17 117
17 129
17 131
17 133
17 137
17 138
17 142
17 149
17 150
17 152
17 153
17 154
18 1
18 6
18 7
18 11
18 14
18 15
18 19
18 21
18 26
18 30
18 31
18 32
18 35
18 37
18 38
18 40
18 44
18 49
18 51
18 52
18 53
18 54
18 55
18 56
18 57
18 59
18 61
18 64
18 65
18 67
18 68
18 69
18 70
18 71
18 72
18 73
18 74
18 76
18 79
18 80
18 83
18 84
18 86
18 94
18 97
18 98
18 101
18 105
18 106
18 107
18 109
18 110
18 114
18 115
18 117
18 118
18 121
18 125
18 126
18 129
18 130
18 131
18 133
18 135
18 136
18 137
18 138
18 141
18 142
18 143
18 146
18 147
18 150
18 152
18 153
18 154
18 160
19 0
19 1
19 3
19 4
19 5
19 6
19 7
19 8
19 10
19 11
19 12
19 13
19 14
19 15
19 16
19 18
19 21
19 22
19 23
19 24
19 26
19 27
19 28
19 30
19 31
19 32
19 33
19 35
19 36
19 37
19 38
19 40
19 42
19 44
19 46
19 49
19 50
19 51
19 52
19 53
19 54
19 55
19 56
19 57
19 58
19 61
19 63
19 64
19 65
19 66
19 67
19 68
19 69
19 70
19 71
19 72
19 73
19 74
19 75
19 76
19 77
19 79
19 80
19 83
19 84
19 86
19 87
19 89
19 90
19 91
19 93
19 94
19 95
19 96
19 97
19 98
19 100
19 101
19 102
19 103
19 104
19 105
19 106
19 107
19 109
19 110
19 111
19 112
19 113
19 114
19 115
19 117
19 118
19 120
19 121
19 122
19 125
19 129
19 130
19 131
19 133
19 135
19 136
19 137
19 138
19 141
19 142
19 143
19 145
19 146
19 147
19 148
19 149
19 150
19 152
19 153
19 154
19 156
19 157
19 160
20 1
20 6
20 7
20 8
20 10
20 14
20 19
20 21
20 26
20 30
20 31
20 36
20 37
20 38
20 40
20 49
20 51
20 54
20 55
20 56
20 64
20 65
20 67
20 68
20 70
20 71
20 72
20 74
20 76
20 79
20 80
20 89
20 93
20 94
20 101
20 106
20 109
20 113
20 115
20 117
20 129
20 130
20 131
20 133
20 135
20 137
20 138
20 142
20 146
20 147
20 152
20 153
20 154
20 160
21 1
21 3
21 4
21 6
21 7
21 8
21 9
21 10
21 11
21 12
21 13
21 14
21 15
21 16
21 19
21 24
21 26
21 27
21 30
21 31
21 32
21 36
21 37
21 38
21 40
21 42
21 44
21 46
21 49
21 50
21 51
21 52
21 53
21 54
21 55
21 56
21 57
21 58
21 59
21 61
21 63
21 64
21 65
21 66
21 67
21 68
21 70
21 71
21 72
21 73
21 74
21 75
21 76
21 77
21 79
21 80
21 84
21 86
21 87
21 89
21 91
21 93
21 94
21 95
21 96
21 97
21 98
21 100
21 101
21 102
21 103
21 105
21 106
21 107
21 109
21 110
21 111
21 112
21 113
21 114
21 115
21 116
21 117
21 118
21 120
21 121
21 122
21 125
21 126
21 129
21 130
21 131
21 133
21 135
21 136
21 137
21 138
21 141
21 142
21 143
21 145
21 147
21 148
21 149
21 150
21 152
21 153
21 154
21 156
21 157
21 160
22 1
22 3
22 7
22 10
22 12
22 14
22 18
22 19
22 21
22 26
22 31
22 32
22 38
22 44
22 46
22 49
22 51
22 54
22 55
22 56
22 57
22 59
22 64
22 65
22 66
22 67
22 68
22 70
22 72
22 74
22 75
22 79
22 83
22 84
22 86
22 94
22 97
22 100
22 101
22 102
22 104
22 105
22 112
22 115
22 121
22 125
22 129
22 130
22 131
22 133
22 135
22 137
22 138
22 142
22 146
22 147
22 149
22 150
22 152
22 154
22 160
23 1
23 4
23 6
23 7
23 11
23 13
23 14
23 19
23 22
23 26
23 30
23 31
23 32
23 36
23 37
23 40
23 49
23 51
23 54
23 55
23 64
23 65
23 68
23 70
23 72
23 74
23 75
23 76
23 79
23 91
23 101
23 102
23 105
23 106
23 109
23 112
23 114
23 116
23 117
23 118
23 121
23 125
23 129
23 131
23 133
23 135
23 137
23 138
23 142
23 146
23 149
23 152
23 154
23 157
23 160
24 1
24 4
24 6
24 7
24 8
24 9
24 11
24 14
24 16
24 19
24 22
24 26
24 30
24 31
24 32
24 35
24 38
24 40
24 44
24 49
24 50
24 51
24 52
24 54
24 55
24 56
24 57
24 58
24 59
24 61
24 64
24 65
24 67
24 70
24 71
24 72
24 74
24 75
24 76
24 79
24 84
24 86
24 89
24 91
24 94
24 97
24 98
24 100
24 101
24 102
24 104
24 105
24 107
24 109
24 112
24 113
24 114
24 115
24 117
24 118
24 120
24 121
24 129
24 130
24 131
24 133
24 137
24 138
24 141
24 142
24 143
24 145
24 147
24 150
24 152
24 153
24 154
24 160
25 1
25 4
25 6
25 7
25 8
25 10
25 11
25 13
25 14
25 16
25 19
25 21
25 22
25 26
25 28
25 31
25 32
25 35
25 36
25 37
25 38
25 40
25 44
25 46
25 49
25 50
25 51
25 52
25 53
25 54
25 55
25 56
25 57
25 58
25 59
25 63
25 64
25 65
25 66
25 67
25 68
25 70
25 71
25 72
25 73
25 74
25 76
25 77
25 79
25 84
25 87
25 89
25 91
25 93
25 94
25 97
25 100
25 101
25 102
25 103
25 104
25 105
25 106
25 109
25 110
25 112
25 113
25 114
25 116
25 117
25 118
25 121
25 125
25 126
25 129
25 130
25 131
25 133
25 136
25 137
25 138
25 142
25 143
25 145
25 146
25 147
25 149
25 150
25 152
25 153
25 154
25 157
25 160
26 0
26 1
26 3
26 4
26 5
26 6
26 7
26 8
26 9
26 10
26 11
26 12
26 13
26 14
26 15
26 16
26 18
26 19
26 21
26 22
26 23
26 24
26 27
26 28
26 30
26 31
26 32
26 33
26 35
26 36
26 37
26 38
26 40
26 44
26 46
26 49
26 50
26 51
26 52
26 53
26 54
26 55
26 56
26 57
26 58
26 59
26 61
26 63
26 64
26 65
26 66
26 67
26 68
26 69
26 70
26 71
26 72
26 73
26 74
26 75
26 76
26 77
26 79
26 80
26 83
26 84
26 86
26 87
26 89
26 90
26 91
26 93
26 94
26 95
26 96
26 97
26 98
26 100
26 101
26 102
26 103
26 104
26 105
26 106
26 107
26 109
26 110
26 111
26 112
26 113
26 114
26 115
26 116
26 117
26 118
26 120
26 121
26 122
26 125
26 126
26 129
26 130
26 131
26 133
26 135
26 136
26 137
26 138
26 141
26 142
26 143
26 145
26 146
26 147
26 148
26 149
26 150
26 152
26 153
26 154
26 156
26 157
26 160
27 6
27 7
27 11
27 14
27 26
27 32
27 35
27 38
27 40
27 51
27 54
27 56
27 64
27 67
27 68
27 70
27 72
27 74
27 75
27 79
27 83
27 89
27 93
27 94
27 100
27 101
27 105
27 117
27 125
27 126
27 129
27 130
27 131
27 133
27 138
27 142
27 145
27 147
27 150
27 152
27 154
28 1
28 6
28 7
28 10
28 11
28 13
28 14
28 16
28 19
28 21
28 22
28 26
28 30
28 31
28 32
28 35
28 37
28 38
28 40
28 44
28 46
28 49
28 51
28 52
28 54
28 61
28 65
28 67
28 68
28 69
28 70
28 71
28 72
28 74
28 77
28 79
28 80
28 83
28 87
28 89
28 91
28 94
28 97
28 101
28 102
28 106
28 112
28 113
28 114
28 115
28 116
28 117
28 121
28 125
28 129
28 131
28 133
28 135
28 137
28 138
28 141
28 142
28 147
28 149
28 150
28 152
28 154
28 160
29 1
29 6
29 7
29 8
29 14
29 18
29 21
29 26
29 31
29 32
29 35
29 37
29 40
29 44
29 46
29 49
29 51
29 54
29 55
29 56
29 64
29 65
29 68
29 70
29 71
29 72
29 74
29 76
29 79
29 83
29 89
29 93
29 94
29 97
29 98
29 101
29 105
29 107
29 115
29 121
29 125
29 129
29 131
29 133
29 137
29 138
29 142
29 147
29 152
29 153
29 154
30 1
30 3
30 4
30 6
30 7
30 8
30 9
30 11
30 12
30 13
30 14
30 15
30 16
30 18
30 19
30 21
30 22
30 26
30 27
30 31
30 32
30 33
30 35
30 36
30 37
30 38
30 40
30 42
30 44
30 46
30 49
30 50
30 51
30 52
30 53
30 54
30 55
30 56
30 57
30 58
30 59
30 61
30 63
30 64
30 65
30 66
30 67
30 68
30 70
30 71
30 72
30 73
30 74
30 75
30 76
30 77
30 79
30 80
30 83
30 84
30 86
30 87
30 89
30 91
30 93
30 94
30 95
30 97
30 98
30 101
30 103
30 104
30 105
30 106
30 107
30 109
30 110
30 111
30 112
30 113
30 114
30 115
30 116
30 117
30 118
30 120
30 121
30 122
30 124
30 125
30 126
30 129
30 130
30 131
30 133
30 135
30 136
30 137
30 138
30 141
30 142
30 145
30 146
30 147
30 149
30 150
30 152
30 153
30 154
30 157
30 160
31 0
31 1
31 3
31 4
31 5
31 6
31 7
31 8
31 9
31 10
31 11
31 12
31 13
31 14
31 15
31 16
31 18
31 19
31 21
31 22
31 23
31 24
31 26
31 27
31 28
31 30
31 32
31 33
31 35
31 36
31 37
31 38
31 40
31 42
31 44
31 46
31 49
31 50
31 51
31 52
31 53
31 54
31 55
31 56
31 57
31 58
31 59
31 61
31 63
31 64
31 65
31 66
31 67
31 68
31 69
31 70
31 71
31 72
31 73
31 74
31 75
31 76
31 77
31 79
31 80
31 83
31 84
31 86
31 87
31 89
31 90
31 91
31 93
31 94
31 95
31 96
31 97
31 98
31 100
31 101
31 102
31 103
31 104
31 105
31 106
31 107
31 109
31 110
31 111
31 112
31 113
31 114
31 115
31 116
31 117
31 118
31 120
31 121
31 122
31 124
31 125
31 126
31 129
31 130
31 131
31 133
31 135
31 136
31 137
31 138
31 141
31 142
31 143
31 145
31 146
31 147
31 148
31 149
31 150
31 152
31 153
31 154
31 156
31 157
31 160
32 1
32 4
32 5
32 6
32 7
32 8
32 9
32 11
32 12
32 13
32 14
32 15
32 16
32 19
32 21
32 22
32 23
32 24
32 26
32 27
32 30
32 31
32 33
32 35
32 36
32 37
32 38
32 40
32 42
32 44
32 46
32 49
32 50
32 51
32 52
32 53
32 54
32 55
32 56
32 57
32 58
32 59
32 61
32 63
32 64
32 65
32 66
32 67
32 68
32 69
32 70
32 71
32 72
32 73
32 74
32 75
32 79
32 80
32 83
32 84
32 86
32 87
32 89
32 91
32 93
32 94
32 95
32 97
32 98
32 101
32 102
32 103
32 104
32 105
32 106
32 107
32 110
32 112
32 113
32 114
32 115
32 116
32 117
32 118
32 121
32 122
32 125
32 126
32 129
32 130
32 131
32 133
32 135
32 137
32 138
32 141
32 142
32 143
32 145
32 146
32 147
32 148
32 149
32 150
32 152
32 154
32 156
32 157
32 160
33 3
33 6
33 7
33 8
33 9
33 14
33 19
33 21
33 26
33 31
33 32
33 38
33 40
33 46
33 49
33 50
33 51
33 54
33 55
33 58
33 61
33 64
33 65
33 67
33 68
33 70
33 71
33 72
33 74
33 77
33 79
33 87
33 89
33 101
33 102
33 105
33 110
33 115
33 117
33 125
33 129
33 130
33 131
33 133
33 137
33 138
33 142
33 143
33 146
33 147
33 149
33 152
33 154
33 157
34 1
34 4
34 7
34 8
34 10
34 12
34 13
34 14
34 16
34 18
34 19
34 22
34 26
34 30
34 31
34 32
34 35
34 37
34 38
34 40
34 46
34 49
34 50
34 51
34 54
34 55
34 56
34 65
34 66
34 67
34 68
34 70
34 72
34 73
34 74
34 76
34 79
34 80
34 84
34 89
34 94
34 98
34 101
34 102
34 105
34 106
34 107
34 109
34 112
34 113
34 114
34 115
34 116
34 118
34 120
34 125
34 126
34 129
34 130
34 131
34 133
34 137
34 138
34 142
34 143
34 145
34 146
34 147
34 150
34 152
34 153
34 154
34 157
35 0
35 1
35 3
35 4
35 5
35 6
35 7
35 9
35 10
35 11
35 13
35 14
35 15
35 16
35 18
35 19
35 21
35 22
35 23
35 26
35 27
35 28
35 30
35 31
35 32
35 36
35 37
35 38
35 40
35 44
35 49
35 50
35 51
35 52
35 53
35 54
35 56
35 57
35 59
35 61
35 63
35 64
35 65
35 66
35 67
35 68
35 69
35 70
35 72
35 73
35 74
35 75
35 76
35 77
35 79
35 80
35 83
35 84
35 86
35 87
35 89
35 91
35 93
35 94
35 95
35 96
35 97
35 98
35 101
35 102
35 104
35 105
35 106
35 107
35 109
35 110
35 111
35 112
35 113
35 114
35 115
35 116
35 117
35 118
35 120
35 121
35 122
35 124
35 125
35 126
35 129
35 130
35 131
35 133
35 135
35 136
35 137
35 138
35 141
35 142
35 143
35 145
35 146
35 147
35 149
35 150
35 152
35 153
35 154
35 160
36 1
36 4
36 6
36 7
36 8
36 9
36 11
36 12
36 13
36 14
36 15
36 16
36 19
36 21
36 23
36 24
36 26
36 30
36 31
36 32
36 35
36 37
36 38
36 40
36 44
36 49
36 51
36 52
36 53
36 54
36 55
36 56
36 57
36 61
36 63
36 64
36 65
36 66
36 67
36 68
36 70
36 71
36 72
36 74
36 75
36 76
36 79
36 80
36 83
36 84
36 86
36 89
36 91
36 93
36 94
36 97
36 98
36 100
36 101
36 102
36 103
36 105
36 106
36 107
36 109
36 110
36 112
36 113
36 114
36 115
36 116
36 117
36 118
36 120
36 121
36 122
36 129
36 131
36 133
36 136
36 137
36 138
36 141
36 142
36 143
36 145
36 146
36 147
36 150
36 152
36 153
36 154
36 156
36 157
37 1
37 4
37 6
37 7
37 8
37 9
37 11
37 12
37 14
37 15
37 16
37 18
37 19
37 21
37 22
37 26
37 27
37 30
37 31
37 32
37 36
37 38
37 40
37 42
37 44
37 46
37 49
37 51
37 54
37 56
37 57
37 61
37 63
37 64
37 65
37 66
37 67
37 68
37 70
37 72
37 74
37 75
37 76
37 77
37 79
37 83
37 84
37 87
37 89
37 91
37 94
37 97
37 101
37 102
37 103
37 104
37 105
37 106
37 107
37 110
37 111
37 113
37 114
37 115
37 116
37 117
37 125
37 126
37 129
37 130
37 131
37 133
37 135
37 136
37 137
37 138
37 141
37 142
37 143
37 145
37 146
37 147
37 152
37 153
37 154
37 157
38 0
38 1
38 3
38 4
38 6
38 7
38 8
38 10
38 11
38 12
38 13
38 14
38 15
38 18
38 19
38 21
38 22
38 23
38 24
38 26
38 30
38 31
38 32
38 35
38 36
38 37
38 40
38 42
38 44
38 46
38 49
38 50
38 51
38 52
38 53
38 54
38 55
38 56
38 57
38 58
38 59
38 63
38 64
38 65
38 66
38 67
38 68
38 69
38 70
38 72
38 73
38 74
38 75
38 76
38 77
38 79
38 80
38 84
38 86
38 87
38 89
38 91
38 93
38 94
38 95
38 96
38 97
38 98
38 100
38 101
38 102
38 103
38 104
38 105
38 106
38 107
38 109
38 110
38 111
38 112
38 113
38 114
38 115
38 116
38 117
38 118
38 120
38 121
38 125
38 126
38 129
38 130
38 131
38 133
38 136
38 137
38 138
38 141
38 142
38 145
38 146
38 147
38 148
38 149
38 150
38 152
38 153
38 154
38 157
38 160
39 4
39 5
39 6
39 7
39 8
39 11
39 14
39 16
39 18
39 19
39 21
39 22
39 26
39 30
39 31
39 32
39 37
39 38
39 40
39 44
39 46
39 49
39 50
39 51
39 54
39 58
39 61
39 63
39 64
39 65
39 67
39 70
39 71
39 72
39 74
39 76
39 77
39 79
39 84
39 87
39 91
39 93
39 94
39 101
39 104
39 105
39 106
39 111
39 113
39 115
39 118
39 121
39 125
39 129
39 130
39 131
39 133
39 137
39 138
39 141
39 142
39 146
39 147
39 150
39 152
39 153
39 154
40 0
40 1
40 3
40 4
40 5
40 6
40 7
40 8
40 9
40 10
40 11
40 12
40 13
40 14
40 15
40 16
40 18
40 19
40 21
40 22
40 23
40 24
40 26
40 27
40 28
40 30
40 31
40 32
40 33
40 35
40 36
40 37
40 38
40 42
40 44
40 46
40 49
40 50
40 51
40 52
40 53
40 54
40 55
40 56
40 57
40 58
40 59
40 61
40 63
40 64
40 65
40 66
40 67
40 68
40 69
40 70
40 71
40 72
40 73
40 74
40 75
40 76
40 77
40 79
40 80
40 83
40 84
40 86
40 87
40 89
40 90
40 91
40 93
40 94
40 95
40 96
40 97
40 98
40 100
40 101
40 102
40 103
40 104
40 105
40 106
40 107
40 109
40 110
40 111
40 112
40 113
40 114
40 115
40 116
40 117
40 118
40 120
40 121
40 122
40 124
40 125
40 126
40 129
40 130
40 131
40 133
40 135
40 136
40 137
40 138
40 141
40 142
40 143
40 145
40 146
40 147
40 148
40 149
40 150
40 152
40 153
40 154
40 156
40 157
40 160
41 1
41 4
41 7
41 12
41 14
41 18
41 19
41 21
41 26
41 31
41 36
41 37
41 38
41 40
41 50
41 51
41 54
41 56
41 58
41 64
41 65
41 67
41 68
41 69
41 70
41 72
41 74
41 79
41 84
41 89
41 94
41 101
41 102
41 104
41 105
41 106
41 110
41 111
41 117
41 118
41 125
41 126
41 129
41 131
41 133
41 137
41 138
41 142
41 152
41 154
42 1
42 3
42 6
42 7
42 11
42 12
42 13
42 14
42 16
42 19
42 23
42 31
42 32
42 37
42 38
42 40
42 44
42 49
42 51
42 54
42 55
42 56
42 57
42 64
42 65
42 67
42 68
42 70
42 72
42 74
42 79
42 80
42 84
42 87
42 89
42 94
42 97
42 98
42 101
42 105
42 106
42 111
42 112
42 113
42 114
42 115
42 116
42 117
42 118
42 125
42 126
42 129
42 130
42 131
42 133
42 137
42 138
42 141
42 142
42 145
42 146
42 147
42 149
42 150
42 152
42 154
42 157
42 160
43 0
43 1
43 3
43 6
43 7
43 8
43 11
43 12
43 13
43 14
43 15
43 16
43 19
43 21
43 24
43 26
43 27
43 30
43 31
43 35
43 36
43 37
43 38
43 40
43 44
43 49
43 51
43 52
43 53
43 54
43 56
43 58
43 59
43 61
43 63
43 64
43 65
43 66
43 67
43 68
43 70
43 72
43 73
43 74
43 75
43 76
43 77
43 79
43 80
43 83
43 84
43 87
43 89
43 91
43 93
43 94
43 95
43 100
43 101
43 102
43 103
43 104
43 105
43 106
43 113
43 114
43 115
43 117
43 118
43 122
43 125
43 126
43 129
43 130
43 131
43 133
43 136
43 137
43 138
43 141
43 142
43 145
43 146
43 147
43 149
43 150
43 152
43 153
43 154
43 157
43 160
44 1
44 3
44 4
44 6
44 7
44 8
44 9
44 10
44 11
44 12
44 13
44 14
44 15
44 16
44 18
44 19
44 22
44 23
44 24
44 26
44 27
44 28
44 30
44 31
44 32
44 35
44 36
44 37
44 38
44 40
44 42
44 46
44 49
44 51
44 52
44 53
44 54
44 55
44 56
44 58
44 59
44 63
44 64
44 65
44 66
44 67
44 68
44 69
44 70
44 71
44 72
44 73
44 74
44 75
44 76
44 77
44 79
44 80
44 83
44 84
44 87
44 89
44 90
44 91
44 93
44 94
44 95
44 97
44 100
44 101
44 102
44 103
44 104
44 105
44 106
44 107
44 109
44 110
44 111
44 112
44 113
44 114
44 115
44 117
44 118
44 121
44 122
44 125
44 126
44 129
44 130
44 131
44 133
44 135
44 136
44 137
44 138
44 141
44 142
44 143
44 145
44 147
44 148
44 150
44 152
44 153
44 154
44 157
45 0
45 1
45 3
45 4
45 5
45 6
45 7
45 8
45 9
45 10
45 11
45 12
45 13
45 14
45 16
45 18
45 19
45 21
45 22
45 26
45 27
45 28
45 30
45 31
45 32
45 35
45 37
45 38
45 40
45 44
45 46
45 49
45 50
45 51
45 52
45 54
45 55
45 56
45 57
45 58
45 59
45 61
45 63
45 64
45 65
45 66
45 67
45 68
45 69
45 70
45 71
45 72
45 74
45 75
45 76
45 77
45 79
45 80
45 83
45 84
45 89
45 91
45 93
45 94
45 95
45 97
45 98
45 100
45 101
45 103
45 104
45 105
45 106
45 107
45 109
45 110
45 111
45 112
45 113
45 114
45 115
45 116
45 117
45 118
45 120
45 121
45 122
45 125
45 126
45 129
45 130
45 131
45 133
45 135
45 136
45 137
45 138
45 141
45 142
45 143
45 145
45 146
45 147
45 148
45 149
45 150
45 152
45 153
45 154
45 157
45 160
46 1
46 3
46 4
46 6
46 7
46 11
46 12
46 13
46 14
46 15
46 16
46 18
46 19
46 22
46 23
46 26
46 27
46 31
46 35
46 36
46 37
46 40
46 44
46 49
46 50
46 51
46 54
46 55
46 56
46 57
46 64
46 65
46 68
46 69
46 70
46 71
46 72
46 73
46 74
46 76
46 77
46 79
46 80
46 83
46 84
46 86
46 87
46 89
46 93
46 94
46 95
46 97
46 101
46 102
46 103
46 105
46 106
46 107
46 110
46 113
46 114
46 115
46 116
46 118
46 120
46 122
46 125
46 129
46 130
46 131
46 133
46 136
46 137
46 138
46 141
46 142
46 143
46 145
46 146
46 147
46 149
46 150
46 152
46 153
46 154
46 157
47 1
47 4
47 6
47 7
47 11
47 12
47 14
47 26
47 30
47 32
47 40
47 46
47 51
47 54
47 55
47 64
47 68
47 70
47 72
47 74
47 79
47 89
47 94
47 101
47 102
47 106
47 107
47 126
47 129
47 130
47 131
47 133
47 137
47 138
47 142
47 147
47 152
47 154
47 157
48 1
48 4
48 6
48 7
48 19
48 26
48 28
48 31
48 32
48 37
48 38
48 44
48 46
48 49
48 50
48 51
48 54
48 55
48 56
48 58
48 63
48 65
48 67
48 68
48 72
48 74
48 76
48 79
48 90
48 94
48 97
48 101
48 102
48 103
48 104
48 107
48 114
48 117
48 118
48 129
48 130
48 131
48 133
48 137
48 138
48 142
48 146
48 147
48 152
48 154
49 0
49 1
49 3
49 4
49 5
49 6
49 7
49 8
49 9
49 10
49 11
49 12
49 13
49 14
49 16
49 18
49 19
49 21
49 22
49 23
49 24
49 26
49 27
49 28
49 30
49 31
49 32
49 35
49 36
49 37
49 38
49 40
49 42
49 44
49 46
49 50
49 51
49 52
49 53
49 54
49 55
49 56
49 57
49 58
49 59
49 61
49 63
49 64
49 65
49 66
49 67
49 68
49 69
49 70
49 71
49 72
49 73
49 74
49 75
49 76
49 77
49 79
49 80
49 83
49 84
49 86
49 87
49 89
49 90
49 91
49 93
49 94
49 95
49 96
49 97
49 98
49 100
49 101
49 102
49 103
49 104
49 105
49 106
49 107
49 109
49 110
49 111
49 112
49 113
49 114
49 115
49 116
49 117
49 118
49 120
49 121
49 122
49 124
49 125
49 126
49 129
49 130
49 131
49 133
49 135
49 136
49 137
49 138
49 141
49 142
49 143
49 145
49 146
49 147
49 148
49 149
49 150
49 152
49 153
49 154
49 156
49 157
49 160
50 1
50 4
50 6
50 7
50 8
50 9
50 11
50 12
50 14
50 18
50 19
50 21
50 22
50 23
50 26
50 27
50 31
50 32
50 37
50 38
50 40
50 44
50 46
50 49
50 51
50 52
50 54
50 55
50 56
50 57
50 59
50 61
50 63
50 64
50 65
50 66
50 68
50 69
50 70
50 72
50 74
50 76
50 77
50 79
50 80
50 83
50 84
50 89
50 93
50 97
50 98
50 101
50 102
50 103
50 104
50 105
50 106
50 113
50 114
50 115
50 116
50 118
50 120
50 122
50 125
50 129
50 130
50 131
50 133
50 135
50 137
50 138
50 141
50 142
50 145
50 147
50 152
50 153
50 154
50 160
51 0
51 1
51 3
51 4
51 5
51 6
51 7
51 8
51 9
51 10
51 11
51 12
51 13
51 14
51 15
51 16
51 18
51 19
51 21
51 22
51 23
51 24
51 26
51 27
51 28
51 30
51 31
51 32
51 33
51 35
51 36
51 37
51 38
51 40
51 42
51 44
51 46
51 49
51 50
51 52
51 53
51 54
51 55
51 56
51 57
51 58
51 59
51 61
51 63
51 64
51 65
51 66
51 67
51 68
51 69
51 70
51 71
51 72
51 73
51 74
51 75
51 76
51 77
51 79
51 80
51 83
51 84
51 86
51 87
51 89
51 90
51 91
51 93
51 94
51 95
51 96
51 97
51 98
51 100
51 101
51 102
51 103
51 104
51 105
51 106
51 107
51 109
51 110
51 111
51 112
51 113
51 114
51 115
51 116
51 117
51 118
51 120
51 121
51 122
51 124
51 125
51 126
51 129
51 130
51 131
51 133
51 135
51 136
51 137
51 138
51 141
51 142
51 143
51 145
51 146
51 147
51 148
51 149
51 150
51 152
51 153
51 154
51 156
51 157
51 160
52 1
52 6
52 7
52 8
52 11
52 14
52 15
52 16
52 19
52 21
52 22
52 26
52 30
52 31
52 32
52 36
52 37
52 38
52 40
52 44
52 49
52 50
52 51
52 54
52 55
52 57
52 58
52 59
52 61
52 64
52 65
52 66
52 67
52 68
52 70
52 71
52 72
52 74
52 75
52 77
52 79
52 80
52 83
52 84
52 86
52 89
52 91
52 93
52 94
52 95
52 98
52 101
52 102
52 104
52 105
52 106
52 107
52 113
52 114
52 115
52 116
52 117
52 118
52 120
52 121
52 125
52 126
52 129
52 130
52 131
52 133
52 135
52 137
52 138
52 141
52 142
52 143
52 145
52 146
52 147
52 149
52 152
52 154
52 157
53 4
53 6
53 7
53 11
53 13
53 14
53 18
53 19
53 22
53 26
53 27
53 31
53 32
53 35
53 36
53 38
53 40
53 46
53 49
53 50
53 51
53 54
53 55
53 56
53 61
53 64
53 65
53 66
53 68
53 70
53 72
53 74
53 75
53 89
53 93
53 98
53 101
53 102
53 104
53 105
53 106
53 107
53 109
53 110
53 112
53 113
53 114
53 115
53 116
53 117
53 118
53 125
53 126
53 129
53 130
53 131
53 133
53 135
53 137
53 138
53 141
53 142
53 145
53 146
53 147
53 150
53 152
53 154
53 157
54 0
54 1
54 3
54 4
54 5
54 6
54 7
54 8
54 9
54 10
54 11
54 12
54 13
54 14
54 15
54 16
54 18
54 19
54 21
54 22
54 23
54 24
54 26
54 27
54 28
54 30
54 31
54 32
54 33
54 35
54 36
54 37
54 38
54 40
54 42
54 44
54 46
54 49
54 50
54 51
54 52
54 53
54 55
54 56
54 57
54 58
54 59
54 61
54 63
54 64
54 65
54 66
54 67
54 68
54 69
54 70
54 71
54 72
54 73
54 74
54 75
54 76
54 77
54 79
54 80
54 83
54 84
54 86
54 87
54 89
54 90
54 91
54 93
54 94
54 95
54 96
54 97
54 98
54 100
54 101
54 102
54 103
54 104
54 105
54 106
54 107
54 109
54 110
54 111
54 112
54 113
54 114
54 115
54 116
54 117
54 118
54 120
54 121
54 122
54 124
54 125
54 126
54 129
54 130
54 131
54 133
54 135
54 136
54 137
54 138
54 141
54 142
54 143
54 145
54 146
54 147
54 148
54 149
54 150
54 152
54 153
54 154
54 156
54 157
54 160
55 1
55 3
55 4
55 6
55 7
55 8
55 10
55 11
55 12
55 13
55 14
55 16
55 18
55 19
55 21
55 26
55 27
55 30
55 31
55 32
55 37
55 38
55 40
55 42
55 44
55 46
55 49
55 50
55 51
55 52
55 54
55 56
55 57
55 58
55 59
55 64
55 65
55 66
55 67
55 68
55 69
55 70
55 71
55 72
55 74
55 75
55 77
55 79
55 80
55 84
55 89
55 91
55 93
55 94
55 95
55 96
55 97
55 98
55 101
55 102
55 103
55 105
55 106
55 107
55 111
55 112
55 113
55 114
55 115
55 117
55 121
55 122
55 125
55 126
55 129
55 130
55 131
55 133
55 137
55 138
55 141
55 142
55 145
55 146
55 147
55 149
55 150
55 152
55 153
55 154
55 160
56 0
56 1
56 3
56 4
56 6
56 7
56 8
56 9
56 10
56 12
56 13
56 14
56 15
56 16
56 18
56 19
56 21
56 22
56 23
56 24
56 26
56 27
56 28
56 30
56 31
56 32
56 33
56 35
56 36
56 37
56 38
56 40
56 42
56 44
56 46
56 49
56 50
56 51
56 52
56 53
56 54
56 55
56 57
56 58
56 59
56 61
56 63
56 64
56 65
56 66
56 67
56 68
56 69
56 70
56 71
56 72
56 73
56 74
56 75
56 76
56 77
56 79
56 80
56 83
56 84
56 86
56 87
56 89
56 91
56 93
56 94
56 95
56 96
56 97
56 98
56 100
56 101
56 102
56 103
56 104
56 105
56 106
56 107
56 109
56 110
56 111
56 112
56 113
56 114
56 115
56 116
56 117
56 118
56 121
56 122
56 125
56 126
56 129
56 130
56 131
56 133
56 135
56 136
56 137
56 138
56 141
56 142
56 143
56 145
56 146
56 147
56 148
56 149
56 150
56 152
56 153
56 154
56 157
56 160
57 6
57 7
57 10
57 13
57 14
57 19
57 21
57 26
57 30
57 31
57 36
57 37
57 40
57 46
57 51
57 53
57 54
57 56
57 61
57 64
57 65
57 67
57 69
57 70
57 72
57 74
57 77
57 79
57 83
57 84
57 89
57 94
57 98
57 101
57 113
57 115
57 116
57 121
57 122
57 130
57 131
57 133
57 135
57 137
57 138
57 142
57 146
57 147
57 150
57 152
57 154
58 4
58 6
58 7
58 8
58 9
58 11
58 13
58 14
58 15
58 18
58 19
58 21
58 22
58 26
58 30
58 31
58 32
58 35
58 37
58 38
58 40
58 42
58 44
58 49
58 50
58 51
58 53
58 54
58 56
58 57
58 61
58 63
58 64
58 65
58 67
58 68
58 69
58 70
58 72
58 74
58 75
58 76
58 79
58 80
58 84
58 87
58 89
58 91
58 93
58 94
58 95
58 97
58 98
58 100
58 101
58 102
58 103
58 105
58 106
58 107
58 109
58 110
58 112
58 113
58 115
58 116
58 117
58 118
58 120
58 121
58 125
58 126
58 129
58 130
58 131
58 133
58 135
58 137
58 138
58 141
58 142
58 143
58 145
58 146
58 147
58 149
58 150
58 152
58 154
58 157
58 160
59 1
59 3
59 4
59 5
59 7
59 10
59 13
59 14
59 15
59 16
59 21
59 22
59 26
59 31
59 32
59 40
59 44
59 49
59 50
59 51
59 52
59 54
59 56
59 57
59 58
59 64
59 65
59 66
59 67
59 68
59 69
59 70
59 72
59 74
59 76
59 77
59 79
59 80
59 90
59 93
59 94
59 97
59 98
59 101
59 102
59 106
59 110
59 112
59 113
59 114
59 115
59 116
59 117
59 125
59 126
59 129
59 130
59 131
59 137
59 142
59 145
59 146
59 147
59 149
59 150
59 152
59 154
59 160
60 6
60 7
60 10
60 26
60 31
60 37
60 40
60 51
60 54
60 56
60 64
60 68
60 71
60 72
60 74
60 79
60 93
60 97
60 105
60 107
60 115
60 118
60 125
60 130
60 131
60 133
60 138
60 142
60 143
60 146
60 149
60 152
60 154
61 1
61 4
61 6
61 7
61 8
61 9
61 11
61 12
61 14
61 18
61 19
61 21
61 26
61 31
61 32
61 35
61 37
61 38
61 40
61 44
61 49
61 50
61 51
61 54
61 56
61 59
61 64
61 65
61 67
61 68
61 70
61 72
61 74
61 76
61 77
61 79
61 80
61 84
61 87
61 94
61 96
61 97
61 100
61 101
61 102
61 103
61 104
61 105
61 106
61 112
61 113
61 114
61 115
61 116
61 117
61 118
61 122
61 126
61 129
61 131
61 135
61 137
61 138
61 141
61 142
61 143
61 146
61 147
61 149
61 150
61 152
61 153
61 154
61 157
62 0
62 4
62 6
62 7
62 8
62 14
62 15
62 19
62 21
62 22
62 26
62 27
62 30
62 31
62 32
62 36
62 37
62 38
62 40
62 46
62 49
62 50
62 51
62 52
62 54
62 55
62 56
62 59
62 63
62 64
62 65
62 66
62 67
62 68
62 70
62 71
62 72
62 73
62 74
62 76
62 77
62 79
62 80
62 83
62 84
62 89
62 91
62 93
62 94
62 97
62 98
62 101
62 103
62 105
62 106
62 107
62 109
62 110
62 112
62 113
62 114
62 115
62 117
62 118
62 120
62 125
62 129
62 130
62 131
62 133
62 137
62 138
62 142
62 143
62 145
62 147
62 149
62 152
62 154
62 157
62 160
63 0
63 3
63 4
63 6
63 7
63 8
63 11
63 12
63 14
63 16
63 18
63 19
63 21
63 26
63 27
63 30
63 31
63 32
63 33
63 36
63 37
63 38
63 40
63 44
63 46
63 49
63 50
63 51
63 52
63 54
63 55
63 56
63 57
63 59
63 61
63 64
63 65
63 66
63 67
63 68
63 69
63 70
63 71
63 72
63 73
63 74
63 75
63 76
63 79
63 80
63 83
63 84
63 86
63 87
63 89
63 91
63 93
63 94
63 97
63 98
63 100
63 101
63 102
63 104
63 105
63 106
63 107
63 109
63 110
63 111
63 112
63 113
63 114
63 115
63 116
63 117
63 118
63 122
63 125
63 126
63 129
63 131
63 133
63 135
63 137
63 138
63 141
63 142
63 145
63 146
63 147
63 149
63 150
63 152
63 153
63 154
63 157
63 160
64 0
64 1
64 3
64 4
64 5
64 6
64 7
64 8
64 9
64 10
64 11
64 12
64 13
64 14
64 15
64 16
64 18
64 19
64 21
64 22
64 23
64 24
64 26
64 27
64 28
64 30
64 31
64 32
64 33
64 35
64 36
64 37
64 38
64 40
64 42
64 44
64 46
64 49
64 50
64 51
64 52
64 53
64 54
64 55
64 56
64 57
64 58
64 59
64 61
64 65
64 66
64 67
64 68
64 69
64 70
64 71
64 72
64 73
64 74
64 75
64 76
64 77
64 79
64 80
64 83
64 84
64 86
64 87
64 89
64 90
64 91
64 93
64 94
64 95
64 97
64 98
64 100
64 101
64 102
64 103
64 104
64 105
64 106
64 107
64 109
64 110
64 111
64 112
64 113
64 114
64 115
64 116
64 117
64 118
64 120
64 121
64 122
64 124
64 125
64 126
64 129
64 130
64 131
64 133
64 135
64 136
64 137
64 138
64 141
64 142
64 143
64 145
64 146
64 147
64 148
64 149
64 150
64 152
64 153
64 154
64 156
64 157
64 160
65 0
65 1
65 3
65 4
65 5
65 6
65 7
65 8
65 9
65 10
65 11
65 12
65 13
65 14
65 15
65 16
65 18
65 19
65 21
65 22
65 23
65 24
65 26
65 27
65 31
65 32
65 35
65 36
65 37
65 38
65 40
65 42
65 44
65 46
65 49
65 50
65 51
65 52
65 53
65 54
65 55
65 56
65 57
65 58
65 59
65 61
65 63
65 64
65 66
65 67
65 68
65 69
65 70
65 71
65 72
65 73
65 74
65 75
65 76
65 77
65 79
65 80
65 83
65 84
65 86
65 87
65 89
65 90
65 91
65 93
65 94
65 95
65 97
65 98
65 100
65 101
65 102
65 103
65 104
65 105
65 106
65 107
65 109
65 110
65 111
65 112
65 113
65 114
65 115
65 116
65 117
65 118
65 121
65 122
65 125
65 126
65 129
65 130
65 131
65 133
65 135
65 137
65 138
65 141
65 142
65 143
65 145
65 146
65 147
65 148
65 149
65 152
65 153
65 154
65 157
65 160
66 0
66 1
66 4
66 6
66 7
66 10
66 11
66 13
66 14
66 15
66 18
66 19
66 21
66 22
66 26
66 27
66 30
66 31
66 32
66 35
66 36
66 38
66 40
66 46
66 49
66 50
66 51
66 52
66 53
66 54
66 55
66 56
66 57
66 61
66 64
66 65
66 67
66 68
66 69
66 70
66 71
66 72
66 73
66 74
66 75
66 76
66 77
66 79
66 80
66 83
66 84
66 87
66 89
66 93
66 94
66 97
66 98
66 101
66 102
66 103
66 104
66 105
66 106
66 107
66 110
66 111
66 112
66 113
66 115
66 116
66 117
66 118
66 121
66 125
66 126
66 129
66 130
66 131
66 133
66 135
66 136
66 137
66 138
66 141
66 142
66 145
66 146
66 147
66 148
66 149
66 150
66 152
66 153
66 154
66 157
66 160
67 0
67 1
67 3
67 4
67 5
67 6
67 7
67 8
67 10
67 11
67 12
67 13
67 14
67 15
67 16
67 18
67 19
67 21
67 22
67 23
67 24
67 26
67 27
67 28
67 30
67 31
67 32
67 35
67 36
67 37
67 38
67 40
67 42
67 44
67 46
67 49
67 50
67 51
67 52
67 53
67 54
67 55
67 56
67 57
67 58
67 59
67 61
67 63
67 64
67 65
67 66
67 68
67 69
67 70
67 71
67 72
67 73
67 74
67 75
67 76
67 77
67 79
67 80
67 83
67 84
67 86
67 87
67 89
67 91
67 93
67 94
67 95
67 96
67 97
67 98
67 100
67 101
67 102
67 103
67 104
67 105
67 106
67 107
67 109
67 110
67 111
67 112
67 113
67 114
67 115
67 116
67 117
67 118
67 120
67 121
67 122
67 125
67 126
67 129
67 130
67 131
67 133
67 135
67 136
67 137
67 138
67 141
67 142
67 143
67 145
67 146
67 147
67 148
67 149
67 150
67 152
67 153
67 154
67 156
67 157
67 160
68 0
68 1
68 3
68 4
68 5
68 6
68 7
68 8
68 9
68 10
68 11
68 12
68 13
68 14
68 15
68 16
68 18
68 19
68 21
68 22
68 23
68 24
68 26
68 27
68 28
68 30
68 31
68 32
68 33
68 35
68 36
68 37
68 38
68 40
68 42
68 44
68 46
68 49
68 50
68 51
68 52
68 53
68 54
68 55
68 56
68 57
68 58
68 59
68 61
68 63
68 64
68 65
68 66
68 67
68 69
68 70
68 71
68 72
68 73
68 74
68 75
68 76
68 77
68 79
68 80
68 83
68 84
68 86
68 87
68 89
68 90
68 91
68 93
68 94
68 95
68 96
68 97
68 98
68 100
68 101
68 102
68 103
68 104
68 105
68 106
68 107
68 109
68 110
68 111
68 112
68 113
68 114
68 115
68 116
68 117
68 118
68 120
68 121
68 122
68 125
68 126
68 129
68 130
68 131
68 133
68 135
68 136
68 137
68 138
68 141
68 142
68 143
68 145
68 146
68 147
68 148
68 149
68 150
68 152
68 153
68 154
68 156
68 157
68 160
69 0
69 1
69 3
69 4
69 5
69 6
69 7
69 8
69 9
69 10
69 11
69 12
69 13
69 14
69 15
69 18
69 19
69 21
69 22
69 23
69 24
69 26
69 27
69 28
69 30
69 31
69 32
69 33
69 35
69 36
69 37
69 38
69 40
69 42
69 44
69 46
69 49
69 50
69 51
69 52
69 54
69 55
69 56
69 57
69 58
69 59
69 61
69 63
69 64
69 65
69 66
69 67
69 68
69 70
69 71
69 72
69 73
69 74
69 75
69 76
69 77
69 79
69 80
69 83
69 84
69 86
69 87
69 89
69 91
69 93
69 94
69 96
69 97
69 98
69 100
69 101
69 102
69 104
69 105
69 106
69 107
69 109
69 110
69 111
69 112
69 113
69 114
69 115
69 117
69 118
69 120
69 122
69 125
69 126
69 129
69 130
69 131
69 133
69 135
69 136
69 137
69 138
69 141
69 142
69 143
69 145
69 146
69 147
69 148
69 149
69 150
69 152
69 153
69 154
69 156
69 157
69 160
70 0
70 1
70 3
70 4
70 5
70 6
70 7
70 8
70 9
70 10
70 11
70 12
70 13
70 14
70 15
70 16
70 18
70 19
70 21
70 22
70 23
70 24
70 26
70 27
70 30
70 31
70 32
70 33
70 35
70 36
70 37
70 38
70 40
70 42
70 44
70 46
70 49
70 50
70 51
70 52
70 53
70 54
70 55
70 56
70 57
70 58
70 59
70 61
70 63
70 64
70 65
70 66
70 67
70 68
70 69
70 71
70 72
70 73
70 74
70 75
70 76
70 77
70 79
70 80
70 83
70 84
70 86
70 87
70 89
70 90
70 91
70 93
70 94
70 95
70 96
70 97
70 98
70 100
70 101
70 102
70 103
70 104
70 105
70 106
70 107
70 110
70 111
70 112
70 113
70 114
70 115
70 116
70 117
70 118
70 120
70 121
70 122
70 125
70 126
70 129
70 130
70 131
70 133
70 135
70 136
70 137
70 138
70 141
70 142
70 143
70 145
70 146
70 147
70 148
70 149
70 150
70 152
70 153
70 154
70 157
70 160
71 0
71 1
71 3
71 4
71 5
71 6
71 7
71 8
71 9
71 10
71 11
71 12
71 14
71 15
71 16
71 19
71 21
71 23
71 24
71 26
71 28
71 30
71 31
71 32
71 35
71 36
71 37
71 38
71 40
71 42
71 44
71 46
71 49
71 50
71 51
71 52
71 53
71 54
71 55
71 56
71 57
71 58
71 59
71 61
71 63
71 64
71 65
71 67
71 68
71 69
71 70
71 72
71 73
71 74
71 75
71 76
71 77
71 79
71 80
71 83
71 84
71 86
71 89
71 91
71 93
71 94
71 95
71 96
71 97
71 98
71 100
71 101
71 102
71 103
71 104
71 105
71 106
71 107
71 109
71 110
71 111
71 112
71 113
71 114
71 115
71 116
71 117
71 118
71 120
71 121
71 122
71 125
71 126
71 129
71 130
71 131
71 133
71 135
71 137
71 138
71 141
71 142
71 143
71 146
71 147
71 148
71 149
71 150
71 152
71 153
71 154
71 156
71 157
71 160
72 0
72 1
72 3
72 4
72 5
72 6
72 7
72 8
72 9
72 10
72 11
72 12
72 13
72 14
72 15
72 16
72 18
72 19
72 21
72 22
72 23
72 24
72 26
72 27
72 28
72 30
72 31
72 32
72 33
72 35
72 36
72 37
72 38
72 40
72 42
72 44
72 46
72 49
72 50
72 51
72 52
72 53
72 54
72 55
72 56
72 57
72 58
72 59
72 61
72 63
72 64
72 65
72 66
72 67
72 68
72 69
72 70
72 71
72 73
72 74
72 75
72 76
72 77
72 79
72 80
72 83
72 84
72 86
72 87
72 89
72 90
72 91
72 93
72 94
72 95
72 96
72 97
72 98
72 100
72 101
72 102
72 103
72 104
72 105
72 106
72 107
72 109
72 110
72 111
72 112
72 113
72 114
72 115
72 116
72 117
72 118
72 120
72 121
72 122
72 124
72 125
72 126
72 129
72 130
72 131
72 133
72 135
72 136
72 137
72 138
72 141
72 142
72 143
72 145
72 146
72 147
72 148
72 149
72 150
72 152
72 153
72 154
72 156
72 157
72 160
73 0
73 1
73 4
73 6
73 7
73 8
73 10
73 13
73 14
73 16
73 18
73 19
73 21
73 22
73 23
73 24
73 26
73 27
73 28
73 30
73 31
73 32
73 35
73 36
73 37
73 38
73 40
73 44
73 49
73 50
73 51
73 52
73 53
73 54
73 56
73 57
73 58
73 59
73 61
73 64
73 65
73 66
73 67
73 68
73 69
73 70
73 71
73 72
73 74
73 76
73 77
73 79
73 80
73 83
73 84
73 87
73 89
73 91
73 94
73 97
73 98
73 100
73 101
73 102
73 106
73 107
73 111
73 112
73 113
73 114
73 115
73 116
73 117
73 118
73 120
73 122
73 125
73 129
73 130
73 131
73 133
73 135
73 136
73 137
73 138
73 141
73 142
73 143
73 145
73 146
73 147
73 148
73 149
73 152
73 153
73 154
73 160
74 0
74 1
74 3
74 4
74 5
74 6
74 7
74 8
74 9
74 10
74 11
74 12
74 13
74 14
74 15
74 16
74 18
74 19
74 21
74 22
74 23
74 24
74 26
74 27
74 28
74 30
74 31
74 32
74 33
74 35
74 36
74 37
74 38
74 40
74 42
74 44
74 46
74 49
74 50
74 51
74 52
74 53
74 54
74 55
74 56
74 57
74 58
74 59
74 61
74 63
74 64
74 65
74 66
74 67
74 68
74 69
74 70
74 71
74 72
74 73
74 75
74 76
74 77
74 79
74 80
74 83
74 84
74 86
74 87
74 89
74 90
74 91
74 93
74 94
74 95
74 96
74 97
74 98
74 100
74 101
74 102
74 103
74 104
74 105
74 106
74 107
74 109
74 110
74 111
74 112
74 113
74 114
74 115
74 116
74 117
74 118
74 120
74 121
74 122
74 124
74 125
74 126
74 129
74 130
74 131
74 133
74 135
74 136
74 137
74 138
74 141
74 142
74 143
74 145
74 146
74 147
74 148
74 149
74 150
74 152
74 153
74 154
74 156
74 157
74 160
75 1
75 4
75 5
75 6
75 7
75 10
75 11
75 12
75 13
75 14
75 19
75 21
75 22
75 24
75 26
75 27
75 30
75 31
75 35
75 36
75 37
75 38
75 40
75 42
75 44
75 46
75 49
75 51
75 52
75 54
75 55
75 56
75 57
75 59
75 63
75 64
75 65
75 67
75 68
75 70
75 71
75 72
75 73
75 74
75 76
75 77
75 79
75 80
75 83
75 84
75 86
75 87
75 89
75 90
75 91
75 93
75 94
75 97
75 100
75 101
75 102
75 103
75 104
75 105
75 106
75 107
75 109
75 112
75 113
75 114
75 115
75 117
75 118
75 121
75 125
75 126
75 129
75 130
75 131
75 133
75 136
75 137
75 138
75 142
75 143
75 145
75 146
75 147
75 149
75 150
75 152
75 153
75 154
75 157
75 160
76 1
76 3
76 4
76 6
76 7
76 8
76 10
76 11
76 12
76 14
76 16
76 19
76 21
76 26
76 27
76 30
76 31
76 32
76 35
76 38
76 40
76 44
76 49
76 51
76 52
76 54
76 56
76 57
76 58
76 64
76 65
76 67
76 68
76 70
76 71
76 72
76 73
76 74
76 75
76 77
76 79
76 80
76 84
76 86
76 89
76 93
76 94
76 98
76 101
76 102
76 103
76 104
76 106
76 112
76 113
76 114
76 115
76 117
76 118
76 120
76 129
76 130
76 131
76 133
76 135
76 137
76 138
76 142
76 143
76 146
76 147
76 150
76 152
76 154
77 3
77 4
77 6
77 7
77 8
77 10
77 11
77 13
77 14
77 15
77 16
77 18
77 19
77 21
77 22
77 24
77 26
77 27
77 30
77 31
77 32
77 37
77 38
77 40
77 42
77 46
77 49
77 50
77 51
77 52
77 53
77 54
77 55
77 56
77 57
77 58
77 59
77 61
77 63
77 64
77 65
77 67
77 68
77 69
77 70
77 71
77 72
77 74
77 76
77 79
77 80
77 84
77 86
77 89
77 91
77 94
77 97
77 98
77 101
77 102
77 106
77 107
77 112
77 113
77 114
77 115
77 116
77 117
77 118
77 120
77 121
77 122
77 125
77 129
77 130
77 131
77 133
77 135
77 137
77 138
77 141
77 142
77 145
77 146
77 147
77 148
77 149
77 152
77 153
77 154
77 157
78 6
78 7
78 19
78 24
78 37
78 51
78 53
78 54
78 64
78 65
78 70
78 72
78 74
78 79
78 84
78 101
78 118
78 125
78 129
78 130
78 131
78 133
78 138
78 142
78 146
78 150
78 152
78 154
79 0
79 1
79 3
79 4
79 6
79 7
79 8
79 9
79 10
79 11
79 12
79 13
79 14
79 15
79 16
79 18
79 19
79 21
79 22
79 23
79 24
79 26
79 27
79 30
79 31
79 32
79 33
79 35
79 36
79 37
79 38
79 40
79 42
79 44
79 46
79 49
79 50
79 51
79 52
79 53
79 54
79 55
79 56
79 57
79 58
79 59
79 61
79 63
79 64
79 65
79 66
79 67
79 68
79 69
79 70
79 71
79 72
79 73
79 74
79 75
79 76
79 77
79 80
79 83
79 84
79 86
79 87
79 89
79 90
79 91
79 93
79 94
79 95
79 96
79 97
79 98
79 100
79 101
79 102
79 103
79 105
79 106
79 107
79 109
79 110
79 111
79 112
79 113
79 114
79 115
79 116
79 117
79 118
79 120
79 121
79 122
79 124
79 125
79 126
79 129
79 130
79 131
79 133
79 135
79 136
79 137
79 138
79 141
79 142
79 143
79 145
79 146
79 147
79 149
79 150
79 152
79 153
79 154
79 156
79 157
79 160
80 1
80 4
80 6
80 7
80 8
80 10
80 11
80 13
80 14
80 16
80 18
80 19
80 21
80 22
80 26
80 30
80 31
80 32
80 36
80 37
80 38
80 40
80 42
80 44
80 46
80 49
80 50
80 51
80 52
80 54
80 55
80 56
80 57
80 63
80 64
80 65
80 66
80 67
80 68
80 70
80 71
80 72
80 73
80 74
80 75
80 79
80 84
80 87
80 89
80 91
80 93
80 94
80 95
80 98
80 100
80 101
80 102
80 105
80 107
80 113
80 114
80 115
80 117
80 118
80 121
80 125
80 126
80 129
80 130
80 131
80 133
80 135
80 136
80 137
80 138
80 141
80 142
80 143
80 145
80 146
80 147
80 149
80 150
80 152
80 153
80 154
80 157
80 160
81 4
81 6
81 7
81 11
81 13
81 14
81 15
81 19
81 21
81 22
81 26
81 28
81 31
81 32
81 35
81 38
81 40
81 42
81 44
81 46
81 49
81 51
81 54
81 55
81 56
81 64
81 65
81 67
81 68
81 72
81 74
81 75
81 76
81 79
81 84
81 89
81 93
81 97
81 98
81 101
81 106
81 107
81 110
81 115
81 117
81 122
81 125
81 129
81 130
81 131
81 133
81 135
81 137
81 138
81 142
81 147
81 152
81 154
82 0
82 3
82 4
82 6
82 7
82 11
82 12
82 14
82 21
82 24
82 26
82 27
82 31
82 35
82 38
82 40
82 44
82 49
82 50
82 54
82 56
82 64
82 65
82 66
82 67
82 68
82 70
82 72
82 74
82 76
82 79
82 80
82 84
82 86
82 87
82 89
82 94
82 97
82 101
82 106
82 117
82 121
82 125
82 126
82 129
82 131
82 133
82 138
82 142
82 146
82 147
82 149
82 152
82 153
82 154
82 160
83 4
83 5
83 6
83 7
83 13
83 14
83 16
83 19
83 21
83 22
83 26
83 30
83 31
83 32
83 35
83 37
83 38
83 40
83 42
83 46
83 49
83 50
83 51
83 54
83 55
83 56
83 57
83 59
83 64
83 65
83 66
83 67
83 68
83 70
83 71
83 72
83 74
83 75
83 79
83 80
83 84
83 86
83 89
83 94
83 97
83 100
83 101
83 102
83 105
83 106
83 111
83 112
83 113
83 115
83 116
83 117
83 120
83 125
83 126
83 129
83 130
83 131
83 133
83 136
83 137
83 138
83 141
83 142
83 146
83 147
83 152
83 154
83 157
83 160
84 1
84 3
84 4
84 5
84 6
84 7
84 8
84 11
84 12
84 13
84 14
84 15
84 18
84 19
84 21
84 22
84 23
84 24
84 26
84 30
84 31
84 32
84 37
84 38
84 40
84 42
84 44
84 46
84 49
84 50
84 51
84 52
84 53
84 54
84 55
84 56
84 57
84 59
84 61
84 63
84 64
84 65
84 67
84 68
84 70
84 71
84 72
84 73
84 74
84 75
84 76
84 77
84 79
84 80
84 83
84 86
84 87
84 89
84 94
84 97
84 101
84 102
84 104
84 105
84 106
84 107
84 109
84 110
84 112
84 115
84 116
84 117
84 118
84 120
84 122
84 125
84 126
84 129
84 130
84 131
84 133
84 136
84 137
84 138
84 141
84 142
84 145
84 146
84 147
84 148
84 149
84 150
84 152
84 153
84 154
84 157
84 160
85 0
85 4
85 7
85 10
85 11
85 12
85 13
85 14
85 16
85 19
85 30
85 31
85 37
85 40
85 44
85 49
85 51
85 54
85 55
85 56
85 57
85 63
85 65
85 66
85 68
85 72
85 73
85 74
85 76
85 79
85 83
85 84
85 89
85 94
85 95
85 97
85 101
85 102
85 105
85 106
85 113
85 114
85 115
85 117
85 125
85 129
85 130
85 131
85 133
85 137
85 138
85 142
85 146
85 147
85 150
85 152
85 154
86 1
86 4
86 5
86 6
86 7
86 9
86 11
86 12
86 14
86 16
86 18
86 19
86 21
86 22
86 23
86 26
86 30
86 31
86 32
86 35
86 36
86 37
86 38
86 40
86 42
86 46
86 49
86 50
86 51
86 52
86 54
86 56
86 57
86 58
86 59
86 61
86 64
86 65
86 67
86 68
86 69
86 70
86 71
86 72
86 74
86 79
86 84
86 89
86 91
86 94
86 97
86 100
86 101
86 102
86 106
86 110
86 112
86 113
86 114
86 115
86 117
86 118
86 126
86 129
86 130
86 131
86 133
86 135
86 136
86 137
86 138
86 142
86 145
86 146
86 147
86 150
86 152
86 153
86 154
86 157
86 160
87 1
87 3
87 4
87 5
87 6
87 7
87 8
87 11
87 14
87 15
87 16
87 18
87 21
87 22
87 23
87 26
87 30
87 31
87 32
87 37
87 38
87 40
87 46
87 49
87 50
87 51
87 54
87 55
87 56
87 58
87 63
87 64
87 65
87 67
87 68
87 70
87 71
87 72
87 74
87 76
87 77
87 79
87 80
87 83
87 84
87 89
87 91
87 93
87 94
87 95
87 98
87 101
87 102
87 105
87 106
87 107
87 109
87 111
87 113
87 115
87 116
87 117
87 118
87 125
87 129
87 130
87 131
87 133
87 135
87 136
87 137
87 138
87 141
87 142
87 145
87 146
87 149
87 150
87 152
87 154
88 1
88 3
88 6
88 7
88 10
88 11
88 12
88 13
88 14
88 19
88 21
88 23
88 26
88 31
88 32
88 35
88 36
88 40
88 44
88 49
88 51
88 54
88 55
88 56
88 59
88 64
88 65
88 66
88 67
88 68
88 69
88 70
88 71
88 72
88 74
88 75
88 76
88 77
88 79
88 80
88 83
88 84
88 87
88 94
88 95
88 97
88 98
88 101
88 102
88 104
88 105
88 113
88 114
88 115
88 116
88 117
88 118
88 129
88 130
88 131
88 133
88 137
88 138
88 141
88 142
88 143
88 145
88 146
88 147
88 149
88 150
88 152
88 153
88 154
88 160
89 0
89 1
89 3
89 4
89 5
89 6
89 7
89 8
89 9
89 10
89 11
89 12
89 13
89 14
89 15
89 16
89 18
89 19
89 21
89 22
89 23
89 24
89 26
89 27
89 28
89 30
89 31
89 32
89 33
89 35
89 36
89 37
89 38
89 40
89 42
89 44
89 46
89 49
89 50
89 51
89 52
89 53
89 54
89 55
89 56
89 57
89 58
89 59
89 61
89 63
89 64
89 65
89 66
89 67
89 68
89 69
89 70
89 71
89 72
89 73
89 74
89 75
89 76
89 77
89 79
89 80
89 83
89 84
89 86
89 87
89 90
89 93
89 94
89 95
89 97
89 98
89 100
89 101
89 102
89 103
89 104
89 105
89 106
89 107
89 109
89 110
89 111
89 112
89 113
89 114
89 115
89 116
89 117
89 118
89 120
89 121
89 122
89 124
89 125
89 126
89 129
89 130
89 131
89 133
89 135
89 136
89 137
89 138
89 141
89 142
89 143
89 145
89 146
89 147
89 148
89 150
89 152
89 153
89 154
89 157
89 160
90 6
90 7
90 12
90 22
90 26
90 31
90 32
90 38
90 44
90 49
90 50
90 51
90 54
90 56
90 64
90 68
90 70
90 72
90 74
90 76
90 77
90 79
90 80
90 83
90 87
90 89
90 94
90 101
90 102
90 115
90 117
90 120
90 125
90 129
90 130
90 131
90 133
90 137
90 138
90 142
90 147
90 152
90 154
90 157
91 1
91 3
91 4
91 6
91 7
91 10
91 11
91 12
91 13
91 14
91 19
91 21
91 22
91 24
91 26
91 31
91 32
91 35
91 37
91 38
91 40
91 44
91 46
91 49
91 50
91 51
91 54
91 56
91 57
91 58
91 59
91 64
91 65
91 66
91 67
91 68
91 69
91 70
91 71
91 72
91 74
91 75
91 77
91 79
91 83
91 84
91 89
91 94
91 97
91 101
91 102
91 103
91 105
91 106
91 109
91 112
91 114
91 115
91 118
91 121
91 126
91 129
91 130
91 131
91 133
91 138
91 141
91 142
91 145
91 146
91 147
91 149
91 150
91 152
91 154
91 157
91 160
92 1
92 4
92 6
92 7
92 10
92 11
92 14
92 15
92 16
92 19
92 21
92 22
92 26
92 31
92 32
92 37
92 38
92 40
92 49
92 51
92 53
92 54
92 55
92 56
92 57
92 59
92 63
92 64
92 65
92 66
92 67
92 68
92 69
92 70
92 71
92 72
92 74
92 76
92 79
92 80
92 84
92 87
92 89
92 94
92 97
92 100
92 101
92 105
92 106
92 107
92 112
92 114
92 115
92 117
92 118
92 126
92 129
92 130
92 131
92 133
92 135
92 137
92 138
92 142
92 145
92 146
92 147
92 150
92 152
92 154
92 157
92 160
93 1
93 5
93 6
93 7
93 8
93 10
93 11
93 12
93 13
93 14
93 16
93 18
93 19
93 21
93 22
93 26
93 30
93 31
93 32
93 36
93 37
93 38
93 40
93 42
93 44
93 49
93 50
93 51
93 54
93 55
93 56
93 57
93 59
93 63
93 64
93 65
93 68
93 69
93 70
93 71
93 72
93 74
93 75
93 76
93 77
93 79
93 80
93 83
93 84
93 86
93 87
93 89
93 90
93 94
93 95
93 97
93 98
93 101
93 105
93 106
93 110
93 112
93 114
93 115
93 116
93 117
93 118
93 120
93 125
93 126
93 129
93 130
93 131
93 133
93 135
93 136
93 137
93 138
93 141
93 142
93 143
93 145
93 147
93 149
93 150
93 152
93 153
93 154
93 156
93 160
94 0
94 1
94 3
94 4
94 5
94 6
94 7
94 8
94 9
94 10
94 11
94 12
94 13
94 14
94 16
94 18
94 19
94 21
94 23
94 24
94 26
94 27
94 28
94 30
94 31
94 32
94 33
94 36
94 37
94 38
94 40
94 42
94 44
94 46
94 49
94 50
94 51
94 52
94 53
94 54
94 55
94 56
94 57
94 58
94 59
94 64
94 65
94 66
94 67
94 68
94 69
94 70
94 71
94 72
94 73
94 74
94 75
94 76
94 77
94 79
94 80
94 83
94 84
94 86
94 87
94 89
94 91
94 93
94 95
94 96
94 97
94 98
94 100
94 101
94 102
94 103
94 104
94 105
94 106
94 107
94 109
94 110
94 111
94 112
94 113
94 114
94 115
94 116
94 117
94 118
94 120
94 121
94 122
94 124
94 125
94 126
94 129
94 130
94 131
94 133
94 135
94 136
94 137
94 138
94 141
94 142
94 143
94 145
94 146
94 147
94 148
94 149
94 150
94 152
94 153
94 154
94 156
94 157
94 160
95 1
95 4
95 6
95 7
95 10
95 12
95 14
95 21
95 22
95 26
95 30
95 31
95 32
95 36
95 37
95 38
95 49
95 50
95 51
95 54
95 56
95 65
95 67
95 68
95 70
95 72
95 73
95 74
95 76
95 79
95 83
95 84
95 89
95 93
95 94
95 101
95 105
95 106
95 110
95 112
95 113
95 115
95 118
95 129
95 130
95 131
95 133
95 137
95 138
95 141
95 142
95 147
95 149
95 150
95 152
95 154
95 157
96 0
96 6
96 7
96 11
96 12
96 14
96 19
96 21
96 26
96 31
96 32
96 37
96 38
96 40
96 44
96 49
96 51
96 54
96 56
96 64
96 65
96 68
96 70
96 74
96 76
96 79
96 83
96 84
96 93
96 97
96 101
96 103
96 105
96 106
96 107
96 112
96 114
96 117
96 118
96 129
96 130
96 131
96 133
96 137
96 138
96 142
96 145
96 147
96 150
96 152
96 154
96 157
96 160
97 0
97 1
97 3
97 4
97 5
97 6
97 7
97 9
97 11
97 12
97 13
97 14
97 15
97 18
97 19
97 21
97 22
97 23
97 24
97 26
97 27
97 28
97 30
97 31
97 32
97 35
97 36
97 37
97 38
97 42
97 44
97 46
97 49
97 50
97 51
97 52
97 54
97 55
97 56
97 57
97 58
97 59
97 63
97 64
97 65
97 66
97 67
97 68
97 69
97 70
97 71
97 72
97 73
97 74
97 75
97 76
97 77
97 79
97 80
97 83
97 84
97 86
97 87
97 89
97 90
97 91
97 94
97 95
97 98
97 101
97 102
97 105
97 106
97 107
97 110
97 111
97 112
97 113
97 115
97 116
97 117
97 118
97 121
97 125
97 129
97 130
97 131
97 133
97 135
97 137
97 138
97 141
97 142
97 143
97 145
97 146
97 147
97 149
97 150
97 152
97 153
97 154
97 157
98 1
98 6
98 7
98 8
98 10
98 11
98 13
98 14
98 15
98 18
98 19
98 21
98 24
98 26
98 30
98 31
98 32
98 36
98 37
98 38
98 40
98 49
98 50
98 51
98 53
98 54
98 55
98 56
98 59
98 63
98 64
98 65
98 66
98 67
98 68
98 69
98 70
98 71
98 72
98 74
98 75
98 79
98 80
98 83
98 84
98 89
98 93
98 97
98 101
98 102
98 104
98 105
98 106
98 107
98 112
98 113
98 114
98 115
98 116
98 117
98 118
98 125
98 126
98 129
98 131
98 133
98 135
98 137
98 138
98 141
98 142
98 143
98 147
98 152
98 153
98 154
98 157
98 160
99 1
99 6
99 8
99 10
99 11
99 12
99 13
99 14
99 16
99 18
99 26
99 31
99 32
99 35
99 37
99 38
99 40
99 44
99 49
99 50
99 51
99 52
99 54
99 55
99 56
99 57
99 64
99 65
99 67
99 68
99 70
99 71
99 72
99 74
99 75
99 76
99 77
99 79
99 83
99 84
99 89
99 93
99 94
99 95
99 98
99 101
99 106
99 110
99 114
99 115
99 116
99 117
99 122
99 125
99 126
99 129
99 130
99 131
99 133
99 135
99 136
99 137
99 138
99 141
99 142
99 145
99 146
99 147
99 149
99 152
99 153
99 154
99 157
99 160
100 0
100 1
100 4
100 6
100 7
100 9
100 11
100 12
100 14
100 15
100 18
100 19
100 21
100 22
100 24
100 26
100 31
100 35
100 36
100 38
100 49
100 51
100 53
100 54
100 55
100 56
100 57
100 59
100 61
100 64
100 65
100 67
100 68
100 70
100 71
100 72
100 74
100 76
100 77
100 79
100 83
100 84
100 87
100 93
100 94
100 97
100 98
100 101
100 102
100 104
100 105
100 106
100 109
100 112
100 113
100 115
100 116
100 117
100 118
100 122
100 125
100 129
100 131
100 133
100 135
100 137
100 138
100 141
100 142
100 145
100 146
100 150
100 152
100 153
100 154
101 0
101 1
101 3
101 4
101 5
101 6
101 7
101 8
101 9
101 10
101 11
101 12
101 13
101 14
101 15
101 16
101 18
101 19
101 21
101 22
101 23
101 24
101 26
101 27
101 28
101 30
101 31
101 32
101 33
101 35
101 36
101 37
101 38
101 40
101 42
101 44
101 46
101 49
101 50
101 51
101 52
101 53
101 54
101 55
101 56
101 57
101 58
101 59
101 61
101 63
101 64
101 65
101 66
101 67
101 68
101 69
101 70
101 71
101 72
101 73
101 74
101 75
101 76
101 77
101 79
101 80
101 83
101 84
101 86
101 87
101 89
101 90
101 91
101 93
101 94
101 95
101 96
101 97
101 98
101 100
101 102
101 103
101 104
101 105
101 106
101 107
101 109
101 110
101 111
101 112
101 113
101 114
101 115
101 116
101 117
101 118
101 120
101 121
101 122
101 124
101 125
101 126
101 129
101 130
101 131
101 133
101 135
101 136
101 137
101 138
101 141
101 142
101 143
101 145
101 146
101 147
101 148
101 149
101 150
101 152
101 153
101 154
101 156
101 157
101 160
102 0
102 1
102 3
102 4
102 5
102 6
102 7
102 8
102 9
102 10
102 11
102 12
102 13
102 14
102 15
102 16
102 18
102 19
102 21
102 22
102 23
102 24
102 26
102 28
102 30
102 31
102 32
102 33
102 35
102 36
102 37
102 38
102 40
102 42
102 44
102 46
102 49
102 50
102 51
102 52
102 54
102 55
102 56
102 57
102 59
102 61
102 63
102 64
102 65
102 66
102 67
102 68
102 69
102 70
102 71
102 72
102 73
102 74
102 75
102 76
102 77
102 79
102 80
102 83
102 84
102 86
102 87
102 89
102 91
102 93
102 94
102 95
102 96
102 97
102 98
102 101
102 103
102 105
102 106
102 107
102 109
102 110
102 111
102 112
102 113
102 114
102 115
102 116
102 117
102 118
102 120
102 121
102 122
102 125
102 126
102 129
102 130
102 131
102 133
102 135
102 136
102 137
102 138
102 141
102 142
102 143
102 145
102 146
102 147
102 148
102 149
102 150
102 152
102 153
102 154
102 157
102 160
103 1
103 3
103 4
103 6
103 7
103 10
103 11
103 12
103 13
103 14
103 16
103 19
103 26
103 28
103 30
103 31
103 32
103 36
103 37
103 38
103 40
103 44
103 46
103 49
103 51
103 54
103 55
103 56
103 61
103 64
103 65
103 67
103 68
103 69
103 70
103 72
103 74
103 76
103 77
103 79
103 80
103 83
103 84
103 86
103 89
103 91
103 94
103 98
103 100
103 104
103 106
103 113
103 114
103 115
103 116
103 117
103 118
103 121
103 122
103 125
103 126
103 129
103 130
103 131
103 133
103 135
103 137
103 138
103 141
103 142
103 143
103 145
103 146
103 147
103 149
103 152
103 154
103 157
104 3
104 6
104 7
104 11
104 12
104 14
104 21
104 26
104 31
104 32
104 35
104 37
104 38
104 40
104 44
104 49
104 51
104 54
104 56
104 58
104 59
104 64
104 65
104 66
104 67
104 68
104 69
104 70
104 72
104 74
104 75
104 79
104 83
104 84
104 87
104 89
104 97
104 101
104 102
104 105
104 106
104 107
104 112
104 113
104 114
104 115
104 117
104 118
104 121
104 129
104 131
104 133
104 137
104 138
104 142
104 143
104 145
104 147
104 149
104 150
104 152
104 153
104 154
104 160
105 1
105 3
105 4
105 6
105 7
105 9
105 10
105 11
105 13
105 14
105 19
105 21
105 23
105 26
105 27
105 30
105 31
105 32
105 36
105 37
105 38
105 40
105 46
105 49
105 50
105 51
105 52
105 53
105 54
105 55
105 56
105 58
105 59
105 63
105 64
105 65
105 66
105 67
105 68
105 69
105 70
105 71
105 72
105 74
105 75
105 76
105 77
105 79
105 80
105 83
105 84
105 87
105 89
105 91
105 93
105 94
105 95
105 97
105 98
105 101
105 102
105 106
105 107
105 112
105 113
105 115
105 116
105 117
105 118
105 120
105 121
105 125
105 129
105 133
105 138
105 142
105 143
105 145
105 146
105 147
105 149
105 150
105 152
105 154
105 157
105 160
106 1
106 3
106 4
106 5
106 6
106 7
106 8
106 9
106 10
106 11
106 12
106 13
106 14
106 15
106 16
106 18
106 19
106 21
106 22
106 23
106 24
106 26
106 27
106 28
106 30
106 31
106 32
106 33
106 35
106 36
106 37
106 38
106 40
106 42
106 44
106 46
106 49
106 50
106 51
106 52
106 53
106 54
106 55
106 56
106 57
106 58
106 59
106 61
106 63
106 64
106 65
106 66
106 67
106 68
106 69
106 70
106 71
106 72
106 73
106 74
106 75
106 76
106 77
106 79
106 80
106 83
106 84
106 86
106 87
106 89
106 90
106 91
106 93
106 94
106 95
106 96
106 97
106 98
106 100
106 101
106 102
106 103
106 104
106 105
106 107
106 109
106 110
106 111
106 112
106 113
106 114
106 115
106 116
106 117
106 118
106 120
106 121
106 122
106 124
106 125
106 126
106 129
106 130
106 131
106 133
106 135
106 136
106 137
106 138
106 141
106 142
106 143
106 145
106 146
106 147
106 148
106 149
106 150
106 152
106 153
106 154
106 156
106 157
106 160
107 1
107 4
107 6
107 7
107 10
107 11
107 12
107 14
107 16
107 18
107 19
107 21
107 23
107 26
107 30
107 31
107 32
107 37
107 40
107 44
107 49
107 50
107 51
107 52
107 53
107 54
107 55
107 56
107 57
107 58
107 59
107 64
107 65
107 66
107 67
107 68
107 69
107 70
107 72
107 74
107 76
107 79
107 80
107 84
107 89
107 91
107 93
107 94
107 97
107 98
107 100
107 101
107 102
107 103
107 104
107 106
107 112
107 113
107 114
107 115
107 116
107 117
107 120
107 121
107 125
107 126
107 129
107 130
107 131
107 133
107 135
107 136
107 137
107 138
107 141
107 142
107 147
107 149
107 150
107 152
107 154
107 157
107 160
108 0
108 1
108 3
108 4
108 5
108 6
108 7
108 8
108 9
108 10
108 11
108 12
108 13
108 14
108 15
108 16
108 18
108 19
108 21
108 22
108 23
108 24
108 26
108 27
108 28
108 30
108 31
108 32
108 33
108 35
108 37
108 38
108 40
108 42
108 44
108 46
108 49
108 50
108 51
108 52
108 53
108 54
108 56
108 57
108 59
108 61
108 63
108 64
108 65
108 66
108 67
108 68
108 69
108 70
108 72
108 73
108 74
108 75
108 76
108 77
108 79
108 80
108 83
108 84
108 87
108 89
108 90
108 91
108 93
108 94
108 95
108 96
108 97
108 98
108 100
108 101
108 102
108 105
108 106
108 107
108 109
108 110
108 111
108 112
108 113
108 114
108 115
108 116
108 117
108 118
108 120
108 121
108 122
108 125
108 126
108 129
108 130
108 131
108 133
108 135
108 136
108 137
108 138
108 141
108 142
108 143
108 145
108 146
108 147
108 148
108 149
108 150
108 152
108 153
108 154
108 156
108 157
108 160
109 0
109 1
109 3
109 4
109 6
109 7
109 10
109 11
109 12
109 13
109 14
109 15
109 16
109 18
109 19
109 21
109 23
109 24
109 26
109 27
109 28
109 31
109 32
109 35
109 36
109 38
109 40
109 44
109 49
109 50
109 51
109 52
109 54
109 55
109 56
109 57
109 58
109 59
109 61
109 63
109 64
109 65
109 66
109 67
109 68
109 70
109 71
109 72
109 73
109 74
109 75
109 76
109 77
109 79
109 80
109 84
109 87
109 89
109 90
109 91
109 93
109 94
109 95
109 97
109 98
109 100
109 101
109 102
109 103
109 104
109 105
109 106
109 107
109 110
109 111
109 113
109 114
109 115
109 116
109 117
109 118
109 122
109 125
109 126
109 129
109 130
109 131
109 133
109 135
109 137
109 138
109 141
109 142
109 143
109 145
109 147
109 149
109 150
109 152
109 153
109 154
109 156
109 157
110 1
110 6
110 7
110 10
110 12
110 13
110 18
110 26
110 27
110 30
110 31
110 32
110 40
110 51
110 54
110 56
110 64
110 65
110 66
110 67
110 68
110 70
110 71
110 72
110 74
110 79
110 84
110 89
110 94
110 97
110 98
110 101
110 106
110 115
110 118
110 122
110 125
110 126
110 129
110 130
110 131
110 133
110 135
110 138
110 142
110 150
110 152
110 154
111 1
111 4
111 6
111 7
111 9
111 11
111 13
111 14
111 15
111 16
111 19
111 21
111 22
111 23
111 26
111 28
111 31
111 32
111 35
111 36
111 37
111 38
111 40
111 44
111 51
111 54
111 56
111 57
111 59
111 64
111 65
111 67
111 68
111 70
111 72
111 73
111 74
111 76
111 79
111 80
111 84
111 87
111 89
111 91
111 93
111 94
111 97
111 98
111 101
111 105
111 106
111 107
111 109
111 110
111 112
111 113
111 114
111 115
111 117
111 118
111 121
111 125
111 129
111 130
111 131
111 133
111 135
111 137
111 138
111 141
111 142
111 145
111 147
111 148
111 150
111 152
111 153
111 154
111 160
112 0
112 1
112 3
112 4
112 6
112 7
112 8
112 9
112 10
112 11
112 12
112 13
112 14
112 15
112 18
112 19
112 21
112 22
112 24
112 26
112 27
112 30
112 31
112 32
112 35
112 37
112 38
112 40
112 42
112 44
112 46
112 49
112 50
112 51
112 52
112 54
112 55
112 56
112 57
112 58
112 59
112 61
112 63
112 64
112 65
112 67
112 68
112 69
112 70
112 71
112 72
112 73
112 74
112 76
112 77
112 79
112 80
112 83
112 84
112 86
112 87
112 89
112 91
112 93
112 94
112 95
112 97
112 98
112 100
112 101
112 102
112 103
112 104
112 105
112 106
112 109
112 110
112 113
112 114
112 115
112 116
112 117
112 118
112 120
112 121
112 122
112 125
112 126
112 129
112 130
112 131
112 133
112 135
112 137
112 138
112 141
112 142
112 145
112 146
112 147
112 148
112 150
112 152
112 153
112 154
112 157
112 160
113 0
113 1
113 4
113 6
113 7
113 8
113 10
113 11
113 12
113 13
113 14
113 18
113 19
113 21
113 22
113 24
113 26
113 27
113 28
113 30
113 31
113 32
113 35
113 36
113 37
113 38
113 40
113 42
113 44
113 46
113 49
113 50
113 51
113 52
113 53
113 54
113 55
113 56
113 57
113 59
113 61
113 64
113 65
113 66
113 67
113 68
113 70
113 71
113 72
113 74
113 75
113 76
113 77
113 79
113 80
113 83
113 84
113 86
113 87
113 89
113 90
113 91
113 93
113 94
113 95
113 97
113 98
113 100
113 101
113 102
113 103
113 104
113 105
113 106
113 107
113 109
113 111
113 112
113 114
113 115
113 116
113 117
113 118
113 121
113 122
113 125
113 126
113 129
113 130
113 131
113 133
113 135
113 136
113 137
113 138
113 141
113 142
113 143
113 145
113 146
113 147
113 148
113 149
113 150
113 152
113 153
113 154
113 157
113 160
114 0
114 1
114 3
114 4
114 5
114 6
114 7
114 8
114 9
114 10
114 11
114 12
114 13
114 14
114 15
114 16
114 18
114 19
114 21
114 22
114 23
114 24
114 26
114 27
114 28
114 30
114 31
114 32
114 35
114 36
114 37
114 38
114 40
114 42
114 44
114 46
114 49
114 50
114 51
114 52
114 53
114 54
114 55
114 56
114 57
114 58
114 59
114 61
114 63
114 64
114 65
114 66
114 67
114 68
114 69
114 70
114 71
114 72
114 73
114 74
114 75
114 76
114 77
114 79
114 80
114 83
114 84
114 86
114 87
114 89
114 90
114 91
114 93
114 94
114 95
114 96
114 97
114 98
114 100
114 101
114 102
114 103
114 104
114 105
114 106
114 107
114 109
114 110
114 111
114 112
114 113
114 115
114 116
114 117
114 118
114 120
114 121
114 122
114 125
114 126
114 129
114 130
114 131
114 133
114 135
114 136
114 137
114 138
114 141
114 142
114 143
114 145
114 146
114 147
114 148
114 149
114 150
114 152
114 153
114 154
114 156
114 157
115 0
115 1
115 3
115 4
115 6
115 7
115 8
115 9
115 10
115 11
115 12
115 13
115 14
115 15
115 16
115 18
115 19
115 21
115 22
115 23
115 26
115 27
115 28
115 30
115 31
115 32
115 33
115 35
115 36
115 37
115 38
115 40
115 42
115 44
115 46
115 49
115 50
115 51
115 52
115 53
115 54
115 55
115 56
115 57
115 58
115 59
115 61
115 63
115 64
115 65
115 66
115 67
115 68
115 69
115 70
115 71
115 72
115 73
115 74
115 75
115 76
115 77
115 79
115 80
115 83
115 84
115 86
115 87
115 89
115 91
115 93
115 94
115 95
115 96
115 97
115 98
115 100
115 101
115 102
115 103
115 104
115 106
115 107
115 109
115 110
115 111
115 112
115 113
115 114
115 116
115 117
115 118
115 120
115 121
115 122
115 124
115 125
115 126
115 129
115 130
115 131
115 133
115 136
115 137
115 138
115 141
115 142
115 143
115 145
115 146
115 147
115 148
115 149
115 150
115 152
115 153
115 154
115 156
115 157
115 160
116 1
116 4
116 6
116 7
116 11
116 13
116 14
116 16
116 19
116 21
116 22
116 23
116 24
116 26
116 30
116 31
116 35
116 36
116 37
116 38
116 40
116 49
116 51
116 52
116 54
116 55
116 56
116 57
116 58
116 59
116 64
116 65
116 66
116 67
116 68
116 69
116 70
116 71
116 72
116 73
116 74
116 75
116 76
116 77
116 80
116 83
116 84
116 87
116 90
116 93
116 94
116 98
116 100
116 101
116 102
116 103
116 106
116 107
116 109
116 110
116 111
116 112
116 113
116 114
116 118
116 121
116 122
116 125
116 126
116 129
116 130
116 131
116 133
116 135
116 137
116 138
116 141
116 142
116 146
116 147
116 149
116 150
116 152
116 153
116 154
117 0
117 1
117 3
117 4
117 5
117 6
117 7
117 9
117 10
117 11
117 12
117 13
117 14
117 15
117 16
117 18
117 19
117 21
117 22
117 23
117 24
117 26
117 27
117 30
117 31
117 32
117 36
117 37
117 38
117 40
117 42
117 44
117 46
117 49
117 50
117 51
117 52
117 53
117 54
117 55
117 56
117 57
117 58
117 59
117 61
117 63
117 64
117 65
117 66
117 67
117 68
117 69
117 70
117 71
117 72
117 73
117 74
117 75
117 76
117 77
117 79
117 80
117 83
117 84
117 86
117 87
117 89
117 90
117 93
117 94
117 95
117 96
117 97
117 98
117 100
117 101
117 102
117 103
117 104
117 105
117 106
117 107
117 109
117 110
117 111
117 112
117 113
117 114
117 115
117 116
117 118
117 120
117 121
117 122
117 125
117 126
117 129
117 130
117 131
117 133
117 135
117 136
117 137
117 138
117 141
117 142
117 143
117 145
117 146
117 147
117 148
117 149
117 150
117 152
117 153
117 154
117 156
117 157
117 160
118 0
118 1
118 3
118 4
118 5
118 6
118 7
118 8
118 9
118 10
118 11
118 12
118 13
118 14
118 15
118 16
118 18
118 19
118 21
118 22
118 23
118 24
118 26
118 27
118 28
118 30
118 31
118 32
118 35
118 36
118 37
118 38
118 40
118 42
118 44
118 46
118 49
118 50
118 51
118 52
118 53
118 54
118 55
118 56
118 57
118 58
118 59
118 61
118 63
118 64
118 65
118 66
118 67
118 68
118 69
118 70
118 71
118 72
118 73
118 74
118 75
118 76
118 77
118 79
118 80
118 83
118 84
118 86
118 87
118 89
118 90
118 91
118 93
118 94
118 95
118 97
118 98
118 100
118 101
118 102
118 104
118 105
118 106
118 107
118 109
118 110
118 112
118 113
118 114
118 115
118 116
118 117
118 120
118 121
118 122
118 125
118 126
118 129
118 130
118 131
118 133
118 135
118 136
118 137
118 138
118 141
118 142
118 143
118 145
118 146
118 147
118 148
118 149
118 150
118 152
118 153
118 154
118 157
118 160
119 1
119 6
119 7
119 14
119 19
119 26
119 31
119 44
119 51
119 54
119 55
119 56
119 64
119 65
119 67
119 70
119 72
119 74
119 76
119 79
119 80
119 84
119 87
119 89
119 91
119 94
119 97
119 101
119 106
119 112
119 115
119 117
119 118
119 125
119 126
119 129
119 131
119 133
119 135
119 138
119 142
119 145
119 147
119 152
119 154
119 157
120 7
120 11
120 14
120 15
120 19
120 26
120 37
120 51
120 53
120 54
120 56
120 58
120 63
120 64
120 65
120 70
120 72
120 74
120 76
120 79
120 89
120 91
120 101
120 102
120 112
120 118
120 131
120 133
120 137
120 138
120 147
120 149
120 152
120 154
121 6
121 7
121 14
121 21
121 26
121 30
121 36
121 38
121 40
121 49
121 51
121 54
121 56
121 65
121 67
121 70
121 72
121 74
121 79
121 84
121 94
121 95
121 98
121 105
121 106
121 115
121 117
121 125
121 130
121 131
121 133
121 137
121 138
121 141
121 142
121 149
121 152
121 154
122 4
122 6
122 7
122 14
122 19
122 21
122 26
122 30
122 32
122 40
122 51
122 54
122 57
122 64
122 67
122 68
122 70
122 72
122 74
122 79
122 80
122 84
122 87
122 97
122 98
122 101
122 106
122 114
122 115
122 118
122 125
122 129
122 130
122 131
122 133
122 135
122 137
122 138
122 141
122 142
122 152
122 154
123 6
123 7
123 11
123 14
123 19
123 22
123 31
123 32
123 49
123 51
123 54
123 68
123 74
123 83
123 91
123 94
123 101
123 113
123 115
123 129
123 131
123 133
123 137
123 138
123 141
123 152
123 154
124 7
124 12
124 14
124 16
124 19
124 26
124 37
124 49
124 51
124 54
124 72
124 74
124 79
124 83
124 84
124 94
124 101
124 106
124 109
124 115
124 117
124 118
124 125
124 129
124 130
124 131
124 133
124 138
124 142
124 146
124 150
124 152
124 154
125 1
125 3
125 4
125 5
125 6
125 7
125 8
125 9
125 10
125 11
125 12
125 13
125 14
125 15
125 16
125 18
125 19
125 21
125 22
125 23
125 26
125 27
125 28
125 31
125 32
125 35
125 36
125 37
125 38
125 40
125 42
125 44
125 46
125 49
125 50
125 51
125 52
125 54
125 55
125 56
125 57
125 58
125 61
125 63
125 64
125 65
125 66
125 67
125 68
125 69
125 70
125 71
125 72
125 73
125 74
125 75
125 76
125 77
125 79
125 80
125 84
125 86
125 87
125 89
125 91
125 93
125 94
125 97
125 98
125 100
125 101
125 102
125 103
125 104
125 105
125 106
125 107
125 109
125 110
125 111
125 112
125 113
125 114
125 115
125 116
125 117
125 118
125 120
125 121
125 122
125 126
125 129
125 130
125 131
125 133
125 137
125 138
125 141
125 142
125 143
125 145
125 147
125 148
125 149
125 150
125 152
125 154
125 157
126 0
126 1
126 3
126 4
126 6
126 7
126 10
126 11
126 12
126 14
126 21
126 22
126 23
126 26
126 30
126 31
126 32
126 35
126 36
126 37
126 38
126 40
126 44
126 49
126 51
126 52
126 54
126 55
126 56
126 57
126 58
126 59
126 61
126 63
126 64
126 65
126 66
126 67
126 68
126 69
126 70
126 71
126 72
126 73
126 74
126 75
126 76
126 77
126 79
126 80
126 83
126 84
126 86
126 87
126 89
126 91
126 93
126 94
126 97
126 98
126 100
126 101
126 102
126 104
126 105
126 106
126 107
126 110
126 112
126 113
126 114
126 115
126 116
126 117
126 118
126 121
126 125
126 129
126 130
126 131
126 133
126 135
126 136
126 137
126 138
126 141
126 142
126 143
126 145
126 146
126 147
126 149
126 150
126 152
126 153
126 154
126 157
126 160
127 1
127 6
127 7
127 10
127 11
127 14
127 19
127 21
127 26
127 27
127 30
127 31
127 32
127 37
127 38
127 40
127 49
127 50
127 51
127 54
127 55
127 56
127 57
127 59
127 63
127 64
127 65
127 66
127 68
127 70
127 71
127 72
127 73
127 74
127 75
127 76
127 77
127 79
127 80
127 84
127 89
127 91
127 93
127 94
127 96
127 97
127 101
127 102
127 105
127 106
127 107
127 109
127 111
127 112
127 113
127 114
127 115
127 117
127 118
127 122
127 125
127 129
127 131
127 133
127 137
127 138
127 141
127 142
127 146
127 147
127 148
127 150
127 152
127 153
127 154
127 160
128 4
128 6
128 7
128 10
128 11
128 13
128 14
128 19
128 23
128 26
128 30
128 31
128 32
128 35
128 37
128 40
128 51
128 52
128 54
128 56
128 57
128 64
128 65
128 68
128 70
128 72
128 74
128 76
128 79
128 80
128 89
128 94
128 101
128 102
128 105
128 106
128 109
128 113
128 114
128 115
128 116
128 117
128 118
128 125
128 126
128 129
128 130
128 131
128 133
128 137
128 138
128 142
128 146
128 150
128 152
128 154
129 0
129 1
129 3
129 4
129 5
129 6
129 7
129 8
129 9
129 10
129 11
129 12
129 13
129 14
129 15
129 16
129 18
129 19
129 21
129 22
129 23
129 24
129 26
129 27
129 28
129 30
129 31
129 32
129 33
129 35
129 36
129 37
129 38
129 40
129 42
129 44
129 46
129 49
129 50
129 51
129 52
129 53
129 54
129 55
129 56
129 57
129 58
129 59
129 61
129 63
129 64
129 65
129 66
129 67
129 68
129 69
129 70
129 71
129 72
129 73
129 74
129 75
129 76
129 77
129 79
129 80
129 83
129 84
129 86
129 87
129 89
129 91
129 93
129 94
129 95
129 96
129 97
129 98
129 100
129 101
129 102
129 103
129 104
129 105
129 106
129 107
129 109
129 110
129 111
129 112
129 113
129 114
129 115
129 116
129 117
129 118
129 120
129 121
129 122
129 125
129 126
129 130
129 131
129 133
129 135
129 136
129 137
129 138
129 141
129 142
129 143
129 145
129 146
129 147
129 148
129 149
129 150
129 152
129 153
129 154
129 156
129 157
129 160
130 3
130 4
130 5
130 6
130 7
130 9
130 10
130 11
130 12
130 13
130 14
130 18
130 19
130 21
130 22
130 26
130 31
130 32
130 37
130 38
130 40
130 46
130 49
130 50
130 51
130 52
130 54
130 56
130 57
130 58
130 59
130 64
130 65
130 66
130 67
130 68
130 69
130 70
130 71
130 72
130 73
130 74
130 76
130 77
130 79
130 80
130 83
130 84
130 87
130 89
130 91
130 94
130 97
130 98
130 100
130 101
130 102
130 105
130 106
130 107
130 111
130 112
130 113
130 114
130 115
130 117
130 118
130 121
130 125
130 126
130 129
130 131
130 133
130 137
130 138
130 141
130 142
130 143
130 149
130 150
130 152
130 153
130 154
130 157
131 0
131 1
131 3
131 4
131 5
131 6
131 7
131 8
131 9
131 10
131 11
131 12
131 13
131 14
131 15
131 16
131 18
131 19
131 21
131 22
131 23
131 24
131 26
131 27
131 28
131 30
131 31
131 32
131 33
131 35
131 36
131 37
131 38
131 40
131 42
131 44
131 46
131 49
131 50
131 51
131 52
131 53
131 54
131 55
131 56
131 57
131 58
131 59
131 61
131 63
131 64
131 65
131 66
131 67
131 68
131 69
131 70
131 71
131 72
131 73
131 74
131 75
131 76
131 77
131 79
131 80
131 83
131 84
131 86
131 87
131 89
131 90
131 91
131 93
131 94
131 95
131 96
131 97
131 98
131 100
131 101
131 102
131 103
131 104
131 105
131 106
131 107
131 109
131 110
131 111
131 112
131 113
131 114
131 115
131 116
131 117
131 118
131 120
131 121
131 122
131 124
131 125
131 126
131 129
131 130
131 133
131 135
131 136
131 137
131 138
131 141
131 142
131 143
131 145
131 146
131 147
131 148
131 149
131 150
131 152
131 153
131 154
131 156
131 157
131 160
132 6
132 7
132 11
132 19
132 26
132 32
132 51
132 54
132 65
132 68
132 72
132 74
132 76
132 79
132 84
132 86
132 94
132 101
132 107
132 113
132 114
132 117
132 131
132 133
132 138
132 141
132 142
132 145
132 146
132 152
132 154
133 0
133 1
133 3
133 4
133 5
133 6
133 7
133 8
133 9
133 10
133 11
133 12
133 13
133 14
133 15
133 16
133 18
133 19
133 21
133 22
133 23
133 24
133 26
133 27
133 28
133 30
133 31
133 32
133 33
133 35
133 36
133 37
133 38
133 40
133 42
133 44
133 46
133 49
133 50
133 51
133 52
133 53
133 54
133 55
133 56
133 57
133 58
133 59
133 61
133 63
133 64
133 65
133 66
133 67
133 68
133 69
133 70
133 71
133 72
133 73
133 74
133 75
133 76
133 77
133 79
133 80
133 83
133 84
133 86
133 87
133 89
133 90
133 91
133 93
133 94
133 95
133 96
133 97
133 98
133 100
133 101
133 102
133 103
133 104
133 105
133 106
133 107
133 109
133 110
133 111
133 112
133 113
133 114
133 115
133 116
133 117
133 118
133 120
133 121
133 122
133 124
133 125
133 126
133 129
133 130
133 131
133 135
133 136
133 137
133 138
133 141
133 142
133 143
133 145
133 146
133 147
133 148
133 149
133 150
133 152
133 153
133 154
133 156
133 157
133 160
134 0
134 1
134 3
134 4
134 5
134 6
134 7
134 8
134 10
134 11
134 12
134 13
134 14
134 15
134 16
134 18
134 19
134 21
134 22
134 23
134 24
134 26
134 27
134 30
134 31
134 32
134 35
134 36
134 37
134 38
134 40
134 44
134 46
134 49
134 50
134 51
134 52
134 54
134 55
134 56
134 57
134 58
134 59
134 61
134 63
134 64
134 65
134 67
134 68
134 69
134 70
134 71
134 72
134 73
134 74
134 75
134 76
134 77
134 79
134 80
134 83
134 84
134 86
134 87
134 89
134 91
134 93
134 94
134 95
134 97
134 98
134 100
134 101
134 102
134 103
134 104
134 105
134 106
134 107
134 109
134 112
134 113
134 114
134 115
134 116
134 117
134 118
134 120
134 121
134 122
134 126
134 129
134 130
134 131
134 133
134 135
134 137
134 138
134 141
134 142
134 143
134 145
134 146
134 147
134 148
134 150
134 152
134 153
134 154
134 156
134 157
134 160
135 1
135 6
135 7
135 9
135 10
135 11
135 12
135 14
135 16
135 18
135 19
135 21
135 22
135 23
135 26
135 30
135 31
135 32
135 37
135 38
135 40
135 49
135 51
135 52
135 54
135 56
135 61
135 64
135 65
135 67
135 68
135 70
135 72
135 74
135 76
135 77
135 79
135 80
135 84
135 86
135 87
135 89
135 91
135 93
135 98
135 100
135 101
135 102
135 105
135 106
135 107
135 110
135 112
135 113
135 117
135 118
135 125
135 129
135 130
135 131
135 133
135 137
135 138
135 141
135 142
135 143
135 145
135 147
135 148
135 149
135 150
135 152
135 154
135 157
136 1
136 4
136 6
136 7
136 8
136 9
136 10
136 11
136 14
136 18
136 19
136 21
136 26
136 31
136 32
136 35
136 36
136 37
136 38
136 40
136 49
136 50
136 51
136 54
136 55
136 56
136 59
136 61
136 64
136 65
136 66
136 67
136 68
136 69
136 70
136 71
136 72
136 74
136 75
136 76
136 79
136 84
136 89
136 94
136 98
136 101
136 102
136 104
136 105
136 106
136 107
136 113
136 114
136 115
136 117
136 122
136 125
136 126
136 129
136 130
136 133
136 137
136 138
136 141
136 142
136 146
136 147
136 149
136 152
136 154
136 157
136 160
137 0
137 1
137 3
137 4
137 5
137 6
137 7
137 8
137 9
137 10
137 11
137 12
137 13
137 14
137 15
137 16
137 18
137 19
137 21
137 22
137 23
137 24
137 26
137 28
137 30
137 31
137 32
137 33
137 35
137 36
137 37
137 38
137 40
137 42
137 44
137 46
137 49
137 50
137 51
137 52
137 53
137 54
137 55
137 56
137 57
137 58
137 59
137 61
137 63
137 64
137 65
137 66
137 67
137 68
137 69
137 70
137 71
137 72
137 73
137 74
137 75
137 76
137 77
137 79
137 80
137 83
137 84
137 86
137 87
137 89
137 90
137 91
137 93
137 94
137 95
137 96
137 97
137 98
137 100
137 101
137 102
137 103
137 104
137 105
137 106
137 107
137 109
137 110
137 111
137 112
137 113
137 114
137 115
137 116
137 117
137 118
137 120
137 121
137 122
137 124
137 125
137 126
137 129
137 130
137 131
137 133
137 135
137 136
137 138
137 141
137 142
137 143
137 145
137 146
137 147
137 148
137 149
137 150
137 152
137 153
137 154
137 157
137 160
138 0
138 1
138 3
138 4
138 5
138 6
138 7
138 8
138 9
138 10
138 11
138 12
138 13
138 14
138 15
138 16
138 18
138 19
138 21
138 22
138 23
138 24
138 26
138 27
138 28
138 30
138 31
138 32
138 33
138 35
138 36
138 37
138 38
138 40
138 42
138 44
138 46
138 49
138 50
138 51
138 52
138 53
138 54
138 55
138 56
138 57
138 58
138 59
138 61
138 63
138 64
138 65
138 66
138 67
138 68
138 69
138 70
138 71
138 72
138 73
138 74
138 75
138 76
138 77
138 79
138 80
138 83
138 84
138 86
138 87
138 89
138 90
138 91
138 93
138 94
138 95
138 96
138 97
138 98
138 100
138 101
138 102
138 103
138 104
138 105
138 106
138 107
138 109
138 110
138 111
138 112
138 113
138 114
138 115
138 116
138 117
138 118
138 120
138 121
138 122
138 124
138 125
138 126
138 129
138 130
138 131
138 133
138 135
138 136
138 137
138 141
138 142
138 143
138 145
138 146
138 147
138 148
138 149
138 150
138 152
138 153
138 154
138 156
138 157
138 160
139 0
139 1
139 4
139 6
139 7
139 8
139 9
139 11
139 12
139 13
139 14
139 15
139 16
139 18
139 19
139 21
139 22
139 24
139 26
139 30
139 31
139 32
139 35
139 36
139 37
139 38
139 40
139 44
139 46
139 49
139 50
139 51
139 52
139 54
139 55
139 56
139 59
139 61
139 63
139 64
139 65
139 66
139 67
139 68
139 69
139 70
139 71
139 72
139 74
139 77
139 79
139 80
139 83
139 84
139 86
139 87
139 89
139 90
139 94
139 95
139 97
139 98
139 101
139 102
139 104
139 106
139 107
139 109
139 110
139 111
139 112
139 113
139 115
139 116
139 118
139 122
139 124
139 125
139 129
139 130
139 131
139 133
139 137
139 138
139 141
139 142
139 143
139 146
139 147
139 149
139 150
139 152
139 153
139 154
139 156
139 157
140 6
140 7
140 8
140 10
140 12
140 14
140 24
140 26
140 31
140 38
140 40
140 44
140 49
140 50
140 51
140 52
140 54
140 56
140 64
140 65
140 67
140 68
140 72
140 73
140 74
140 79
140 83
140 84
140 89
140 94
140 101
140 102
140 125
140 129
140 130
140 131
140 133
140 137
140 138
140 142
140 145
140 147
140 152
140 153
140 154
141 1
141 4
141 6
141 7
141 9
141 10
141 11
141 13
141 14
141 16
141 18
141 19
141 21
141 22
141 23
141 26
141 27
141 30
141 31
141 32
141 36
141 37
141 38
141 40
141 44
141 49
141 51
141 52
141 53
141 54
141 56
141 57
141 58
141 59
141 64
141 65
141 67
141 68
141 69
141 70
141 71
141 72
141 73
141 74
141 76
141 77
141 79
141 80
141 84
141 87
141 89
141 94
141 95
141 97
141 98
141 101
141 102
141 104
141 105
141 106
141 107
141 110
141 112
141 113
141 114
141 115
141 117
141 118
141 121
141 125
141 126
141 129
141 130
141 131
141 133
141 135
141 137
141 138
141 142
141 145
141 147
141 148
141 149
141 150
141 152
141 154
141 157
141 160
142 0
142 1
142 3
142 4
142 5
142 6
142 7
142 8
142 9
142 10
142 11
142 12
142 13
142 14
142 15
142 16
142 18
142 19
142 21
142 22
142 23
142 24
142 26
142 27
142 30
142 31
142 32
142 33
142 35
142 36
142 37
142 38
142 40
142 42
142 44
142 46
142 49
142 50
142 51
142 52
142 53
142 54
142 55
142 56
142 57
142 58
142 59
142 61
142 63
142 64
142 65
142 66
142 67
142 68
142 69
142 70
142 71
142 72
142 73
142 74
142 75
142 76
142 77
142 79
142 80
142 83
142 84
142 86
142 87
142 89
142 90
142 91
142 93
142 94
142 95
142 97
142 98
142 100
142 101
142 102
142 103
142 104
142 105
142 106
142 107
142 109
142 110
142 111
142 112
142 113
142 114
142 115
142 116
142 117
142 118
142 120
142 121
142 122
142 124
142 125
142 126
142 129
142 130
142 131
142 133
142 135
142 136
142 137
142 138
142 141
142 143
142 145
142 146
142 147
142 148
142 149
142 150
142 152
142 153
142 154
142 156
142 157
142 160
143 1
143 4
143 6
143 7
143 11
143 12
143 13
143 14
143 19
143 26
143 30
143 31
143 32
143 35
143 37
143 38
143 44
143 46
143 50
143 51
143 54
143 55
143 56
143 58
143 59
143 64
143 65
143 66
143 67
143 68
143 70
143 71
143 72
143 74
143 76
143 77
143 79
143 84
143 89
143 93
143 94
143 95
143 97
143 101
143 102
143 104
143 106
143 111
143 112
143 113
143 114
143 115
143 117
143 125
143 126
143 129
143 130
143 131
143 133
143 137
143 138
143 141
143 142
143 145
143 146
143 147
143 149
143 152
143 153
143 154
143 157
144 6
144 7
144 26
144 31
144 35
144 37
144 40
144 49
144 51
144 54
144 64
144 65
144 67
144 72
144 74
144 79
144 87
144 101
144 125
144 133
144 137
144 138
144 142
144 152
144 154
145 1
145 3
145 4
145 6
145 7
145 8
145 10
145 12
145 14
145 19
145 24
145 26
145 30
145 31
145 35
145 37
145 38
145 40
145 44
145 46
145 49
145 50
145 51
145 54
145 56
145 57
145 58
145 61
145 65
145 66
145 67
145 68
145 69
145 70
145 71
145 72
145 73
145 74
145 76
145 79
145 80
145 86
145 87
145 89
145 94
145 95
145 98
145 100
145 101
145 102
145 104
145 105
145 106
145 107
145 112
145 113
145 114
145 115
145 117
145 118
145 120
145 125
145 129
145 131
145 133
145 135
145 137
145 138
145 142
145 146
145 147
145 150
145 152
145 153
145 154
146 1
146 4
146 5
146 6
146 7
146 8
146 9
146 10
146 11
146 12
146 13
146 14
146 16
146 19
146 21
146 22
146 26
146 27
146 28
146 30
146 31
146 32
146 35
146 36
146 37
146 38
146 40
146 42
146 44
146 49
146 50
146 51
146 53
146 54
146 55
146 56
146 57
146 58
146 59
146 61
146 64
146 65
146 66
146 67
146 68
146 70
146 71
146 72
146 73
146 74
146 75
146 76
146 77
146 79
146 80
146 84
146 87
146 89
146 95
146 97
146 98
146 101
146 102
146 103
146 104
146 105
146 106
146 107
146 109
146 110
146 112
146 113
146 114
146 115
146 116
146 117
146 118
146 120
146 125
146 129
146 130
146 131
146 133
146 137
146 138
146 141
146 142
146 145
146 148
146 149
146 150
146 152
146 154
146 157
146 160
147 1
147 3
147 4
147 5
147 6
147 7
147 10
147 11
147 12
147 13
147 14
147 16
147 18
147 19
147 21
147 22
147 23
147 24
147 26
147 27
147 28
147 30
147 31
147 32
147 35
147 36
147 37
147 38
147 40
147 42
147 44
147 46
147 49
147 50
147 51
147 52
147 53
147 54
147 55
147 56
147 57
147 58
147 59
147 61
147 64
147 65
147 66
147 67
147 68
147 69
147 70
147 71
147 72
147 73
147 74
147 75
147 76
147 77
147 79
147 80
147 84
147 86
147 87
147 89
147 90
147 91
147 93
147 94
147 95
147 96
147 97
147 98
147 101
147 102
147 103
147 104
147 105
147 106
147 107
147 109
147 110
147 112
147 113
147 114
147 115
147 116
147 117
147 118
147 120
147 121
147 122
147 125
147 126
147 129
147 130
147 131
147 133
147 135
147 136
147 137
147 138
147 141
147 142
147 143
147 145
147 146
147 148
147 149
147 150
147 152
147 153
147 154
147 157
147 160
148 0
148 6
148 7
148 14
148 19
148 26
148 32
148 37
148 38
148 40
148 46
148 49
148 50
148 51
148 52
148 54
148 56
148 64
148 65
148 66
148 67
148 68
148 69
148 70
148 72
148 74
148 75
148 76
148 79
148 84
148 89
148 94
148 97
148 98
148 101
148 106
148 112
148 113
148 115
148 117
148 118
148 121
148 125
148 129
148 130
148 131
148 133
148 137
148 142
148 145
148 146
148 149
148 152
148 154
148 156
148 157
149 1
149 3
149 6
149 7
149 10
149 11
149 13
149 14
149 16
149 19
149 21
149 22
149 26
149 27
149 30
149 31
149 32
149 35
149 40
149 49
149 51
149 52
149 54
149 55
149 56
149 63
149 64
149 65
149 66
149 67
149 68
149 70
149 72
149 74
149 75
149 76
149 77
149 79
149 80
149 83
149 84
149 89
149 93
149 97
149 100
149 101
149 102
149 105
149 106
149 107
149 109
149 111
149 113
149 114
149 115
149 117
149 118
149 125
149 126
149 129
149 130
149 131
149 133
149 135
149 136
149 137
149 138
149 141
149 142
149 145
149 146
149 147
149 150
149 152
149 153
149 154
149 157
149 160
150 0
150 1
150 3
150 4
150 6
150 7
150 8
150 11
150 12
150 13
150 14
150 16
150 18
150 19
150 21
150 22
150 23
150 24
150 26
150 28
150 30
150 31
150 35
150 36
150 37
150 38
150 40
150 44
150 46
150 49
150 50
150 51
150 52
150 53
150 54
150 56
150 57
150 58
150 59
150 61
150 64
150 65
150 67
150 68
150 69
150 70
150 71
150 72
150 73
150 74
150 76
150 77
150 79
150 80
150 83
150 84
150 87
150 89
150 91
150 93
150 94
150 98
150 100
150 101
150 102
150 103
150 104
150 105
150 106
150 107
150 109
150 112
150 113
150 115
150 116
150 117
150 118
150 120
150 121
150 122
150 125
150 126
150 129
150 130
150 131
150 133
150 136
150 137
150 138
150 141
150 142
150 143
150 145
150 146
150 147
150 148
150 149
150 152
150 153
150 154
150 157
150 160
151 0
151 1
151 4
151 5
151 6
151 7
151 8
151 9
151 10
151 11
151 12
151 13
151 14
151 16
151 18
151 19
151 21
151 22
151 23
151 24
151 26
151 27
151 28
151 30
151 31
151 32
151 35
151 36
151 37
151 38
151 40
151 42
151 44
151 46
151 49
151 50
151 51
151 52
151 53
151 54
151 55
151 56
151 57
151 58
151 59
151 61
151 64
151 65
151 66
151 67
151 68
151 69
151 70
151 71
151 74
151 75
151 76
151 77
151 79
151 80
151 83
151 84
151 86
151 87
151 89
151 90
151 91
151 93
151 94
151 96
151 97
151 98
151 100
151 101
151 102
151 104
151 105
151 106
151 107
151 110
151 111
151 112
151 113
151 114
151 115
151 116
151 117
151 118
151 120
151 121
151 122
151 125
151 126
151 129
151 130
151 131
151 133
151 135
151 137
151 138
151 141
151 142
151 143
151 145
151 146
151 147
151 149
151 150
151 152
151 153
151 154
151 157
151 160
152 0
152 1
152 3
152 4
152 5
152 6
152 7
152 8
152 9
152 10
152 11
152 12
152 13
152 14
152 15
152 16
152 18
152 19
152 21
152 22
152 23
152 24
152 26
152 27
152 28
152 30
152 31
152 32
152 33
152 35
152 36
152 37
152 38
152 40
152 42
152 44
152 46
152 49
152 50
152 51
152 52
152 53
152 54
152 55
152 56
152 57
152 58
152 59
152 61
152 63
152 64
152 65
152 66
152 67
152 68
152 69
152 70
152 71
152 72
152 73
152 74
152 75
152 76
152 77
152 79
152 80
152 83
152 84
152 86
152 87
152 89
152 90
152 91
152 93
152 94
152 95
152 96
152 97
152 98
152 100
152 101
152 102
152 103
152 104
152 105
152 106
152 107
152 109
152 110
152 111
152 112
152 113
152 114
152 115
152 116
152 117
152 118
152 120
152 121
152 122
152 124
152 125
152 126
152 129
152 130
152 131
152 133
152 135
152 136
152 137
152 138
152 141
152 142
152 143
152 145
152 146
152 147
152 148
152 149
152 150
152 153
152 154
152 156
152 157
152 160
153 1
153 3
153 4
153 5
153 6
153 7
153 8
153 9
153 10
153 11
153 12
153 13
153 14
153 15
153 16
153 18
153 19
153 21
153 22
153 24
153 26
153 27
153 28
153 30
153 31
153 32
153 35
153 38
153 40
153 44
153 46
153 49
153 50
153 51
153 52
153 53
153 54
153 55
153 56
153 57
153 59
153 61
153 64
153 65
153 66
153 67
153 68
153 70
153 71
153 72
153 73
153 74
153 75
153 76
153 77
153 79
153 80
153 83
153 84
153 86
153 87
153 89
153 91
153 93
153 94
153 97
153 98
153 100
153 101
153 102
153 103
153 104
153 105
153 106
153 107
153 109
153 110
153 111
153 113
153 114
153 115
153 116
153 117
153 120
153 121
153 125
153 126
153 129
153 130
153 131
153 133
153 136
153 137
153 138
153 141
153 142
153 143
153 145
153 146
153 147
153 150
153 152
153 154
154 0
154 1
154 3
154 4
154 5
154 6
154 7
154 8
154 9
154 10
154 11
154 12
154 13
154 14
154 15
154 16
154 18
154 19
154 21
154 22
154 23
154 24
154 26
154 27
154 30
154 31
154 32
154 33
154 35
154 36
154 37
154 38
154 40
154 42
154 44
154 46
154 49
154 50
154 51
154 52
154 53
154 54
154 55
154 56
154 57
154 58
154 59
154 61
154 63
154 64
154 65
154 66
154 67
154 68
154 69
154 70
154 71
154 72
154 73
154 74
154 75
154 76
154 77
154 79
154 80
154 83
154 84
154 86
154 87
154 89
154 90
154 91
154 93
154 94
154 95
154 96
154 97
154 98
154 100
154 101
154 102
154 103
154 104
154 105
154 106
154 107
154 109
154 110
154 111
154 112
154 113
154 114
154 115
154 116
154 117
154 118
154 120
154 121
154 122
154 124
154 125
154 126
154 129
154 130
154 131
154 133
154 135
154 136
154 137
154 138
154 141
154 142
154 143
154 145
154 146
154 147
154 148
154 149
154 150
154 152
154 153
154 156
154 157
154 160
155 1
155 4
155 6
155 7
155 10
155 11
155 14
155 16
155 19
155 21
155 26
155 30
155 31
155 36
155 38
155 40
155 51
155 52
155 54
155 55
155 56
155 61
155 64
155 65
155 66
155 67
155 68
155 69
155 72
155 73
155 74
155 79
155 84
155 89
155 94
155 97
155 100
155 101
155 102
155 103
155 105
155 106
155 107
155 113
155 114
155 115
155 118
155 129
155 131
155 133
155 137
155 138
155 142
155 145
155 146
155 147
155 148
155 149
155 150
155 152
155 153
155 154
156 4
156 6
156 7
156 15
156 19
156 26
156 32
156 37
156 51
156 54
156 61
156 68
156 70
156 72
156 74
156 79
156 91
156 93
156 97
156 101
156 102
156 113
156 115
156 117
156 118
156 129
156 130
156 131
156 133
156 137
156 138
156 142
156 152
156 154
156 157
157 3
157 4
157 6
157 7
157 8
157 10
157 11
157 12
157 13
157 14
157 15
157 18
157 19
157 21
157 22
157 23
157 24
157 26
157 27
157 30
157 31
157 32
157 35
157 36
157 37
157 38
157 40
157 46
157 49
157 50
157 52
157 54
157 55
157 56
157 58
157 59
157 61
157 63
157 64
157 65
157 66
157 67
157 68
157 69
157 70
157 71
157 72
157 73
157 74
157 75
157 76
157 77
157 79
157 80
157 83
157 84
157 86
157 87
157 89
157 91
157 93
157 94
157 95
157 101
157 102
157 103
157 104
157 105
157 106
157 109
157 110
157 111
157 112
157 113
157 114
157 115
157 116
157 117
157 118
157 120
157 122
157 125
157 126
157 129
157 130
157 131
157 133
157 135
157 137
157 138
157 141
157 142
157 145
157 146
157 147
157 148
157 150
157 152
157 154
157 160
158 0
158 1
158 3
158 4
158 5
158 6
158 7
158 8
158 9
158 10
158 11
158 12
158 13
158 14
158 16
158 18
158 19
158 21
158 22
158 23
158 24
158 26
158 27
158 28
158 30
158 31
158 32
158 33
158 35
158 36
158 37
158 38
158 40
158 42
158 44
158 46
158 49
158 50
158 51
158 52
158 53
158 54
158 55
158 56
158 57
158 58
158 59
158 61
158 63
158 64
158 65
158 66
158 67
158 68
158 69
158 70
158 71
158 72
158 73
158 74
158 75
158 76
158 77
158 79
158 80
158 83
158 84
158 86
158 87
158 89
158 91
158 94
158 95
158 96
158 97
158 98
158 100
158 101
158 102
158 103
158 104
158 105
158 106
158 107
158 109
158 110
158 112
158 113
158 114
158 115
158 116
158 117
158 118
158 120
158 121
158 122
158 125
158 126
158 129
158 130
158 131
158 133
158 135
158 136
158 137
158 138
158 141
158 142
158 143
158 145
158 146
158 147
158 148
158 149
158 150
158 152
158 153
158 154
158 156
158 157
158 160
159 4
159 6
159 7
159 10
159 14
159 19
159 21
159 26
159 36
159 38
159 40
159 44
159 49
159 51
159 54
159 55
159 56
159 57
159 61
159 63
159 64
159 65
159 67
159 68
159 70
159 71
159 72
159 74
159 76
159 79
159 84
159 87
159 89
159 94
159 97
159 101
159 102
159 105
159 106
159 107
159 112
159 117
159 118
159 125
159 129
159 130
159 131
159 133
159 137
159 138
159 142
159 143
159 145
159 146
159 147
159 152
159 154
159 157
159 160
160 0
160 3
160 4
160 6
160 7
160 8
160 10
160 11
160 14
160 18
160 19
160 21
160 22
160 24
160 26
160 27
160 30
160 32
160 36
160 37
160 38
160 40
160 44
160 49
160 51
160 52
160 53
160 54
160 56
160 57
160 64
160 67
160 68
160 70
160 71
160 72
160 73
160 74
160 75
160 76
160 79
160 80
160 84
160 89
160 93
160 94
160 98
160 100
160 101
160 103
160 105
160 106
160 109
160 110
160 112
160 113
160 114
160 115
160 116
160 117
160 120
160 125
160 126
160 130
160 131
160 133
160 138
160 141
160 142
160 145
160 147
160 150
160 152
160 153
160 154
160 157
161 1
161 3
161 4
161 5
161 6
161 7
161 8
161 9
161 10
161 11
161 13
161 14
161 16
161 18
161 19
161 21
161 22
161 23
161 24
161 26
161 27
161 30
161 31
161 35
161 37
161 38
161 40
161 42
161 44
161 46
161 49
161 50
161 51
161 52
161 53
161 54
161 56
161 59
161 61
161 64
161 65
161 66
161 67
161 68
161 70
161 72
161 73
161 74
161 75
161 76
161 79
161 80
161 84
161 87
161 89
161 91
161 93
161 94
161 97
161 98
161 101
161 102
161 103
161 104
161 105
161 106
161 107
161 110
161 114
161 116
161 117
161 118
161 125
161 126
161 129
161 130
161 131
161 133
161 135
161 136
161 137
161 138
161 141
161 142
161 143
161 145
161 146
161 148
161 149
161 150
161 152
161 153
161 154
161 160
