0 7
0 11
0 14
0 19
0 22
0 26
0 31
0 34
0 36
0 38
0 55
0 59
0 67
0 70
0 75
0 77
0 88
0 91
0 94
0 106
0 115
0 122
0 136
0 137
0 140
0 141
0 144
0 147
0 151
0 154
0 160
1 4
1 11
1 12
1 20
1 26
1 30
1 33
1 35
1 38
1 44
1 49
1 51
1 52
1 53
1 58
1 60
1 62
1 67
1 71
1 72
1 74
1 77
1 81
1 87
1 93
1 94
1 98
1 101
1 103
1 115
1 117
1 125
1 131
1 134
1 135
1 138
1 141
1 149
2 3
2 7
2 15
2 22
2 30
2 31
2 32
2 36
2 39
2 45
2 46
2 50
2 54
2 56
2 63
2 65
2 67
2 84
2 93
2 98
2 111
2 113
2 121
2 129
2 133
2 135
2 144
2 147
2 151
2 155
3 15
3 24
3 32
3 35
3 38
3 44
3 49
3 63
3 66
3 71
3 72
3 73
3 77
3 79
3 84
3 88
3 98
3 103
3 108
3 113
3 116
3 118
3 122
3 125
3 126
3 135
3 153
3 158
4 9
4 10
4 17
4 19
4 43
4 44
4 45
4 46
4 50
4 51
4 55
4 56
4 64
4 65
4 66
4 67
4 68
4 70
4 74
4 76
4 77
4 80
4 81
4 84
4 85
4 89
4 93
4 97
4 101
4 102
4 106
4 107
4 110
4 113
4 117
4 119
4 125
4 131
4 142
4 143
4 149
4 151
4 154
4 158
4 161
5 14
5 30
5 31
5 39
5 46
5 47
5 68
5 92
5 108
5 117
5 122
5 146
5 147
5 160
6 12
6 14
6 25
6 30
6 36
6 39
6 40
6 43
6 44
6 46
6 47
6 49
6 50
6 56
6 58
6 60
6 64
6 65
6 66
6 67
6 69
6 72
6 73
6 75
6 80
6 84
6 85
6 89
6 92
6 93
6 96
6 98
6 101
6 103
6 109
6 110
6 113
6 115
6 117
6 125
6 126
6 127
6 129
6 133
6 134
6 136
6 137
6 139
6 141
6 142
6 143
6 145
6 151
6 152
7 10
7 11
7 16
7 18
7 19
7 22
7 23
7 26
7 28
7 30
7 35
7 38
7 40
7 45
7 46
7 51
7 54
7 55
7 61
7 64
7 69
7 71
7 74
7 77
7 83
7 87
7 91
7 93
7 94
7 97
7 102
7 103
7 105
7 107
7 110
7 113
7 114
7 115
7 118
7 124
7 131
7 140
7 143
7 144
7 146
7 151
7 153
7 155
7 157
7 158
8 12
8 21
8 29
8 63
8 64
8 68
8 74
8 105
8 111
8 114
8 153
8 161
9 11
9 12
9 21
9 22
9 27
9 30
9 36
9 39
9 46
9 47
9 51
9 54
9 64
9 65
9 66
9 72
9 75
9 80
9 85
9 87
9 90
9 91
9 97
9 100
9 106
9 108
9 118
9 119
9 120
9 122
9 125
9 135
9 137
9 140
9 142
9 151
9 153
9 158
9 161
10 14
10 16
10 29
10 30
10 31
10 35
10 42
10 45
10 52
10 55
10 61
10 67
10 68
10 70
10 71
10 72
10 75
10 84
10 91
10 95
10 97
10 98
10 99
10 101
10 111
10 112
10 116
10 120
10 132
10 133
10 135
10 143
10 149
10 150
10 151
10 153
10 160
11 22
11 30
11 32
11 36
11 40
11 45
11 51
11 52
11 53
11 54
11 55
11 56
11 63
11 66
11 79
11 84
11 97
11 98
11 102
11 104
11 107
11 109
11 111
11 118
11 121
11 124
11 126
11 128
11 129
11 130
11 133
11 134
11 135
11 142
11 145
11 147
11 149
11 152
11 157
11 160
12 23
12 29
12 36
12 40
12 41
12 45
12 50
12 53
12 64
12 72
12 74
12 93
12 109
12 114
12 116
12 117
12 125
12 133
12 139
12 144
12 146
12 151
12 153
12 159
13 24
13 28
13 40
13 42
13 49
13 50
13 55
13 70
13 74
13 88
13 112
13 116
13 131
13 145
13 147
13 151
13 152
13 157
14 24
14 26
14 32
14 33
14 34
14 35
14 40
14 44
14 52
14 54
14 56
14 60
14 61
14 66
14 67
14 68
14 73
14 74
14 77
14 82
14 84
14 90
14 92
14 94
14 97
14 101
14 102
14 106
14 109
14 110
14 112
14 114
14 123
14 128
14 130
14 133
14 134
14 137
14 139
14 147
14 149
14 151
14 152
14 159
15 19
15 33
15 39
15 40
15 41
15 43
15 51
15 53
15 57
15 63
15 71
15 75
15 77
15 80
15 84
15 93
15 94
15 99
15 102
15 134
15 136
15 137
15 140
15 145
15 147
15 148
15 158
16 17
16 18
16 20
16 26
16 27
16 32
16 37
16 38
16 39
16 45
16 48
16 50
16 54
16 58
16 64
16 66
16 67
16 68
16 70
16 72
16 79
16 80
16 84
16 94
16 97
16 98
16 99
16 102
16 107
16 110
16 121
16 129
16 138
17 19
17 20
17 21
17 30
17 32
17 38
17 49
17 51
17 54
17 64
17 66
17 79
17 105
17 106
17 114
17 117
17 134
17 136
17 138
17 148
17 149
18 19
18 20
18 21
18 26
18 30
18 32
18 34
18 36
18 40
18 42
18 44
18 46
18 53
18 56
18 57
18 58
18 59
18 63
18 64
18 66
18 69
18 70
18 72
18 73
18 79
18 80
18 84
18 85
18 86
18 87
18 88
18 102
18 106
18 108
18 109
18 113
18 114
18 117
18 128
18 131
18 134
18 135
18 136
18 137
18 139
18 141
18 145
18 151
18 161
19 27
19 28
19 32
19 37
19 43
19 49
19 50
19 51
19 58
19 59
19 63
19 65
19 67
19 69
19 73
19 74
19 75
19 79
19 82
19 83
19 84
19 93
19 98
19 106
19 108
19 111
19 112
19 113
19 114
19 116
19 117
19 120
19 130
19 133
19 139
19 141
19 147
19 151
19 152
19 153
19 154
19 157
20 26
20 33
20 40
20 43
20 52
20 54
20 59
20 64
20 70
20 71
20 72
20 75
20 84
20 87
20 88
20 89
20 96
20 100
20 102
20 109
20 114
20 116
20 129
20 132
20 137
20 147
21 25
21 32
21 35
21 36
21 42
21 44
21 48
21 54
21 55
21 57
21 58
21 63
21 66
21 67
21 71
21 74
21 77
21 79
21 84
21 87
21 90
21 91
21 92
21 93
21 96
21 99
21 101
21 105
21 106
21 114
21 116
21 118
21 119
21 121
21 126
21 127
21 128
21 135
21 149
21 152
21 154
21 158
21 160
22 30
22 32
22 36
22 40
22 44
22 45
22 54
22 63
22 67
22 72
22 77
22 80
22 87
22 92
22 101
22 104
22 115
22 118
22 125
22 127
22 134
22 141
22 144
22 145
22 147
22 150
22 152
22 154
22 155
22 161
23 24
23 26
23 51
23 52
23 54
23 55
23 65
23 67
23 68
23 74
23 80
23 83
23 84
23 104
23 107
23 112
23 113
23 129
23 143
23 151
23 157
24 25
24 26
24 42
24 50
24 53
24 54
24 56
24 60
24 62
24 63
24 70
24 72
24 73
24 90
24 96
24 100
24 102
24 108
24 110
24 112
24 113
24 114
24 121
24 122
24 128
24 131
24 133
24 134
24 135
24 142
24 147
24 157
24 161
25 27
25 36
25 40
25 42
25 43
25 50
25 51
25 59
25 63
25 64
25 72
25 82
25 84
25 85
25 89
25 92
25 97
25 99
25 101
25 105
25 106
25 109
25 119
25 135
25 142
25 151
25 158
26 31
26 36
26 49
26 51
26 53
26 58
26 59
26 62
26 63
26 64
26 66
26 67
26 69
26 70
26 73
26 89
26 90
26 96
26 97
26 101
26 102
26 103
26 105
26 108
26 112
26 113
26 114
26 115
26 117
26 118
26 119
26 123
26 124
26 129
26 131
26 138
26 139
26 140
26 147
26 151
26 152
26 153
26 158
26 161
27 35
27 36
27 47
27 51
27 68
27 79
27 88
27 96
27 115
27 135
27 145
27 158
28 29
28 45
28 56
28 58
28 59
28 61
28 72
28 74
28 78
28 82
28 92
28 108
28 111
28 118
28 129
28 132
28 133
28 143
28 146
28 149
28 156
29 44
29 45
29 52
29 53
29 57
29 68
29 75
29 88
29 90
29 98
29 106
29 113
29 115
29 117
29 127
29 136
29 138
29 139
29 143
29 151
29 152
29 158
30 31
30 32
30 33
30 35
30 36
30 38
30 40
30 44
30 47
30 51
30 55
30 58
30 59
30 61
30 63
30 66
30 67
30 71
30 74
30 83
30 87
30 104
30 107
30 108
30 111
30 113
30 114
30 115
30 117
30 129
30 130
30 132
30 135
30 136
30 137
30 138
30 141
30 145
30 147
30 152
30 153
30 157
30 159
30 160
30 161
31 32
31 33
31 35
31 40
31 43
31 44
31 49
31 52
31 53
31 56
31 59
31 64
31 65
31 68
31 69
31 70
31 71
31 72
31 80
31 85
31 87
31 88
31 90
31 92
31 94
31 97
31 100
31 101
31 102
31 106
31 108
31 109
31 112
31 114
31 117
31 122
31 123
31 124
31 131
31 132
31 137
31 142
31 146
31 149
31 153
31 154
31 158
31 159
31 161
32 33
32 44
32 53
32 55
32 58
32 61
32 65
32 66
32 67
32 68
32 72
32 73
32 75
32 89
32 91
32 93
32 94
32 97
32 101
32 106
32 107
32 108
32 109
32 113
32 115
32 119
32 129
32 133
32 134
32 137
32 138
32 139
32 140
32 146
32 147
32 150
32 151
32 159
32 161
33 35
33 42
33 52
33 54
33 62
33 64
33 66
33 67
33 88
33 90
33 101
33 122
33 128
33 130
33 134
33 145
33 152
33 159
33 160
34 42
34 44
34 50
34 57
34 68
34 71
34 74
34 75
34 77
34 79
34 80
34 84
34 87
34 98
34 101
34 106
34 109
34 112
34 113
34 115
34 129
34 133
34 149
34 152
34 161
35 36
35 40
35 45
35 55
35 57
35 58
35 59
35 60
35 63
35 65
35 69
35 74
35 82
35 84
35 89
35 90
35 91
35 92
35 94
35 97
35 99
35 105
35 107
35 109
35 110
35 111
35 112
35 113
35 114
35 122
35 126
35 129
35 133
35 134
35 136
35 138
35 145
35 146
35 147
35 148
35 149
35 153
35 154
35 158
36 40
36 42
36 48
36 53
36 59
36 60
36 64
36 66
36 80
36 93
36 94
36 96
36 100
36 105
36 106
36 110
36 113
36 115
36 120
36 122
36 133
36 135
36 142
36 144
36 146
36 148
36 149
36 155
36 158
36 160
37 40
37 48
37 58
37 59
37 65
37 66
37 80
37 89
37 92
37 93
37 101
37 109
37 113
37 117
37 131
37 161
38 42
38 49
38 50
38 51
38 54
38 56
38 58
38 59
38 61
38 64
38 66
38 70
38 73
38 75
38 79
38 80
38 84
38 87
38 90
38 92
38 93
38 96
38 98
38 100
38 101
38 108
38 111
38 113
38 121
38 125
38 128
38 129
38 131
38 137
38 138
38 142
38 143
38 144
38 146
38 152
38 153
38 154
38 156
38 157
38 160
39 41
39 46
39 47
39 50
39 51
39 53
39 56
39 58
39 65
39 67
39 74
39 82
39 84
39 87
39 92
39 95
39 98
39 103
39 105
39 108
39 109
39 112
39 113
39 115
39 116
39 122
39 129
39 137
39 141
39 151
39 154
40 42
40 44
40 47
40 48
40 51
40 58
40 64
40 67
40 70
40 71
40 77
40 81
40 82
40 88
40 89
40 90
40 99
40 102
40 103
40 105
40 109
40 110
40 112
40 113
40 114
40 115
40 116
40 118
40 127
40 129
40 130
40 133
40 134
40 138
40 139
40 140
40 143
40 151
40 152
40 154
40 157
40 160
41 43
41 46
41 51
41 72
41 79
41 83
41 84
41 87
41 101
41 102
41 108
41 112
41 129
41 131
41 142
41 149
42 49
42 51
42 54
42 66
42 67
42 73
42 74
42 80
42 88
42 89
42 104
42 106
42 108
42 112
42 114
42 115
42 118
42 129
42 131
42 134
42 139
42 147
42 149
42 150
42 153
43 45
43 48
43 49
43 53
43 55
43 58
43 63
43 64
43 66
43 68
43 70
43 72
43 73
43 74
43 75
43 77
43 84
43 87
43 89
43 98
43 101
43 103
43 107
43 109
43 118
43 124
43 125
43 128
43 134
43 137
43 140
43 145
43 147
43 159
43 160
44 45
44 48
44 49
44 54
44 55
44 57
44 58
44 61
44 62
44 63
44 73
44 75
44 77
44 81
44 85
44 92
44 94
44 99
44 100
44 103
44 110
44 111
44 114
44 116
44 117
44 118
44 131
44 134
44 135
44 138
44 161
45 49
45 51
45 53
45 56
45 68
45 70
45 71
45 73
45 77
45 78
45 80
45 91
45 92
45 98
45 102
45 103
45 104
45 108
45 112
45 116
45 118
45 122
45 125
45 126
45 129
45 131
45 137
45 139
45 140
45 143
45 151
45 157
45 160
45 161
46 50
46 52
46 58
46 59
46 68
46 69
46 70
46 74
46 75
46 79
46 81
46 87
46 93
46 94
46 103
46 104
46 106
46 111
46 115
46 146
46 147
46 157
47 69
47 74
47 77
47 79
47 82
47 85
47 109
47 122
47 149
47 158
47 159
48 54
48 56
48 62
48 63
48 64
48 70
48 71
48 72
48 75
48 80
48 97
48 98
48 102
48 108
48 111
48 114
48 115
48 116
48 118
48 120
48 131
48 133
48 138
49 56
49 58
49 59
49 60
49 61
49 63
49 67
49 70
49 72
49 73
49 75
49 84
49 91
49 101
49 102
49 104
49 105
49 112
49 114
49 115
49 117
49 122
49 126
49 129
49 131
49 133
49 137
49 138
49 144
49 147
49 149
49 157
50 60
50 68
50 72
50 92
50 98
50 99
50 109
50 130
50 142
50 144
50 145
50 152
50 157
50 158
51 53
51 57
51 59
51 66
51 68
51 69
51 71
51 82
51 84
51 87
51 91
51 93
51 94
51 99
51 101
51 103
51 104
51 106
51 109
51 113
51 114
51 115
51 117
51 118
51 120
51 122
51 128
51 129
51 130
51 131
51 133
51 135
51 137
51 138
51 142
51 147
51 149
51 151
51 152
51 153
51 154
51 158
52 54
52 55
52 58
52 62
52 67
52 71
52 73
52 75
52 79
52 88
52 89
52 90
52 97
52 106
52 109
52 112
52 114
52 118
52 129
52 130
52 139
52 145
52 151
52 153
52 157
53 55
53 56
53 63
53 68
53 70
53 81
53 94
53 102
53 112
53 122
53 129
53 130
53 131
53 142
53 147
53 148
54 58
54 65
54 67
54 69
54 72
54 74
54 79
54 84
54 93
54 94
54 95
54 98
54 99
54 103
54 104
54 105
54 106
54 108
54 109
54 110
54 113
54 115
54 117
54 118
54 119
54 124
54 126
54 129
54 130
54 131
54 133
54 134
54 135
54 137
54 147
54 153
54 154
54 160
54 161
55 57
55 66
55 72
55 89
55 94
55 102
55 103
55 108
55 109
55 112
55 114
55 117
55 118
55 122
55 124
55 126
55 127
55 131
55 134
55 137
55 139
55 142
55 144
55 146
55 150
55 157
55 160
56 57
56 58
56 59
56 68
56 70
56 72
56 74
56 81
56 90
56 99
56 102
56 105
56 107
56 108
56 109
56 111
56 112
56 113
56 114
56 115
56 117
56 118
56 126
56 131
56 133
56 134
56 135
56 137
56 139
56 141
56 144
56 147
56 149
56 151
56 156
56 158
56 160
57 68
57 80
57 109
57 110
57 112
57 117
57 129
57 131
57 133
57 135
57 141
57 142
57 146
57 158
58 60
58 63
58 66
58 68
58 72
58 73
58 88
58 92
58 94
58 96
58 98
58 100
58 102
58 104
58 106
58 109
58 111
58 116
58 118
58 120
58 127
58 128
58 129
58 131
58 132
58 135
58 138
58 139
58 141
58 145
58 146
58 147
58 151
58 157
58 159
59 61
59 63
59 67
59 69
59 71
59 74
59 77
59 82
59 91
59 99
59 109
59 110
59 119
59 125
59 136
59 150
59 154
59 155
59 157
60 65
60 68
60 71
60 77
60 80
60 96
60 102
60 103
60 106
60 146
61 64
61 74
61 84
61 89
61 102
61 104
61 107
61 108
61 111
61 113
61 114
61 115
61 116
61 117
61 134
61 137
61 145
61 153
61 158
62 65
62 72
62 87
62 109
62 112
62 114
62 141
62 145
62 149
63 65
63 69
63 72
63 74
63 82
63 85
63 87
63 90
63 92
63 94
63 98
63 103
63 104
63 106
63 109
63 111
63 112
63 114
63 115
63 117
63 118
63 119
63 127
63 131
63 135
63 145
63 147
63 151
63 153
63 154
63 157
63 159
64 65
64 67
64 70
64 71
64 72
64 73
64 74
64 75
64 77
64 81
64 89
64 90
64 92
64 99
64 101
64 102
64 104
64 117
64 118
64 125
64 136
64 139
64 141
64 143
64 145
64 147
64 149
64 151
64 154
64 160
65 69
65 72
65 76
65 82
65 84
65 87
65 89
65 97
65 98
65 104
65 108
65 110
65 112
65 113
65 114
65 116
65 125
65 127
65 129
65 131
65 133
65 135
65 138
65 140
65 142
65 145
65 147
65 148
65 149
65 152
65 153
65 157
65 161
66 72
66 79
66 82
66 89
66 93
66 97
66 98
66 101
66 102
66 105
66 108
66 110
66 111
66 114
66 117
66 118
66 125
66 134
66 136
66 138
66 139
66 142
66 144
66 145
66 159
66 161
67 74
67 75
67 77
67 90
67 92
67 97
67 98
67 101
67 107
67 109
67 110
67 114
67 116
67 118
67 125
67 129
67 131
67 132
67 134
67 136
67 137
67 138
67 143
67 145
67 146
67 150
67 151
67 154
67 155
67 159
68 73
68 74
68 77
68 78
68 79
68 80
68 82
68 85
68 89
68 98
68 99
68 105
68 115
68 128
68 129
68 131
68 136
68 137
68 143
68 146
68 151
68 152
68 153
68 154
68 158
68 161
69 70
69 79
69 84
69 86
69 88
69 94
69 96
69 98
69 99
69 101
69 106
69 107
69 111
69 116
69 118
69 129
69 131
69 132
69 133
69 137
69 138
69 142
69 149
69 152
69 155
69 157
69 160
69 161
70 73
70 74
70 82
70 88
70 92
70 98
70 112
70 114
70 115
70 118
70 123
70 132
70 135
70 136
70 145
70 150
70 153
70 158
70 160
70 161
71 72
71 74
71 77
71 79
71 85
71 93
71 94
71 95
71 101
71 109
71 110
71 112
71 115
71 118
71 126
71 131
71 133
71 134
71 141
71 142
71 145
71 152
71 154
71 157
71 161
72 73
72 75
72 76
72 84
72 85
72 87
72 92
72 94
72 96
72 100
72 102
72 106
72 108
72 113
72 128
72 130
72 131
72 133
72 137
72 138
72 139
72 141
72 146
72 148
72 149
72 154
72 156
72 158
73 75
73 77
73 79
73 82
73 85
73 87
73 90
73 91
73 95
73 97
73 98
73 99
73 107
73 108
73 118
73 124
73 128
73 133
73 134
73 137
73 138
73 142
73 147
73 156
73 157
73 158
74 80
74 82
74 89
74 94
74 96
74 102
74 108
74 111
74 112
74 127
74 129
74 133
74 134
74 139
74 146
74 151
74 153
74 157
74 158
74 160
75 79
75 88
75 94
75 97
75 101
75 102
75 104
75 105
75 112
75 113
75 114
75 115
75 121
75 124
75 130
75 136
75 137
75 142
75 146
75 157
75 159
75 161
76 90
76 102
76 113
76 135
76 137
76 138
76 143
76 153
76 157
76 158
76 161
77 78
77 86
77 92
77 94
77 101
77 102
77 104
77 105
77 108
77 109
77 110
77 113
77 116
77 117
77 121
77 126
77 127
77 137
77 138
77 147
77 153
77 161
78 94
78 113
78 129
78 149
79 80
79 82
79 83
79 85
79 88
79 89
79 92
79 93
79 97
79 98
79 105
79 107
79 109
79 112
79 114
79 115
79 118
79 121
79 125
79 127
79 129
79 134
79 136
79 138
79 140
79 142
79 145
79 147
79 151
79 154
79 156
79 157
79 160
80 81
80 91
80 98
80 105
80 108
80 112
80 115
80 118
80 134
80 135
80 137
80 138
80 147
80 152
80 156
80 157
81 109
81 113
81 114
81 134
81 144
81 148
81 151
82 83
82 84
82 93
82 94
82 102
82 117
82 118
82 129
82 131
82 133
82 138
82 144
82 156
83 88
83 97
83 122
83 123
83 125
83 139
83 145
83 153
84 87
84 88
84 89
84 100
84 103
84 108
84 109
84 118
84 128
84 133
84 134
84 138
84 141
84 142
84 147
84 151
84 153
84 154
84 155
84 157
84 160
84 161
85 89
85 91
85 97
85 98
85 99
85 100
85 105
85 106
85 112
85 130
85 137
85 143
85 146
85 151
85 155
85 157
86 97
86 99
86 102
86 103
86 133
86 137
86 142
87 88
87 91
87 94
87 96
87 97
87 99
87 102
87 105
87 107
87 110
87 127
87 134
87 135
87 137
87 141
87 142
87 143
87 146
87 147
87 149
87 151
87 154
87 155
87 159
88 93
88 97
88 98
88 108
88 113
88 117
88 125
88 133
88 134
88 135
88 137
88 139
88 152
88 159
89 90
89 97
89 98
89 99
89 101
89 103
89 107
89 108
89 109
89 111
89 112
89 116
89 117
89 118
89 126
89 128
89 129
89 132
89 138
89 141
89 142
89 147
89 152
89 154
89 156
89 157
90 97
90 103
90 106
90 111
90 113
90 114
90 115
90 120
90 124
90 125
90 133
90 135
90 138
90 146
90 149
90 152
90 159
91 93
91 97
91 98
91 99
91 101
91 105
91 112
91 113
91 114
91 143
91 150
91 151
91 152
91 156
92 94
92 105
92 106
92 113
92 115
92 122
92 123
92 129
92 133
92 134
92 135
92 136
92 152
93 95
93 102
93 103
93 107
93 108
93 116
93 117
93 126
93 135
93 141
93 142
93 149
93 151
93 152
93 153
93 158
94 96
94 103
94 104
94 105
94 106
94 107
94 111
94 114
94 115
94 117
94 119
94 125
94 129
94 139
94 140
94 142
94 146
94 148
94 149
94 152
94 154
94 160
94 161
95 103
95 111
95 115
95 117
95 120
95 127
95 133
95 147
95 161
96 110
96 111
96 113
96 134
96 135
96 137
96 161
97 100
97 106
97 110
97 111
97 115
97 118
97 125
97 130
97 131
97 134
97 137
97 138
97 140
97 142
97 148
97 158
97 160
98 107
98 114
98 117
98 129
98 131
98 134
98 142
98 145
98 147
98 152
98 155
98 156
98 157
98 158
99 101
99 102
99 106
99 107
99 112
99 115
99 118
99 122
99 133
99 134
99 145
99 152
99 153
99 157
99 158
99 160
99 161
100 104
100 105
100 107
100 110
100 113
100 115
100 117
100 118
100 119
100 121
100 125
100 127
100 134
100 149
100 152
100 153
100 154
100 159
100 160
100 161
101 103
101 109
101 110
101 114
101 119
101 123
101 125
101 127
101 128
101 134
101 136
101 142
101 143
101 148
101 151
101 152
101 153
101 154
101 157
101 159
101 161
102 105
102 108
102 111
102 112
102 113
102 120
102 121
102 122
102 124
102 126
102 134
102 135
102 139
102 145
102 149
102 153
102 157
102 158
102 159
102 160
103 108
103 111
103 112
103 114
103 115
103 118
103 125
103 129
103 135
103 137
103 138
103 151
103 160
104 111
104 116
104 117
104 124
104 129
104 133
104 137
104 139
104 145
104 158
105 106
105 108
105 109
105 117
105 126
105 129
105 137
105 145
105 147
105 152
105 154
105 157
105 161
106 111
106 112
106 117
106 122
106 126
106 131
106 135
106 137
106 138
106 142
106 143
106 144
106 148
106 149
106 150
106 158
106 159
107 110
107 114
107 115
107 125
107 126
107 131
107 141
107 145
107 149
107 152
107 153
107 154
107 160
108 115
108 116
108 117
108 118
108 124
108 126
108 131
108 133
108 135
108 137
108 154
108 155
108 159
108 161
109 112
109 129
109 131
109 133
109 136
109 137
109 140
109 141
109 143
109 145
109 158
110 111
110 112
110 117
110 127
110 136
110 151
110 153
110 160
111 114
111 127
111 132
111 139
111 149
111 152
111 155
111 157
112 117
112 119
112 120
112 121
112 125
112 126
112 128
112 131
112 134
112 135
112 138
112 149
112 150
112 151
112 152
112 154
112 157
112 158
113 114
113 115
113 120
113 122
113 126
113 127
113 128
113 129
113 131
113 133
113 142
113 147
113 150
113 152
113 154
113 155
113 158
113 160
114 115
114 116
114 118
114 121
114 125
114 129
114 131
114 137
114 142
114 146
114 152
114 154
114 156
114 157
114 159
115 116
115 117
115 125
115 129
115 131
115 133
115 138
115 139
115 142
115 145
115 146
115 153
115 158
115 159
115 160
116 120
116 131
116 134
116 135
116 139
116 151
117 122
117 125
117 131
117 137
117 139
117 141
117 142
117 145
117 147
117 149
117 152
117 158
117 161
118 119
118 122
118 126
118 131
118 134
118 141
118 146
118 150
118 152
118 153
118 159
119 125
119 141
119 152
119 157
119 160
120 121
120 130
120 134
120 138
121 122
121 125
121 129
121 138
121 139
121 142
121 147
122 130
122 147
122 151
122 152
123 125
123 153
124 131
124 135
124 136
124 137
124 146
124 150
125 128
125 129
125 131
125 133
125 135
125 141
125 142
125 143
125 146
125 154
125 155
125 158
125 160
125 161
126 131
126 133
126 135
126 145
126 146
126 151
126 160
127 143
127 145
127 151
128 129
128 137
128 145
128 149
128 150
129 134
129 137
129 139
129 141
129 146
129 147
129 149
129 152
129 153
129 154
129 156
129 159
130 131
130 138
130 142
130 155
130 158
131 132
131 133
131 136
131 145
131 146
131 151
131 152
131 155
131 160
132 137
132 138
132 139
132 146
132 147
132 153
133 134
133 136
133 137
133 140
133 142
133 149
133 151
133 152
133 153
133 154
133 155
133 158
133 159
133 161
134 138
134 142
134 146
134 149
134 150
134 152
134 157
134 160
134 161
135 142
135 144
135 148
136 151
136 157
137 138
137 145
137 147
137 152
137 153
137 154
137 156
137 159
138 141
138 142
138 143
138 146
138 151
138 153
138 158
138 159
139 147
139 149
139 157
141 142
141 145
141 153
141 155
141 158
142 147
142 151
142 153
142 154
142 157
142 160
143 153
144 145
144 157
144 160
145 146
145 147
145 152
145 158
145 159
145 160
145 161
146 147
146 150
146 154
147 152
147 157
147 159
148 153
149 151
149 152
149 157
149 160
152 155
152 158
152 160
152 161
153 161
154 157
154 158
155 157
157 161
158 161
159 160
