0 2
0 9
0 11
0 12
0 15
0 16
0 30
0 31
0 32
0 37
0 40
0 43
0 44
0 54
0 55
0 56
0 62
0 65
0 67
0 70
0 72
0 80
0 83
0 88
0 91
0 93
0 98
0 102
0 105
0 107
0 112
0 117
0 119
0 122
0 125
0 133
0 135
0 136
0 139
0 141
0 147
0 157
0 159
1 4
1 7
1 10
1 16
1 18
1 21
1 26
1 32
1 33
1 42
1 43
1 44
1 55
1 58
1 69
1 73
1 84
1 94
1 96
1 102
1 107
1 108
1 110
1 114
1 115
1 117
1 118
1 122
1 125
1 129
1 131
1 138
1 142
1 145
1 148
1 149
1 150
1 158
2 5
2 11
2 15
2 18
2 26
2 30
2 35
2 36
2 43
2 45
2 51
2 58
2 66
2 79
2 87
2 97
2 104
2 113
2 126
2 129
2 134
2 138
2 151
2 154
2 155
3 6
3 25
3 30
3 31
3 35
3 36
3 38
3 42
3 46
3 49
3 50
3 54
3 64
3 65
3 74
3 84
3 96
3 97
3 99
3 101
3 102
3 107
3 112
3 117
3 121
3 147
3 153
3 154
3 161
4 6
4 7
4 9
4 24
4 29
4 31
4 35
4 36
4 41
4 42
4 56
4 59
4 61
4 63
4 65
4 74
4 75
4 80
4 82
4 83
4 86
4 96
4 97
4 105
4 106
4 108
4 114
4 117
4 118
4 127
4 129
4 131
4 134
4 140
4 142
4 145
4 148
4 151
4 154
4 161
5 21
5 46
5 86
5 88
5 90
5 94
5 104
5 108
5 115
5 117
5 125
5 129
5 148
5 153
6 12
6 14
6 25
6 30
6 31
6 34
6 42
6 45
6 48
6 49
6 53
6 57
6 59
6 62
6 64
6 68
6 70
6 71
6 72
6 75
6 82
6 84
6 94
6 99
6 101
6 103
6 106
6 108
6 117
6 128
6 129
6 131
6 132
6 135
6 138
6 151
6 153
6 156
6 158
6 161
7 9
7 10
7 11
7 12
7 14
7 21
7 24
7 30
7 33
7 38
7 45
7 46
7 49
7 50
7 54
7 56
7 58
7 59
7 63
7 65
7 68
7 72
7 73
7 74
7 75
7 76
7 82
7 87
7 91
7 92
7 94
7 96
7 101
7 105
7 107
7 108
7 112
7 113
7 115
7 118
7 125
7 133
7 134
7 135
7 136
7 137
7 143
7 145
7 147
7 149
7 152
7 153
7 159
7 161
8 34
8 56
8 62
8 72
8 77
8 90
8 96
8 101
8 120
8 129
8 138
8 160
9 20
9 21
9 22
9 25
9 26
9 30
9 32
9 33
9 36
9 54
9 63
9 64
9 67
9 69
9 71
9 72
9 84
9 89
9 92
9 94
9 105
9 106
9 108
9 115
9 117
9 119
9 122
9 127
9 129
9 133
9 134
9 136
9 141
9 145
9 146
9 147
9 153
9 157
9 158
10 13
10 14
10 18
10 20
10 23
10 26
10 34
10 36
10 38
10 40
10 50
10 53
10 58
10 59
10 66
10 71
10 73
10 75
10 76
10 80
10 82
10 94
10 95
10 108
10 109
10 115
10 116
10 118
10 126
10 131
10 133
10 135
10 137
10 147
10 148
10 153
10 157
10 158
11 15
11 16
11 19
11 24
11 26
11 33
11 35
11 41
11 42
11 43
11 44
11 50
11 52
11 58
11 63
11 65
11 66
11 67
11 73
11 74
11 79
11 85
11 88
11 93
11 97
11 98
11 99
11 105
11 118
11 125
11 126
11 129
11 132
11 134
11 135
11 136
11 138
11 139
11 142
11 145
11 149
11 151
11 159
12 22
12 34
12 42
12 53
12 54
12 58
12 59
12 61
12 65
12 70
12 74
12 77
12 82
12 86
12 101
12 114
12 115
12 117
12 135
12 138
12 142
12 143
12 146
12 153
12 161
13 52
13 68
13 73
13 81
13 84
13 91
13 93
13 100
13 105
13 108
13 111
13 115
13 120
13 123
13 133
13 148
13 151
13 161
14 18
14 20
14 21
14 26
14 29
14 30
14 31
14 32
14 40
14 43
14 44
14 45
14 49
14 50
14 53
14 54
14 55
14 61
14 69
14 70
14 72
14 74
14 75
14 77
14 84
14 87
14 89
14 93
14 94
14 98
14 100
14 101
14 105
14 106
14 112
14 113
14 114
14 115
14 117
14 120
14 122
14 125
14 129
14 131
14 133
14 137
14 139
14 141
14 146
14 147
14 149
14 151
14 153
14 154
14 158
14 159
14 160
15 17
15 21
15 22
15 37
15 55
15 59
15 62
15 65
15 77
15 83
15 84
15 87
15 91
15 97
15 108
15 109
15 111
15 118
15 133
15 134
15 139
15 142
15 151
15 152
15 153
15 159
15 160
15 161
16 21
16 31
16 32
16 39
16 54
16 69
16 71
16 72
16 73
16 79
16 80
16 94
16 98
16 101
16 106
16 111
16 129
16 134
16 136
16 142
16 147
16 151
16 156
16 160
17 24
17 32
17 51
17 55
17 59
17 63
17 75
17 79
17 83
17 93
17 99
17 107
17 109
17 113
17 131
17 139
17 146
18 21
18 25
18 32
18 44
18 50
18 55
18 64
18 67
18 70
18 72
18 73
18 84
18 88
18 89
18 94
18 101
18 102
18 105
18 106
18 110
18 115
18 135
18 136
18 138
18 140
18 142
18 143
18 149
18 151
18 152
18 156
18 158
19 20
19 28
19 30
19 31
19 32
19 35
19 38
19 49
19 51
19 52
19 54
19 55
19 60
19 62
19 64
19 66
19 69
19 71
19 73
19 74
19 76
19 77
19 80
19 85
19 90
19 91
19 99
19 103
19 106
19 108
19 109
19 111
19 113
19 114
19 118
19 121
19 125
19 128
19 129
19 134
19 135
19 142
19 151
19 152
19 153
19 157
19 158
19 159
19 160
20 30
20 38
20 44
20 58
20 64
20 66
20 72
20 74
20 75
20 79
20 86
20 87
20 91
20 94
20 98
20 103
20 105
20 107
20 108
20 109
20 111
20 114
20 119
20 134
20 141
20 152
20 154
21 23
21 24
21 28
21 34
21 35
21 38
21 42
21 43
21 46
21 49
21 50
21 51
21 52
21 62
21 66
21 69
21 70
21 71
21 72
21 73
21 79
21 80
21 87
21 88
21 89
21 93
21 94
21 99
21 108
21 109
21 113
21 115
21 119
21 127
21 128
21 130
21 135
21 141
21 147
21 152
21 153
21 154
21 158
22 25
22 26
22 52
22 55
22 56
22 63
22 65
22 69
22 70
22 72
22 74
22 75
22 87
22 93
22 105
22 114
22 116
22 118
22 126
22 129
22 133
22 135
22 140
22 141
22 145
22 152
23 25
23 36
23 40
23 54
23 59
23 63
23 65
23 66
23 70
23 73
23 78
23 80
23 87
23 95
23 99
23 100
23 101
23 102
23 112
23 118
23 133
23 134
23 140
23 141
23 153
23 158
24 36
24 38
24 40
24 48
24 51
24 59
24 68
24 69
24 75
24 90
24 108
24 111
24 114
24 121
24 126
24 130
25 38
25 40
25 42
25 43
25 45
25 46
25 48
25 56
25 60
25 62
25 64
25 70
25 72
25 73
25 77
25 79
25 88
25 101
25 103
25 106
25 110
25 117
25 122
25 125
25 129
25 138
25 142
25 145
25 146
25 152
25 154
25 157
25 158
26 27
26 28
26 29
26 33
26 35
26 36
26 38
26 39
26 40
26 44
26 46
26 50
26 53
26 56
26 58
26 61
26 63
26 65
26 73
26 76
26 86
26 87
26 89
26 91
26 96
26 98
26 99
26 104
26 108
26 124
26 128
26 129
26 131
26 133
26 134
26 138
26 139
26 141
26 142
26 145
26 147
26 152
26 153
26 156
26 157
26 161
27 30
27 38
27 40
27 44
27 45
27 50
27 51
27 84
27 93
27 101
27 102
27 103
27 111
27 112
27 115
27 133
27 149
27 156
28 32
28 40
28 43
28 44
28 46
28 58
28 59
28 64
28 68
28 75
28 77
28 84
28 93
28 101
28 103
28 106
28 109
28 118
28 119
28 137
28 139
28 145
28 146
29 31
29 35
29 57
29 62
29 66
29 69
29 70
29 72
29 74
29 75
29 91
29 108
29 113
29 114
29 129
29 133
29 138
29 141
29 143
30 31
30 38
30 45
30 49
30 51
30 54
30 55
30 56
30 59
30 63
30 64
30 65
30 66
30 67
30 68
30 69
30 72
30 79
30 83
30 86
30 87
30 89
30 91
30 97
30 98
30 99
30 100
30 101
30 102
30 105
30 107
30 109
30 113
30 115
30 118
30 121
30 122
30 125
30 128
30 133
30 137
30 139
30 142
30 145
30 147
30 155
30 159
30 160
31 32
31 35
31 44
31 45
31 46
31 49
31 51
31 53
31 54
31 55
31 56
31 65
31 66
31 68
31 69
31 72
31 73
31 79
31 85
31 87
31 88
31 90
31 91
31 100
31 105
31 106
31 109
31 111
31 113
31 117
31 129
31 133
31 134
31 137
31 142
31 143
31 147
31 149
31 151
31 152
31 153
31 158
31 161
32 33
32 35
32 36
32 38
32 40
32 41
32 47
32 48
32 54
32 56
32 57
32 58
32 63
32 67
32 68
32 70
32 74
32 79
32 93
32 94
32 102
32 105
32 108
32 109
32 117
32 118
32 122
32 136
32 142
32 151
32 154
33 43
33 62
33 64
33 72
33 84
33 87
33 99
33 111
33 124
33 135
33 136
33 145
33 154
34 35
34 39
34 52
34 56
34 58
34 68
34 69
34 79
34 83
34 89
34 93
34 104
34 106
34 111
34 115
34 117
34 129
34 141
34 145
34 147
34 152
34 154
35 39
35 44
35 46
35 47
35 48
35 50
35 55
35 56
35 61
35 65
35 67
35 70
35 71
35 74
35 77
35 79
35 84
35 85
35 87
35 89
35 91
35 99
35 105
35 106
35 107
35 108
35 109
35 115
35 117
35 122
35 129
35 131
35 133
35 138
35 152
35 153
35 156
35 157
35 158
35 160
36 44
36 46
36 67
36 83
36 90
36 101
36 103
36 114
36 119
36 126
36 127
36 131
36 133
36 134
36 138
36 153
36 157
36 160
36 161
37 38
37 44
37 46
37 56
37 58
37 65
37 69
37 70
37 77
37 80
37 94
37 102
37 115
37 118
37 125
37 141
37 157
38 40
38 42
38 43
38 49
38 50
38 63
38 64
38 67
38 71
38 79
38 90
38 93
38 94
38 97
38 101
38 102
38 104
38 108
38 118
38 120
38 122
38 137
38 141
38 145
38 147
38 152
38 158
38 159
38 161
39 40
39 46
39 52
39 53
39 55
39 56
39 67
39 68
39 69
39 72
39 77
39 83
39 87
39 89
39 103
39 108
39 129
39 130
39 141
39 146
39 147
39 150
39 151
40 43
40 45
40 46
40 49
40 52
40 53
40 54
40 55
40 56
40 58
40 63
40 66
40 68
40 70
40 74
40 77
40 80
40 87
40 89
40 91
40 92
40 103
40 108
40 110
40 113
40 114
40 115
40 117
40 118
40 127
40 129
40 131
40 134
40 135
40 136
40 139
40 141
40 144
40 147
40 149
40 151
40 153
40 154
40 161
41 42
41 49
41 54
41 61
41 81
41 108
41 110
41 111
41 119
41 124
41 137
41 149
41 151
42 45
42 49
42 51
42 54
42 56
42 58
42 59
42 63
42 64
42 65
42 66
42 74
42 77
42 84
42 96
42 97
42 98
42 101
42 103
42 108
42 110
42 111
42 112
42 128
42 138
42 145
42 149
42 157
43 44
43 47
43 48
43 49
43 50
43 51
43 52
43 54
43 61
43 64
43 67
43 75
43 77
43 81
43 85
43 92
43 98
43 101
43 102
43 108
43 109
43 110
43 120
43 121
43 122
43 124
43 129
43 131
43 133
43 139
43 142
43 151
43 152
43 153
44 51
44 52
44 64
44 66
44 67
44 68
44 69
44 71
44 72
44 82
44 84
44 85
44 93
44 94
44 95
44 102
44 103
44 106
44 108
44 117
44 118
44 133
44 138
44 139
44 141
44 145
44 147
44 152
44 158
44 159
45 47
45 50
45 51
45 52
45 57
45 62
45 66
45 67
45 74
45 77
45 80
45 85
45 88
45 89
45 92
45 94
45 98
45 101
45 105
45 106
45 108
45 113
45 114
45 115
45 118
45 125
45 128
45 131
45 138
45 143
45 150
45 153
45 154
45 159
45 160
46 48
46 49
46 51
46 55
46 62
46 65
46 67
46 69
46 79
46 88
46 93
46 94
46 97
46 98
46 102
46 103
46 105
46 106
46 108
46 111
46 122
46 124
46 134
46 142
46 143
46 152
46 154
46 155
46 157
47 53
47 57
47 65
47 66
47 87
47 113
47 114
47 154
47 159
47 160
48 55
48 68
48 70
48 83
48 91
48 99
48 102
48 111
48 122
48 129
48 134
48 135
48 144
48 152
49 50
49 52
49 56
49 61
49 65
49 67
49 68
49 69
49 70
49 74
49 78
49 89
49 93
49 97
49 103
49 106
49 107
49 109
49 110
49 113
49 114
49 118
49 122
49 129
49 130
49 131
49 133
49 137
49 138
49 141
49 143
49 151
49 156
50 55
50 56
50 58
50 59
50 61
50 62
50 66
50 70
50 72
50 79
50 83
50 84
50 91
50 107
50 109
50 111
50 112
50 133
50 141
50 143
50 144
50 148
50 152
50 154
50 155
50 157
51 52
51 56
51 59
51 64
51 65
51 69
51 71
51 72
51 74
51 77
51 79
51 94
51 98
51 100
51 101
51 104
51 105
51 106
51 111
51 113
51 114
51 117
51 118
51 121
51 125
51 127
51 128
51 131
51 133
51 135
51 138
51 139
51 141
51 144
51 145
51 149
51 150
51 152
51 153
51 157
52 67
52 71
52 73
52 96
52 101
52 108
52 109
52 111
52 114
52 115
52 122
52 130
52 138
52 146
52 152
52 158
53 57
53 68
53 71
53 74
53 82
53 84
53 90
53 94
53 106
53 108
53 109
53 135
53 136
53 145
53 147
53 150
53 161
54 56
54 58
54 63
54 64
54 65
54 67
54 71
54 74
54 77
54 83
54 84
54 85
54 92
54 93
54 94
54 97
54 98
54 101
54 102
54 108
54 112
54 114
54 115
54 117
54 122
54 133
54 134
54 137
54 138
54 145
54 146
54 149
54 151
54 152
55 63
55 65
55 66
55 67
55 69
55 70
55 79
55 86
55 87
55 94
55 95
55 104
55 106
55 107
55 114
55 115
55 117
55 133
55 135
55 142
55 146
55 152
55 153
55 154
55 158
56 60
56 67
56 71
56 72
56 73
56 75
56 77
56 79
56 80
56 84
56 85
56 86
56 88
56 89
56 98
56 101
56 103
56 105
56 108
56 109
56 115
56 125
56 126
56 128
56 129
56 134
56 137
56 138
56 145
56 147
56 152
56 153
56 155
56 157
57 58
57 65
57 67
57 73
57 84
57 91
57 99
57 105
57 106
57 107
57 129
57 130
57 133
57 146
57 154
58 59
58 67
58 70
58 71
58 72
58 91
58 94
58 97
58 98
58 99
58 102
58 105
58 108
58 110
58 111
58 113
58 115
58 116
58 118
58 119
58 121
58 125
58 127
58 128
58 133
58 142
58 149
58 154
58 156
58 157
58 161
59 63
59 69
59 74
59 84
59 87
59 89
59 99
59 102
59 107
59 112
59 114
59 127
59 129
59 132
59 134
59 135
59 150
59 154
60 63
60 65
60 97
60 99
60 105
60 141
60 150
61 62
61 63
61 65
61 68
61 70
61 73
61 74
61 75
61 77
61 79
61 82
61 109
61 110
61 112
61 113
61 124
61 134
61 137
62 65
62 68
62 69
62 72
62 73
62 79
62 82
62 83
62 93
62 102
62 113
62 129
62 132
62 138
62 139
62 142
62 149
62 158
62 159
62 160
63 64
63 65
63 74
63 77
63 89
63 94
63 104
63 108
63 112
63 117
63 134
63 137
63 141
63 144
63 147
63 157
63 161
64 66
64 68
64 69
64 72
64 74
64 77
64 80
64 81
64 90
64 97
64 98
64 101
64 104
64 111
64 116
64 117
64 118
64 129
64 131
64 135
64 137
64 138
64 141
64 142
64 145
64 152
64 153
64 157
64 159
65 67
65 68
65 72
65 75
65 87
65 89
65 90
65 93
65 94
65 96
65 97
65 98
65 100
65 101
65 102
65 104
65 105
65 111
65 113
65 114
65 115
65 117
65 118
65 120
65 122
65 125
65 134
65 141
65 142
65 146
65 147
65 153
65 154
65 157
65 161
66 67
66 68
66 70
66 73
66 81
66 82
66 84
66 87
66 89
66 91
66 93
66 102
66 108
66 110
66 116
66 118
66 126
66 129
66 137
66 142
66 145
66 149
66 153
66 159
66 161
67 74
67 83
67 85
67 90
67 92
67 99
67 101
67 102
67 104
67 108
67 110
67 115
67 116
67 117
67 118
67 124
67 125
67 126
67 127
67 131
67 132
67 134
67 135
67 143
67 150
67 156
68 70
68 77
68 79
68 91
68 93
68 103
68 105
68 106
68 107
68 110
68 112
68 117
68 125
68 128
68 129
68 130
68 133
68 134
68 135
68 137
68 138
68 142
68 145
68 147
68 152
68 154
68 160
69 71
69 72
69 76
69 82
69 84
69 90
69 91
69 93
69 96
69 98
69 100
69 102
69 106
69 107
69 108
69 111
69 112
69 113
69 121
69 126
69 131
69 141
69 142
69 146
69 147
69 150
69 151
69 153
69 158
70 72
70 73
70 78
70 81
70 86
70 94
70 99
70 100
70 105
70 106
70 107
70 109
70 117
70 120
70 121
70 132
70 135
70 138
70 139
70 141
70 146
70 147
70 161
71 74
71 75
71 76
71 79
71 85
71 93
71 94
71 102
71 105
71 106
71 111
71 116
71 121
71 137
71 141
71 145
71 146
71 149
71 157
71 159
72 73
72 74
72 75
72 79
72 80
72 83
72 84
72 91
72 93
72 97
72 109
72 112
72 114
72 117
72 118
72 125
72 131
72 132
72 133
72 135
72 137
72 144
72 146
72 147
72 149
72 152
72 155
72 159
73 74
73 75
73 77
73 80
73 82
73 83
73 84
73 88
73 92
73 98
73 105
73 110
73 112
73 114
73 115
73 120
73 126
73 132
73 134
73 137
73 148
73 151
73 155
73 157
73 160
74 75
74 79
74 80
74 87
74 89
74 91
74 99
74 101
74 102
74 103
74 104
74 108
74 109
74 111
74 112
74 117
74 119
74 121
74 124
74 125
74 131
74 134
74 137
74 138
74 142
74 143
74 145
74 146
74 150
74 161
75 80
75 84
75 85
75 87
75 97
75 100
75 105
75 108
75 111
75 113
75 115
75 117
75 125
75 129
75 131
75 134
75 135
75 138
75 142
75 143
75 147
75 154
75 155
75 159
75 161
76 99
76 112
76 125
76 132
76 133
76 145
76 146
76 158
77 82
77 87
77 89
77 94
77 97
77 104
77 106
77 108
77 113
77 114
77 116
77 117
77 118
77 125
77 131
77 136
77 148
77 150
78 83
78 94
79 80
79 84
79 85
79 88
79 91
79 92
79 94
79 98
79 100
79 103
79 108
79 109
79 115
79 116
79 126
79 129
79 141
79 149
79 157
79 160
80 83
80 100
80 103
80 105
80 111
80 112
80 113
80 125
80 129
80 130
80 133
80 134
80 137
80 138
80 154
81 89
81 92
81 94
81 110
81 113
81 134
81 135
81 142
81 145
81 157
82 85
82 94
82 105
82 106
82 110
82 118
82 134
82 138
82 146
82 149
82 151
82 154
83 84
83 93
83 99
83 101
83 110
83 115
83 117
83 125
83 126
83 128
83 134
83 137
83 151
84 87
84 91
84 94
84 99
84 101
84 102
84 103
84 107
84 108
84 109
84 117
84 118
84 121
84 131
84 136
84 137
84 142
84 144
84 153
85 91
85 108
85 109
85 124
85 125
85 126
85 129
85 131
85 133
85 136
85 139
85 142
85 149
85 151
85 154
86 90
86 92
86 98
86 103
86 105
86 114
86 123
86 129
86 132
86 145
86 151
86 157
87 89
87 101
87 102
87 106
87 108
87 110
87 112
87 115
87 116
87 118
87 120
87 128
87 133
87 135
87 136
87 138
87 139
87 148
87 153
87 161
88 93
88 106
88 115
88 125
88 133
88 134
88 135
88 137
88 139
88 146
88 154
88 158
88 160
89 90
89 91
89 93
89 96
89 101
89 103
89 105
89 108
89 112
89 115
89 117
89 118
89 122
89 128
89 131
89 132
89 133
89 135
89 138
89 145
89 147
89 149
89 150
89 151
89 154
89 158
89 159
89 161
90 94
90 101
90 106
90 110
90 115
90 117
90 119
90 134
90 136
90 142
90 147
90 161
91 102
91 108
91 112
91 114
91 115
91 117
91 134
91 135
91 137
91 138
91 142
91 145
91 149
91 151
91 152
91 154
91 161
92 94
92 103
92 105
92 113
92 117
92 118
92 126
92 133
92 153
93 100
93 101
93 107
93 112
93 125
93 131
93 133
93 136
93 138
93 140
93 141
93 151
93 152
93 155
93 160
94 96
94 100
94 105
94 106
94 114
94 115
94 121
94 125
94 129
94 137
94 138
94 141
94 146
94 147
94 153
94 158
94 159
94 160
95 107
95 118
95 146
96 104
96 107
96 115
96 124
96 142
96 152
96 157
96 158
97 98
97 99
97 100
97 102
97 113
97 115
97 117
97 121
97 129
97 133
97 135
97 136
97 138
97 139
97 145
97 146
97 147
97 153
97 154
97 159
98 101
98 105
98 107
98 109
98 111
98 115
98 125
98 129
98 131
98 134
98 135
98 136
98 139
98 141
98 142
98 147
98 159
99 103
99 105
99 106
99 108
99 109
99 116
99 117
99 118
99 132
99 133
99 134
99 141
99 147
99 148
99 151
99 152
99 154
99 159
99 160
99 161
100 103
100 107
100 111
100 118
100 132
100 138
100 141
100 153
100 156
100 160
101 102
101 103
101 105
101 106
101 108
101 109
101 115
101 116
101 117
101 118
101 125
101 127
101 131
101 133
101 134
101 136
101 138
101 139
101 141
101 147
101 151
101 152
101 154
102 103
102 110
102 111
102 113
102 116
102 120
102 123
102 131
102 132
102 138
102 142
102 147
102 151
102 152
102 157
102 158
102 161
103 104
103 108
103 109
103 113
103 115
103 119
103 120
103 122
103 125
103 129
103 134
103 137
103 145
103 150
103 152
103 154
103 157
103 158
103 160
103 161
104 112
104 116
104 151
104 154
104 158
104 161
105 107
105 108
105 110
105 116
105 129
105 141
105 145
105 146
105 149
105 150
105 151
105 157
105 161
106 108
106 111
106 112
106 113
106 114
106 115
106 121
106 122
106 125
106 132
106 133
106 134
106 138
106 142
106 145
106 147
106 148
106 150
106 152
106 158
106 160
107 108
107 109
107 116
107 117
107 125
107 128
107 129
107 136
107 141
107 144
108 109
108 110
108 112
108 113
108 115
108 131
108 133
108 134
108 136
108 137
108 139
108 140
108 145
108 146
108 150
108 152
108 156
108 157
109 110
109 113
109 114
109 115
109 118
109 123
109 126
109 127
109 132
109 134
109 140
109 143
109 145
109 147
109 151
109 152
110 125
110 142
110 154
110 161
111 115
111 118
111 120
111 121
111 124
111 125
111 135
111 145
111 155
111 158
112 113
112 115
112 117
112 118
112 124
112 132
112 136
112 137
112 138
112 142
112 143
112 146
112 161
113 114
113 115
113 118
113 125
113 126
113 131
113 133
113 145
113 147
113 150
113 152
113 153
114 117
114 128
114 129
114 131
114 134
114 138
114 139
114 141
114 145
114 153
115 116
115 117
115 118
115 120
115 126
115 128
115 129
115 131
115 132
115 133
115 137
115 145
115 146
115 156
115 157
115 159
115 161
116 125
116 129
116 132
116 133
117 118
117 121
117 122
117 127
117 131
117 135
117 136
117 143
117 146
117 154
117 156
117 157
117 160
118 122
118 125
118 131
118 133
118 135
118 139
118 149
118 151
118 152
118 154
118 157
118 159
118 161
119 125
119 130
119 133
119 134
119 138
119 157
119 158
120 130
120 134
120 137
120 145
120 151
120 154
120 155
121 135
121 141
121 142
121 146
121 156
121 157
121 158
122 136
122 146
122 151
123 127
123 129
123 160
124 154
125 128
125 129
125 131
125 135
125 136
125 139
125 146
125 149
125 152
125 153
125 154
125 157
125 158
126 128
126 129
126 137
126 138
126 142
126 148
126 158
126 161
127 128
127 130
127 134
127 139
127 142
127 146
127 149
127 158
128 133
128 135
128 141
128 142
128 152
128 159
128 161
129 136
129 141
129 142
129 147
129 148
129 151
129 152
129 154
129 156
129 159
129 161
130 134
130 139
130 151
130 158
131 136
131 141
131 142
131 151
131 154
131 156
131 158
131 160
132 139
132 141
132 161
133 137
133 146
133 147
133 151
133 155
133 160
134 135
134 137
134 139
134 140
134 142
134 147
134 150
134 152
134 154
134 157
135 145
135 146
135 149
135 150
135 154
135 158
135 159
135 161
136 141
136 142
136 146
136 149
136 159
137 138
137 139
137 141
137 142
137 145
137 146
137 147
137 152
137 159
137 161
138 142
138 146
138 148
138 151
138 152
138 153
138 154
139 141
139 143
139 153
139 160
140 145
140 146
140 152
141 151
141 154
141 158
141 160
142 146
142 147
142 149
142 151
142 152
142 153
142 158
142 160
143 149
143 155
143 157
144 152
145 147
145 153
145 154
145 161
146 155
146 157
146 159
147 151
147 152
147 153
147 154
147 155
149 151
149 161
150 157
151 152
152 153
152 156
152 157
153 155
154 158
154 160
155 156
157 158
