0 7
0 11
0 14
0 19
0 31
0 32
0 35
0 45
0 51
0 58
0 61
0 63
0 66
0 68
0 70
0 98
0 106
0 108
0 111
0 114
0 115
0 125
0 126
0 133
0 138
0 139
0 145
0 147
0 151
0 153
0 157
0 158
1 11
1 33
1 34
1 35
1 38
1 40
1 41
1 42
1 44
1 47
1 54
1 55
1 58
1 60
1 65
1 69
1 77
1 79
1 80
1 85
1 89
1 94
1 98
1 101
1 110
1 113
1 114
1 117
1 118
1 137
1 145
1 152
1 153
2 14
2 24
2 25
2 36
2 38
2 40
2 43
2 44
2 51
2 56
2 67
2 73
2 75
2 80
2 83
2 93
2 94
2 111
2 117
2 118
2 120
2 127
2 134
2 142
2 147
2 160
3 4
3 7
3 14
3 17
3 30
3 32
3 45
3 51
3 61
3 64
3 70
3 72
3 75
3 84
3 89
3 99
3 113
3 116
3 118
3 119
3 125
3 127
3 129
3 137
3 138
3 145
3 146
3 147
3 151
3 152
4 7
4 9
4 12
4 19
4 23
4 24
4 25
4 30
4 32
4 35
4 38
4 42
4 49
4 50
4 52
4 54
4 56
4 57
4 59
4 65
4 66
4 68
4 69
4 70
4 71
4 73
4 74
4 76
4 77
4 79
4 80
4 82
4 87
4 89
4 93
4 96
4 100
4 101
4 103
4 104
4 105
4 108
4 110
4 112
4 114
4 116
4 119
4 120
4 123
4 126
4 129
4 131
4 133
4 134
4 137
4 138
4 139
4 145
4 147
4 151
4 152
4 154
4 155
4 159
4 161
5 11
5 22
5 36
5 56
5 61
5 63
5 64
5 68
5 73
5 84
5 85
5 101
5 102
5 104
5 120
5 122
5 126
5 136
5 137
5 139
5 142
6 10
6 12
6 13
6 14
6 21
6 26
6 29
6 30
6 31
6 34
6 38
6 44
6 48
6 50
6 51
6 52
6 54
6 56
6 64
6 68
6 69
6 72
6 80
6 81
6 83
6 85
6 90
6 91
6 92
6 98
6 104
6 109
6 110
6 111
6 112
6 113
6 114
6 117
6 119
6 121
6 124
6 125
6 126
6 128
6 131
6 133
6 138
6 140
6 143
6 145
6 149
6 150
7 11
7 20
7 23
7 25
7 30
7 38
7 40
7 43
7 45
7 49
7 53
7 54
7 56
7 64
7 65
7 67
7 70
7 71
7 73
7 74
7 75
7 77
7 79
7 80
7 82
7 84
7 85
7 88
7 89
7 100
7 101
7 102
7 103
7 106
7 107
7 111
7 113
7 115
7 117
7 125
7 127
7 129
7 133
7 134
7 141
7 147
7 149
7 152
7 153
7 156
7 158
7 161
8 11
8 14
8 58
8 79
8 133
8 135
9 10
9 11
9 13
9 15
9 20
9 26
9 27
9 30
9 31
9 32
9 37
9 38
9 42
9 43
9 44
9 52
9 54
9 56
9 59
9 62
9 66
9 67
9 70
9 71
9 72
9 74
9 79
9 80
9 83
9 90
9 91
9 98
9 100
9 101
9 102
9 103
9 104
9 115
9 117
9 119
9 125
9 129
9 131
9 134
9 137
9 142
9 147
9 149
9 150
9 152
9 153
9 154
9 158
9 161
10 11
10 19
10 21
10 22
10 23
10 30
10 31
10 39
10 40
10 44
10 45
10 51
10 55
10 58
10 62
10 64
10 65
10 66
10 67
10 68
10 72
10 74
10 75
10 87
10 92
10 94
10 96
10 99
10 100
10 111
10 113
10 114
10 116
10 117
10 118
10 129
10 134
10 137
10 138
10 146
10 151
10 161
11 15
11 16
11 19
11 26
11 31
11 34
11 35
11 42
11 49
11 50
11 58
11 59
11 65
11 70
11 72
11 74
11 77
11 79
11 84
11 89
11 90
11 92
11 93
11 94
11 102
11 104
11 105
11 115
11 118
11 119
11 124
11 129
11 130
11 131
11 133
11 134
11 135
11 143
11 148
11 149
11 151
11 152
11 155
11 160
12 14
12 21
12 25
12 27
12 36
12 45
12 51
12 58
12 68
12 69
12 77
12 80
12 93
12 94
12 97
12 115
12 118
12 126
12 134
12 145
12 146
12 154
13 20
13 25
13 26
13 42
13 50
13 58
13 80
13 83
13 84
13 113
13 114
13 115
13 126
13 129
13 147
13 153
13 155
13 157
14 18
14 21
14 22
14 24
14 26
14 28
14 30
14 31
14 33
14 34
14 35
14 46
14 52
14 53
14 58
14 65
14 66
14 67
14 68
14 69
14 77
14 79
14 80
14 82
14 84
14 89
14 91
14 97
14 99
14 102
14 103
14 104
14 106
14 107
14 109
14 110
14 114
14 117
14 118
14 127
14 135
14 136
14 139
14 145
14 146
14 148
14 149
14 152
14 154
14 157
14 158
15 23
15 27
15 31
15 38
15 50
15 55
15 59
15 64
15 67
15 71
15 73
15 79
15 84
15 86
15 89
15 101
15 105
15 110
15 131
15 135
15 141
15 154
15 156
16 18
16 19
16 21
16 26
16 31
16 44
16 45
16 46
16 51
16 61
16 63
16 72
16 85
16 100
16 102
16 112
16 114
16 117
16 118
16 121
16 130
16 146
16 152
16 153
16 157
16 158
17 26
17 32
17 45
17 72
17 73
17 80
17 91
17 106
17 112
17 114
17 138
17 143
17 152
17 157
18 23
18 30
18 39
18 43
18 47
18 51
18 55
18 57
18 60
18 61
18 68
18 69
18 71
18 73
18 74
18 79
18 80
18 84
18 85
18 86
18 90
18 92
18 95
18 101
18 102
18 106
18 108
18 110
18 111
18 112
18 113
18 115
18 125
18 129
18 130
18 134
18 137
18 139
18 142
18 143
18 145
18 150
18 151
18 152
18 153
18 158
19 20
19 24
19 30
19 31
19 34
19 36
19 37
19 41
19 44
19 46
19 51
19 52
19 57
19 58
19 67
19 69
19 72
19 74
19 79
19 85
19 87
19 89
19 92
19 93
19 94
19 96
19 97
19 102
19 103
19 106
19 112
19 113
19 115
19 121
19 128
19 131
19 132
19 133
19 136
19 142
19 146
19 148
19 149
19 150
19 151
19 155
19 158
20 21
20 24
20 29
20 32
20 35
20 40
20 42
20 52
20 53
20 54
20 55
20 65
20 67
20 68
20 71
20 79
20 80
20 94
20 98
20 107
20 108
20 109
20 118
20 141
20 142
20 145
20 152
20 153
20 155
21 26
21 28
21 34
21 39
21 47
21 51
21 59
21 60
21 63
21 64
21 68
21 69
21 71
21 73
21 74
21 77
21 79
21 80
21 82
21 84
21 91
21 97
21 98
21 106
21 114
21 117
21 118
21 126
21 127
21 129
21 130
21 134
21 135
21 140
21 141
21 142
21 147
21 151
21 153
21 158
22 39
22 40
22 44
22 45
22 58
22 70
22 80
22 88
22 89
22 90
22 92
22 98
22 102
22 105
22 115
22 117
22 141
22 157
22 161
23 25
23 32
23 40
23 42
23 44
23 46
23 50
23 61
23 62
23 65
23 68
23 105
23 108
23 115
23 117
23 121
23 125
23 129
23 134
23 154
24 32
24 44
24 51
24 56
24 62
24 63
24 68
24 69
24 70
24 77
24 80
24 106
24 108
24 109
24 119
24 125
24 137
24 138
24 147
24 154
25 35
25 39
25 40
25 49
25 51
25 55
25 56
25 57
25 58
25 66
25 67
25 70
25 78
25 79
25 85
25 88
25 94
25 98
25 101
25 102
25 103
25 106
25 122
25 125
25 131
25 133
25 134
25 137
25 138
25 141
25 144
25 160
25 161
26 27
26 31
26 36
26 37
26 40
26 42
26 43
26 50
26 51
26 56
26 64
26 65
26 68
26 72
26 79
26 82
26 84
26 85
26 86
26 87
26 89
26 90
26 92
26 93
26 94
26 97
26 98
26 99
26 101
26 102
26 103
26 107
26 108
26 109
26 116
26 117
26 118
26 119
26 124
26 125
26 128
26 134
26 135
26 136
26 149
26 151
26 154
26 161
27 35
27 41
27 58
27 64
27 67
27 74
27 94
27 99
27 116
27 122
27 129
27 142
28 49
28 54
28 61
28 77
28 80
28 81
28 97
28 105
28 109
28 141
28 147
29 35
29 40
29 45
29 54
29 56
29 61
29 65
29 68
29 69
29 72
29 79
29 105
29 113
29 126
29 135
29 139
29 152
29 157
29 158
29 159
30 31
30 34
30 40
30 42
30 43
30 46
30 51
30 52
30 55
30 63
30 65
30 66
30 67
30 70
30 71
30 72
30 74
30 85
30 89
30 95
30 98
30 99
30 113
30 114
30 117
30 126
30 130
30 132
30 139
30 141
30 147
30 151
30 152
30 154
30 158
31 32
31 33
31 35
31 39
31 40
31 49
31 52
31 53
31 54
31 56
31 64
31 65
31 66
31 67
31 68
31 69
31 70
31 73
31 74
31 79
31 81
31 87
31 89
31 92
31 95
31 97
31 100
31 102
31 106
31 107
31 108
31 109
31 113
31 114
31 118
31 129
31 133
31 135
31 136
31 141
31 142
31 149
31 151
31 153
32 38
32 42
32 50
32 51
32 52
32 54
32 56
32 57
32 58
32 64
32 65
32 66
32 68
32 69
32 74
32 80
32 82
32 84
32 87
32 92
32 96
32 97
32 100
32 106
32 109
32 113
32 114
32 115
32 117
32 118
32 125
32 135
32 137
32 139
32 142
32 147
32 154
32 157
32 158
32 160
33 46
33 48
33 54
33 56
33 72
33 74
33 75
33 80
33 87
33 90
33 91
33 98
33 102
33 112
33 127
33 129
33 141
33 145
34 40
34 46
34 48
34 53
34 71
34 80
34 84
34 111
34 112
34 113
34 115
34 117
34 118
34 126
34 127
34 131
34 132
34 135
34 142
34 149
34 154
35 36
35 38
35 39
35 40
35 44
35 52
35 56
35 58
35 66
35 72
35 75
35 93
35 94
35 99
35 100
35 112
35 120
35 135
35 136
35 141
35 142
35 148
35 149
35 150
35 151
35 155
35 157
35 158
35 159
36 42
36 43
36 51
36 54
36 65
36 70
36 80
36 82
36 88
36 91
36 92
36 93
36 98
36 99
36 101
36 102
36 107
36 111
36 112
36 118
36 124
36 126
36 132
36 133
36 135
36 141
36 152
36 153
36 154
36 159
36 161
37 41
37 52
37 64
37 66
37 70
37 71
37 75
37 88
37 89
37 97
37 101
37 103
37 108
37 113
37 116
37 125
37 128
37 131
37 134
37 158
38 39
38 44
38 55
38 63
38 64
38 66
38 69
38 74
38 77
38 81
38 84
38 85
38 88
38 90
38 98
38 99
38 100
38 101
38 102
38 105
38 107
38 108
38 111
38 113
38 117
38 121
38 125
38 129
38 132
38 133
38 135
38 137
38 138
38 141
38 142
38 145
38 149
38 151
38 152
38 153
38 154
39 49
39 50
39 51
39 59
39 60
39 64
39 68
39 69
39 72
39 76
39 91
39 93
39 97
39 101
39 108
39 116
39 126
39 131
39 133
39 134
39 139
39 146
39 153
39 154
39 158
39 161
40 55
40 56
40 58
40 59
40 61
40 66
40 68
40 73
40 74
40 76
40 80
40 84
40 88
40 90
40 99
40 100
40 102
40 108
40 115
40 117
40 124
40 126
40 133
40 135
40 138
40 141
40 146
40 147
40 158
41 42
41 43
41 44
41 52
41 68
41 74
41 81
41 87
41 91
41 92
41 107
41 109
41 111
41 113
41 128
41 138
41 142
41 146
41 160
42 52
42 56
42 58
42 64
42 72
42 85
42 98
42 101
42 104
42 106
42 113
42 116
42 118
42 126
42 129
42 134
42 135
42 152
42 154
42 158
42 161
43 45
43 49
43 50
43 53
43 60
43 62
43 67
43 70
43 71
43 72
43 77
43 79
43 82
43 85
43 88
43 89
43 90
43 91
43 93
43 96
43 104
43 105
43 107
43 108
43 115
43 117
43 126
43 129
43 133
43 136
43 138
43 145
43 146
43 149
43 158
43 161
44 50
44 59
44 64
44 65
44 68
44 72
44 73
44 74
44 80
44 83
44 93
44 94
44 99
44 101
44 103
44 106
44 111
44 113
44 125
44 130
44 131
44 136
44 137
44 138
44 139
44 140
44 145
44 146
44 147
44 149
44 151
44 152
44 157
44 159
45 46
45 49
45 50
45 54
45 55
45 64
45 65
45 68
45 70
45 74
45 77
45 88
45 89
45 93
45 99
45 101
45 102
45 106
45 108
45 118
45 119
45 126
45 127
45 131
45 139
45 145
45 149
45 154
45 157
46 51
46 55
46 56
46 60
46 62
46 63
46 64
46 67
46 69
46 72
46 86
46 93
46 97
46 101
46 110
46 111
46 112
46 113
46 114
46 121
46 129
46 131
46 134
46 137
46 138
46 145
46 147
46 153
46 154
46 156
46 157
46 158
46 161
47 49
47 52
47 54
47 67
47 70
47 72
47 73
47 75
47 84
47 95
47 100
47 102
47 104
47 111
47 128
47 138
47 147
48 59
48 62
48 64
48 67
48 79
48 87
48 90
48 99
48 100
48 105
48 106
48 115
48 117
48 124
48 125
48 139
48 140
48 146
48 153
49 51
49 54
49 55
49 56
49 57
49 58
49 63
49 64
49 65
49 66
49 68
49 69
49 70
49 73
49 81
49 82
49 90
49 93
49 99
49 105
49 106
49 108
49 112
49 113
49 115
49 116
49 117
49 118
49 125
49 130
49 131
49 133
49 136
49 145
49 153
49 154
49 159
50 55
50 61
50 64
50 69
50 79
50 83
50 87
50 93
50 96
50 101
50 103
50 106
50 109
50 112
50 116
50 123
50 139
50 144
50 147
50 150
50 152
50 153
50 159
50 160
50 161
51 52
51 55
51 57
51 63
51 64
51 67
51 68
51 69
51 70
51 71
51 72
51 75
51 80
51 82
51 89
51 90
51 91
51 93
51 96
51 103
51 106
51 109
51 110
51 112
51 113
51 118
51 120
51 125
51 130
51 131
51 133
51 135
51 138
51 140
51 142
51 143
51 154
51 157
51 158
51 159
52 56
52 59
52 67
52 68
52 69
52 70
52 72
52 74
52 77
52 80
52 89
52 91
52 93
52 94
52 103
52 104
52 112
52 125
52 128
52 130
52 131
52 132
52 134
52 141
52 142
52 152
52 159
52 160
53 61
53 63
53 64
53 71
53 72
53 74
53 82
53 92
53 101
53 102
53 111
53 131
53 135
53 147
53 152
53 153
54 56
54 57
54 58
54 59
54 63
54 64
54 66
54 69
54 71
54 72
54 79
54 84
54 98
54 99
54 102
54 103
54 105
54 107
54 109
54 111
54 117
54 125
54 126
54 131
54 135
54 136
54 139
54 146
54 148
54 151
54 154
54 160
54 161
55 57
55 65
55 68
55 71
55 72
55 89
55 93
55 98
55 100
55 105
55 106
55 109
55 110
55 112
55 114
55 115
55 118
55 129
55 131
55 134
55 135
55 137
55 138
55 145
55 149
55 153
55 154
55 158
56 61
56 63
56 64
56 65
56 68
56 73
56 74
56 75
56 79
56 80
56 88
56 91
56 93
56 96
56 98
56 99
56 100
56 102
56 108
56 113
56 116
56 118
56 126
56 128
56 129
56 131
56 142
56 146
56 147
56 150
56 158
56 159
56 160
57 62
57 64
57 73
57 74
57 89
57 98
57 102
57 105
57 112
57 116
57 121
57 127
57 131
57 152
57 154
58 65
58 72
58 73
58 74
58 79
58 80
58 87
58 88
58 89
58 92
58 94
58 97
58 101
58 105
58 106
58 107
58 108
58 119
58 126
58 128
58 130
58 133
58 137
58 143
58 145
58 146
58 152
58 153
59 66
59 73
59 87
59 91
59 93
59 94
59 102
59 104
59 108
59 112
59 113
59 122
59 135
59 137
59 141
59 146
59 148
59 151
59 152
59 155
60 63
60 91
60 97
60 98
60 106
60 121
60 126
60 154
60 159
61 84
61 93
61 97
61 99
61 101
61 103
61 115
61 117
61 134
61 141
61 147
61 157
61 158
61 161
62 72
62 73
62 84
62 93
62 96
62 97
62 106
62 110
62 117
62 120
62 123
62 138
62 141
62 142
62 145
62 147
62 153
62 157
62 158
63 64
63 65
63 66
63 67
63 69
63 74
63 83
63 85
63 87
63 88
63 89
63 93
63 94
63 98
63 109
63 110
63 111
63 114
63 116
63 118
63 122
63 129
63 132
63 133
63 136
63 137
63 138
63 139
63 145
63 146
63 151
63 157
63 158
64 66
64 71
64 72
64 73
64 74
64 82
64 87
64 91
64 98
64 100
64 101
64 103
64 107
64 114
64 115
64 124
64 126
64 129
64 130
64 135
64 141
64 147
64 149
64 151
64 152
64 153
64 156
65 68
65 69
65 72
65 73
65 77
65 79
65 84
65 88
65 92
65 94
65 98
65 99
65 100
65 102
65 106
65 108
65 114
65 117
65 119
65 133
65 136
65 142
65 146
65 147
65 149
65 151
65 152
65 159
65 161
66 69
66 82
66 86
66 89
66 92
66 97
66 99
66 108
66 109
66 110
66 114
66 115
66 116
66 118
66 119
66 121
66 129
66 135
66 136
66 137
66 147
66 151
66 158
66 161
67 71
67 72
67 74
67 75
67 77
67 79
67 87
67 97
67 98
67 101
67 102
67 103
67 108
67 109
67 111
67 113
67 116
67 117
67 119
67 124
67 125
67 133
67 138
67 141
67 146
67 149
67 150
67 151
67 153
67 154
68 73
68 79
68 84
68 87
68 94
68 97
68 101
68 102
68 103
68 106
68 110
68 111
68 112
68 114
68 117
68 118
68 121
68 125
68 127
68 132
68 134
68 137
68 150
68 152
69 72
69 79
69 82
69 84
69 87
69 88
69 91
69 94
69 95
69 96
69 97
69 102
69 108
69 109
69 112
69 113
69 115
69 116
69 117
69 128
69 131
69 133
69 147
69 149
69 152
69 153
69 158
70 74
70 76
70 77
70 81
70 89
70 91
70 94
70 98
70 105
70 106
70 113
70 114
70 118
70 125
70 127
70 130
70 131
70 134
70 141
70 145
70 147
70 148
70 151
70 154
71 72
71 79
71 80
71 81
71 82
71 87
71 91
71 94
71 97
71 99
71 101
71 105
71 109
71 111
71 113
71 114
71 115
71 117
71 127
71 128
71 129
71 154
72 73
72 74
72 82
72 84
72 85
72 87
72 88
72 94
72 97
72 99
72 102
72 105
72 109
72 110
72 113
72 114
72 116
72 117
72 118
72 126
72 132
72 136
72 137
72 143
72 149
72 150
72 152
72 153
72 158
72 159
72 160
73 74
73 77
73 84
73 93
73 101
73 102
73 104
73 109
73 113
73 114
73 116
73 117
73 118
73 127
73 138
73 141
73 150
73 151
73 155
73 157
73 158
73 160
74 77
74 80
74 84
74 85
74 90
74 98
74 99
74 100
74 102
74 103
74 105
74 107
74 108
74 112
74 113
74 115
74 118
74 119
74 121
74 126
74 130
74 131
74 136
74 142
74 145
74 147
74 153
75 80
75 85
75 91
75 93
75 97
75 101
75 102
75 107
75 113
75 114
75 119
75 120
75 125
75 126
75 131
75 142
75 147
75 154
76 83
76 97
76 101
76 118
76 125
76 131
76 160
77 79
77 83
77 84
77 103
77 106
77 108
77 109
77 111
77 113
77 117
77 118
77 123
77 124
77 134
77 142
77 148
77 151
77 154
77 157
77 159
77 160
78 94
78 138
78 142
78 153
79 80
79 85
79 87
79 89
79 91
79 94
79 97
79 99
79 105
79 107
79 111
79 112
79 120
79 125
79 126
79 128
79 129
79 133
79 137
79 138
79 140
79 141
79 142
79 144
79 147
79 157
79 159
79 161
80 91
80 98
80 101
80 108
80 109
80 117
80 118
80 133
80 135
80 137
80 142
80 147
81 97
81 99
81 108
81 112
81 142
81 154
81 161
82 83
82 88
82 95
82 104
82 109
82 111
82 112
82 113
82 114
82 143
82 145
82 149
82 156
83 98
83 107
83 118
83 120
83 124
83 157
83 159
84 85
84 88
84 98
84 113
84 114
84 115
84 118
84 122
84 129
84 133
84 136
84 137
84 138
84 141
84 147
84 151
84 152
84 154
84 158
84 160
84 161
85 87
85 89
85 93
85 97
85 107
85 108
85 109
85 110
85 114
85 125
85 137
85 152
85 153
85 157
86 92
86 97
86 108
86 161
87 90
87 92
87 103
87 108
87 109
87 111
87 113
87 114
87 115
87 117
87 127
87 129
87 132
87 133
87 142
87 146
87 152
87 158
87 161
88 98
88 99
88 100
88 101
88 111
88 113
88 114
88 117
88 118
88 120
88 137
88 139
88 152
88 153
88 154
89 91
89 92
89 93
89 95
89 96
89 97
89 101
89 103
89 105
89 108
89 111
89 112
89 114
89 118
89 125
89 127
89 129
89 134
89 136
89 137
89 142
89 143
89 147
89 151
89 152
89 153
89 157
89 159
89 160
90 95
90 101
90 102
90 103
90 113
90 128
90 135
90 138
90 142
90 147
90 151
90 154
91 98
91 105
91 106
91 108
91 109
91 113
91 126
91 136
91 142
91 144
91 145
91 152
91 157
92 103
92 105
92 112
92 113
92 118
92 121
92 122
92 125
92 133
92 138
92 142
92 147
92 149
92 151
92 160
93 101
93 103
93 106
93 108
93 109
93 117
93 118
93 125
93 133
93 137
93 139
93 142
93 153
93 157
94 101
94 105
94 106
94 107
94 111
94 112
94 115
94 117
94 118
94 120
94 125
94 134
94 137
94 139
94 140
94 146
94 149
94 153
94 155
95 98
95 116
95 131
95 138
95 142
95 145
95 148
95 149
95 152
96 101
96 109
96 116
96 117
96 118
96 119
96 120
96 125
96 146
96 151
96 153
97 109
97 113
97 115
97 125
97 126
97 133
97 134
97 137
97 139
97 148
97 153
97 159
98 115
98 117
98 125
98 129
98 131
98 133
98 134
98 147
98 153
98 158
98 160
99 108
99 109
99 114
99 118
99 121
99 134
99 141
99 142
99 146
99 154
99 157
99 158
100 104
100 113
100 114
100 115
100 134
100 136
100 137
100 138
100 151
101 105
101 108
101 114
101 115
101 118
101 119
101 129
101 133
101 135
101 137
101 138
101 142
101 146
101 151
101 152
101 153
102 107
102 108
102 111
102 114
102 120
102 128
102 131
102 139
102 145
102 152
102 153
102 157
102 158
103 104
103 110
103 112
103 122
103 133
103 137
103 138
103 147
103 158
103 161
104 106
104 133
104 138
104 141
104 144
104 151
104 153
105 106
105 108
105 111
105 112
105 115
105 118
105 121
105 124
105 126
105 127
105 128
105 131
105 134
105 139
105 141
105 152
105 154
105 157
105 160
106 108
106 113
106 115
106 121
106 124
106 128
106 132
106 137
106 138
106 141
106 143
106 145
106 148
106 154
106 157
106 158
107 108
107 112
107 123
107 125
107 138
107 142
107 153
107 154
107 161
108 110
108 112
108 115
108 116
108 118
108 125
108 127
108 128
108 129
108 131
108 138
108 139
108 142
108 143
108 145
108 147
108 149
108 150
108 151
108 152
108 153
108 154
108 157
109 111
109 112
109 113
109 114
109 115
109 118
109 125
109 132
109 135
109 139
109 152
109 154
109 157
110 125
110 126
110 129
110 134
110 135
110 136
110 139
110 153
110 160
111 115
111 119
111 138
111 142
111 148
111 152
111 156
111 161
112 115
112 126
112 128
112 131
112 136
112 139
112 143
112 146
112 151
112 154
112 157
112 160
112 161
113 114
113 118
113 121
113 125
113 129
113 133
113 138
113 139
113 141
113 154
113 158
114 115
114 116
114 117
114 119
114 126
114 131
114 132
114 133
114 139
114 141
114 143
114 145
114 149
114 152
114 155
114 157
114 158
114 160
114 161
115 117
115 119
115 125
115 126
115 143
115 145
115 146
115 147
115 153
115 158
116 117
116 118
116 125
116 129
116 131
116 135
116 139
116 152
116 157
116 158
116 161
117 138
117 145
117 149
117 157
117 159
118 125
118 128
118 129
118 133
118 134
118 139
118 147
118 152
118 154
118 155
118 156
118 157
118 158
119 133
119 141
119 161
120 135
120 137
120 147
120 154
121 134
121 146
121 151
122 131
122 153
122 154
122 159
123 153
123 157
124 153
124 159
125 128
125 131
125 133
125 135
125 137
125 149
125 152
125 154
125 157
125 159
126 139
126 143
126 144
126 145
126 152
126 157
127 144
127 154
127 156
127 159
128 129
128 131
128 133
128 134
128 137
129 133
129 134
129 135
129 137
129 139
129 141
129 144
129 146
129 147
129 151
129 154
129 157
130 152
130 159
131 132
131 133
131 134
131 139
131 144
131 152
131 154
131 161
132 138
132 161
133 137
133 146
133 147
133 152
133 154
133 157
133 159
134 138
134 140
134 141
134 142
134 143
134 146
134 147
134 154
134 161
135 139
135 141
135 142
135 145
135 147
135 149
135 150
135 151
135 153
135 154
135 160
135 161
136 138
136 147
136 156
137 138
137 142
137 152
137 156
137 161
138 139
138 141
138 145
138 147
138 149
138 152
138 155
138 157
138 161
139 142
139 143
139 149
139 150
139 152
139 154
139 159
140 150
140 157
141 142
141 145
141 146
141 148
141 153
141 157
141 159
141 161
142 143
142 145
142 154
142 159
142 161
143 158
143 160
143 161
144 154
144 158
144 159
145 149
145 151
145 152
145 154
145 157
146 153
146 154
146 158
147 153
147 156
147 157
147 158
148 154
149 152
149 153
149 158
150 151
151 156
151 159
151 161
152 153
152 156
153 154
154 160
157 158
157 159
157 160
157 161
159 161
