0 20
0 21
0 25
0 27
0 32
0 39
0 40
0 41
0 43
0 51
0 54
0 56
0 62
0 64
0 65
0 74
0 79
0 80
0 89
0 96
0 108
0 119
0 125
0 129
0 137
0 138
0 141
0 152
0 156
0 159
1 9
1 11
1 14
1 19
1 21
1 22
1 27
1 30
1 32
1 45
1 51
1 52
1 55
1 59
1 61
1 65
1 73
1 75
1 76
1 79
1 89
1 95
1 107
1 108
1 109
1 110
1 112
1 113
1 126
1 130
1 133
1 136
1 137
1 138
1 139
1 153
1 157
1 158
2 12
2 19
2 20
2 21
2 32
2 40
2 42
2 49
2 63
2 69
2 75
2 79
2 106
2 108
2 117
2 121
2 122
2 124
2 134
2 137
2 139
3 19
3 21
3 26
3 30
3 32
3 35
3 36
3 37
3 39
3 49
3 50
3 52
3 54
3 62
3 69
3 74
3 88
3 96
3 101
3 107
3 111
3 115
3 126
3 129
3 130
3 131
3 132
3 133
3 137
3 142
3 149
3 151
3 152
3 157
4 9
4 18
4 21
4 24
4 28
4 32
4 36
4 41
4 48
4 49
4 50
4 51
4 52
4 53
4 59
4 60
4 61
4 64
4 65
4 67
4 69
4 70
4 72
4 74
4 75
4 77
4 84
4 89
4 97
4 101
4 102
4 105
4 106
4 107
4 113
4 114
4 118
4 119
4 132
4 133
4 139
4 140
4 141
4 143
4 147
4 157
4 159
5 15
5 34
5 55
5 61
5 66
5 67
5 68
5 85
5 91
5 97
5 125
5 133
5 142
5 147
5 149
5 152
5 155
5 157
6 7
6 8
6 9
6 14
6 15
6 22
6 26
6 30
6 39
6 40
6 44
6 45
6 47
6 55
6 57
6 59
6 61
6 62
6 64
6 65
6 67
6 69
6 77
6 83
6 88
6 94
6 97
6 101
6 106
6 108
6 110
6 114
6 116
6 118
6 120
6 121
6 122
6 131
6 133
6 135
6 137
6 138
6 142
6 147
6 152
6 153
6 156
6 158
7 8
7 9
7 11
7 15
7 21
7 23
7 25
7 26
7 28
7 35
7 40
7 44
7 45
7 46
7 49
7 51
7 52
7 53
7 54
7 58
7 63
7 64
7 67
7 68
7 69
7 70
7 71
7 72
7 73
7 74
7 75
7 80
7 85
7 87
7 89
7 90
7 97
7 100
7 101
7 103
7 106
7 112
7 117
7 118
7 120
7 125
7 127
7 131
7 133
7 136
7 137
7 138
7 143
7 146
7 147
7 152
7 158
7 160
8 10
8 31
8 39
8 42
8 45
8 49
8 63
8 67
8 70
8 75
8 79
8 90
8 95
8 109
8 113
8 127
8 135
8 142
8 146
8 149
9 10
9 12
9 17
9 19
9 21
9 24
9 30
9 31
9 35
9 39
9 41
9 50
9 51
9 52
9 56
9 58
9 66
9 67
9 68
9 77
9 79
9 84
9 89
9 91
9 92
9 93
9 97
9 98
9 102
9 103
9 109
9 113
9 114
9 115
9 116
9 117
9 120
9 122
9 125
9 127
9 137
9 139
9 153
9 154
9 156
9 159
10 11
10 21
10 26
10 28
10 36
10 38
10 46
10 47
10 48
10 50
10 51
10 58
10 63
10 67
10 69
10 70
10 82
10 84
10 86
10 87
10 93
10 97
10 103
10 107
10 108
10 109
10 110
10 112
10 120
10 127
10 129
10 131
10 137
10 139
10 142
10 143
10 152
10 154
10 157
10 158
10 161
11 15
11 20
11 21
11 26
11 31
11 36
11 38
11 49
11 50
11 52
11 53
11 56
11 57
11 61
11 64
11 68
11 73
11 79
11 80
11 82
11 84
11 93
11 94
11 97
11 99
11 101
11 102
11 108
11 113
11 115
11 120
11 122
11 125
11 129
11 131
11 133
11 138
11 141
11 152
11 159
12 15
12 19
12 24
12 33
12 35
12 43
12 44
12 45
12 46
12 47
12 50
12 51
12 55
12 57
12 59
12 64
12 68
12 76
12 85
12 86
12 94
12 97
12 102
12 106
12 112
12 113
12 116
12 118
12 119
12 122
12 136
12 138
12 151
12 152
12 154
13 24
13 30
13 31
13 35
13 46
13 49
13 54
13 55
13 57
13 67
13 72
13 82
13 97
13 109
13 118
13 122
13 138
13 143
13 151
14 17
14 19
14 20
14 22
14 23
14 24
14 25
14 28
14 30
14 35
14 42
14 43
14 45
14 46
14 52
14 59
14 64
14 68
14 71
14 72
14 74
14 75
14 79
14 80
14 84
14 85
14 89
14 91
14 92
14 93
14 102
14 111
14 117
14 118
14 119
14 120
14 121
14 131
14 134
14 139
14 142
14 154
14 158
14 160
15 18
15 19
15 28
15 34
15 36
15 46
15 51
15 53
15 54
15 63
15 64
15 65
15 67
15 70
15 71
15 78
15 86
15 88
15 89
15 98
15 103
15 124
15 138
15 146
15 152
15 159
15 160
15 161
16 28
16 42
16 46
16 47
16 57
16 65
16 69
16 71
16 82
16 101
16 106
16 112
16 133
16 139
16 141
16 154
16 158
16 160
16 161
17 40
17 59
17 67
17 73
17 79
17 83
17 87
17 94
17 131
17 147
17 160
18 20
18 22
18 26
18 30
18 32
18 33
18 40
18 42
18 45
18 46
18 54
18 56
18 58
18 63
18 64
18 68
18 71
18 75
18 84
18 89
18 90
18 91
18 97
18 98
18 101
18 103
18 105
18 107
18 109
18 113
18 116
18 117
18 118
18 121
18 125
18 129
18 136
18 137
18 143
18 149
18 154
18 156
18 159
18 160
19 29
19 30
19 32
19 33
19 34
19 35
19 39
19 42
19 44
19 45
19 47
19 48
19 49
19 52
19 55
19 60
19 63
19 64
19 65
19 66
19 68
19 72
19 74
19 94
19 95
19 102
19 103
19 105
19 109
19 110
19 111
19 112
19 116
19 117
19 119
19 130
19 135
19 138
19 139
19 141
19 142
19 148
19 149
19 150
19 152
19 153
19 154
19 159
20 26
20 30
20 43
20 46
20 57
20 68
20 77
20 79
20 89
20 91
20 102
20 103
20 105
20 124
20 129
20 130
20 139
20 146
20 149
20 161
21 23
21 24
21 26
21 28
21 32
21 35
21 37
21 40
21 42
21 43
21 44
21 48
21 49
21 51
21 52
21 54
21 56
21 57
21 58
21 59
21 64
21 66
21 67
21 71
21 72
21 76
21 77
21 79
21 84
21 90
21 93
21 97
21 105
21 106
21 111
21 113
21 120
21 122
21 124
21 125
21 129
21 131
21 134
21 135
21 143
21 144
21 145
21 146
21 147
21 148
21 149
21 150
21 152
21 157
21 158
22 25
22 28
22 30
22 38
22 39
22 47
22 58
22 68
22 71
22 72
22 74
22 108
22 110
22 114
22 125
22 127
22 131
22 134
22 135
22 137
22 142
23 32
23 41
23 42
23 43
23 44
23 45
23 52
23 55
23 58
23 62
23 64
23 79
23 94
23 99
23 110
23 119
23 136
23 137
23 139
23 143
23 151
23 156
24 40
24 44
24 50
24 52
24 54
24 55
24 59
24 63
24 68
24 80
24 83
24 85
24 87
24 93
24 101
24 104
24 109
24 111
24 118
24 125
24 131
24 133
24 134
24 141
25 29
25 30
25 40
25 45
25 49
25 56
25 58
25 65
25 67
25 69
25 70
25 73
25 74
25 96
25 98
25 104
25 105
25 106
25 108
25 109
25 113
25 115
25 117
25 118
25 125
25 129
25 146
25 147
25 152
25 153
25 159
25 160
25 161
26 30
26 31
26 32
26 33
26 35
26 41
26 44
26 45
26 49
26 50
26 52
26 53
26 55
26 56
26 57
26 59
26 64
26 70
26 72
26 73
26 86
26 88
26 97
26 99
26 100
26 101
26 102
26 104
26 108
26 109
26 113
26 114
26 115
26 118
26 121
26 123
26 130
26 133
26 134
26 136
26 137
26 138
26 142
26 144
26 145
26 146
26 150
26 153
26 158
26 159
26 161
27 31
27 45
27 50
27 63
27 67
27 79
27 92
27 141
27 146
28 31
28 39
28 40
28 54
28 57
28 68
28 70
28 72
28 75
28 93
28 94
28 98
28 105
28 107
28 127
28 130
28 136
28 139
28 158
29 30
29 31
29 35
29 40
29 44
29 46
29 49
29 51
29 53
29 62
29 75
29 101
29 102
29 103
29 104
29 110
29 114
29 119
29 123
29 133
29 140
29 141
29 143
29 153
30 31
30 44
30 45
30 50
30 53
30 55
30 56
30 63
30 67
30 68
30 73
30 85
30 87
30 93
30 94
30 96
30 100
30 102
30 105
30 109
30 110
30 133
30 138
30 149
30 154
30 159
30 160
31 38
31 52
31 53
31 56
31 63
31 64
31 65
31 70
31 71
31 72
31 76
31 78
31 80
31 93
31 99
31 100
31 101
31 106
31 109
31 110
31 111
31 113
31 115
31 116
31 129
31 134
31 138
31 140
31 145
31 150
31 152
31 160
32 34
32 48
32 52
32 53
32 58
32 60
32 63
32 64
32 67
32 68
32 70
32 72
32 74
32 75
32 76
32 77
32 79
32 80
32 84
32 85
32 87
32 89
32 97
32 98
32 100
32 102
32 109
32 111
32 113
32 114
32 118
32 124
32 125
32 127
32 128
32 135
32 136
32 138
32 142
32 146
32 149
32 152
32 155
32 157
32 158
32 160
32 161
33 34
33 45
33 52
33 53
33 64
33 66
33 71
33 77
33 91
33 104
33 113
33 116
33 119
33 120
33 126
33 146
33 149
33 152
33 157
33 159
34 36
34 42
34 77
34 79
34 84
34 96
34 97
34 114
34 122
34 135
34 138
34 141
34 142
34 153
35 38
35 40
35 44
35 45
35 52
35 53
35 54
35 57
35 62
35 63
35 64
35 65
35 66
35 67
35 68
35 74
35 77
35 80
35 89
35 91
35 95
35 96
35 97
35 105
35 106
35 107
35 112
35 114
35 118
35 129
35 130
35 132
35 133
35 143
35 144
35 151
35 152
35 153
35 154
35 157
35 158
35 160
36 44
36 50
36 51
36 59
36 62
36 63
36 72
36 74
36 81
36 92
36 94
36 100
36 103
36 105
36 109
36 111
36 122
36 128
36 129
36 135
36 143
36 150
36 153
37 53
37 54
37 58
37 64
37 66
37 82
37 96
37 106
37 133
37 137
37 141
37 144
37 160
38 39
38 40
38 45
38 48
38 49
38 53
38 54
38 56
38 57
38 71
38 72
38 74
38 75
38 78
38 79
38 83
38 87
38 88
38 89
38 90
38 95
38 97
38 99
38 109
38 111
38 113
38 121
38 130
38 131
38 133
38 134
38 137
38 138
38 140
38 141
38 143
38 145
38 146
38 148
38 152
38 153
38 159
38 161
39 40
39 42
39 43
39 45
39 49
39 50
39 55
39 58
39 59
39 63
39 66
39 75
39 79
39 83
39 85
39 91
39 98
39 99
39 100
39 102
39 103
39 106
39 107
39 112
39 118
39 120
39 124
39 131
39 132
39 134
39 135
39 139
39 142
39 145
39 147
39 150
39 151
40 42
40 43
40 51
40 52
40 53
40 54
40 59
40 69
40 70
40 73
40 78
40 79
40 80
40 85
40 94
40 98
40 102
40 105
40 106
40 108
40 112
40 113
40 114
40 116
40 119
40 128
40 129
40 130
40 131
40 142
40 143
40 145
40 149
40 151
40 153
40 155
40 158
41 49
41 66
41 73
41 77
41 79
41 88
41 91
41 94
41 96
41 103
41 104
42 44
42 50
42 51
42 56
42 59
42 65
42 66
42 72
42 74
42 75
42 84
42 85
42 87
42 89
42 90
42 92
42 94
42 100
42 112
42 116
42 118
42 120
42 121
42 122
42 133
42 134
42 137
42 141
42 152
42 153
42 154
43 49
43 51
43 53
43 57
43 59
43 62
43 63
43 64
43 65
43 67
43 68
43 69
43 70
43 72
43 75
43 79
43 80
43 86
43 91
43 93
43 98
43 99
43 100
43 101
43 103
43 106
43 108
43 109
43 111
43 112
43 125
43 129
43 131
43 134
43 138
43 141
43 142
43 143
43 147
43 149
43 154
43 160
43 161
44 45
44 51
44 54
44 59
44 61
44 63
44 65
44 68
44 70
44 72
44 73
44 75
44 76
44 79
44 80
44 85
44 93
44 98
44 101
44 102
44 105
44 108
44 110
44 112
44 114
44 115
44 122
44 125
44 126
44 133
44 135
44 137
44 138
44 142
44 143
44 150
44 152
44 155
44 158
44 161
45 56
45 63
45 64
45 66
45 72
45 73
45 74
45 77
45 79
45 82
45 87
45 89
45 95
45 101
45 103
45 112
45 113
45 125
45 129
45 132
45 133
45 134
45 137
45 142
45 147
45 153
45 154
46 51
46 54
46 58
46 59
46 63
46 66
46 67
46 74
46 86
46 87
46 89
46 90
46 91
46 98
46 101
46 102
46 104
46 109
46 116
46 127
46 129
46 133
46 134
46 136
46 137
46 144
46 157
46 158
46 160
47 56
47 70
47 85
47 89
47 103
47 105
47 114
47 131
47 142
47 151
47 160
48 58
48 68
48 72
48 74
48 100
48 107
48 108
48 116
48 142
48 145
48 147
48 149
49 54
49 58
49 59
49 64
49 71
49 72
49 75
49 76
49 79
49 84
49 85
49 95
49 96
49 98
49 102
49 103
49 105
49 106
49 108
49 110
49 112
49 117
49 118
49 120
49 124
49 125
49 128
49 135
49 137
49 138
49 141
49 143
49 149
49 152
49 154
49 160
50 59
50 63
50 64
50 66
50 67
50 68
50 69
50 71
50 72
50 74
50 77
50 84
50 87
50 94
50 98
50 101
50 106
50 109
50 110
50 117
50 137
50 145
50 147
50 150
50 153
50 156
50 157
50 160
51 54
51 61
51 66
51 68
51 69
51 75
51 76
51 79
51 80
51 83
51 87
51 88
51 89
51 90
51 93
51 98
51 103
51 108
51 111
51 114
51 117
51 120
51 125
51 131
51 133
51 134
51 135
51 136
51 138
51 142
51 144
51 147
51 149
51 152
51 153
51 157
51 158
51 159
51 160
52 54
52 59
52 67
52 69
52 73
52 77
52 99
52 101
52 103
52 105
52 106
52 111
52 118
52 120
52 123
52 127
52 129
52 132
52 134
52 138
52 142
52 146
52 147
52 150
52 151
52 152
53 64
53 72
53 74
53 75
53 79
53 82
53 93
53 100
53 102
53 103
53 105
53 111
53 112
53 114
53 116
53 121
53 125
53 129
53 134
53 142
53 159
53 161
54 55
54 57
54 58
54 63
54 64
54 66
54 68
54 70
54 71
54 73
54 75
54 85
54 89
54 92
54 93
54 94
54 102
54 104
54 105
54 110
54 115
54 117
54 125
54 126
54 133
54 134
54 139
54 147
54 151
54 153
54 160
55 56
55 59
55 66
55 71
55 73
55 75
55 82
55 84
55 87
55 90
55 101
55 102
55 106
55 107
55 108
55 110
55 114
55 115
55 117
55 118
55 120
55 125
55 131
55 134
55 137
55 139
55 142
55 146
55 152
55 153
56 59
56 61
56 63
56 66
56 67
56 68
56 72
56 74
56 77
56 80
56 81
56 82
56 85
56 89
56 93
56 94
56 96
56 99
56 101
56 104
56 105
56 110
56 111
56 114
56 115
56 116
56 120
56 125
56 131
56 133
56 134
56 137
56 138
56 142
56 147
56 148
56 149
56 152
56 158
56 159
56 160
57 67
57 68
57 84
57 87
57 90
57 107
57 113
57 138
57 160
58 66
58 67
58 71
58 72
58 74
58 77
58 82
58 83
58 86
58 91
58 93
58 94
58 103
58 117
58 118
58 124
58 125
58 128
58 136
58 137
58 139
58 141
58 146
58 151
58 152
58 161
59 67
59 73
59 77
59 85
59 89
59 92
59 100
59 101
59 106
59 113
59 118
59 127
59 131
59 133
59 134
59 139
59 140
59 142
59 147
59 151
59 161
60 61
60 69
60 70
60 79
60 97
60 99
60 107
60 118
60 131
60 138
60 149
60 151
60 154
60 158
61 69
61 70
61 74
61 79
61 82
61 92
61 94
61 96
61 99
61 108
61 118
61 119
61 134
61 142
61 147
61 151
61 153
62 66
62 67
62 71
62 73
62 79
62 85
62 94
62 95
62 105
62 117
62 118
62 126
62 127
62 134
62 135
62 139
62 152
62 154
63 66
63 67
63 68
63 69
63 70
63 71
63 72
63 73
63 75
63 77
63 81
63 84
63 87
63 91
63 92
63 95
63 96
63 100
63 102
63 105
63 107
63 118
63 120
63 126
63 127
63 129
63 134
63 135
63 139
63 142
63 145
63 149
63 153
63 157
64 65
64 66
64 68
64 71
64 72
64 74
64 81
64 82
64 84
64 87
64 93
64 94
64 96
64 98
64 99
64 101
64 106
64 107
64 108
64 115
64 117
64 118
64 128
64 131
64 133
64 137
64 147
64 148
64 153
64 154
64 157
64 158
65 69
65 71
65 76
65 79
65 82
65 83
65 89
65 90
65 94
65 99
65 109
65 111
65 112
65 113
65 115
65 116
65 117
65 118
65 122
65 125
65 128
65 131
65 132
65 134
65 144
65 145
65 146
65 151
65 152
65 157
66 67
66 70
66 73
66 77
66 79
66 82
66 85
66 87
66 89
66 94
66 97
66 100
66 104
66 108
66 109
66 113
66 114
66 118
66 125
66 126
66 129
66 136
66 137
66 141
66 142
66 145
66 146
66 153
66 154
66 157
67 68
67 69
67 71
67 72
67 74
67 75
67 85
67 86
67 91
67 94
67 96
67 100
67 101
67 102
67 105
67 107
67 112
67 113
67 115
67 116
67 118
67 121
67 125
67 133
67 134
67 137
67 138
67 142
67 146
67 147
67 150
67 152
67 154
67 158
67 159
68 69
68 71
68 73
68 79
68 80
68 90
68 91
68 93
68 97
68 103
68 104
68 107
68 110
68 113
68 114
68 125
68 126
68 127
68 135
68 137
68 149
68 152
68 153
68 154
68 159
69 70
69 76
69 85
69 87
69 90
69 92
69 94
69 99
69 103
69 105
69 106
69 108
69 115
69 118
69 122
69 125
69 130
69 135
69 138
69 139
69 141
69 142
69 144
69 150
69 154
69 157
69 158
69 159
70 74
70 77
70 84
70 89
70 97
70 100
70 104
70 106
70 109
70 114
70 115
70 118
70 125
70 130
70 132
70 137
70 145
70 146
70 148
70 152
70 159
70 161
71 74
71 75
71 79
71 81
71 87
71 88
71 89
71 92
71 93
71 97
71 106
71 108
71 109
71 112
71 116
71 118
71 119
71 129
71 131
71 132
71 141
71 147
71 150
71 151
71 152
71 153
71 158
72 73
72 74
72 75
72 77
72 79
72 89
72 90
72 92
72 94
72 102
72 105
72 106
72 107
72 113
72 114
72 115
72 117
72 118
72 119
72 129
72 131
72 133
72 134
72 137
72 141
72 142
72 147
72 152
72 153
72 157
72 158
72 160
72 161
73 75
73 80
73 82
73 90
73 92
73 94
73 95
73 97
73 98
73 99
73 100
73 103
73 104
73 117
73 120
73 124
73 125
73 129
73 131
73 132
73 140
73 149
73 152
73 153
73 154
73 157
73 158
73 159
74 81
74 84
74 85
74 86
74 87
74 89
74 107
74 108
74 110
74 112
74 113
74 114
74 115
74 118
74 125
74 129
74 131
74 134
74 135
74 138
74 139
74 141
74 151
74 153
74 156
74 157
75 76
75 77
75 82
75 88
75 93
75 97
75 102
75 104
75 113
75 114
75 117
75 118
75 124
75 129
75 137
75 142
75 146
75 147
75 150
75 159
76 94
76 102
76 112
76 117
76 118
76 152
77 80
77 92
77 98
77 101
77 103
77 104
77 110
77 111
77 116
77 117
77 118
77 127
77 131
77 134
77 135
77 139
77 143
78 95
78 106
78 161
79 91
79 93
79 99
79 103
79 106
79 109
79 111
79 113
79 115
79 116
79 118
79 125
79 128
79 129
79 134
79 142
79 147
79 152
79 155
79 157
79 161
80 97
80 99
80 110
80 111
80 112
80 113
80 115
80 118
80 133
80 145
80 146
80 147
80 152
80 153
80 157
80 159
80 160
81 103
81 111
81 114
81 117
81 135
81 145
81 152
81 159
82 84
82 85
82 97
82 99
82 108
82 112
82 118
82 125
82 129
82 134
82 136
82 145
82 152
82 159
83 91
83 94
83 97
83 102
83 106
83 107
83 114
83 120
83 127
83 137
83 138
83 140
83 142
83 146
83 157
83 161
84 99
84 109
84 110
84 111
84 115
84 120
84 127
84 129
84 133
84 134
84 137
84 139
84 141
84 142
84 154
84 160
85 89
85 96
85 102
85 103
85 108
85 112
85 114
85 116
85 119
85 121
85 125
85 128
85 139
85 153
85 154
85 155
85 161
86 102
86 103
86 106
86 112
86 115
86 122
86 130
86 135
86 139
86 143
86 150
86 152
87 90
87 92
87 93
87 101
87 102
87 103
87 107
87 108
87 110
87 114
87 129
87 133
87 135
87 138
87 139
87 141
87 152
87 154
87 157
88 89
88 90
88 96
88 98
88 101
88 103
88 106
88 110
88 113
88 115
88 136
88 139
88 143
88 149
88 150
88 156
89 92
89 96
89 97
89 100
89 105
89 106
89 108
89 115
89 116
89 125
89 126
89 130
89 131
89 132
89 134
89 136
89 138
89 139
89 147
89 149
89 151
89 155
89 158
89 159
90 99
90 101
90 102
90 103
90 107
90 117
90 118
90 129
90 131
90 141
90 152
90 154
91 94
91 103
91 104
91 106
91 107
91 112
91 115
91 116
91 126
91 129
91 131
91 133
91 141
91 146
91 149
91 153
91 157
91 158
91 159
92 94
92 100
92 102
92 112
92 118
92 124
92 135
92 137
92 139
92 140
92 152
92 153
93 106
93 112
93 113
93 115
93 116
93 127
93 131
93 133
93 134
93 137
93 138
93 140
93 141
93 146
93 149
93 151
93 152
93 153
93 157
93 158
93 159
94 95
94 102
94 106
94 109
94 112
94 113
94 116
94 117
94 118
94 121
94 122
94 125
94 128
94 129
94 131
94 135
94 136
94 137
94 139
94 146
94 151
94 153
94 154
94 158
94 161
95 108
95 122
95 130
95 132
95 146
95 149
95 150
95 152
95 153
95 154
96 97
96 102
96 104
96 106
96 107
96 108
96 110
96 112
96 114
96 115
96 147
97 98
97 102
97 108
97 113
97 129
97 131
97 140
97 142
97 147
97 153
97 154
97 158
97 159
98 99
98 105
98 106
98 107
98 108
98 109
98 110
98 113
98 120
98 129
98 134
98 135
98 142
98 146
98 149
98 152
98 157
98 158
99 105
99 108
99 110
99 113
99 114
99 115
99 117
99 128
99 129
99 131
99 133
99 147
99 152
100 102
100 108
100 112
100 115
100 117
100 118
100 119
100 126
100 128
100 133
100 142
100 144
100 147
100 151
100 153
101 102
101 103
101 104
101 105
101 115
101 116
101 125
101 129
101 131
101 132
101 134
101 135
101 138
101 141
101 144
101 145
101 151
101 156
101 157
101 161
102 107
102 108
102 109
102 112
102 114
102 115
102 118
102 122
102 123
102 125
102 126
102 127
102 135
102 137
102 141
102 142
102 145
102 146
102 147
102 152
102 153
102 154
102 158
102 161
103 107
103 115
103 116
103 117
103 127
103 129
103 134
103 145
103 151
103 152
103 157
103 158
104 105
104 113
104 115
104 117
104 122
104 129
104 133
104 139
104 141
104 143
104 155
104 161
105 106
105 109
105 111
105 113
105 116
105 120
105 128
105 133
105 134
105 135
105 137
105 138
105 147
105 148
105 154
105 155
105 156
105 158
105 161
106 109
106 111
106 112
106 116
106 117
106 120
106 125
106 129
106 133
106 134
106 137
106 145
106 146
106 147
106 150
106 151
106 153
106 154
106 157
106 158
106 160
107 108
107 109
107 115
107 118
107 125
107 127
107 128
107 135
107 138
107 139
107 141
107 142
107 146
107 152
107 153
107 156
107 161
108 113
108 116
108 117
108 118
108 129
108 131
108 135
108 137
108 139
108 141
108 143
108 146
108 147
108 148
108 151
108 153
108 154
108 155
109 111
109 112
109 115
109 116
109 128
109 134
109 138
109 139
109 141
109 142
109 144
109 147
109 149
109 151
109 152
109 153
109 154
109 161
110 113
110 125
110 138
110 147
110 152
110 160
111 113
111 114
111 115
111 116
111 117
111 120
111 121
111 125
111 126
111 129
111 135
111 145
111 147
111 150
111 151
111 152
111 153
111 157
112 115
112 116
112 118
112 127
112 132
112 133
112 139
112 141
112 142
112 143
112 146
112 153
112 159
113 115
113 122
113 129
113 130
113 133
113 134
113 144
113 146
113 150
113 151
113 152
113 157
114 115
114 117
114 122
114 126
114 132
114 133
114 134
114 143
114 144
114 154
114 158
114 161
115 116
115 117
115 119
115 123
115 125
115 130
115 139
115 140
115 143
115 147
115 148
115 149
115 158
115 160
115 161
116 121
116 136
116 142
116 143
116 147
116 154
116 157
116 158
117 121
117 127
117 128
117 129
117 132
117 133
117 137
117 138
117 141
117 149
117 157
117 161
118 126
118 128
118 129
118 130
118 131
118 133
118 134
118 136
118 137
118 138
118 139
118 142
118 145
118 147
118 151
118 152
119 142
119 149
120 126
120 133
120 134
120 136
120 137
120 153
120 161
121 135
121 153
121 157
122 123
122 125
122 128
122 132
122 134
122 156
122 161
123 134
123 142
123 151
124 126
124 147
124 154
124 161
125 131
125 133
125 137
125 145
125 146
125 153
125 155
125 157
125 161
126 128
126 131
126 135
126 149
126 153
126 158
126 160
126 161
127 133
127 138
127 139
127 142
127 145
127 152
127 158
128 131
128 135
128 136
128 145
128 158
129 131
129 133
129 137
129 138
129 141
129 143
129 146
129 152
129 153
129 154
129 157
130 133
130 142
131 134
131 138
131 141
131 146
131 147
131 151
131 152
131 154
131 161
132 133
132 138
132 151
133 139
133 149
133 150
133 151
133 161
134 138
134 142
134 143
134 149
134 152
134 153
134 157
134 159
135 137
135 140
135 142
135 157
135 158
135 159
136 141
136 142
136 146
136 151
136 153
136 155
136 157
137 147
137 152
137 154
137 158
137 160
138 141
138 142
138 145
138 147
138 148
138 152
138 158
139 141
139 155
139 160
140 142
141 152
141 153
141 154
142 145
142 147
142 149
142 150
142 154
142 155
142 159
143 153
143 158
144 146
145 147
145 152
145 153
145 156
145 157
145 159
145 161
146 147
146 151
146 153
146 157
146 158
146 159
146 161
147 149
147 151
147 152
147 153
147 156
147 158
147 160
148 159
148 160
149 152
149 154
149 158
149 160
150 152
150 157
151 156
151 158
151 161
152 155
152 158
152 160
153 161
154 155
154 157
154 159
155 157
157 158
157 159
157 161
158 161
159 161
