0 4
0 7
0 9
0 12
0 14
0 17
0 19
0 23
0 26
0 31
0 35
0 38
0 40
0 46
0 49
0 51
0 56
0 59
0 61
0 64
0 65
0 66
0 73
0 74
0 76
0 79
0 82
0 85
0 90
0 97
0 98
0 101
0 109
0 115
0 117
0 119
0 123
0 126
0 127
0 133
0 135
0 141
0 142
0 146
0 160
1 11
1 19
1 26
1 34
1 38
1 48
1 56
1 57
1 60
1 61
1 62
1 64
1 66
1 68
1 69
1 70
1 71
1 73
1 74
1 75
1 81
1 87
1 89
1 94
1 104
1 107
1 111
1 113
1 114
1 117
1 118
1 125
1 126
1 129
1 131
1 132
1 138
1 141
1 142
1 145
1 152
1 158
1 159
2 6
2 7
2 12
2 15
2 19
2 23
2 30
2 33
2 37
2 51
2 56
2 64
2 76
2 79
2 84
2 94
2 102
2 107
2 109
2 112
2 114
2 122
2 127
2 129
2 130
2 151
2 152
2 154
2 158
3 4
3 6
3 7
3 9
3 19
3 32
3 35
3 37
3 38
3 39
3 40
3 45
3 50
3 56
3 60
3 68
3 70
3 73
3 78
3 81
3 84
3 97
3 102
3 104
3 114
3 118
3 128
3 131
3 134
3 149
3 152
3 157
3 158
3 160
4 6
4 12
4 14
4 18
4 19
4 23
4 26
4 35
4 36
4 38
4 43
4 53
4 55
4 60
4 61
4 64
4 65
4 68
4 69
4 71
4 72
4 87
4 88
4 94
4 96
4 101
4 102
4 103
4 104
4 106
4 113
4 118
4 120
4 126
4 129
4 134
4 136
4 137
4 138
4 145
4 147
4 151
4 153
4 154
4 156
4 157
5 28
5 33
5 42
5 44
5 56
5 77
5 89
5 109
5 119
5 126
5 153
5 159
5 160
6 8
6 9
6 10
6 12
6 14
6 18
6 21
6 26
6 29
6 30
6 38
6 46
6 49
6 54
6 56
6 62
6 63
6 67
6 71
6 73
6 77
6 79
6 85
6 90
6 91
6 92
6 94
6 95
6 102
6 103
6 104
6 107
6 108
6 113
6 116
6 117
6 122
6 124
6 125
6 127
6 128
6 129
6 133
6 134
6 137
6 138
6 139
6 141
6 142
6 146
6 147
6 151
6 152
6 160
7 14
7 18
7 28
7 29
7 32
7 33
7 38
7 39
7 42
7 43
7 44
7 45
7 46
7 47
7 56
7 58
7 64
7 66
7 70
7 75
7 79
7 80
7 82
7 86
7 87
7 93
7 98
7 99
7 101
7 102
7 103
7 106
7 107
7 108
7 111
7 113
7 132
7 138
7 141
7 142
7 143
7 145
7 146
7 148
7 151
7 157
7 160
8 32
8 45
8 51
8 54
8 71
8 79
8 82
8 86
8 93
8 99
8 102
8 108
8 122
8 124
8 137
8 145
8 153
9 23
9 28
9 32
9 35
9 39
9 41
9 43
9 45
9 49
9 52
9 57
9 58
9 62
9 66
9 70
9 72
9 74
9 83
9 84
9 85
9 89
9 97
9 105
9 106
9 108
9 111
9 114
9 118
9 122
9 134
9 136
9 138
9 146
9 147
9 148
9 150
9 154
10 16
10 20
10 21
10 25
10 26
10 39
10 42
10 47
10 54
10 55
10 59
10 63
10 71
10 81
10 84
10 85
10 93
10 96
10 98
10 102
10 113
10 128
10 131
10 134
10 135
10 137
10 139
10 141
10 148
10 151
10 152
10 153
10 158
10 160
11 12
11 19
11 22
11 23
11 26
11 28
11 34
11 35
11 36
11 37
11 48
11 49
11 50
11 52
11 54
11 56
11 57
11 60
11 63
11 69
11 70
11 79
11 80
11 91
11 96
11 97
11 101
11 107
11 109
11 114
11 115
11 118
11 124
11 125
11 129
11 131
11 133
11 134
11 135
11 136
11 142
11 146
11 147
11 151
11 157
11 158
11 161
12 30
12 36
12 55
12 56
12 58
12 61
12 69
12 76
12 79
12 80
12 81
12 87
12 88
12 89
12 94
12 104
12 108
12 116
12 118
12 127
12 139
12 153
12 155
13 26
13 30
13 31
13 36
13 39
13 43
13 49
13 66
13 70
13 72
13 77
13 83
13 85
13 90
13 92
13 97
13 102
13 113
13 118
13 121
13 126
13 129
13 136
13 139
13 140
13 153
13 157
13 159
14 16
14 18
14 19
14 23
14 24
14 26
14 29
14 32
14 35
14 37
14 39
14 42
14 45
14 51
14 55
14 58
14 61
14 62
14 64
14 65
14 68
14 69
14 71
14 74
14 75
14 79
14 80
14 84
14 93
14 94
14 96
14 97
14 101
14 102
14 103
14 104
14 105
14 114
14 115
14 126
14 128
14 129
14 130
14 134
14 135
14 136
14 139
14 141
14 145
14 146
14 148
14 154
14 157
14 159
14 160
14 161
15 19
15 21
15 26
15 35
15 43
15 44
15 51
15 54
15 56
15 57
15 64
15 67
15 73
15 84
15 101
15 103
15 104
15 106
15 117
15 118
15 126
15 147
15 153
15 161
16 17
16 42
16 43
16 55
16 58
16 68
16 94
16 98
16 102
16 106
16 109
16 114
16 129
16 133
16 139
16 143
16 145
16 153
16 160
17 19
17 38
17 51
17 54
17 71
17 93
17 98
17 101
17 106
17 142
18 25
18 39
18 40
18 43
18 44
18 51
18 56
18 63
18 65
18 67
18 68
18 69
18 70
18 77
18 79
18 84
18 85
18 89
18 97
18 101
18 102
18 106
18 107
18 111
18 112
18 125
18 128
18 129
18 131
18 133
18 137
18 139
18 142
18 143
18 145
18 149
18 157
18 159
19 25
19 26
19 31
19 34
19 35
19 39
19 42
19 43
19 46
19 51
19 54
19 56
19 58
19 65
19 70
19 79
19 80
19 84
19 90
19 93
19 95
19 96
19 102
19 103
19 107
19 109
19 110
19 114
19 115
19 117
19 129
19 131
19 134
19 137
19 141
19 142
19 146
19 153
19 154
19 155
19 161
20 22
20 26
20 31
20 40
20 45
20 53
20 54
20 63
20 65
20 72
20 76
20 77
20 78
20 81
20 82
20 86
20 91
20 94
20 100
20 102
20 113
20 115
20 121
20 125
20 127
20 133
20 137
20 140
20 146
20 154
21 24
21 32
21 37
21 40
21 50
21 51
21 54
21 56
21 63
21 64
21 65
21 67
21 70
21 71
21 72
21 80
21 82
21 84
21 86
21 89
21 90
21 94
21 106
21 107
21 108
21 109
21 111
21 131
21 134
21 137
21 140
21 142
21 146
21 149
21 153
21 157
21 159
22 50
22 51
22 54
22 61
22 62
22 65
22 69
22 82
22 92
22 93
22 103
22 109
22 113
22 117
22 125
22 131
22 134
22 135
22 142
22 147
23 28
23 34
23 38
23 51
23 53
23 54
23 62
23 73
23 86
23 97
23 99
23 101
23 116
23 122
23 135
23 141
23 146
23 151
23 152
23 154
23 161
24 30
24 32
24 40
24 44
24 46
24 49
24 57
24 65
24 66
24 67
24 70
24 73
24 77
24 82
24 103
24 105
24 113
24 114
24 115
24 131
24 137
24 145
24 157
25 40
25 42
25 44
25 45
25 46
25 51
25 55
25 56
25 62
25 68
25 69
25 73
25 74
25 79
25 85
25 89
25 109
25 115
25 119
25 121
25 126
25 131
25 132
25 135
25 137
25 138
26 32
26 40
26 49
26 51
26 52
26 54
26 55
26 58
26 64
26 65
26 66
26 70
26 74
26 75
26 77
26 90
26 91
26 92
26 96
26 97
26 101
26 105
26 108
26 114
26 115
26 116
26 117
26 118
26 120
26 121
26 122
26 130
26 131
26 132
26 137
26 142
26 153
26 155
26 157
26 161
27 31
27 41
27 42
27 51
27 80
27 84
27 85
27 89
27 92
27 98
27 108
27 114
27 133
27 150
27 161
28 35
28 45
28 46
28 54
28 70
28 72
28 90
28 111
28 117
28 118
28 119
28 147
28 150
28 154
29 30
29 45
29 56
29 59
29 70
29 71
29 72
29 74
29 77
29 99
29 101
29 107
29 111
29 112
29 113
29 117
29 119
29 121
29 124
29 128
29 131
29 139
29 153
29 154
30 32
30 43
30 50
30 51
30 54
30 61
30 63
30 67
30 68
30 69
30 71
30 75
30 79
30 80
30 83
30 94
30 100
30 101
30 104
30 106
30 107
30 113
30 114
30 115
30 119
30 120
30 130
30 133
30 134
30 135
30 138
30 142
30 145
30 148
30 149
30 150
30 153
30 161
31 32
31 33
31 34
31 36
31 49
31 52
31 56
31 67
31 69
31 72
31 74
31 75
31 82
31 88
31 93
31 95
31 97
31 99
31 100
31 101
31 106
31 110
31 111
31 112
31 113
31 115
31 117
31 121
31 132
31 134
31 135
31 137
31 139
31 151
31 152
31 157
31 158
31 160
31 161
32 36
32 38
32 39
32 40
32 43
32 44
32 50
32 54
32 63
32 64
32 65
32 72
32 75
32 84
32 85
32 88
32 89
32 96
32 103
32 105
32 106
32 107
32 109
32 110
32 111
32 113
32 115
32 118
32 128
32 131
32 137
32 138
32 141
32 143
32 147
32 150
32 151
32 153
32 157
32 159
33 44
33 52
33 56
33 59
33 69
33 70
33 72
33 77
33 79
33 95
33 97
33 99
33 102
33 106
33 112
33 113
33 154
33 160
33 161
34 39
34 45
34 67
34 69
34 71
34 91
34 100
34 107
34 108
34 111
34 125
34 133
34 134
34 142
34 159
35 40
35 44
35 49
35 53
35 54
35 55
35 59
35 60
35 63
35 65
35 69
35 87
35 92
35 94
35 96
35 106
35 112
35 113
35 114
35 115
35 117
35 121
35 125
35 126
35 128
35 131
35 133
35 134
35 136
35 138
35 139
35 142
35 143
35 147
35 153
35 154
36 39
36 40
36 42
36 49
36 50
36 61
36 64
36 65
36 67
36 68
36 73
36 81
36 84
36 91
36 93
36 94
36 101
36 102
36 103
36 104
36 107
36 113
36 114
36 115
36 119
36 125
36 128
36 129
36 132
36 137
36 138
36 143
36 145
36 146
36 159
37 46
37 69
37 70
37 90
37 91
37 113
37 141
37 160
38 39
38 40
38 41
38 45
38 49
38 52
38 56
38 64
38 65
38 72
38 73
38 74
38 75
38 80
38 85
38 89
38 98
38 100
38 102
38 111
38 125
38 128
38 131
38 134
38 135
38 136
38 137
38 146
38 147
38 149
38 157
38 158
38 160
39 42
39 43
39 49
39 50
39 66
39 70
39 73
39 79
39 101
39 103
39 105
39 106
39 111
39 113
39 116
39 118
39 122
39 127
39 128
39 133
39 138
39 140
39 141
40 51
40 52
40 55
40 56
40 58
40 60
40 61
40 64
40 66
40 67
40 72
40 74
40 83
40 88
40 89
40 94
40 99
40 101
40 108
40 117
40 122
40 124
40 126
40 129
40 133
40 135
40 136
40 139
40 141
40 142
40 147
40 152
40 158
40 160
41 49
41 55
41 80
41 82
41 85
41 92
41 94
41 105
41 106
41 110
41 131
41 147
41 160
42 52
42 56
42 61
42 64
42 65
42 67
42 73
42 74
42 75
42 76
42 80
42 88
42 93
42 94
42 96
42 99
42 101
42 113
42 114
42 117
42 131
42 154
43 50
43 63
43 65
43 67
43 68
43 69
43 77
43 82
43 83
43 84
43 87
43 91
43 92
43 93
43 97
43 98
43 103
43 112
43 113
43 114
43 115
43 116
43 118
43 125
43 126
43 127
43 128
43 129
43 138
43 143
43 146
43 152
43 154
43 158
43 161
44 52
44 54
44 56
44 65
44 67
44 70
44 71
44 77
44 80
44 84
44 85
44 86
44 92
44 93
44 98
44 100
44 101
44 107
44 108
44 109
44 114
44 129
44 136
44 137
44 152
44 155
44 158
45 48
45 51
45 52
45 62
45 66
45 67
45 69
45 70
45 79
45 89
45 90
45 93
45 102
45 103
45 108
45 109
45 114
45 117
45 118
45 121
45 123
45 129
45 134
45 136
45 141
45 142
45 143
45 146
45 147
45 152
45 157
45 160
45 161
46 49
46 50
46 51
46 55
46 64
46 65
46 68
46 69
46 70
46 74
46 79
46 89
46 93
46 94
46 97
46 99
46 103
46 106
46 108
46 109
46 112
46 113
46 116
46 118
46 125
46 131
46 133
46 135
46 139
46 151
46 154
46 160
46 161
47 96
47 97
47 101
47 104
47 108
47 118
47 142
48 61
48 64
48 87
48 89
48 92
48 98
48 99
48 108
48 112
48 134
48 151
48 158
49 50
49 52
49 54
49 55
49 64
49 65
49 69
49 72
49 73
49 74
49 76
49 78
49 79
49 82
49 84
49 87
49 88
49 93
49 96
49 98
49 99
49 100
49 107
49 111
49 113
49 118
49 120
49 131
49 132
49 133
49 134
49 135
49 137
49 138
49 139
49 141
49 142
49 145
49 147
49 152
49 153
49 156
49 160
49 161
50 56
50 58
50 59
50 61
50 63
50 65
50 69
50 90
50 96
50 105
50 106
50 109
50 111
50 112
50 114
50 115
50 122
50 125
50 128
50 129
50 131
50 132
50 136
50 139
50 141
50 146
50 147
50 150
50 153
50 158
50 159
51 54
51 56
51 65
51 68
51 69
51 71
51 72
51 74
51 79
51 82
51 83
51 84
51 88
51 90
51 92
51 96
51 97
51 99
51 102
51 105
51 106
51 108
51 115
51 118
51 121
51 122
51 133
51 137
51 139
51 142
51 143
51 145
51 147
51 149
51 152
51 153
51 154
51 156
52 56
52 67
52 70
52 75
52 76
52 79
52 81
52 85
52 89
52 93
52 94
52 98
52 99
52 101
52 105
52 106
52 131
52 133
52 135
52 137
52 145
52 151
52 152
52 154
52 155
52 157
52 158
52 161
53 54
53 59
53 63
53 65
53 72
53 74
53 82
53 89
53 94
53 98
53 102
53 107
53 109
53 116
53 127
53 139
53 141
53 159
54 59
54 62
54 63
54 65
54 66
54 67
54 68
54 73
54 74
54 76
54 84
54 85
54 88
54 93
54 94
54 98
54 102
54 106
54 108
54 113
54 115
54 118
54 123
54 127
54 129
54 131
54 132
54 134
54 136
54 137
54 138
54 139
54 143
54 145
54 151
54 153
54 157
54 161
55 56
55 58
55 65
55 70
55 71
55 72
55 73
55 74
55 75
55 77
55 79
55 81
55 85
55 88
55 89
55 91
55 98
55 100
55 103
55 106
55 113
55 114
55 115
55 117
55 125
55 143
55 155
55 158
55 160
56 57
56 63
56 64
56 66
56 69
56 70
56 72
56 73
56 77
56 79
56 82
56 85
56 89
56 94
56 95
56 96
56 99
56 103
56 105
56 107
56 109
56 110
56 112
56 115
56 116
56 127
56 130
56 131
56 134
56 141
56 142
56 144
56 145
56 151
56 154
56 158
56 161
57 58
57 72
57 74
57 82
57 84
57 89
57 90
57 92
57 93
57 115
57 118
57 129
57 131
57 137
57 140
57 146
57 151
57 155
57 158
58 59
58 66
58 67
58 68
58 70
58 71
58 75
58 79
58 82
58 84
58 85
58 93
58 97
58 106
58 113
58 114
58 116
58 117
58 120
58 125
58 131
58 133
58 134
58 137
58 143
58 149
58 152
58 157
59 64
59 65
59 67
59 70
59 71
59 74
59 78
59 79
59 91
59 94
59 101
59 105
59 108
59 112
59 113
59 133
59 134
59 141
59 142
59 158
59 160
60 65
60 86
60 103
60 105
60 107
60 108
60 131
60 137
61 69
61 75
61 80
61 84
61 96
61 98
61 102
61 103
61 104
61 114
61 117
61 125
61 127
61 129
61 133
61 138
62 63
62 71
62 73
62 75
62 89
62 92
62 97
62 98
62 99
62 102
62 105
62 109
62 112
62 116
62 131
62 133
62 136
62 139
62 141
62 142
62 147
62 149
62 150
62 157
63 65
63 67
63 69
63 70
63 71
63 73
63 74
63 77
63 79
63 88
63 89
63 91
63 100
63 108
63 111
63 113
63 115
63 117
63 130
63 136
63 139
63 143
63 146
63 149
63 150
63 151
63 152
63 160
64 65
64 68
64 72
64 75
64 84
64 87
64 89
64 96
64 98
64 101
64 103
64 106
64 109
64 111
64 115
64 124
64 126
64 129
64 139
64 146
64 151
64 155
64 161
65 68
65 72
65 73
65 75
65 77
65 84
65 88
65 89
65 92
65 94
65 96
65 97
65 99
65 104
65 105
65 106
65 108
65 113
65 114
65 116
65 117
65 118
65 119
65 122
65 126
65 130
65 131
65 135
65 136
65 137
65 138
65 147
65 149
65 152
65 153
65 156
65 159
65 160
65 161
66 68
66 71
66 74
66 75
66 76
66 78
66 81
66 87
66 91
66 97
66 98
66 99
66 108
66 111
66 114
66 120
66 124
66 125
66 129
66 132
66 133
66 134
66 135
66 142
66 154
66 161
67 68
67 71
67 72
67 75
67 82
67 83
67 85
67 87
67 88
67 90
67 92
67 97
67 98
67 100
67 103
67 105
67 106
67 111
67 112
67 113
67 117
67 121
67 127
67 128
67 131
67 133
67 135
67 141
67 142
67 146
67 151
67 152
67 153
67 157
67 161
68 69
68 72
68 74
68 75
68 77
68 85
68 90
68 94
68 98
68 101
68 103
68 106
68 109
68 115
68 117
68 125
68 127
68 131
68 134
68 137
68 142
68 145
68 146
68 149
68 151
68 158
68 159
68 160
69 70
69 71
69 78
69 80
69 84
69 90
69 92
69 94
69 98
69 99
69 100
69 106
69 113
69 115
69 117
69 118
69 125
69 127
69 128
69 131
69 132
69 133
69 137
69 138
69 141
69 147
69 149
69 150
69 153
69 154
69 157
69 160
70 71
70 72
70 79
70 80
70 88
70 101
70 104
70 105
70 106
70 108
70 111
70 112
70 113
70 114
70 123
70 125
70 126
70 128
70 129
70 131
70 133
70 137
70 140
70 142
70 146
70 154
70 158
70 159
71 73
71 74
71 77
71 79
71 82
71 85
71 91
71 94
71 101
71 102
71 104
71 106
71 108
71 112
71 115
71 119
71 120
71 124
71 125
71 131
71 136
71 137
71 138
71 153
71 156
71 158
71 160
72 74
72 77
72 79
72 84
72 85
72 92
72 98
72 99
72 101
72 102
72 106
72 110
72 111
72 113
72 114
72 115
72 120
72 126
72 128
72 129
72 134
72 136
72 138
72 139
72 140
72 142
72 145
72 147
72 148
72 154
72 159
72 160
73 74
73 77
73 84
73 87
73 94
73 97
73 101
73 105
73 106
73 108
73 112
73 113
73 115
73 117
73 121
73 128
73 130
73 132
73 134
73 137
73 138
73 145
73 147
73 149
73 152
73 157
73 158
73 160
73 161
74 84
74 92
74 94
74 96
74 97
74 100
74 101
74 105
74 106
74 111
74 116
74 117
74 118
74 121
74 125
74 128
74 131
74 134
74 135
74 137
74 138
74 141
74 150
74 151
74 156
74 157
74 158
75 82
75 97
75 99
75 101
75 113
75 114
75 115
75 116
75 119
75 122
75 125
75 127
75 129
75 131
75 137
75 140
75 151
75 152
75 154
75 156
75 157
75 158
75 161
76 83
76 94
76 102
76 106
76 109
76 115
76 135
76 141
76 153
77 78
77 79
77 81
77 84
77 85
77 93
77 105
77 106
77 107
77 111
77 114
77 117
77 121
77 124
77 131
77 132
77 133
77 138
77 145
77 146
77 147
77 148
77 150
77 159
78 89
78 95
78 118
78 137
79 87
79 88
79 89
79 95
79 98
79 102
79 108
79 115
79 117
79 120
79 121
79 122
79 125
79 129
79 130
79 131
79 132
79 133
79 134
79 135
79 137
79 141
79 144
79 145
79 146
79 147
79 149
79 151
79 152
79 154
79 156
79 159
80 82
80 84
80 88
80 90
80 94
80 100
80 101
80 104
80 106
80 109
80 110
80 113
80 115
80 116
80 117
80 118
80 119
80 131
80 134
80 142
80 145
80 148
80 149
80 151
80 159
81 88
81 94
81 108
81 109
81 115
81 130
81 141
81 142
81 145
81 152
82 87
82 103
82 106
82 108
82 109
82 113
82 114
82 115
82 118
82 134
82 145
82 149
83 115
83 160
83 161
84 90
84 93
84 97
84 98
84 103
84 105
84 106
84 108
84 109
84 110
84 113
84 115
84 116
84 117
84 125
84 127
84 131
84 132
84 133
84 139
84 140
84 141
84 142
84 151
84 152
84 161
85 108
85 112
85 116
85 119
85 134
85 138
85 139
85 142
85 146
85 150
85 153
85 157
85 158
86 114
86 129
86 138
86 142
86 149
87 94
87 99
87 101
87 104
87 105
87 108
87 112
87 114
87 115
87 126
87 129
87 132
87 136
87 138
87 151
87 152
87 157
88 89
88 96
88 98
88 106
88 108
88 119
88 129
88 130
88 135
88 143
88 146
88 150
88 151
88 157
89 90
89 94
89 97
89 98
89 99
89 101
89 104
89 108
89 113
89 114
89 119
89 120
89 125
89 134
89 141
89 142
89 146
89 152
89 154
89 157
89 158
89 160
90 105
90 108
90 122
90 125
90 129
90 131
90 133
90 143
90 147
90 152
90 154
90 156
90 158
91 94
91 96
91 101
91 105
91 109
91 114
91 121
91 133
91 138
91 142
91 146
91 154
91 158
92 94
92 102
92 131
92 134
92 135
92 137
92 139
92 143
92 147
92 148
92 161
93 97
93 102
93 112
93 118
93 124
93 125
93 126
93 133
93 134
93 141
93 142
93 145
93 149
93 150
93 151
93 155
93 156
93 158
93 159
94 96
94 97
94 98
94 101
94 105
94 106
94 108
94 109
94 111
94 112
94 113
94 114
94 115
94 119
94 126
94 129
94 131
94 135
94 140
94 141
94 142
94 143
94 144
94 149
94 151
94 153
94 161
95 101
95 106
95 109
95 112
95 129
95 135
95 144
95 147
95 161
96 98
96 106
96 110
96 114
96 118
96 125
96 133
96 137
96 138
96 141
96 142
96 150
96 157
96 160
96 161
97 99
97 100
97 103
97 106
97 107
97 109
97 113
97 119
97 121
97 125
97 126
97 131
97 134
97 151
97 158
97 161
98 100
98 106
98 110
98 122
98 138
98 141
98 142
98 143
98 147
98 160
99 105
99 107
99 112
99 114
99 115
99 116
99 124
99 131
99 137
99 141
99 153
99 154
99 157
99 159
99 160
100 102
100 114
100 117
100 118
100 119
100 127
100 129
100 131
100 133
100 134
100 137
100 139
100 141
100 142
100 144
100 149
100 154
100 160
100 161
101 102
101 107
101 109
101 111
101 113
101 114
101 115
101 117
101 118
101 119
101 122
101 125
101 131
101 146
101 149
101 151
101 152
101 156
101 157
102 105
102 106
102 108
102 110
102 117
102 119
102 120
102 125
102 132
102 134
102 137
102 142
102 143
102 148
102 149
102 153
103 105
103 114
103 118
103 127
103 129
103 132
103 138
103 141
103 147
103 152
103 157
104 115
104 131
104 133
104 134
104 142
104 145
105 108
105 109
105 111
105 114
105 117
105 118
105 137
105 149
105 153
105 161
106 109
106 112
106 115
106 116
106 118
106 126
106 129
106 131
106 133
106 137
106 138
106 139
106 149
106 150
106 154
107 114
107 117
107 129
107 133
107 139
107 142
108 111
108 115
108 118
108 126
108 128
108 133
108 137
108 138
108 141
108 160
109 111
109 114
109 115
109 117
109 119
109 122
109 124
109 129
109 138
109 142
109 144
109 145
109 147
109 151
109 159
110 111
110 115
110 124
110 129
110 135
110 145
110 147
110 148
110 157
110 158
110 159
111 113
111 117
111 130
111 134
111 137
111 138
111 142
111 145
111 148
111 152
111 153
111 157
111 158
112 115
112 116
112 117
112 118
112 120
112 123
112 125
112 129
112 131
112 133
112 135
112 142
112 146
112 149
112 150
112 152
112 158
113 114
113 118
113 126
113 129
113 132
113 135
113 136
113 137
113 141
113 145
113 146
113 147
113 150
113 157
113 159
114 120
114 129
114 131
114 132
114 133
114 137
114 138
114 139
114 143
114 151
114 152
114 158
115 117
115 118
115 125
115 131
115 133
115 134
115 135
115 138
115 139
115 141
115 145
115 147
115 159
116 131
116 140
116 141
116 142
116 146
116 151
116 152
116 153
116 156
116 158
116 161
117 125
117 129
117 133
117 136
117 141
117 147
117 149
117 151
117 153
118 120
118 126
118 131
118 135
118 147
118 151
118 152
118 153
118 154
118 158
118 159
118 160
119 125
119 134
119 137
120 141
120 153
121 129
121 136
121 138
121 158
122 124
122 129
122 131
122 134
122 159
123 139
123 145
123 147
124 125
124 126
124 129
124 133
124 138
125 132
125 138
125 140
125 142
125 146
125 148
125 152
125 154
125 160
126 129
126 152
126 158
126 160
126 161
127 131
127 157
128 135
128 138
128 139
128 159
128 160
129 131
129 133
129 137
129 145
129 146
129 147
129 148
129 150
129 151
129 156
129 161
130 133
130 142
130 146
131 133
131 135
131 137
131 139
131 141
131 145
131 146
131 152
131 157
131 160
132 158
132 161
133 136
133 138
133 143
133 146
133 151
133 154
133 157
133 160
134 139
134 142
134 146
134 147
134 151
134 152
134 154
135 138
135 146
135 153
135 157
135 158
135 160
136 137
136 139
136 148
136 149
136 152
136 154
136 157
136 158
137 139
137 147
137 148
137 154
137 157
137 158
137 161
138 139
138 147
138 149
138 151
138 152
138 153
138 158
139 142
139 143
139 146
139 148
140 147
140 149
140 158
141 151
141 152
142 145
142 151
142 154
142 155
142 158
142 159
142 160
143 145
143 152
143 154
143 161
144 154
144 157
145 146
145 147
145 149
145 153
145 154
145 155
145 159
145 160
146 147
146 153
146 157
146 159
146 160
146 161
147 151
147 152
147 153
148 158
149 154
149 158
149 159
150 154
150 157
150 158
150 161
151 158
151 160
151 161
152 153
152 155
152 158
152 159
153 157
153 161
154 161
157 160
157 161
158 159
159 161
