0 11
0 15
0 32
0 36
0 41
0 44
0 45
0 51
0 52
0 54
0 56
0 59
0 61
0 70
0 71
0 75
0 77
0 79
0 86
0 87
0 91
0 97
0 101
0 106
0 108
0 133
0 137
0 139
0 145
0 149
0 158
1 9
1 11
1 23
1 33
1 35
1 42
1 50
1 52
1 54
1 65
1 74
1 77
1 85
1 88
1 89
1 91
1 101
1 102
1 103
1 108
1 110
1 114
1 115
1 117
1 121
1 125
1 126
1 130
1 133
1 134
1 135
1 138
1 139
1 155
2 4
2 11
2 14
2 15
2 19
2 42
2 44
2 49
2 52
2 60
2 61
2 72
2 87
2 97
2 115
2 121
2 131
2 132
2 137
3 10
3 13
3 18
3 19
3 35
3 36
3 49
3 54
3 57
3 59
3 65
3 66
3 70
3 80
3 91
3 92
3 97
3 103
3 105
3 113
3 114
3 115
3 116
3 152
3 155
3 161
4 11
4 15
4 16
4 19
4 20
4 21
4 26
4 30
4 33
4 34
4 35
4 39
4 42
4 53
4 55
4 56
4 65
4 66
4 69
4 70
4 71
4 72
4 74
4 79
4 84
4 87
4 88
4 89
4 91
4 97
4 99
4 103
4 105
4 109
4 111
4 112
4 113
4 115
4 116
4 118
4 119
4 120
4 122
4 125
4 128
4 135
4 140
4 142
4 143
4 146
4 151
4 154
4 157
4 158
4 161
5 24
5 25
5 50
5 52
5 54
5 62
5 71
5 90
5 101
5 106
5 114
5 115
5 133
5 135
5 146
5 152
6 7
6 9
6 16
6 18
6 19
6 22
6 25
6 30
6 34
6 38
6 40
6 42
6 50
6 51
6 53
6 54
6 58
6 59
6 61
6 62
6 66
6 67
6 74
6 75
6 77
6 80
6 85
6 87
6 89
6 94
6 98
6 99
6 102
6 104
6 106
6 111
6 122
6 129
6 130
6 134
6 136
6 138
6 141
6 143
6 145
6 147
6 149
6 150
6 153
6 154
6 156
7 9
7 14
7 16
7 18
7 21
7 30
7 33
7 39
7 40
7 43
7 45
7 50
7 51
7 53
7 54
7 56
7 58
7 66
7 68
7 70
7 72
7 75
7 79
7 80
7 84
7 85
7 89
7 91
7 94
7 97
7 98
7 100
7 111
7 113
7 115
7 121
7 131
7 134
7 135
7 137
7 138
7 139
7 143
7 148
7 149
7 153
7 154
7 159
7 161
8 18
8 21
8 24
8 69
8 75
8 79
8 88
8 104
8 110
8 130
8 137
8 153
9 11
9 12
9 14
9 18
9 20
9 30
9 32
9 50
9 51
9 52
9 54
9 56
9 60
9 65
9 66
9 71
9 74
9 75
9 78
9 82
9 84
9 85
9 88
9 93
9 94
9 97
9 101
9 102
9 107
9 108
9 122
9 124
9 129
9 133
9 134
9 135
9 138
9 144
9 152
9 158
9 161
10 13
10 15
10 20
10 24
10 25
10 26
10 28
10 36
10 38
10 49
10 50
10 51
10 54
10 55
10 56
10 58
10 61
10 63
10 64
10 66
10 69
10 71
10 72
10 75
10 80
10 84
10 85
10 89
10 90
10 92
10 96
10 98
10 101
10 104
10 107
10 109
10 111
10 114
10 125
10 131
10 141
10 142
10 146
10 152
10 155
11 14
11 17
11 19
11 21
11 25
11 28
11 30
11 36
11 39
11 44
11 49
11 52
11 56
11 59
11 61
11 63
11 64
11 80
11 87
11 90
11 94
11 95
11 100
11 101
11 107
11 110
11 113
11 114
11 116
11 118
11 129
11 141
11 142
11 147
11 158
11 160
12 16
12 31
12 33
12 35
12 40
12 41
12 47
12 48
12 59
12 62
12 79
12 95
12 101
12 102
12 105
12 109
12 114
12 118
12 122
12 124
12 125
12 127
12 129
12 131
12 138
12 147
12 149
12 151
12 154
12 158
12 160
12 161
13 14
13 18
13 29
13 56
13 63
13 65
13 70
13 74
13 91
13 94
13 101
13 102
13 107
13 115
13 118
13 138
13 158
14 21
14 25
14 35
14 36
14 40
14 42
14 46
14 50
14 51
14 53
14 55
14 56
14 58
14 60
14 63
14 65
14 66
14 70
14 72
14 74
14 77
14 79
14 95
14 101
14 102
14 103
14 108
14 111
14 113
14 116
14 119
14 121
14 131
14 133
14 135
14 137
14 138
14 139
14 140
14 142
14 145
14 147
14 153
14 154
14 159
14 160
15 18
15 38
15 40
15 46
15 61
15 63
15 68
15 76
15 77
15 80
15 84
15 98
15 110
15 113
15 114
15 115
15 127
15 134
15 135
15 153
16 19
16 43
16 44
16 49
16 58
16 62
16 63
16 67
16 69
16 70
16 76
16 77
16 84
16 85
16 91
16 94
16 101
16 108
16 117
16 129
16 134
16 135
16 156
17 24
17 28
17 31
17 49
17 51
17 54
17 64
17 66
17 82
17 84
17 93
17 98
17 102
17 103
17 105
17 112
17 114
17 125
17 126
17 131
17 142
17 143
18 20
18 21
18 23
18 26
18 28
18 32
18 36
18 37
18 38
18 46
18 50
18 51
18 52
18 62
18 64
18 67
18 70
18 79
18 84
18 95
18 96
18 100
18 104
18 113
18 115
18 116
18 118
18 128
18 130
18 131
18 142
18 143
18 151
18 158
19 20
19 21
19 22
19 23
19 24
19 26
19 31
19 34
19 35
19 36
19 38
19 40
19 42
19 43
19 45
19 49
19 56
19 58
19 63
19 64
19 74
19 75
19 76
19 84
19 87
19 88
19 89
19 91
19 94
19 97
19 108
19 109
19 115
19 134
19 137
19 138
19 142
19 147
19 148
19 150
19 152
19 155
19 159
20 25
20 36
20 38
20 42
20 48
20 49
20 51
20 56
20 58
20 61
20 64
20 67
20 68
20 73
20 80
20 91
20 94
20 97
20 98
20 106
20 113
20 114
20 119
20 120
20 161
21 26
21 28
21 30
21 35
21 40
21 41
21 48
21 49
21 54
21 56
21 60
21 62
21 64
21 65
21 66
21 68
21 70
21 79
21 84
21 86
21 87
21 89
21 97
21 98
21 101
21 102
21 104
21 108
21 109
21 118
21 119
21 122
21 126
21 128
21 129
21 137
21 138
21 139
21 141
21 142
21 143
21 146
21 149
21 158
22 26
22 30
22 39
22 54
22 58
22 59
22 64
22 65
22 67
22 68
22 69
22 72
22 91
22 92
22 95
22 98
22 102
22 103
22 108
22 110
22 112
22 115
22 117
22 129
22 132
22 139
23 30
23 50
23 56
23 66
23 71
23 77
23 79
23 89
23 94
23 97
23 108
23 109
23 116
23 136
23 145
23 146
23 161
24 26
24 27
24 32
24 35
24 36
24 38
24 43
24 47
24 57
24 68
24 80
24 87
24 94
24 117
24 133
24 135
24 137
24 138
24 145
24 149
24 152
24 160
25 28
25 32
25 39
25 42
25 52
25 55
25 65
25 68
25 73
25 74
25 80
25 83
25 84
25 95
25 96
25 102
25 106
25 114
25 121
25 132
25 137
25 138
25 153
25 155
25 158
26 30
26 32
26 43
26 47
26 53
26 64
26 65
26 67
26 74
26 76
26 80
26 82
26 84
26 87
26 88
26 91
26 99
26 100
26 105
26 108
26 111
26 112
26 114
26 117
26 121
26 122
26 124
26 126
26 128
26 129
26 133
26 134
26 135
26 137
26 138
26 142
26 143
26 144
26 146
26 147
26 148
26 153
26 157
26 158
26 159
26 160
26 161
27 33
27 35
27 38
27 54
27 91
27 92
27 116
27 119
27 134
27 153
27 156
28 41
28 63
28 64
28 66
28 68
28 69
28 70
28 82
28 90
28 94
28 95
28 99
28 105
28 109
28 120
28 121
28 124
28 133
28 134
28 141
28 155
29 31
29 39
29 50
29 61
29 64
29 108
29 137
29 151
29 153
29 161
30 34
30 40
30 44
30 49
30 50
30 55
30 63
30 64
30 72
30 74
30 75
30 80
30 84
30 89
30 97
30 98
30 100
30 103
30 108
30 112
30 115
30 117
30 118
30 123
30 126
30 127
30 128
30 129
30 131
30 132
30 133
30 150
30 157
30 158
30 159
31 36
31 38
31 43
31 45
31 49
31 50
31 52
31 53
31 54
31 55
31 58
31 65
31 66
31 69
31 70
31 71
31 72
31 76
31 79
31 85
31 86
31 87
31 94
31 95
31 96
31 97
31 104
31 110
31 111
31 115
31 117
31 127
31 129
31 132
31 136
31 137
31 138
31 142
31 146
31 148
31 149
31 151
31 152
31 159
31 160
32 34
32 35
32 36
32 38
32 40
32 45
32 51
32 52
32 53
32 55
32 56
32 65
32 66
32 67
32 70
32 71
32 72
32 73
32 77
32 79
32 85
32 88
32 89
32 93
32 100
32 101
32 102
32 105
32 106
32 109
32 113
32 116
32 120
32 121
32 125
32 131
32 133
32 134
32 137
32 139
32 141
32 148
32 154
32 158
33 38
33 43
33 53
33 58
33 71
33 95
33 96
33 102
33 111
33 113
33 114
33 126
33 135
33 139
33 141
33 160
34 39
34 43
34 49
34 50
34 52
34 54
34 56
34 61
34 71
34 76
34 77
34 79
34 99
34 101
34 110
34 116
34 128
34 133
34 134
34 135
34 138
34 139
34 142
34 143
34 155
34 158
35 36
35 42
35 44
35 45
35 46
35 49
35 55
35 61
35 62
35 63
35 65
35 66
35 67
35 68
35 70
35 71
35 72
35 74
35 79
35 80
35 84
35 85
35 88
35 89
35 90
35 94
35 97
35 106
35 112
35 114
35 121
35 126
35 131
35 134
35 137
35 141
35 143
35 150
35 154
35 157
35 158
35 159
36 38
36 44
36 45
36 46
36 54
36 55
36 56
36 58
36 63
36 64
36 65
36 66
36 67
36 70
36 72
36 77
36 83
36 89
36 91
36 101
36 108
36 112
36 113
36 116
36 120
36 121
36 125
36 129
36 136
36 137
36 139
36 141
36 142
36 146
36 149
36 151
36 153
36 154
36 161
37 45
37 46
37 50
37 51
37 56
37 62
37 69
37 70
37 73
37 87
37 88
37 101
37 102
37 106
37 107
37 120
37 126
37 129
37 141
37 149
37 160
38 42
38 51
38 52
38 55
38 56
38 58
38 59
38 65
38 68
38 74
38 89
38 92
38 93
38 103
38 109
38 111
38 113
38 114
38 115
38 125
38 126
38 132
38 133
38 135
38 136
38 142
38 146
38 147
38 152
38 158
38 160
39 49
39 54
39 58
39 61
39 63
39 65
39 68
39 70
39 71
39 72
39 73
39 74
39 75
39 77
39 80
39 84
39 89
39 94
39 110
39 115
39 118
39 133
39 139
39 145
39 149
39 158
39 160
40 45
40 51
40 55
40 56
40 57
40 58
40 61
40 63
40 69
40 70
40 71
40 79
40 88
40 91
40 96
40 103
40 104
40 109
40 110
40 112
40 116
40 117
40 118
40 119
40 120
40 121
40 132
40 135
40 138
40 141
40 145
40 147
40 151
40 153
40 156
40 157
40 160
40 161
41 43
41 46
41 54
41 55
41 58
41 62
41 77
41 82
41 91
41 96
41 103
41 106
41 122
41 126
41 132
41 142
41 157
41 161
42 44
42 49
42 50
42 51
42 54
42 57
42 65
42 71
42 73
42 75
42 77
42 82
42 85
42 87
42 95
42 111
42 112
42 115
42 127
42 131
42 141
42 142
42 144
42 158
42 161
43 49
43 50
43 56
43 62
43 64
43 68
43 69
43 72
43 77
43 83
43 85
43 92
43 93
43 101
43 106
43 125
43 129
43 131
43 133
43 137
43 143
43 145
43 147
43 149
43 150
43 153
43 159
43 160
44 51
44 55
44 62
44 64
44 69
44 74
44 83
44 87
44 97
44 103
44 108
44 110
44 111
44 113
44 114
44 121
44 127
44 129
44 134
44 135
44 141
44 146
44 154
44 158
44 161
45 49
45 50
45 52
45 56
45 65
45 67
45 68
45 85
45 92
45 93
45 101
45 103
45 105
45 106
45 111
45 119
45 122
45 125
45 131
45 132
45 133
45 139
45 145
45 146
45 148
45 149
45 153
45 157
45 161
46 51
46 58
46 63
46 68
46 69
46 72
46 79
46 87
46 108
46 109
46 111
46 112
46 115
46 122
46 132
46 135
46 137
46 142
46 160
47 62
47 75
47 147
47 154
47 157
48 51
48 56
48 64
48 80
48 84
48 86
48 115
48 120
48 131
48 137
48 138
48 141
48 152
48 154
49 52
49 53
49 58
49 59
49 60
49 61
49 65
49 66
49 69
49 72
49 75
49 77
49 85
49 86
49 88
49 90
49 91
49 93
49 97
49 101
49 102
49 113
49 117
49 118
49 126
49 131
49 134
49 141
49 152
49 153
49 154
49 157
49 160
50 54
50 57
50 58
50 60
50 64
50 73
50 80
50 87
50 89
50 97
50 104
50 107
50 109
50 115
50 119
50 122
50 124
50 133
50 136
50 139
50 142
50 145
50 150
50 153
50 158
50 159
50 160
51 56
51 58
51 59
51 66
51 68
51 74
51 76
51 77
51 79
51 80
51 81
51 87
51 92
51 96
51 102
51 106
51 107
51 111
51 117
51 118
51 121
51 126
51 129
51 132
51 133
51 137
51 147
51 154
51 160
51 161
52 58
52 59
52 64
52 66
52 67
52 69
52 72
52 73
52 79
52 80
52 83
52 87
52 89
52 94
52 97
52 101
52 105
52 108
52 111
52 118
52 123
52 125
52 135
52 144
52 147
52 151
52 157
52 158
52 161
53 56
53 60
53 64
53 67
53 69
53 71
53 76
53 84
53 96
53 101
53 102
53 103
53 106
53 107
53 112
53 113
53 115
53 122
53 139
53 141
53 147
53 151
53 156
54 55
54 56
54 63
54 64
54 65
54 67
54 69
54 72
54 74
54 75
54 79
54 80
54 86
54 90
54 95
54 100
54 103
54 106
54 112
54 114
54 116
54 117
54 125
54 137
54 141
54 145
54 147
54 152
54 154
54 160
54 161
55 59
55 62
55 66
55 67
55 70
55 71
55 72
55 79
55 80
55 81
55 83
55 88
55 91
55 94
55 96
55 101
55 102
55 106
55 108
55 112
55 114
55 117
55 125
55 140
55 143
55 145
55 146
55 147
55 151
55 152
55 159
55 160
56 58
56 63
56 65
56 67
56 74
56 75
56 77
56 91
56 93
56 94
56 96
56 98
56 100
56 102
56 103
56 104
56 105
56 112
56 114
56 117
56 125
56 126
56 129
56 131
56 133
56 139
56 147
56 152
56 153
56 154
56 159
57 62
57 73
57 80
57 82
57 91
57 94
57 104
57 112
57 115
57 136
57 160
58 60
58 61
58 64
58 65
58 66
58 70
58 84
58 91
58 97
58 101
58 102
58 105
58 106
58 109
58 110
58 111
58 113
58 117
58 124
58 131
58 136
58 137
58 146
58 152
58 160
58 161
59 68
59 74
59 89
59 98
59 101
59 102
59 108
59 112
59 117
59 129
59 130
59 135
59 147
59 151
59 153
59 154
59 156
59 158
59 161
60 67
60 134
60 152
60 154
61 63
61 65
61 66
61 67
61 76
61 77
61 79
61 80
61 82
61 89
61 97
61 106
61 113
61 115
61 118
61 125
61 126
61 129
61 133
61 135
61 137
61 138
61 139
61 142
61 145
62 63
62 64
62 66
62 67
62 69
62 73
62 84
62 85
62 92
62 108
62 114
62 131
62 132
62 147
62 149
62 152
62 157
62 159
63 65
63 68
63 69
63 77
63 80
63 85
63 87
63 93
63 94
63 101
63 108
63 111
63 112
63 114
63 128
63 133
63 134
63 135
63 142
63 147
63 151
63 152
64 65
64 66
64 68
64 69
64 71
64 73
64 74
64 76
64 80
64 81
64 82
64 85
64 89
64 90
64 91
64 101
64 102
64 104
64 105
64 109
64 110
64 114
64 115
64 127
64 130
64 131
64 137
64 142
64 151
64 153
64 154
64 157
64 158
65 67
65 69
65 70
65 77
65 79
65 80
65 81
65 82
65 84
65 88
65 99
65 101
65 102
65 103
65 104
65 105
65 107
65 111
65 112
65 114
65 116
65 129
65 130
65 135
65 137
65 138
65 139
65 146
65 147
65 148
65 149
65 151
65 153
65 157
66 68
66 74
66 76
66 77
66 90
66 91
66 102
66 107
66 109
66 112
66 113
66 115
66 125
66 126
66 127
66 133
66 134
66 135
66 143
66 145
66 147
66 158
66 161
67 69
67 71
67 75
67 84
67 85
67 86
67 89
67 90
67 91
67 92
67 94
67 97
67 99
67 102
67 116
67 117
67 118
67 122
67 126
67 132
67 134
67 135
67 137
67 139
67 141
67 152
67 153
67 159
67 160
68 75
68 80
68 85
68 89
68 91
68 92
68 97
68 100
68 103
68 106
68 108
68 110
68 111
68 112
68 117
68 126
68 129
68 136
68 139
68 143
68 146
68 152
68 155
69 75
69 86
69 88
69 89
69 91
69 92
69 94
69 96
69 97
69 106
69 108
69 110
69 111
69 112
69 115
69 117
69 121
69 122
69 131
69 133
69 134
69 135
69 136
69 137
69 139
69 141
69 142
69 143
69 146
69 147
69 153
69 155
69 159
69 160
69 161
70 72
70 74
70 79
70 87
70 89
70 90
70 91
70 92
70 93
70 94
70 97
70 105
70 112
70 113
70 114
70 115
70 116
70 120
70 130
70 131
70 133
70 134
70 135
70 137
70 142
70 143
70 146
70 149
70 152
70 156
70 158
70 161
71 79
71 82
71 84
71 92
71 94
71 102
71 103
71 108
71 109
71 111
71 115
71 121
71 129
71 137
71 142
71 144
71 145
71 147
71 152
71 159
71 161
72 73
72 75
72 77
72 79
72 82
72 84
72 87
72 90
72 91
72 97
72 99
72 103
72 104
72 105
72 106
72 107
72 108
72 109
72 111
72 112
72 113
72 115
72 118
72 119
72 125
72 127
72 131
72 142
72 147
72 151
72 152
72 154
72 158
72 159
72 160
72 161
73 74
73 75
73 79
73 84
73 89
73 91
73 92
73 96
73 99
73 101
73 106
73 108
73 114
73 115
73 117
73 118
73 122
73 129
73 131
73 132
73 134
73 137
73 142
73 152
73 154
73 155
73 156
73 157
73 158
73 159
73 160
73 161
74 75
74 79
74 84
74 92
74 94
74 95
74 100
74 101
74 102
74 106
74 109
74 111
74 112
74 113
74 116
74 117
74 118
74 121
74 129
74 130
74 133
74 134
74 135
74 137
74 138
74 143
74 146
74 147
74 148
74 151
74 154
74 158
74 161
75 84
75 85
75 92
75 93
75 100
75 102
75 106
75 109
75 112
75 121
75 128
75 131
75 133
75 134
75 138
75 154
75 158
76 88
76 94
76 101
76 116
76 121
76 129
76 133
76 134
76 144
77 84
77 90
77 92
77 93
77 95
77 97
77 102
77 109
77 110
77 113
77 114
77 118
77 125
77 133
77 137
77 139
77 142
77 143
77 145
77 146
77 147
77 149
77 152
77 156
77 158
77 159
77 161
78 106
78 126
78 128
78 161
79 89
79 90
79 94
79 97
79 98
79 103
79 106
79 109
79 111
79 117
79 121
79 124
79 131
79 133
79 134
79 142
79 146
79 148
79 149
79 151
80 84
80 87
80 98
80 103
80 106
80 113
80 114
80 116
80 127
80 131
80 134
80 137
80 142
80 149
80 151
80 154
80 156
80 157
80 158
80 159
80 161
81 92
81 97
81 109
81 126
81 133
81 136
82 94
82 98
82 114
82 118
82 119
82 125
82 133
82 143
82 146
82 149
82 151
82 152
83 104
83 115
83 120
83 125
83 134
83 137
83 147
83 154
84 89
84 90
84 91
84 92
84 94
84 97
84 101
84 103
84 105
84 107
84 109
84 116
84 125
84 131
84 134
84 135
84 136
84 137
84 139
84 142
84 146
84 151
84 153
84 154
84 158
85 94
85 96
85 99
85 102
85 106
85 108
85 110
85 114
85 116
85 117
85 127
85 128
85 132
85 139
85 142
85 146
85 158
86 87
86 94
86 99
86 108
86 117
86 118
86 124
86 134
86 137
86 145
87 88
87 103
87 104
87 106
87 116
87 126
87 127
87 137
87 138
87 142
87 145
87 146
87 147
87 153
87 159
87 160
88 89
88 93
88 106
88 111
88 116
88 117
88 120
88 122
88 123
88 124
88 125
88 129
88 135
88 138
88 142
88 146
88 149
88 156
88 157
88 159
89 90
89 99
89 101
89 102
89 104
89 105
89 106
89 112
89 113
89 114
89 115
89 127
89 131
89 138
89 139
89 141
89 142
89 146
89 149
89 151
89 152
89 158
90 102
90 108
90 112
90 116
90 120
90 122
90 125
90 126
90 131
90 135
90 151
91 99
91 105
91 112
91 115
91 131
91 137
91 141
91 145
91 149
91 152
91 153
91 158
91 159
91 160
91 161
92 100
92 101
92 104
92 108
92 109
92 127
92 131
92 138
92 139
93 97
93 101
93 106
93 107
93 110
93 113
93 115
93 139
93 149
93 151
93 153
93 160
94 95
94 102
94 105
94 106
94 107
94 112
94 114
94 117
94 118
94 125
94 127
94 129
94 131
94 133
94 134
94 138
94 140
94 151
94 153
94 157
94 158
94 160
94 161
95 114
95 137
95 139
95 141
95 153
95 158
95 160
96 101
96 104
96 106
96 107
96 113
96 114
96 117
96 124
96 126
96 147
96 151
97 104
97 106
97 109
97 112
97 117
97 124
97 129
97 133
97 134
97 138
97 139
97 143
97 147
97 151
97 154
97 159
97 161
98 102
98 106
98 109
98 112
98 125
98 135
98 141
98 142
98 146
98 150
98 155
98 156
98 157
98 158
98 159
99 100
99 105
99 111
99 113
99 115
99 117
99 119
99 128
99 133
99 134
99 135
99 139
99 145
99 153
99 154
99 159
99 160
100 104
100 108
100 109
100 112
100 114
100 115
100 116
100 118
100 119
100 131
100 135
100 136
100 137
100 146
100 152
100 154
101 106
101 113
101 115
101 125
101 126
101 127
101 131
101 135
101 137
101 141
101 143
101 145
101 149
101 153
101 154
101 158
102 106
102 107
102 108
102 111
102 113
102 114
102 115
102 119
102 124
102 129
102 132
102 134
102 138
102 142
102 145
102 151
102 153
102 154
102 158
102 160
103 105
103 106
103 108
103 110
103 112
103 113
103 134
103 138
103 141
103 145
103 151
103 152
103 154
103 156
103 159
104 107
104 109
104 114
104 127
104 140
104 142
104 147
104 151
105 109
105 110
105 112
105 113
105 114
105 119
105 139
105 141
105 142
105 145
105 146
105 147
105 152
105 153
105 154
105 158
106 107
106 109
106 111
106 112
106 120
106 125
106 131
106 134
106 136
106 142
106 157
106 159
107 108
107 114
107 133
107 135
107 139
107 144
107 153
107 157
107 161
108 110
108 112
108 120
108 129
108 131
108 133
108 135
108 136
108 137
108 139
108 143
108 146
108 147
108 150
108 151
108 152
108 156
108 158
109 112
109 115
109 125
109 126
109 127
109 130
109 136
109 137
109 138
109 143
109 145
109 147
109 150
109 152
109 157
110 111
110 117
110 125
110 128
110 133
110 137
110 151
110 160
111 115
111 127
111 129
111 143
111 146
111 149
111 151
111 154
111 156
111 161
112 114
112 129
112 142
112 145
112 147
112 148
112 149
112 151
112 152
112 157
112 158
112 159
112 160
113 114
113 116
113 121
113 125
113 129
113 130
113 131
113 139
113 142
113 149
113 152
113 154
113 155
113 158
113 160
114 116
114 117
114 118
114 126
114 132
114 137
114 141
114 150
114 155
114 157
114 158
115 117
115 120
115 132
115 134
115 137
115 138
115 142
115 146
115 152
115 153
115 157
115 159
115 160
115 161
116 118
116 122
116 127
116 129
116 134
116 135
116 137
116 139
116 149
116 151
116 158
116 159
117 120
117 126
117 127
117 128
117 131
117 132
117 135
117 138
117 139
117 141
117 142
117 146
117 152
117 153
117 155
117 159
117 161
118 119
118 122
118 127
118 130
118 139
118 141
118 153
118 156
118 161
119 120
119 126
119 128
119 145
120 128
120 129
120 132
120 141
120 155
120 160
121 135
121 136
121 139
121 145
121 161
122 126
122 129
122 131
122 132
122 137
122 146
122 153
122 154
122 157
122 161
123 146
123 160
124 128
124 133
124 137
124 138
125 135
125 148
125 151
125 153
126 131
126 135
126 149
126 153
126 158
127 138
127 139
127 147
127 161
128 130
128 133
128 142
128 143
128 154
128 157
128 158
129 134
129 138
129 139
129 142
129 147
129 149
129 151
129 152
129 153
129 154
130 132
130 142
130 147
130 159
131 135
131 140
131 141
131 152
131 154
131 156
131 157
131 158
132 137
132 146
132 152
133 136
133 137
133 138
133 139
133 146
133 147
133 152
133 155
133 159
134 135
134 142
134 146
134 158
134 161
135 137
135 138
135 145
135 150
135 154
135 157
135 160
136 142
136 145
136 154
136 155
137 138
137 140
137 145
137 149
137 155
137 158
137 160
138 139
138 143
138 145
138 146
138 152
138 153
138 154
138 157
138 158
138 160
138 161
139 142
139 144
139 146
139 149
139 152
139 158
140 145
141 142
141 143
141 145
141 149
141 150
141 158
142 146
142 153
142 154
142 157
142 160
143 152
143 153
143 157
144 151
145 147
145 149
145 151
145 155
145 157
145 158
146 159
147 150
147 151
147 152
147 153
147 154
147 156
147 157
147 158
147 160
149 158
149 160
149 161
150 152
151 153
151 157
151 161
152 157
152 158
152 159
153 157
153 161
154 157
154 160
154 161
158 160
158 161
160 161
