0 4
0 7
0 9
0 13
0 15
0 17
0 23
0 24
0 26
0 30
0 31
0 32
0 40
0 42
0 51
0 62
0 73
0 77
0 80
0 88
0 94
0 95
0 103
0 119
0 133
0 139
0 142
0 157
1 18
1 19
1 29
1 32
1 40
1 41
1 43
1 49
1 52
1 54
1 56
1 58
1 61
1 64
1 65
1 66
1 70
1 72
1 75
1 79
1 84
1 87
1 92
1 103
1 107
1 108
1 115
1 117
1 118
1 129
1 132
1 137
1 139
1 147
1 152
1 153
1 156
1 159
2 3
2 10
2 14
2 19
2 20
2 26
2 28
2 36
2 40
2 56
2 58
2 62
2 63
2 64
2 67
2 69
2 83
2 102
2 115
2 120
2 146
2 147
2 149
3 11
3 17
3 18
3 22
3 25
3 30
3 36
3 37
3 39
3 48
3 51
3 55
3 58
3 62
3 63
3 67
3 70
3 75
3 83
3 88
3 101
3 115
3 118
3 121
3 129
3 131
3 132
3 138
3 144
3 152
3 157
4 8
4 16
4 18
4 22
4 25
4 26
4 30
4 36
4 38
4 43
4 46
4 47
4 48
4 53
4 55
4 61
4 63
4 64
4 65
4 67
4 68
4 69
4 72
4 73
4 75
4 80
4 81
4 84
4 85
4 86
4 87
4 88
4 89
4 93
4 94
4 97
4 98
4 100
4 101
4 103
4 105
4 109
4 110
4 112
4 113
4 114
4 127
4 133
4 134
4 135
4 136
4 137
4 138
4 139
4 144
4 146
4 147
4 148
4 152
4 157
4 159
4 160
5 6
5 8
5 13
5 20
5 33
5 42
5 47
5 72
5 75
5 88
5 93
5 100
5 104
5 154
6 9
6 10
6 11
6 12
6 17
6 20
6 24
6 26
6 30
6 43
6 45
6 46
6 48
6 49
6 56
6 58
6 59
6 63
6 64
6 68
6 73
6 75
6 77
6 79
6 82
6 85
6 86
6 90
6 91
6 94
6 99
6 103
6 107
6 112
6 113
6 115
6 117
6 118
6 120
6 126
6 127
6 129
6 132
6 134
6 135
6 136
6 137
6 141
6 145
6 147
6 151
6 152
6 153
6 155
6 160
6 161
7 9
7 10
7 12
7 14
7 21
7 22
7 23
7 28
7 30
7 31
7 33
7 36
7 39
7 43
7 49
7 53
7 54
7 56
7 61
7 63
7 65
7 69
7 70
7 71
7 72
7 78
7 85
7 86
7 89
7 90
7 98
7 99
7 106
7 107
7 118
7 123
7 131
7 144
7 149
7 151
7 156
7 157
7 160
8 13
8 21
8 26
8 50
8 61
8 101
8 104
8 117
8 136
8 147
8 152
8 159
9 11
9 18
9 21
9 26
9 32
9 34
9 36
9 37
9 40
9 45
9 53
9 55
9 58
9 59
9 69
9 72
9 74
9 77
9 81
9 87
9 93
9 94
9 101
9 102
9 108
9 111
9 112
9 115
9 119
9 131
9 135
9 137
9 146
9 152
9 157
9 158
10 23
10 25
10 27
10 28
10 34
10 36
10 40
10 41
10 51
10 52
10 64
10 65
10 69
10 82
10 85
10 89
10 93
10 94
10 96
10 97
10 101
10 105
10 106
10 110
10 114
10 118
10 121
10 125
10 129
10 137
10 139
10 141
10 146
10 151
10 152
10 160
10 161
11 13
11 14
11 15
11 26
11 29
11 32
11 35
11 38
11 39
11 41
11 42
11 43
11 44
11 45
11 49
11 51
11 61
11 63
11 72
11 80
11 83
11 84
11 87
11 89
11 90
11 91
11 95
11 100
11 101
11 103
11 105
11 107
11 113
11 114
11 117
11 118
11 125
11 133
11 134
11 153
11 154
11 158
11 159
11 160
12 19
12 22
12 34
12 39
12 40
12 45
12 46
12 49
12 51
12 55
12 60
12 61
12 64
12 65
12 70
12 74
12 76
12 91
12 94
12 95
12 96
12 102
12 103
12 114
12 126
12 130
12 137
12 145
12 147
12 150
12 153
13 26
13 28
13 32
13 38
13 50
13 59
13 65
13 70
13 76
13 102
13 115
13 139
13 142
13 149
14 18
14 19
14 21
14 23
14 24
14 35
14 38
14 40
14 41
14 44
14 46
14 50
14 54
14 55
14 58
14 64
14 66
14 69
14 71
14 74
14 75
14 77
14 83
14 84
14 89
14 90
14 94
14 97
14 98
14 99
14 105
14 106
14 110
14 111
14 113
14 116
14 117
14 129
14 131
14 133
14 138
14 142
14 143
14 144
14 145
14 147
14 151
14 152
14 154
15 19
15 20
15 22
15 25
15 28
15 31
15 33
15 35
15 40
15 58
15 59
15 64
15 69
15 90
15 94
15 103
15 106
15 108
15 113
15 114
15 116
15 127
15 131
15 141
15 143
15 146
15 147
15 149
15 150
15 152
15 153
16 19
16 22
16 31
16 50
16 64
16 67
16 69
16 89
16 93
16 97
16 106
16 128
16 129
16 137
16 142
17 20
17 36
17 37
17 45
17 67
17 77
17 93
17 105
17 107
17 118
17 134
17 146
17 147
17 159
18 21
18 25
18 29
18 33
18 34
18 42
18 44
18 45
18 47
18 50
18 52
18 56
18 61
18 63
18 64
18 65
18 70
18 71
18 74
18 75
18 76
18 77
18 79
18 85
18 89
18 93
18 94
18 95
18 105
18 109
18 116
18 129
18 131
18 136
18 142
18 146
18 147
18 149
18 152
18 153
18 154
18 155
19 21
19 26
19 31
19 32
19 37
19 38
19 40
19 42
19 50
19 52
19 54
19 55
19 56
19 58
19 61
19 64
19 65
19 69
19 70
19 71
19 76
19 79
19 82
19 83
19 98
19 100
19 101
19 102
19 104
19 106
19 111
19 112
19 113
19 117
19 137
19 145
19 146
19 148
19 157
19 160
20 30
20 31
20 34
20 42
20 44
20 50
20 51
20 58
20 59
20 64
20 67
20 68
20 69
20 72
20 74
20 88
20 94
20 102
20 103
20 108
20 114
20 128
20 129
20 133
20 139
20 149
20 154
20 157
20 159
21 24
21 26
21 28
21 30
21 31
21 32
21 34
21 38
21 39
21 40
21 41
21 44
21 46
21 51
21 53
21 55
21 58
21 63
21 67
21 70
21 73
21 74
21 75
21 79
21 80
21 82
21 84
21 86
21 87
21 92
21 93
21 100
21 102
21 103
21 104
21 105
21 106
21 108
21 109
21 112
21 118
21 122
21 124
21 129
21 132
21 133
21 135
21 136
21 138
21 139
21 141
21 143
21 145
21 147
21 157
21 158
22 36
22 51
22 54
22 71
22 72
22 77
22 87
22 94
22 108
22 113
22 117
22 127
22 152
22 157
23 25
23 30
23 50
23 51
23 67
23 68
23 69
23 74
23 75
23 79
23 80
23 84
23 85
23 90
23 92
23 93
23 100
23 101
23 103
23 107
23 108
23 111
23 114
23 140
23 143
23 150
23 153
23 158
24 26
24 30
24 36
24 39
24 45
24 47
24 58
24 66
24 69
24 73
24 74
24 77
24 97
24 112
24 117
24 129
24 138
24 141
24 149
25 30
25 32
25 33
25 34
25 35
25 36
25 45
25 49
25 52
25 61
25 63
25 64
25 66
25 67
25 68
25 69
25 70
25 72
25 74
25 89
25 92
25 97
25 98
25 100
25 113
25 115
25 130
25 138
25 145
25 147
26 32
26 38
26 43
26 44
26 45
26 51
26 52
26 53
26 55
26 56
26 58
26 63
26 64
26 66
26 69
26 70
26 71
26 74
26 77
26 82
26 84
26 87
26 88
26 91
26 96
26 99
26 101
26 102
26 103
26 106
26 107
26 108
26 112
26 113
26 115
26 117
26 121
26 126
26 131
26 133
26 135
26 137
26 142
26 143
26 144
26 147
26 154
26 158
26 161
27 35
27 40
27 46
27 56
27 61
27 74
27 85
27 101
27 117
27 118
27 129
27 137
27 145
28 30
28 34
28 40
28 51
28 54
28 58
28 66
28 68
28 99
28 101
28 102
28 106
28 109
28 115
28 116
28 147
28 151
28 154
29 34
29 36
29 42
29 43
29 51
29 52
29 62
29 65
29 70
29 71
29 72
29 74
29 77
29 91
29 92
29 93
29 98
29 106
29 113
29 139
29 142
29 147
29 161
30 31
30 33
30 40
30 51
30 54
30 58
30 59
30 60
30 62
30 64
30 65
30 66
30 67
30 68
30 70
30 72
30 73
30 79
30 80
30 85
30 89
30 91
30 93
30 94
30 105
30 111
30 114
30 117
30 129
30 132
30 134
30 136
30 141
30 142
30 147
30 154
30 157
31 36
31 39
31 43
31 48
31 51
31 54
31 56
31 57
31 58
31 59
31 63
31 64
31 68
31 69
31 70
31 71
31 72
31 73
31 74
31 77
31 84
31 87
31 88
31 89
31 93
31 94
31 95
31 98
31 102
31 103
31 105
31 115
31 116
31 122
31 124
31 126
31 128
31 132
31 133
31 137
31 145
31 146
31 151
31 152
31 153
31 154
31 155
31 157
31 159
32 36
32 38
32 44
32 45
32 50
32 52
32 59
32 66
32 68
32 72
32 74
32 76
32 77
32 84
32 93
32 94
32 98
32 101
32 103
32 106
32 108
32 112
32 113
32 116
32 118
32 120
32 124
32 125
32 126
32 127
32 128
32 135
32 146
32 147
32 151
32 153
32 154
33 35
33 36
33 45
33 52
33 59
33 63
33 65
33 69
33 92
33 97
33 112
33 136
33 137
33 161
34 35
34 38
34 41
34 49
34 54
34 55
34 62
34 67
34 68
34 70
34 72
34 75
34 80
34 82
34 89
34 97
34 98
34 101
34 102
34 106
34 112
34 124
34 129
34 151
34 154
34 157
34 159
35 38
35 43
35 46
35 57
35 58
35 60
35 62
35 63
35 65
35 68
35 70
35 74
35 75
35 76
35 91
35 106
35 108
35 111
35 114
35 127
35 129
35 131
35 133
35 134
35 135
35 139
35 141
35 148
35 154
35 155
36 40
36 41
36 44
36 48
36 51
36 52
36 54
36 65
36 69
36 72
36 73
36 77
36 79
36 89
36 93
36 94
36 97
36 103
36 106
36 111
36 115
36 117
36 128
36 134
36 135
36 141
36 144
36 145
36 149
36 152
36 155
36 156
36 158
37 45
37 46
37 51
37 59
37 64
37 65
37 73
37 74
37 82
37 89
37 93
37 103
37 125
37 128
37 129
37 146
37 147
38 40
38 41
38 50
38 51
38 52
38 55
38 59
38 61
38 63
38 70
38 71
38 80
38 82
38 85
38 89
38 91
38 94
38 97
38 99
38 101
38 103
38 105
38 107
38 109
38 111
38 114
38 124
38 131
38 134
38 135
38 146
38 147
38 148
38 149
38 154
38 159
38 160
38 161
39 41
39 42
39 43
39 49
39 54
39 62
39 64
39 66
39 69
39 72
39 74
39 94
39 97
39 98
39 105
39 111
39 113
39 115
39 116
39 117
39 129
39 142
39 146
39 157
39 159
40 43
40 45
40 49
40 52
40 53
40 55
40 56
40 58
40 59
40 61
40 63
40 77
40 82
40 86
40 89
40 90
40 92
40 98
40 102
40 103
40 114
40 116
40 118
40 123
40 127
40 129
40 133
40 134
40 136
40 137
40 138
40 139
40 141
40 144
40 145
40 147
40 152
40 153
40 155
40 158
41 47
41 51
41 58
41 68
41 70
41 90
41 92
41 108
41 109
41 117
41 120
41 139
41 152
41 158
42 45
42 46
42 52
42 54
42 55
42 81
42 84
42 86
42 88
42 94
42 97
42 102
42 106
42 108
42 118
42 126
42 128
42 139
42 141
42 144
42 147
42 150
42 152
42 154
42 159
43 44
43 49
43 50
43 60
43 62
43 63
43 64
43 65
43 68
43 69
43 72
43 75
43 76
43 80
43 87
43 89
43 94
43 101
43 102
43 104
43 106
43 109
43 113
43 115
43 116
43 126
43 128
43 131
43 133
43 137
43 146
43 152
43 153
43 158
43 159
43 160
44 45
44 56
44 59
44 65
44 68
44 69
44 73
44 87
44 92
44 93
44 102
44 105
44 112
44 116
44 117
44 119
44 121
44 124
44 125
44 128
44 131
44 133
44 134
44 135
45 46
45 49
45 53
45 54
45 58
45 59
45 61
45 62
45 63
45 70
45 73
45 84
45 85
45 87
45 92
45 94
45 103
45 105
45 106
45 109
45 114
45 115
45 118
45 125
45 132
45 133
45 137
45 138
45 140
45 142
45 146
46 48
46 49
46 50
46 53
46 54
46 66
46 69
46 72
46 75
46 79
46 84
46 88
46 98
46 101
46 102
46 108
46 110
46 112
46 113
46 114
46 131
46 133
46 134
46 136
46 138
46 144
46 145
46 152
46 156
47 52
47 54
47 62
47 64
47 73
47 76
47 77
47 90
47 94
47 100
47 154
47 158
48 57
48 70
48 72
48 80
48 87
48 100
48 109
48 111
48 114
48 119
48 121
48 146
48 147
48 154
49 50
49 54
49 59
49 63
49 64
49 65
49 66
49 67
49 70
49 71
49 72
49 74
49 75
49 80
49 85
49 87
49 89
49 92
49 97
49 98
49 102
49 104
49 105
49 109
49 113
49 114
49 115
49 116
49 131
49 133
49 134
49 137
49 138
49 154
49 159
50 51
50 52
50 54
50 56
50 65
50 71
50 74
50 75
50 84
50 85
50 92
50 93
50 94
50 103
50 108
50 110
50 112
50 125
50 126
50 134
50 135
50 145
50 153
50 154
50 159
51 52
51 55
51 56
51 59
51 63
51 67
51 68
51 70
51 80
51 83
51 88
51 89
51 97
51 98
51 101
51 105
51 106
51 109
51 111
51 113
51 121
51 125
51 126
51 127
51 129
51 133
51 134
51 135
51 138
51 139
51 142
51 146
51 153
51 159
52 62
52 63
52 64
52 66
52 71
52 74
52 77
52 79
52 84
52 87
52 93
52 94
52 97
52 99
52 100
52 101
52 105
52 107
52 109
52 113
52 120
52 125
52 126
52 131
52 139
52 147
52 152
52 158
52 160
53 59
53 61
53 64
53 66
53 74
53 79
53 80
53 91
53 101
53 113
53 115
53 128
53 132
53 135
53 145
53 147
53 153
53 157
53 158
53 159
54 55
54 57
54 58
54 64
54 66
54 69
54 70
54 72
54 73
54 74
54 79
54 89
54 94
54 100
54 102
54 104
54 106
54 109
54 111
54 112
54 114
54 117
54 120
54 121
54 125
54 128
54 129
54 131
54 134
54 138
54 142
54 145
54 147
54 149
54 153
54 156
54 157
54 158
55 56
55 59
55 71
55 73
55 79
55 94
55 96
55 97
55 102
55 108
55 113
55 117
55 118
55 122
55 125
55 129
55 133
55 134
55 138
55 139
55 152
55 154
56 58
56 63
56 64
56 65
56 68
56 75
56 80
56 81
56 84
56 86
56 89
56 90
56 94
56 97
56 99
56 100
56 103
56 106
56 109
56 111
56 114
56 115
56 117
56 120
56 127
56 129
56 131
56 133
56 134
56 137
56 138
56 142
56 143
56 148
56 152
57 63
57 83
57 85
57 87
57 89
57 120
57 142
57 149
57 151
57 157
58 61
58 64
58 65
58 66
58 68
58 71
58 73
58 74
58 77
58 81
58 82
58 89
58 96
58 102
58 103
58 105
58 106
58 108
58 109
58 113
58 117
58 118
58 122
58 123
58 129
58 134
58 136
58 137
58 139
58 142
58 147
58 158
58 159
59 64
59 65
59 66
59 67
59 70
59 71
59 72
59 76
59 79
59 80
59 93
59 102
59 118
59 119
59 126
59 128
59 129
59 131
59 138
59 152
60 63
60 66
60 94
60 115
60 154
60 159
61 64
61 66
61 67
61 72
61 77
61 80
61 83
61 84
61 98
61 101
61 107
61 108
61 128
61 132
61 135
61 141
61 145
61 146
61 147
61 151
61 153
62 65
62 69
62 71
62 73
62 75
62 77
62 89
62 92
62 96
62 104
62 105
62 107
62 109
62 111
62 112
62 113
62 115
62 132
62 133
62 134
62 135
62 142
62 145
62 149
62 154
62 157
62 159
63 67
63 71
63 77
63 91
63 97
63 99
63 101
63 102
63 106
63 113
63 116
63 118
63 123
63 125
63 126
63 128
63 134
63 135
63 145
63 147
63 148
63 149
63 151
63 153
63 154
63 158
64 65
64 66
64 75
64 76
64 77
64 84
64 88
64 89
64 90
64 94
64 102
64 104
64 106
64 109
64 111
64 115
64 116
64 117
64 118
64 120
64 129
64 135
64 137
64 142
64 146
64 147
64 151
64 153
64 160
64 161
65 67
65 69
65 70
65 71
65 87
65 91
65 107
65 109
65 114
65 118
65 129
65 133
65 135
65 142
65 143
65 145
65 147
65 148
65 150
65 151
65 154
65 157
65 160
65 161
66 69
66 70
66 71
66 73
66 75
66 79
66 88
66 90
66 92
66 98
66 99
66 101
66 105
66 106
66 108
66 110
66 112
66 114
66 117
66 121
66 122
66 126
66 129
66 131
66 132
66 133
66 139
66 140
66 141
66 144
66 153
66 157
66 159
66 160
66 161
67 68
67 70
67 83
67 86
67 87
67 88
67 89
67 91
67 94
67 100
67 102
67 103
67 104
67 108
67 109
67 112
67 113
67 117
67 125
67 126
67 129
67 142
67 151
67 154
67 161
68 69
68 70
68 71
68 74
68 77
68 80
68 82
68 84
68 85
68 91
68 97
68 105
68 107
68 111
68 116
68 118
68 120
68 127
68 131
68 142
68 146
68 149
68 152
68 160
69 71
69 72
69 73
69 74
69 75
69 76
69 79
69 83
69 84
69 85
69 89
69 94
69 103
69 106
69 107
69 108
69 109
69 113
69 114
69 115
69 125
69 131
69 139
69 141
69 142
69 147
69 149
69 152
69 153
69 157
70 71
70 72
70 74
70 75
70 76
70 77
70 80
70 83
70 84
70 87
70 89
70 91
70 93
70 102
70 103
70 104
70 105
70 107
70 108
70 112
70 113
70 115
70 120
70 122
70 125
70 127
70 130
70 131
70 133
70 135
70 136
70 137
70 143
70 144
70 145
70 146
70 152
70 157
70 158
70 160
71 73
71 74
71 75
71 76
71 81
71 97
71 100
71 106
71 108
71 110
71 113
71 117
71 129
71 138
71 141
71 142
71 145
71 151
71 154
71 156
71 159
71 160
72 73
72 82
72 84
72 87
72 88
72 89
72 94
72 99
72 102
72 104
72 106
72 108
72 115
72 118
72 119
72 125
72 128
72 131
72 132
72 133
72 142
72 145
72 156
72 157
72 158
73 80
73 82
73 83
73 84
73 87
73 93
73 95
73 96
73 102
73 108
73 109
73 112
73 113
73 117
73 119
73 124
73 125
73 131
73 133
73 134
73 151
73 152
73 157
74 86
74 87
74 89
74 90
74 92
74 96
74 99
74 114
74 121
74 127
74 134
74 135
74 141
74 143
74 146
74 154
74 156
74 158
74 159
74 160
74 161
75 77
75 83
75 87
75 100
75 107
75 108
75 109
75 114
75 118
75 121
75 144
75 145
75 149
75 152
75 154
75 157
75 158
75 159
75 160
75 161
76 93
76 113
76 139
76 146
76 151
76 159
76 161
77 79
77 80
77 84
77 87
77 89
77 93
77 97
77 99
77 103
77 106
77 108
77 109
77 114
77 116
77 118
77 119
77 131
77 132
77 133
77 134
77 138
77 140
77 141
77 143
77 146
77 149
77 154
77 159
77 160
78 88
78 137
78 149
79 88
79 89
79 90
79 97
79 98
79 100
79 104
79 106
79 107
79 108
79 109
79 110
79 111
79 114
79 115
79 125
79 129
79 137
79 143
79 147
79 150
79 152
79 154
79 158
79 159
79 161
80 82
80 89
80 92
80 93
80 98
80 99
80 101
80 102
80 103
80 105
80 111
80 114
80 117
80 121
80 127
80 131
80 132
80 134
80 137
80 139
80 141
80 147
80 153
80 159
81 94
81 97
81 117
81 135
81 146
81 147
81 148
81 151
81 154
82 84
82 88
82 94
82 102
82 133
82 134
82 138
82 157
82 160
82 161
83 111
83 114
83 126
83 134
84 85
84 87
84 88
84 89
84 91
84 94
84 99
84 102
84 106
84 108
84 112
84 113
84 114
84 120
84 121
84 123
84 135
84 137
84 140
84 157
84 159
84 161
85 98
85 99
85 111
85 113
85 116
85 125
85 126
85 128
85 129
85 137
85 138
85 145
85 156
85 157
86 92
86 109
86 113
86 114
86 135
86 142
87 111
87 113
87 117
87 118
87 133
87 134
87 136
87 138
87 143
87 145
87 154
87 157
87 158
88 94
88 97
88 99
88 101
88 106
88 125
88 135
88 138
88 154
88 157
89 93
89 96
89 99
89 104
89 106
89 108
89 109
89 110
89 118
89 120
89 123
89 124
89 125
89 126
89 133
89 135
89 137
89 142
89 144
89 145
89 146
89 150
89 152
89 153
89 154
90 96
90 97
90 100
90 109
90 114
90 116
90 118
90 128
90 135
90 146
90 152
90 156
90 159
91 98
91 103
91 108
91 109
91 112
91 113
91 114
91 116
91 117
91 120
91 126
91 132
91 133
91 135
91 152
91 159
92 93
92 97
92 99
92 110
92 121
92 129
92 131
92 139
92 142
92 154
93 97
93 103
93 104
93 107
93 108
93 110
93 125
93 127
93 139
93 142
93 145
93 153
94 97
94 102
94 107
94 112
94 113
94 117
94 118
94 120
94 132
94 133
94 136
94 137
94 138
94 142
94 145
94 146
94 149
94 151
94 153
94 158
94 161
95 104
95 109
95 115
95 126
95 143
95 147
95 152
96 109
96 128
96 132
96 134
96 147
96 152
96 154
96 160
97 98
97 101
97 107
97 108
97 115
97 117
97 123
97 130
97 135
97 137
97 138
97 140
97 145
97 152
97 154
97 155
97 158
97 161
98 101
98 109
98 119
98 126
98 129
98 132
98 135
98 141
98 145
98 149
98 156
99 101
99 102
99 105
99 109
99 111
99 112
99 114
99 115
99 118
99 121
99 123
99 129
99 133
99 135
99 140
99 146
99 151
99 154
99 158
100 101
100 109
100 113
100 114
100 118
100 122
100 129
100 130
100 134
100 136
100 138
100 142
100 152
100 154
101 102
101 105
101 106
101 108
101 110
101 112
101 113
101 118
101 125
101 127
101 133
101 138
101 146
101 147
101 150
101 152
101 153
101 157
101 158
102 104
102 106
102 107
102 108
102 113
102 121
102 122
102 124
102 125
102 132
102 135
102 137
102 140
102 142
102 153
102 154
102 157
102 158
102 161
103 105
103 108
103 114
103 115
103 116
103 118
103 125
103 127
103 135
103 145
103 147
103 151
103 153
103 154
103 157
103 160
104 112
104 113
104 114
104 126
104 127
104 131
104 134
104 139
104 141
104 142
104 147
104 149
104 153
105 107
105 110
105 111
105 117
105 134
105 135
105 137
105 141
105 142
105 146
105 147
105 151
105 152
105 153
105 157
105 158
105 160
106 108
106 109
106 110
106 112
106 113
106 114
106 117
106 122
106 123
106 125
106 126
106 128
106 133
106 134
106 136
106 137
106 141
106 146
106 147
106 149
106 150
106 158
107 112
107 114
107 115
107 116
107 125
107 126
107 129
107 132
107 133
107 138
107 142
107 144
107 149
107 152
107 154
107 157
107 158
107 159
107 161
108 112
108 114
108 117
108 122
108 129
108 131
108 133
108 141
108 146
108 149
108 151
108 152
108 154
108 157
108 159
108 160
109 114
109 115
109 117
109 122
109 125
109 130
109 132
109 133
109 136
109 138
109 142
109 145
109 148
109 149
109 151
109 153
109 159
109 160
109 161
110 111
110 115
110 126
110 134
110 138
110 141
110 149
111 118
111 131
111 137
111 138
111 142
111 151
111 152
111 154
111 157
112 113
112 114
112 115
112 117
112 127
112 137
112 142
112 143
112 145
112 148
112 153
112 154
113 115
113 124
113 126
113 131
113 133
113 135
113 137
113 139
113 143
113 147
113 152
113 154
113 157
113 159
113 160
114 115
114 117
114 123
114 126
114 131
114 136
114 140
114 146
114 152
114 153
114 157
114 159
114 160
115 116
115 126
115 129
115 133
115 134
115 137
115 142
115 146
115 147
115 157
115 159
115 161
116 122
116 130
116 158
116 159
117 128
117 129
117 131
117 132
117 137
117 138
117 139
117 142
117 146
117 150
117 155
117 158
117 161
118 129
118 133
118 139
118 144
118 145
118 147
118 151
118 152
118 157
118 158
118 159
118 161
119 126
119 136
119 137
119 157
119 158
120 129
120 133
120 142
120 152
121 128
121 129
121 132
121 134
121 141
121 147
121 159
122 126
122 128
122 129
122 133
122 141
122 145
122 154
122 158
123 125
123 142
123 149
124 131
124 132
124 135
124 147
124 158
125 126
125 128
125 129
125 131
125 133
125 134
125 135
125 141
125 147
125 161
126 131
126 139
126 149
126 161
127 130
127 142
127 149
127 151
127 154
127 159
128 134
128 153
128 155
128 157
128 161
129 137
129 138
129 141
129 151
129 152
129 153
129 154
129 159
129 160
129 161
130 151
131 133
131 141
131 142
131 149
131 150
131 151
131 158
131 161
132 153
133 134
133 138
133 142
133 145
133 146
133 149
133 151
133 153
133 154
134 140
134 142
134 145
134 146
134 149
134 152
134 153
134 154
134 155
134 158
134 160
134 161
135 140
135 147
135 154
135 156
136 142
136 158
137 142
137 145
137 151
137 152
137 158
138 140
138 143
138 148
138 154
138 161
139 146
139 158
140 157
140 161
141 146
141 153
141 154
141 156
141 161
142 147
142 149
142 152
142 154
142 156
142 157
142 158
142 161
143 146
143 147
143 153
143 155
143 157
143 161
144 157
145 147
145 150
145 151
145 153
145 154
145 157
146 151
146 152
146 153
146 161
147 152
147 154
148 150
148 152
148 153
149 156
149 158
149 161
150 154
150 157
150 161
151 161
152 153
152 158
152 161
153 154
153 158
153 160
153 161
154 157
