0 1
0 4
0 6
0 7
0 9
0 10
0 11
0 13
0 16
0 18
0 19
0 25
0 26
0 30
0 31
0 32
0 33
0 36
0 37
0 39
0 40
0 43
0 44
0 45
0 47
0 49
0 53
0 55
0 56
0 61
0 63
0 64
0 67
0 69
0 70
0 72
0 74
0 75
0 76
0 77
0 78
0 79
0 81
0 84
0 89
0 90
0 91
0 94
0 95
0 97
0 98
0 102
0 105
0 106
0 107
0 109
0 113
0 114
0 126
0 129
0 130
0 131
0 133
0 136
0 137
0 138
0 139
0 140
0 141
0 146
0 147
0 149
0 150
0 151
0 153
0 157
0 158
0 160
0 161
1 2
1 3
1 7
1 13
1 14
1 15
1 19
1 22
1 24
1 31
1 32
1 34
1 35
1 37
1 40
1 44
1 45
1 49
1 52
1 53
1 54
1 58
1 63
1 64
1 65
1 66
1 67
1 69
1 71
1 72
1 74
1 75
1 77
1 79
1 81
1 84
1 88
1 89
1 90
1 91
1 93
1 97
1 99
1 100
1 103
1 105
1 106
1 108
1 109
1 111
1 112
1 114
1 115
1 116
1 117
1 120
1 127
1 129
1 131
1 133
1 134
1 135
1 139
1 141
1 145
1 147
1 148
1 149
1 151
1 154
1 158
2 4
2 6
2 7
2 11
2 13
2 14
2 16
2 20
2 25
2 26
2 30
2 38
2 40
2 43
2 44
2 45
2 50
2 51
2 55
2 56
2 58
2 59
2 64
2 69
2 71
2 72
2 74
2 88
2 89
2 94
2 99
2 101
2 102
2 105
2 106
2 108
2 109
2 110
2 113
2 115
2 125
2 129
2 131
2 134
2 141
2 142
2 143
2 145
2 146
2 147
2 150
2 152
2 158
2 159
3 4
3 8
3 11
3 12
3 17
3 21
3 25
3 28
3 29
3 30
3 31
3 32
3 36
3 39
3 40
3 41
3 44
3 45
3 49
3 51
3 54
3 56
3 63
3 69
3 70
3 71
3 72
3 73
3 77
3 79
3 80
3 81
3 83
3 84
3 88
3 89
3 94
3 97
3 98
3 101
3 102
3 104
3 105
3 106
3 108
3 112
3 113
3 117
3 118
3 121
3 122
3 133
3 135
3 137
3 138
3 142
3 144
3 146
3 147
3 150
3 158
4 6
4 7
4 8
4 9
4 11
4 13
4 15
4 16
4 18
4 19
4 20
4 26
4 27
4 30
4 31
4 32
4 34
4 36
4 37
4 38
4 40
4 42
4 43
4 44
4 45
4 48
4 49
4 50
4 51
4 52
4 53
4 54
4 55
4 56
4 58
4 59
4 61
4 63
4 65
4 66
4 67
4 68
4 69
4 71
4 72
4 73
4 74
4 75
4 77
4 79
4 81
4 82
4 83
4 84
4 85
4 86
4 87
4 88
4 89
4 91
4 92
4 93
4 94
4 95
4 96
4 97
4 98
4 99
4 101
4 102
4 103
4 104
4 105
4 106
4 108
4 109
4 110
4 111
4 113
4 114
4 115
4 116
4 117
4 118
4 120
4 121
4 124
4 125
4 126
4 127
4 128
4 129
4 130
4 131
4 134
4 135
4 136
4 137
4 138
4 139
4 140
4 141
4 142
4 144
4 146
4 147
4 148
4 149
4 150
4 151
4 152
4 153
4 155
4 157
4 158
4 160
4 161
5 6
5 8
5 10
5 14
5 18
5 20
5 21
5 25
5 31
5 36
5 38
5 40
5 44
5 45
5 52
5 54
5 56
5 61
5 62
5 64
5 67
5 69
5 70
5 71
5 73
5 74
5 75
5 77
5 79
5 87
5 89
5 93
5 97
5 100
5 102
5 105
5 107
5 108
5 109
5 112
5 114
5 118
5 125
5 129
5 130
5 131
5 133
5 135
5 136
5 137
5 142
5 146
5 151
5 154
5 157
5 158
6 8
6 9
6 11
6 12
6 13
6 14
6 15
6 16
6 18
6 21
6 22
6 24
6 25
6 26
6 28
6 29
6 30
6 31
6 33
6 34
6 35
6 36
6 37
6 38
6 40
6 42
6 43
6 44
6 45
6 49
6 50
6 51
6 52
6 54
6 56
6 58
6 59
6 61
6 62
6 63
6 64
6 65
6 66
6 67
6 68
6 69
6 70
6 71
6 72
6 73
6 75
6 76
6 77
6 79
6 80
6 82
6 83
6 85
6 86
6 88
6 89
6 91
6 92
6 93
6 94
6 95
6 98
6 99
6 100
6 101
6 102
6 103
6 105
6 106
6 108
6 109
6 111
6 112
6 113
6 114
6 115
6 116
6 117
6 118
6 121
6 124
6 125
6 126
6 127
6 129
6 130
6 131
6 133
6 134
6 136
6 137
6 138
6 140
6 141
6 142
6 144
6 145
6 146
6 147
6 148
6 149
6 150
6 151
6 152
6 153
6 154
6 155
6 156
6 158
6 160
6 161
7 9
7 10
7 11
7 12
7 14
7 15
7 16
7 18
7 19
7 21
7 22
7 23
7 25
7 26
7 30
7 31
7 32
7 34
7 35
7 36
7 38
7 39
7 40
7 41
7 42
7 45
7 46
7 48
7 49
7 50
7 51
7 52
7 53
7 54
7 55
7 56
7 58
7 59
7 60
7 61
7 62
7 63
7 64
7 66
7 68
7 69
7 70
7 71
7 72
7 73
7 74
7 76
7 77
7 80
7 83
7 84
7 86
7 87
7 91
7 93
7 94
7 96
7 98
7 99
7 100
7 101
7 102
7 104
7 105
7 106
7 107
7 108
7 109
7 111
7 112
7 113
7 114
7 115
7 116
7 117
7 118
7 119
7 120
7 125
7 126
7 127
7 129
7 130
7 131
7 132
7 133
7 134
7 135
7 137
7 138
7 141
7 142
7 143
7 145
7 146
7 147
7 150
7 151
7 152
7 153
7 154
7 157
7 158
7 159
8 10
8 12
8 14
8 26
8 29
8 32
8 42
8 43
8 51
8 54
8 55
8 63
8 64
8 65
8 66
8 68
8 74
8 76
8 79
8 80
8 87
8 88
8 89
8 91
8 94
8 98
8 101
8 104
8 105
8 106
8 108
8 109
8 112
8 113
8 117
8 118
8 120
8 130
8 134
8 140
8 142
8 147
8 148
8 157
8 158
9 10
9 11
9 13
9 19
9 20
9 21
9 25
9 26
9 30
9 31
9 32
9 33
9 35
9 36
9 38
9 39
9 40
9 41
9 42
9 43
9 44
9 50
9 51
9 52
9 53
9 54
9 55
9 56
9 57
9 58
9 60
9 62
9 63
9 64
9 65
9 69
9 70
9 71
9 72
9 73
9 74
9 75
9 77
9 80
9 85
9 86
9 87
9 89
9 91
9 92
9 94
9 95
9 99
9 100
9 102
9 103
9 105
9 106
9 108
9 109
9 111
9 113
9 114
9 115
9 117
9 118
9 125
9 126
9 129
9 131
9 132
9 133
9 134
9 138
9 139
9 140
9 143
9 145
9 146
9 147
9 150
9 151
9 152
9 154
9 157
9 158
9 159
9 161
10 11
10 12
10 14
10 16
10 17
10 18
10 19
10 22
10 23
10 24
10 25
10 26
10 29
10 31
10 32
10 38
10 40
10 43
10 44
10 49
10 51
10 53
10 54
10 55
10 57
10 58
10 59
10 61
10 62
10 64
10 65
10 66
10 68
10 69
10 70
10 72
10 73
10 74
10 77
10 79
10 80
10 81
10 85
10 88
10 89
10 90
10 91
10 92
10 94
10 95
10 96
10 97
10 98
10 101
10 102
10 106
10 108
10 112
10 114
10 115
10 117
10 118
10 121
10 123
10 127
10 129
10 133
10 134
10 137
10 138
10 141
10 142
10 143
10 144
10 147
10 150
10 152
10 153
10 154
10 155
10 160
10 161
11 14
11 16
11 18
11 19
11 21
11 24
11 25
11 26
11 30
11 31
11 35
11 37
11 39
11 40
11 41
11 42
11 43
11 44
11 45
11 46
11 47
11 49
11 51
11 52
11 53
11 54
11 55
11 56
11 58
11 59
11 61
11 63
11 64
11 65
11 66
11 67
11 68
11 72
11 74
11 77
11 79
11 82
11 83
11 84
11 85
11 87
11 89
11 92
11 93
11 94
11 95
11 96
11 97
11 99
11 100
11 101
11 102
11 103
11 106
11 107
11 108
11 109
11 111
11 112
11 113
11 114
11 115
11 116
11 117
11 122
11 125
11 127
11 128
11 129
11 130
11 131
11 133
11 134
11 135
11 138
11 139
11 141
11 142
11 143
11 146
11 147
11 148
11 149
11 151
11 154
11 155
11 158
11 160
11 161
12 14
12 19
12 21
12 24
12 25
12 26
12 32
12 33
12 36
12 38
12 40
12 43
12 45
12 48
12 49
12 51
12 56
12 58
12 67
12 69
12 71
12 72
12 73
12 74
12 75
12 76
12 77
12 79
12 80
12 84
12 89
12 91
12 94
12 95
12 97
12 98
12 101
12 102
12 106
12 109
12 111
12 114
12 115
12 118
12 119
12 125
12 126
12 128
12 133
12 134
12 135
12 140
12 142
12 147
12 148
12 150
12 151
12 154
12 157
12 158
12 161
13 14
13 19
13 21
13 23
13 25
13 26
13 28
13 29
13 30
13 32
13 33
13 35
13 38
13 39
13 40
13 42
13 43
13 45
13 47
13 50
13 53
13 54
13 55
13 57
13 60
13 62
13 64
13 66
13 67
13 68
13 70
13 71
13 72
13 74
13 79
13 83
13 85
13 87
13 88
13 89
13 91
13 92
13 93
13 94
13 97
13 101
13 102
13 105
13 106
13 108
13 111
13 114
13 115
13 117
13 118
13 119
13 125
13 129
13 130
13 131
13 133
13 138
13 139
13 141
13 142
13 143
13 147
13 148
13 149
13 150
13 151
13 154
13 158
13 160
14 15
14 16
14 18
14 19
14 21
14 22
14 30
14 31
14 35
14 36
14 38
14 39
14 40
14 41
14 42
14 44
14 45
14 47
14 48
14 49
14 50
14 51
14 52
14 53
14 54
14 55
14 56
14 57
14 58
14 59
14 61
14 62
14 63
14 64
14 66
14 67
14 68
14 69
14 70
14 71
14 72
14 73
14 74
14 76
14 77
14 79
14 80
14 81
14 82
14 83
14 84
14 85
14 86
14 87
14 88
14 89
14 91
14 92
14 94
14 95
14 96
14 97
14 101
14 102
14 105
14 106
14 108
14 109
14 110
14 111
14 112
14 113
14 114
14 115
14 117
14 118
14 120
14 121
14 124
14 125
14 127
14 128
14 129
14 131
14 133
14 134
14 135
14 136
14 137
14 138
14 141
14 142
14 145
14 146
14 147
14 149
14 150
14 151
14 152
14 153
14 154
14 155
14 157
14 158
14 159
14 160
14 161
15 16
15 19
15 23
15 26
15 27
15 31
15 32
15 35
15 36
15 38
15 40
15 42
15 45
15 48
15 49
15 50
15 52
15 54
15 57
15 65
15 67
15 68
15 69
15 70
15 72
15 73
15 75
15 76
15 79
15 80
15 84
15 89
15 91
15 92
15 94
15 95
15 97
15 102
15 106
15 108
15 109
15 111
15 112
15 113
15 114
15 115
15 117
15 118
15 124
15 129
15 131
15 133
15 134
15 135
15 137
15 139
15 141
15 142
15 148
15 150
15 151
15 152
15 154
15 158
16 19
16 21
16 22
16 25
16 26
16 28
16 29
16 30
16 32
16 36
16 38
16 39
16 42
16 43
16 49
16 50
16 51
16 54
16 56
16 63
16 64
16 65
16 66
16 67
16 68
16 69
16 70
16 72
16 73
16 74
16 79
16 87
16 92
16 94
16 95
16 97
16 101
16 103
16 115
16 117
16 118
16 123
16 127
16 128
16 129
16 130
16 131
16 133
16 134
16 136
16 137
16 138
16 139
16 140
16 142
16 146
16 148
16 152
16 154
16 159
17 19
17 21
17 34
17 38
17 45
17 50
17 51
17 56
17 59
17 63
17 67
17 72
17 89
17 93
17 94
17 99
17 101
17 103
17 105
17 107
17 118
17 134
17 137
17 138
17 139
17 152
17 160
18 19
18 21
18 23
18 24
18 25
18 31
18 32
18 33
18 34
18 39
18 40
18 44
18 49
18 51
18 52
18 54
18 55
18 56
18 59
18 63
18 64
18 65
18 66
18 67
18 68
18 69
18 70
18 71
18 72
18 74
18 75
18 77
18 81
18 83
18 84
18 89
18 91
18 97
18 98
18 102
18 106
18 112
18 116
18 117
18 119
18 122
18 128
18 129
18 133
18 138
18 139
18 146
18 147
18 148
18 149
18 151
18 152
18 153
18 154
18 158
19 20
19 21
19 23
19 24
19 25
19 26
19 27
19 29
19 32
19 35
19 36
19 37
19 39
19 40
19 41
19 42
19 43
19 44
19 45
19 46
19 47
19 48
19 49
19 50
19 51
19 54
19 55
19 56
19 57
19 59
19 60
19 62
19 64
19 65
19 66
19 67
19 68
19 69
19 70
19 71
19 72
19 73
19 74
19 75
19 76
19 77
19 79
19 80
19 82
19 83
19 84
19 85
19 87
19 88
19 89
19 93
19 95
19 96
19 97
19 98
19 99
19 100
19 101
19 102
19 103
19 105
19 106
19 107
19 108
19 109
19 110
19 111
19 112
19 113
19 114
19 115
19 116
19 117
19 118
19 119
19 120
19 125
19 126
19 127
19 129
19 130
19 133
19 134
19 135
19 136
19 137
19 138
19 140
19 141
19 142
19 143
19 145
19 146
19 147
19 148
19 149
19 150
19 151
19 152
19 154
19 155
19 156
19 157
19 158
19 159
19 160
19 161
20 22
20 24
20 26
20 30
20 31
20 32
20 33
20 41
20 47
20 49
20 50
20 51
20 52
20 53
20 55
20 61
20 64
20 67
20 69
20 70
20 71
20 72
20 74
20 75
20 77
20 79
20 86
20 88
20 89
20 95
20 97
20 99
20 102
20 108
20 110
20 112
20 113
20 115
20 118
20 121
20 124
20 129
20 130
20 131
20 137
20 138
20 142
20 145
20 146
20 151
20 152
20 154
20 158
20 161
21 22
21 24
21 25
21 26
21 28
21 29
21 30
21 31
21 32
21 34
21 35
21 36
21 37
21 38
21 39
21 40
21 42
21 43
21 44
21 45
21 51
21 52
21 53
21 54
21 55
21 56
21 58
21 61
21 62
21 64
21 65
21 66
21 67
21 68
21 69
21 72
21 73
21 74
21 75
21 76
21 79
21 84
21 85
21 86
21 88
21 89
21 90
21 91
21 92
21 93
21 96
21 97
21 99
21 100
21 101
21 102
21 103
21 104
21 105
21 106
21 107
21 109
21 110
21 111
21 112
21 113
21 114
21 115
21 116
21 117
21 118
21 120
21 125
21 126
21 127
21 131
21 133
21 134
21 136
21 137
21 138
21 139
21 140
21 142
21 144
21 145
21 146
21 147
21 150
21 152
21 153
21 154
21 155
21 157
21 158
21 159
21 160
21 161
22 25
22 26
22 32
22 37
22 38
22 39
22 43
22 44
22 45
22 54
22 55
22 56
22 58
22 64
22 65
22 66
22 67
22 68
22 70
22 72
22 74
22 84
22 89
22 91
22 97
22 99
22 101
22 102
22 106
22 108
22 109
22 112
22 114
22 115
22 117
22 126
22 129
22 131
22 133
22 134
22 139
22 141
22 142
22 145
22 150
22 157
22 159
23 27
23 30
23 40
23 41
23 48
23 62
23 64
23 67
23 68
23 70
23 71
23 72
23 74
23 89
23 91
23 92
23 93
23 109
23 112
23 113
23 114
23 118
23 131
23 138
23 145
23 151
23 154
23 157
24 26
24 28
24 30
24 31
24 39
24 40
24 41
24 46
24 49
24 51
24 52
24 58
24 60
24 63
24 66
24 67
24 70
24 71
24 72
24 82
24 83
24 84
24 87
24 89
24 91
24 97
24 98
24 101
24 102
24 103
24 105
24 108
24 109
24 111
24 112
24 113
24 114
24 115
24 116
24 117
24 118
24 125
24 127
24 129
24 131
24 135
24 136
24 137
24 139
24 142
24 143
24 145
24 146
24 147
24 149
24 150
24 151
24 152
24 153
24 154
24 158
24 161
25 26
25 27
25 30
25 31
25 32
25 37
25 40
25 42
25 43
25 45
25 47
25 48
25 51
25 54
25 55
25 57
25 59
25 61
25 63
25 65
25 66
25 67
25 68
25 69
25 70
25 71
25 72
25 73
25 74
25 75
25 77
25 79
25 80
25 87
25 88
25 89
25 93
25 94
25 95
25 98
25 99
25 100
25 101
25 103
25 104
25 106
25 109
25 111
25 112
25 114
25 115
25 116
25 117
25 123
25 125
25 131
25 132
25 133
25 134
25 137
25 138
25 139
25 141
25 146
25 147
25 148
25 149
25 150
25 152
25 154
25 155
25 157
25 158
25 159
25 161
26 27
26 30
26 31
26 32
26 33
26 34
26 35
26 36
26 37
26 38
26 39
26 41
26 42
26 43
26 44
26 46
26 48
26 49
26 50
26 51
26 52
26 54
26 55
26 61
26 62
26 63
26 64
26 65
26 66
26 67
26 68
26 69
26 71
26 72
26 74
26 75
26 77
26 79
26 83
26 84
26 86
26 87
26 88
26 89
26 90
26 93
26 94
26 95
26 98
26 99
26 100
26 101
26 102
26 103
26 105
26 106
26 107
26 108
26 109
26 110
26 111
26 112
26 113
26 114
26 115
26 116
26 117
26 118
26 119
26 121
26 125
26 127
26 129
26 130
26 131
26 132
26 133
26 134
26 135
26 137
26 138
26 141
26 142
26 143
26 145
26 146
26 147
26 148
26 149
26 150
26 151
26 152
26 153
26 154
26 155
26 157
26 158
26 160
26 161
27 31
27 38
27 49
27 51
27 52
27 54
27 56
27 64
27 67
27 68
27 69
27 72
27 74
27 76
27 79
27 92
27 101
27 102
27 105
27 108
27 112
27 113
27 116
27 118
27 125
27 129
27 130
27 138
27 147
27 150
27 153
27 154
27 161
28 30
28 31
28 34
28 40
28 45
28 49
28 50
28 51
28 52
28 54
28 56
28 58
28 60
28 66
28 67
28 69
28 70
28 72
28 74
28 75
28 84
28 88
28 89
28 91
28 95
28 101
28 102
28 105
28 106
28 108
28 109
28 111
28 115
28 121
28 129
28 130
28 134
28 137
28 138
28 142
28 143
28 147
28 148
28 152
28 154
28 157
28 158
28 159
28 160
29 32
29 35
29 39
29 44
29 51
29 54
29 70
29 73
29 74
29 89
29 91
29 92
29 94
29 96
29 99
29 100
29 104
29 109
29 112
29 114
29 117
29 118
29 125
29 129
29 130
29 131
29 141
29 142
29 143
29 145
29 149
29 151
29 152
29 161
30 31
30 32
30 35
30 36
30 37
30 38
30 40
30 43
30 44
30 48
30 50
30 51
30 53
30 54
30 55
30 58
30 59
30 61
30 64
30 65
30 67
30 68
30 69
30 70
30 71
30 72
30 74
30 75
30 76
30 77
30 79
30 82
30 83
30 84
30 87
30 88
30 89
30 92
30 93
30 94
30 97
30 99
30 101
30 103
30 104
30 105
30 106
30 108
30 109
30 111
30 112
30 113
30 114
30 115
30 117
30 118
30 120
30 122
30 123
30 125
30 126
30 128
30 130
30 131
30 133
30 135
30 136
30 137
30 138
30 142
30 143
30 144
30 145
30 146
30 147
30 148
30 149
30 150
30 151
30 152
30 154
30 157
30 158
30 159
30 160
30 161
31 32
31 33
31 34
31 35
31 36
31 38
31 39
31 40
31 41
31 42
31 44
31 45
31 46
31 48
31 49
31 50
31 51
31 52
31 54
31 55
31 56
31 57
31 58
31 59
31 60
31 61
31 64
31 65
31 66
31 67
31 68
31 69
31 70
31 71
31 72
31 73
31 74
31 76
31 79
31 80
31 81
31 84
31 87
31 88
31 89
31 90
31 92
31 94
31 97
31 100
31 101
31 102
31 103
31 105
31 106
31 107
31 108
31 109
31 111
31 112
31 113
31 114
31 115
31 116
31 117
31 118
31 119
31 121
31 125
31 127
31 128
31 129
31 130
31 131
31 133
31 134
31 135
31 136
31 137
31 138
31 139
31 140
31 141
31 142
31 144
31 145
31 146
31 147
31 148
31 149
31 150
31 151
31 152
31 154
31 155
31 157
31 158
31 160
32 34
32 36
32 37
32 39
32 40
32 43
32 45
32 46
32 47
32 48
32 49
32 51
32 53
32 54
32 55
32 56
32 57
32 58
32 59
32 60
32 62
32 63
32 64
32 65
32 66
32 67
32 68
32 69
32 70
32 71
32 72
32 73
32 74
32 75
32 76
32 77
32 80
32 81
32 84
32 85
32 87
32 89
32 90
32 92
32 93
32 94
32 97
32 98
32 99
32 101
32 102
32 103
32 105
32 108
32 109
32 110
32 112
32 113
32 114
32 115
32 117
32 118
32 120
32 121
32 123
32 124
32 125
32 126
32 127
32 130
32 131
32 133
32 134
32 135
32 137
32 138
32 139
32 142
32 143
32 145
32 146
32 147
32 148
32 149
32 150
32 151
32 152
32 154
32 156
32 157
32 158
32 160
32 161
33 34
33 38
33 51
33 64
33 66
33 67
33 68
33 70
33 73
33 89
33 93
33 101
33 102
33 103
33 111
33 112
33 118
33 126
33 127
33 138
33 139
33 140
33 142
33 143
33 150
33 152
34 35
34 36
34 40
34 43
34 44
34 45
34 48
34 49
34 51
34 55
34 56
34 61
34 62
34 63
34 64
34 65
34 66
34 67
34 68
34 69
34 70
34 73
34 74
34 76
34 83
34 84
34 86
34 87
34 88
34 89
34 90
34 91
34 92
34 93
34 97
34 99
34 101
34 105
34 106
34 108
34 112
34 115
34 116
34 118
34 119
34 125
34 126
34 129
34 130
34 133
34 134
34 137
34 138
34 139
34 141
34 143
34 146
34 147
34 150
34 151
34 152
34 154
34 157
34 161
35 36
35 37
35 38
35 40
35 43
35 44
35 45
35 46
35 49
35 50
35 51
35 52
35 54
35 55
35 58
35 59
35 61
35 63
35 64
35 67
35 69
35 70
35 71
35 72
35 74
35 75
35 78
35 79
35 80
35 82
35 85
35 87
35 89
35 94
35 95
35 97
35 98
35 99
35 100
35 101
35 103
35 106
35 107
35 108
35 109
35 112
35 113
35 114
35 116
35 117
35 118
35 120
35 125
35 126
35 133
35 134
35 136
35 137
35 138
35 139
35 140
35 141
35 142
35 143
35 147
35 148
35 152
35 153
35 154
35 157
35 158
35 159
35 160
35 161
36 37
36 38
36 39
36 43
36 44
36 45
36 46
36 48
36 49
36 50
36 51
36 52
36 56
36 57
36 58
36 59
36 61
36 63
36 64
36 65
36 66
36 67
36 68
36 69
36 70
36 71
36 72
36 74
36 75
36 77
36 80
36 82
36 83
36 86
36 89
36 90
36 91
36 92
36 93
36 94
36 95
36 97
36 99
36 100
36 101
36 106
36 111
36 113
36 116
36 117
36 118
36 119
36 124
36 125
36 130
36 131
36 133
36 135
36 137
36 138
36 139
36 141
36 142
36 143
36 145
36 146
36 149
36 150
36 152
36 154
36 157
36 158
36 160
36 161
37 38
37 40
37 42
37 44
37 45
37 46
37 49
37 55
37 56
37 58
37 61
37 62
37 63
37 64
37 65
37 66
37 67
37 68
37 70
37 73
37 74
37 75
37 76
37 79
37 86
37 88
37 89
37 94
37 95
37 96
37 98
37 99
37 100
37 101
37 102
37 104
37 108
37 109
37 111
37 112
37 113
37 114
37 115
37 118
37 125
37 128
37 129
37 130
37 131
37 132
37 133
37 134
37 135
37 136
37 139
37 140
37 142
37 146
37 147
37 148
37 149
37 151
37 152
37 154
37 157
37 160
38 39
38 41
38 42
38 43
38 44
38 45
38 46
38 47
38 49
38 51
38 52
38 53
38 54
38 55
38 56
38 57
38 58
38 59
38 61
38 62
38 63
38 64
38 65
38 66
38 67
38 68
38 69
38 70
38 71
38 72
38 73
38 74
38 75
38 76
38 77
38 78
38 79
38 80
38 82
38 83
38 84
38 86
38 87
38 88
38 89
38 91
38 92
38 93
38 94
38 95
38 99
38 100
38 101
38 102
38 104
38 105
38 106
38 107
38 108
38 109
38 110
38 111
38 112
38 113
38 114
38 115
38 116
38 117
38 118
38 121
38 122
38 125
38 126
38 128
38 129
38 130
38 131
38 133
38 134
38 135
38 136
38 137
38 138
38 139
38 140
38 142
38 145
38 146
38 147
38 148
38 150
38 151
38 153
38 155
38 158
38 161
39 41
39 44
39 47
39 48
39 51
39 52
39 54
39 64
39 67
39 70
39 71
39 74
39 75
39 76
39 77
39 79
39 82
39 83
39 84
39 91
39 92
39 93
39 94
39 100
39 105
39 106
39 113
39 114
39 116
39 117
39 121
39 125
39 126
39 129
39 130
39 131
39 134
39 137
39 141
39 142
39 145
39 146
39 150
39 151
39 152
39 153
39 154
40 41
40 43
40 44
40 45
40 46
40 49
40 50
40 51
40 52
40 54
40 56
40 57
40 58
40 59
40 60
40 61
40 62
40 63
40 65
40 66
40 67
40 68
40 69
40 70
40 71
40 72
40 73
40 74
40 75
40 76
40 77
40 78
40 79
40 83
40 84
40 85
40 87
40 89
40 90
40 91
40 92
40 94
40 96
40 97
40 98
40 99
40 101
40 102
40 105
40 106
40 108
40 109
40 111
40 112
40 114
40 115
40 117
40 118
40 119
40 122
40 126
40 128
40 129
40 130
40 131
40 132
40 133
40 134
40 135
40 136
40 137
40 138
40 139
40 140
40 141
40 142
40 143
40 145
40 146
40 147
40 148
40 150
40 151
40 152
40 153
40 154
40 157
40 158
40 159
40 161
41 54
41 67
41 70
41 71
41 72
41 83
41 88
41 89
41 99
41 102
41 106
41 108
41 117
41 118
41 128
41 129
41 133
41 136
41 137
41 138
41 145
41 148
41 152
41 153
41 158
41 160
41 161
42 44
42 45
42 47
42 49
42 56
42 58
42 59
42 63
42 65
42 68
42 70
42 71
42 72
42 73
42 74
42 75
42 79
42 82
42 89
42 90
42 91
42 93
42 94
42 97
42 100
42 102
42 104
42 106
42 108
42 109
42 112
42 113
42 114
42 117
42 129
42 131
42 132
42 133
42 137
42 138
42 147
42 149
42 150
42 152
42 153
42 154
42 155
42 157
43 44
43 45
43 46
43 49
43 51
43 52
43 54
43 55
43 56
43 59
43 61
43 63
43 67
43 68
43 69
43 71
43 72
43 73
43 75
43 76
43 77
43 79
43 80
43 83
43 84
43 86
43 87
43 89
43 91
43 93
43 94
43 101
43 102
43 103
43 105
43 106
43 107
43 109
43 111
43 112
43 113
43 115
43 116
43 117
43 118
43 120
43 125
43 126
43 128
43 129
43 130
43 132
43 133
43 134
43 136
43 137
43 138
43 142
43 143
43 147
43 148
43 150
43 151
43 152
43 154
43 155
43 157
43 158
44 45
44 46
44 49
44 50
44 51
44 52
44 54
44 55
44 56
44 58
44 60
44 61
44 62
44 63
44 64
44 67
44 70
44 71
44 74
44 75
44 76
44 77
44 79
44 80
44 81
44 86
44 91
44 92
44 93
44 94
44 95
44 97
44 98
44 101
44 102
44 103
44 105
44 106
44 107
44 108
44 109
44 111
44 112
44 113
44 116
44 118
44 119
44 121
44 125
44 127
44 129
44 130
44 131
44 133
44 134
44 135
44 136
44 137
44 138
44 139
44 140
44 141
44 142
44 143
44 145
44 146
44 147
44 150
44 152
44 153
44 154
44 155
44 158
45 49
45 51
45 52
45 53
45 54
45 55
45 56
45 58
45 59
45 61
45 63
45 64
45 65
45 66
45 68
45 69
45 70
45 71
45 72
45 73
45 74
45 75
45 76
45 77
45 80
45 84
45 86
45 87
45 88
45 89
45 91
45 92
45 94
45 95
45 100
45 101
45 102
45 103
45 105
45 106
45 107
45 108
45 109
45 110
45 111
45 112
45 113
45 114
45 115
45 116
45 117
45 119
45 120
45 121
45 123
45 129
45 130
45 131
45 133
45 134
45 135
45 136
45 137
45 138
45 141
45 142
45 143
45 145
45 148
45 150
45 151
45 152
45 153
45 154
45 155
45 157
45 161
46 50
46 52
46 54
46 55
46 57
46 58
46 63
46 64
46 65
46 67
46 68
46 69
46 70
46 71
46 72
46 74
46 75
46 76
46 77
46 79
46 80
46 84
46 86
46 89
46 92
46 94
46 97
46 98
46 101
46 102
46 104
46 106
46 107
46 110
46 114
46 117
46 125
46 129
46 131
46 133
46 137
46 138
46 139
46 141
46 142
46 144
46 147
46 151
46 152
46 154
46 155
46 157
46 158
46 159
47 49
47 50
47 64
47 65
47 68
47 69
47 77
47 93
47 101
47 103
47 106
47 108
47 109
47 138
47 142
47 147
47 151
47 157
48 52
48 65
48 66
48 67
48 68
48 69
48 72
48 74
48 75
48 76
48 83
48 100
48 103
48 104
48 108
48 112
48 117
48 118
48 125
48 127
48 133
48 140
48 141
48 142
48 145
48 146
48 154
48 158
49 51
49 52
49 53
49 54
49 55
49 56
49 57
49 58
49 59
49 62
49 63
49 64
49 65
49 66
49 67
49 68
49 69
49 70
49 72
49 73
49 74
49 75
49 77
49 79
49 80
49 81
49 83
49 85
49 86
49 88
49 89
49 90
49 91
49 92
49 94
49 95
49 96
49 97
49 98
49 99
49 100
49 101
49 103
49 105
49 106
49 107
49 108
49 109
49 110
49 112
49 113
49 115
49 117
49 118
49 120
49 122
49 123
49 124
49 125
49 126
49 129
49 130
49 131
49 133
49 134
49 135
49 137
49 138
49 139
49 140
49 142
49 144
49 145
49 147
49 148
49 149
49 150
49 151
49 152
49 154
49 157
49 158
49 159
49 160
49 161
50 52
50 54
50 58
50 63
50 65
50 68
50 70
50 72
50 75
50 79
50 81
50 82
50 85
50 87
50 88
50 89
50 91
50 92
50 94
50 95
50 97
50 98
50 99
50 100
50 101
50 102
50 103
50 105
50 106
50 107
50 108
50 112
50 113
50 114
50 115
50 117
50 118
50 124
50 125
50 127
50 129
50 132
50 133
50 134
50 136
50 137
50 139
50 141
50 142
50 147
50 148
50 151
50 152
50 153
50 154
50 155
50 161
51 53
51 54
51 55
51 56
51 59
51 61
51 63
51 64
51 65
51 66
51 67
51 68
51 69
51 70
51 71
51 72
51 73
51 74
51 75
51 76
51 77
51 78
51 79
51 81
51 83
51 84
51 86
51 87
51 89
51 91
51 93
51 94
51 95
51 97
51 99
51 100
51 101
51 102
51 103
51 105
51 106
51 107
51 108
51 109
51 110
51 111
51 112
51 113
51 114
51 115
51 116
51 117
51 118
51 119
51 120
51 122
51 123
51 126
51 128
51 129
51 130
51 131
51 133
51 134
51 135
51 136
51 137
51 138
51 139
51 140
51 141
51 142
51 143
51 145
51 146
51 147
51 148
51 149
51 150
51 151
51 152
51 154
51 155
51 157
51 158
51 160
52 55
52 56
52 57
52 61
52 64
52 65
52 66
52 70
52 71
52 72
52 81
52 84
52 94
52 95
52 99
52 100
52 102
52 106
52 107
52 108
52 109
52 111
52 112
52 114
52 115
52 118
52 122
52 125
52 126
52 129
52 130
52 131
52 134
52 136
52 145
52 146
52 147
52 148
52 149
52 150
52 152
52 155
52 157
52 158
52 159
52 160
52 161
53 55
53 57
53 59
53 63
53 64
53 65
53 67
53 69
53 71
53 72
53 73
53 74
53 75
53 76
53 77
53 79
53 83
53 87
53 89
53 92
53 93
53 94
53 98
53 101
53 102
53 103
53 105
53 108
53 109
53 111
53 112
53 113
53 114
53 115
53 119
53 125
53 127
53 128
53 130
53 131
53 133
53 134
53 136
53 137
53 138
53 139
53 140
53 141
53 142
53 146
53 147
53 148
53 149
53 150
53 151
53 152
53 153
53 154
53 155
53 157
53 158
54 56
54 58
54 59
54 60
54 61
54 63
54 64
54 65
54 66
54 67
54 68
54 69
54 70
54 71
54 72
54 73
54 74
54 75
54 79
54 81
54 83
54 84
54 85
54 86
54 87
54 88
54 89
54 92
54 93
54 94
54 95
54 96
54 97
54 98
54 99
54 100
54 101
54 102
54 103
54 104
54 106
54 107
54 108
54 110
54 111
54 112
54 113
54 114
54 115
54 116
54 117
54 118
54 119
54 121
54 123
54 126
54 127
54 128
54 129
54 131
54 132
54 133
54 134
54 135
54 136
54 137
54 138
54 139
54 140
54 142
54 145
54 147
54 148
54 149
54 150
54 151
54 152
54 153
54 154
54 155
54 157
54 158
54 160
54 161
55 56
55 58
55 59
55 61
55 63
55 64
55 66
55 67
55 68
55 70
55 71
55 72
55 73
55 74
55 75
55 76
55 77
55 78
55 79
55 84
55 87
55 94
55 95
55 96
55 97
55 99
55 101
55 102
55 103
55 104
55 105
55 106
55 108
55 109
55 110
55 111
55 113
55 114
55 115
55 118
55 125
55 126
55 127
55 129
55 130
55 131
55 133
55 134
55 136
55 139
55 141
55 142
55 143
55 144
55 145
55 146
55 147
55 149
55 150
55 152
55 154
55 157
55 158
55 159
55 161
56 58
56 59
56 60
56 61
56 62
56 63
56 65
56 66
56 67
56 68
56 69
56 70
56 71
56 74
56 75
56 77
56 78
56 79
56 80
56 81
56 82
56 83
56 84
56 85
56 86
56 87
56 88
56 89
56 91
56 93
56 94
56 97
56 98
56 99
56 102
56 104
56 105
56 107
56 108
56 109
56 112
56 113
56 114
56 115
56 117
56 118
56 120
56 121
56 122
56 123
56 124
56 126
56 127
56 128
56 129
56 130
56 133
56 134
56 135
56 136
56 137
56 138
56 140
56 142
56 145
56 146
56 147
56 148
56 150
56 151
56 152
56 154
56 155
56 158
56 159
56 161
57 58
57 63
57 64
57 66
57 67
57 69
57 71
57 74
57 75
57 77
57 79
57 81
57 82
57 85
57 97
57 99
57 101
57 102
57 105
57 106
57 108
57 112
57 114
57 115
57 117
57 126
57 131
57 134
57 135
57 137
57 141
57 142
57 147
57 148
57 151
57 152
57 154
57 158
57 159
58 59
58 61
58 62
58 63
58 64
58 65
58 68
58 69
58 70
58 71
58 72
58 73
58 75
58 77
58 80
58 85
58 86
58 87
58 88
58 89
58 93
58 94
58 98
58 100
58 101
58 102
58 103
58 104
58 105
58 106
58 107
58 113
58 114
58 115
58 116
58 117
58 118
58 119
58 123
58 125
58 129
58 130
58 131
58 133
58 134
58 135
58 137
58 138
58 139
58 145
58 146
58 147
58 148
58 150
58 151
58 154
58 156
58 157
58 158
58 159
58 161
59 61
59 62
59 63
59 64
59 65
59 67
59 68
59 69
59 70
59 71
59 72
59 73
59 75
59 77
59 79
59 83
59 84
59 85
59 87
59 88
59 89
59 92
59 94
59 96
59 101
59 102
59 103
59 104
59 105
59 106
59 107
59 108
59 109
59 111
59 116
59 117
59 118
59 126
59 129
59 130
59 131
59 133
59 134
59 135
59 137
59 138
59 141
59 146
59 148
59 149
59 151
59 153
59 154
59 156
59 157
60 61
60 63
60 69
60 70
60 89
60 92
60 93
60 105
60 111
60 113
60 114
60 115
60 116
60 117
60 131
60 133
60 134
60 142
60 146
60 147
60 150
60 151
60 152
60 155
60 157
60 158
60 159
61 63
61 65
61 66
61 67
61 68
61 69
61 70
61 71
61 72
61 73
61 74
61 75
61 76
61 77
61 79
61 87
61 88
61 90
61 94
61 97
61 98
61 101
61 103
61 105
61 106
61 107
61 108
61 112
61 113
61 114
61 115
61 117
61 118
61 125
61 126
61 127
61 129
61 131
61 134
61 135
61 137
61 138
61 139
61 140
61 147
61 151
61 152
61 153
61 155
61 158
62 63
62 64
62 65
62 67
62 68
62 69
62 70
62 72
62 74
62 79
62 84
62 88
62 92
62 94
62 101
62 102
62 103
62 105
62 107
62 108
62 114
62 115
62 117
62 118
62 122
62 129
62 131
62 133
62 134
62 137
62 138
62 139
62 141
62 142
62 149
62 151
62 153
62 157
62 161
63 64
63 65
63 66
63 67
63 68
63 69
63 70
63 71
63 72
63 73
63 74
63 75
63 76
63 82
63 84
63 87
63 88
63 89
63 90
63 93
63 94
63 97
63 98
63 99
63 100
63 101
63 102
63 103
63 106
63 107
63 109
63 110
63 111
63 112
63 113
63 114
63 117
63 118
63 125
63 128
63 129
63 132
63 133
63 134
63 135
63 136
63 137
63 138
63 139
63 142
63 143
63 145
63 147
63 149
63 150
63 151
63 152
63 157
63 158
63 159
63 161
64 65
64 66
64 68
64 69
64 70
64 71
64 72
64 73
64 74
64 75
64 77
64 78
64 79
64 80
64 82
64 84
64 85
64 86
64 87
64 88
64 89
64 90
64 92
64 93
64 94
64 95
64 97
64 98
64 100
64 101
64 102
64 103
64 104
64 105
64 106
64 107
64 108
64 109
64 110
64 111
64 112
64 113
64 114
64 115
64 117
64 120
64 122
64 124
64 125
64 126
64 127
64 128
64 129
64 130
64 131
64 133
64 134
64 136
64 137
64 138
64 139
64 141
64 142
64 144
64 145
64 146
64 147
64 151
64 152
64 153
64 154
64 155
64 157
64 158
64 159
64 160
64 161
65 66
65 67
65 68
65 69
65 70
65 71
65 72
65 74
65 75
65 77
65 79
65 80
65 83
65 84
65 87
65 89
65 90
65 91
65 92
65 93
65 94
65 95
65 97
65 100
65 101
65 102
65 104
65 105
65 106
65 107
65 109
65 112
65 113
65 115
65 117
65 118
65 120
65 122
65 125
65 128
65 129
65 131
65 133
65 134
65 135
65 136
65 137
65 138
65 139
65 140
65 142
65 143
65 144
65 145
65 146
65 147
65 151
65 152
65 153
65 154
65 155
65 157
65 158
65 159
65 161
66 67
66 70
66 71
66 72
66 73
66 74
66 75
66 77
66 79
66 83
66 84
66 86
66 87
66 89
66 90
66 91
66 92
66 93
66 94
66 96
66 97
66 99
66 101
66 102
66 105
66 106
66 107
66 108
66 109
66 110
66 112
66 113
66 114
66 115
66 117
66 118
66 119
66 123
66 126
66 128
66 129
66 131
66 133
66 138
66 139
66 141
66 143
66 145
66 146
66 147
66 149
66 150
66 151
66 152
66 153
66 154
66 158
66 160
66 161
67 68
67 69
67 70
67 71
67 72
67 73
67 74
67 75
67 76
67 77
67 79
67 80
67 81
67 83
67 84
67 85
67 86
67 87
67 89
67 90
67 91
67 92
67 93
67 94
67 95
67 96
67 97
67 98
67 100
67 101
67 102
67 105
67 106
67 107
67 108
67 109
67 110
67 111
67 112
67 114
67 115
67 116
67 117
67 118
67 119
67 121
67 123
67 124
67 125
67 126
67 129
67 130
67 131
67 133
67 134
67 136
67 137
67 138
67 139
67 141
67 142
67 143
67 144
67 145
67 146
67 147
67 148
67 149
67 150
67 151
67 152
67 154
67 155
67 157
67 158
67 159
67 160
67 161
68 69
68 71
68 72
68 73
68 74
68 75
68 76
68 77
68 79
68 80
68 82
68 83
68 84
68 85
68 88
68 89
68 90
68 91
68 92
68 93
68 94
68 95
68 97
68 98
68 99
68 100
68 101
68 102
68 103
68 104
68 106
68 107
68 108
68 109
68 111
68 112
68 113
68 115
68 116
68 117
68 118
68 119
68 125
68 126
68 129
68 131
68 133
68 134
68 137
68 138
68 139
68 140
68 141
68 142
68 143
68 145
68 147
68 148
68 149
68 150
68 151
68 153
68 154
68 155
68 157
68 158
68 159
68 160
69 70
69 71
69 72
69 73
69 74
69 75
69 76
69 79
69 80
69 82
69 83
69 84
69 85
69 88
69 89
69 91
69 93
69 95
69 96
69 99
69 100
69 101
69 102
69 104
69 105
69 106
69 108
69 109
69 110
69 111
69 112
69 113
69 114
69 116
69 117
69 120
69 121
69 122
69 125
69 126
69 129
69 130
69 131
69 133
69 134
69 135
69 136
69 137
69 138
69 139
69 140
69 141
69 142
69 143
69 146
69 149
69 150
69 151
69 153
69 154
69 155
69 156
69 157
69 158
69 160
69 161
70 72
70 74
70 75
70 76
70 77
70 78
70 79
70 80
70 81
70 82
70 83
70 84
70 86
70 87
70 88
70 89
70 90
70 92
70 93
70 94
70 96
70 97
70 98
70 99
70 100
70 101
70 102
70 104
70 105
70 106
70 107
70 108
70 112
70 113
70 114
70 115
70 116
70 117
70 118
70 119
70 122
70 124
70 126
70 127
70 129
70 130
70 131
70 133
70 134
70 135
70 137
70 138
70 139
70 142
70 143
70 144
70 145
70 146
70 147
70 148
70 149
70 150
70 151
70 152
70 153
70 154
70 157
70 158
70 159
70 160
70 161
71 72
71 74
71 75
71 77
71 79
71 81
71 83
71 87
71 88
71 89
71 90
71 93
71 94
71 96
71 97
71 99
71 100
71 101
71 102
71 104
71 105
71 106
71 108
71 109
71 110
71 112
71 113
71 114
71 115
71 118
71 119
71 126
71 127
71 129
71 130
71 131
71 133
71 137
71 138
71 142
71 143
71 145
71 146
71 147
71 148
71 149
71 150
71 151
71 152
71 153
71 154
71 155
71 157
71 158
71 159
71 161
72 73
72 74
72 75
72 76
72 77
72 79
72 80
72 81
72 83
72 84
72 85
72 86
72 87
72 88
72 90
72 91
72 93
72 94
72 99
72 100
72 101
72 102
72 103
72 104
72 105
72 106
72 107
72 108
72 109
72 110
72 111
72 112
72 113
72 114
72 115
72 116
72 117
72 118
72 119
72 122
72 124
72 125
72 126
72 127
72 129
72 130
72 131
72 132
72 133
72 134
72 136
72 137
72 138
72 139
72 140
72 141
72 142
72 145
72 146
72 147
72 149
72 150
72 151
72 152
72 153
72 154
72 156
72 157
72 159
72 160
72 161
73 74
73 75
73 76
73 77
73 79
73 82
73 83
73 84
73 88
73 89
73 91
73 92
73 93
73 94
73 96
73 97
73 101
73 102
73 104
73 106
73 107
73 108
73 109
73 111
73 112
73 113
73 114
73 115
73 116
73 118
73 124
73 127
73 128
73 129
73 131
73 132
73 133
73 134
73 135
73 137
73 138
73 142
73 143
73 145
73 147
73 150
73 151
73 152
73 154
73 158
73 159
73 160
73 161
74 75
74 76
74 77
74 79
74 80
74 82
74 83
74 84
74 85
74 86
74 87
74 88
74 89
74 90
74 91
74 92
74 93
74 94
74 95
74 97
74 98
74 99
74 100
74 101
74 102
74 103
74 104
74 105
74 106
74 107
74 108
74 109
74 112
74 113
74 114
74 115
74 116
74 117
74 118
74 119
74 120
74 124
74 125
74 126
74 127
74 128
74 129
74 131
74 132
74 133
74 134
74 135
74 136
74 137
74 138
74 139
74 140
74 141
74 142
74 143
74 144
74 145
74 146
74 147
74 149
74 150
74 152
74 153
74 154
74 155
74 156
74 157
74 158
74 159
74 160
74 161
75 76
75 77
75 79
75 82
75 84
75 88
75 89
75 90
75 93
75 94
75 95
75 96
75 97
75 98
75 101
75 102
75 106
75 107
75 108
75 109
75 110
75 111
75 113
75 114
75 115
75 116
75 117
75 118
75 119
75 120
75 123
75 125
75 127
75 130
75 131
75 133
75 134
75 135
75 137
75 139
75 143
75 146
75 147
75 148
75 150
75 151
75 152
75 153
75 154
75 155
75 156
75 157
75 158
75 159
75 161
76 77
76 80
76 87
76 92
76 93
76 95
76 97
76 99
76 100
76 101
76 102
76 104
76 105
76 106
76 107
76 111
76 112
76 113
76 114
76 115
76 116
76 118
76 119
76 120
76 125
76 126
76 129
76 130
76 131
76 132
76 134
76 138
76 139
76 141
76 147
76 149
76 151
76 153
76 154
76 155
77 79
77 80
77 82
77 83
77 84
77 85
77 86
77 90
77 92
77 93
77 94
77 95
77 96
77 97
77 98
77 99
77 100
77 101
77 102
77 103
77 105
77 106
77 107
77 108
77 109
77 111
77 112
77 113
77 114
77 116
77 117
77 125
77 126
77 127
77 129
77 130
77 133
77 134
77 137
77 138
77 140
77 141
77 142
77 143
77 146
77 147
77 151
77 152
77 154
77 155
77 157
77 158
77 159
78 89
78 93
78 107
78 115
78 118
78 130
78 141
78 142
78 152
78 155
78 161
79 80
79 82
79 83
79 84
79 86
79 89
79 90
79 91
79 92
79 93
79 94
79 95
79 97
79 99
79 100
79 101
79 102
79 104
79 105
79 106
79 107
79 108
79 109
79 110
79 111
79 112
79 113
79 114
79 115
79 116
79 117
79 118
79 120
79 123
79 124
79 125
79 126
79 127
79 128
79 129
79 130
79 131
79 133
79 134
79 137
79 138
79 139
79 140
79 142
79 143
79 144
79 145
79 146
79 147
79 149
79 150
79 151
79 152
79 154
79 155
79 157
79 158
79 159
79 160
79 161
80 81
80 82
80 83
80 84
80 87
80 89
80 91
80 92
80 94
80 97
80 98
80 99
80 101
80 102
80 103
80 104
80 107
80 108
80 109
80 111
80 112
80 113
80 114
80 115
80 116
80 117
80 118
80 125
80 127
80 129
80 130
80 131
80 134
80 135
80 137
80 138
80 141
80 142
80 146
80 147
80 149
80 150
80 151
80 152
80 153
80 154
80 155
80 157
80 158
81 89
81 91
81 94
81 101
81 102
81 105
81 106
81 108
81 109
81 112
81 113
81 114
81 116
81 118
81 125
81 129
81 131
81 133
81 135
81 137
81 143
81 146
81 147
81 150
81 151
81 154
81 157
81 158
82 88
82 89
82 92
82 94
82 97
82 101
82 105
82 109
82 113
82 114
82 115
82 117
82 118
82 125
82 129
82 130
82 131
82 133
82 137
82 138
82 142
82 146
82 147
82 153
82 154
82 158
82 161
83 84
83 87
83 88
83 91
83 92
83 94
83 97
83 99
83 100
83 101
83 102
83 104
83 106
83 108
83 109
83 112
83 113
83 118
83 122
83 125
83 127
83 128
83 129
83 130
83 133
83 135
83 136
83 138
83 142
83 143
83 145
83 146
83 147
83 150
83 151
83 154
83 155
83 160
83 161
84 85
84 86
84 89
84 91
84 92
84 93
84 94
84 97
84 99
84 101
84 103
84 105
84 106
84 107
84 108
84 111
84 112
84 113
84 114
84 115
84 116
84 117
84 118
84 119
84 124
84 125
84 127
84 128
84 129
84 131
84 133
84 134
84 136
84 137
84 138
84 139
84 142
84 144
84 145
84 147
84 148
84 150
84 151
84 152
84 153
84 154
84 157
84 158
84 159
85 91
85 93
85 94
85 95
85 96
85 98
85 99
85 102
85 104
85 106
85 107
85 110
85 115
85 116
85 117
85 118
85 125
85 127
85 130
85 133
85 135
85 137
85 138
85 139
85 147
85 148
85 150
85 152
85 154
85 155
85 161
86 87
86 89
86 90
86 94
86 97
86 99
86 101
86 102
86 103
86 105
86 106
86 108
86 109
86 111
86 112
86 113
86 115
86 117
86 118
86 122
86 125
86 126
86 129
86 130
86 134
86 135
86 136
86 137
86 138
86 139
86 140
86 141
86 142
86 147
86 152
86 153
86 154
86 157
86 161
87 93
87 95
87 96
87 97
87 98
87 100
87 102
87 103
87 105
87 106
87 109
87 111
87 112
87 113
87 114
87 115
87 116
87 117
87 118
87 121
87 125
87 129
87 131
87 133
87 134
87 135
87 137
87 139
87 140
87 143
87 145
87 146
87 148
87 149
87 150
87 151
87 152
87 155
87 157
87 158
88 91
88 93
88 94
88 97
88 101
88 102
88 103
88 104
88 106
88 107
88 110
88 114
88 115
88 116
88 117
88 118
88 128
88 129
88 130
88 131
88 133
88 134
88 135
88 136
88 137
88 138
88 139
88 140
88 141
88 142
88 145
88 146
88 147
88 148
88 151
88 152
88 153
88 155
88 158
88 161
89 91
89 93
89 94
89 95
89 96
89 97
89 98
89 99
89 103
89 104
89 105
89 106
89 108
89 109
89 112
89 113
89 114
89 115
89 117
89 122
89 124
89 125
89 126
89 127
89 129
89 130
89 131
89 133
89 134
89 135
89 136
89 137
89 138
89 139
89 141
89 142
89 143
89 144
89 145
89 146
89 147
89 148
89 149
89 150
89 151
89 152
89 153
89 154
89 155
89 157
89 158
89 161
90 93
90 97
90 98
90 101
90 107
90 116
90 118
90 125
90 128
90 134
90 135
90 149
90 152
90 154
90 157
90 158
91 92
91 93
91 100
91 102
91 104
91 105
91 106
91 107
91 108
91 109
91 110
91 114
91 117
91 118
91 129
91 130
91 131
91 132
91 135
91 136
91 137
91 138
91 139
91 146
91 151
91 152
91 154
91 155
91 157
91 158
91 159
91 161
92 93
92 94
92 97
92 98
92 102
92 103
92 104
92 106
92 107
92 111
92 112
92 113
92 114
92 115
92 118
92 119
92 127
92 129
92 130
92 131
92 133
92 134
92 135
92 136
92 137
92 138
92 141
92 142
92 143
92 144
92 146
92 147
92 150
92 151
92 152
92 153
92 154
92 157
92 158
92 161
93 94
93 97
93 99
93 100
93 101
93 102
93 105
93 106
93 108
93 109
93 110
93 112
93 113
93 114
93 115
93 117
93 118
93 119
93 120
93 122
93 126
93 127
93 128
93 129
93 131
93 133
93 137
93 138
93 140
93 142
93 145
93 146
93 147
93 148
93 150
93 151
93 153
93 154
93 155
93 157
93 161
94 95
94 96
94 97
94 98
94 100
94 101
94 102
94 105
94 106
94 109
94 112
94 113
94 115
94 116
94 117
94 118
94 120
94 125
94 126
94 127
94 129
94 131
94 132
94 133
94 134
94 136
94 137
94 138
94 140
94 142
94 143
94 145
94 146
94 147
94 149
94 151
94 152
94 153
94 157
94 158
94 159
94 160
94 161
95 96
95 99
95 101
95 106
95 108
95 110
95 114
95 116
95 117
95 125
95 126
95 130
95 133
95 134
95 139
95 142
95 147
95 148
95 152
95 154
95 155
95 157
95 160
96 98
96 101
96 102
96 106
96 108
96 109
96 113
96 115
96 116
96 118
96 130
96 131
96 134
96 142
96 151
96 153
96 154
96 160
96 161
97 98
97 99
97 100
97 101
97 102
97 106
97 107
97 108
97 109
97 110
97 111
97 112
97 115
97 116
97 117
97 118
97 119
97 122
97 125
97 126
97 128
97 129
97 130
97 131
97 133
97 134
97 135
97 136
97 137
97 138
97 139
97 140
97 142
97 145
97 146
97 147
97 148
97 150
97 151
97 152
97 153
97 154
97 156
97 157
97 158
97 159
97 161
98 101
98 106
98 108
98 109
98 111
98 113
98 115
98 116
98 117
98 121
98 125
98 127
98 129
98 130
98 131
98 132
98 133
98 138
98 142
98 144
98 145
98 147
98 149
98 150
98 151
98 152
98 153
98 154
98 155
98 157
98 158
98 159
98 161
99 101
99 102
99 106
99 109
99 111
99 113
99 114
99 115
99 116
99 117
99 118
99 121
99 123
99 133
99 136
99 137
99 138
99 139
99 142
99 143
99 145
99 147
99 148
99 150
99 152
99 153
99 154
99 155
99 157
99 158
99 159
99 161
100 101
100 102
100 103
100 106
100 109
100 114
100 115
100 118
100 119
100 127
100 131
100 133
100 134
100 138
100 139
100 142
100 143
100 145
100 147
100 150
100 151
100 152
100 155
100 156
100 158
101 102
101 104
101 105
101 106
101 107
101 108
101 109
101 111
101 112
101 113
101 114
101 116
101 117
101 118
101 119
101 121
101 122
101 123
101 126
101 127
101 128
101 129
101 130
101 131
101 132
101 133
101 134
101 135
101 136
101 137
101 138
101 140
101 141
101 142
101 145
101 146
101 147
101 151
101 152
101 153
101 154
101 155
101 157
101 158
101 161
102 105
102 106
102 107
102 108
102 111
102 112
102 113
102 114
102 115
102 117
102 118
102 119
102 122
102 126
102 128
102 129
102 131
102 132
102 133
102 134
102 135
102 138
102 139
102 140
102 142
102 145
102 146
102 150
102 151
102 152
102 153
102 155
102 157
102 158
102 160
102 161
103 106
103 107
103 108
103 109
103 112
103 113
103 114
103 115
103 116
103 117
103 120
103 121
103 125
103 129
103 130
103 131
103 132
103 133
103 138
103 142
103 143
103 145
103 147
103 150
103 151
103 152
103 153
103 154
103 155
103 156
103 158
103 159
103 161
104 106
104 107
104 115
104 116
104 125
104 127
104 129
104 130
104 131
104 133
104 134
104 138
104 141
104 142
104 146
104 147
104 152
104 154
104 155
104 158
104 161
105 106
105 107
105 108
105 109
105 110
105 111
105 112
105 113
105 114
105 117
105 118
105 119
105 123
105 124
105 126
105 128
105 129
105 130
105 131
105 134
105 137
105 139
105 141
105 142
105 146
105 147
105 150
105 151
105 152
105 153
105 154
105 155
105 158
105 159
105 161
106 107
106 108
106 109
106 110
106 111
106 112
106 113
106 114
106 115
106 116
106 117
106 118
106 119
106 122
106 123
106 124
106 125
106 126
106 129
106 130
106 131
106 133
106 134
106 136
106 137
106 139
106 140
106 141
106 142
106 143
106 146
106 147
106 148
106 149
106 150
106 152
106 153
106 154
106 157
106 158
106 160
106 161
107 108
107 110
107 113
107 115
107 116
107 117
107 118
107 120
107 123
107 128
107 129
107 131
107 134
107 135
107 137
107 138
107 139
107 140
107 141
107 142
107 143
107 146
107 149
107 150
107 151
107 152
107 153
107 157
107 158
107 161
108 109
108 110
108 112
108 113
108 114
108 115
108 116
108 117
108 118
108 120
108 125
108 126
108 128
108 129
108 130
108 131
108 132
108 133
108 134
108 135
108 136
108 137
108 138
108 139
108 140
108 141
108 142
108 143
108 145
108 146
108 147
108 151
108 152
108 153
108 154
108 157
108 158
108 159
108 160
108 161
109 111
109 114
109 115
109 117
109 119
109 120
109 121
109 125
109 127
109 129
109 130
109 131
109 133
109 134
109 139
109 140
109 141
109 142
109 145
109 147
109 151
109 152
109 153
109 154
109 156
109 158
109 160
110 112
110 117
110 122
110 123
110 124
110 128
110 129
110 130
110 133
110 134
110 136
110 137
110 147
110 150
110 151
110 153
110 156
110 158
110 161
111 112
111 113
111 114
111 116
111 118
111 125
111 127
111 128
111 129
111 130
111 131
111 133
111 134
111 137
111 141
111 142
111 150
111 151
111 152
111 153
111 154
111 157
111 158
111 159
112 113
112 115
112 117
112 118
112 120
112 123
112 125
112 126
112 127
112 129
112 131
112 133
112 134
112 136
112 137
112 138
112 141
112 142
112 143
112 145
112 146
112 147
112 149
112 150
112 151
112 152
112 153
112 154
112 156
112 157
112 158
112 161
113 114
113 115
113 116
113 117
113 118
113 119
113 125
113 126
113 128
113 129
113 130
113 131
113 133
113 134
113 135
113 136
113 137
113 138
113 139
113 142
113 144
113 145
113 146
113 147
113 148
113 150
113 152
113 156
113 157
113 160
113 161
114 115
114 116
114 117
114 118
114 122
114 125
114 126
114 127
114 129
114 130
114 131
114 133
114 134
114 135
114 138
114 139
114 141
114 143
114 146
114 147
114 149
114 150
114 151
114 152
114 153
114 154
114 155
114 157
114 158
114 159
114 160
114 161
115 117
115 118
115 120
115 125
115 126
115 127
115 129
115 130
115 131
115 133
115 134
115 135
115 137
115 138
115 140
115 141
115 142
115 143
115 146
115 147
115 150
115 151
115 152
115 153
115 154
115 157
115 158
115 160
115 161
116 117
116 119
116 126
116 129
116 130
116 137
116 138
116 139
116 142
116 145
116 146
116 147
116 151
116 152
116 154
116 159
116 161
117 118
117 119
117 120
117 121
117 122
117 124
117 125
117 127
117 128
117 129
117 130
117 131
117 133
117 134
117 136
117 137
117 138
117 139
117 142
117 145
117 146
117 147
117 149
117 150
117 151
117 152
117 153
117 154
117 155
117 157
117 158
117 159
117 161
118 119
118 123
118 124
118 125
118 128
118 129
118 130
118 131
118 132
118 134
118 135
118 136
118 137
118 138
118 139
118 141
118 142
118 143
118 144
118 145
118 146
118 147
118 148
118 150
118 151
118 152
118 153
118 154
118 157
118 158
118 160
118 161
119 125
119 129
119 131
119 137
119 138
119 145
119 146
119 147
119 151
119 154
119 155
119 160
120 122
120 128
120 129
120 131
120 132
120 133
120 134
120 137
120 138
120 142
120 147
120 152
120 158
121 125
121 129
121 130
121 138
121 140
121 142
121 154
121 157
121 160
121 161
122 133
122 134
122 135
122 137
122 140
122 141
122 142
122 146
122 148
122 152
122 157
123 125
123 126
123 128
123 129
123 130
123 137
123 138
123 147
123 148
123 149
123 150
123 152
123 159
124 125
124 131
124 137
124 138
124 139
124 147
124 150
124 151
124 154
124 160
125 126
125 127
125 128
125 129
125 130
125 131
125 132
125 133
125 134
125 135
125 136
125 137
125 139
125 141
125 142
125 143
125 145
125 146
125 147
125 148
125 149
125 150
125 152
125 154
125 157
125 158
125 160
125 161
126 127
126 128
126 130
126 132
126 133
126 134
126 137
126 139
126 142
126 145
126 146
126 148
126 149
126 151
126 153
126 154
126 155
126 158
126 161
127 130
127 131
127 133
127 135
127 137
127 138
127 139
127 142
127 145
127 147
127 148
127 149
127 151
127 152
127 155
128 129
128 130
128 131
128 134
128 135
128 138
128 139
128 141
128 142
128 145
128 146
128 149
128 152
128 154
128 157
128 160
129 131
129 134
129 135
129 137
129 138
129 139
129 142
129 143
129 145
129 146
129 147
129 150
129 151
129 152
129 153
129 154
129 155
129 157
129 158
129 160
129 161
130 131
130 133
130 134
130 135
130 136
130 137
130 138
130 139
130 141
130 142
130 143
130 144
130 147
130 150
130 151
130 152
130 153
130 157
130 160
131 132
131 133
131 134
131 135
131 137
131 138
131 139
131 140
131 141
131 143
131 144
131 145
131 146
131 147
131 149
131 150
131 151
131 152
131 153
131 154
131 156
131 157
131 158
131 159
132 138
132 145
132 147
132 150
132 151
132 154
132 157
132 158
133 134
133 135
133 137
133 138
133 139
133 142
133 143
133 144
133 145
133 146
133 147
133 150
133 151
133 152
133 153
133 154
133 155
133 156
133 158
133 159
133 161
134 135
134 137
134 138
134 139
134 140
134 142
134 143
134 147
134 148
134 149
134 150
134 151
134 152
134 153
134 154
134 155
134 157
134 158
134 161
135 138
135 139
135 142
135 143
135 145
135 147
135 149
135 150
135 151
135 152
135 153
135 154
135 155
135 157
135 158
135 161
136 137
136 139
136 141
136 142
136 145
136 147
136 149
136 150
136 154
136 157
136 158
136 159
137 138
137 139
137 140
137 142
137 143
137 144
137 145
137 146
137 147
137 148
137 150
137 151
137 152
137 153
137 154
137 157
137 158
137 159
137 160
138 139
138 140
138 142
138 143
138 145
138 146
138 147
138 149
138 150
138 151
138 152
138 153
138 154
138 155
138 158
138 160
138 161
139 144
139 146
139 147
139 151
139 152
139 154
139 158
139 161
140 143
140 144
140 150
140 152
140 157
141 143
141 145
141 146
141 147
141 151
141 152
141 153
141 154
141 158
141 161
142 143
142 145
142 147
142 150
142 151
142 152
142 153
142 154
142 157
142 158
142 159
142 160
142 161
143 146
143 147
143 149
143 152
143 154
143 157
143 158
143 161
144 147
144 152
144 154
145 148
145 150
145 151
145 152
145 153
145 154
145 155
145 157
145 160
146 147
146 149
146 151
146 153
146 154
146 155
146 158
147 149
147 150
147 153
147 156
147 157
147 159
147 161
148 150
148 154
148 158
149 151
149 152
149 154
149 155
149 157
150 151
150 152
150 153
150 154
150 157
150 158
150 160
150 161
151 152
151 153
151 154
151 155
151 156
151 157
151 158
151 160
151 161
152 153
152 154
152 155
152 157
152 158
152 159
152 160
153 155
153 157
153 158
153 159
153 160
153 161
154 155
154 156
154 157
154 158
154 159
154 160
154 161
156 157
157 158
157 159
157 160
158 159
158 161
159 160
