0 7
0 9
0 11
0 13
0 15
0 19
0 21
0 25
0 26
0 29
0 30
0 31
0 32
0 34
0 37
0 38
0 40
0 41
0 45
0 46
0 49
0 51
0 53
0 54
0 55
0 59
0 64
0 66
0 70
0 71
0 72
0 73
0 74
0 75
0 77
0 86
0 91
0 92
0 95
0 96
0 97
0 101
0 103
0 105
0 106
0 108
0 109
0 112
0 113
0 115
0 118
0 125
0 130
0 133
0 134
0 136
0 137
0 138
0 141
0 142
0 143
0 147
0 149
0 150
0 151
0 152
0 154
0 155
0 158
1 4
1 5
1 6
1 7
1 9
1 13
1 15
1 19
1 20
1 21
1 28
1 31
1 34
1 35
1 36
1 38
1 40
1 42
1 43
1 44
1 45
1 49
1 51
1 53
1 54
1 55
1 58
1 60
1 64
1 66
1 67
1 68
1 69
1 70
1 71
1 72
1 77
1 78
1 79
1 82
1 83
1 85
1 86
1 89
1 91
1 93
1 95
1 97
1 98
1 99
1 101
1 102
1 103
1 107
1 108
1 109
1 110
1 112
1 113
1 114
1 115
1 118
1 125
1 126
1 127
1 131
1 132
1 133
1 137
1 138
1 139
1 140
1 141
1 142
1 145
1 147
1 149
1 151
1 152
1 154
1 158
1 159
2 4
2 5
2 6
2 7
2 9
2 10
2 14
2 18
2 22
2 25
2 29
2 32
2 35
2 36
2 37
2 38
2 39
2 41
2 43
2 44
2 45
2 46
2 49
2 50
2 51
2 58
2 59
2 63
2 64
2 67
2 70
2 71
2 72
2 74
2 75
2 77
2 79
2 81
2 84
2 86
2 87
2 89
2 91
2 97
2 101
2 103
2 104
2 110
2 112
2 113
2 114
2 115
2 116
2 117
2 130
2 131
2 132
2 133
2 142
2 148
2 151
2 154
2 158
2 160
3 4
3 6
3 9
3 14
3 16
3 19
3 21
3 24
3 26
3 31
3 34
3 38
3 40
3 42
3 44
3 51
3 54
3 57
3 58
3 61
3 64
3 70
3 71
3 72
3 75
3 76
3 77
3 79
3 84
3 85
3 87
3 89
3 91
3 92
3 97
3 98
3 100
3 101
3 105
3 106
3 108
3 109
3 114
3 116
3 122
3 125
3 128
3 129
3 133
3 136
3 141
3 147
3 150
3 152
3 157
3 159
4 6
4 7
4 8
4 9
4 10
4 11
4 12
4 13
4 14
4 15
4 18
4 19
4 20
4 21
4 22
4 25
4 26
4 28
4 30
4 31
4 32
4 34
4 35
4 36
4 38
4 40
4 41
4 43
4 44
4 45
4 46
4 47
4 48
4 49
4 50
4 52
4 53
4 54
4 55
4 56
4 58
4 59
4 60
4 61
4 62
4 63
4 64
4 65
4 66
4 67
4 71
4 72
4 73
4 74
4 75
4 76
4 79
4 80
4 84
4 85
4 87
4 89
4 91
4 92
4 93
4 95
4 97
4 98
4 99
4 101
4 102
4 103
4 104
4 105
4 106
4 108
4 111
4 112
4 113
4 114
4 115
4 116
4 117
4 118
4 120
4 125
4 127
4 128
4 129
4 131
4 132
4 133
4 134
4 135
4 136
4 139
4 140
4 141
4 142
4 143
4 145
4 146
4 147
4 149
4 150
4 151
4 152
4 153
4 154
4 156
4 157
4 158
4 159
4 160
5 14
5 15
5 16
5 19
5 21
5 26
5 31
5 32
5 38
5 44
5 45
5 49
5 51
5 54
5 55
5 63
5 64
5 65
5 66
5 67
5 68
5 69
5 70
5 75
5 77
5 79
5 80
5 87
5 88
5 91
5 93
5 94
5 100
5 101
5 103
5 105
5 106
5 108
5 109
5 111
5 114
5 115
5 116
5 117
5 118
5 121
5 122
5 125
5 131
5 133
5 134
5 135
5 138
5 139
5 141
5 143
5 144
5 147
5 151
5 152
5 153
5 154
5 156
5 157
6 7
6 8
6 9
6 10
6 11
6 12
6 13
6 14
6 15
6 17
6 18
6 19
6 20
6 21
6 22
6 23
6 24
6 25
6 26
6 27
6 28
6 30
6 31
6 32
6 33
6 34
6 35
6 36
6 37
6 38
6 39
6 40
6 42
6 43
6 44
6 45
6 49
6 50
6 51
6 52
6 53
6 54
6 56
6 57
6 58
6 59
6 60
6 62
6 63
6 64
6 65
6 66
6 67
6 68
6 69
6 70
6 71
6 72
6 73
6 74
6 75
6 80
6 81
6 82
6 84
6 85
6 86
6 88
6 89
6 90
6 91
6 92
6 93
6 94
6 95
6 97
6 98
6 99
6 100
6 101
6 102
6 103
6 104
6 105
6 106
6 107
6 108
6 109
6 112
6 113
6 115
6 117
6 118
6 120
6 121
6 124
6 125
6 126
6 128
6 129
6 130
6 131
6 132
6 133
6 134
6 136
6 137
6 138
6 139
6 141
6 142
6 143
6 145
6 146
6 147
6 149
6 150
6 151
6 152
6 153
6 154
6 155
6 156
6 158
6 159
6 160
6 161
7 8
7 9
7 10
7 11
7 13
7 14
7 15
7 16
7 18
7 19
7 21
7 22
7 24
7 25
7 26
7 30
7 31
7 32
7 33
7 34
7 37
7 38
7 40
7 43
7 44
7 45
7 48
7 49
7 50
7 51
7 52
7 53
7 54
7 55
7 56
7 58
7 61
7 62
7 63
7 64
7 65
7 66
7 67
7 68
7 69
7 70
7 71
7 72
7 74
7 75
7 79
7 82
7 83
7 84
7 85
7 86
7 87
7 88
7 89
7 91
7 92
7 93
7 95
7 97
7 99
7 101
7 102
7 103
7 106
7 107
7 108
7 109
7 110
7 111
7 112
7 113
7 114
7 115
7 116
7 117
7 118
7 124
7 125
7 126
7 128
7 129
7 130
7 131
7 132
7 133
7 134
7 135
7 136
7 137
7 139
7 140
7 144
7 145
7 146
7 147
7 149
7 151
7 152
7 153
7 154
7 155
7 156
7 157
7 160
8 11
8 12
8 13
8 14
8 19
8 23
8 26
8 30
8 31
8 32
8 38
8 40
8 46
8 49
8 51
8 54
8 56
8 59
8 62
8 68
8 70
8 71
8 79
8 84
8 89
8 91
8 93
8 97
8 101
8 107
8 109
8 111
8 115
8 117
8 118
8 124
8 125
8 131
8 133
8 136
8 138
8 139
8 142
8 149
8 151
8 155
8 158
8 161
9 12
9 13
9 14
9 15
9 16
9 19
9 22
9 24
9 25
9 29
9 31
9 32
9 33
9 34
9 35
9 38
9 39
9 42
9 43
9 44
9 45
9 46
9 49
9 50
9 51
9 53
9 55
9 56
9 57
9 58
9 59
9 60
9 62
9 63
9 64
9 65
9 66
9 67
9 68
9 69
9 70
9 72
9 74
9 80
9 83
9 84
9 87
9 88
9 89
9 91
9 92
9 94
9 95
9 97
9 98
9 101
9 102
9 103
9 104
9 106
9 107
9 108
9 109
9 110
9 111
9 112
9 114
9 115
9 116
9 117
9 118
9 124
9 126
9 131
9 132
9 133
9 135
9 137
9 138
9 139
9 142
9 145
9 146
9 148
9 149
9 150
9 151
9 152
9 154
9 155
9 157
9 158
9 160
10 11
10 14
10 16
10 19
10 21
10 23
10 24
10 25
10 26
10 27
10 28
10 30
10 31
10 32
10 35
10 36
10 38
10 40
10 43
10 46
10 49
10 50
10 51
10 56
10 57
10 58
10 59
10 61
10 62
10 63
10 64
10 65
10 67
10 68
10 69
10 70
10 71
10 72
10 74
10 75
10 76
10 79
10 83
10 84
10 87
10 89
10 94
10 98
10 101
10 102
10 104
10 105
10 108
10 111
10 113
10 114
10 115
10 118
10 120
10 127
10 128
10 129
10 131
10 133
10 134
10 135
10 137
10 138
10 139
10 140
10 142
10 143
10 146
10 152
10 154
10 155
10 157
10 158
10 159
10 160
11 12
11 14
11 15
11 16
11 19
11 21
11 26
11 27
11 29
11 31
11 32
11 33
11 34
11 35
11 38
11 40
11 42
11 43
11 45
11 46
11 47
11 50
11 52
11 53
11 54
11 55
11 56
11 57
11 58
11 61
11 63
11 64
11 65
11 66
11 67
11 70
11 71
11 72
11 73
11 74
11 75
11 76
11 77
11 79
11 80
11 82
11 84
11 85
11 88
11 89
11 90
11 92
11 94
11 95
11 97
11 98
11 99
11 101
11 102
11 103
11 106
11 108
11 109
11 111
11 113
11 114
11 116
11 118
11 124
11 125
11 126
11 127
11 129
11 130
11 132
11 133
11 134
11 136
11 137
11 138
11 141
11 142
11 143
11 145
11 147
11 149
11 150
11 151
11 152
11 153
11 154
11 156
11 158
11 160
11 161
12 13
12 15
12 16
12 20
12 21
12 22
12 25
12 26
12 31
12 32
12 37
12 38
12 40
12 41
12 43
12 45
12 46
12 49
12 53
12 54
12 56
12 64
12 65
12 67
12 68
12 69
12 71
12 72
12 75
12 77
12 83
12 85
12 86
12 87
12 88
12 91
12 92
12 93
12 94
12 95
12 97
12 99
12 100
12 101
12 106
12 108
12 113
12 115
12 116
12 118
12 119
12 125
12 126
12 129
12 131
12 133
12 135
12 136
12 138
12 141
12 142
12 146
12 147
12 149
12 150
12 152
12 153
12 155
12 157
12 159
12 160
12 161
13 14
13 16
13 18
13 21
13 23
13 25
13 26
13 29
13 31
13 32
13 37
13 40
13 44
13 45
13 46
13 49
13 50
13 55
13 56
13 59
13 63
13 68
13 69
13 71
13 72
13 74
13 75
13 77
13 79
13 83
13 84
13 85
13 89
13 92
13 94
13 96
13 97
13 99
13 101
13 102
13 104
13 105
13 106
13 107
13 108
13 109
13 112
13 113
13 114
13 118
13 128
13 129
13 130
13 131
13 133
13 134
13 137
13 138
13 139
13 142
13 144
13 146
13 147
13 150
13 151
13 152
13 153
13 154
13 155
13 156
13 157
13 158
13 159
13 160
14 15
14 16
14 18
14 19
14 21
14 22
14 24
14 26
14 28
14 29
14 30
14 31
14 32
14 33
14 35
14 37
14 38
14 39
14 40
14 42
14 44
14 45
14 46
14 49
14 50
14 51
14 52
14 53
14 54
14 55
14 57
14 59
14 60
14 61
14 62
14 64
14 65
14 66
14 67
14 68
14 69
14 70
14 71
14 72
14 73
14 74
14 76
14 79
14 80
14 81
14 82
14 83
14 84
14 86
14 87
14 88
14 89
14 91
14 92
14 93
14 94
14 95
14 96
14 97
14 99
14 100
14 101
14 102
14 103
14 104
14 105
14 106
14 107
14 108
14 109
14 111
14 112
14 113
14 114
14 115
14 116
14 117
14 118
14 119
14 120
14 121
14 123
14 124
14 125
14 126
14 128
14 129
14 131
14 133
14 134
14 135
14 137
14 138
14 139
14 140
14 141
14 142
14 143
14 146
14 147
14 149
14 150
14 151
14 152
14 153
14 156
14 157
14 158
14 160
14 161
15 21
15 24
15 25
15 26
15 28
15 29
15 30
15 32
15 34
15 37
15 38
15 43
15 45
15 49
15 53
15 54
15 55
15 56
15 57
15 59
15 64
15 65
15 66
15 70
15 71
15 72
15 73
15 74
15 77
15 79
15 81
15 83
15 85
15 87
15 89
15 93
15 94
15 95
15 99
15 101
15 102
15 103
15 104
15 105
15 106
15 108
15 112
15 114
15 115
15 116
15 117
15 118
15 125
15 126
15 128
15 129
15 134
15 137
15 138
15 139
15 142
15 146
15 147
15 148
15 150
15 151
15 152
15 153
15 154
15 155
15 157
15 161
16 19
16 21
16 22
16 31
16 32
16 35
16 36
16 37
16 40
16 42
16 44
16 48
16 51
16 55
16 56
16 61
16 64
16 68
16 71
16 72
16 73
16 74
16 76
16 77
16 81
16 83
16 84
16 85
16 89
16 91
16 93
16 94
16 101
16 102
16 106
16 107
16 108
16 111
16 113
16 114
16 115
16 119
16 122
16 125
16 128
16 129
16 131
16 133
16 135
16 136
16 137
16 138
16 147
16 150
16 151
16 153
16 154
16 157
16 160
17 35
17 40
17 54
17 56
17 79
17 83
17 84
17 94
17 96
17 106
17 109
17 115
17 130
17 133
17 138
17 143
17 152
17 158
18 19
18 21
18 26
18 31
18 34
18 35
18 37
18 40
18 42
18 43
18 44
18 45
18 46
18 49
18 54
18 55
18 56
18 57
18 62
18 64
18 67
18 69
18 70
18 71
18 72
18 73
18 74
18 77
18 79
18 80
18 83
18 84
18 87
18 88
18 89
18 93
18 94
18 99
18 101
18 104
18 106
18 107
18 109
18 111
18 112
18 115
18 116
18 117
18 128
18 131
18 133
18 135
18 136
18 137
18 138
18 142
18 144
18 146
18 147
18 149
18 150
18 152
18 153
18 157
18 161
19 20
19 21
19 22
19 23
19 24
19 25
19 26
19 28
19 30
19 31
19 32
19 34
19 35
19 36
19 37
19 38
19 39
19 40
19 42
19 43
19 45
19 46
19 49
19 50
19 51
19 52
19 53
19 57
19 58
19 59
19 62
19 63
19 64
19 65
19 66
19 67
19 68
19 69
19 70
19 71
19 73
19 74
19 75
19 76
19 77
19 79
19 81
19 82
19 83
19 84
19 85
19 86
19 87
19 88
19 90
19 91
19 92
19 93
19 94
19 98
19 100
19 101
19 102
19 103
19 105
19 106
19 108
19 109
19 110
19 112
19 113
19 114
19 115
19 116
19 117
19 118
19 119
19 124
19 125
19 126
19 127
19 128
19 129
19 130
19 131
19 133
19 134
19 135
19 136
19 138
19 139
19 142
19 143
19 145
19 146
19 147
19 150
19 151
19 152
19 153
19 154
19 155
19 157
19 158
19 159
19 160
19 161
20 21
20 26
20 31
20 35
20 40
20 42
20 43
20 45
20 49
20 54
20 56
20 58
20 64
20 67
20 68
20 69
20 71
20 74
20 77
20 79
20 80
20 83
20 88
20 89
20 94
20 99
20 101
20 106
20 108
20 109
20 113
20 114
20 115
20 117
20 118
20 124
20 126
20 131
20 132
20 134
20 139
20 141
20 142
20 148
20 151
20 158
20 159
21 22
21 24
21 25
21 26
21 27
21 30
21 35
21 36
21 37
21 38
21 42
21 44
21 45
21 46
21 47
21 49
21 50
21 51
21 52
21 53
21 54
21 55
21 59
21 60
21 61
21 62
21 63
21 64
21 65
21 67
21 68
21 69
21 70
21 72
21 73
21 74
21 75
21 76
21 77
21 79
21 81
21 82
21 84
21 85
21 86
21 87
21 88
21 89
21 92
21 93
21 94
21 95
21 96
21 97
21 100
21 101
21 102
21 105
21 106
21 107
21 108
21 109
21 111
21 112
21 113
21 114
21 115
21 116
21 117
21 120
21 121
21 122
21 124
21 125
21 126
21 127
21 128
21 129
21 131
21 133
21 137
21 139
21 142
21 145
21 146
21 147
21 148
21 150
21 151
21 152
21 154
21 155
21 157
21 158
21 160
21 161
22 26
22 31
22 33
22 34
22 36
22 37
22 38
22 40
22 41
22 44
22 45
22 51
22 54
22 63
22 64
22 67
22 68
22 69
22 70
22 72
22 74
22 82
22 86
22 92
22 93
22 97
22 99
22 100
22 101
22 106
22 108
22 111
22 112
22 113
22 115
22 116
22 117
22 118
22 123
22 125
22 129
22 130
22 133
22 138
22 142
22 143
22 146
22 147
22 149
22 150
22 151
22 152
22 153
22 158
23 26
23 31
23 34
23 35
23 37
23 40
23 44
23 45
23 48
23 49
23 54
23 56
23 63
23 65
23 66
23 67
23 72
23 77
23 89
23 94
23 102
23 109
23 113
23 115
23 128
23 131
23 133
23 134
23 136
23 137
23 143
23 147
23 150
23 152
23 155
23 158
23 160
24 25
24 29
24 30
24 31
24 34
24 38
24 39
24 40
24 44
24 49
24 50
24 55
24 56
24 57
24 58
24 63
24 65
24 66
24 68
24 70
24 74
24 76
24 79
24 80
24 83
24 90
24 101
24 102
24 105
24 107
24 111
24 113
24 115
24 116
24 117
24 118
24 121
24 129
24 130
24 132
24 133
24 134
24 136
24 137
24 138
24 141
24 145
24 146
24 147
24 150
24 152
24 153
24 154
24 158
24 161
25 26
25 31
25 35
25 38
25 42
25 43
25 44
25 46
25 49
25 50
25 51
25 53
25 54
25 56
25 58
25 59
25 63
25 64
25 65
25 66
25 67
25 68
25 69
25 70
25 71
25 72
25 73
25 74
25 75
25 76
25 77
25 79
25 82
25 85
25 86
25 87
25 88
25 89
25 92
25 93
25 95
25 97
25 98
25 101
25 102
25 103
25 105
25 106
25 107
25 108
25 109
25 113
25 114
25 117
25 118
25 120
25 125
25 126
25 127
25 129
25 131
25 136
25 137
25 138
25 139
25 142
25 143
25 145
25 146
25 147
25 150
25 151
25 152
25 157
25 158
25 159
26 27
26 28
26 29
26 30
26 31
26 32
26 33
26 34
26 35
26 36
26 37
26 38
26 39
26 40
26 42
26 43
26 44
26 45
26 48
26 49
26 50
26 51
26 52
26 53
26 54
26 55
26 56
26 57
26 59
26 60
26 63
26 64
26 65
26 66
26 67
26 68
26 69
26 70
26 71
26 72
26 73
26 75
26 76
26 77
26 79
26 80
26 82
26 83
26 84
26 87
26 88
26 89
26 90
26 94
26 95
26 97
26 98
26 99
26 102
26 103
26 104
26 105
26 106
26 107
26 108
26 109
26 110
26 111
26 112
26 113
26 114
26 115
26 116
26 117
26 118
26 124
26 126
26 127
26 129
26 130
26 131
26 133
26 134
26 137
26 138
26 139
26 140
26 142
26 145
26 146
26 149
26 152
26 154
26 157
26 158
26 159
26 160
26 161
27 30
27 38
27 43
27 44
27 51
27 54
27 56
27 59
27 61
27 63
27 66
27 67
27 79
27 100
27 101
27 102
27 108
27 112
27 113
27 115
27 118
27 129
27 131
27 135
27 142
27 153
27 154
27 159
28 30
28 35
28 39
28 44
28 45
28 48
28 51
28 53
28 58
28 63
28 64
28 67
28 68
28 71
28 74
28 75
28 76
28 89
28 91
28 98
28 99
28 100
28 101
28 103
28 106
28 108
28 109
28 111
28 112
28 113
28 115
28 118
28 129
28 130
28 131
28 134
28 137
28 145
28 152
28 158
28 159
29 32
29 39
29 44
29 47
29 51
29 53
29 64
29 65
29 66
29 69
29 70
29 74
29 76
29 77
29 79
29 82
29 83
29 84
29 93
29 101
29 102
29 108
29 112
29 113
29 117
29 130
29 131
29 133
29 134
29 139
29 140
29 146
29 150
29 152
29 158
29 159
29 161
30 31
30 32
30 33
30 34
30 35
30 36
30 38
30 40
30 42
30 46
30 49
30 50
30 51
30 52
30 53
30 54
30 55
30 56
30 57
30 58
30 59
30 62
30 63
30 65
30 66
30 67
30 68
30 69
30 70
30 71
30 72
30 73
30 74
30 75
30 76
30 77
30 79
30 80
30 85
30 86
30 87
30 88
30 89
30 90
30 91
30 92
30 94
30 95
30 97
30 98
30 101
30 102
30 103
30 104
30 105
30 106
30 107
30 108
30 109
30 111
30 112
30 113
30 114
30 115
30 116
30 118
30 121
30 122
30 124
30 125
30 129
30 130
30 131
30 133
30 134
30 135
30 136
30 137
30 138
30 141
30 142
30 143
30 145
30 146
30 147
30 149
30 150
30 151
30 152
30 154
30 155
30 157
31 32
31 33
31 36
31 38
31 39
31 40
31 42
31 43
31 44
31 45
31 46
31 49
31 50
31 51
31 53
31 54
31 55
31 57
31 58
31 59
31 63
31 64
31 65
31 66
31 67
31 68
31 69
31 70
31 71
31 72
31 73
31 74
31 75
31 77
31 78
31 79
31 80
31 83
31 84
31 85
31 86
31 87
31 88
31 89
31 91
31 92
31 93
31 94
31 95
31 96
31 97
31 100
31 101
31 102
31 104
31 105
31 106
31 108
31 112
31 113
31 114
31 115
31 117
31 118
31 122
31 125
31 126
31 127
31 129
31 130
31 131
31 132
31 134
31 135
31 136
31 137
31 138
31 139
31 141
31 142
31 145
31 146
31 147
31 148
31 149
31 150
31 151
31 152
31 154
31 155
31 157
31 158
31 160
31 161
32 34
32 40
32 41
32 44
32 45
32 48
32 49
32 50
32 51
32 52
32 53
32 54
32 55
32 56
32 57
32 58
32 61
32 62
32 66
32 67
32 68
32 69
32 70
32 71
32 72
32 73
32 77
32 79
32 81
32 82
32 83
32 84
32 86
32 89
32 91
32 93
32 94
32 95
32 97
32 99
32 100
32 101
32 102
32 103
32 105
32 106
32 108
32 109
32 111
32 112
32 114
32 115
32 116
32 117
32 118
32 119
32 125
32 126
32 127
32 129
32 131
32 132
32 133
32 134
32 135
32 137
32 138
32 139
32 140
32 142
32 146
32 147
32 148
32 149
32 150
32 152
32 153
32 155
32 158
32 159
32 161
33 38
33 40
33 44
33 45
33 49
33 50
33 54
33 55
33 56
33 64
33 71
33 75
33 87
33 97
33 98
33 112
33 113
33 114
33 117
33 134
33 136
33 137
33 139
33 145
33 147
33 152
33 153
33 155
33 157
33 161
34 35
34 37
34 38
34 39
34 40
34 43
34 44
34 50
34 51
34 52
34 53
34 54
34 56
34 58
34 61
34 65
34 66
34 67
34 68
34 70
34 71
34 72
34 73
34 74
34 75
34 79
34 83
34 84
34 85
34 86
34 88
34 90
34 92
34 94
34 98
34 100
34 101
34 102
34 105
34 106
34 108
34 109
34 112
34 113
34 115
34 116
34 117
34 118
34 119
34 125
34 126
34 129
34 130
34 131
34 133
34 134
34 136
34 137
34 138
34 140
34 141
34 143
34 146
34 149
34 151
34 152
34 153
34 157
34 161
35 36
35 37
35 39
35 40
35 41
35 44
35 45
35 46
35 48
35 49
35 50
35 53
35 54
35 55
35 56
35 58
35 59
35 64
35 65
35 66
35 68
35 69
35 70
35 72
35 73
35 74
35 75
35 76
35 77
35 78
35 79
35 80
35 82
35 84
35 87
35 89
35 90
35 91
35 93
35 97
35 98
35 99
35 101
35 104
35 105
35 106
35 107
35 108
35 111
35 113
35 114
35 115
35 116
35 117
35 118
35 119
35 120
35 121
35 128
35 129
35 131
35 133
35 134
35 135
35 136
35 137
35 138
35 140
35 141
35 142
35 145
35 146
35 147
35 149
35 150
35 151
35 152
35 155
35 157
35 158
35 159
35 160
35 161
36 38
36 40
36 43
36 44
36 45
36 46
36 48
36 50
36 52
36 55
36 56
36 57
36 59
36 63
36 65
36 66
36 67
36 68
36 69
36 71
36 72
36 73
36 74
36 75
36 77
36 79
36 81
36 82
36 83
36 87
36 88
36 89
36 91
36 92
36 93
36 94
36 97
36 98
36 101
36 105
36 106
36 108
36 109
36 113
36 114
36 115
36 116
36 117
36 118
36 122
36 125
36 126
36 128
36 129
36 130
36 131
36 137
36 138
36 139
36 142
36 143
36 145
36 146
36 147
36 149
36 150
36 151
36 152
36 154
36 158
36 159
36 160
37 40
37 43
37 49
37 50
37 51
37 52
37 55
37 58
37 61
37 62
37 65
37 67
37 68
37 69
37 70
37 75
37 77
37 80
37 83
37 84
37 87
37 89
37 91
37 92
37 94
37 97
37 99
37 100
37 101
37 102
37 103
37 106
37 112
37 115
37 116
37 117
37 118
37 119
37 120
37 125
37 129
37 131
37 133
37 134
37 136
37 138
37 139
37 141
37 142
37 143
37 145
37 147
37 151
37 152
37 153
37 154
38 39
38 40
38 42
38 44
38 45
38 49
38 50
38 51
38 52
38 53
38 54
38 56
38 57
38 58
38 59
38 60
38 61
38 63
38 64
38 65
38 66
38 67
38 68
38 69
38 70
38 71
38 72
38 73
38 74
38 75
38 76
38 77
38 79
38 83
38 84
38 85
38 86
38 87
38 88
38 89
38 90
38 91
38 92
38 93
38 94
38 95
38 98
38 99
38 101
38 102
38 104
38 105
38 106
38 107
38 108
38 109
38 110
38 113
38 114
38 115
38 117
38 118
38 120
38 125
38 126
38 128
38 129
38 130
38 132
38 133
38 134
38 135
38 137
38 138
38 141
38 142
38 143
38 144
38 145
38 147
38 148
38 149
38 150
38 151
38 153
38 154
38 156
38 157
38 158
38 159
39 40
39 41
39 45
39 46
39 49
39 51
39 53
39 54
39 58
39 59
39 64
39 66
39 67
39 68
39 69
39 71
39 72
39 74
39 75
39 79
39 82
39 85
39 87
39 89
39 92
39 94
39 100
39 103
39 105
39 106
39 108
39 109
39 112
39 113
39 114
39 115
39 116
39 117
39 126
39 127
39 131
39 134
39 137
39 142
39 148
39 150
39 151
39 152
39 153
39 154
39 157
39 158
39 161
40 41
40 42
40 43
40 44
40 45
40 46
40 47
40 48
40 49
40 50
40 51
40 52
40 54
40 55
40 56
40 57
40 58
40 59
40 60
40 61
40 62
40 63
40 64
40 65
40 66
40 68
40 69
40 70
40 71
40 72
40 73
40 74
40 75
40 76
40 77
40 79
40 80
40 81
40 82
40 83
40 84
40 86
40 87
40 89
40 91
40 92
40 93
40 94
40 95
40 97
40 98
40 99
40 100
40 101
40 102
40 103
40 104
40 105
40 106
40 107
40 108
40 110
40 111
40 112
40 113
40 114
40 115
40 116
40 118
40 119
40 120
40 121
40 125
40 126
40 127
40 128
40 129
40 130
40 131
40 132
40 133
40 134
40 136
40 137
40 138
40 139
40 140
40 142
40 144
40 146
40 147
40 148
40 150
40 151
40 152
40 153
40 154
40 155
40 157
40 158
40 159
40 161
41 42
41 49
41 51
41 59
41 60
41 61
41 63
41 64
41 65
41 68
41 70
41 71
41 72
41 74
41 75
41 76
41 77
41 93
41 96
41 101
41 102
41 106
41 108
41 111
41 113
41 114
41 115
41 117
41 118
41 120
41 130
41 131
41 134
41 135
41 138
41 139
41 142
41 147
41 149
41 150
41 154
42 49
42 51
42 53
42 54
42 55
42 57
42 61
42 62
42 63
42 64
42 65
42 66
42 70
42 71
42 72
42 73
42 74
42 77
42 79
42 83
42 84
42 85
42 89
42 95
42 102
42 106
42 109
42 110
42 111
42 114
42 116
42 125
42 130
42 133
42 134
42 137
42 138
42 139
42 142
42 146
42 147
42 152
42 154
42 157
42 158
42 160
43 45
43 50
43 51
43 53
43 55
43 57
43 58
43 61
43 63
43 64
43 65
43 67
43 70
43 72
43 74
43 75
43 76
43 77
43 79
43 80
43 82
43 83
43 85
43 87
43 88
43 89
43 90
43 91
43 93
43 94
43 97
43 99
43 100
43 101
43 102
43 103
43 104
43 108
43 109
43 111
43 112
43 113
43 114
43 115
43 116
43 117
43 118
43 120
43 122
43 126
43 128
43 129
43 130
43 131
43 132
43 134
43 138
43 140
43 141
43 142
43 144
43 145
43 146
43 147
43 150
43 151
43 154
43 157
43 158
43 159
43 160
43 161
44 46
44 47
44 48
44 50
44 51
44 54
44 55
44 56
44 62
44 64
44 67
44 68
44 69
44 70
44 71
44 72
44 73
44 74
44 76
44 79
44 80
44 81
44 82
44 83
44 85
44 86
44 89
44 93
44 94
44 95
44 96
44 99
44 100
44 101
44 102
44 104
44 105
44 106
44 107
44 108
44 109
44 111
44 112
44 113
44 114
44 117
44 118
44 119
44 121
44 122
44 125
44 126
44 129
44 130
44 131
44 133
44 134
44 135
44 137
44 139
44 140
44 141
44 143
44 145
44 148
44 151
44 152
44 153
44 154
44 155
44 157
44 159
45 46
45 48
45 49
45 50
45 53
45 54
45 55
45 56
45 57
45 58
45 59
45 61
45 62
45 63
45 65
45 66
45 67
45 68
45 69
45 72
45 73
45 74
45 75
45 78
45 79
45 80
45 81
45 84
45 85
45 86
45 87
45 89
45 90
45 91
45 93
45 94
45 96
45 98
45 99
45 101
45 102
45 103
45 104
45 106
45 108
45 110
45 112
45 113
45 114
45 115
45 116
45 117
45 118
45 121
45 122
45 123
45 125
45 126
45 127
45 128
45 129
45 130
45 131
45 132
45 133
45 134
45 135
45 136
45 138
45 139
45 141
45 142
45 143
45 145
45 146
45 147
45 151
45 152
45 153
45 155
45 157
45 158
45 161
46 49
46 51
46 55
46 56
46 59
46 63
46 64
46 65
46 67
46 69
46 70
46 71
46 72
46 74
46 79
46 81
46 82
46 84
46 86
46 89
46 94
46 98
46 100
46 101
46 102
46 103
46 104
46 105
46 106
46 109
46 110
46 114
46 115
46 117
46 118
46 125
46 126
46 128
46 129
46 131
46 133
46 134
46 137
46 138
46 141
46 142
46 147
46 149
46 150
46 152
46 153
46 154
46 155
46 157
46 161
47 51
47 54
47 56
47 58
47 60
47 62
47 67
47 69
47 70
47 72
47 73
47 74
47 79
47 84
47 89
47 91
47 96
47 101
47 102
47 104
47 107
47 115
47 116
47 117
47 118
47 123
47 132
47 133
47 134
47 142
47 148
47 149
47 154
47 155
47 159
48 51
48 54
48 57
48 59
48 62
48 67
48 68
48 72
48 79
48 87
48 88
48 89
48 94
48 95
48 101
48 102
48 104
48 106
48 108
48 109
48 114
48 117
48 118
48 125
48 129
48 131
48 134
48 137
48 138
48 146
48 150
48 151
48 153
48 155
49 50
49 51
49 52
49 54
49 56
49 57
49 58
49 59
49 60
49 61
49 62
49 63
49 64
49 65
49 66
49 67
49 68
49 69
49 70
49 71
49 72
49 73
49 74
49 75
49 77
49 79
49 80
49 81
49 85
49 88
49 89
49 90
49 91
49 92
49 93
49 94
49 96
49 97
49 98
49 99
49 100
49 101
49 102
49 103
49 105
49 106
49 107
49 108
49 110
49 112
49 114
49 115
49 116
49 117
49 118
49 120
49 121
49 123
49 125
49 127
49 129
49 130
49 131
49 132
49 134
49 135
49 136
49 138
49 139
49 141
49 142
49 143
49 144
49 147
49 148
49 150
49 151
49 152
49 153
49 154
49 157
49 158
49 159
49 161
50 51
50 52
50 54
50 56
50 58
50 59
50 62
50 63
50 65
50 66
50 67
50 68
50 69
50 70
50 71
50 72
50 73
50 74
50 75
50 76
50 77
50 82
50 84
50 86
50 89
50 91
50 95
50 96
50 97
50 99
50 100
50 102
50 105
50 106
50 109
50 112
50 115
50 116
50 117
50 125
50 128
50 130
50 132
50 133
50 134
50 135
50 138
50 139
50 141
50 143
50 145
50 147
50 148
50 153
50 154
50 158
50 161
51 53
51 54
51 56
51 57
51 58
51 59
51 60
51 63
51 64
51 65
51 66
51 67
51 68
51 69
51 70
51 71
51 72
51 73
51 74
51 76
51 77
51 79
51 84
51 85
51 86
51 87
51 90
51 91
51 93
51 94
51 97
51 98
51 99
51 100
51 102
51 103
51 104
51 105
51 106
51 107
51 108
51 109
51 111
51 112
51 113
51 114
51 115
51 117
51 118
51 119
51 120
51 122
51 124
51 125
51 126
51 128
51 129
51 130
51 131
51 132
51 133
51 134
51 135
51 136
51 137
51 138
51 141
51 142
51 143
51 144
51 146
51 147
51 148
51 149
51 150
51 151
51 153
51 154
51 155
51 157
51 158
51 159
51 160
51 161
52 54
52 56
52 58
52 61
52 64
52 65
52 66
52 68
52 70
52 71
52 72
52 73
52 74
52 75
52 79
52 80
52 81
52 83
52 87
52 88
52 89
52 94
52 97
52 101
52 102
52 103
52 104
52 106
52 107
52 108
52 111
52 113
52 114
52 115
52 118
52 121
52 125
52 131
52 133
52 134
52 136
52 138
52 140
52 142
52 147
52 149
52 150
52 151
52 152
52 153
52 154
52 155
52 157
52 158
52 159
52 161
53 54
53 56
53 57
53 62
53 64
53 66
53 67
53 70
53 71
53 76
53 77
53 79
53 85
53 91
53 92
53 94
53 99
53 101
53 102
53 105
53 106
53 113
53 115
53 116
53 117
53 121
53 125
53 128
53 130
53 131
53 133
53 134
53 137
53 138
53 140
53 142
53 143
53 147
53 148
53 153
53 154
53 157
53 158
54 55
54 56
54 57
54 58
54 59
54 60
54 63
54 64
54 65
54 66
54 67
54 68
54 69
54 70
54 71
54 72
54 73
54 74
54 75
54 76
54 77
54 79
54 80
54 81
54 83
54 84
54 85
54 86
54 87
54 89
54 90
54 91
54 92
54 93
54 95
54 96
54 97
54 100
54 101
54 102
54 105
54 106
54 107
54 108
54 110
54 111
54 112
54 113
54 114
54 115
54 116
54 117
54 118
54 121
54 122
54 125
54 126
54 127
54 129
54 130
54 132
54 133
54 134
54 136
54 137
54 138
54 139
54 142
54 143
54 145
54 146
54 147
54 150
54 151
54 152
54 153
54 154
54 155
54 157
54 158
54 160
55 56
55 57
55 59
55 60
55 61
55 63
55 64
55 65
55 66
55 67
55 68
55 69
55 70
55 73
55 74
55 75
55 77
55 80
55 81
55 84
55 86
55 87
55 91
55 92
55 94
55 95
55 96
55 97
55 98
55 99
55 101
55 102
55 103
55 105
55 106
55 107
55 108
55 109
55 110
55 111
55 112
55 113
55 115
55 117
55 125
55 130
55 131
55 133
55 134
55 138
55 141
55 143
55 145
55 146
55 147
55 149
55 150
55 151
55 152
55 154
55 157
55 158
55 159
55 161
56 57
56 58
56 59
56 60
56 61
56 62
56 63
56 64
56 65
56 67
56 68
56 69
56 70
56 71
56 72
56 73
56 74
56 75
56 76
56 77
56 79
56 81
56 82
56 84
56 85
56 87
56 88
56 89
56 91
56 92
56 93
56 94
56 96
56 97
56 99
56 100
56 101
56 102
56 103
56 105
56 106
56 107
56 109
56 110
56 111
56 112
56 113
56 114
56 115
56 116
56 117
56 119
56 122
56 125
56 126
56 128
56 129
56 131
56 133
56 134
56 135
56 137
56 138
56 139
56 140
56 141
56 142
56 143
56 145
56 146
56 147
56 149
56 150
56 151
56 152
56 153
56 154
56 157
56 158
56 160
56 161
57 61
57 66
57 67
57 70
57 71
57 72
57 79
57 80
57 92
57 93
57 94
57 96
57 97
57 98
57 100
57 106
57 108
57 109
57 112
57 117
57 125
57 130
57 131
57 132
57 133
57 142
57 143
57 147
57 151
57 154
57 156
57 157
58 59
58 62
58 63
58 64
58 65
58 66
58 67
58 68
58 69
58 71
58 72
58 74
58 75
58 76
58 77
58 79
58 83
58 84
58 85
58 87
58 89
58 90
58 92
58 93
58 94
58 95
58 97
58 101
58 103
58 104
58 105
58 106
58 107
58 108
58 109
58 111
58 112
58 113
58 114
58 115
58 117
58 118
58 120
58 124
58 125
58 127
58 128
58 129
58 130
58 131
58 134
58 135
58 136
58 137
58 141
58 142
58 145
58 146
58 150
58 152
58 153
58 154
58 155
58 157
58 158
58 159
58 160
59 63
59 65
59 67
59 68
59 70
59 72
59 73
59 74
59 77
59 79
59 80
59 82
59 83
59 85
59 88
59 89
59 90
59 92
59 93
59 96
59 102
59 106
59 109
59 112
59 113
59 114
59 115
59 116
59 119
59 122
59 125
59 126
59 129
59 136
59 137
59 138
59 139
59 141
59 142
59 147
59 150
59 151
59 152
59 154
59 157
59 159
59 161
60 64
60 66
60 67
60 68
60 69
60 77
60 79
60 80
60 84
60 86
60 91
60 93
60 94
60 96
60 98
60 101
60 105
60 106
60 108
60 109
60 111
60 126
60 134
60 147
60 151
60 152
61 63
61 64
61 65
61 66
61 67
61 68
61 69
61 72
61 75
61 76
61 77
61 79
61 82
61 84
61 85
61 86
61 87
61 88
61 89
61 91
61 93
61 97
61 98
61 99
61 102
61 105
61 106
61 108
61 110
61 113
61 114
61 115
61 116
61 117
61 118
61 129
61 131
61 133
61 134
61 135
61 137
61 138
61 139
61 142
61 143
61 146
61 154
61 158
61 159
61 160
62 63
62 65
62 66
62 68
62 69
62 70
62 72
62 73
62 75
62 77
62 81
62 82
62 83
62 86
62 87
62 89
62 90
62 92
62 93
62 95
62 96
62 99
62 101
62 103
62 106
62 109
62 112
62 115
62 116
62 124
62 129
62 131
62 132
62 133
62 134
62 135
62 136
62 138
62 146
62 147
62 148
62 150
62 152
62 154
62 156
62 158
62 161
63 65
63 67
63 68
63 69
63 70
63 72
63 73
63 74
63 75
63 77
63 79
63 83
63 84
63 85
63 88
63 89
63 92
63 93
63 94
63 95
63 97
63 100
63 104
63 105
63 106
63 108
63 110
63 111
63 113
63 114
63 115
63 117
63 118
63 122
63 123
63 125
63 126
63 129
63 130
63 131
63 133
63 134
63 135
63 137
63 138
63 139
63 141
63 144
63 148
63 149
63 151
63 152
63 154
63 155
63 158
63 159
63 160
64 65
64 66
64 67
64 68
64 69
64 70
64 71
64 72
64 73
64 74
64 75
64 76
64 77
64 78
64 79
64 80
64 81
64 82
64 83
64 84
64 85
64 87
64 88
64 89
64 91
64 92
64 93
64 94
64 96
64 97
64 98
64 99
64 101
64 102
64 103
64 105
64 107
64 108
64 109
64 110
64 111
64 112
64 113
64 115
64 116
64 117
64 119
64 120
64 123
64 125
64 126
64 127
64 129
64 130
64 131
64 132
64 133
64 135
64 136
64 137
64 138
64 139
64 141
64 142
64 143
64 144
64 145
64 146
64 147
64 148
64 149
64 151
64 152
64 153
64 158
64 159
64 161
65 66
65 67
65 68
65 69
65 70
65 71
65 72
65 73
65 74
65 75
65 77
65 79
65 83
65 84
65 85
65 87
65 88
65 89
65 91
65 93
65 94
65 96
65 97
65 98
65 100
65 101
65 102
65 103
65 105
65 108
65 109
65 110
65 112
65 113
65 114
65 115
65 116
65 117
65 118
65 119
65 125
65 126
65 128
65 130
65 132
65 134
65 135
65 137
65 138
65 139
65 140
65 141
65 142
65 143
65 145
65 146
65 147
65 149
65 151
65 152
65 153
65 154
65 155
65 157
65 158
65 159
65 161
66 67
66 68
66 69
66 70
66 71
66 72
66 74
66 75
66 77
66 79
66 80
66 81
66 82
66 85
66 86
66 87
66 88
66 89
66 90
66 92
66 93
66 97
66 98
66 99
66 100
66 101
66 102
66 104
66 105
66 106
66 108
66 109
66 111
66 112
66 113
66 114
66 115
66 116
66 117
66 121
66 125
66 126
66 127
66 128
66 130
66 131
66 133
66 134
66 136
66 137
66 138
66 139
66 140
66 141
66 142
66 143
66 147
66 148
66 149
66 150
66 151
66 152
66 153
66 154
66 155
66 157
66 158
66 159
67 68
67 69
67 70
67 71
67 72
67 73
67 74
67 75
67 76
67 77
67 79
67 80
67 81
67 82
67 83
67 84
67 85
67 86
67 87
67 88
67 89
67 90
67 92
67 95
67 96
67 97
67 98
67 99
67 100
67 101
67 102
67 103
67 104
67 105
67 106
67 107
67 108
67 109
67 110
67 112
67 113
67 114
67 115
67 116
67 117
67 118
67 123
67 125
67 126
67 127
67 128
67 129
67 130
67 131
67 133
67 134
67 135
67 137
67 138
67 139
67 141
67 142
67 144
67 145
67 146
67 147
67 148
67 150
67 151
67 152
67 154
67 155
67 157
67 158
67 159
67 160
67 161
68 69
68 71
68 72
68 73
68 74
68 75
68 76
68 77
68 79
68 80
68 84
68 86
68 87
68 89
68 92
68 93
68 94
68 95
68 96
68 97
68 98
68 99
68 100
68 101
68 102
68 105
68 107
68 109
68 110
68 111
68 112
68 113
68 114
68 115
68 116
68 117
68 118
68 119
68 124
68 125
68 126
68 127
68 128
68 130
68 131
68 133
68 134
68 137
68 138
68 139
68 140
68 141
68 142
68 146
68 147
68 148
68 149
68 150
68 151
68 152
68 153
68 154
68 157
68 159
68 161
69 70
69 71
69 72
69 73
69 74
69 76
69 77
69 79
69 80
69 81
69 83
69 84
69 85
69 86
69 87
69 89
69 90
69 92
69 93
69 94
69 95
69 97
69 98
69 99
69 101
69 102
69 103
69 104
69 106
69 107
69 108
69 109
69 111
69 113
69 116
69 117
69 120
69 122
69 126
69 127
69 128
69 129
69 130
69 133
69 134
69 135
69 136
69 137
69 138
69 139
69 140
69 142
69 143
69 145
69 146
69 147
69 149
69 150
69 151
69 152
69 153
69 155
69 158
69 159
69 160
70 71
70 72
70 73
70 74
70 75
70 76
70 77
70 79
70 81
70 82
70 83
70 84
70 85
70 86
70 87
70 89
70 90
70 91
70 92
70 93
70 94
70 95
70 96
70 97
70 98
70 99
70 102
70 103
70 105
70 106
70 107
70 108
70 109
70 111
70 112
70 113
70 114
70 115
70 116
70 117
70 118
70 119
70 120
70 121
70 125
70 126
70 127
70 128
70 129
70 131
70 133
70 134
70 135
70 136
70 137
70 138
70 139
70 140
70 141
70 145
70 146
70 147
70 148
70 149
70 150
70 151
70 152
70 153
70 154
70 155
70 157
70 158
70 159
70 160
70 161
71 72
71 73
71 74
71 75
71 77
71 79
71 81
71 83
71 85
71 87
71 88
71 89
71 90
71 93
71 94
71 95
71 97
71 98
71 99
71 100
71 101
71 102
71 103
71 104
71 105
71 106
71 107
71 108
71 109
71 110
71 111
71 114
71 115
71 116
71 117
71 118
71 122
71 124
71 125
71 126
71 127
71 128
71 129
71 130
71 131
71 132
71 133
71 134
71 135
71 137
71 138
71 139
71 141
71 142
71 146
71 147
71 148
71 149
71 152
71 153
71 154
71 158
71 159
71 160
71 161
72 74
72 75
72 76
72 78
72 79
72 81
72 82
72 83
72 84
72 85
72 87
72 88
72 89
72 90
72 91
72 92
72 93
72 94
72 98
72 99
72 100
72 101
72 103
72 106
72 107
72 108
72 109
72 111
72 112
72 113
72 114
72 115
72 116
72 117
72 121
72 123
72 125
72 126
72 127
72 129
72 130
72 131
72 133
72 134
72 135
72 136
72 137
72 138
72 139
72 140
72 142
72 144
72 145
72 146
72 147
72 148
72 150
72 151
72 152
72 153
72 154
72 155
72 156
72 157
72 158
72 159
72 160
73 74
73 75
73 76
73 78
73 79
73 82
73 83
73 84
73 85
73 87
73 88
73 89
73 91
73 93
73 94
73 96
73 97
73 98
73 101
73 102
73 103
73 104
73 105
73 106
73 107
73 108
73 110
73 112
73 113
73 114
73 115
73 116
73 117
73 120
73 122
73 125
73 127
73 128
73 129
73 130
73 132
73 134
73 135
73 136
73 137
73 138
73 141
73 142
73 143
73 146
73 147
73 151
73 152
73 154
73 155
73 157
73 158
73 159
73 160
74 75
74 76
74 77
74 79
74 80
74 81
74 82
74 84
74 86
74 87
74 88
74 89
74 91
74 92
74 96
74 97
74 98
74 100
74 101
74 102
74 103
74 104
74 105
74 106
74 107
74 108
74 109
74 112
74 114
74 115
74 118
74 119
74 124
74 125
74 126
74 128
74 129
74 130
74 131
74 132
74 133
74 134
74 135
74 136
74 137
74 138
74 139
74 140
74 142
74 146
74 147
74 148
74 149
74 150
74 151
74 152
74 153
74 154
74 156
74 157
74 158
74 159
74 160
74 161
75 77
75 79
75 80
75 83
75 84
75 85
75 87
75 89
75 93
75 96
75 97
75 98
75 100
75 101
75 102
75 103
75 105
75 106
75 108
75 109
75 110
75 111
75 113
75 114
75 115
75 116
75 117
75 118
75 124
75 125
75 126
75 127
75 128
75 129
75 130
75 131
75 132
75 133
75 134
75 135
75 138
75 139
75 141
75 142
75 146
75 147
75 150
75 151
75 152
75 153
75 158
75 159
75 161
76 79
76 82
76 84
76 89
76 94
76 100
76 101
76 102
76 109
76 112
76 114
76 117
76 118
76 125
76 127
76 128
76 131
76 133
76 134
76 137
76 138
76 139
76 143
76 145
76 148
76 150
76 151
76 152
76 154
76 158
76 159
76 160
76 161
77 79
77 82
77 86
77 88
77 89
77 90
77 92
77 93
77 97
77 98
77 99
77 101
77 102
77 106
77 108
77 110
77 111
77 112
77 113
77 114
77 116
77 118
77 121
77 125
77 128
77 129
77 131
77 133
77 134
77 137
77 138
77 139
77 141
77 142
77 143
77 145
77 146
77 147
77 150
77 151
77 152
77 153
77 156
77 158
77 161
78 88
78 113
78 114
78 118
78 129
78 133
78 134
78 137
78 142
78 152
78 154
78 156
79 80
79 83
79 84
79 86
79 89
79 92
79 95
79 97
79 98
79 99
79 100
79 101
79 102
79 104
79 105
79 106
79 108
79 109
79 110
79 112
79 113
79 114
79 115
79 116
79 118
79 120
79 122
79 123
79 125
79 126
79 127
79 129
79 130
79 131
79 133
79 134
79 135
79 136
79 137
79 138
79 139
79 140
79 141
79 142
79 143
79 145
79 147
79 148
79 149
79 150
79 151
79 152
79 153
79 154
79 155
79 156
79 158
79 159
79 160
79 161
80 83
80 84
80 85
80 86
80 87
80 91
80 92
80 93
80 94
80 97
80 98
80 101
80 104
80 105
80 106
80 108
80 109
80 110
80 111
80 112
80 113
80 117
80 118
80 122
80 125
80 126
80 128
80 129
80 131
80 133
80 134
80 139
80 141
80 142
80 143
80 146
80 147
80 148
80 149
80 150
80 151
80 152
80 154
80 157
81 84
81 86
81 87
81 88
81 89
81 93
81 94
81 95
81 97
81 101
81 102
81 108
81 111
81 113
81 115
81 116
81 117
81 118
81 124
81 131
81 137
81 138
81 142
81 147
81 150
81 151
81 154
81 155
81 157
81 161
82 85
82 87
82 89
82 102
82 104
82 105
82 106
82 108
82 112
82 114
82 115
82 117
82 118
82 122
82 127
82 129
82 130
82 131
82 134
82 136
82 142
82 147
82 152
82 153
82 154
82 156
83 86
83 89
83 91
83 93
83 97
83 101
83 102
83 108
83 111
83 112
83 113
83 117
83 118
83 125
83 126
83 130
83 131
83 133
83 134
83 137
83 146
83 147
83 148
83 150
83 152
83 153
83 154
83 158
83 161
84 85
84 87
84 88
84 91
84 93
84 94
84 95
84 98
84 101
84 102
84 103
84 108
84 109
84 110
84 112
84 113
84 115
84 117
84 118
84 120
84 122
84 125
84 126
84 129
84 134
84 135
84 137
84 138
84 139
84 142
84 143
84 144
84 145
84 146
84 147
84 150
84 151
84 152
84 154
84 155
84 156
84 157
84 158
84 160
85 90
85 91
85 92
85 93
85 94
85 95
85 100
85 101
85 103
85 106
85 107
85 112
85 114
85 115
85 116
85 117
85 118
85 123
85 125
85 131
85 134
85 137
85 142
85 145
85 146
85 147
85 150
85 152
85 154
85 158
86 87
86 89
86 93
86 94
86 97
86 101
86 102
86 106
86 108
86 109
86 112
86 113
86 114
86 115
86 117
86 118
86 124
86 125
86 126
86 128
86 129
86 130
86 131
86 146
86 149
86 152
86 154
86 157
86 158
86 159
86 161
87 88
87 92
87 93
87 94
87 97
87 99
87 101
87 102
87 104
87 107
87 108
87 109
87 111
87 112
87 113
87 114
87 115
87 117
87 118
87 119
87 125
87 127
87 129
87 135
87 136
87 138
87 139
87 142
87 145
87 147
87 148
87 151
87 152
87 154
87 158
87 159
87 160
88 89
88 92
88 94
88 95
88 97
88 102
88 103
88 104
88 106
88 107
88 108
88 109
88 112
88 113
88 115
88 118
88 125
88 129
88 131
88 133
88 135
88 137
88 138
88 142
88 143
88 146
88 147
88 148
88 151
88 152
88 153
88 154
88 155
88 158
89 90
89 91
89 92
89 93
89 94
89 96
89 97
89 99
89 101
89 102
89 103
89 104
89 105
89 106
89 107
89 108
89 109
89 110
89 111
89 113
89 114
89 115
89 116
89 117
89 118
89 120
89 123
89 124
89 126
89 127
89 129
89 130
89 131
89 132
89 133
89 134
89 135
89 137
89 138
89 139
89 140
89 141
89 142
89 143
89 145
89 146
89 147
89 149
89 150
89 151
89 152
89 153
89 155
89 157
89 158
89 159
89 160
90 94
90 101
90 102
90 106
90 112
90 115
90 117
90 125
90 126
90 129
90 134
90 138
90 142
90 145
90 146
90 147
90 161
91 92
91 94
91 99
91 102
91 105
91 106
91 108
91 109
91 111
91 112
91 113
91 114
91 115
91 117
91 118
91 125
91 127
91 128
91 129
91 131
91 133
91 135
91 137
91 138
91 141
91 142
91 145
91 147
91 148
91 152
91 153
91 154
91 156
91 157
91 161
92 93
92 101
92 106
92 108
92 109
92 111
92 113
92 115
92 118
92 120
92 128
92 129
92 130
92 133
92 134
92 135
92 137
92 138
92 139
92 141
92 143
92 146
92 147
92 149
92 150
92 151
92 152
92 154
92 155
92 159
93 94
93 96
93 98
93 100
93 102
93 105
93 106
93 107
93 108
93 109
93 113
93 116
93 117
93 118
93 119
93 121
93 125
93 126
93 129
93 130
93 131
93 132
93 134
93 135
93 137
93 138
93 139
93 142
93 145
93 147
93 148
93 151
93 152
93 153
93 154
93 158
93 161
94 99
94 101
94 102
94 104
94 105
94 106
94 107
94 109
94 112
94 113
94 114
94 115
94 116
94 117
94 119
94 125
94 126
94 127
94 128
94 129
94 131
94 133
94 134
94 135
94 136
94 138
94 141
94 142
94 143
94 145
94 147
94 148
94 149
94 150
94 151
94 152
94 153
94 154
94 157
94 158
94 160
95 101
95 107
95 109
95 112
95 113
95 114
95 115
95 117
95 118
95 120
95 121
95 122
95 129
95 131
95 132
95 133
95 134
95 135
95 139
95 146
95 149
95 152
95 153
95 154
95 155
95 157
95 158
95 159
95 161
96 101
96 102
96 105
96 106
96 108
96 109
96 116
96 118
96 125
96 126
96 131
96 133
96 134
96 136
96 139
96 147
96 150
96 151
96 152
96 160
97 98
97 99
97 100
97 102
97 103
97 104
97 105
97 106
97 107
97 108
97 110
97 111
97 113
97 114
97 115
97 116
97 117
97 118
97 119
97 122
97 123
97 124
97 125
97 126
97 128
97 129
97 130
97 131
97 133
97 134
97 137
97 141
97 142
97 146
97 147
97 148
97 149
97 150
97 151
97 152
97 153
97 154
97 155
97 157
97 158
97 159
97 160
97 161
98 101
98 102
98 105
98 108
98 109
98 110
98 114
98 115
98 118
98 125
98 129
98 131
98 134
98 136
98 137
98 138
98 142
98 143
98 145
98 148
98 150
98 151
98 152
98 161
99 101
99 104
99 106
99 107
99 108
99 109
99 111
99 112
99 113
99 114
99 115
99 116
99 118
99 120
99 129
99 130
99 131
99 133
99 136
99 138
99 139
99 140
99 150
99 155
99 158
99 159
99 161
100 101
100 104
100 106
100 107
100 108
100 109
100 112
100 114
100 116
100 118
100 126
100 128
100 129
100 131
100 133
100 134
100 136
100 137
100 138
100 142
100 146
100 152
100 154
100 155
100 158
100 159
101 102
101 103
101 104
101 106
101 107
101 108
101 109
101 111
101 112
101 113
101 114
101 115
101 116
101 117
101 118
101 119
101 120
101 121
101 122
101 125
101 128
101 129
101 130
101 131
101 133
101 134
101 135
101 137
101 138
101 139
101 141
101 143
101 145
101 146
101 147
101 148
101 150
101 151
101 152
101 153
101 154
101 155
101 157
101 158
101 159
101 160
102 103
102 104
102 105
102 106
102 107
102 108
102 109
102 110
102 113
102 114
102 115
102 116
102 117
102 118
102 119
102 120
102 123
102 125
102 126
102 127
102 129
102 130
102 131
102 132
102 133
102 134
102 135
102 136
102 137
102 138
102 139
102 142
102 143
102 145
102 146
102 147
102 148
102 149
102 150
102 151
102 152
102 154
102 155
102 156
102 158
102 160
103 105
103 107
103 108
103 109
103 110
103 111
103 113
103 114
103 115
103 116
103 117
103 118
103 120
103 124
103 125
103 129
103 130
103 131
103 137
103 138
103 140
103 141
103 142
103 147
103 151
103 152
103 154
103 155
103 157
103 158
103 159
103 160
103 161
104 108
104 111
104 113
104 115
104 117
104 125
104 126
104 128
104 129
104 132
104 137
104 138
104 139
104 140
104 142
104 146
104 147
104 149
104 154
104 158
105 107
105 108
105 109
105 112
105 113
105 114
105 115
105 116
105 118
105 119
105 123
105 126
105 129
105 130
105 131
105 133
105 134
105 136
105 137
105 139
105 142
105 145
105 146
105 147
105 148
105 149
105 150
105 151
105 152
105 153
105 154
105 158
105 160
105 161
106 107
106 109
106 110
106 111
106 112
106 114
106 115
106 116
106 117
106 118
106 119
106 120
106 122
106 123
106 124
106 125
106 126
106 127
106 128
106 129
106 130
106 131
106 133
106 134
106 135
106 136
106 137
106 138
106 141
106 142
106 143
106 144
106 146
106 147
106 148
106 150
106 151
106 152
106 153
106 154
106 155
106 157
106 158
106 159
106 160
106 161
107 108
107 110
107 112
107 113
107 115
107 117
107 119
107 125
107 126
107 131
107 133
107 134
107 135
107 136
107 137
107 138
107 145
107 147
107 149
107 150
107 151
107 152
107 153
107 154
107 155
107 156
107 157
107 161
108 109
108 110
108 111
108 112
108 113
108 114
108 115
108 118
108 120
108 121
108 122
108 124
108 126
108 127
108 129
108 130
108 131
108 132
108 133
108 134
108 135
108 136
108 137
108 138
108 139
108 140
108 141
108 142
108 144
108 145
108 146
108 147
108 148
108 149
108 151
108 152
108 154
108 157
108 158
108 159
108 161
109 113
109 115
109 116
109 117
109 118
109 122
109 124
109 125
109 126
109 127
109 131
109 132
109 133
109 134
109 135
109 136
109 137
109 138
109 139
109 141
109 142
109 143
109 146
109 147
109 150
109 151
109 152
109 153
109 154
109 158
109 159
109 160
110 112
110 113
110 114
110 116
110 118
110 122
110 129
110 131
110 133
110 135
110 137
110 141
110 150
110 154
111 113
111 114
111 115
111 116
111 117
111 118
111 125
111 126
111 127
111 130
111 131
111 133
111 135
111 139
111 141
111 142
111 149
111 150
111 151
111 152
111 153
111 154
111 160
111 161
112 113
112 114
112 115
112 117
112 118
112 124
112 125
112 126
112 127
112 128
112 129
112 130
112 131
112 134
112 135
112 137
112 139
112 141
112 143
112 145
112 146
112 148
112 151
112 154
112 157
112 158
112 161
113 114
113 115
113 116
113 117
113 118
113 119
113 125
113 126
113 127
113 128
113 129
113 131
113 133
113 134
113 135
113 136
113 138
113 141
113 142
113 143
113 145
113 146
113 147
113 150
113 151
113 152
113 153
113 154
113 156
113 157
113 158
113 160
113 161
114 115
114 116
114 117
114 118
114 124
114 125
114 126
114 128
114 129
114 130
114 131
114 133
114 134
114 135
114 136
114 137
114 138
114 140
114 141
114 142
114 143
114 144
114 145
114 146
114 147
114 149
114 150
114 151
114 152
114 153
114 154
114 156
114 158
114 159
114 161
115 116
115 117
115 118
115 120
115 121
115 124
115 126
115 127
115 129
115 131
115 133
115 134
115 135
115 136
115 137
115 138
115 139
115 141
115 143
115 145
115 146
115 147
115 148
115 149
115 150
115 151
115 154
115 155
115 156
115 157
115 159
115 160
115 161
116 117
116 118
116 120
116 126
116 129
116 130
116 133
116 134
116 137
116 138
116 139
116 140
116 142
116 146
116 148
116 150
116 151
116 153
116 154
116 155
116 158
116 161
117 118
117 119
117 121
117 122
117 124
117 125
117 126
117 127
117 128
117 129
117 130
117 131
117 133
117 134
117 135
117 136
117 137
117 138
117 141
117 142
117 144
117 146
117 147
117 148
117 149
117 150
117 151
117 152
117 154
117 155
117 157
117 158
117 159
117 160
117 161
118 119
118 122
118 123
118 124
118 125
118 126
118 129
118 130
118 131
118 132
118 133
118 134
118 136
118 137
118 138
118 139
118 141
118 142
118 143
118 145
118 146
118 147
118 148
118 151
118 152
118 153
118 154
118 157
118 158
118 159
118 160
118 161
119 129
119 134
119 139
119 140
119 141
119 145
119 151
119 157
119 161
120 129
120 131
120 135
120 142
120 146
120 154
120 155
120 158
120 161
121 136
121 137
121 140
121 147
121 150
121 153
121 154
121 158
121 161
122 125
122 129
122 133
122 137
122 138
122 141
122 143
122 144
122 147
122 149
122 151
122 152
122 154
122 159
122 161
123 129
123 133
123 137
123 139
123 141
123 142
123 149
123 152
123 154
123 158
124 125
124 126
124 131
124 133
124 137
124 138
124 141
124 142
124 150
125 126
125 127
125 129
125 130
125 131
125 133
125 134
125 135
125 137
125 138
125 139
125 140
125 142
125 144
125 145
125 146
125 147
125 149
125 150
125 151
125 152
125 157
125 158
125 160
125 161
126 128
126 129
126 130
126 131
126 134
126 135
126 136
126 138
126 139
126 142
126 144
126 146
126 147
126 148
126 149
126 150
126 152
126 153
126 154
126 159
126 160
126 161
127 130
127 131
127 136
127 137
127 138
127 143
127 146
127 147
127 149
127 151
127 154
127 158
127 161
128 131
128 133
128 134
128 137
128 138
128 141
128 143
128 146
128 148
128 155
128 157
128 160
129 130
129 131
129 135
129 136
129 137
129 138
129 141
129 142
129 143
129 145
129 147
129 148
129 149
129 150
129 151
129 153
129 154
129 156
129 157
129 158
129 159
129 160
129 161
130 131
130 133
130 134
130 135
130 137
130 138
130 142
130 143
130 146
130 147
130 149
130 150
130 151
130 152
130 153
130 154
130 156
130 157
130 158
131 132
131 133
131 134
131 136
131 137
131 138
131 139
131 140
131 141
131 142
131 143
131 145
131 146
131 147
131 149
131 150
131 151
131 152
131 153
131 154
131 157
131 158
131 159
131 161
132 133
132 135
132 137
132 147
132 148
132 150
132 154
132 157
132 158
132 161
133 134
133 135
133 137
133 138
133 139
133 140
133 142
133 145
133 146
133 147
133 149
133 150
133 151
133 152
133 153
133 154
133 157
133 158
133 159
133 160
133 161
134 135
134 137
134 138
134 139
134 141
134 142
134 143
134 145
134 147
134 148
134 150
134 151
134 152
134 153
134 154
134 155
134 158
134 159
134 160
134 161
135 138
135 139
135 141
135 142
135 143
135 146
135 147
135 148
135 152
135 153
135 154
135 157
135 158
135 159
136 137
136 146
136 147
136 150
136 152
136 153
136 154
136 161
137 138
137 141
137 142
137 143
137 145
137 146
137 147
137 150
137 151
137 152
137 153
137 154
137 157
137 158
137 160
137 161
138 139
138 140
138 141
138 142
138 143
138 144
138 145
138 146
138 147
138 148
138 149
138 150
138 151
138 152
138 153
138 154
138 155
138 157
138 158
138 160
138 161
139 140
139 142
139 146
139 147
139 148
139 150
139 151
139 152
139 155
139 156
139 158
139 160
139 161
140 142
140 147
140 148
140 152
140 154
140 155
140 161
141 148
141 150
141 151
141 152
141 153
141 154
141 155
141 157
141 158
141 159
141 160
141 161
142 147
142 148
142 149
142 150
142 152
142 153
142 154
142 155
142 157
142 158
142 159
142 160
143 145
143 146
143 147
143 150
143 152
143 153
143 154
143 155
143 158
143 161
144 149
144 152
144 154
144 157
144 158
145 146
145 147
145 150
145 151
145 153
145 154
145 158
145 159
145 160
145 161
146 148
146 150
146 151
146 152
146 153
146 154
146 155
146 157
146 158
146 160
147 148
147 150
147 151
147 152
147 153
147 155
147 156
147 157
147 158
147 159
147 160
147 161
148 151
148 152
148 154
148 158
148 160
148 161
149 153
149 154
149 157
149 161
150 151
150 152
150 153
150 154
150 156
150 158
150 161
151 152
151 153
151 154
151 155
151 157
151 158
151 159
151 160
152 153
152 154
152 157
152 158
152 159
152 160
152 161
153 154
153 155
153 157
153 158
153 161
154 155
154 157
154 161
155 157
155 158
155 159
155 161
157 158
157 160
157 161
158 159
158 160
