0 1
0 6
0 7
0 10
0 11
0 14
0 15
0 17
0 19
0 20
0 21
0 25
0 29
0 30
0 32
0 34
0 35
0 36
0 40
0 42
0 44
0 49
0 53
0 54
0 58
0 59
0 63
0 66
0 67
0 68
0 72
0 74
0 79
0 81
0 85
0 89
0 91
0 93
0 94
0 95
0 99
0 101
0 102
0 103
0 104
0 105
0 106
0 108
0 109
0 110
0 111
0 112
0 113
0 114
0 115
0 117
0 118
0 122
0 125
0 126
0 129
0 131
0 133
0 136
0 137
0 138
0 139
0 140
0 142
0 144
0 146
0 147
0 148
0 149
0 150
0 152
0 154
0 155
0 156
0 158
0 159
0 160
0 161
1 3
1 4
1 6
1 7
1 8
1 9
1 10
1 11
1 13
1 14
1 15
1 21
1 25
1 26
1 30
1 31
1 35
1 36
1 38
1 39
1 40
1 42
1 43
1 44
1 45
1 49
1 52
1 54
1 55
1 56
1 57
1 59
1 63
1 64
1 65
1 66
1 67
1 68
1 69
1 71
1 72
1 73
1 74
1 79
1 80
1 83
1 84
1 86
1 89
1 92
1 97
1 98
1 102
1 103
1 105
1 106
1 108
1 109
1 113
1 115
1 118
1 125
1 126
1 129
1 130
1 133
1 134
1 136
1 137
1 138
1 139
1 141
1 142
1 146
1 147
1 151
1 152
1 154
1 157
1 158
2 4
2 6
2 7
2 9
2 10
2 12
2 14
2 19
2 20
2 21
2 26
2 30
2 31
2 32
2 36
2 38
2 40
2 41
2 45
2 46
2 49
2 51
2 52
2 54
2 56
2 58
2 62
2 63
2 64
2 65
2 67
2 68
2 71
2 72
2 73
2 75
2 79
2 80
2 81
2 87
2 88
2 91
2 93
2 98
2 100
2 101
2 104
2 108
2 109
2 112
2 113
2 115
2 118
2 123
2 125
2 126
2 129
2 130
2 131
2 133
2 134
2 137
2 138
2 140
2 142
2 143
2 145
2 146
2 147
2 148
2 150
2 151
2 152
2 153
2 155
2 158
2 161
3 9
3 12
3 13
3 18
3 19
3 25
3 26
3 32
3 34
3 35
3 36
3 37
3 38
3 43
3 46
3 50
3 51
3 52
3 53
3 55
3 56
3 63
3 66
3 69
3 70
3 71
3 72
3 74
3 76
3 77
3 82
3 83
3 84
3 87
3 89
3 94
3 95
3 97
3 101
3 102
3 108
3 113
3 114
3 129
3 131
3 134
3 138
3 139
3 140
3 142
3 146
3 147
3 151
3 152
3 153
3 154
3 155
3 158
3 159
3 161
4 6
4 7
4 8
4 9
4 10
4 11
4 12
4 14
4 15
4 16
4 18
4 19
4 21
4 22
4 23
4 24
4 26
4 27
4 29
4 30
4 31
4 32
4 34
4 35
4 37
4 38
4 40
4 42
4 43
4 44
4 45
4 46
4 48
4 49
4 50
4 51
4 52
4 54
4 55
4 56
4 57
4 58
4 59
4 61
4 63
4 64
4 65
4 66
4 67
4 68
4 69
4 70
4 71
4 72
4 73
4 74
4 75
4 76
4 77
4 78
4 79
4 80
4 81
4 84
4 86
4 89
4 92
4 93
4 94
4 96
4 97
4 98
4 99
4 101
4 102
4 104
4 105
4 106
4 107
4 108
4 111
4 113
4 114
4 115
4 116
4 117
4 118
4 120
4 122
4 124
4 125
4 127
4 128
4 129
4 130
4 131
4 132
4 133
4 134
4 136
4 137
4 139
4 141
4 142
4 143
4 146
4 148
4 149
4 150
4 151
4 152
4 153
4 154
4 157
4 158
5 6
5 7
5 11
5 12
5 19
5 20
5 21
5 26
5 31
5 32
5 34
5 39
5 45
5 46
5 51
5 53
5 55
5 58
5 64
5 67
5 74
5 79
5 83
5 84
5 85
5 86
5 87
5 89
5 94
5 101
5 109
5 112
5 113
5 117
5 126
5 130
5 131
5 133
5 134
5 137
5 138
5 139
5 147
5 152
5 158
5 161
6 7
6 8
6 9
6 10
6 11
6 13
6 14
6 15
6 16
6 18
6 21
6 22
6 25
6 26
6 28
6 29
6 30
6 31
6 32
6 33
6 35
6 36
6 37
6 38
6 40
6 43
6 44
6 45
6 47
6 49
6 50
6 51
6 53
6 54
6 55
6 56
6 58
6 59
6 61
6 62
6 64
6 65
6 66
6 67
6 68
6 69
6 70
6 71
6 73
6 74
6 75
6 76
6 79
6 80
6 81
6 83
6 85
6 86
6 87
6 88
6 89
6 90
6 91
6 92
6 93
6 94
6 95
6 97
6 98
6 99
6 101
6 102
6 103
6 104
6 105
6 106
6 107
6 108
6 109
6 111
6 112
6 113
6 114
6 115
6 116
6 117
6 118
6 119
6 121
6 122
6 125
6 126
6 128
6 129
6 131
6 132
6 133
6 134
6 137
6 138
6 141
6 142
6 143
6 145
6 146
6 147
6 148
6 150
6 151
6 152
6 153
6 154
6 155
6 157
6 158
6 161
7 8
7 9
7 10
7 11
7 13
7 14
7 15
7 16
7 17
7 19
7 21
7 22
7 24
7 25
7 26
7 28
7 30
7 32
7 33
7 35
7 36
7 37
7 38
7 40
7 42
7 43
7 44
7 45
7 46
7 52
7 54
7 55
7 56
7 57
7 58
7 59
7 63
7 64
7 65
7 67
7 68
7 69
7 70
7 71
7 72
7 73
7 75
7 77
7 79
7 80
7 81
7 82
7 83
7 84
7 85
7 86
7 87
7 88
7 89
7 91
7 92
7 93
7 94
7 97
7 98
7 99
7 100
7 101
7 104
7 105
7 106
7 107
7 108
7 109
7 110
7 112
7 113
7 114
7 115
7 117
7 118
7 119
7 120
7 121
7 123
7 125
7 126
7 128
7 129
7 130
7 131
7 132
7 133
7 134
7 135
7 137
7 138
7 140
7 141
7 142
7 144
7 146
7 147
7 149
7 150
7 151
7 152
7 153
7 154
7 155
7 156
7 157
7 158
8 9
8 10
8 12
8 19
8 21
8 25
8 26
8 28
8 31
8 32
8 35
8 40
8 42
8 45
8 49
8 51
8 55
8 58
8 63
8 64
8 66
8 67
8 68
8 69
8 70
8 71
8 72
8 73
8 74
8 75
8 79
8 80
8 83
8 85
8 92
8 95
8 101
8 102
8 109
8 110
8 112
8 115
8 117
8 118
8 125
8 131
8 132
8 135
8 136
8 137
8 142
8 147
8 149
8 151
8 152
8 154
8 157
8 161
9 10
9 11
9 14
9 18
9 19
9 25
9 26
9 30
9 31
9 32
9 34
9 36
9 40
9 41
9 42
9 43
9 44
9 45
9 46
9 50
9 51
9 54
9 56
9 58
9 59
9 60
9 62
9 63
9 64
9 65
9 66
9 67
9 68
9 70
9 71
9 72
9 74
9 75
9 76
9 77
9 79
9 82
9 85
9 88
9 89
9 92
9 93
9 95
9 99
9 101
9 102
9 105
9 106
9 107
9 108
9 111
9 112
9 113
9 115
9 117
9 119
9 122
9 123
9 125
9 126
9 129
9 130
9 133
9 134
9 138
9 140
9 141
9 143
9 145
9 146
9 147
9 148
9 149
9 150
9 151
9 152
9 154
9 157
9 158
9 161
10 11
10 12
10 15
10 22
10 24
10 26
10 30
10 31
10 32
10 34
10 35
10 36
10 37
10 38
10 40
10 43
10 45
10 46
10 47
10 49
10 51
10 54
10 55
10 56
10 58
10 59
10 62
10 64
10 65
10 66
10 67
10 69
10 70
10 71
10 72
10 73
10 75
10 77
10 79
10 81
10 82
10 85
10 86
10 87
10 88
10 89
10 90
10 91
10 92
10 93
10 95
10 96
10 97
10 102
10 103
10 105
10 107
10 109
10 113
10 114
10 116
10 117
10 118
10 119
10 120
10 121
10 122
10 125
10 127
10 128
10 129
10 130
10 131
10 132
10 134
10 136
10 137
10 138
10 143
10 144
10 145
10 146
10 148
10 149
10 150
10 151
10 152
10 154
10 155
10 157
10 158
10 160
10 161
11 12
11 13
11 14
11 18
11 19
11 21
11 25
11 26
11 27
11 31
11 32
11 36
11 37
11 38
11 43
11 44
11 46
11 49
11 50
11 51
11 52
11 54
11 55
11 56
11 58
11 60
11 62
11 63
11 64
11 65
11 66
11 67
11 69
11 71
11 72
11 73
11 75
11 77
11 79
11 80
11 82
11 83
11 84
11 85
11 86
11 87
11 88
11 89
11 91
11 93
11 94
11 95
11 96
11 97
11 98
11 101
11 102
11 105
11 106
11 107
11 108
11 109
11 112
11 114
11 115
11 117
11 118
11 119
11 124
11 125
11 128
11 129
11 130
11 131
11 134
11 137
11 138
11 142
11 143
11 145
11 146
11 147
11 149
11 150
11 151
11 152
11 154
11 157
11 158
11 161
12 13
12 14
12 17
12 19
12 20
12 21
12 24
12 26
12 31
12 34
12 36
12 37
12 40
12 45
12 46
12 47
12 49
12 52
12 54
12 55
12 56
12 65
12 66
12 68
12 69
12 73
12 75
12 76
12 77
12 79
12 86
12 89
12 92
12 94
12 97
12 101
12 109
12 111
12 115
12 116
12 117
12 118
12 121
12 127
12 131
12 133
12 134
12 142
12 146
12 147
12 149
12 151
12 154
12 157
12 158
12 159
13 14
13 15
13 16
13 21
13 22
13 24
13 25
13 26
13 27
13 28
13 31
13 35
13 37
13 39
13 40
13 43
13 51
13 53
13 54
13 59
13 61
13 64
13 65
13 66
13 67
13 68
13 69
13 70
13 72
13 79
13 82
13 83
13 85
13 91
13 93
13 97
13 100
13 101
13 105
13 106
13 107
13 108
13 109
13 112
13 113
13 114
13 116
13 118
13 125
13 126
13 128
13 129
13 130
13 133
13 134
13 137
13 138
13 142
13 145
13 146
13 147
13 149
13 152
13 153
13 157
13 161
14 15
14 16
14 18
14 19
14 21
14 24
14 26
14 27
14 28
14 29
14 30
14 31
14 32
14 33
14 34
14 35
14 38
14 40
14 42
14 43
14 44
14 45
14 47
14 48
14 49
14 50
14 52
14 53
14 54
14 55
14 56
14 59
14 62
14 63
14 64
14 65
14 66
14 68
14 69
14 70
14 71
14 72
14 73
14 74
14 75
14 76
14 79
14 80
14 81
14 82
14 83
14 84
14 85
14 87
14 88
14 89
14 92
14 93
14 94
14 95
14 97
14 100
14 102
14 105
14 106
14 107
14 108
14 109
14 110
14 111
14 112
14 113
14 114
14 115
14 116
14 117
14 118
14 119
14 122
14 125
14 126
14 128
14 129
14 130
14 131
14 133
14 134
14 136
14 137
14 138
14 139
14 142
14 143
14 144
14 145
14 147
14 148
14 149
14 150
14 151
14 152
14 153
14 154
14 157
14 158
14 159
14 161
15 16
15 18
15 25
15 26
15 30
15 31
15 32
15 35
15 44
15 45
15 49
15 50
15 54
15 55
15 56
15 63
15 64
15 65
15 67
15 68
15 69
15 71
15 72
15 74
15 75
15 76
15 79
15 83
15 84
15 87
15 90
15 91
15 92
15 93
15 94
15 97
15 98
15 99
15 102
15 103
15 105
15 106
15 108
15 109
15 115
15 117
15 118
15 119
15 120
15 122
15 125
15 131
15 133
15 135
15 136
15 137
15 138
15 143
15 146
15 147
15 148
15 150
15 151
15 152
15 155
15 157
15 158
16 18
16 19
16 24
16 27
16 30
16 31
16 34
16 35
16 36
16 39
16 40
16 41
16 51
16 53
16 54
16 56
16 58
16 64
16 65
16 66
16 68
16 69
16 70
16 72
16 74
16 76
16 77
16 80
16 84
16 85
16 86
16 87
16 88
16 94
16 99
16 100
16 101
16 102
16 105
16 106
16 108
16 109
16 112
16 113
16 116
16 119
16 121
16 131
16 134
16 135
16 137
16 138
16 140
16 142
16 146
16 147
16 152
16 157
16 160
16 161
17 21
17 25
17 38
17 43
17 49
17 50
17 51
17 54
17 65
17 66
17 70
17 71
17 74
17 79
17 92
17 106
17 109
17 117
17 118
17 127
17 129
17 137
17 141
17 142
17 146
17 148
17 153
17 154
18 21
18 25
18 31
18 35
18 36
18 37
18 38
18 40
18 45
18 46
18 49
18 54
18 56
18 60
18 62
18 63
18 68
18 69
18 71
18 72
18 73
18 75
18 77
18 79
18 82
18 86
18 88
18 89
18 91
18 93
18 95
18 97
18 101
18 106
18 107
18 108
18 114
18 117
18 122
18 125
18 131
18 133
18 135
18 137
18 138
18 139
18 147
18 148
18 149
18 150
18 152
18 153
18 154
18 158
19 20
19 21
19 23
19 25
19 26
19 27
19 30
19 31
19 32
19 34
19 35
19 36
19 37
19 39
19 40
19 41
19 43
19 44
19 45
19 46
19 47
19 48
19 49
19 51
19 54
19 55
19 56
19 57
19 58
19 59
19 60
19 61
19 63
19 64
19 65
19 66
19 67
19 68
19 69
19 70
19 71
19 72
19 73
19 74
19 75
19 77
19 79
19 80
19 83
19 84
19 85
19 87
19 89
19 91
19 92
19 93
19 94
19 96
19 98
19 99
19 101
19 102
19 103
19 104
19 105
19 106
19 107
19 108
19 109
19 111
19 112
19 113
19 114
19 115
19 117
19 118
19 119
19 121
19 124
19 127
19 129
19 130
19 131
19 132
19 133
19 134
19 135
19 137
19 138
19 139
19 141
19 142
19 144
19 145
19 146
19 147
19 148
19 149
19 150
19 151
19 152
19 153
19 154
19 157
19 158
19 159
19 160
19 161
20 21
20 28
20 31
20 32
20 44
20 46
20 49
20 51
20 52
20 53
20 55
20 66
20 68
20 69
20 70
20 74
20 79
20 84
20 89
20 97
20 101
20 102
20 104
20 106
20 109
20 111
20 117
20 118
20 119
20 126
20 127
20 129
20 133
20 137
20 141
20 143
20 154
20 161
21 22
21 23
21 25
21 26
21 28
21 30
21 31
21 34
21 35
21 36
21 37
21 38
21 40
21 42
21 43
21 44
21 46
21 49
21 51
21 52
21 54
21 55
21 56
21 57
21 58
21 60
21 63
21 64
21 65
21 66
21 67
21 68
21 71
21 72
21 74
21 75
21 76
21 79
21 80
21 81
21 85
21 86
21 87
21 89
21 90
21 91
21 93
21 94
21 97
21 101
21 102
21 103
21 104
21 105
21 108
21 109
21 110
21 111
21 112
21 113
21 114
21 115
21 117
21 118
21 120
21 123
21 127
21 128
21 129
21 130
21 131
21 132
21 133
21 134
21 135
21 138
21 139
21 141
21 146
21 147
21 149
21 150
21 151
21 152
21 153
21 154
21 155
21 157
21 158
21 159
21 160
22 25
22 31
22 32
22 34
22 35
22 38
22 41
22 45
22 49
22 51
22 54
22 61
22 62
22 65
22 66
22 67
22 68
22 73
22 74
22 77
22 89
22 93
22 94
22 103
22 104
22 106
22 107
22 108
22 109
22 113
22 115
22 117
22 118
22 125
22 126
22 127
22 129
22 130
22 131
22 138
22 139
22 140
22 143
22 150
22 152
22 153
22 154
22 155
22 157
22 158
22 160
23 26
23 30
23 38
23 39
23 42
23 49
23 55
23 56
23 64
23 67
23 71
23 74
23 75
23 76
23 77
23 79
23 80
23 87
23 91
23 100
23 102
23 106
23 113
23 114
23 115
23 116
23 118
23 125
23 129
23 130
23 137
23 139
23 142
23 143
23 150
23 152
23 153
23 154
23 160
24 27
24 30
24 31
24 32
24 34
24 35
24 38
24 39
24 42
24 44
24 45
24 49
24 55
24 58
24 59
24 61
24 63
24 64
24 66
24 68
24 70
24 71
24 74
24 75
24 77
24 82
24 84
24 89
24 91
24 93
24 94
24 101
24 102
24 106
24 107
24 109
24 113
24 114
24 117
24 118
24 122
24 127
24 128
24 129
24 133
24 134
24 138
24 141
24 142
24 145
24 146
24 150
24 151
24 152
24 154
24 155
24 158
25 26
25 30
25 31
25 32
25 33
25 35
25 36
25 38
25 40
25 43
25 44
25 46
25 48
25 49
25 50
25 51
25 54
25 55
25 61
25 63
25 64
25 65
25 66
25 67
25 68
25 69
25 70
25 71
25 72
25 73
25 74
25 75
25 76
25 85
25 88
25 89
25 91
25 92
25 93
25 94
25 95
25 97
25 100
25 101
25 102
25 103
25 106
25 107
25 108
25 109
25 110
25 112
25 115
25 117
25 118
25 120
25 126
25 128
25 129
25 130
25 131
25 134
25 137
25 138
25 141
25 148
25 150
25 151
25 153
25 154
25 157
25 158
25 161
26 27
26 28
26 29
26 31
26 32
26 35
26 36
26 37
26 38
26 39
26 40
26 41
26 42
26 44
26 45
26 46
26 47
26 49
26 50
26 51
26 52
26 53
26 54
26 55
26 56
26 58
26 60
26 62
26 63
26 64
26 65
26 66
26 67
26 68
26 69
26 70
26 71
26 73
26 74
26 75
26 76
26 77
26 78
26 79
26 80
26 81
26 83
26 84
26 85
26 86
26 87
26 88
26 89
26 90
26 91
26 92
26 93
26 94
26 97
26 99
26 101
26 102
26 104
26 106
26 107
26 108
26 109
26 111
26 112
26 113
26 114
26 115
26 116
26 117
26 118
26 119
26 120
26 121
26 122
26 125
26 126
26 127
26 129
26 130
26 131
26 132
26 133
26 134
26 136
26 137
26 138
26 139
26 140
26 141
26 142
26 143
26 145
26 146
26 147
26 148
26 149
26 150
26 151
26 152
26 153
26 154
26 155
26 157
26 158
26 160
26 161
27 30
27 31
27 32
27 36
27 52
27 62
27 63
27 66
27 70
27 71
27 72
27 79
27 85
27 89
27 92
27 111
27 117
27 129
27 131
27 136
27 138
27 141
27 151
27 154
27 158
28 36
28 38
28 50
28 53
28 54
28 56
28 58
28 62
28 63
28 68
28 69
28 71
28 72
28 89
28 90
28 92
28 94
28 97
28 99
28 101
28 105
28 106
28 107
28 112
28 115
28 116
28 118
28 120
28 125
28 127
28 133
28 134
28 136
28 138
28 139
28 142
28 146
28 149
28 150
28 152
28 153
28 154
28 157
28 158
28 161
29 36
29 50
29 51
29 56
29 57
29 61
29 64
29 68
29 69
29 72
29 73
29 74
29 78
29 83
29 87
29 92
29 94
29 97
29 101
29 106
29 108
29 109
29 110
29 115
29 116
29 117
29 129
29 138
29 139
29 142
29 146
29 147
29 149
29 151
29 154
29 157
29 161
30 31
30 33
30 36
30 37
30 38
30 40
30 41
30 42
30 43
30 45
30 49
30 50
30 51
30 52
30 53
30 55
30 56
30 57
30 58
30 59
30 60
30 63
30 64
30 65
30 67
30 68
30 69
30 70
30 71
30 74
30 75
30 76
30 77
30 79
30 80
30 81
30 84
30 85
30 86
30 88
30 89
30 91
30 92
30 93
30 97
30 99
30 101
30 102
30 104
30 106
30 107
30 108
30 109
30 111
30 112
30 113
30 115
30 117
30 118
30 120
30 121
30 122
30 123
30 124
30 125
30 127
30 128
30 129
30 130
30 131
30 133
30 134
30 135
30 136
30 137
30 139
30 141
30 142
30 143
30 144
30 145
30 146
30 147
30 148
30 149
30 150
30 151
30 152
30 153
30 154
30 155
30 157
30 158
30 159
31 32
31 34
31 35
31 37
31 38
31 39
31 40
31 42
31 43
31 44
31 45
31 46
31 47
31 49
31 51
31 52
31 53
31 54
31 55
31 56
31 57
31 58
31 59
31 61
31 63
31 65
31 66
31 69
31 71
31 72
31 73
31 74
31 75
31 76
31 77
31 79
31 80
31 81
31 84
31 85
31 87
31 88
31 89
31 90
31 91
31 93
31 94
31 95
31 97
31 98
31 100
31 101
31 102
31 104
31 106
31 108
31 109
31 110
31 112
31 113
31 114
31 115
31 116
31 117
31 118
31 122
31 124
31 125
31 126
31 128
31 129
31 130
31 131
31 133
31 134
31 135
31 136
31 137
31 138
31 139
31 141
31 142
31 145
31 146
31 147
31 149
31 150
31 151
31 152
31 153
31 154
31 155
31 157
31 158
31 159
31 160
31 161
32 35
32 37
32 38
32 39
32 40
32 42
32 43
32 45
32 49
32 50
32 51
32 52
32 53
32 54
32 55
32 58
32 59
32 60
32 63
32 66
32 67
32 68
32 69
32 70
32 71
32 73
32 74
32 76
32 80
32 83
32 87
32 89
32 91
32 92
32 93
32 94
32 96
32 97
32 98
32 99
32 101
32 102
32 104
32 106
32 107
32 108
32 111
32 112
32 113
32 114
32 115
32 116
32 117
32 118
32 120
32 121
32 123
32 124
32 125
32 126
32 128
32 129
32 130
32 131
32 133
32 134
32 136
32 137
32 138
32 139
32 141
32 142
32 143
32 144
32 146
32 147
32 150
32 152
32 153
32 154
32 157
32 158
32 159
33 36
33 38
33 40
33 44
33 45
33 50
33 51
33 55
33 56
33 66
33 71
33 73
33 75
33 79
33 87
33 89
33 101
33 112
33 113
33 114
33 116
33 118
33 121
33 122
33 125
33 134
33 135
33 137
33 138
33 147
33 152
33 153
33 154
33 157
33 158
34 35
34 38
34 40
34 42
34 44
34 45
34 46
34 51
34 52
34 54
34 55
34 57
34 58
34 59
34 61
34 63
34 64
34 65
34 68
34 70
34 71
34 72
34 73
34 74
34 77
34 79
34 80
34 82
34 84
34 89
34 91
34 92
34 94
34 97
34 98
34 100
34 101
34 104
34 105
34 106
34 108
34 109
34 111
34 112
34 117
34 118
34 119
34 125
34 126
34 128
34 129
34 130
34 131
34 132
34 134
34 135
34 136
34 137
34 138
34 142
34 143
34 145
34 146
34 147
34 150
34 152
34 153
34 154
34 155
34 157
35 36
35 37
35 38
35 39
35 40
35 41
35 42
35 43
35 44
35 45
35 46
35 49
35 50
35 51
35 52
35 53
35 54
35 55
35 56
35 57
35 62
35 65
35 66
35 67
35 68
35 69
35 70
35 72
35 73
35 74
35 76
35 79
35 80
35 84
35 85
35 86
35 87
35 89
35 93
35 94
35 95
35 96
35 97
35 99
35 102
35 103
35 105
35 106
35 108
35 109
35 112
35 113
35 114
35 115
35 117
35 119
35 122
35 125
35 126
35 127
35 128
35 129
35 131
35 132
35 133
35 134
35 137
35 138
35 139
35 141
35 142
35 143
35 150
35 151
35 152
35 153
35 154
35 155
35 157
35 158
35 160
36 37
36 38
36 40
36 41
36 42
36 45
36 49
36 50
36 51
36 54
36 56
36 58
36 60
36 62
36 63
36 65
36 66
36 67
36 68
36 69
36 72
36 73
36 74
36 75
36 76
36 77
36 79
36 86
36 87
36 88
36 89
36 91
36 94
36 101
36 106
36 108
36 109
36 111
36 112
36 113
36 114
36 115
36 117
36 120
36 122
36 123
36 125
36 126
36 127
36 129
36 131
36 133
36 134
36 135
36 136
36 137
36 138
36 141
36 142
36 144
36 147
36 149
36 150
36 151
36 152
36 155
36 158
37 38
37 40
37 42
37 43
37 44
37 45
37 49
37 51
37 54
37 55
37 56
37 58
37 61
37 65
37 67
37 68
37 69
37 71
37 72
37 73
37 74
37 75
37 76
37 77
37 79
37 80
37 83
37 84
37 91
37 94
37 95
37 97
37 98
37 101
37 102
37 103
37 104
37 106
37 112
37 115
37 116
37 117
37 118
37 122
37 124
37 125
37 129
37 130
37 131
37 133
37 135
37 141
37 146
37 151
37 152
37 153
37 154
37 155
37 157
37 158
38 40
38 43
38 45
38 46
38 47
38 48
38 49
38 51
38 53
38 54
38 55
38 56
38 57
38 58
38 59
38 64
38 65
38 66
38 67
38 68
38 69
38 70
38 71
38 72
38 73
38 74
38 76
38 77
38 79
38 81
38 82
38 83
38 85
38 86
38 87
38 89
38 92
38 95
38 99
38 100
38 101
38 102
38 103
38 104
38 105
38 106
38 107
38 108
38 109
38 111
38 113
38 114
38 115
38 117
38 118
38 120
38 121
38 122
38 123
38 124
38 126
38 128
38 129
38 131
38 134
38 135
38 136
38 137
38 138
38 139
38 140
38 141
38 142
38 143
38 146
38 147
38 148
38 149
38 150
38 151
38 152
38 155
38 158
38 160
38 161
39 40
39 41
39 44
39 47
39 51
39 54
39 55
39 58
39 59
39 64
39 65
39 68
39 69
39 70
39 71
39 72
39 74
39 75
39 84
39 86
39 94
39 96
39 100
39 101
39 107
39 108
39 115
39 116
39 119
39 121
39 126
39 129
39 130
39 131
39 133
39 134
39 136
39 137
39 138
39 141
39 142
39 147
39 153
39 154
39 157
39 158
40 43
40 44
40 45
40 46
40 47
40 48
40 49
40 50
40 51
40 52
40 54
40 55
40 56
40 57
40 58
40 59
40 61
40 62
40 63
40 64
40 65
40 67
40 68
40 69
40 70
40 71
40 72
40 73
40 74
40 75
40 76
40 77
40 78
40 79
40 80
40 82
40 83
40 84
40 86
40 87
40 88
40 89
40 90
40 91
40 92
40 95
40 96
40 97
40 98
40 99
40 101
40 102
40 104
40 106
40 107
40 108
40 109
40 110
40 111
40 112
40 113
40 114
40 115
40 116
40 117
40 118
40 121
40 123
40 124
40 125
40 126
40 127
40 128
40 129
40 130
40 131
40 132
40 133
40 134
40 135
40 136
40 137
40 138
40 140
40 141
40 142
40 145
40 146
40 147
40 149
40 151
40 152
40 153
40 154
40 155
40 157
40 158
40 159
40 160
40 161
41 44
41 45
41 49
41 55
41 61
41 63
41 64
41 65
41 66
41 68
41 69
41 70
41 71
41 75
41 85
41 87
41 97
41 101
41 105
41 108
41 109
41 113
41 118
41 127
41 131
41 133
41 137
41 138
41 141
41 142
41 145
41 147
41 157
41 158
42 44
42 46
42 49
42 51
42 52
42 54
42 55
42 56
42 58
42 59
42 60
42 64
42 65
42 69
42 70
42 71
42 73
42 74
42 75
42 79
42 80
42 84
42 87
42 89
42 91
42 96
42 97
42 98
42 101
42 102
42 105
42 106
42 108
42 111
42 114
42 115
42 118
42 128
42 131
42 134
42 135
42 137
42 138
42 140
42 142
42 143
42 146
42 147
42 149
42 150
42 154
43 44
43 45
43 46
43 48
43 49
43 50
43 51
43 56
43 62
43 63
43 64
43 65
43 66
43 68
43 70
43 71
43 73
43 74
43 81
43 82
43 84
43 85
43 89
43 90
43 91
43 92
43 96
43 97
43 101
43 102
43 103
43 105
43 106
43 108
43 109
43 112
43 113
43 114
43 116
43 118
43 119
43 120
43 125
43 126
43 129
43 131
43 133
43 134
43 138
43 139
43 140
43 142
43 145
43 146
43 147
43 148
43 149
43 150
43 151
43 153
43 154
43 158
43 159
44 45
44 49
44 50
44 51
44 53
44 54
44 56
44 57
44 58
44 59
44 63
44 64
44 65
44 67
44 70
44 71
44 72
44 73
44 74
44 75
44 79
44 84
44 86
44 87
44 88
44 89
44 94
44 95
44 97
44 98
44 99
44 100
44 101
44 102
44 106
44 107
44 108
44 109
44 110
44 113
44 114
44 115
44 116
44 117
44 118
44 119
44 121
44 122
44 123
44 125
44 126
44 128
44 129
44 131
44 132
44 134
44 135
44 137
44 138
44 140
44 143
44 144
44 145
44 146
44 147
44 148
44 149
44 150
44 152
44 154
44 157
44 158
44 160
44 161
45 46
45 49
45 50
45 51
45 53
45 54
45 55
45 56
45 57
45 58
45 59
45 61
45 63
45 65
45 66
45 67
45 69
45 70
45 71
45 72
45 73
45 74
45 75
45 76
45 77
45 79
45 80
45 84
45 85
45 86
45 87
45 88
45 89
45 90
45 91
45 92
45 93
45 94
45 96
45 98
45 99
45 100
45 101
45 102
45 104
45 105
45 106
45 107
45 108
45 109
45 112
45 113
45 114
45 115
45 116
45 117
45 118
45 122
45 125
45 127
45 129
45 130
45 131
45 133
45 134
45 136
45 137
45 138
45 139
45 141
45 142
45 143
45 145
45 146
45 147
45 148
45 151
45 152
45 153
45 154
45 155
45 156
45 158
45 159
45 160
46 49
46 51
46 54
46 58
46 63
46 64
46 65
46 68
46 69
46 70
46 71
46 72
46 73
46 74
46 75
46 77
46 78
46 79
46 84
46 85
46 87
46 89
46 90
46 91
46 92
46 93
46 94
46 96
46 97
46 101
46 102
46 103
46 104
46 106
46 107
46 109
46 110
46 111
46 114
46 115
46 117
46 118
46 125
46 126
46 127
46 128
46 129
46 133
46 134
46 138
46 142
46 143
46 144
46 145
46 147
46 150
46 152
46 154
46 157
46 159
46 160
46 161
47 64
47 65
47 67
47 68
47 74
47 80
47 83
47 101
47 102
47 103
47 106
47 108
47 112
47 113
47 114
47 118
47 125
47 126
47 130
47 135
47 158
48 54
48 65
48 66
48 68
48 72
48 73
48 76
48 84
48 86
48 94
48 98
48 101
48 102
48 105
48 107
48 113
48 117
48 118
48 124
48 126
48 128
48 131
48 133
48 146
48 150
48 151
48 152
48 153
48 154
48 155
48 158
49 50
49 51
49 52
49 53
49 54
49 55
49 56
49 58
49 60
49 61
49 62
49 63
49 65
49 66
49 67
49 68
49 69
49 70
49 72
49 73
49 74
49 75
49 76
49 79
49 80
49 82
49 83
49 84
49 86
49 87
49 89
49 90
49 91
49 93
49 98
49 99
49 100
49 101
49 103
49 104
49 106
49 107
49 108
49 110
49 111
49 112
49 113
49 114
49 115
49 116
49 117
49 118
49 121
49 123
49 124
49 125
49 129
49 130
49 131
49 133
49 135
49 136
49 137
49 138
49 141
49 142
49 144
49 145
49 146
49 147
49 149
49 150
49 151
49 152
49 153
49 154
49 157
49 158
49 159
49 161
50 51
50 52
50 54
50 56
50 58
50 60
50 64
50 65
50 66
50 67
50 68
50 70
50 71
50 72
50 73
50 74
50 75
50 76
50 79
50 80
50 83
50 84
50 85
50 86
50 89
50 91
50 92
50 97
50 102
50 104
50 105
50 106
50 107
50 108
50 109
50 110
50 113
50 114
50 115
50 117
50 118
50 121
50 129
50 130
50 133
50 134
50 136
50 137
50 141
50 142
50 145
50 146
50 149
50 150
50 151
50 152
50 154
50 157
50 158
50 160
50 161
51 52
51 54
51 55
51 56
51 57
51 58
51 59
51 61
51 63
51 64
51 66
51 67
51 68
51 69
51 70
51 71
51 72
51 73
51 74
51 75
51 77
51 78
51 79
51 80
51 81
51 82
51 83
51 84
51 85
51 86
51 87
51 88
51 89
51 92
51 94
51 96
51 97
51 99
51 101
51 102
51 103
51 105
51 106
51 107
51 108
51 109
51 110
51 111
51 112
51 113
51 114
51 115
51 117
51 118
51 121
51 122
51 124
51 125
51 126
51 127
51 129
51 130
51 131
51 134
51 135
51 136
51 137
51 138
51 139
51 140
51 141
51 142
51 143
51 145
51 146
51 147
51 149
51 150
51 151
51 152
51 153
51 154
51 155
51 156
51 157
51 158
51 160
51 161
52 54
52 55
52 56
52 58
52 60
52 61
52 63
52 64
52 65
52 66
52 67
52 68
52 69
52 70
52 72
52 73
52 74
52 76
52 77
52 79
52 80
52 81
52 84
52 89
52 90
52 93
52 94
52 96
52 97
52 101
52 102
52 103
52 105
52 106
52 108
52 109
52 110
52 111
52 112
52 114
52 115
52 118
52 125
52 126
52 129
52 130
52 131
52 133
52 135
52 137
52 138
52 139
52 140
52 142
52 146
52 147
52 149
52 151
52 152
52 153
52 154
52 158
53 54
53 56
53 58
53 59
53 60
53 62
53 63
53 64
53 66
53 67
53 69
53 70
53 73
53 76
53 77
53 79
53 80
53 82
53 88
53 89
53 94
53 95
53 97
53 100
53 101
53 103
53 106
53 108
53 112
53 114
53 118
53 119
53 125
53 126
53 127
53 129
53 130
53 134
53 138
53 141
53 143
53 147
53 149
53 151
53 160
53 161
54 55
54 56
54 57
54 58
54 59
54 60
54 61
54 62
54 64
54 65
54 66
54 67
54 68
54 69
54 70
54 71
54 72
54 73
54 74
54 75
54 76
54 78
54 79
54 80
54 84
54 85
54 86
54 89
54 91
54 92
54 93
54 94
54 95
54 97
54 98
54 100
54 101
54 102
54 103
54 105
54 106
54 108
54 109
54 110
54 111
54 112
54 113
54 114
54 115
54 117
54 118
54 119
54 125
54 126
54 127
54 128
54 129
54 130
54 131
54 132
54 133
54 134
54 135
54 136
54 138
54 139
54 140
54 141
54 142
54 143
54 144
54 145
54 146
54 147
54 149
54 150
54 151
54 153
54 154
54 155
54 157
54 158
54 159
54 161
55 56
55 58
55 59
55 61
55 62
55 63
55 64
55 65
55 66
55 67
55 68
55 69
55 71
55 72
55 73
55 74
55 76
55 77
55 78
55 79
55 80
55 81
55 82
55 84
55 85
55 86
55 87
55 89
55 91
55 92
55 93
55 94
55 97
55 98
55 101
55 106
55 108
55 110
55 111
55 112
55 113
55 115
55 116
55 118
55 125
55 126
55 129
55 131
55 133
55 134
55 137
55 145
55 147
55 148
55 151
55 152
55 153
55 154
55 158
55 159
55 160
55 161
56 57
56 58
56 59
56 61
56 62
56 63
56 64
56 65
56 66
56 67
56 68
56 69
56 70
56 71
56 72
56 73
56 74
56 75
56 76
56 77
56 79
56 82
56 83
56 84
56 85
56 86
56 87
56 88
56 92
56 94
56 97
56 98
56 99
56 101
56 102
56 103
56 105
56 106
56 107
56 108
56 109
56 110
56 111
56 112
56 113
56 114
56 115
56 117
56 118
56 119
56 120
56 122
56 123
56 124
56 125
56 126
56 129
56 130
56 131
56 133
56 134
56 135
56 137
56 138
56 140
56 141
56 142
56 143
56 145
56 146
56 147
56 149
56 150
56 151
56 152
56 153
56 154
56 155
56 157
56 158
56 159
56 160
56 161
57 58
57 60
57 63
57 64
57 67
57 68
57 70
57 71
57 72
57 74
57 75
57 77
57 84
57 85
57 89
57 91
57 101
57 102
57 108
57 114
57 116
57 118
57 125
57 126
57 127
57 128
57 131
57 133
57 137
57 139
57 141
57 146
57 147
57 149
57 150
57 152
57 154
57 157
58 59
58 61
58 63
58 64
58 65
58 66
58 68
58 69
58 70
58 73
58 74
58 75
58 78
58 79
58 81
58 83
58 84
58 87
58 89
58 92
58 94
58 95
58 96
58 97
58 98
58 100
58 101
58 102
58 105
58 107
58 111
58 112
58 113
58 114
58 115
58 117
58 121
58 125
58 126
58 127
58 129
58 130
58 131
58 133
58 134
58 137
58 138
58 139
58 141
58 142
58 147
58 148
58 149
58 150
58 152
58 154
58 155
58 161
59 60
59 61
59 64
59 65
59 66
59 67
59 68
59 69
59 70
59 71
59 72
59 74
59 75
59 79
59 83
59 85
59 89
59 93
59 94
59 96
59 97
59 98
59 101
59 102
59 105
59 106
59 108
59 109
59 114
59 115
59 117
59 118
59 122
59 126
59 129
59 131
59 134
59 137
59 139
59 141
59 142
59 143
59 147
59 149
59 151
59 152
59 154
59 158
59 161
60 61
60 64
60 65
60 68
60 69
60 70
60 72
60 74
60 79
60 85
60 89
60 92
60 102
60 105
60 108
60 113
60 114
60 115
60 119
60 121
60 131
60 133
60 139
60 142
60 145
60 154
60 157
60 160
61 62
61 63
61 64
61 65
61 67
61 69
61 71
61 74
61 75
61 79
61 83
61 84
61 89
61 90
61 91
61 93
61 94
61 95
61 97
61 102
61 106
61 109
61 110
61 112
61 113
61 114
61 116
61 117
61 118
61 120
61 122
61 124
61 125
61 129
61 131
61 138
61 139
61 149
61 150
61 152
61 154
61 156
61 158
61 160
62 64
62 65
62 66
62 68
62 72
62 74
62 75
62 77
62 80
62 82
62 90
62 94
62 97
62 105
62 108
62 109
62 112
62 113
62 116
62 117
62 118
62 131
62 132
62 137
62 139
62 141
62 145
62 147
62 149
62 150
62 151
62 152
62 153
62 154
63 64
63 65
63 67
63 68
63 69
63 70
63 71
63 72
63 73
63 74
63 75
63 76
63 83
63 84
63 85
63 87
63 88
63 89
63 92
63 93
63 95
63 99
63 101
63 102
63 103
63 105
63 106
63 108
63 109
63 111
63 112
63 113
63 116
63 117
63 118
63 121
63 126
63 127
63 129
63 132
63 133
63 134
63 135
63 137
63 138
63 140
63 142
63 146
63 147
63 148
63 149
63 150
63 151
63 152
63 153
63 154
63 157
63 158
63 159
64 65
64 66
64 68
64 69
64 70
64 72
64 73
64 74
64 75
64 76
64 79
64 80
64 82
64 83
64 84
64 85
64 86
64 87
64 89
64 91
64 92
64 93
64 94
64 95
64 97
64 98
64 100
64 101
64 102
64 103
64 105
64 106
64 107
64 108
64 109
64 110
64 111
64 112
64 113
64 114
64 115
64 116
64 117
64 122
64 125
64 126
64 127
64 129
64 130
64 131
64 133
64 134
64 135
64 137
64 138
64 141
64 142
64 144
64 145
64 146
64 147
64 148
64 149
64 150
64 151
64 152
64 154
64 156
64 157
64 158
64 159
64 160
64 161
65 66
65 67
65 69
65 70
65 71
65 72
65 74
65 75
65 77
65 78
65 79
65 80
65 82
65 84
65 85
65 86
65 87
65 88
65 89
65 91
65 92
65 94
65 96
65 97
65 98
65 100
65 101
65 102
65 103
65 105
65 106
65 107
65 108
65 109
65 110
65 112
65 113
65 114
65 115
65 117
65 118
65 119
65 120
65 122
65 123
65 124
65 125
65 126
65 127
65 129
65 131
65 133
65 134
65 137
65 138
65 140
65 141
65 142
65 144
65 145
65 146
65 147
65 148
65 150
65 151
65 153
65 154
65 155
65 157
65 158
65 161
66 67
66 68
66 69
66 70
66 71
66 72
66 73
66 74
66 75
66 77
66 79
66 80
66 81
66 82
66 83
66 84
66 86
66 89
66 91
66 92
66 93
66 98
66 99
66 100
66 101
66 102
66 105
66 106
66 108
66 109
66 111
66 112
66 113
66 114
66 115
66 118
66 121
66 122
66 125
66 126
66 127
66 129
66 130
66 131
66 133
66 134
66 135
66 138
66 141
66 142
66 145
66 146
66 147
66 149
66 150
66 151
66 152
66 153
66 154
66 155
66 157
66 161
67 68
67 70
67 71
67 72
67 73
67 74
67 75
67 76
67 77
67 79
67 82
67 83
67 84
67 85
67 86
67 87
67 88
67 89
67 91
67 92
67 93
67 94
67 96
67 97
67 98
67 99
67 101
67 102
67 103
67 104
67 105
67 106
67 107
67 108
67 109
67 110
67 111
67 112
67 114
67 115
67 116
67 117
67 118
67 120
67 125
67 126
67 127
67 129
67 130
67 131
67 132
67 133
67 134
67 135
67 137
67 138
67 139
67 140
67 141
67 142
67 145
67 146
67 147
67 148
67 149
67 150
67 151
67 152
67 153
67 154
67 157
67 158
67 159
67 160
67 161
68 69
68 70
68 71
68 72
68 73
68 74
68 75
68 77
68 78
68 79
68 80
68 83
68 86
68 88
68 89
68 90
68 92
68 94
68 95
68 96
68 97
68 98
68 99
68 101
68 102
68 103
68 104
68 105
68 106
68 107
68 108
68 109
68 110
68 111
68 113
68 114
68 115
68 116
68 117
68 118
68 119
68 120
68 121
68 122
68 123
68 125
68 126
68 127
68 128
68 129
68 130
68 132
68 133
68 134
68 136
68 137
68 138
68 139
68 140
68 141
68 142
68 145
68 146
68 147
68 149
68 150
68 151
68 152
68 153
68 154
68 155
68 156
68 158
68 159
68 160
68 161
69 73
69 74
69 75
69 76
69 77
69 79
69 80
69 81
69 84
69 85
69 87
69 89
69 91
69 92
69 93
69 94
69 95
69 97
69 98
69 99
69 100
69 101
69 102
69 103
69 105
69 106
69 108
69 110
69 111
69 112
69 114
69 115
69 116
69 117
69 118
69 120
69 121
69 124
69 125
69 126
69 127
69 128
69 129
69 130
69 131
69 132
69 133
69 134
69 136
69 137
69 138
69 140
69 141
69 142
69 143
69 144
69 147
69 148
69 149
69 150
69 151
69 152
69 153
69 154
69 157
69 158
69 161
70 71
70 72
70 73
70 74
70 75
70 76
70 77
70 78
70 79
70 80
70 82
70 83
70 84
70 87
70 88
70 89
70 90
70 91
70 93
70 94
70 96
70 97
70 99
70 100
70 103
70 105
70 106
70 107
70 109
70 112
70 113
70 114
70 115
70 116
70 117
70 118
70 119
70 121
70 122
70 123
70 124
70 125
70 126
70 127
70 128
70 129
70 130
70 131
70 133
70 134
70 135
70 136
70 137
70 138
70 139
70 140
70 141
70 142
70 143
70 145
70 146
70 147
70 148
70 149
70 150
70 151
70 152
70 153
70 154
70 155
70 157
70 158
70 159
70 160
70 161
71 72
71 74
71 77
71 79
71 80
71 82
71 83
71 84
71 86
71 87
71 88
71 89
71 90
71 93
71 94
71 97
71 100
71 101
71 102
71 104
71 105
71 106
71 107
71 108
71 109
71 110
71 111
71 112
71 113
71 114
71 115
71 116
71 117
71 118
71 122
71 125
71 127
71 130
71 131
71 133
71 134
71 136
71 137
71 138
71 139
71 142
71 143
71 144
71 147
71 149
71 151
71 152
71 153
71 155
71 156
71 157
71 158
71 159
71 161
72 73
72 74
72 75
72 76
72 79
72 80
72 82
72 83
72 84
72 86
72 87
72 89
72 90
72 91
72 92
72 93
72 94
72 97
72 100
72 101
72 102
72 104
72 105
72 106
72 108
72 109
72 110
72 111
72 112
72 113
72 114
72 115
72 116
72 117
72 118
72 120
72 125
72 126
72 127
72 130
72 131
72 132
72 133
72 134
72 135
72 136
72 137
72 138
72 139
72 140
72 141
72 142
72 143
72 145
72 146
72 148
72 149
72 150
72 152
72 153
72 154
72 155
72 156
72 157
72 158
72 159
72 160
73 74
73 75
73 77
73 79
73 80
73 81
73 82
73 84
73 85
73 88
73 89
73 90
73 92
73 94
73 96
73 98
73 99
73 100
73 101
73 102
73 103
73 104
73 105
73 106
73 108
73 109
73 110
73 111
73 113
73 114
73 115
73 116
73 118
73 119
73 121
73 128
73 129
73 131
73 132
73 133
73 134
73 135
73 136
73 137
73 141
73 142
73 146
73 147
73 150
73 151
73 152
73 153
73 154
73 155
73 156
73 157
73 158
73 161
74 75
74 76
74 77
74 79
74 80
74 83
74 84
74 85
74 86
74 87
74 88
74 89
74 91
74 92
74 93
74 94
74 97
74 99
74 101
74 102
74 103
74 105
74 106
74 107
74 108
74 109
74 111
74 112
74 114
74 115
74 117
74 118
74 119
74 121
74 125
74 126
74 128
74 129
74 130
74 131
74 133
74 134
74 135
74 137
74 138
74 139
74 140
74 141
74 143
74 144
74 145
74 146
74 147
74 150
74 151
74 152
74 154
74 155
74 157
75 83
75 87
75 89
75 91
75 96
75 97
75 99
75 100
75 101
75 102
75 103
75 105
75 106
75 107
75 108
75 109
75 110
75 112
75 113
75 114
75 115
75 117
75 118
75 120
75 121
75 124
75 125
75 129
75 130
75 131
75 133
75 135
75 136
75 137
75 139
75 140
75 141
75 143
75 145
75 146
75 147
75 150
75 151
75 152
75 154
75 155
75 156
75 157
76 80
76 82
76 84
76 87
76 90
76 91
76 92
76 94
76 99
76 100
76 102
76 108
76 112
76 116
76 117
76 118
76 124
76 131
76 133
76 134
76 140
76 142
76 143
76 144
76 145
76 146
76 147
76 149
76 151
76 153
76 154
76 158
76 161
77 79
77 80
77 83
77 84
77 85
77 86
77 87
77 88
77 89
77 92
77 93
77 94
77 97
77 98
77 99
77 101
77 102
77 104
77 105
77 106
77 108
77 109
77 110
77 111
77 112
77 114
77 116
77 117
77 118
77 122
77 125
77 127
77 129
77 130
77 131
77 133
77 134
77 138
77 139
77 144
77 145
77 147
77 148
77 150
77 151
77 152
77 154
77 157
77 158
77 159
77 160
77 161
78 85
78 89
78 101
78 106
78 118
78 126
78 134
78 137
78 150
78 158
79 80
79 81
79 82
79 83
79 84
79 85
79 86
79 88
79 89
79 90
79 91
79 93
79 94
79 95
79 96
79 97
79 98
79 99
79 100
79 101
79 102
79 103
79 105
79 106
79 108
79 109
79 110
79 112
79 113
79 114
79 115
79 116
79 117
79 118
79 122
79 124
79 125
79 126
79 127
79 129
79 130
79 131
79 133
79 134
79 135
79 136
79 137
79 138
79 139
79 140
79 141
79 142
79 143
79 144
79 145
79 146
79 147
79 150
79 151
79 152
79 154
79 156
79 157
79 158
79 159
79 161
80 81
80 82
80 84
80 85
80 86
80 88
80 89
80 91
80 92
80 94
80 95
80 97
80 101
80 106
80 108
80 110
80 112
80 113
80 114
80 115
80 117
80 118
80 119
80 121
80 123
80 125
80 126
80 129
80 130
80 131
80 133
80 134
80 135
80 137
80 138
80 139
80 142
80 143
80 146
80 147
80 150
80 151
80 152
80 157
80 158
81 85
81 88
81 94
81 98
81 99
81 100
81 102
81 106
81 108
81 109
81 110
81 111
81 113
81 115
81 117
81 120
81 121
81 125
81 129
81 131
81 137
81 142
81 153
81 157
81 158
81 160
82 83
82 84
82 85
82 89
82 91
82 94
82 101
82 102
82 105
82 108
82 109
82 114
82 115
82 117
82 120
82 125
82 126
82 132
82 133
82 134
82 140
82 141
82 142
82 145
82 147
82 151
82 152
82 154
82 155
82 158
82 160
83 85
83 86
83 89
83 91
83 93
83 95
83 97
83 101
83 102
83 103
83 104
83 106
83 107
83 111
83 114
83 115
83 119
83 122
83 123
83 125
83 127
83 129
83 130
83 131
83 132
83 134
83 135
83 137
83 138
83 145
83 147
83 148
83 150
83 151
83 153
83 154
83 155
83 157
83 158
84 85
84 87
84 88
84 89
84 93
84 94
84 97
84 99
84 101
84 102
84 104
84 105
84 106
84 107
84 108
84 110
84 112
84 114
84 116
84 118
84 124
84 126
84 127
84 128
84 129
84 131
84 133
84 134
84 135
84 136
84 137
84 138
84 139
84 140
84 141
84 142
84 146
84 147
84 150
84 151
84 152
84 154
84 155
84 157
84 158
84 159
84 161
85 86
85 87
85 89
85 94
85 97
85 100
85 101
85 102
85 104
85 106
85 108
85 111
85 114
85 116
85 117
85 118
85 119
85 125
85 127
85 129
85 131
85 132
85 133
85 135
85 139
85 140
85 142
85 145
85 147
85 149
85 150
85 151
85 154
85 157
85 158
85 161
86 87
86 91
86 97
86 99
86 102
86 103
86 105
86 106
86 107
86 111
86 112
86 115
86 117
86 118
86 119
86 120
86 125
86 126
86 131
86 137
86 138
86 139
86 141
86 142
86 145
86 146
86 147
86 149
86 150
86 151
86 152
86 154
86 155
86 157
86 158
86 159
87 88
87 94
87 97
87 99
87 101
87 104
87 105
87 106
87 108
87 109
87 110
87 112
87 114
87 115
87 118
87 125
87 126
87 128
87 130
87 131
87 133
87 134
87 135
87 137
87 138
87 139
87 141
87 142
87 143
87 146
87 149
87 150
87 151
87 152
87 153
87 154
87 157
87 158
87 160
88 89
88 90
88 91
88 92
88 93
88 94
88 96
88 97
88 98
88 102
88 105
88 111
88 112
88 113
88 114
88 117
88 118
88 120
88 124
88 128
88 129
88 131
88 133
88 134
88 135
88 138
88 140
88 145
88 146
88 148
88 150
88 151
88 154
88 157
88 158
88 159
89 90
89 92
89 93
89 94
89 95
89 97
89 98
89 99
89 100
89 101
89 102
89 104
89 105
89 106
89 107
89 108
89 109
89 110
89 111
89 112
89 113
89 114
89 115
89 117
89 118
89 119
89 120
89 124
89 125
89 126
89 127
89 128
89 129
89 130
89 131
89 133
89 135
89 136
89 137
89 139
89 140
89 141
89 142
89 143
89 145
89 146
89 147
89 148
89 150
89 151
89 152
89 153
89 154
89 155
89 157
89 158
89 160
89 161
90 105
90 122
90 130
90 132
90 134
90 137
90 141
90 142
90 147
90 151
90 152
90 153
91 92
91 93
91 94
91 96
91 101
91 102
91 106
91 107
91 108
91 109
91 112
91 114
91 117
91 118
91 121
91 125
91 126
91 129
91 132
91 133
91 134
91 135
91 137
91 138
91 143
91 146
91 148
91 151
91 158
91 161
92 94
92 95
92 97
92 99
92 101
92 102
92 106
92 108
92 109
92 112
92 113
92 125
92 129
92 131
92 133
92 134
92 135
92 136
92 137
92 141
92 145
92 146
92 147
92 150
92 152
92 153
92 154
92 157
92 159
92 161
93 94
93 97
93 101
93 102
93 103
93 104
93 106
93 108
93 109
93 111
93 112
93 113
93 114
93 115
93 117
93 118
93 125
93 126
93 127
93 128
93 130
93 131
93 133
93 135
93 136
93 137
93 138
93 141
93 143
93 145
93 146
93 148
93 149
93 151
93 152
93 153
93 154
93 155
93 157
93 158
93 159
93 161
94 95
94 97
94 99
94 100
94 101
94 102
94 104
94 106
94 107
94 109
94 111
94 112
94 113
94 114
94 115
94 116
94 117
94 118
94 122
94 125
94 126
94 127
94 129
94 130
94 131
94 132
94 133
94 134
94 135
94 136
94 137
94 138
94 139
94 141
94 142
94 145
94 146
94 147
94 149
94 150
94 151
94 152
94 153
94 154
94 155
94 157
94 158
94 159
94 160
94 161
95 101
95 103
95 104
95 105
95 107
95 108
95 109
95 111
95 115
95 116
95 126
95 128
95 130
95 133
95 134
95 138
95 141
95 143
95 147
95 150
95 152
95 158
95 160
96 97
96 101
96 102
96 105
96 108
96 111
96 115
96 118
96 127
96 129
96 131
96 133
96 134
96 138
96 139
96 142
96 143
96 146
96 147
96 148
96 150
96 151
96 152
96 153
96 157
97 99
97 100
97 101
97 102
97 104
97 105
97 106
97 107
97 108
97 109
97 111
97 113
97 114
97 115
97 117
97 118
97 122
97 124
97 125
97 129
97 130
97 131
97 133
97 134
97 137
97 138
97 139
97 140
97 142
97 143
97 145
97 146
97 147
97 149
97 150
97 151
97 152
97 153
97 154
97 157
97 158
97 159
97 161
98 99
98 102
98 105
98 106
98 108
98 109
98 112
98 113
98 116
98 119
98 123
98 125
98 128
98 129
98 130
98 134
98 137
98 138
98 142
98 147
98 150
98 151
98 152
98 153
98 154
98 161
99 101
99 102
99 103
99 105
99 106
99 107
99 109
99 112
99 113
99 114
99 115
99 116
99 117
99 118
99 123
99 124
99 128
99 129
99 131
99 133
99 135
99 138
99 142
99 143
99 146
99 147
99 148
99 149
99 151
99 153
99 154
99 155
99 157
99 158
100 101
100 102
100 103
100 104
100 106
100 107
100 108
100 109
100 111
100 112
100 114
100 115
100 117
100 125
100 126
100 129
100 131
100 132
100 133
100 134
100 135
100 138
100 141
100 142
100 146
100 147
100 148
100 149
100 150
100 151
100 152
100 155
100 158
101 102
101 106
101 107
101 108
101 109
101 111
101 112
101 113
101 114
101 115
101 116
101 117
101 118
101 119
101 120
101 123
101 125
101 126
101 127
101 128
101 129
101 130
101 131
101 133
101 134
101 135
101 136
101 137
101 138
101 140
101 141
101 145
101 146
101 147
101 148
101 149
101 150
101 151
101 152
101 153
101 154
101 155
101 156
101 157
101 158
101 160
101 161
102 106
102 107
102 108
102 109
102 111
102 113
102 114
102 115
102 116
102 117
102 118
102 125
102 126
102 128
102 129
102 130
102 131
102 133
102 135
102 136
102 137
102 138
102 139
102 145
102 146
102 147
102 149
102 150
102 151
102 152
102 153
102 154
102 157
102 158
102 159
102 161
103 106
103 107
103 108
103 112
103 113
103 114
103 115
103 116
103 118
103 124
103 125
103 128
103 129
103 130
103 133
103 134
103 137
103 138
103 139
103 140
103 141
103 142
103 146
103 147
103 151
103 158
103 159
103 161
104 106
104 107
104 108
104 109
104 110
104 114
104 115
104 117
104 118
104 121
104 125
104 126
104 128
104 129
104 130
104 133
104 134
104 138
104 142
104 145
104 147
104 149
104 152
104 153
104 154
104 157
104 158
104 159
104 160
105 106
105 107
105 108
105 109
105 111
105 112
105 115
105 117
105 119
105 121
105 125
105 128
105 131
105 133
105 135
105 136
105 137
105 138
105 141
105 142
105 145
105 146
105 147
105 149
105 151
105 152
105 154
105 157
105 159
105 161
106 107
106 108
106 109
106 112
106 113
106 114
106 115
106 117
106 118
106 125
106 126
106 128
106 129
106 131
106 132
106 133
106 135
106 136
106 137
106 138
106 139
106 140
106 142
106 144
106 146
106 147
106 149
106 153
106 154
106 155
106 156
106 157
106 158
106 159
106 160
106 161
107 108
107 109
107 111
107 112
107 115
107 117
107 118
107 122
107 127
107 131
107 137
107 138
107 139
107 145
107 150
107 152
107 153
107 154
107 155
107 157
108 109
108 111
108 112
108 113
108 114
108 115
108 116
108 117
108 118
108 121
108 124
108 125
108 126
108 128
108 129
108 130
108 131
108 132
108 133
108 134
108 135
108 137
108 138
108 139
108 140
108 141
108 142
108 143
108 144
108 145
108 146
108 147
108 148
108 149
108 150
108 152
108 153
108 154
108 155
108 157
108 158
108 159
109 111
109 112
109 113
109 114
109 116
109 117
109 118
109 119
109 124
109 125
109 126
109 127
109 129
109 131
109 133
109 134
109 138
109 139
109 141
109 142
109 146
109 147
109 148
109 149
109 150
109 151
109 152
109 154
109 157
109 158
109 159
109 160
110 112
110 114
110 115
110 117
110 118
110 125
110 129
110 134
110 137
110 138
110 147
110 148
110 151
110 152
110 157
111 114
111 115
111 116
111 117
111 118
111 125
111 127
111 129
111 131
111 133
111 134
111 137
111 138
111 144
111 145
111 147
111 150
111 151
111 152
111 153
111 154
111 160
111 161
112 113
112 114
112 115
112 117
112 118
112 125
112 126
112 128
112 133
112 134
112 135
112 137
112 138
112 140
112 141
112 142
112 143
112 144
112 145
112 146
112 147
112 148
112 149
112 150
112 151
112 152
112 153
112 154
112 155
112 158
112 161
113 114
113 115
113 116
113 117
113 119
113 120
113 121
113 124
113 125
113 126
113 127
113 128
113 130
113 131
113 133
113 134
113 135
113 137
113 139
113 141
113 142
113 143
113 147
113 151
113 152
113 154
113 155
113 156
113 157
113 158
113 161
114 115
114 117
114 118
114 119
114 121
114 122
114 125
114 127
114 128
114 129
114 130
114 131
114 133
114 134
114 135
114 136
114 137
114 138
114 139
114 141
114 142
114 145
114 146
114 147
114 149
114 150
114 152
114 154
114 155
114 158
114 159
114 161
115 116
115 118
115 120
115 121
115 125
115 126
115 128
115 129
115 130
115 131
115 133
115 134
115 137
115 138
115 140
115 143
115 145
115 146
115 147
115 148
115 150
115 151
115 152
115 153
115 154
115 155
115 156
115 157
115 159
115 160
115 161
116 117
116 118
116 126
116 129
116 130
116 131
116 132
116 134
116 135
116 137
116 138
116 141
116 142
116 143
116 145
116 147
116 148
116 151
116 152
116 154
116 155
116 158
116 160
117 118
117 119
117 121
117 122
117 124
117 125
117 129
117 131
117 133
117 135
117 138
117 139
117 142
117 143
117 144
117 145
117 146
117 147
117 148
117 151
117 152
117 153
117 154
117 155
117 156
117 157
117 158
117 159
117 161
118 119
118 122
118 125
118 126
118 128
118 129
118 130
118 131
118 133
118 134
118 136
118 137
118 138
118 141
118 142
118 143
118 144
118 145
118 146
118 147
118 150
118 151
118 152
118 154
118 155
118 157
118 158
118 160
118 161
119 128
119 129
119 131
119 134
119 135
119 136
119 138
119 142
119 145
119 147
119 153
119 154
119 158
119 161
120 122
120 125
120 129
120 133
120 138
120 139
120 142
120 143
120 149
120 158
121 131
121 137
121 140
121 142
121 146
121 147
121 152
121 153
122 124
122 129
122 130
122 131
122 133
122 142
122 145
122 153
122 158
123 130
123 131
123 133
123 135
123 143
123 150
123 152
123 153
123 157
124 126
124 134
124 137
124 146
124 152
124 156
124 158
125 126
125 127
125 128
125 129
125 130
125 131
125 133
125 134
125 138
125 141
125 142
125 144
125 145
125 146
125 148
125 149
125 150
125 151
125 153
125 154
125 155
125 156
125 157
125 158
125 160
125 161
126 129
126 130
126 131
126 133
126 134
126 135
126 137
126 138
126 139
126 141
126 142
126 145
126 146
126 147
126 152
126 157
126 158
126 159
126 160
126 161
127 133
127 137
127 139
127 140
127 143
127 144
127 150
127 151
127 152
127 153
127 157
128 129
128 130
128 131
128 133
128 135
128 136
128 137
128 138
128 142
128 147
128 153
128 157
128 160
129 130
129 131
129 132
129 134
129 135
129 137
129 138
129 139
129 140
129 141
129 143
129 145
129 146
129 147
129 150
129 151
129 152
129 154
129 156
129 157
129 158
129 159
129 160
129 161
130 131
130 132
130 133
130 134
130 135
130 137
130 138
130 142
130 145
130 147
130 150
130 151
130 153
130 154
130 155
130 157
130 158
130 161
131 133
131 134
131 136
131 137
131 138
131 141
131 142
131 143
131 144
131 145
131 146
131 147
131 149
131 150
131 152
131 153
131 154
131 155
131 156
131 157
131 158
131 159
131 161
132 136
132 146
132 149
132 154
133 134
133 135
133 136
133 137
133 138
133 139
133 140
133 141
133 142
133 143
133 144
133 145
133 146
133 147
133 148
133 149
133 150
133 153
133 154
133 156
133 157
133 158
133 160
133 161
134 137
134 138
134 139
134 142
134 145
134 146
134 147
134 149
134 150
134 151
134 152
134 153
134 154
134 155
134 156
134 158
134 160
134 161
135 137
135 139
135 142
135 143
135 146
135 147
135 149
135 150
135 153
135 155
135 158
136 137
136 138
136 139
136 142
136 146
136 147
136 148
136 150
136 151
136 152
136 154
136 155
136 156
136 157
136 158
136 161
137 138
137 139
137 140
137 141
137 142
137 145
137 146
137 147
137 150
137 151
137 152
137 153
137 154
137 158
137 159
137 161
138 139
138 141
138 142
138 143
138 145
138 146
138 147
138 148
138 149
138 150
138 151
138 152
138 153
138 154
138 155
138 157
138 158
138 160
138 161
139 140
139 142
139 145
139 146
139 147
139 149
139 151
139 152
139 154
139 155
139 157
139 158
139 160
139 161
140 141
140 142
140 150
140 151
140 152
140 153
140 154
140 157
141 142
141 143
141 146
141 147
141 150
141 152
141 154
141 158
141 159
141 161
142 143
142 144
142 145
142 146
142 147
142 148
142 149
142 150
142 151
142 152
142 153
142 154
142 155
142 156
142 157
142 158
142 159
142 160
142 161
143 145
143 146
143 150
143 151
143 152
143 153
143 154
143 158
143 159
143 161
144 147
144 151
144 154
144 155
144 160
145 148
145 150
145 151
145 152
145 154
145 158
146 147
146 149
146 151
146 152
146 153
146 154
146 155
146 158
146 161
147 148
147 150
147 151
147 152
147 153
147 154
147 157
147 158
147 159
147 160
147 161
148 153
148 154
148 155
148 157
148 158
148 161
149 151
149 152
149 154
149 157
149 158
149 159
149 161
150 151
150 152
150 156
150 157
150 158
150 159
150 161
151 152
151 153
151 154
151 156
151 157
151 158
151 160
152 153
152 154
152 157
152 158
152 159
152 160
152 161
153 154
153 155
153 160
154 157
154 158
154 159
154 161
155 157
155 160
156 158
157 158
157 159
157 161
158 160
158 161
159 160
160 161
