0 2
0 3
0 7
0 9
0 11
0 13
0 14
0 15
0 18
0 19
0 20
0 22
0 24
0 30
0 31
0 35
0 40
0 43
0 44
0 45
0 46
0 49
0 50
0 51
0 52
0 56
0 57
0 58
0 63
0 64
0 65
0 66
0 67
0 68
0 69
0 70
0 72
0 74
0 75
0 76
0 79
0 80
0 84
0 85
0 90
0 91
0 93
0 94
0 98
0 100
0 101
0 102
0 103
0 104
0 105
0 107
0 109
0 111
0 113
0 114
0 116
0 117
0 118
0 119
0 120
0 125
0 126
0 127
0 128
0 129
0 133
0 134
0 135
0 136
0 137
0 138
0 141
0 142
0 143
0 144
0 151
0 152
0 154
0 160
0 161
1 2
1 3
1 6
1 7
1 9
1 11
1 14
1 18
1 19
1 20
1 21
1 22
1 23
1 25
1 26
1 29
1 30
1 31
1 32
1 34
1 35
1 38
1 40
1 43
1 48
1 49
1 50
1 51
1 54
1 55
1 56
1 57
1 61
1 62
1 63
1 64
1 65
1 67
1 68
1 69
1 70
1 72
1 74
1 76
1 77
1 82
1 83
1 84
1 86
1 87
1 88
1 91
1 92
1 93
1 94
1 96
1 97
1 101
1 102
1 103
1 106
1 108
1 109
1 111
1 112
1 115
1 118
1 120
1 125
1 127
1 128
1 129
1 130
1 132
1 133
1 134
1 136
1 137
1 138
1 139
1 140
1 146
1 147
1 149
1 151
1 153
1 154
1 158
1 160
1 161
2 4
2 8
2 9
2 12
2 14
2 19
2 23
2 24
2 26
2 28
2 29
2 30
2 31
2 35
2 36
2 39
2 40
2 43
2 45
2 49
2 54
2 56
2 60
2 63
2 64
2 65
2 66
2 68
2 69
2 72
2 73
2 74
2 76
2 79
2 80
2 81
2 84
2 97
2 100
2 101
2 102
2 106
2 108
2 113
2 115
2 118
2 121
2 123
2 126
2 128
2 129
2 133
2 134
2 137
2 138
2 142
2 145
2 146
2 147
2 153
2 154
2 160
2 161
3 7
3 10
3 11
3 13
3 14
3 17
3 19
3 21
3 31
3 32
3 40
3 41
3 47
3 48
3 49
3 50
3 51
3 53
3 58
3 59
3 61
3 64
3 65
3 66
3 67
3 68
3 70
3 72
3 74
3 84
3 85
3 89
3 91
3 92
3 93
3 94
3 97
3 98
3 101
3 105
3 106
3 108
3 113
3 114
3 115
3 118
3 131
3 133
3 134
3 135
3 137
3 138
3 142
3 145
3 151
3 152
3 154
4 5
4 6
4 8
4 9
4 10
4 12
4 13
4 15
4 18
4 19
4 20
4 21
4 23
4 24
4 25
4 26
4 28
4 29
4 30
4 31
4 32
4 35
4 36
4 37
4 38
4 40
4 41
4 44
4 45
4 46
4 47
4 50
4 51
4 52
4 55
4 56
4 57
4 60
4 61
4 63
4 64
4 65
4 66
4 67
4 68
4 69
4 70
4 71
4 72
4 73
4 74
4 75
4 77
4 79
4 80
4 81
4 82
4 85
4 86
4 87
4 88
4 89
4 92
4 93
4 94
4 96
4 97
4 98
4 99
4 100
4 101
4 102
4 104
4 106
4 107
4 109
4 110
4 111
4 112
4 113
4 114
4 115
4 116
4 117
4 118
4 119
4 121
4 122
4 125
4 128
4 129
4 130
4 131
4 132
4 133
4 134
4 135
4 136
4 137
4 138
4 140
4 142
4 145
4 146
4 147
4 148
4 150
4 151
4 152
4 153
4 154
4 155
4 157
4 158
4 159
4 160
5 10
5 14
5 20
5 21
5 24
5 26
5 36
5 40
5 42
5 44
5 46
5 51
5 52
5 54
5 59
5 61
5 63
5 64
5 65
5 68
5 69
5 70
5 71
5 72
5 74
5 77
5 79
5 89
5 96
5 102
5 104
5 105
5 106
5 108
5 112
5 113
5 114
5 115
5 117
5 128
5 131
5 133
5 138
5 142
5 146
5 150
5 154
5 155
5 157
5 158
5 159
5 160
5 161
6 7
6 9
6 10
6 11
6 12
6 13
6 14
6 15
6 16
6 18
6 19
6 20
6 21
6 24
6 26
6 29
6 30
6 31
6 32
6 34
6 35
6 36
6 37
6 38
6 39
6 40
6 41
6 43
6 44
6 45
6 46
6 49
6 50
6 51
6 52
6 53
6 54
6 55
6 56
6 57
6 58
6 62
6 64
6 65
6 66
6 67
6 68
6 69
6 70
6 71
6 73
6 74
6 75
6 79
6 80
6 81
6 82
6 83
6 84
6 85
6 86
6 87
6 88
6 89
6 90
6 91
6 92
6 93
6 94
6 97
6 98
6 99
6 100
6 101
6 102
6 103
6 104
6 105
6 106
6 108
6 109
6 110
6 112
6 113
6 115
6 116
6 117
6 118
6 119
6 121
6 122
6 125
6 126
6 127
6 128
6 129
6 130
6 131
6 132
6 133
6 134
6 138
6 139
6 140
6 141
6 142
6 143
6 145
6 147
6 148
6 149
6 150
6 151
6 152
6 153
6 154
6 155
6 157
6 158
6 161
7 9
7 10
7 11
7 13
7 14
7 15
7 16
7 17
7 18
7 19
7 21
7 22
7 25
7 26
7 27
7 28
7 29
7 30
7 31
7 32
7 33
7 35
7 36
7 37
7 40
7 42
7 43
7 44
7 45
7 46
7 47
7 49
7 51
7 52
7 53
7 54
7 55
7 56
7 58
7 60
7 61
7 62
7 63
7 64
7 65
7 66
7 67
7 68
7 70
7 71
7 72
7 73
7 74
7 75
7 76
7 77
7 78
7 82
7 83
7 84
7 85
7 87
7 88
7 89
7 90
7 93
7 95
7 96
7 97
7 98
7 100
7 101
7 102
7 103
7 104
7 105
7 107
7 108
7 109
7 114
7 115
7 116
7 118
7 120
7 121
7 124
7 126
7 127
7 128
7 129
7 130
7 131
7 133
7 134
7 137
7 138
7 141
7 142
7 145
7 146
7 148
7 149
7 151
7 152
7 153
7 154
7 155
7 157
7 158
7 160
7 161
8 9
8 11
8 21
8 26
8 28
8 29
8 31
8 33
8 36
8 38
8 40
8 46
8 47
8 54
8 56
8 57
8 61
8 63
8 64
8 67
8 68
8 69
8 75
8 77
8 79
8 89
8 91
8 97
8 101
8 106
8 108
8 112
8 114
8 115
8 116
8 117
8 127
8 133
8 138
8 140
8 150
8 154
8 157
8 158
8 160
9 11
9 14
9 19
9 20
9 21
9 26
9 28
9 31
9 32
9 35
9 36
9 37
9 38
9 39
9 40
9 42
9 43
9 44
9 45
9 46
9 47
9 48
9 51
9 52
9 53
9 54
9 55
9 56
9 58
9 59
9 62
9 64
9 65
9 67
9 68
9 69
9 71
9 72
9 73
9 74
9 75
9 79
9 80
9 82
9 83
9 84
9 85
9 87
9 89
9 92
9 93
9 94
9 97
9 99
9 100
9 101
9 102
9 103
9 105
9 106
9 107
9 108
9 109
9 112
9 114
9 115
9 118
9 120
9 123
9 125
9 126
9 129
9 130
9 131
9 132
9 137
9 138
9 139
9 141
9 146
9 147
9 148
9 150
9 151
9 152
9 153
9 154
9 155
9 157
9 158
9 160
9 161
10 11
10 12
10 14
10 15
10 18
10 19
10 21
10 26
10 27
10 28
10 30
10 31
10 32
10 35
10 36
10 38
10 39
10 40
10 42
10 44
10 46
10 50
10 53
10 54
10 57
10 58
10 60
10 61
10 63
10 64
10 65
10 66
10 68
10 69
10 71
10 72
10 73
10 74
10 76
10 77
10 79
10 80
10 83
10 84
10 86
10 87
10 88
10 89
10 92
10 94
10 96
10 97
10 98
10 100
10 101
10 102
10 105
10 108
10 109
10 113
10 114
10 115
10 117
10 118
10 119
10 120
10 121
10 125
10 127
10 128
10 129
10 131
10 133
10 134
10 135
10 137
10 138
10 139
10 142
10 145
10 147
10 148
10 149
10 150
10 154
10 157
10 158
10 160
10 161
11 13
11 14
11 18
11 19
11 24
11 25
11 26
11 28
11 29
11 31
11 32
11 34
11 35
11 36
11 38
11 39
11 40
11 42
11 43
11 44
11 45
11 49
11 52
11 54
11 57
11 60
11 61
11 62
11 63
11 64
11 65
11 67
11 68
11 69
11 70
11 71
11 72
11 73
11 74
11 75
11 77
11 79
11 80
11 81
11 84
11 86
11 87
11 88
11 91
11 92
11 93
11 94
11 95
11 96
11 98
11 99
11 101
11 105
11 106
11 107
11 108
11 111
11 113
11 114
11 115
11 117
11 118
11 123
11 125
11 127
11 129
11 131
11 137
11 138
11 139
11 141
11 142
11 144
11 146
11 147
11 148
11 149
11 151
11 152
11 153
11 154
11 155
11 158
11 159
11 161
12 17
12 21
12 24
12 25
12 26
12 32
12 33
12 34
12 37
12 43
12 45
12 49
12 50
12 51
12 54
12 55
12 56
12 63
12 64
12 65
12 66
12 68
12 69
12 73
12 76
12 77
12 80
12 82
12 84
12 87
12 94
12 97
12 98
12 101
12 102
12 103
12 106
12 107
12 108
12 109
12 110
12 113
12 114
12 116
12 117
12 125
12 126
12 129
12 135
12 136
12 137
12 139
12 140
12 146
12 147
12 152
12 154
12 158
13 14
13 15
13 18
13 22
13 25
13 26
13 31
13 35
13 36
13 37
13 40
13 44
13 45
13 49
13 52
13 53
13 55
13 57
13 58
13 60
13 62
13 63
13 66
13 67
13 68
13 69
13 70
13 71
13 72
13 74
13 76
13 79
13 80
13 82
13 83
13 85
13 88
13 91
13 93
13 94
13 95
13 97
13 104
13 105
13 107
13 109
13 113
13 115
13 118
13 122
13 125
13 126
13 129
13 130
13 133
13 135
13 137
13 138
13 142
13 146
13 151
13 154
13 158
13 161
14 15
14 16
14 17
14 18
14 19
14 22
14 23
14 24
14 25
14 26
14 27
14 29
14 30
14 31
14 32
14 33
14 34
14 35
14 36
14 39
14 40
14 41
14 43
14 44
14 45
14 48
14 49
14 51
14 54
14 55
14 56
14 57
14 58
14 59
14 61
14 62
14 64
14 65
14 67
14 68
14 70
14 71
14 72
14 73
14 74
14 75
14 78
14 79
14 80
14 83
14 84
14 85
14 86
14 88
14 89
14 91
14 92
14 93
14 94
14 96
14 97
14 98
14 100
14 101
14 102
14 103
14 104
14 106
14 108
14 110
14 111
14 112
14 113
14 114
14 115
14 116
14 117
14 118
14 119
14 120
14 123
14 124
14 125
14 126
14 127
14 128
14 129
14 130
14 131
14 132
14 133
14 134
14 135
14 136
14 137
14 138
14 139
14 141
14 142
14 143
14 145
14 147
14 149
14 150
14 151
14 152
14 153
14 154
14 155
14 157
14 158
14 159
14 160
14 161
15 19
15 23
15 24
15 25
15 31
15 32
15 38
15 39
15 48
15 53
15 54
15 56
15 66
15 68
15 70
15 72
15 73
15 74
15 77
15 80
15 82
15 86
15 88
15 89
15 93
15 94
15 97
15 99
15 101
15 102
15 103
15 105
15 106
15 108
15 109
15 113
15 115
15 120
15 126
15 127
15 130
15 134
15 135
15 137
15 138
15 152
15 154
15 155
15 157
15 158
15 161
16 19
16 21
16 22
16 25
16 26
16 30
16 32
16 34
16 37
16 40
16 44
16 45
16 49
16 52
16 54
16 56
16 62
16 67
16 68
16 70
16 71
16 72
16 73
16 74
16 77
16 79
16 84
16 86
16 89
16 93
16 94
16 95
16 97
16 101
16 102
16 108
16 109
16 110
16 112
16 114
16 115
16 117
16 118
16 125
16 127
16 129
16 133
16 134
16 137
16 142
16 143
16 147
16 152
16 153
16 154
16 157
16 158
17 19
17 21
17 26
17 34
17 38
17 40
17 45
17 49
17 53
17 58
17 63
17 64
17 70
17 72
17 73
17 79
17 101
17 102
17 114
17 119
17 124
17 131
17 133
17 135
17 136
17 137
17 147
18 24
18 25
18 26
18 36
18 37
18 38
18 40
18 44
18 45
18 49
18 50
18 52
18 55
18 56
18 59
18 64
18 66
18 68
18 69
18 70
18 72
18 74
18 80
18 82
18 85
18 86
18 87
18 92
18 94
18 101
18 102
18 105
18 106
18 110
18 111
18 112
18 115
18 118
18 124
18 125
18 126
18 128
18 129
18 130
18 131
18 133
18 137
18 138
18 141
18 142
18 143
18 145
18 147
18 150
18 151
18 152
18 154
18 155
18 157
18 158
18 159
18 160
18 161
19 21
19 22
19 24
19 26
19 28
19 30
19 31
19 32
19 35
19 36
19 37
19 38
19 40
19 42
19 43
19 45
19 46
19 47
19 48
19 49
19 50
19 51
19 52
19 53
19 54
19 55
19 56
19 58
19 59
19 61
19 62
19 63
19 64
19 66
19 67
19 68
19 69
19 70
19 71
19 72
19 73
19 74
19 75
19 77
19 79
19 80
19 81
19 82
19 83
19 84
19 86
19 89
19 92
19 94
19 95
19 97
19 98
19 99
19 101
19 102
19 105
19 106
19 107
19 109
19 111
19 112
19 113
19 114
19 115
19 117
19 118
19 119
19 121
19 125
19 126
19 128
19 129
19 130
19 131
19 132
19 133
19 134
19 135
19 136
19 137
19 139
19 140
19 141
19 142
19 143
19 144
19 146
19 147
19 148
19 149
19 150
19 151
19 152
19 153
19 154
19 157
19 158
19 161
20 22
20 30
20 31
20 33
20 37
20 39
20 45
20 51
20 54
20 56
20 57
20 61
20 64
20 68
20 69
20 71
20 73
20 74
20 77
20 83
20 86
20 89
20 91
20 92
20 93
20 94
20 102
20 104
20 106
20 113
20 114
20 115
20 117
20 119
20 126
20 129
20 131
20 136
20 137
20 138
20 142
20 147
20 151
20 153
20 154
20 157
21 22
21 24
21 25
21 26
21 28
21 30
21 32
21 34
21 35
21 36
21 37
21 38
21 39
21 40
21 42
21 44
21 45
21 46
21 47
21 48
21 49
21 50
21 51
21 53
21 54
21 55
21 56
21 57
21 58
21 59
21 60
21 61
21 62
21 63
21 64
21 65
21 66
21 68
21 70
21 71
21 72
21 74
21 77
21 78
21 79
21 80
21 81
21 82
21 83
21 84
21 87
21 88
21 89
21 91
21 92
21 94
21 95
21 97
21 99
21 100
21 101
21 102
21 103
21 105
21 106
21 108
21 109
21 110
21 112
21 113
21 117
21 118
21 119
21 121
21 123
21 125
21 126
21 127
21 129
21 130
21 131
21 133
21 135
21 137
21 139
21 141
21 142
21 143
21 146
21 147
21 149
21 151
21 152
21 153
21 154
21 155
21 156
21 157
21 159
21 161
22 26
22 31
22 32
22 35
22 36
22 38
22 40
22 49
22 51
22 54
22 56
22 58
22 61
22 63
22 65
22 66
22 67
22 68
22 70
22 71
22 72
22 74
22 75
22 77
22 78
22 83
22 86
22 88
22 90
22 94
22 97
22 100
22 102
22 105
22 106
22 108
22 109
22 112
22 113
22 115
22 117
22 119
22 122
22 124
22 131
22 133
22 134
22 138
22 140
22 141
22 142
22 143
22 145
22 151
22 154
22 155
22 158
22 159
22 161
23 30
23 33
23 36
23 40
23 49
23 58
23 64
23 65
23 67
23 68
23 72
23 77
23 79
23 80
23 83
23 92
23 93
23 101
23 102
23 114
23 115
23 117
23 123
23 124
23 131
23 133
23 134
23 137
23 138
23 139
23 140
23 142
23 147
23 150
23 160
24 25
24 26
24 30
24 34
24 35
24 37
24 44
24 45
24 46
24 49
24 50
24 51
24 52
24 54
24 55
24 56
24 57
24 58
24 59
24 64
24 67
24 68
24 69
24 70
24 72
24 73
24 74
24 75
24 79
24 84
24 91
24 92
24 94
24 97
24 101
24 102
24 108
24 109
24 112
24 113
24 114
24 115
24 121
24 124
24 128
24 131
24 134
24 142
24 146
24 149
24 150
24 151
24 152
24 153
24 157
24 161
25 26
25 27
25 28
25 29
25 30
25 31
25 32
25 34
25 35
25 36
25 37
25 38
25 43
25 44
25 45
25 48
25 49
25 50
25 52
25 53
25 54
25 56
25 58
25 62
25 63
25 64
25 65
25 66
25 67
25 68
25 69
25 71
25 72
25 73
25 74
25 79
25 88
25 94
25 97
25 99
25 101
25 103
25 105
25 106
25 107
25 108
25 109
25 110
25 111
25 112
25 113
25 114
25 115
25 118
25 119
25 125
25 126
25 133
25 137
25 139
25 141
25 142
25 143
25 147
25 151
25 152
25 154
25 155
25 157
25 158
25 161
26 30
26 31
26 33
26 34
26 35
26 36
26 38
26 40
26 42
26 44
26 45
26 46
26 48
26 49
26 50
26 51
26 52
26 53
26 54
26 55
26 56
26 57
26 58
26 59
26 61
26 62
26 64
26 66
26 67
26 68
26 69
26 70
26 71
26 72
26 73
26 74
26 76
26 77
26 78
26 79
26 80
26 82
26 83
26 84
26 85
26 86
26 87
26 88
26 89
26 90
26 91
26 93
26 94
26 95
26 96
26 97
26 98
26 99
26 100
26 101
26 102
26 104
26 105
26 106
26 107
26 108
26 109
26 111
26 112
26 113
26 114
26 115
26 116
26 117
26 118
26 119
26 121
26 122
26 125
26 126
26 127
26 128
26 129
26 131
26 133
26 134
26 135
26 137
26 138
26 139
26 141
26 142
26 143
26 147
26 148
26 150
26 151
26 152
26 153
26 154
26 155
26 157
26 158
26 161
27 30
27 40
27 44
27 45
27 47
27 48
27 49
27 51
27 55
27 56
27 60
27 65
27 66
27 67
27 68
27 69
27 70
27 71
27 72
27 89
27 95
27 99
27 100
27 101
27 103
27 107
27 112
27 129
27 134
27 138
27 145
27 152
27 154
28 31
28 32
28 34
28 40
28 43
28 45
28 47
28 49
28 50
28 54
28 55
28 58
28 59
28 63
28 67
28 68
28 69
28 70
28 75
28 84
28 89
28 94
28 97
28 108
28 114
28 115
28 129
28 132
28 133
28 138
28 139
28 142
28 146
28 150
28 151
28 152
28 154
28 157
28 158
28 159
28 160
28 161
29 30
29 31
29 32
29 35
29 37
29 45
29 54
29 56
29 65
29 68
29 70
29 72
29 74
29 75
29 79
29 81
29 83
29 88
29 90
29 91
29 92
29 93
29 94
29 97
29 108
29 113
29 114
29 115
29 118
29 129
29 130
29 131
29 133
29 134
29 137
29 138
29 142
29 145
29 147
29 149
29 150
29 152
29 153
29 154
29 157
29 159
29 160
29 161
30 31
30 32
30 33
30 34
30 35
30 36
30 37
30 39
30 40
30 41
30 42
30 43
30 44
30 45
30 46
30 49
30 50
30 51
30 54
30 56
30 58
30 62
30 63
30 64
30 65
30 67
30 68
30 70
30 71
30 72
30 73
30 74
30 75
30 76
30 77
30 79
30 80
30 83
30 84
30 87
30 88
30 90
30 91
30 92
30 94
30 95
30 97
30 98
30 99
30 100
30 101
30 102
30 106
30 108
30 109
30 113
30 114
30 115
30 116
30 117
30 120
30 124
30 127
30 128
30 129
30 130
30 131
30 134
30 135
30 137
30 138
30 139
30 140
30 141
30 142
30 144
30 146
30 147
30 149
30 151
30 152
30 153
30 154
30 156
30 158
30 160
30 161
31 32
31 33
31 35
31 37
31 39
31 40
31 42
31 43
31 44
31 45
31 46
31 48
31 49
31 50
31 51
31 52
31 53
31 56
31 57
31 58
31 60
31 63
31 64
31 65
31 67
31 70
31 71
31 73
31 74
31 75
31 77
31 78
31 79
31 84
31 85
31 88
31 89
31 90
31 91
31 92
31 93
31 94
31 97
31 98
31 99
31 100
31 101
31 102
31 105
31 106
31 107
31 108
31 109
31 111
31 112
31 113
31 115
31 116
31 117
31 118
31 122
31 125
31 126
31 127
31 128
31 129
31 131
31 132
31 133
31 134
31 136
31 137
31 138
31 139
31 141
31 142
31 143
31 146
31 147
31 148
31 150
31 151
31 152
31 153
31 154
31 155
31 157
31 158
31 159
31 160
31 161
32 34
32 35
32 36
32 37
32 39
32 40
32 42
32 43
32 44
32 45
32 46
32 47
32 49
32 50
32 51
32 53
32 54
32 55
32 56
32 57
32 58
32 61
32 62
32 63
32 64
32 66
32 67
32 68
32 70
32 71
32 72
32 73
32 74
32 79
32 80
32 82
32 83
32 84
32 85
32 88
32 89
32 91
32 92
32 94
32 96
32 97
32 98
32 99
32 100
32 101
32 102
32 104
32 105
32 106
32 107
32 108
32 109
32 110
32 112
32 113
32 114
32 116
32 117
32 118
32 119
32 120
32 123
32 124
32 125
32 129
32 131
32 133
32 135
32 136
32 137
32 138
32 141
32 143
32 144
32 145
32 146
32 147
32 148
32 149
32 150
32 151
32 152
32 153
32 155
32 157
32 158
32 161
33 40
33 44
33 45
33 46
33 49
33 51
33 52
33 65
33 72
33 74
33 79
33 83
33 89
33 91
33 93
33 109
33 114
33 115
33 131
33 137
33 138
33 139
33 146
33 155
33 157
33 158
33 161
34 35
34 36
34 38
34 40
34 44
34 45
34 46
34 49
34 51
34 53
34 54
34 55
34 56
34 58
34 62
34 63
34 64
34 65
34 66
34 67
34 70
34 71
34 72
34 73
34 75
34 80
34 84
34 85
34 86
34 88
34 89
34 91
34 92
34 94
34 95
34 101
34 105
34 106
34 108
34 109
34 112
34 113
34 114
34 116
34 118
34 119
34 121
34 125
34 126
34 127
34 130
34 131
34 134
34 137
34 138
34 141
34 142
34 143
34 146
34 148
34 149
34 151
34 152
34 154
34 157
34 161
35 36
35 37
35 38
35 39
35 40
35 41
35 42
35 45
35 49
35 51
35 54
35 56
35 61
35 62
35 63
35 64
35 65
35 66
35 68
35 70
35 71
35 72
35 73
35 74
35 75
35 79
35 84
35 86
35 88
35 92
35 93
35 94
35 95
35 97
35 98
35 101
35 102
35 103
35 104
35 105
35 106
35 107
35 112
35 113
35 114
35 115
35 116
35 117
35 119
35 120
35 121
35 125
35 126
35 127
35 129
35 130
35 131
35 133
35 134
35 137
35 138
35 139
35 141
35 142
35 143
35 147
35 149
35 150
35 151
35 152
35 153
35 154
35 158
35 161
36 37
36 38
36 39
36 41
36 44
36 45
36 48
36 49
36 50
36 51
36 53
36 54
36 55
36 57
36 60
36 61
36 63
36 65
36 66
36 67
36 68
36 69
36 70
36 71
36 72
36 73
36 74
36 75
36 76
36 77
36 78
36 79
36 80
36 81
36 85
36 86
36 87
36 89
36 91
36 94
36 97
36 101
36 102
36 104
36 106
36 107
36 112
36 113
36 114
36 115
36 117
36 122
36 125
36 129
36 133
36 135
36 137
36 138
36 142
36 143
36 145
36 147
36 148
36 149
36 150
36 151
36 152
36 154
36 155
36 157
36 158
36 161
37 38
37 40
37 43
37 46
37 48
37 49
37 51
37 52
37 54
37 56
37 57
37 60
37 61
37 64
37 66
37 67
37 68
37 70
37 71
37 74
37 77
37 81
37 85
37 86
37 87
37 88
37 89
37 92
37 93
37 94
37 95
37 97
37 99
37 100
37 101
37 102
37 104
37 105
37 106
37 107
37 108
37 111
37 112
37 114
37 115
37 117
37 118
37 122
37 124
37 125
37 128
37 131
37 134
37 135
37 137
37 138
37 142
37 145
37 146
37 147
37 150
37 151
37 152
37 154
37 158
37 161
38 40
38 41
38 43
38 44
38 45
38 46
38 47
38 49
38 52
38 53
38 54
38 55
38 59
38 62
38 63
38 64
38 65
38 66
38 67
38 68
38 69
38 70
38 72
38 73
38 74
38 75
38 76
38 77
38 78
38 79
38 80
38 81
38 82
38 83
38 84
38 85
38 86
38 87
38 89
38 91
38 92
38 93
38 94
38 97
38 98
38 99
38 100
38 101
38 103
38 104
38 105
38 106
38 108
38 109
38 110
38 112
38 113
38 114
38 115
38 116
38 117
38 118
38 125
38 126
38 127
38 128
38 129
38 131
38 132
38 133
38 134
38 135
38 137
38 138
38 139
38 141
38 144
38 146
38 147
38 151
38 153
38 154
38 155
38 156
38 157
38 158
38 159
38 161
39 40
39 42
39 43
39 44
39 45
39 46
39 47
39 49
39 50
39 53
39 54
39 59
39 61
39 64
39 65
39 66
39 67
39 68
39 69
39 70
39 71
39 72
39 74
39 75
39 76
39 77
39 79
39 83
39 86
39 89
39 90
39 92
39 93
39 94
39 96
39 97
39 102
39 104
39 106
39 108
39 109
39 112
39 114
39 115
39 116
39 118
39 122
39 126
39 129
39 131
39 133
39 134
39 137
39 138
39 139
39 141
39 142
39 146
39 150
39 151
39 152
39 153
39 154
39 158
39 160
39 161
40 43
40 44
40 47
40 49
40 51
40 52
40 53
40 54
40 55
40 56
40 57
40 58
40 59
40 60
40 61
40 62
40 63
40 64
40 65
40 66
40 67
40 68
40 69
40 70
40 71
40 72
40 73
40 74
40 75
40 76
40 77
40 79
40 80
40 81
40 82
40 83
40 86
40 87
40 91
40 92
40 93
40 94
40 95
40 97
40 98
40 101
40 102
40 103
40 104
40 105
40 106
40 107
40 108
40 109
40 110
40 111
40 112
40 113
40 114
40 115
40 116
40 117
40 118
40 120
40 125
40 126
40 127
40 128
40 129
40 130
40 131
40 133
40 134
40 135
40 137
40 138
40 139
40 142
40 143
40 144
40 146
40 147
40 148
40 149
40 150
40 152
40 153
40 154
40 155
40 156
40 157
40 158
40 159
41 42
41 44
41 49
41 50
41 54
41 56
41 58
41 65
41 67
41 71
41 84
41 88
41 97
41 99
41 101
41 102
41 104
41 113
41 114
41 129
41 130
41 131
41 133
41 134
41 135
41 136
41 138
41 139
41 145
41 149
41 153
41 154
41 160
42 43
42 49
42 51
42 54
42 55
42 56
42 57
42 58
42 60
42 62
42 63
42 66
42 67
42 68
42 70
42 71
42 74
42 75
42 76
42 77
42 81
42 82
42 86
42 87
42 89
42 92
42 93
42 96
42 99
42 101
42 102
42 104
42 107
42 108
42 109
42 113
42 114
42 115
42 116
42 117
42 127
42 129
42 130
42 131
42 134
42 135
42 137
42 138
42 143
42 144
42 147
42 148
42 151
42 152
42 154
42 155
42 160
42 161
43 44
43 45
43 46
43 49
43 50
43 52
43 55
43 56
43 57
43 59
43 60
43 61
43 64
43 66
43 68
43 69
43 70
43 71
43 72
43 74
43 75
43 76
43 77
43 79
43 80
43 82
43 84
43 86
43 87
43 89
43 92
43 93
43 94
43 97
43 98
43 101
43 102
43 103
43 104
43 105
43 106
43 108
43 109
43 110
43 112
43 113
43 114
43 115
43 116
43 117
43 118
43 120
43 129
43 131
43 132
43 133
43 134
43 135
43 138
43 139
43 140
43 141
43 143
43 145
43 146
43 147
43 148
43 150
43 151
43 152
43 154
43 157
43 158
43 160
43 161
44 45
44 48
44 49
44 50
44 51
44 55
44 56
44 57
44 58
44 61
44 63
44 64
44 65
44 66
44 67
44 68
44 69
44 70
44 71
44 72
44 73
44 74
44 75
44 77
44 79
44 80
44 81
44 85
44 86
44 87
44 88
44 89
44 90
44 92
44 94
44 95
44 96
44 97
44 100
44 101
44 102
44 103
44 106
44 108
44 109
44 112
44 113
44 114
44 115
44 116
44 117
44 118
44 122
44 124
44 125
44 126
44 127
44 129
44 130
44 131
44 133
44 137
44 138
44 142
44 146
44 147
44 150
44 151
44 152
44 153
44 154
44 158
44 160
44 161
45 49
45 50
45 51
45 52
45 53
45 54
45 55
45 56
45 58
45 59
45 61
45 63
45 64
45 66
45 68
45 69
45 70
45 71
45 72
45 73
45 74
45 76
45 79
45 80
45 82
45 83
45 87
45 88
45 89
45 90
45 91
45 92
45 95
45 96
45 97
45 98
45 99
45 101
45 102
45 103
45 104
45 105
45 106
45 107
45 108
45 109
45 111
45 112
45 113
45 114
45 115
45 116
45 117
45 118
45 120
45 123
45 125
45 126
45 127
45 128
45 129
45 131
45 133
45 134
45 135
45 136
45 137
45 138
45 139
45 140
45 141
45 142
45 143
45 146
45 147
45 149
45 150
45 151
45 152
45 153
45 154
45 157
45 159
45 161
46 47
46 49
46 50
46 52
46 54
46 55
46 56
46 57
46 58
46 60
46 61
46 63
46 64
46 65
46 68
46 69
46 70
46 71
46 72
46 73
46 74
46 75
46 77
46 79
46 80
46 83
46 89
46 90
46 92
46 94
46 97
46 98
46 99
46 101
46 102
46 103
46 104
46 106
46 107
46 109
46 110
46 111
46 112
46 117
46 118
46 121
46 122
46 126
46 129
46 130
46 131
46 133
46 135
46 136
46 137
46 138
46 142
46 143
46 146
46 147
46 148
46 149
46 150
46 151
46 152
46 154
46 156
46 161
47 51
47 58
47 61
47 63
47 67
47 69
47 71
47 79
47 82
47 89
47 97
47 101
47 115
47 129
47 133
47 138
47 143
47 147
48 50
48 64
48 65
48 70
48 72
48 74
48 79
48 85
48 88
48 89
48 91
48 93
48 94
48 100
48 104
48 108
48 109
48 111
48 112
48 117
48 126
48 131
48 133
48 134
48 135
48 137
48 139
48 141
48 142
48 147
48 152
48 154
48 158
48 159
48 161
49 50
49 51
49 52
49 54
49 55
49 56
49 57
49 58
49 60
49 61
49 63
49 64
49 66
49 67
49 68
49 69
49 70
49 71
49 72
49 73
49 74
49 75
49 76
49 77
49 78
49 79
49 80
49 81
49 82
49 83
49 84
49 85
49 86
49 87
49 88
49 89
49 91
49 92
49 94
49 95
49 96
49 97
49 98
49 99
49 100
49 101
49 102
49 105
49 106
49 107
49 109
49 111
49 112
49 113
49 114
49 115
49 116
49 117
49 118
49 120
49 123
49 124
49 125
49 127
49 128
49 129
49 130
49 131
49 133
49 134
49 135
49 136
49 137
49 139
49 140
49 141
49 142
49 143
49 145
49 146
49 147
49 148
49 149
49 150
49 151
49 152
49 154
49 155
49 158
49 160
49 161
50 52
50 53
50 54
50 55
50 56
50 59
50 62
50 63
50 67
50 68
50 69
50 70
50 72
50 74
50 77
50 78
50 81
50 83
50 84
50 85
50 88
50 89
50 90
50 91
50 95
50 98
50 100
50 102
50 105
50 106
50 109
50 110
50 111
50 113
50 114
50 115
50 116
50 117
50 118
50 126
50 127
50 128
50 129
50 133
50 135
50 142
50 143
50 146
50 147
50 148
50 150
50 154
50 155
50 157
50 158
51 52
51 53
51 54
51 55
51 56
51 57
51 61
51 62
51 63
51 64
51 65
51 66
51 67
51 69
51 70
51 72
51 73
51 74
51 75
51 77
51 79
51 80
51 82
51 83
51 84
51 85
51 86
51 87
51 88
51 89
51 91
51 92
51 93
51 94
51 96
51 97
51 99
51 100
51 101
51 102
51 104
51 105
51 106
51 107
51 108
51 109
51 110
51 111
51 112
51 113
51 114
51 115
51 116
51 119
51 121
51 123
51 124
51 125
51 126
51 127
51 129
51 130
51 131
51 132
51 133
51 135
51 137
51 138
51 139
51 141
51 142
51 144
51 145
51 146
51 147
51 148
51 149
51 150
51 151
51 152
51 153
51 155
51 157
51 158
51 159
51 160
51 161
52 54
52 55
52 58
52 65
52 71
52 72
52 75
52 79
52 83
52 88
52 89
52 93
52 94
52 97
52 101
52 105
52 106
52 108
52 111
52 112
52 113
52 114
52 116
52 117
52 118
52 120
52 123
52 126
52 127
52 129
52 134
52 138
52 142
52 147
52 150
52 152
52 157
52 158
52 159
52 160
53 54
53 56
53 60
53 61
53 63
53 64
53 65
53 66
53 67
53 68
53 69
53 70
53 71
53 72
53 73
53 74
53 79
53 82
53 84
53 87
53 93
53 97
53 101
53 102
53 103
53 105
53 106
53 108
53 109
53 112
53 113
53 114
53 115
53 117
53 125
53 126
53 131
53 133
53 137
53 138
53 139
53 141
53 142
53 148
53 152
53 157
53 159
53 161
54 56
54 57
54 58
54 59
54 61
54 62
54 63
54 64
54 65
54 66
54 67
54 68
54 69
54 70
54 71
54 72
54 74
54 75
54 77
54 79
54 80
54 81
54 82
54 84
54 85
54 86
54 89
54 90
54 91
54 92
54 94
54 96
54 97
54 98
54 101
54 102
54 103
54 104
54 106
54 107
54 108
54 109
54 110
54 112
54 113
54 114
54 115
54 116
54 117
54 118
54 120
54 121
54 123
54 124
54 125
54 126
54 127
54 128
54 130
54 131
54 133
54 134
54 135
54 136
54 138
54 139
54 141
54 142
54 143
54 144
54 145
54 146
54 147
54 148
54 150
54 151
54 152
54 153
54 154
54 156
54 157
54 158
54 160
54 161
55 56
55 57
55 64
55 65
55 66
55 67
55 68
55 69
55 70
55 71
55 72
55 74
55 78
55 79
55 80
55 84
55 88
55 91
55 93
55 94
55 98
55 99
55 101
55 106
55 108
55 109
55 111
55 112
55 113
55 114
55 115
55 116
55 118
55 120
55 125
55 129
55 131
55 133
55 134
55 135
55 136
55 138
55 141
55 142
55 143
55 146
55 147
55 150
55 151
55 152
55 153
55 154
55 155
55 157
55 158
55 159
56 57
56 58
56 59
56 61
56 64
56 65
56 66
56 67
56 68
56 69
56 70
56 71
56 72
56 73
56 74
56 75
56 78
56 80
56 81
56 84
56 85
56 86
56 88
56 89
56 91
56 92
56 93
56 94
56 95
56 96
56 97
56 98
56 99
56 101
56 102
56 103
56 105
56 106
56 107
56 108
56 109
56 111
56 112
56 113
56 114
56 115
56 117
56 118
56 119
56 124
56 126
56 127
56 128
56 129
56 130
56 131
56 133
56 134
56 137
56 139
56 140
56 141
56 142
56 143
56 145
56 146
56 147
56 149
56 150
56 151
56 152
56 153
56 154
56 157
56 160
57 58
57 67
57 68
57 70
57 72
57 74
57 75
57 79
57 89
57 95
57 96
57 98
57 102
57 104
57 106
57 108
57 109
57 115
57 117
57 120
57 121
57 129
57 131
57 133
57 136
57 138
57 139
57 141
57 142
57 146
57 147
57 149
57 153
57 154
57 157
57 158
58 64
58 65
58 67
58 68
58 69
58 70
58 71
58 72
58 74
58 76
58 77
58 80
58 81
58 82
58 83
58 84
58 88
58 89
58 91
58 94
58 97
58 101
58 102
58 104
58 105
58 106
58 108
58 109
58 110
58 111
58 112
58 114
58 115
58 116
58 117
58 119
58 121
58 123
58 124
58 125
58 126
58 127
58 128
58 129
58 131
58 133
58 134
58 136
58 138
58 139
58 141
58 148
58 150
58 151
58 152
58 153
58 154
58 157
58 158
58 160
58 161
59 61
59 63
59 65
59 66
59 67
59 68
59 70
59 71
59 72
59 74
59 79
59 82
59 83
59 84
59 86
59 89
59 91
59 93
59 97
59 99
59 101
59 102
59 104
59 105
59 108
59 109
59 112
59 113
59 114
59 115
59 117
59 129
59 131
59 132
59 134
59 135
59 137
59 139
59 142
59 147
59 150
59 154
59 157
59 158
60 73
60 74
60 79
60 91
60 92
60 106
60 107
60 113
60 115
60 116
60 118
60 126
60 128
60 129
60 131
60 137
60 141
60 142
60 144
60 146
60 147
60 153
60 154
61 62
61 63
61 67
61 69
61 71
61 72
61 73
61 74
61 75
61 76
61 77
61 79
61 85
61 86
61 87
61 89
61 92
61 94
61 97
61 98
61 101
61 102
61 104
61 105
61 106
61 107
61 109
61 110
61 112
61 114
61 115
61 116
61 117
61 118
61 119
61 125
61 128
61 129
61 130
61 133
61 134
61 135
61 137
61 138
61 141
61 142
61 147
61 149
61 152
61 153
61 154
61 156
61 157
61 158
62 64
62 65
62 67
62 71
62 72
62 73
62 74
62 75
62 76
62 77
62 78
62 79
62 82
62 85
62 86
62 88
62 92
62 93
62 97
62 98
62 101
62 102
62 103
62 106
62 107
62 111
62 113
62 115
62 117
62 136
62 142
62 147
62 148
62 151
62 153
62 154
62 157
62 158
63 65
63 66
63 67
63 68
63 69
63 70
63 71
63 72
63 73
63 74
63 76
63 77
63 80
63 83
63 84
63 85
63 86
63 87
63 88
63 89
63 91
63 94
63 98
63 101
63 103
63 104
63 105
63 106
63 108
63 109
63 110
63 113
63 114
63 115
63 116
63 117
63 118
63 119
63 123
63 125
63 126
63 128
63 129
63 130
63 133
63 134
63 135
63 136
63 137
63 138
63 141
63 142
63 143
63 145
63 146
63 147
63 149
63 150
63 151
63 152
63 153
63 154
63 157
63 158
63 161
64 65
64 66
64 67
64 68
64 69
64 70
64 71
64 72
64 73
64 74
64 75
64 80
64 83
64 84
64 85
64 88
64 89
64 91
64 92
64 94
64 95
64 97
64 98
64 99
64 100
64 101
64 102
64 104
64 105
64 106
64 109
64 111
64 112
64 113
64 114
64 115
64 117
64 118
64 119
64 120
64 122
64 124
64 125
64 126
64 127
64 129
64 130
64 131
64 133
64 134
64 135
64 136
64 137
64 138
64 139
64 140
64 141
64 142
64 143
64 144
64 145
64 146
64 147
64 148
64 149
64 151
64 152
64 154
64 155
64 156
64 157
64 158
64 159
64 161
65 66
65 67
65 70
65 71
65 72
65 73
65 74
65 75
65 76
65 77
65 79
65 80
65 81
65 84
65 87
65 88
65 89
65 90
65 92
65 93
65 94
65 95
65 97
65 99
65 100
65 101
65 102
65 103
65 106
65 107
65 108
65 109
65 112
65 113
65 114
65 115
65 117
65 118
65 119
65 126
65 128
65 130
65 131
65 132
65 135
65 137
65 138
65 139
65 142
65 143
65 144
65 146
65 147
65 148
65 150
65 152
65 153
65 154
65 157
65 158
65 159
65 160
66 67
66 68
66 69
66 71
66 72
66 74
66 75
66 77
66 79
66 80
66 84
66 85
66 88
66 91
66 92
66 93
66 94
66 96
66 97
66 98
66 99
66 100
66 101
66 102
66 106
66 107
66 108
66 109
66 110
66 111
66 112
66 113
66 114
66 115
66 118
66 119
66 125
66 126
66 128
66 131
66 133
66 134
66 135
66 137
66 138
66 140
66 141
66 142
66 143
66 145
66 147
66 148
66 149
66 150
66 152
66 153
66 154
66 155
66 157
66 158
66 161
67 69
67 70
67 71
67 72
67 73
67 74
67 75
67 76
67 77
67 78
67 79
67 81
67 83
67 85
67 86
67 87
67 89
67 91
67 92
67 93
67 94
67 97
67 98
67 99
67 100
67 101
67 102
67 103
67 104
67 105
67 106
67 107
67 108
67 109
67 110
67 111
67 112
67 113
67 115
67 116
67 117
67 118
67 121
67 123
67 124
67 125
67 126
67 127
67 128
67 129
67 130
67 131
67 133
67 134
67 135
67 136
67 137
67 138
67 139
67 140
67 141
67 142
67 143
67 145
67 146
67 147
67 149
67 151
67 152
67 153
67 154
67 156
67 157
67 158
67 159
67 160
67 161
68 69
68 70
68 71
68 74
68 75
68 76
68 77
68 78
68 79
68 81
68 84
68 86
68 89
68 91
68 93
68 94
68 96
68 97
68 98
68 99
68 101
68 102
68 105
68 107
68 108
68 109
68 110
68 111
68 112
68 113
68 114
68 115
68 117
68 118
68 120
68 121
68 123
68 124
68 125
68 126
68 127
68 129
68 130
68 131
68 133
68 134
68 135
68 137
68 138
68 139
68 141
68 142
68 143
68 145
68 146
68 148
68 149
68 150
68 152
68 153
68 154
68 155
68 159
68 161
69 70
69 71
69 72
69 73
69 74
69 75
69 76
69 77
69 79
69 80
69 81
69 82
69 83
69 86
69 88
69 89
69 90
69 93
69 94
69 95
69 97
69 98
69 99
69 101
69 102
69 103
69 105
69 106
69 107
69 108
69 109
69 111
69 112
69 113
69 114
69 115
69 116
69 117
69 120
69 123
69 124
69 126
69 129
69 130
69 131
69 132
69 134
69 137
69 138
69 139
69 141
69 142
69 143
69 145
69 146
69 147
69 148
69 150
69 151
69 152
69 153
69 154
69 156
69 158
69 159
69 161
70 72
70 73
70 75
70 76
70 77
70 79
70 80
70 82
70 83
70 84
70 86
70 87
70 88
70 93
70 94
70 95
70 96
70 97
70 100
70 101
70 102
70 103
70 104
70 105
70 106
70 107
70 108
70 109
70 111
70 113
70 114
70 115
70 117
70 118
70 119
70 120
70 122
70 123
70 125
70 126
70 127
70 128
70 129
70 130
70 131
70 132
70 133
70 134
70 135
70 136
70 137
70 138
70 139
70 141
70 142
70 144
70 145
70 146
70 147
70 149
70 150
70 151
70 152
70 153
70 154
70 155
70 157
70 158
70 159
70 160
70 161
71 72
71 73
71 74
71 75
71 76
71 79
71 81
71 83
71 84
71 85
71 87
71 89
71 91
71 93
71 95
71 96
71 97
71 100
71 101
71 102
71 108
71 109
71 110
71 111
71 112
71 113
71 114
71 118
71 119
71 123
71 124
71 125
71 126
71 128
71 129
71 131
71 134
71 135
71 137
71 139
71 141
71 142
71 146
71 147
71 148
71 151
71 153
71 154
71 155
71 156
71 157
71 158
71 159
71 161
72 73
72 74
72 75
72 76
72 77
72 79
72 80
72 82
72 85
72 86
72 88
72 89
72 91
72 92
72 93
72 94
72 95
72 96
72 97
72 98
72 99
72 100
72 101
72 103
72 104
72 105
72 106
72 107
72 108
72 109
72 111
72 113
72 114
72 115
72 116
72 117
72 118
72 119
72 122
72 124
72 125
72 126
72 127
72 128
72 129
72 130
72 131
72 132
72 133
72 134
72 135
72 137
72 138
72 141
72 142
72 143
72 146
72 147
72 148
72 150
72 151
72 152
72 153
72 154
72 155
72 156
72 157
72 158
72 160
72 161
73 76
73 83
73 84
73 85
73 86
73 87
73 88
73 89
73 91
73 93
73 94
73 97
73 98
73 100
73 101
73 102
73 105
73 106
73 108
73 110
73 111
73 112
73 115
73 117
73 118
73 125
73 126
73 130
73 133
73 134
73 135
73 136
73 137
73 138
73 142
73 143
73 146
73 147
73 150
73 151
73 152
73 153
73 155
73 157
73 158
73 159
73 161
74 75
74 76
74 77
74 79
74 80
74 82
74 83
74 85
74 86
74 87
74 88
74 89
74 91
74 92
74 94
74 95
74 97
74 98
74 100
74 101
74 102
74 103
74 105
74 106
74 107
74 108
74 109
74 110
74 111
74 112
74 114
74 115
74 116
74 117
74 118
74 119
74 120
74 121
74 124
74 125
74 126
74 127
74 128
74 129
74 131
74 133
74 134
74 135
74 136
74 137
74 138
74 139
74 140
74 141
74 142
74 143
74 144
74 145
74 146
74 147
74 148
74 149
74 150
74 151
74 152
74 153
74 154
74 156
74 157
74 158
74 159
74 160
74 161
75 76
75 79
75 80
75 81
75 83
75 85
75 88
75 89
75 90
75 92
75 93
75 94
75 95
75 96
75 97
75 103
75 105
75 107
75 108
75 111
75 114
75 115
75 117
75 118
75 122
75 126
75 129
75 132
75 135
75 137
75 138
75 139
75 141
75 142
75 146
75 147
75 148
75 151
75 152
75 153
75 154
75 158
75 159
75 160
75 161
76 78
76 79
76 80
76 82
76 84
76 86
76 87
76 91
76 95
76 99
76 101
76 103
76 105
76 106
76 107
76 108
76 112
76 114
76 117
76 120
76 121
76 126
76 128
76 131
76 133
76 134
76 135
76 138
76 142
76 144
76 145
76 150
76 151
76 154
76 157
76 161
77 79
77 83
77 84
77 89
77 93
77 94
77 97
77 98
77 101
77 102
77 104
77 105
77 106
77 108
77 109
77 111
77 113
77 114
77 115
77 117
77 118
77 121
77 126
77 128
77 131
77 133
77 136
77 137
77 138
77 139
77 141
77 142
77 143
77 145
77 146
77 147
77 150
77 151
77 152
77 153
77 154
77 157
77 158
77 161
78 79
78 101
78 114
78 118
78 125
78 129
78 140
78 147
78 150
78 151
78 153
78 154
78 157
78 159
79 82
79 84
79 85
79 87
79 88
79 89
79 91
79 92
79 93
79 94
79 95
79 96
79 97
79 98
79 99
79 101
79 102
79 103
79 104
79 105
79 106
79 107
79 108
79 109
79 110
79 111
79 113
79 114
79 115
79 116
79 117
79 118
79 119
79 120
79 121
79 123
79 125
79 126
79 127
79 129
79 130
79 131
79 133
79 134
79 135
79 136
79 137
79 138
79 139
79 140
79 141
79 142
79 143
79 144
79 146
79 147
79 150
79 151
79 152
79 153
79 156
79 157
79 161
80 81
80 82
80 83
80 84
80 85
80 86
80 88
80 89
80 93
80 94
80 98
80 105
80 106
80 107
80 108
80 109
80 113
80 114
80 115
80 118
80 121
80 124
80 125
80 126
80 127
80 129
80 137
80 138
80 141
80 142
80 147
80 148
80 150
80 151
80 154
80 155
80 157
80 158
80 159
80 160
80 161
81 85
81 89
81 94
81 97
81 99
81 101
81 105
81 106
81 116
81 118
81 125
81 131
81 134
81 135
81 136
81 138
81 142
81 143
81 144
81 147
81 151
81 153
81 157
82 84
82 85
82 86
82 87
82 91
82 92
82 93
82 94
82 98
82 102
82 104
82 106
82 108
82 109
82 111
82 112
82 113
82 115
82 122
82 129
82 131
82 132
82 133
82 135
82 137
82 140
82 146
82 147
82 149
82 151
82 152
82 154
82 155
82 158
83 84
83 88
83 89
83 90
83 92
83 94
83 95
83 96
83 97
83 99
83 100
83 101
83 102
83 103
83 105
83 106
83 113
83 115
83 117
83 118
83 120
83 122
83 125
83 127
83 128
83 129
83 133
83 137
83 138
83 145
83 147
83 148
83 151
83 153
83 154
83 157
83 158
83 161
84 87
84 88
84 92
84 97
84 98
84 99
84 101
84 102
84 105
84 106
84 107
84 108
84 109
84 110
84 112
84 113
84 114
84 115
84 116
84 117
84 118
84 123
84 125
84 129
84 131
84 133
84 134
84 135
84 136
84 137
84 138
84 140
84 141
84 142
84 143
84 145
84 146
84 148
84 149
84 151
84 152
84 154
84 157
84 158
84 159
85 86
85 87
85 89
85 91
85 92
85 94
85 95
85 98
85 101
85 102
85 103
85 106
85 108
85 110
85 113
85 116
85 118
85 119
85 120
85 121
85 122
85 125
85 129
85 131
85 138
85 145
85 147
85 148
85 149
85 150
85 151
85 152
85 156
85 157
85 158
86 87
86 88
86 89
86 93
86 94
86 97
86 98
86 100
86 101
86 102
86 103
86 106
86 107
86 108
86 112
86 113
86 114
86 115
86 117
86 118
86 124
86 125
86 128
86 129
86 131
86 133
86 134
86 136
86 138
86 139
86 142
86 143
86 146
86 147
86 151
86 154
86 157
86 158
86 159
87 88
87 89
87 90
87 94
87 97
87 101
87 102
87 107
87 109
87 110
87 112
87 114
87 115
87 120
87 129
87 132
87 133
87 134
87 135
87 137
87 138
87 139
87 142
87 143
87 145
87 148
87 158
87 160
87 161
88 90
88 94
88 97
88 101
88 102
88 105
88 106
88 109
88 111
88 112
88 114
88 115
88 116
88 118
88 125
88 126
88 129
88 130
88 131
88 133
88 134
88 137
88 138
88 139
88 141
88 142
88 147
88 149
88 150
88 151
88 152
88 153
88 154
88 158
88 159
88 160
89 90
89 91
89 92
89 93
89 94
89 95
89 96
89 97
89 98
89 99
89 100
89 101
89 102
89 103
89 104
89 105
89 106
89 107
89 108
89 110
89 112
89 113
89 114
89 115
89 116
89 117
89 118
89 121
89 125
89 126
89 127
89 129
89 131
89 133
89 134
89 135
89 136
89 137
89 138
89 139
89 141
89 142
89 143
89 145
89 146
89 147
89 148
89 150
89 151
89 152
89 153
89 154
89 155
89 157
89 158
89 159
89 161
90 91
90 94
90 102
90 108
90 109
90 112
90 125
90 127
90 129
90 131
90 133
90 135
90 138
90 142
90 147
90 150
90 152
90 157
90 158
90 160
90 161
91 94
91 95
91 97
91 98
91 101
91 102
91 106
91 107
91 108
91 109
91 112
91 113
91 115
91 117
91 118
91 123
91 125
91 129
91 131
91 133
91 135
91 136
91 138
91 139
91 141
91 143
91 145
91 147
91 148
91 150
91 151
91 152
91 154
91 157
92 94
92 95
92 97
92 100
92 101
92 102
92 104
92 106
92 108
92 109
92 110
92 115
92 117
92 118
92 123
92 125
92 126
92 130
92 131
92 133
92 136
92 137
92 141
92 142
92 143
92 146
92 152
92 153
92 154
92 157
92 158
93 97
93 100
93 101
93 105
93 108
93 109
93 111
93 112
93 113
93 114
93 116
93 118
93 122
93 123
93 125
93 126
93 128
93 129
93 131
93 133
93 134
93 137
93 138
93 141
93 142
93 143
93 146
93 147
93 150
93 151
93 152
93 153
93 155
93 158
93 161
94 95
94 96
94 97
94 99
94 100
94 102
94 103
94 104
94 105
94 106
94 107
94 108
94 111
94 112
94 113
94 114
94 115
94 116
94 118
94 119
94 121
94 124
94 125
94 126
94 128
94 129
94 131
94 132
94 133
94 136
94 137
94 138
94 140
94 142
94 143
94 146
94 147
94 148
94 150
94 151
94 152
94 153
94 154
94 155
94 157
94 158
94 159
94 161
95 97
95 101
95 102
95 105
95 106
95 108
95 109
95 114
95 115
95 117
95 118
95 120
95 122
95 125
95 126
95 129
95 131
95 133
95 135
95 137
95 139
95 140
95 141
95 142
95 143
95 146
95 150
95 151
95 158
95 161
96 102
96 103
96 106
96 109
96 114
96 115
96 117
96 125
96 129
96 132
96 134
96 137
96 138
96 139
96 142
96 144
96 147
96 151
96 154
96 157
96 158
96 160
97 99
97 100
97 102
97 103
97 104
97 105
97 106
97 108
97 109
97 110
97 112
97 113
97 114
97 117
97 118
97 119
97 123
97 124
97 125
97 128
97 129
97 130
97 131
97 132
97 133
97 134
97 135
97 136
97 137
97 138
97 139
97 141
97 142
97 143
97 145
97 147
97 150
97 151
97 152
97 153
97 154
97 155
97 156
97 158
97 159
97 161
98 99
98 100
98 101
98 102
98 108
98 109
98 111
98 112
98 113
98 114
98 115
98 116
98 118
98 126
98 129
98 131
98 136
98 137
98 138
98 139
98 142
98 143
98 146
98 151
98 154
98 155
98 157
98 158
98 159
98 160
99 101
99 102
99 104
99 107
99 108
99 112
99 114
99 115
99 116
99 117
99 118
99 119
99 125
99 127
99 129
99 130
99 133
99 135
99 137
99 138
99 139
99 143
99 147
99 149
99 151
99 152
99 153
99 154
99 155
99 157
99 158
99 161
100 102
100 107
100 108
100 110
100 114
100 118
100 121
100 125
100 127
100 129
100 130
100 131
100 133
100 134
100 135
100 136
100 138
100 141
100 142
100 147
100 152
100 153
100 154
100 155
100 157
100 158
101 102
101 105
101 106
101 108
101 109
101 111
101 112
101 113
101 114
101 115
101 116
101 117
101 118
101 119
101 120
101 125
101 126
101 127
101 128
101 129
101 130
101 131
101 132
101 134
101 135
101 136
101 137
101 138
101 139
101 141
101 142
101 143
101 145
101 146
101 147
101 149
101 150
101 151
101 152
101 153
101 154
101 157
101 158
101 160
102 103
102 104
102 105
102 106
102 108
102 109
102 110
102 113
102 114
102 115
102 116
102 117
102 118
102 119
102 120
102 121
102 124
102 125
102 126
102 128
102 130
102 131
102 133
102 134
102 137
102 138
102 139
102 141
102 142
102 143
102 146
102 147
102 148
102 149
102 150
102 151
102 152
102 153
102 156
102 157
102 158
102 159
102 160
102 161
103 105
103 106
103 108
103 109
103 112
103 114
103 117
103 118
103 121
103 122
103 124
103 125
103 127
103 129
103 131
103 134
103 136
103 137
103 138
103 141
103 142
103 145
103 147
103 149
103 150
103 151
103 152
103 153
103 154
103 155
103 157
103 158
103 161
104 108
104 115
104 116
104 120
104 122
104 125
104 128
104 129
104 130
104 133
104 136
104 137
104 138
104 139
104 142
104 148
104 152
104 153
104 154
104 155
104 158
105 106
105 107
105 108
105 109
105 113
105 114
105 115
105 118
105 119
105 120
105 122
105 124
105 125
105 126
105 129
105 131
105 134
105 137
105 138
105 139
105 140
105 141
105 142
105 143
105 147
105 150
105 151
105 152
105 154
105 157
105 158
105 160
105 161
106 107
106 108
106 109
106 110
106 112
106 113
106 114
106 115
106 116
106 117
106 118
106 123
106 125
106 127
106 128
106 129
106 130
106 131
106 133
106 135
106 137
106 138
106 139
106 140
106 141
106 142
106 145
106 146
106 147
106 148
106 149
106 150
106 152
106 153
106 154
106 157
106 158
106 159
106 160
107 108
107 109
107 112
107 113
107 114
107 115
107 117
107 118
107 126
107 127
107 128
107 129
107 131
107 134
107 137
107 138
107 142
107 143
107 146
107 147
107 148
107 149
107 150
107 151
107 152
107 153
107 154
107 157
107 158
107 159
107 160
108 109
108 113
108 114
108 115
108 116
108 117
108 118
108 120
108 123
108 124
108 125
108 126
108 127
108 129
108 130
108 131
108 133
108 135
108 137
108 138
108 140
108 142
108 143
108 144
108 145
108 146
108 147
108 149
108 150
108 152
108 153
108 154
108 156
108 157
108 158
108 160
108 161
109 111
109 112
109 113
109 114
109 115
109 116
109 117
109 118
109 119
109 121
109 124
109 125
109 127
109 128
109 129
109 130
109 131
109 132
109 133
109 135
109 137
109 138
109 139
109 140
109 141
109 142
109 143
109 144
109 146
109 147
109 149
109 150
109 151
109 152
109 153
109 154
109 157
109 158
109 159
109 160
109 161
110 115
110 125
110 131
110 137
110 138
110 142
110 147
110 154
110 161
111 112
111 114
111 116
111 117
111 120
111 121
111 126
111 128
111 131
111 132
111 134
111 135
111 136
111 138
111 139
111 141
111 142
111 143
111 145
111 146
111 147
111 148
111 149
111 151
111 153
111 154
111 155
111 157
111 158
111 159
111 160
112 113
112 114
112 115
112 116
112 117
112 119
112 125
112 126
112 129
112 131
112 133
112 134
112 135
112 138
112 139
112 142
112 145
112 146
112 147
112 148
112 149
112 150
112 152
112 154
112 156
112 157
112 158
112 159
112 161
113 114
113 115
113 117
113 118
113 122
113 124
113 125
113 129
113 130
113 131
113 132
113 133
113 134
113 136
113 137
113 138
113 139
113 140
113 142
113 143
113 145
113 146
113 147
113 149
113 150
113 151
113 152
113 153
113 154
113 155
113 157
113 159
113 160
113 161
114 115
114 116
114 118
114 119
114 121
114 125
114 126
114 127
114 129
114 130
114 131
114 132
114 134
114 136
114 137
114 139
114 140
114 141
114 142
114 143
114 145
114 146
114 147
114 148
114 149
114 150
114 152
114 153
114 154
114 155
114 156
114 157
114 158
114 161
115 117
115 124
115 125
115 126
115 127
115 128
115 129
115 130
115 131
115 135
115 136
115 137
115 138
115 141
115 142
115 143
115 147
115 148
115 149
115 150
115 151
115 152
115 154
115 155
115 157
115 158
115 160
116 118
116 120
116 122
116 125
116 126
116 127
116 128
116 129
116 131
116 133
116 137
116 140
116 141
116 142
116 147
116 149
116 150
116 151
116 154
116 158
116 159
117 118
117 121
117 124
117 125
117 126
117 127
117 129
117 130
117 131
117 133
117 135
117 136
117 137
117 139
117 140
117 141
117 142
117 143
117 145
117 146
117 147
117 150
117 151
117 152
117 153
117 154
117 155
117 158
117 159
117 161
118 119
118 120
118 123
118 124
118 125
118 129
118 130
118 131
118 133
118 134
118 136
118 137
118 138
118 139
118 141
118 142
118 143
118 145
118 146
118 147
118 148
118 149
118 150
118 151
118 152
118 153
118 154
118 155
118 157
118 158
118 159
118 160
118 161
119 120
119 121
119 126
119 129
119 130
119 131
119 138
119 139
119 141
119 147
119 148
119 149
119 150
119 152
119 153
119 158
120 125
120 126
120 129
120 131
120 133
120 137
120 138
120 142
120 145
120 158
120 159
120 161
121 132
121 135
121 140
121 143
121 147
121 152
121 161
122 134
122 136
122 137
122 138
122 139
122 142
122 152
122 160
123 133
123 137
123 138
123 141
123 146
123 152
124 125
124 131
124 133
124 147
124 150
124 151
124 158
125 128
125 129
125 130
125 131
125 133
125 135
125 137
125 138
125 139
125 141
125 142
125 145
125 146
125 147
125 149
125 150
125 151
125 152
125 153
125 155
125 156
125 157
125 158
125 159
125 161
126 128
126 129
126 131
126 134
126 135
126 137
126 138
126 139
126 142
126 146
126 147
126 150
126 151
126 152
126 153
126 154
126 155
126 159
126 160
127 128
127 130
127 134
127 136
127 137
127 139
127 142
127 143
127 146
127 147
127 152
127 153
127 155
127 159
127 160
128 136
128 137
128 139
128 146
128 151
128 152
128 153
128 154
128 157
128 158
128 160
129 130
129 131
129 133
129 136
129 137
129 138
129 139
129 142
129 143
129 145
129 148
129 149
129 150
129 151
129 152
129 153
129 154
129 157
129 158
129 159
129 160
129 161
130 131
130 133
130 134
130 138
130 139
130 141
130 142
130 144
130 145
130 146
130 148
130 149
130 150
130 151
130 152
130 154
130 155
130 159
130 160
130 161
131 132
131 133
131 134
131 136
131 137
131 138
131 139
131 141
131 142
131 143
131 145
131 146
131 147
131 149
131 150
131 151
131 152
131 153
131 154
131 157
131 158
131 159
131 160
132 134
132 138
132 143
132 145
132 153
132 157
132 158
133 134
133 135
133 137
133 138
133 139
133 140
133 141
133 142
133 143
133 144
133 145
133 147
133 149
133 150
133 151
133 152
133 153
133 154
133 155
133 157
133 158
133 159
133 161
134 136
134 137
134 138
134 139
134 140
134 141
134 142
134 143
134 145
134 146
134 148
134 149
134 150
134 151
134 152
134 153
134 154
134 156
134 157
134 158
134 159
134 160
134 161
135 137
135 138
135 139
135 141
135 145
135 146
135 149
135 150
135 151
135 152
135 153
135 157
135 158
135 159
135 161
136 137
136 138
136 146
136 150
136 151
136 152
136 153
136 154
136 156
137 138
137 139
137 141
137 142
137 145
137 146
137 147
137 148
137 149
137 150
137 151
137 152
137 153
137 154
137 156
137 157
137 158
137 160
138 139
138 140
138 141
138 142
138 144
138 146
138 147
138 149
138 150
138 151
138 153
138 154
138 155
138 156
138 157
138 158
138 161
139 141
139 142
139 143
139 144
139 146
139 147
139 150
139 152
139 154
139 155
139 158
139 160
139 161
140 142
140 147
140 153
140 154
140 160
141 142
141 146
141 151
141 152
141 156
141 157
141 158
141 159
141 161
142 147
142 148
142 149
142 151
142 152
142 153
142 154
142 155
142 156
142 157
142 158
142 159
142 161
143 147
143 149
143 152
143 154
143 158
143 159
144 153
145 147
145 150
145 152
145 153
145 154
145 155
145 157
145 158
145 159
145 160
146 147
146 148
146 150
146 151
146 152
146 153
146 154
146 155
146 157
146 158
146 159
146 160
146 161
147 148
147 151
147 152
147 153
147 154
147 157
147 158
147 160
147 161
148 152
148 154
148 157
148 158
148 161
149 151
149 152
149 153
149 158
149 159
149 160
149 161
150 151
150 152
150 154
150 155
150 157
150 158
150 159
151 152
151 153
151 154
151 156
151 158
151 159
151 161
152 153
152 154
152 157
152 159
152 160
152 161
153 154
154 157
154 158
154 159
154 161
155 157
155 161
157 159
157 160
157 161
159 160
159 161
160 161
