0 1
0 2
0 4
0 6
0 7
0 10
0 11
0 14
0 16
0 21
0 24
0 26
0 30
0 32
0 36
0 40
0 43
0 44
0 45
0 49
0 51
0 53
0 54
0 56
0 58
0 59
0 62
0 64
0 65
0 68
0 69
0 72
0 73
0 74
0 75
0 77
0 82
0 84
0 86
0 88
0 89
0 91
0 92
0 94
0 95
0 96
0 100
0 101
0 106
0 107
0 112
0 114
0 115
0 116
0 117
0 118
0 128
0 129
0 130
0 133
0 134
0 135
0 137
0 138
0 140
0 142
0 146
0 147
0 149
0 150
0 151
0 156
0 157
0 158
1 3
1 4
1 6
1 7
1 11
1 12
1 14
1 15
1 19
1 20
1 25
1 26
1 28
1 31
1 32
1 34
1 35
1 36
1 38
1 39
1 40
1 42
1 44
1 46
1 48
1 49
1 52
1 53
1 54
1 63
1 64
1 66
1 67
1 68
1 70
1 71
1 72
1 73
1 74
1 75
1 76
1 77
1 79
1 80
1 81
1 85
1 86
1 87
1 89
1 92
1 93
1 94
1 96
1 97
1 101
1 102
1 105
1 107
1 109
1 110
1 111
1 112
1 113
1 114
1 115
1 116
1 117
1 118
1 124
1 125
1 126
1 127
1 128
1 129
1 131
1 133
1 134
1 135
1 137
1 138
1 141
1 142
1 145
1 146
1 149
1 150
1 151
1 152
1 154
1 158
1 160
1 161
2 6
2 7
2 9
2 10
2 11
2 12
2 19
2 22
2 26
2 27
2 32
2 34
2 35
2 38
2 42
2 45
2 46
2 48
2 49
2 51
2 52
2 53
2 54
2 56
2 61
2 63
2 64
2 65
2 66
2 68
2 69
2 72
2 73
2 74
2 77
2 87
2 92
2 93
2 101
2 103
2 106
2 107
2 112
2 113
2 114
2 115
2 118
2 119
2 124
2 128
2 131
2 132
2 133
2 134
2 136
2 138
2 139
2 142
2 145
2 146
2 147
2 148
2 150
2 152
2 160
3 8
3 14
3 21
3 24
3 26
3 36
3 37
3 40
3 44
3 48
3 49
3 51
3 54
3 59
3 61
3 64
3 68
3 70
3 72
3 73
3 74
3 77
3 78
3 79
3 80
3 89
3 94
3 96
3 108
3 109
3 114
3 115
3 116
3 117
3 120
3 126
3 147
3 150
3 151
3 152
3 154
3 156
3 160
4 7
4 8
4 9
4 10
4 11
4 12
4 13
4 14
4 15
4 16
4 18
4 19
4 20
4 21
4 22
4 25
4 26
4 28
4 29
4 30
4 31
4 32
4 34
4 35
4 36
4 37
4 38
4 39
4 40
4 41
4 43
4 44
4 45
4 49
4 50
4 51
4 52
4 53
4 54
4 56
4 57
4 59
4 61
4 62
4 63
4 64
4 65
4 66
4 67
4 68
4 69
4 71
4 72
4 73
4 74
4 75
4 76
4 78
4 79
4 80
4 86
4 87
4 88
4 91
4 92
4 93
4 94
4 95
4 96
4 98
4 99
4 100
4 101
4 102
4 104
4 105
4 106
4 107
4 110
4 112
4 113
4 114
4 116
4 117
4 118
4 119
4 121
4 122
4 126
4 127
4 129
4 131
4 133
4 134
4 135
4 136
4 137
4 138
4 141
4 142
4 143
4 145
4 146
4 147
4 148
4 149
4 150
4 151
4 152
4 154
4 157
4 158
4 161
5 6
5 14
5 15
5 17
5 21
5 25
5 30
5 31
5 34
5 36
5 37
5 38
5 40
5 42
5 43
5 44
5 49
5 52
5 53
5 65
5 67
5 68
5 70
5 71
5 72
5 74
5 75
5 77
5 79
5 93
5 94
5 97
5 101
5 106
5 108
5 109
5 117
5 125
5 128
5 129
5 133
5 137
5 138
5 139
5 142
5 147
5 154
5 159
5 161
6 7
6 9
6 10
6 11
6 12
6 14
6 16
6 19
6 21
6 22
6 24
6 25
6 26
6 28
6 30
6 31
6 32
6 34
6 35
6 37
6 38
6 40
6 41
6 42
6 43
6 44
6 45
6 46
6 49
6 51
6 52
6 54
6 55
6 56
6 57
6 61
6 62
6 65
6 66
6 67
6 68
6 69
6 70
6 71
6 72
6 74
6 75
6 76
6 77
6 78
6 80
6 81
6 86
6 87
6 88
6 89
6 90
6 92
6 93
6 94
6 98
6 99
6 100
6 101
6 102
6 104
6 105
6 106
6 108
6 109
6 110
6 111
6 112
6 113
6 114
6 115
6 116
6 117
6 118
6 119
6 122
6 123
6 124
6 125
6 126
6 127
6 129
6 130
6 133
6 134
6 135
6 136
6 137
6 138
6 139
6 141
6 142
6 144
6 145
6 146
6 147
6 150
6 151
6 152
6 154
6 155
6 156
6 157
6 158
6 159
6 160
6 161
7 8
7 9
7 10
7 11
7 12
7 15
7 16
7 18
7 19
7 21
7 25
7 26
7 28
7 29
7 30
7 31
7 32
7 34
7 35
7 37
7 38
7 40
7 41
7 42
7 45
7 46
7 48
7 49
7 50
7 54
7 55
7 58
7 59
7 60
7 61
7 62
7 64
7 65
7 66
7 68
7 69
7 70
7 71
7 72
7 74
7 75
7 76
7 77
7 79
7 80
7 82
7 83
7 84
7 85
7 86
7 87
7 88
7 89
7 90
7 91
7 92
7 93
7 94
7 96
7 98
7 100
7 101
7 102
7 106
7 107
7 109
7 110
7 111
7 112
7 113
7 114
7 115
7 116
7 117
7 118
7 119
7 121
7 126
7 127
7 129
7 133
7 134
7 135
7 136
7 138
7 141
7 143
7 145
7 147
7 148
7 149
7 150
7 151
7 152
7 154
7 156
7 157
7 158
7 159
7 161
8 9
8 10
8 14
8 19
8 28
8 30
8 31
8 32
8 34
8 35
8 37
8 38
8 40
8 42
8 45
8 48
8 51
8 58
8 59
8 63
8 64
8 67
8 68
8 69
8 71
8 72
8 74
8 82
8 84
8 86
8 87
8 89
8 91
8 92
8 94
8 106
8 117
8 125
8 129
8 142
8 146
8 147
8 148
8 151
8 152
8 153
8 154
8 158
8 159
8 160
8 161
9 11
9 13
9 14
9 15
9 16
9 19
9 21
9 22
9 26
9 30
9 31
9 32
9 35
9 38
9 40
9 43
9 45
9 46
9 49
9 53
9 54
9 55
9 56
9 57
9 58
9 63
9 64
9 65
9 68
9 70
9 71
9 72
9 74
9 77
9 79
9 80
9 81
9 85
9 87
9 89
9 91
9 97
9 99
9 101
9 102
9 103
9 104
9 106
9 107
9 108
9 112
9 113
9 114
9 115
9 117
9 118
9 120
9 123
9 124
9 125
9 126
9 127
9 130
9 131
9 134
9 135
9 137
9 138
9 139
9 145
9 146
9 147
9 150
9 151
9 152
9 153
9 154
9 161
10 11
10 14
10 18
10 19
10 20
10 21
10 25
10 26
10 27
10 30
10 31
10 32
10 34
10 36
10 37
10 38
10 40
10 43
10 44
10 45
10 46
10 49
10 50
10 51
10 52
10 54
10 55
10 56
10 58
10 59
10 61
10 63
10 64
10 65
10 66
10 68
10 69
10 70
10 72
10 75
10 76
10 77
10 79
10 83
10 85
10 87
10 88
10 91
10 93
10 94
10 96
10 98
10 99
10 100
10 101
10 102
10 103
10 104
10 106
10 107
10 108
10 109
10 111
10 112
10 113
10 114
10 115
10 116
10 120
10 123
10 126
10 128
10 129
10 130
10 134
10 135
10 137
10 138
10 139
10 140
10 141
10 143
10 146
10 147
10 151
10 152
10 153
10 154
10 155
10 156
10 158
10 159
10 160
10 161
11 12
11 14
11 15
11 18
11 19
11 21
11 26
11 27
11 28
11 30
11 31
11 32
11 35
11 36
11 39
11 40
11 41
11 44
11 51
11 52
11 53
11 55
11 58
11 62
11 63
11 64
11 65
11 66
11 67
11 70
11 71
11 72
11 73
11 74
11 75
11 77
11 78
11 79
11 80
11 82
11 84
11 88
11 89
11 90
11 91
11 92
11 93
11 98
11 100
11 101
11 102
11 103
11 104
11 105
11 106
11 107
11 108
11 109
11 110
11 111
11 112
11 113
11 114
11 116
11 117
11 118
11 124
11 125
11 126
11 129
11 131
11 133
11 134
11 135
11 137
11 138
11 139
11 141
11 142
11 145
11 146
11 150
11 151
11 152
11 153
11 154
11 155
11 156
11 157
11 158
11 159
11 160
11 161
12 14
12 18
12 19
12 25
12 26
12 31
12 32
12 34
12 35
12 36
12 38
12 43
12 44
12 49
12 51
12 52
12 54
12 55
12 56
12 57
12 62
12 64
12 65
12 66
12 67
12 69
12 70
12 71
12 72
12 73
12 74
12 75
12 76
12 79
12 82
12 84
12 85
12 87
12 89
12 94
12 95
12 98
12 99
12 100
12 101
12 102
12 104
12 106
12 108
12 112
12 114
12 115
12 117
12 118
12 122
12 125
12 126
12 129
12 134
12 136
12 138
12 140
12 147
12 150
12 151
12 157
12 158
12 160
13 14
13 19
13 22
13 25
13 26
13 30
13 32
13 33
13 34
13 35
13 37
13 38
13 40
13 43
13 44
13 45
13 51
13 54
13 55
13 56
13 57
13 60
13 64
13 67
13 68
13 69
13 71
13 73
13 74
13 76
13 77
13 79
13 81
13 87
13 88
13 89
13 97
13 98
13 99
13 102
13 106
13 108
13 109
13 112
13 113
13 117
13 118
13 119
13 125
13 126
13 127
13 130
13 131
13 134
13 136
13 138
13 142
13 146
13 147
13 149
13 151
13 152
13 153
13 154
13 157
13 158
13 159
14 15
14 17
14 18
14 19
14 20
14 22
14 23
14 24
14 25
14 26
14 31
14 32
14 34
14 35
14 36
14 37
14 38
14 39
14 40
14 41
14 43
14 44
14 45
14 47
14 49
14 50
14 53
14 55
14 56
14 57
14 59
14 60
14 61
14 64
14 65
14 66
14 67
14 68
14 69
14 70
14 71
14 72
14 73
14 74
14 75
14 77
14 78
14 79
14 80
14 81
14 82
14 83
14 84
14 86
14 87
14 88
14 89
14 90
14 91
14 94
14 95
14 97
14 98
14 99
14 100
14 101
14 102
14 103
14 104
14 105
14 106
14 107
14 108
14 109
14 111
14 112
14 113
14 115
14 116
14 117
14 118
14 119
14 120
14 121
14 124
14 125
14 126
14 128
14 129
14 130
14 131
14 132
14 133
14 134
14 137
14 138
14 141
14 142
14 143
14 145
14 146
14 147
14 148
14 150
14 151
14 152
14 153
14 154
14 155
14 156
14 157
14 158
14 159
14 160
14 161
15 17
15 18
15 19
15 21
15 23
15 25
15 26
15 28
15 30
15 31
15 35
15 37
15 40
15 45
15 46
15 48
15 49
15 50
15 51
15 54
15 55
15 56
15 58
15 61
15 63
15 64
15 65
15 67
15 68
15 69
15 70
15 72
15 73
15 74
15 75
15 76
15 77
15 79
15 83
15 84
15 89
15 93
15 94
15 99
15 101
15 103
15 108
15 109
15 111
15 112
15 113
15 114
15 115
15 117
15 120
15 125
15 126
15 129
15 130
15 131
15 137
15 138
15 139
15 140
15 141
15 142
15 144
15 149
15 151
15 153
15 154
15 155
15 157
15 158
16 21
16 23
16 31
16 36
16 38
16 39
16 40
16 42
16 49
16 50
16 51
16 52
16 54
16 56
16 58
16 59
16 64
16 68
16 72
16 77
16 79
16 81
16 88
16 93
16 96
16 99
16 103
16 107
16 108
16 114
16 115
16 117
16 118
16 120
16 129
16 130
16 131
16 133
16 134
16 137
16 138
16 139
16 142
16 145
16 152
16 154
17 21
17 35
17 38
17 58
17 67
17 75
17 76
17 81
17 83
17 87
17 93
17 108
17 109
17 115
17 117
17 133
17 139
17 142
17 143
17 145
17 151
17 152
17 153
17 157
17 158
18 19
18 21
18 28
18 30
18 31
18 34
18 35
18 38
18 40
18 42
18 53
18 55
18 58
18 64
18 67
18 68
18 69
18 71
18 72
18 74
18 79
18 89
18 94
18 95
18 98
18 105
18 106
18 109
18 111
18 112
18 113
18 114
18 115
18 116
18 118
18 120
18 127
18 129
18 133
18 137
18 142
18 145
18 150
18 151
18 152
18 154
18 161
19 20
19 21
19 22
19 23
19 24
19 25
19 30
19 31
19 32
19 34
19 35
19 36
19 38
19 39
19 40
19 41
19 42
19 43
19 45
19 48
19 49
19 50
19 51
19 52
19 53
19 54
19 55
19 56
19 58
19 59
19 60
19 61
19 62
19 63
19 64
19 65
19 66
19 67
19 68
19 69
19 70
19 71
19 72
19 73
19 74
19 77
19 79
19 80
19 81
19 83
19 84
19 87
19 89
19 91
19 93
19 94
19 96
19 97
19 100
19 101
19 102
19 103
19 104
19 105
19 106
19 107
19 108
19 109
19 111
19 112
19 113
19 114
19 115
19 116
19 117
19 118
19 119
19 122
19 123
19 124
19 125
19 126
19 127
19 128
19 129
19 130
19 131
19 133
19 134
19 135
19 137
19 138
19 139
19 140
19 142
19 143
19 146
19 147
19 148
19 149
19 150
19 152
19 153
19 154
19 155
19 156
19 158
19 159
19 160
19 161
20 30
20 31
20 34
20 35
20 38
20 40
20 44
20 48
20 50
20 54
20 56
20 57
20 63
20 64
20 66
20 67
20 71
20 72
20 75
20 79
20 87
20 98
20 100
20 102
20 104
20 105
20 107
20 108
20 109
20 114
20 115
20 117
20 118
20 125
20 126
20 130
20 132
20 137
20 140
20 145
20 151
20 152
20 154
21 22
21 23
21 24
21 29
21 30
21 31
21 32
21 36
21 37
21 38
21 39
21 40
21 41
21 42
21 43
21 44
21 45
21 46
21 49
21 51
21 52
21 53
21 54
21 55
21 56
21 58
21 59
21 61
21 62
21 63
21 64
21 65
21 67
21 68
21 69
21 70
21 71
21 72
21 74
21 75
21 77
21 79
21 80
21 81
21 82
21 86
21 87
21 88
21 91
21 92
21 95
21 96
21 98
21 101
21 102
21 104
21 105
21 106
21 107
21 108
21 109
21 111
21 112
21 113
21 114
21 115
21 116
21 117
21 118
21 119
21 120
21 122
21 124
21 127
21 128
21 129
21 130
21 131
21 133
21 134
21 135
21 137
21 138
21 139
21 140
21 141
21 143
21 145
21 147
21 149
21 150
21 151
21 152
21 153
21 154
21 155
21 156
21 159
21 160
22 23
22 25
22 29
22 30
22 32
22 35
22 49
22 51
22 52
22 54
22 55
22 56
22 58
22 63
22 65
22 66
22 67
22 68
22 69
22 71
22 72
22 74
22 79
22 87
22 94
22 101
22 109
22 110
22 111
22 114
22 115
22 117
22 118
22 122
22 124
22 125
22 129
22 131
22 133
22 135
22 138
22 139
22 141
22 147
22 152
22 153
22 154
22 155
22 157
22 158
22 161
23 24
23 26
23 31
23 51
23 54
23 58
23 60
23 63
23 64
23 65
23 67
23 69
23 70
23 74
23 89
23 94
23 102
23 103
23 109
23 113
23 114
23 122
23 125
23 133
23 135
23 138
23 141
23 142
23 146
23 147
23 148
23 150
23 151
23 154
23 157
23 159
24 26
24 30
24 31
24 32
24 37
24 38
24 40
24 42
24 44
24 45
24 51
24 52
24 54
24 56
24 58
24 59
24 65
24 66
24 69
24 70
24 71
24 72
24 73
24 75
24 77
24 79
24 82
24 86
24 89
24 92
24 94
24 95
24 97
24 101
24 103
24 106
24 108
24 109
24 112
24 114
24 116
24 121
24 126
24 129
24 132
24 133
24 135
24 138
24 139
24 142
24 143
24 149
24 151
24 152
24 153
24 154
24 155
24 158
24 159
25 26
25 30
25 31
25 32
25 34
25 36
25 37
25 38
25 40
25 42
25 43
25 44
25 46
25 49
25 51
25 54
25 55
25 57
25 58
25 60
25 61
25 64
25 65
25 67
25 70
25 71
25 72
25 73
25 74
25 75
25 77
25 79
25 80
25 83
25 84
25 88
25 89
25 94
25 95
25 97
25 100
25 102
25 103
25 106
25 109
25 113
25 114
25 117
25 118
25 120
25 124
25 125
25 127
25 128
25 129
25 131
25 133
25 134
25 135
25 137
25 138
25 139
25 141
25 142
25 146
25 148
25 149
25 150
25 152
25 154
25 157
25 158
25 159
25 160
25 161
26 27
26 29
26 30
26 31
26 32
26 34
26 35
26 36
26 37
26 40
26 42
26 44
26 45
26 46
26 47
26 48
26 49
26 50
26 51
26 52
26 53
26 54
26 56
26 57
26 58
26 61
26 62
26 63
26 64
26 65
26 66
26 67
26 68
26 69
26 70
26 71
26 72
26 73
26 74
26 75
26 77
26 78
26 79
26 80
26 82
26 83
26 84
26 86
26 87
26 88
26 89
26 91
26 93
26 96
26 97
26 98
26 99
26 100
26 101
26 102
26 103
26 105
26 106
26 107
26 108
26 110
26 112
26 113
26 115
26 116
26 117
26 118
26 119
26 124
26 125
26 126
26 127
26 129
26 130
26 131
26 133
26 134
26 136
26 137
26 138
26 142
26 144
26 145
26 147
26 148
26 151
26 152
26 153
26 154
26 155
26 157
26 158
26 160
26 161
27 37
27 40
27 44
27 49
27 54
27 56
27 65
27 67
27 68
27 69
27 70
27 73
27 75
27 79
27 80
27 86
27 88
27 89
27 98
27 100
27 105
27 115
27 117
27 129
27 137
27 138
27 152
28 30
28 31
28 32
28 33
28 35
28 36
28 39
28 40
28 43
28 45
28 46
28 48
28 49
28 56
28 57
28 61
28 64
28 68
28 72
28 74
28 79
28 80
28 83
28 89
28 94
28 101
28 102
28 103
28 104
28 106
28 107
28 111
28 112
28 113
28 114
28 115
28 118
28 121
28 125
28 126
28 128
28 129
28 130
28 131
28 133
28 134
28 137
28 138
28 139
28 142
28 145
28 146
28 148
28 152
29 31
29 39
29 41
29 49
29 51
29 56
29 63
29 67
29 68
29 69
29 70
29 72
29 78
29 79
29 81
29 89
29 92
29 100
29 102
29 106
29 108
29 112
29 114
29 117
29 118
29 127
29 129
29 130
29 131
29 133
29 137
29 141
29 142
29 144
29 145
29 146
29 151
29 153
29 158
30 31
30 35
30 38
30 39
30 40
30 44
30 45
30 47
30 48
30 49
30 51
30 52
30 53
30 54
30 55
30 56
30 58
30 60
30 63
30 64
30 65
30 68
30 69
30 70
30 71
30 73
30 74
30 75
30 76
30 77
30 78
30 79
30 83
30 84
30 85
30 87
30 89
30 90
30 91
30 93
30 94
30 97
30 99
30 100
30 101
30 102
30 103
30 105
30 109
30 111
30 112
30 113
30 114
30 115
30 116
30 117
30 118
30 119
30 125
30 127
30 129
30 131
30 133
30 134
30 135
30 137
30 138
30 141
30 142
30 145
30 147
30 149
30 150
30 152
30 153
30 154
30 155
30 157
30 158
30 159
30 161
31 32
31 35
31 36
31 37
31 38
31 39
31 40
31 41
31 42
31 43
31 44
31 45
31 46
31 48
31 49
31 50
31 51
31 53
31 54
31 56
31 57
31 58
31 59
31 61
31 62
31 63
31 64
31 65
31 66
31 67
31 68
31 69
31 70
31 71
31 72
31 73
31 74
31 75
31 79
31 80
31 82
31 84
31 85
31 86
31 87
31 89
31 91
31 92
31 93
31 96
31 97
31 98
31 99
31 101
31 102
31 103
31 104
31 105
31 106
31 108
31 109
31 110
31 112
31 113
31 114
31 115
31 116
31 118
31 119
31 120
31 123
31 124
31 126
31 128
31 129
31 131
31 133
31 134
31 135
31 137
31 138
31 139
31 142
31 143
31 144
31 145
31 146
31 147
31 148
31 150
31 151
31 152
31 154
31 157
31 158
31 159
31 161
32 33
32 34
32 35
32 36
32 38
32 39
32 40
32 41
32 42
32 43
32 44
32 45
32 46
32 47
32 49
32 51
32 54
32 55
32 56
32 57
32 59
32 60
32 63
32 64
32 65
32 66
32 67
32 68
32 69
32 70
32 71
32 72
32 74
32 75
32 78
32 79
32 80
32 81
32 85
32 86
32 87
32 89
32 90
32 91
32 92
32 93
32 94
32 97
32 98
32 101
32 102
32 103
32 104
32 106
32 109
32 110
32 111
32 113
32 114
32 115
32 116
32 117
32 118
32 119
32 123
32 125
32 126
32 127
32 128
32 129
32 131
32 133
32 134
32 137
32 138
32 139
32 140
32 142
32 143
32 145
32 147
32 148
32 149
32 150
32 151
32 152
32 153
32 154
32 155
32 156
32 157
32 158
32 160
32 161
33 38
33 45
33 48
33 49
33 51
33 54
33 60
33 63
33 70
33 71
33 72
33 75
33 80
33 84
33 94
33 97
33 102
33 107
33 108
33 115
33 117
33 134
33 146
33 152
33 154
33 159
34 35
34 36
34 37
34 38
34 40
34 42
34 44
34 45
34 46
34 47
34 49
34 51
34 52
34 53
34 55
34 59
34 61
34 67
34 69
34 70
34 72
34 73
34 74
34 75
34 79
34 81
34 82
34 83
34 84
34 89
34 91
34 92
34 93
34 94
34 95
34 97
34 101
34 102
34 106
34 108
34 112
34 113
34 114
34 115
34 129
34 131
34 133
34 134
34 135
34 136
34 137
34 138
34 143
34 146
34 147
34 149
34 150
34 152
34 153
34 154
34 155
34 157
34 158
34 159
35 37
35 38
35 39
35 40
35 43
35 44
35 45
35 49
35 50
35 51
35 53
35 54
35 55
35 56
35 58
35 61
35 62
35 63
35 64
35 65
35 66
35 67
35 68
35 69
35 70
35 72
35 73
35 74
35 75
35 78
35 79
35 80
35 81
35 83
35 84
35 88
35 89
35 94
35 101
35 102
35 103
35 104
35 105
35 106
35 107
35 108
35 109
35 110
35 111
35 112
35 113
35 114
35 115
35 116
35 117
35 118
35 121
35 123
35 125
35 126
35 127
35 129
35 130
35 131
35 133
35 135
35 136
35 137
35 138
35 139
35 140
35 141
35 142
35 143
35 145
35 146
35 147
35 148
35 149
35 150
35 151
35 152
35 153
35 154
35 157
35 158
35 159
35 161
36 38
36 39
36 45
36 46
36 49
36 51
36 53
36 54
36 55
36 56
36 58
36 59
36 61
36 65
36 67
36 69
36 70
36 71
36 72
36 77
36 78
36 79
36 81
36 83
36 84
36 85
36 87
36 89
36 91
36 92
36 93
36 95
36 98
36 99
36 100
36 101
36 104
36 105
36 108
36 113
36 114
36 115
36 117
36 118
36 120
36 121
36 122
36 125
36 127
36 128
36 129
36 131
36 133
36 134
36 135
36 138
36 139
36 140
36 141
36 146
36 147
36 148
36 149
36 151
36 152
36 154
36 159
36 161
37 38
37 39
37 45
37 46
37 49
37 50
37 51
37 52
37 53
37 54
37 55
37 57
37 58
37 64
37 66
37 67
37 68
37 69
37 70
37 71
37 72
37 73
37 75
37 76
37 79
37 82
37 84
37 87
37 88
37 89
37 90
37 92
37 93
37 94
37 97
37 99
37 101
37 105
37 106
37 108
37 109
37 112
37 113
37 114
37 115
37 117
37 118
37 119
37 128
37 129
37 130
37 131
37 134
37 135
37 136
37 137
37 138
37 141
37 142
37 143
37 146
37 147
37 151
37 153
37 154
37 157
37 159
37 161
38 40
38 42
38 43
38 44
38 45
38 46
38 47
38 49
38 50
38 51
38 53
38 54
38 56
38 57
38 58
38 59
38 61
38 62
38 64
38 65
38 66
38 67
38 68
38 69
38 70
38 71
38 72
38 74
38 75
38 76
38 77
38 78
38 79
38 80
38 82
38 85
38 86
38 87
38 88
38 89
38 91
38 92
38 93
38 94
38 98
38 99
38 100
38 101
38 102
38 103
38 104
38 105
38 106
38 107
38 108
38 109
38 110
38 111
38 112
38 113
38 114
38 115
38 116
38 119
38 122
38 123
38 124
38 127
38 128
38 129
38 130
38 131
38 132
38 133
38 134
38 135
38 138
38 141
38 142
38 143
38 144
38 145
38 147
38 149
38 150
38 151
38 152
38 154
38 155
38 158
38 159
38 161
39 40
39 42
39 45
39 49
39 53
39 56
39 58
39 60
39 61
39 65
39 67
39 68
39 69
39 70
39 71
39 72
39 73
39 76
39 79
39 82
39 83
39 84
39 85
39 87
39 88
39 91
39 93
39 97
39 101
39 103
39 105
39 106
39 108
39 111
39 112
39 113
39 115
39 118
39 119
39 120
39 122
39 125
39 129
39 130
39 133
39 136
39 139
39 140
39 142
39 143
39 145
39 149
39 151
39 153
39 154
39 157
39 158
39 159
39 160
39 161
40 41
40 42
40 45
40 46
40 49
40 51
40 52
40 53
40 54
40 55
40 56
40 58
40 60
40 61
40 65
40 66
40 68
40 69
40 70
40 71
40 72
40 73
40 74
40 75
40 76
40 77
40 79
40 80
40 81
40 82
40 83
40 84
40 85
40 87
40 88
40 89
40 90
40 91
40 92
40 93
40 94
40 95
40 97
40 98
40 99
40 100
40 102
40 103
40 104
40 105
40 106
40 107
40 108
40 109
40 111
40 112
40 113
40 114
40 115
40 116
40 117
40 118
40 119
40 121
40 122
40 125
40 126
40 128
40 130
40 131
40 132
40 133
40 134
40 139
40 141
40 142
40 145
40 147
40 148
40 149
40 150
40 151
40 153
40 154
40 155
40 156
40 157
40 158
40 159
40 160
40 161
41 46
41 51
41 54
41 58
41 61
41 64
41 67
41 68
41 69
41 94
41 98
41 99
41 102
41 104
41 106
41 107
41 108
41 114
41 117
41 118
41 126
41 127
41 129
41 133
41 134
41 135
41 139
41 142
41 145
41 146
41 147
41 151
42 44
42 49
42 51
42 52
42 53
42 54
42 62
42 63
42 66
42 67
42 69
42 72
42 76
42 87
42 89
42 90
42 91
42 93
42 94
42 95
42 98
42 108
42 111
42 113
42 115
42 118
42 120
42 125
42 126
42 129
42 131
42 133
42 134
42 135
42 137
42 138
42 142
42 143
42 146
42 148
42 150
42 154
42 158
42 161
43 45
43 46
43 47
43 49
43 51
43 52
43 53
43 54
43 56
43 57
43 58
43 61
43 62
43 63
43 65
43 67
43 68
43 70
43 71
43 74
43 75
43 76
43 77
43 79
43 80
43 82
43 83
43 84
43 85
43 86
43 87
43 88
43 89
43 91
43 94
43 95
43 97
43 101
43 102
43 106
43 107
43 108
43 109
43 110
43 111
43 112
43 113
43 114
43 115
43 117
43 118
43 129
43 134
43 135
43 136
43 137
43 139
43 140
43 141
43 142
43 143
43 146
43 147
43 149
43 150
43 151
43 152
43 154
43 158
43 160
44 45
44 46
44 50
44 51
44 54
44 55
44 56
44 58
44 64
44 65
44 66
44 67
44 68
44 69
44 70
44 71
44 72
44 73
44 75
44 76
44 77
44 82
44 83
44 85
44 87
44 88
44 89
44 93
44 94
44 97
44 100
44 101
44 102
44 103
44 104
44 106
44 107
44 108
44 109
44 111
44 112
44 114
44 116
44 117
44 118
44 119
44 121
44 125
44 126
44 127
44 131
44 133
44 134
44 135
44 137
44 138
44 140
44 141
44 142
44 143
44 145
44 146
44 147
44 150
44 153
44 154
44 156
44 157
44 158
44 159
44 161
45 48
45 49
45 50
45 51
45 52
45 54
45 55
45 56
45 57
45 58
45 60
45 61
45 62
45 63
45 65
45 67
45 68
45 69
45 71
45 72
45 73
45 74
45 77
45 82
45 83
45 84
45 85
45 86
45 88
45 89
45 90
45 92
45 93
45 94
45 95
45 96
45 97
45 102
45 103
45 104
45 106
45 107
45 108
45 109
45 110
45 114
45 117
45 118
45 122
45 125
45 127
45 128
45 129
45 130
45 131
45 132
45 133
45 134
45 137
45 138
45 139
45 141
45 142
45 145
45 147
45 150
45 151
45 152
45 153
45 154
45 158
45 159
45 160
45 161
46 47
46 48
46 49
46 50
46 51
46 53
46 54
46 55
46 56
46 58
46 60
46 62
46 63
46 66
46 68
46 69
46 70
46 71
46 72
46 73
46 75
46 76
46 79
46 80
46 82
46 84
46 86
46 88
46 90
46 91
46 94
46 97
46 99
46 101
46 102
46 105
46 106
46 109
46 112
46 113
46 114
46 115
46 116
46 117
46 118
46 120
46 123
46 124
46 125
46 126
46 127
46 128
46 130
46 131
46 133
46 134
46 137
46 138
46 139
46 140
46 141
46 142
46 143
46 146
46 148
46 149
46 151
46 152
46 153
46 154
46 158
46 161
47 50
47 54
47 74
47 83
47 86
47 94
47 101
47 105
47 108
47 115
47 118
47 133
47 137
47 138
47 142
47 155
48 50
48 54
48 63
48 64
48 66
48 67
48 68
48 73
48 74
48 80
48 83
48 84
48 86
48 87
48 89
48 97
48 99
48 102
48 106
48 107
48 115
48 117
48 118
48 125
48 127
48 129
48 130
48 131
48 137
48 139
48 146
48 147
48 154
48 158
48 161
49 51
49 52
49 53
49 54
49 55
49 56
49 57
49 58
49 59
49 60
49 64
49 65
49 66
49 67
49 68
49 69
49 70
49 71
49 72
49 74
49 75
49 77
49 78
49 79
49 80
49 81
49 84
49 86
49 87
49 88
49 89
49 91
49 92
49 93
49 94
49 97
49 98
49 101
49 102
49 103
49 104
49 105
49 106
49 107
49 109
49 112
49 113
49 114
49 115
49 116
49 117
49 118
49 121
49 124
49 125
49 126
49 128
49 129
49 131
49 132
49 133
49 134
49 135
49 136
49 137
49 138
49 139
49 140
49 141
49 142
49 143
49 146
49 147
49 148
49 149
49 151
49 153
49 154
49 157
49 158
49 159
49 161
50 53
50 56
50 57
50 58
50 59
50 61
50 62
50 63
50 64
50 65
50 66
50 68
50 69
50 70
50 72
50 74
50 75
50 76
50 79
50 84
50 86
50 88
50 91
50 94
50 101
50 102
50 103
50 107
50 116
50 118
50 119
50 120
50 122
50 123
50 126
50 127
50 129
50 131
50 132
50 133
50 134
50 136
50 138
50 139
50 141
50 142
50 146
50 147
50 151
50 152
50 153
50 154
50 159
51 53
51 54
51 55
51 56
51 58
51 59
51 60
51 61
51 62
51 63
51 65
51 66
51 67
51 68
51 69
51 70
51 71
51 72
51 73
51 74
51 75
51 76
51 77
51 80
51 81
51 83
51 84
51 85
51 86
51 88
51 89
51 90
51 92
51 93
51 94
51 95
51 96
51 97
51 98
51 99
51 100
51 101
51 102
51 104
51 105
51 106
51 108
51 109
51 110
51 111
51 112
51 115
51 117
51 118
51 121
51 122
51 124
51 125
51 126
51 127
51 129
51 130
51 131
51 132
51 133
51 134
51 135
51 137
51 138
51 139
51 141
51 142
51 143
51 144
51 145
51 146
51 147
51 150
51 151
51 152
51 153
51 154
51 156
51 157
51 158
51 160
51 161
52 54
52 56
52 57
52 58
52 59
52 61
52 63
52 64
52 65
52 68
52 69
52 70
52 71
52 72
52 73
52 75
52 77
52 79
52 82
52 87
52 94
52 95
52 96
52 98
52 101
52 102
52 105
52 106
52 108
52 113
52 115
52 118
52 119
52 121
52 125
52 133
52 134
52 135
52 136
52 137
52 141
52 145
52 147
52 148
52 150
52 151
52 152
52 153
52 157
52 159
53 54
53 56
53 59
53 61
53 63
53 64
53 65
53 67
53 68
53 70
53 72
53 73
53 74
53 75
53 76
53 77
53 79
53 84
53 86
53 88
53 91
53 93
53 94
53 97
53 101
53 102
53 104
53 106
53 108
53 109
53 111
53 114
53 115
53 119
53 125
53 131
53 133
53 136
53 138
53 144
53 145
53 146
53 147
53 150
53 153
53 154
53 157
53 158
53 161
54 55
54 56
54 57
54 58
54 59
54 60
54 62
54 63
54 64
54 65
54 66
54 67
54 68
54 69
54 70
54 71
54 72
54 73
54 74
54 75
54 76
54 77
54 79
54 80
54 81
54 82
54 84
54 85
54 87
54 89
54 91
54 93
54 94
54 97
54 98
54 101
54 105
54 107
54 108
54 109
54 111
54 113
54 114
54 115
54 117
54 118
54 119
54 120
54 121
54 124
54 125
54 126
54 127
54 128
54 129
54 130
54 131
54 133
54 135
54 137
54 138
54 139
54 140
54 141
54 142
54 143
54 145
54 147
54 149
54 150
54 151
54 152
54 154
54 155
54 156
54 157
54 158
54 160
55 56
55 59
55 62
55 63
55 64
55 65
55 66
55 68
55 69
55 70
55 71
55 72
55 74
55 75
55 77
55 79
55 80
55 82
55 84
55 86
55 88
55 91
55 92
55 94
55 95
55 96
55 97
55 98
55 102
55 106
55 107
55 109
55 111
55 112
55 113
55 114
55 115
55 117
55 118
55 119
55 121
55 123
55 125
55 127
55 129
55 130
55 131
55 133
55 134
55 135
55 137
55 138
55 142
55 143
55 145
55 146
55 147
55 150
55 151
55 153
55 155
55 158
55 159
55 161
56 58
56 59
56 61
56 64
56 65
56 66
56 67
56 68
56 69
56 71
56 72
56 74
56 75
56 79
56 82
56 84
56 85
56 86
56 88
56 89
56 90
56 91
56 92
56 94
56 98
56 100
56 101
56 102
56 103
56 105
56 106
56 107
56 108
56 109
56 110
56 111
56 112
56 116
56 117
56 118
56 119
56 120
56 122
56 123
56 124
56 126
56 128
56 129
56 130
56 131
56 133
56 136
56 137
56 138
56 141
56 142
56 143
56 146
56 149
56 150
56 152
56 153
56 155
56 157
56 158
56 159
56 160
56 161
57 59
57 63
57 64
57 65
57 67
57 70
57 72
57 73
57 74
57 75
57 76
57 79
57 81
57 88
57 94
57 97
57 99
57 100
57 102
57 106
57 108
57 109
57 111
57 112
57 113
57 114
57 116
57 117
57 118
57 127
57 129
57 130
57 131
57 134
57 135
57 137
57 138
57 139
57 142
57 144
57 152
57 155
57 156
57 157
57 158
57 160
57 161
58 59
58 63
58 64
58 65
58 67
58 68
58 69
58 70
58 71
58 73
58 75
58 76
58 77
58 78
58 80
58 81
58 82
58 84
58 86
58 89
58 97
58 98
58 99
58 101
58 102
58 103
58 106
58 108
58 109
58 114
58 115
58 116
58 117
58 118
58 120
58 121
58 122
58 125
58 126
58 129
58 130
58 131
58 133
58 135
58 136
58 137
58 138
58 142
58 143
58 145
58 148
58 152
58 154
58 158
58 159
58 161
59 61
59 63
59 64
59 65
59 66
59 68
59 69
59 70
59 72
59 74
59 75
59 79
59 81
59 82
59 85
59 86
59 89
59 91
59 97
59 99
59 101
59 102
59 103
59 105
59 106
59 109
59 111
59 112
59 113
59 114
59 115
59 117
59 118
59 121
59 125
59 128
59 131
59 133
59 134
59 137
59 138
59 142
59 143
59 147
59 151
59 152
59 153
59 158
59 161
60 67
60 68
60 70
60 71
60 72
60 74
60 75
60 87
60 94
60 97
60 106
60 108
60 113
60 115
60 117
60 118
60 125
60 127
60 129
60 130
60 131
60 137
60 140
60 142
60 152
60 154
60 158
60 161
61 63
61 65
61 66
61 67
61 69
61 70
61 71
61 72
61 74
61 76
61 81
61 83
61 85
61 86
61 87
61 90
61 92
61 93
61 94
61 97
61 100
61 101
61 102
61 104
61 106
61 108
61 109
61 112
61 114
61 116
61 123
61 125
61 126
61 128
61 129
61 131
61 132
61 134
61 137
61 140
61 142
61 147
61 148
61 150
61 151
61 153
61 161
62 64
62 65
62 67
62 68
62 70
62 73
62 75
62 77
62 85
62 86
62 87
62 89
62 92
62 93
62 94
62 95
62 99
62 101
62 103
62 104
62 105
62 106
62 110
62 111
62 112
62 115
62 117
62 129
62 131
62 132
62 133
62 138
62 141
62 146
62 150
62 151
62 152
62 153
62 158
62 161
63 64
63 65
63 66
63 67
63 68
63 69
63 70
63 71
63 72
63 73
63 74
63 75
63 76
63 77
63 79
63 82
63 83
63 84
63 85
63 86
63 87
63 89
63 91
63 92
63 93
63 94
63 96
63 97
63 99
63 101
63 102
63 106
63 107
63 108
63 109
63 112
63 113
63 114
63 115
63 117
63 118
63 119
63 122
63 128
63 129
63 133
63 134
63 135
63 137
63 138
63 139
63 143
63 145
63 146
63 149
63 151
63 152
63 154
63 155
63 157
63 158
63 159
63 161
64 65
64 66
64 67
64 68
64 69
64 70
64 72
64 73
64 74
64 75
64 76
64 79
64 80
64 81
64 84
64 85
64 86
64 87
64 88
64 89
64 90
64 91
64 92
64 93
64 95
64 97
64 98
64 100
64 101
64 102
64 103
64 104
64 105
64 106
64 107
64 108
64 109
64 110
64 111
64 112
64 113
64 115
64 116
64 117
64 118
64 121
64 123
64 125
64 127
64 129
64 130
64 131
64 132
64 133
64 134
64 135
64 136
64 137
64 138
64 139
64 140
64 141
64 142
64 145
64 146
64 147
64 150
64 152
64 153
64 154
64 156
64 158
64 159
64 160
64 161
65 66
65 67
65 68
65 69
65 70
65 72
65 73
65 77
65 78
65 79
65 80
65 84
65 85
65 88
65 89
65 90
65 91
65 92
65 93
65 94
65 95
65 96
65 97
65 98
65 100
65 101
65 102
65 103
65 104
65 105
65 106
65 108
65 109
65 110
65 111
65 112
65 113
65 114
65 115
65 116
65 117
65 118
65 121
65 122
65 126
65 127
65 128
65 129
65 131
65 133
65 134
65 136
65 137
65 138
65 139
65 140
65 141
65 142
65 145
65 146
65 147
65 148
65 149
65 150
65 151
65 152
65 154
65 157
65 158
65 159
65 160
65 161
66 67
66 68
66 69
66 70
66 72
66 73
66 74
66 75
66 77
66 79
66 82
66 83
66 84
66 85
66 88
66 89
66 92
66 93
66 94
66 97
66 100
66 101
66 102
66 105
66 106
66 107
66 108
66 109
66 110
66 112
66 113
66 114
66 115
66 117
66 118
66 119
66 125
66 127
66 128
66 129
66 130
66 131
66 133
66 134
66 135
66 137
66 139
66 142
66 143
66 147
66 148
66 149
66 151
66 152
66 154
66 157
66 158
67 68
67 69
67 70
67 72
67 73
67 74
67 77
67 79
67 80
67 81
67 82
67 84
67 85
67 86
67 87
67 88
67 89
67 90
67 91
67 93
67 94
67 95
67 97
67 100
67 101
67 102
67 103
67 104
67 105
67 106
67 108
67 109
67 110
67 112
67 113
67 114
67 115
67 116
67 117
67 118
67 119
67 120
67 121
67 124
67 125
67 126
67 127
67 129
67 133
67 134
67 135
67 136
67 137
67 138
67 139
67 142
67 143
67 145
67 146
67 147
67 148
67 150
67 151
67 152
67 153
67 154
67 155
67 157
67 159
67 160
67 161
68 70
68 71
68 72
68 74
68 75
68 76
68 77
68 79
68 80
68 81
68 82
68 84
68 86
68 88
68 89
68 90
68 91
68 92
68 93
68 94
68 95
68 96
68 97
68 99
68 101
68 102
68 103
68 105
68 106
68 107
68 108
68 109
68 112
68 113
68 114
68 115
68 116
68 117
68 118
68 122
68 125
68 126
68 127
68 129
68 130
68 131
68 134
68 136
68 137
68 138
68 141
68 142
68 144
68 145
68 146
68 147
68 148
68 149
68 151
68 152
68 153
68 154
68 155
68 157
68 158
68 159
68 161
69 70
69 71
69 72
69 73
69 74
69 75
69 76
69 77
69 79
69 80
69 82
69 84
69 85
69 87
69 88
69 89
69 90
69 93
69 94
69 96
69 97
69 99
69 101
69 102
69 104
69 105
69 106
69 109
69 112
69 113
69 114
69 115
69 117
69 118
69 119
69 121
69 122
69 126
69 127
69 128
69 129
69 130
69 131
69 133
69 134
69 135
69 137
69 138
69 139
69 140
69 141
69 142
69 143
69 145
69 147
69 150
69 151
69 152
69 153
69 154
69 157
69 158
69 159
69 160
69 161
70 71
70 72
70 74
70 75
70 76
70 77
70 79
70 80
70 82
70 83
70 84
70 85
70 87
70 89
70 90
70 91
70 92
70 93
70 94
70 95
70 96
70 97
70 98
70 99
70 100
70 101
70 102
70 104
70 105
70 106
70 107
70 108
70 109
70 111
70 112
70 113
70 114
70 115
70 117
70 118
70 119
70 120
70 122
70 126
70 127
70 129
70 131
70 133
70 135
70 136
70 137
70 138
70 139
70 141
70 142
70 144
70 145
70 146
70 147
70 150
70 151
70 152
70 154
70 155
70 157
70 158
70 161
71 73
71 74
71 75
71 76
71 78
71 80
71 83
71 84
71 85
71 88
71 89
71 90
71 91
71 93
71 94
71 96
71 97
71 98
71 100
71 102
71 103
71 104
71 105
71 106
71 107
71 111
71 112
71 113
71 114
71 115
71 116
71 118
71 122
71 125
71 126
71 127
71 128
71 129
71 130
71 131
71 133
71 134
71 136
71 137
71 138
71 139
71 140
71 141
71 142
71 143
71 145
71 146
71 147
71 149
71 150
71 151
71 152
71 153
71 154
71 156
71 157
71 161
72 73
72 74
72 75
72 76
72 77
72 79
72 80
72 81
72 82
72 83
72 84
72 85
72 86
72 88
72 89
72 90
72 92
72 94
72 95
72 96
72 97
72 99
72 100
72 101
72 102
72 103
72 104
72 105
72 106
72 107
72 108
72 109
72 110
72 111
72 112
72 113
72 114
72 115
72 116
72 117
72 118
72 119
72 121
72 123
72 125
72 126
72 127
72 128
72 129
72 130
72 133
72 134
72 136
72 137
72 138
72 140
72 142
72 145
72 146
72 147
72 148
72 149
72 150
72 151
72 152
72 154
72 155
72 157
72 158
72 159
72 160
72 161
73 74
73 75
73 76
73 77
73 82
73 83
73 84
73 85
73 86
73 88
73 89
73 90
73 93
73 94
73 95
73 97
73 99
73 100
73 101
73 102
73 103
73 104
73 105
73 106
73 110
73 112
73 113
73 115
73 118
73 119
73 120
73 122
73 126
73 127
73 129
73 130
73 131
73 133
73 134
73 137
73 138
73 142
73 143
73 145
73 147
73 149
73 151
73 152
73 153
73 154
73 158
73 161
74 75
74 76
74 77
74 79
74 80
74 82
74 83
74 86
74 88
74 89
74 91
74 92
74 93
74 94
74 95
74 96
74 97
74 99
74 100
74 101
74 102
74 103
74 104
74 105
74 106
74 108
74 109
74 113
74 114
74 115
74 116
74 117
74 118
74 120
74 121
74 122
74 125
74 126
74 127
74 128
74 129
74 131
74 132
74 133
74 134
74 135
74 136
74 137
74 138
74 139
74 140
74 141
74 142
74 143
74 144
74 145
74 147
74 148
74 150
74 152
74 153
74 154
74 155
74 157
74 158
74 159
74 160
75 78
75 80
75 81
75 84
75 88
75 91
75 92
75 93
75 94
75 96
75 97
75 103
75 105
75 106
75 107
75 108
75 110
75 111
75 112
75 113
75 115
75 116
75 118
75 119
75 124
75 125
75 126
75 127
75 129
75 130
75 131
75 133
75 134
75 135
75 137
75 138
75 139
75 141
75 144
75 145
75 147
75 148
75 149
75 151
75 152
75 154
75 158
75 159
75 160
75 161
76 79
76 80
76 82
76 84
76 85
76 86
76 89
76 90
76 94
76 96
76 101
76 102
76 105
76 106
76 107
76 108
76 109
76 114
76 123
76 125
76 127
76 129
76 131
76 134
76 135
76 137
76 138
76 142
76 145
76 147
76 150
76 151
76 153
76 154
76 157
76 161
77 79
77 83
77 84
77 85
77 87
77 89
77 92
77 93
77 94
77 97
77 99
77 101
77 102
77 105
77 106
77 108
77 113
77 114
77 115
77 117
77 118
77 119
77 121
77 125
77 126
77 129
77 131
77 134
77 135
77 136
77 138
77 139
77 141
77 142
77 146
77 147
77 148
77 149
77 150
77 151
77 152
77 153
77 154
77 157
77 160
77 161
78 97
78 108
78 113
78 117
78 129
78 130
78 137
78 152
78 157
79 80
79 82
79 84
79 85
79 86
79 89
79 94
79 95
79 97
79 98
79 99
79 100
79 101
79 102
79 106
79 108
79 109
79 111
79 113
79 114
79 115
79 116
79 117
79 118
79 120
79 121
79 122
79 125
79 126
79 127
79 128
79 129
79 130
79 131
79 133
79 134
79 135
79 136
79 137
79 138
79 139
79 141
79 142
79 143
79 145
79 146
79 147
79 149
79 150
79 151
79 152
79 153
79 154
79 155
79 157
79 158
79 159
79 161
80 85
80 87
80 89
80 91
80 92
80 93
80 94
80 95
80 98
80 99
80 101
80 102
80 103
80 106
80 107
80 108
80 110
80 111
80 112
80 113
80 114
80 117
80 118
80 119
80 120
80 121
80 122
80 125
80 129
80 130
80 131
80 133
80 134
80 137
80 142
80 143
80 146
80 147
80 150
80 151
80 152
80 153
80 154
80 158
80 159
80 160
81 84
81 87
81 88
81 91
81 96
81 99
81 101
81 102
81 103
81 104
81 108
81 116
81 117
81 125
81 126
81 129
81 133
81 134
81 136
81 137
81 138
81 140
81 141
81 142
81 143
81 146
81 147
81 151
81 152
81 153
81 161
82 85
82 86
82 89
82 90
82 93
82 94
82 96
82 102
82 103
82 106
82 108
82 109
82 111
82 112
82 113
82 115
82 117
82 118
82 129
82 130
82 133
82 137
82 138
82 139
82 140
82 141
82 143
82 145
82 150
82 151
82 158
82 160
83 84
83 86
83 88
83 89
83 94
83 101
83 104
83 105
83 106
83 109
83 111
83 112
83 113
83 114
83 115
83 116
83 117
83 119
83 123
83 125
83 126
83 128
83 129
83 131
83 133
83 134
83 137
83 138
83 139
83 140
83 141
83 142
83 143
83 145
83 146
83 149
83 150
83 151
83 152
83 153
83 154
83 157
83 160
84 86
84 88
84 89
84 93
84 94
84 97
84 98
84 99
84 101
84 102
84 103
84 105
84 106
84 108
84 109
84 110
84 111
84 112
84 113
84 114
84 115
84 120
84 129
84 130
84 131
84 133
84 134
84 135
84 136
84 137
84 138
84 140
84 141
84 147
84 148
84 149
84 150
84 154
84 157
84 158
84 161
85 87
85 89
85 93
85 94
85 97
85 98
85 101
85 104
85 105
85 106
85 108
85 113
85 115
85 117
85 118
85 119
85 125
85 133
85 137
85 138
85 139
85 142
85 146
85 147
85 150
85 151
85 157
85 159
85 161
86 87
86 89
86 91
86 93
86 94
86 97
86 98
86 100
86 101
86 102
86 103
86 106
86 108
86 112
86 113
86 114
86 115
86 116
86 117
86 118
86 128
86 129
86 131
86 133
86 134
86 136
86 137
86 138
86 139
86 142
86 143
86 145
86 147
86 150
86 151
86 154
86 156
86 157
86 158
86 160
87 89
87 93
87 94
87 97
87 98
87 99
87 106
87 108
87 109
87 111
87 112
87 113
87 114
87 115
87 116
87 117
87 122
87 125
87 126
87 127
87 129
87 132
87 133
87 134
87 135
87 138
87 141
87 146
87 150
87 151
87 152
87 154
87 155
87 157
87 158
87 159
87 161
88 89
88 97
88 98
88 100
88 101
88 102
88 103
88 104
88 105
88 106
88 107
88 108
88 109
88 110
88 112
88 114
88 115
88 116
88 117
88 118
88 125
88 126
88 130
88 132
88 133
88 134
88 135
88 136
88 137
88 138
88 140
88 141
88 142
88 147
88 149
88 150
88 152
88 153
88 154
88 157
88 158
89 90
89 94
89 95
89 96
89 97
89 98
89 99
89 101
89 102
89 103
89 104
89 105
89 106
89 107
89 108
89 109
89 110
89 111
89 112
89 113
89 114
89 115
89 116
89 117
89 118
89 119
89 125
89 126
89 127
89 130
89 131
89 133
89 134
89 135
89 136
89 137
89 138
89 140
89 141
89 142
89 143
89 145
89 146
89 148
89 149
89 150
89 151
89 153
89 154
89 157
89 158
89 159
89 161
90 95
90 98
90 100
90 101
90 114
90 117
90 123
90 126
90 137
90 138
90 139
90 141
90 142
90 149
90 152
90 155
90 158
90 160
91 93
91 94
91 96
91 98
91 99
91 100
91 102
91 106
91 107
91 109
91 113
91 114
91 117
91 127
91 128
91 129
91 130
91 134
91 135
91 136
91 137
91 138
91 142
91 145
91 146
91 151
91 152
91 154
91 157
91 158
91 159
91 161
92 97
92 101
92 102
92 103
92 106
92 108
92 110
92 112
92 113
92 115
92 117
92 118
92 125
92 129
92 131
92 132
92 135
92 137
92 138
92 139
92 142
92 145
92 147
92 151
92 152
92 153
92 154
92 157
92 158
92 161
93 94
93 95
93 97
93 99
93 100
93 101
93 102
93 107
93 108
93 109
93 110
93 111
93 114
93 116
93 117
93 118
93 121
93 124
93 125
93 128
93 129
93 130
93 131
93 133
93 134
93 135
93 136
93 137
93 138
93 139
93 141
93 142
93 143
93 145
93 146
93 147
93 148
93 150
93 151
93 152
93 153
93 154
93 157
93 158
94 95
94 97
94 98
94 99
94 100
94 101
94 102
94 103
94 104
94 105
94 106
94 108
94 109
94 112
94 113
94 114
94 115
94 116
94 117
94 118
94 119
94 120
94 124
94 125
94 126
94 128
94 129
94 130
94 131
94 133
94 134
94 136
94 138
94 140
94 141
94 142
94 143
94 145
94 146
94 147
94 148
94 149
94 150
94 152
94 153
94 154
94 156
94 157
94 158
94 159
94 160
94 161
95 97
95 101
95 102
95 106
95 109
95 115
95 117
95 118
95 119
95 122
95 128
95 129
95 130
95 131
95 132
95 137
95 138
95 140
95 142
95 145
95 150
95 152
95 154
95 158
96 98
96 99
96 100
96 102
96 106
96 109
96 114
96 115
96 116
96 117
96 118
96 126
96 128
96 129
96 130
96 131
96 133
96 134
96 140
96 142
96 147
96 152
96 153
96 159
97 98
97 99
97 101
97 102
97 103
97 105
97 106
97 107
97 109
97 113
97 116
97 117
97 118
97 119
97 125
97 126
97 128
97 129
97 131
97 136
97 137
97 138
97 139
97 141
97 142
97 145
97 146
97 147
97 149
97 150
97 151
97 152
97 153
97 154
97 155
97 156
97 157
97 158
97 160
98 101
98 102
98 107
98 108
98 109
98 111
98 113
98 114
98 118
98 127
98 128
98 129
98 130
98 131
98 134
98 137
98 139
98 141
98 142
98 146
98 147
98 148
98 151
98 152
98 153
98 155
98 157
98 161
99 101
99 102
99 105
99 108
99 109
99 110
99 112
99 113
99 114
99 115
99 116
99 117
99 118
99 123
99 125
99 126
99 129
99 130
99 131
99 133
99 136
99 137
99 138
99 141
99 142
99 145
99 146
99 147
99 148
99 150
99 151
99 152
99 153
99 154
99 157
99 161
100 102
100 106
100 108
100 109
100 111
100 114
100 115
100 116
100 125
100 131
100 133
100 134
100 137
100 139
100 141
100 143
100 151
100 152
100 153
100 154
100 155
100 160
100 161
101 103
101 105
101 106
101 108
101 109
101 110
101 113
101 114
101 115
101 116
101 117
101 119
101 121
101 123
101 128
101 129
101 130
101 131
101 132
101 133
101 134
101 137
101 138
101 139
101 141
101 142
101 143
101 146
101 147
101 148
101 150
101 151
101 152
101 153
101 154
101 155
101 157
101 158
101 159
101 160
101 161
102 103
102 104
102 105
102 106
102 108
102 109
102 110
102 111
102 112
102 114
102 115
102 116
102 117
102 118
102 123
102 125
102 126
102 127
102 128
102 129
102 130
102 131
102 132
102 133
102 135
102 136
102 137
102 138
102 139
102 140
102 141
102 142
102 143
102 147
102 148
102 150
102 151
102 152
102 154
102 155
102 156
102 157
102 158
102 159
102 161
103 106
103 114
103 115
103 117
103 118
103 125
103 126
103 128
103 129
103 130
103 131
103 133
103 134
103 137
103 139
103 141
103 142
103 146
103 147
103 149
103 152
103 154
103 158
103 159
103 161
104 107
104 108
104 109
104 110
104 111
104 112
104 113
104 115
104 116
104 118
104 119
104 121
104 125
104 127
104 128
104 131
104 133
104 134
104 137
104 141
104 145
104 154
104 155
104 158
104 161
105 106
105 108
105 109
105 112
105 114
105 115
105 116
105 118
105 121
105 125
105 128
105 129
105 133
105 134
105 137
105 138
105 139
105 140
105 141
105 142
105 145
105 146
105 147
105 148
105 149
105 150
105 151
105 152
105 153
105 154
105 157
105 158
106 107
106 108
106 109
106 112
106 113
106 114
106 115
106 117
106 118
106 119
106 121
106 123
106 125
106 126
106 128
106 129
106 131
106 133
106 134
106 135
106 136
106 137
106 138
106 139
106 142
106 143
106 145
106 146
106 147
106 148
106 150
106 151
106 152
106 153
106 154
106 155
106 156
106 157
106 158
106 159
107 108
107 109
107 113
107 115
107 116
107 117
107 118
107 119
107 121
107 125
107 128
107 129
107 130
107 131
107 133
107 137
107 139
107 141
107 142
107 143
107 145
107 146
107 147
107 148
107 149
107 151
107 152
107 153
107 154
107 156
107 159
108 112
108 113
108 114
108 115
108 116
108 117
108 118
108 119
108 120
108 124
108 125
108 126
108 128
108 129
108 130
108 131
108 133
108 134
108 135
108 137
108 138
108 141
108 142
108 143
108 145
108 146
108 147
108 149
108 151
108 152
108 153
108 154
108 156
108 159
108 160
108 161
109 111
109 112
109 113
109 114
109 116
109 117
109 118
109 119
109 120
109 121
109 122
109 125
109 128
109 129
109 130
109 131
109 133
109 134
109 135
109 137
109 138
109 139
109 140
109 141
109 142
109 145
109 146
109 147
109 149
109 150
109 151
109 152
109 153
109 154
109 155
109 157
109 158
109 159
109 160
110 113
110 114
110 115
110 116
110 117
110 118
110 120
110 129
110 133
110 134
110 136
110 137
110 138
110 147
110 149
110 150
110 154
110 155
110 157
111 114
111 125
111 130
111 131
111 133
111 134
111 136
111 137
111 139
111 140
111 141
111 142
111 145
111 147
111 148
111 150
111 152
111 153
111 154
111 158
112 113
112 115
112 116
112 117
112 120
112 122
112 124
112 125
112 126
112 129
112 131
112 133
112 134
112 135
112 137
112 138
112 139
112 141
112 142
112 146
112 147
112 150
112 151
112 152
112 153
112 157
112 158
112 159
112 161
113 114
113 115
113 117
113 118
113 121
113 122
113 124
113 125
113 126
113 127
113 128
113 131
113 133
113 134
113 135
113 137
113 138
113 142
113 146
113 147
113 150
113 151
113 152
113 153
113 154
113 155
113 158
113 160
113 161
114 115
114 117
114 118
114 125
114 126
114 127
114 128
114 129
114 130
114 131
114 135
114 137
114 138
114 141
114 142
114 143
114 144
114 145
114 146
114 147
114 150
114 151
114 152
114 154
114 156
114 157
114 158
114 159
114 160
114 161
115 116
115 117
115 118
115 119
115 121
115 122
115 124
115 125
115 126
115 129
115 130
115 133
115 134
115 135
115 136
115 137
115 138
115 139
115 140
115 141
115 142
115 143
115 144
115 145
115 146
115 147
115 149
115 151
115 152
115 153
115 154
115 155
115 157
115 158
115 160
115 161
116 117
116 118
116 125
116 126
116 128
116 129
116 130
116 133
116 134
116 137
116 138
116 139
116 142
116 146
116 148
116 151
116 152
116 153
116 157
116 158
116 160
117 118
117 119
117 121
117 122
117 125
117 126
117 127
117 129
117 131
117 132
117 133
117 134
117 136
117 138
117 141
117 142
117 143
117 144
117 145
117 146
117 147
117 148
117 149
117 150
117 151
117 152
117 153
117 154
117 157
117 158
117 160
117 161
118 119
118 120
118 126
118 127
118 128
118 129
118 130
118 131
118 133
118 134
118 135
118 137
118 138
118 140
118 141
118 144
118 145
118 146
118 147
118 148
118 149
118 151
118 152
118 153
118 154
118 157
118 158
118 159
118 161
119 126
119 127
119 129
119 131
119 133
119 134
119 147
119 151
119 152
119 154
119 158
119 161
120 133
120 135
120 138
120 139
120 145
120 146
120 147
120 149
120 153
120 154
120 158
121 130
121 136
121 152
122 129
122 133
122 135
122 137
122 145
122 154
122 155
122 156
123 131
123 136
123 137
123 138
123 152
123 153
123 158
124 126
124 130
124 137
124 152
124 154
124 158
124 159
125 126
125 127
125 128
125 129
125 130
125 131
125 133
125 134
125 135
125 137
125 139
125 142
125 144
125 145
125 146
125 147
125 149
125 150
125 151
125 153
125 154
125 155
125 156
125 157
125 158
125 159
125 160
125 161
126 129
126 131
126 133
126 134
126 135
126 136
126 137
126 140
126 142
126 145
126 146
126 147
126 150
126 153
126 157
126 158
126 160
127 128
127 129
127 134
127 137
127 138
127 139
127 140
127 142
127 145
127 150
127 151
127 152
127 153
127 154
127 157
127 159
128 130
128 131
128 133
128 136
128 137
128 138
128 142
128 145
128 146
128 147
128 152
128 153
128 157
128 158
129 130
129 131
129 133
129 134
129 135
129 136
129 137
129 138
129 139
129 140
129 142
129 143
129 144
129 146
129 147
129 148
129 150
129 151
129 152
129 153
129 154
129 155
129 156
129 157
129 158
129 159
129 160
129 161
130 131
130 132
130 133
130 134
130 135
130 137
130 138
130 139
130 140
130 141
130 143
130 145
130 150
130 152
130 153
130 154
130 157
130 158
130 159
131 133
131 134
131 135
131 136
131 137
131 138
131 139
131 140
131 141
131 142
131 145
131 146
131 147
131 149
131 150
131 151
131 152
131 154
131 155
131 157
131 158
131 159
131 161
132 141
132 153
132 154
133 134
133 135
133 137
133 138
133 140
133 141
133 142
133 145
133 146
133 147
133 150
133 151
133 152
133 153
133 154
133 155
133 157
133 158
133 159
133 160
133 161
134 135
134 136
134 137
134 138
134 139
134 140
134 141
134 142
134 143
134 145
134 150
134 151
134 153
134 154
134 157
134 158
134 160
134 161
135 137
135 138
135 139
135 141
135 142
135 143
135 147
135 148
135 150
135 151
135 153
135 156
135 158
135 159
136 137
136 138
136 139
136 142
136 146
136 147
136 150
136 153
136 154
136 157
136 158
137 138
137 139
137 140
137 142
137 143
137 145
137 146
137 147
137 148
137 149
137 152
137 153
137 154
137 155
137 157
137 158
137 159
137 160
137 161
138 139
138 140
138 141
138 142
138 143
138 146
138 147
138 148
138 150
138 151
138 152
138 153
138 154
138 155
138 157
138 158
138 159
138 161
139 141
139 142
139 143
139 146
139 147
139 149
139 151
139 154
140 142
140 158
141 142
141 144
141 147
141 150
141 151
141 155
141 158
141 160
142 143
142 145
142 146
142 147
142 148
142 149
142 150
142 151
142 152
142 153
142 154
142 157
142 158
142 159
142 160
142 161
143 144
143 145
143 146
143 152
143 153
143 154
143 155
143 157
144 145
144 146
144 150
144 152
144 158
144 160
145 147
145 149
145 150
145 151
145 152
145 157
145 161
146 147
146 150
146 151
146 152
146 153
146 155
146 157
146 158
146 159
146 160
146 161
147 150
147 151
147 152
147 153
147 154
147 155
147 157
147 158
147 159
147 160
147 161
148 149
148 150
148 152
148 153
148 154
148 159
149 150
149 152
149 153
149 156
149 157
149 158
149 160
150 151
150 152
150 153
150 154
150 157
150 158
150 159
150 160
150 161
151 152
151 153
151 154
151 157
151 158
151 159
151 160
151 161
152 153
152 154
152 155
152 156
152 158
152 159
152 160
152 161
153 154
153 156
153 157
153 159
153 161
154 155
154 156
154 157
154 158
154 159
154 161
155 161
156 160
157 161
158 159
158 160
158 161
