0 6
0 7
0 9
0 10
0 14
0 18
0 19
0 21
0 22
0 44
0 45
0 54
0 56
0 57
0 65
0 68
0 69
0 71
0 72
0 73
0 76
0 77
0 86
0 88
0 101
0 102
0 104
0 106
0 108
0 117
0 124
0 128
0 133
0 134
0 137
0 141
0 153
0 160
0 161
1 7
1 9
1 16
1 26
1 30
1 34
1 43
1 44
1 46
1 50
1 53
1 59
1 61
1 63
1 67
1 69
1 77
1 79
1 82
1 87
1 89
1 90
1 93
1 98
1 99
1 100
1 105
1 110
1 112
1 114
1 117
1 121
1 123
1 129
1 135
1 147
1 149
1 153
1 154
1 159
1 160
1 161
2 5
2 7
2 9
2 12
2 13
2 15
2 29
2 39
2 45
2 55
2 58
2 61
2 67
2 69
2 83
2 88
2 97
2 98
2 106
2 114
2 127
2 135
2 139
2 143
2 146
2 153
2 160
3 9
3 11
3 18
3 27
3 31
3 36
3 38
3 42
3 44
3 45
3 53
3 72
3 73
3 75
3 91
3 98
3 101
3 103
3 105
3 108
3 125
3 133
3 138
3 141
3 142
3 145
3 152
3 158
4 6
4 10
4 12
4 14
4 16
4 17
4 19
4 20
4 21
4 22
4 26
4 27
4 29
4 30
4 33
4 36
4 44
4 45
4 49
4 52
4 54
4 58
4 60
4 61
4 62
4 63
4 64
4 65
4 67
4 71
4 73
4 74
4 75
4 76
4 77
4 88
4 89
4 90
4 92
4 93
4 101
4 102
4 103
4 105
4 106
4 109
4 112
4 115
4 118
4 124
4 130
4 135
4 138
4 141
4 142
4 143
4 146
4 147
4 149
4 150
4 153
4 154
4 158
4 159
5 12
5 18
5 19
5 22
5 26
5 32
5 34
5 35
5 38
5 44
5 46
5 51
5 53
5 67
5 70
5 74
5 79
5 86
5 90
5 99
5 103
5 115
5 125
5 134
5 142
5 160
6 8
6 9
6 11
6 12
6 18
6 19
6 20
6 22
6 26
6 29
6 30
6 31
6 36
6 38
6 39
6 40
6 45
6 47
6 52
6 53
6 54
6 55
6 58
6 62
6 66
6 67
6 69
6 70
6 74
6 75
6 79
6 84
6 85
6 87
6 89
6 97
6 99
6 101
6 102
6 103
6 104
6 106
6 107
6 113
6 115
6 117
6 128
6 132
6 134
6 138
6 142
6 143
6 149
6 151
6 152
6 153
6 157
6 158
6 160
7 8
7 9
7 10
7 11
7 12
7 14
7 20
7 21
7 24
7 28
7 30
7 32
7 38
7 40
7 43
7 49
7 50
7 52
7 54
7 63
7 64
7 65
7 68
7 72
7 73
7 74
7 75
7 76
7 80
7 86
7 87
7 89
7 91
7 96
7 97
7 98
7 103
7 104
7 106
7 108
7 109
7 111
7 112
7 114
7 115
7 116
7 117
7 125
7 130
7 131
7 132
7 133
7 135
7 137
7 138
7 139
7 142
7 146
7 149
7 152
7 155
8 9
8 14
8 19
8 21
8 40
8 46
8 54
8 62
8 63
8 68
8 70
8 74
8 77
8 79
8 87
8 107
8 108
8 113
8 114
8 122
8 133
8 135
8 137
8 138
8 141
8 146
8 150
8 157
8 159
9 13
9 14
9 18
9 21
9 26
9 30
9 33
9 36
9 38
9 39
9 40
9 45
9 46
9 47
9 49
9 50
9 51
9 52
9 56
9 59
9 61
9 63
9 66
9 68
9 70
9 71
9 72
9 75
9 77
9 79
9 83
9 85
9 87
9 100
9 101
9 103
9 105
9 108
9 109
9 111
9 113
9 115
9 117
9 124
9 129
9 134
9 137
9 138
9 142
9 146
9 147
9 151
9 152
9 154
9 157
10 17
10 18
10 23
10 25
10 31
10 32
10 35
10 38
10 40
10 45
10 46
10 49
10 51
10 54
10 56
10 65
10 67
10 73
10 74
10 79
10 81
10 89
10 91
10 94
10 98
10 100
10 105
10 113
10 114
10 115
10 117
10 126
10 131
10 133
10 134
10 137
10 139
10 142
10 152
10 154
10 155
10 158
11 13
11 14
11 16
11 17
11 19
11 22
11 25
11 26
11 28
11 31
11 35
11 38
11 43
11 48
11 51
11 55
11 58
11 63
11 64
11 67
11 70
11 72
11 73
11 74
11 75
11 76
11 79
11 84
11 88
11 90
11 92
11 93
11 94
11 96
11 101
11 102
11 108
11 118
11 120
11 126
11 127
11 129
11 130
11 133
11 137
11 138
11 139
11 141
11 145
11 146
11 149
11 150
11 154
11 159
12 13
12 14
12 18
12 21
12 32
12 35
12 36
12 51
12 58
12 61
12 64
12 65
12 72
12 85
12 91
12 94
12 96
12 100
12 101
12 103
12 106
12 108
12 113
12 115
12 117
12 118
12 121
12 123
12 125
12 137
12 139
12 146
12 147
12 151
12 154
12 155
12 157
12 161
13 14
13 15
13 19
13 32
13 36
13 40
13 51
13 52
13 59
13 63
13 70
13 71
13 85
13 86
13 87
13 91
13 93
13 95
13 97
13 109
13 112
13 114
13 121
13 128
13 131
13 133
13 134
13 145
13 146
13 159
14 18
14 21
14 26
14 28
14 29
14 30
14 35
14 36
14 37
14 38
14 40
14 44
14 46
14 47
14 49
14 51
14 55
14 57
14 59
14 61
14 62
14 63
14 65
14 69
14 70
14 71
14 73
14 75
14 76
14 79
14 80
14 83
14 85
14 87
14 89
14 92
14 94
14 95
14 96
14 97
14 99
14 100
14 107
14 111
14 114
14 117
14 118
14 131
14 132
14 133
14 134
14 138
14 145
14 146
14 150
14 152
14 154
14 157
14 158
14 160
15 25
15 32
15 36
15 48
15 54
15 55
15 56
15 68
15 77
15 79
15 87
15 93
15 99
15 106
15 110
15 115
15 133
15 135
15 137
15 143
15 144
15 157
16 23
16 26
16 28
16 38
16 39
16 44
16 45
16 55
16 56
16 63
16 70
16 71
16 79
16 83
16 84
16 85
16 93
16 97
16 104
16 109
16 111
16 112
16 116
16 117
16 118
16 136
16 141
16 147
16 153
16 158
17 19
17 26
17 32
17 44
17 65
17 69
17 103
17 106
17 107
17 109
17 110
17 111
17 118
17 129
17 133
17 147
18 20
18 21
18 25
18 30
18 32
18 36
18 37
18 38
18 40
18 42
18 45
18 48
18 55
18 56
18 77
18 79
18 80
18 87
18 96
18 97
18 99
18 102
18 109
18 110
18 112
18 114
18 117
18 125
18 131
18 132
18 133
18 136
18 137
18 141
18 145
18 153
18 160
19 20
19 23
19 26
19 30
19 31
19 32
19 37
19 38
19 39
19 44
19 45
19 46
19 54
19 56
19 59
19 61
19 63
19 64
19 69
19 70
19 71
19 74
19 77
19 81
19 82
19 83
19 85
19 86
19 90
19 94
19 96
19 97
19 100
19 102
19 103
19 104
19 106
19 107
19 112
19 115
19 117
19 125
19 126
19 127
19 128
19 132
19 133
19 134
19 135
19 136
19 137
19 138
19 139
19 140
19 141
19 146
19 147
19 150
19 154
19 157
19 158
20 32
20 34
20 40
20 41
20 42
20 45
20 70
20 71
20 74
20 85
20 91
20 105
20 107
20 108
20 111
20 117
20 118
20 130
20 131
20 133
20 138
20 139
20 145
20 149
20 154
20 157
20 160
21 22
21 25
21 27
21 36
21 40
21 49
21 50
21 51
21 52
21 57
21 64
21 67
21 75
21 80
21 81
21 86
21 87
21 90
21 91
21 92
21 94
21 97
21 98
21 99
21 100
21 101
21 102
21 103
21 105
21 106
21 108
21 114
21 117
21 122
21 123
21 127
21 131
21 133
21 135
21 136
21 137
21 138
21 140
21 141
21 143
21 145
21 147
21 149
21 154
21 156
21 157
21 158
21 161
22 23
22 24
22 28
22 35
22 36
22 39
22 43
22 48
22 53
22 55
22 58
22 59
22 62
22 64
22 65
22 66
22 70
22 71
22 72
22 74
22 79
22 83
22 85
22 91
22 99
22 102
22 105
22 106
22 111
22 115
22 117
22 139
22 153
23 28
23 30
23 33
23 40
23 41
23 45
23 46
23 48
23 52
23 54
23 68
23 71
23 72
23 75
23 84
23 92
23 97
23 102
23 103
23 106
23 115
23 121
23 126
23 129
23 131
23 134
23 135
23 142
23 152
23 153
23 154
23 161
24 25
24 38
24 45
24 46
24 74
24 79
24 82
24 92
24 93
24 109
24 113
24 135
24 148
24 149
24 153
24 154
24 157
25 30
25 32
25 35
25 36
25 39
25 40
25 42
25 49
25 51
25 56
25 63
25 64
25 68
25 72
25 73
25 74
25 75
25 80
25 93
25 101
25 107
25 108
25 109
25 112
25 117
25 125
25 129
25 131
25 136
25 146
25 148
25 153
25 154
25 160
26 28
26 30
26 31
26 35
26 36
26 38
26 40
26 42
26 45
26 46
26 47
26 49
26 51
26 57
26 58
26 63
26 64
26 66
26 67
26 70
26 71
26 72
26 73
26 76
26 77
26 80
26 84
26 86
26 87
26 88
26 89
26 90
26 99
26 100
26 101
26 102
26 104
26 112
26 115
26 116
26 117
26 124
26 126
26 127
26 128
26 130
26 133
26 135
26 136
26 137
26 142
26 148
26 152
26 153
26 154
26 155
26 157
26 158
26 161
27 32
27 54
27 56
27 69
27 79
27 86
27 89
27 94
27 110
27 115
27 129
27 131
27 145
27 146
27 149
27 150
27 152
27 153
27 161
28 29
28 30
28 31
28 32
28 35
28 39
28 45
28 46
28 48
28 51
28 56
28 58
28 59
28 67
28 71
28 75
28 79
28 93
28 106
28 114
28 115
28 117
28 125
28 127
28 131
28 132
28 133
28 134
28 136
28 138
28 153
28 155
28 156
29 31
29 40
29 42
29 45
29 57
29 61
29 66
29 73
29 80
29 82
29 87
29 106
29 107
29 112
29 113
29 115
29 118
29 136
29 152
30 31
30 39
30 40
30 50
30 51
30 61
30 63
30 64
30 65
30 68
30 69
30 70
30 74
30 75
30 77
30 82
30 94
30 101
30 102
30 104
30 106
30 107
30 108
30 111
30 113
30 115
30 117
30 124
30 125
30 126
30 130
30 132
30 134
30 137
30 138
30 142
30 143
30 145
30 152
30 154
30 156
30 157
30 161
31 37
31 39
31 40
31 43
31 44
31 45
31 49
31 54
31 55
31 56
31 58
31 64
31 66
31 70
31 73
31 74
31 77
31 80
31 82
31 88
31 89
31 94
31 95
31 98
31 99
31 102
31 108
31 111
31 112
31 114
31 115
31 116
31 129
31 130
31 131
31 133
31 134
31 137
31 138
31 145
31 148
31 150
31 152
31 154
31 155
31 157
31 159
31 160
31 161
32 34
32 49
32 54
32 55
32 61
32 63
32 64
32 67
32 68
32 69
32 70
32 74
32 77
32 79
32 82
32 84
32 85
32 94
32 95
32 97
32 102
32 105
32 107
32 109
32 110
32 112
32 113
32 123
32 129
32 131
32 135
32 137
32 145
32 151
32 152
32 153
32 157
32 161
33 54
33 58
33 69
33 72
33 74
33 77
33 79
33 80
33 90
33 91
33 93
33 95
33 97
33 99
33 109
33 117
33 125
33 129
33 147
33 152
33 153
34 36
34 37
34 38
34 40
34 44
34 49
34 51
34 52
34 53
34 56
34 68
34 70
34 74
34 81
34 86
34 89
34 93
34 99
34 101
34 108
34 113
34 115
34 117
34 118
34 126
34 135
34 143
34 144
34 150
34 151
34 154
34 158
35 37
35 39
35 43
35 49
35 51
35 52
35 54
35 57
35 63
35 67
35 71
35 72
35 73
35 74
35 80
35 82
35 83
35 84
35 89
35 92
35 95
35 100
35 101
35 102
35 108
35 110
35 112
35 113
35 117
35 120
35 121
35 122
35 124
35 125
35 129
35 138
35 145
35 146
35 149
35 152
35 153
35 155
35 156
35 161
36 37
36 43
36 45
36 46
36 51
36 54
36 56
36 57
36 65
36 70
36 71
36 74
36 75
36 76
36 86
36 89
36 94
36 97
36 101
36 102
36 105
36 111
36 113
36 114
36 115
36 116
36 117
36 121
36 125
36 127
36 129
36 131
36 132
36 134
36 139
36 140
36 145
36 146
36 151
36 153
36 155
36 157
37 40
37 46
37 51
37 56
37 58
37 60
37 63
37 64
37 65
37 67
37 70
37 73
37 98
37 102
37 109
37 110
37 113
37 114
37 117
37 125
37 131
37 133
37 134
37 142
37 151
37 154
37 156
37 159
38 42
38 50
38 51
38 55
38 58
38 60
38 62
38 64
38 66
38 69
38 70
38 71
38 73
38 75
38 81
38 84
38 86
38 91
38 92
38 93
38 94
38 100
38 101
38 103
38 105
38 106
38 108
38 109
38 114
38 115
38 117
38 119
38 121
38 122
38 125
38 126
38 129
38 131
38 137
38 138
38 139
38 140
38 142
38 145
38 146
38 147
38 149
38 150
38 151
38 152
38 153
38 156
39 41
39 49
39 50
39 51
39 54
39 63
39 66
39 71
39 74
39 75
39 77
39 79
39 82
39 88
39 90
39 91
39 93
39 94
39 95
39 106
39 117
39 118
39 121
39 129
39 131
39 132
39 133
39 134
39 135
39 137
39 139
39 145
39 147
39 151
39 159
40 42
40 43
40 44
40 46
40 53
40 56
40 60
40 64
40 65
40 67
40 70
40 71
40 72
40 73
40 76
40 77
40 79
40 82
40 87
40 90
40 91
40 95
40 98
40 105
40 106
40 109
40 114
40 115
40 116
40 117
40 118
40 122
40 125
40 126
40 129
40 133
40 135
40 137
40 139
40 140
40 141
40 142
40 145
40 146
40 147
40 150
40 151
40 156
40 158
40 159
40 161
41 44
41 71
41 74
41 75
41 87
41 88
41 89
41 102
41 106
41 113
41 115
41 118
41 125
41 128
41 130
41 131
41 142
41 150
41 151
41 153
42 43
42 45
42 46
42 49
42 55
42 56
42 57
42 61
42 64
42 65
42 70
42 72
42 73
42 74
42 76
42 77
42 86
42 88
42 97
42 98
42 99
42 100
42 101
42 102
42 103
42 108
42 112
42 116
42 119
42 123
42 133
42 135
42 139
42 140
42 141
42 142
42 145
42 149
42 152
42 156
42 157
43 45
43 48
43 50
43 51
43 58
43 61
43 67
43 73
43 74
43 76
43 79
43 81
43 86
43 87
43 89
43 94
43 100
43 103
43 104
43 105
43 112
43 115
43 123
43 126
43 127
43 129
43 131
43 133
43 139
43 141
43 143
43 147
43 152
43 153
43 154
43 157
43 158
43 159
43 161
44 46
44 48
44 55
44 57
44 62
44 63
44 65
44 67
44 68
44 69
44 73
44 74
44 77
44 79
44 80
44 82
44 83
44 84
44 94
44 97
44 99
44 100
44 102
44 105
44 106
44 107
44 112
44 117
44 118
44 131
44 138
44 146
44 147
44 148
44 149
44 155
44 159
45 51
45 54
45 55
45 56
45 58
45 68
45 69
45 77
45 79
45 87
45 89
45 91
45 95
45 97
45 99
45 101
45 102
45 104
45 105
45 107
45 112
45 117
45 123
45 125
45 127
45 136
45 149
45 153
45 154
45 155
45 156
45 159
45 161
46 49
46 50
46 51
46 52
46 53
46 56
46 64
46 69
46 70
46 75
46 81
46 86
46 87
46 89
46 95
46 101
46 107
46 108
46 109
46 110
46 115
46 117
46 124
46 129
46 139
46 152
46 153
46 155
46 156
47 62
47 100
47 106
47 108
47 118
47 121
47 134
47 141
47 147
47 157
47 160
48 56
48 58
48 59
48 67
48 68
48 75
48 89
48 99
48 102
48 103
48 104
48 113
48 115
48 124
48 126
48 141
48 142
48 143
48 152
49 51
49 53
49 54
49 56
49 58
49 63
49 64
49 66
49 68
49 69
49 71
49 74
49 83
49 87
49 88
49 93
49 94
49 96
49 97
49 102
49 103
49 106
49 107
49 108
49 115
49 118
49 119
49 131
49 132
49 134
49 136
49 142
49 150
49 151
49 154
49 155
49 157
49 158
49 160
49 161
50 52
50 58
50 65
50 79
50 82
50 87
50 94
50 96
50 98
50 102
50 103
50 106
50 109
50 113
50 114
50 117
50 118
50 119
50 127
50 129
50 138
50 141
50 149
50 150
50 155
50 156
50 158
50 159
51 54
51 57
51 59
51 61
51 63
51 69
51 72
51 73
51 75
51 77
51 80
51 81
51 84
51 86
51 89
51 90
51 100
51 104
51 105
51 106
51 111
51 112
51 113
51 114
51 117
51 118
51 122
51 124
51 125
51 127
51 131
51 136
51 138
51 139
51 141
51 142
51 149
51 150
51 152
51 154
51 158
51 159
52 58
52 65
52 69
52 71
52 72
52 77
52 79
52 86
52 91
52 92
52 94
52 101
52 102
52 107
52 111
52 112
52 115
52 117
52 130
52 146
52 157
52 158
52 160
53 63
53 69
53 72
53 75
53 85
53 99
53 100
53 102
53 103
53 114
53 115
53 122
53 136
53 141
53 142
53 146
53 148
54 55
54 56
54 59
54 64
54 67
54 68
54 69
54 72
54 77
54 85
54 86
54 88
54 93
54 94
54 100
54 101
54 102
54 103
54 106
54 107
54 109
54 113
54 114
54 115
54 117
54 118
54 124
54 125
54 131
54 133
54 135
54 138
54 142
54 145
54 147
54 149
54 153
54 157
54 158
54 160
55 56
55 66
55 68
55 70
55 71
55 73
55 77
55 79
55 83
55 93
55 95
55 97
55 101
55 102
55 104
55 105
55 110
55 112
55 113
55 116
55 117
55 125
55 127
55 129
55 130
55 131
55 135
55 137
55 138
55 141
55 145
55 146
55 149
55 154
55 157
55 161
56 59
56 64
56 65
56 68
56 69
56 70
56 71
56 73
56 75
56 76
56 77
56 79
56 88
56 89
56 91
56 102
56 112
56 113
56 114
56 116
56 117
56 118
56 122
56 127
56 128
56 129
56 133
56 135
56 138
56 139
56 141
56 142
56 146
56 152
56 153
56 155
56 157
56 160
57 58
57 61
57 62
57 67
57 72
57 82
57 84
57 93
57 96
57 97
57 107
57 112
57 129
57 134
57 137
57 138
57 141
57 142
57 146
57 158
58 59
58 61
58 62
58 63
58 69
58 75
58 77
58 81
58 82
58 83
58 84
58 86
58 88
58 91
58 97
58 98
58 102
58 103
58 104
58 107
58 108
58 109
58 113
58 114
58 115
58 116
58 117
58 125
58 126
58 133
58 134
58 135
58 136
58 138
58 140
58 141
58 143
58 144
58 147
58 151
58 152
58 154
58 157
59 62
59 67
59 70
59 73
59 74
59 79
59 82
59 83
59 87
59 89
59 93
59 94
59 98
59 105
59 111
59 117
59 118
59 129
59 132
59 133
59 135
59 140
59 141
59 145
59 147
59 158
60 69
60 72
60 77
60 88
60 94
60 106
60 108
60 118
60 134
60 135
60 137
60 142
60 154
60 158
61 67
61 68
61 70
61 72
61 73
61 74
61 75
61 76
61 79
61 84
61 88
61 89
61 96
61 101
61 106
61 110
61 113
61 114
61 115
61 116
61 125
61 129
61 130
61 131
61 133
61 134
61 137
61 142
61 147
61 149
61 155
61 156
61 159
62 64
62 70
62 80
62 84
62 87
62 91
62 93
62 99
62 102
62 107
62 108
62 127
62 130
62 135
62 139
62 142
62 156
62 158
63 64
63 65
63 66
63 67
63 68
63 69
63 71
63 72
63 73
63 75
63 80
63 84
63 89
63 94
63 98
63 99
63 102
63 105
63 106
63 111
63 113
63 114
63 115
63 117
63 124
63 129
63 130
63 131
63 133
63 138
63 142
63 147
63 149
63 150
63 151
64 65
64 67
64 69
64 70
64 72
64 73
64 75
64 77
64 79
64 82
64 87
64 89
64 92
64 93
64 94
64 97
64 98
64 99
64 101
64 102
64 105
64 107
64 108
64 109
64 110
64 114
64 115
64 117
64 118
64 120
64 122
64 125
64 126
64 129
64 130
64 133
64 137
64 138
64 139
64 141
64 143
64 147
64 148
64 149
64 150
64 152
64 153
64 161
65 66
65 67
65 68
65 73
65 75
65 77
65 79
65 83
65 88
65 89
65 91
65 92
65 93
65 94
65 97
65 98
65 100
65 103
65 108
65 113
65 114
65 118
65 124
65 126
65 133
65 135
65 137
65 139
65 142
65 143
65 147
65 151
65 153
65 157
65 159
65 160
66 72
66 78
66 80
66 83
66 84
66 87
66 98
66 101
66 103
66 106
66 108
66 110
66 111
66 114
66 115
66 116
66 117
66 124
66 125
66 126
66 127
66 128
66 132
66 133
66 138
66 139
66 151
66 152
66 153
66 154
66 155
66 159
67 69
67 70
67 71
67 76
67 77
67 80
67 83
67 85
67 89
67 94
67 95
67 96
67 98
67 99
67 101
67 104
67 108
67 109
67 110
67 111
67 114
67 115
67 117
67 118
67 124
67 125
67 126
67 129
67 131
67 138
67 140
67 141
67 147
67 149
67 150
67 152
67 158
67 159
67 160
68 70
68 71
68 72
68 76
68 82
68 85
68 87
68 90
68 91
68 100
68 102
68 105
68 106
68 108
68 109
68 111
68 113
68 114
68 115
68 119
68 120
68 121
68 129
68 130
68 131
68 132
68 137
68 140
68 141
68 145
68 146
68 147
68 151
68 161
69 70
69 73
69 74
69 77
69 78
69 81
69 83
69 87
69 89
69 94
69 97
69 101
69 102
69 103
69 104
69 107
69 108
69 109
69 111
69 115
69 118
69 121
69 122
69 130
69 131
69 133
69 134
69 135
69 137
69 138
69 142
69 145
69 146
69 147
69 152
69 154
69 155
69 158
69 161
70 74
70 75
70 76
70 77
70 79
70 80
70 81
70 84
70 85
70 90
70 92
70 97
70 101
70 102
70 103
70 106
70 112
70 114
70 115
70 116
70 119
70 121
70 122
70 129
70 134
70 136
70 138
70 139
70 142
70 147
70 150
70 151
70 154
70 155
70 158
70 159
70 160
71 77
71 79
71 86
71 92
71 93
71 94
71 95
71 97
71 100
71 105
71 106
71 110
71 111
71 115
71 120
71 122
71 133
71 134
71 135
71 138
71 140
71 146
71 152
71 154
71 156
71 157
71 158
71 159
72 74
72 75
72 76
72 77
72 80
72 83
72 84
72 87
72 91
72 93
72 94
72 98
72 100
72 102
72 103
72 105
72 106
72 107
72 109
72 111
72 113
72 115
72 117
72 133
72 134
72 137
72 138
72 143
72 147
72 150
72 154
72 158
72 160
72 161
73 75
73 76
73 79
73 80
73 81
73 88
73 91
73 93
73 97
73 100
73 101
73 103
73 105
73 111
73 114
73 115
73 118
73 126
73 128
73 130
73 131
73 135
73 141
73 142
73 143
73 146
73 147
73 152
73 153
73 158
73 159
74 75
74 76
74 81
74 85
74 87
74 88
74 91
74 92
74 100
74 101
74 106
74 109
74 114
74 116
74 117
74 118
74 121
74 125
74 126
74 128
74 129
74 130
74 133
74 135
74 138
74 139
74 140
74 141
74 143
74 145
74 146
74 147
74 148
74 150
74 152
74 153
74 158
74 161
75 80
75 81
75 84
75 87
75 88
75 91
75 93
75 99
75 101
75 107
75 108
75 112
75 117
75 118
75 122
75 131
75 138
75 144
75 146
75 147
75 150
75 153
75 157
75 158
76 89
76 91
76 111
76 114
76 133
76 134
76 136
76 152
76 154
76 160
77 84
77 95
77 96
77 100
77 101
77 102
77 105
77 107
77 108
77 113
77 114
77 118
77 133
77 141
77 143
77 147
77 150
77 151
77 154
77 155
77 159
77 161
78 79
78 104
78 108
78 114
78 118
78 131
78 137
78 138
78 142
78 158
79 82
79 84
79 87
79 89
79 90
79 91
79 95
79 97
79 101
79 102
79 103
79 108
79 109
79 111
79 112
79 113
79 118
79 122
79 126
79 127
79 128
79 129
79 133
79 134
79 135
79 137
79 138
79 147
79 150
79 153
79 156
79 158
80 90
80 103
80 109
80 114
80 116
80 117
80 118
80 125
80 129
80 131
80 134
80 137
80 138
80 139
80 141
80 145
80 146
80 153
80 160
81 97
81 109
81 117
81 119
81 125
81 146
81 154
81 157
82 91
82 93
82 101
82 105
82 114
82 117
82 131
82 135
82 138
82 152
82 153
82 158
82 161
83 86
83 89
83 96
83 105
83 108
83 109
83 115
83 125
83 126
83 131
83 139
83 145
83 152
83 157
83 161
84 85
84 87
84 90
84 99
84 100
84 101
84 103
84 104
84 106
84 108
84 112
84 113
84 114
84 116
84 117
84 118
84 122
84 133
84 134
84 135
84 136
84 140
84 142
84 143
84 148
84 152
84 159
85 88
85 94
85 104
85 108
85 109
85 114
85 116
85 122
85 131
85 133
85 134
85 135
85 138
85 139
85 141
85 143
85 145
85 154
85 157
85 160
86 99
86 101
86 125
86 136
86 138
86 145
86 147
86 154
87 89
87 99
87 100
87 101
87 108
87 109
87 111
87 112
87 113
87 116
87 118
87 129
87 132
87 133
87 137
87 148
87 149
87 150
87 151
87 154
87 155
87 158
88 94
88 95
88 96
88 98
88 100
88 104
88 106
88 110
88 112
88 113
88 126
88 131
88 138
88 141
88 142
88 145
88 146
88 158
88 159
88 160
88 161
89 90
89 93
89 94
89 99
89 100
89 105
89 106
89 108
89 112
89 114
89 116
89 117
89 118
89 119
89 122
89 129
89 131
89 132
89 133
89 135
89 136
89 137
89 140
89 142
89 149
89 152
89 156
89 160
90 92
90 94
90 102
90 106
90 109
90 111
90 113
90 114
90 132
90 138
90 139
90 140
90 146
90 147
90 157
91 96
91 97
91 100
91 101
91 103
91 106
91 108
91 118
91 122
91 124
91 129
91 130
91 133
91 134
91 138
91 139
91 145
91 152
91 158
92 97
92 99
92 100
92 102
92 113
92 115
92 116
92 134
92 141
92 146
92 147
92 150
92 155
93 97
93 98
93 100
93 102
93 107
93 108
93 109
93 110
93 111
93 114
93 115
93 117
93 119
93 132
93 137
93 148
93 153
93 158
94 101
94 105
94 106
94 109
94 112
94 116
94 118
94 125
94 132
94 133
94 134
94 135
94 138
94 140
94 143
94 145
94 146
94 147
94 148
94 152
94 155
94 157
94 160
95 122
95 130
95 138
95 142
95 148
95 151
95 155
95 158
95 161
96 98
96 102
96 106
96 108
96 112
96 114
96 115
96 117
96 125
96 135
96 142
96 146
96 147
96 151
96 160
97 99
97 103
97 107
97 111
97 115
97 116
97 129
97 131
97 132
97 138
97 143
97 150
97 152
97 160
98 101
98 103
98 105
98 113
98 116
98 129
98 133
98 134
98 136
98 138
98 142
98 146
98 152
98 155
98 157
99 101
99 104
99 106
99 107
99 112
99 113
99 117
99 123
99 136
99 137
99 139
99 142
99 144
99 146
99 151
99 153
99 154
99 160
99 161
100 102
100 105
100 106
100 107
100 108
100 115
100 118
100 126
100 131
100 136
100 138
100 139
100 147
100 153
100 158
101 102
101 105
101 106
101 107
101 108
101 109
101 110
101 111
101 112
101 114
101 115
101 116
101 117
101 131
101 134
101 137
101 142
101 143
101 145
101 146
101 149
101 150
101 151
101 153
101 159
102 106
102 110
102 112
102 114
102 115
102 116
102 117
102 118
102 123
102 126
102 128
102 129
102 131
102 132
102 137
102 139
102 142
102 146
102 147
102 149
102 152
102 158
102 161
103 109
103 110
103 111
103 112
103 113
103 129
103 131
103 134
103 138
103 146
103 152
103 153
103 160
103 161
104 109
104 112
104 113
104 118
104 123
104 126
104 131
104 133
104 137
104 142
105 106
105 110
105 111
105 113
105 115
105 118
105 127
105 129
105 134
105 135
105 138
105 139
105 141
105 142
105 147
105 148
105 151
105 153
105 155
106 107
106 108
106 109
106 112
106 114
106 115
106 118
106 125
106 126
106 130
106 132
106 134
106 135
106 136
106 139
106 140
106 146
106 147
106 150
106 151
106 156
106 159
106 160
106 161
107 113
107 114
107 126
107 128
107 129
107 131
107 137
107 139
107 141
107 143
107 146
107 149
107 150
107 152
107 153
107 159
107 161
108 112
108 113
108 114
108 115
108 116
108 117
108 118
108 122
108 126
108 131
108 137
108 138
108 141
108 146
108 147
108 149
108 150
108 151
108 152
108 153
108 157
109 113
109 114
109 115
109 117
109 118
109 121
109 123
109 126
109 133
109 134
109 136
109 137
109 138
109 141
109 151
109 152
109 154
109 155
109 158
109 161
110 113
110 116
110 118
110 126
110 129
110 140
110 145
110 152
110 153
110 158
111 113
111 114
111 117
111 129
111 132
111 135
111 138
111 140
111 141
111 152
111 154
111 158
111 159
111 160
112 113
112 114
112 115
112 117
112 124
112 131
112 135
112 138
112 142
112 143
112 145
112 152
112 153
112 158
113 115
113 116
113 122
113 127
113 131
113 133
113 134
113 135
113 136
113 138
113 142
113 147
113 150
113 151
113 152
113 153
113 154
113 157
113 158
114 118
114 124
114 125
114 126
114 129
114 130
114 131
114 141
114 142
114 143
114 146
114 147
114 154
114 155
114 159
115 116
115 129
115 132
115 133
115 134
115 137
115 139
115 142
115 146
115 149
115 152
115 153
115 154
115 156
115 157
115 158
116 118
116 125
116 127
116 128
116 131
116 133
116 135
116 138
116 139
116 142
116 148
116 149
116 152
116 157
117 118
117 121
117 125
117 128
117 129
117 132
117 134
117 135
117 137
117 139
117 141
117 146
117 147
117 150
117 152
117 154
117 157
117 158
117 161
118 126
118 128
118 132
118 133
118 135
118 137
118 138
118 139
118 142
118 147
118 148
118 149
118 153
118 154
118 155
118 158
118 159
118 161
119 126
119 130
119 133
119 137
119 144
119 150
119 159
120 133
120 134
120 145
120 147
120 152
120 154
120 161
121 125
121 133
121 138
121 143
121 147
121 161
122 129
122 142
122 145
122 151
122 159
122 160
122 161
123 133
123 138
123 146
123 147
125 126
125 131
125 133
125 136
125 137
125 138
125 142
125 147
125 151
125 152
125 159
126 128
126 129
126 130
126 132
126 133
126 139
126 153
127 129
127 136
127 138
127 147
127 150
128 129
128 130
128 131
128 133
128 134
128 136
128 137
128 138
128 142
128 151
128 153
129 131
129 132
129 138
129 139
129 146
129 149
129 151
129 154
129 156
129 158
129 159
129 160
130 137
130 138
130 139
130 142
130 146
130 149
130 152
130 154
130 157
130 159
131 133
131 134
131 136
131 137
131 138
131 139
131 146
131 153
131 154
131 157
132 133
132 145
132 146
132 152
132 154
133 134
133 137
133 138
133 142
133 144
133 148
133 157
133 158
133 159
133 161
134 135
134 145
134 151
134 152
134 158
134 159
134 160
135 137
135 146
135 151
135 161
136 137
136 140
136 141
136 142
136 152
136 154
136 156
136 159
137 138
137 139
137 140
137 143
137 149
137 150
137 153
137 155
137 158
138 139
138 144
138 146
138 148
138 149
138 151
138 153
138 154
138 161
139 145
139 148
139 150
139 157
139 158
139 159
140 146
140 147
140 150
140 155
141 147
141 150
142 143
142 146
142 147
142 152
142 154
142 156
142 159
142 161
143 145
143 156
143 157
143 158
145 146
145 152
145 157
145 158
146 158
146 159
147 154
147 155
147 157
147 158
148 157
149 154
149 157
149 158
149 161
150 161
151 156
151 157
151 158
151 160
151 161
152 153
152 157
152 158
153 157
154 157
154 158
155 158
157 158
157 159
157 161
