0 9
0 12
0 14
0 19
0 26
0 30
0 35
0 37
0 43
0 44
0 49
0 52
0 54
0 55
0 64
0 74
0 75
0 77
0 89
0 100
0 103
0 106
0 108
0 109
0 110
0 116
0 123
0 127
0 128
0 129
0 131
0 137
0 138
0 142
0 147
0 150
0 151
0 154
0 155
0 157
0 158
0 161
1 3
1 4
1 11
1 14
1 19
1 32
1 38
1 45
1 46
1 49
1 50
1 59
1 63
1 68
1 70
1 72
1 74
1 76
1 79
1 80
1 85
1 87
1 94
1 98
1 101
1 102
1 104
1 105
1 111
1 113
1 117
1 118
1 125
1 132
1 134
1 137
1 139
1 143
1 144
1 146
2 4
2 11
2 19
2 28
2 49
2 50
2 51
2 54
2 57
2 65
2 69
2 86
2 91
2 92
2 97
2 100
2 108
2 111
2 113
2 115
2 118
2 121
2 132
2 142
3 4
3 7
3 27
3 31
3 32
3 34
3 37
3 45
3 63
3 67
3 69
3 70
3 75
3 80
3 88
3 92
3 93
3 94
3 99
3 102
3 105
3 109
3 112
3 113
3 115
3 118
3 121
3 125
3 135
3 136
3 137
3 147
3 151
3 154
3 158
3 161
4 8
4 9
4 10
4 19
4 26
4 27
4 28
4 30
4 31
4 32
4 34
4 36
4 38
4 40
4 42
4 43
4 45
4 46
4 48
4 54
4 56
4 58
4 59
4 63
4 70
4 71
4 72
4 74
4 75
4 76
4 77
4 78
4 79
4 81
4 82
4 83
4 88
4 100
4 102
4 106
4 108
4 110
4 112
4 115
4 116
4 118
4 121
4 122
4 129
4 132
4 133
4 134
4 135
4 136
4 138
4 141
4 142
4 146
4 151
4 152
4 153
4 154
4 157
4 158
4 160
4 161
5 11
5 28
5 50
5 51
5 56
5 68
5 69
5 71
5 94
5 102
5 115
5 123
5 124
5 130
5 133
5 147
5 151
5 161
6 7
6 11
6 15
6 16
6 19
6 21
6 24
6 32
6 34
6 36
6 43
6 45
6 46
6 49
6 50
6 51
6 53
6 55
6 56
6 62
6 63
6 64
6 65
6 69
6 70
6 72
6 74
6 77
6 80
6 82
6 89
6 93
6 95
6 97
6 99
6 101
6 102
6 103
6 105
6 111
6 112
6 116
6 126
6 128
6 129
6 130
6 132
6 134
6 135
6 136
6 142
6 145
6 146
6 147
6 150
6 152
6 159
7 9
7 11
7 14
7 19
7 20
7 24
7 25
7 27
7 30
7 31
7 32
7 40
7 49
7 50
7 51
7 55
7 56
7 59
7 63
7 64
7 65
7 68
7 69
7 71
7 80
7 81
7 83
7 84
7 85
7 87
7 89
7 91
7 93
7 94
7 95
7 97
7 99
7 100
7 101
7 104
7 106
7 108
7 109
7 111
7 115
7 118
7 123
7 131
7 134
7 135
7 136
7 137
7 141
7 142
7 143
7 145
7 151
7 152
7 153
7 154
7 159
7 160
8 10
8 19
8 32
8 34
8 45
8 54
8 66
8 79
8 87
8 89
8 98
8 103
8 106
8 110
8 112
8 116
8 117
8 118
8 119
8 136
8 147
8 148
9 11
9 14
9 18
9 22
9 24
9 25
9 26
9 30
9 33
9 34
9 35
9 36
9 38
9 50
9 52
9 53
9 56
9 58
9 59
9 60
9 64
9 69
9 70
9 72
9 74
9 76
9 79
9 84
9 85
9 91
9 93
9 94
9 98
9 101
9 105
9 112
9 114
9 117
9 118
9 124
9 125
9 126
9 128
9 138
9 146
9 147
9 148
9 152
10 11
10 14
10 21
10 22
10 23
10 24
10 25
10 30
10 31
10 32
10 36
10 38
10 41
10 42
10 54
10 55
10 56
10 58
10 65
10 75
10 77
10 80
10 89
10 100
10 102
10 103
10 105
10 106
10 109
10 115
10 116
10 121
10 125
10 126
10 131
10 141
10 147
10 152
10 153
10 159
11 12
11 13
11 15
11 16
11 19
11 24
11 27
11 30
11 33
11 35
11 36
11 44
11 45
11 50
11 54
11 55
11 57
11 68
11 72
11 73
11 74
11 77
11 79
11 80
11 84
11 89
11 90
11 91
11 96
11 98
11 100
11 103
11 107
11 109
11 112
11 113
11 116
11 117
11 118
11 119
11 125
11 126
11 127
11 137
11 148
11 151
11 155
11 157
11 158
11 161
12 17
12 18
12 21
12 24
12 31
12 32
12 35
12 40
12 43
12 51
12 52
12 54
12 67
12 68
12 71
12 73
12 74
12 83
12 87
12 92
12 97
12 101
12 104
12 105
12 113
12 117
12 118
12 119
12 122
12 128
12 137
12 142
12 145
12 153
12 154
12 157
12 159
13 15
13 25
13 28
13 36
13 50
13 51
13 56
13 66
13 84
13 86
13 89
13 94
13 96
13 101
13 103
13 115
13 116
13 130
13 136
13 137
13 142
13 145
13 147
14 19
14 21
14 23
14 25
14 28
14 30
14 31
14 32
14 36
14 43
14 45
14 46
14 49
14 50
14 51
14 53
14 55
14 59
14 60
14 64
14 65
14 66
14 67
14 68
14 69
14 72
14 74
14 75
14 77
14 80
14 83
14 84
14 85
14 86
14 87
14 93
14 94
14 95
14 96
14 100
14 103
14 109
14 111
14 115
14 118
14 125
14 127
14 128
14 130
14 133
14 135
14 136
14 139
14 141
14 142
14 143
14 145
14 147
14 148
14 149
14 151
14 152
14 153
14 154
14 157
15 19
15 21
15 39
15 44
15 46
15 59
15 69
15 71
15 77
15 84
15 85
15 93
15 94
15 99
15 101
15 104
15 110
15 112
15 116
15 118
15 129
15 136
15 137
15 138
15 142
15 150
15 152
16 26
16 31
16 43
16 51
16 53
16 56
16 61
16 63
16 64
16 70
16 71
16 72
16 73
16 76
16 83
16 87
16 94
16 98
16 113
16 118
16 125
16 133
16 139
16 149
16 157
16 158
16 159
17 19
17 26
17 28
17 31
17 35
17 36
17 38
17 39
17 41
17 47
17 63
17 66
17 67
17 88
17 96
17 114
17 119
17 130
17 133
17 145
17 152
17 153
17 157
18 32
18 36
18 39
18 40
18 43
18 45
18 48
18 49
18 57
18 61
18 63
18 64
18 68
18 69
18 73
18 75
18 76
18 79
18 89
18 96
18 102
18 106
18 107
18 108
18 109
18 113
18 118
18 119
18 122
18 127
18 133
18 135
18 139
18 140
18 142
18 148
18 151
18 152
18 153
18 154
18 159
18 160
19 23
19 26
19 28
19 29
19 32
19 34
19 35
19 39
19 40
19 44
19 51
19 53
19 62
19 64
19 66
19 69
19 71
19 72
19 73
19 75
19 78
19 79
19 80
19 84
19 89
19 92
19 94
19 96
19 97
19 98
19 99
19 100
19 102
19 105
19 106
19 109
19 110
19 112
19 114
19 119
19 120
19 125
19 126
19 127
19 128
19 129
19 133
19 134
19 139
19 141
19 142
19 144
19 145
19 147
19 149
19 151
19 152
19 153
19 155
19 156
19 157
19 158
19 160
20 24
20 32
20 36
20 39
20 44
20 48
20 51
20 54
20 58
20 64
20 65
20 70
20 73
20 75
20 89
20 118
20 120
20 122
20 128
20 133
20 134
20 137
20 142
20 145
20 150
20 161
21 26
21 27
21 31
21 35
21 36
21 40
21 42
21 45
21 46
21 54
21 64
21 68
21 70
21 71
21 72
21 74
21 75
21 79
21 88
21 90
21 97
21 98
21 100
21 103
21 105
21 108
21 110
21 112
21 113
21 114
21 125
21 129
21 133
21 134
21 135
21 138
21 141
21 147
21 149
21 151
21 152
21 154
21 157
21 159
21 160
22 30
22 45
22 55
22 61
22 64
22 65
22 78
22 83
22 89
22 93
22 94
22 98
22 107
22 110
22 114
22 118
22 119
22 129
22 131
22 138
22 139
22 149
22 151
22 161
23 26
23 38
23 40
23 42
23 44
23 45
23 46
23 55
23 56
23 57
23 66
23 67
23 86
23 91
23 92
23 96
23 106
23 109
23 112
23 119
23 120
23 125
23 134
23 137
23 142
23 145
23 161
24 28
24 31
24 32
24 40
24 45
24 49
24 50
24 51
24 58
24 69
24 70
24 72
24 84
24 85
24 86
24 88
24 91
24 93
24 94
24 99
24 101
24 109
24 114
24 125
24 137
24 140
24 145
24 156
24 158
25 31
25 32
25 36
25 39
25 40
25 41
25 44
25 45
25 46
25 58
25 62
25 65
25 67
25 68
25 73
25 79
25 88
25 93
25 94
25 101
25 106
25 107
25 109
25 112
25 115
25 122
25 126
25 134
25 142
25 145
25 146
25 147
25 150
25 152
25 153
25 156
25 157
26 28
26 30
26 31
26 33
26 35
26 36
26 37
26 38
26 40
26 48
26 49
26 50
26 51
26 52
26 54
26 55
26 57
26 64
26 68
26 69
26 72
26 73
26 74
26 75
26 80
26 82
26 83
26 85
26 88
26 89
26 91
26 94
26 95
26 96
26 97
26 99
26 100
26 102
26 103
26 106
26 109
26 111
26 113
26 114
26 115
26 116
26 117
26 125
26 128
26 130
26 137
26 139
26 142
26 144
26 148
26 152
26 153
26 154
26 156
26 157
26 159
26 160
27 31
27 48
27 51
27 54
27 55
27 74
27 79
27 89
27 99
27 106
27 115
27 117
27 131
27 135
27 139
27 150
27 159
28 33
28 35
28 38
28 42
28 43
28 45
28 46
28 49
28 50
28 56
28 67
28 68
28 73
28 84
28 85
28 93
28 94
28 98
28 102
28 112
28 114
28 121
28 143
28 146
28 151
28 155
28 157
29 35
29 45
29 59
29 61
29 69
29 70
29 72
29 73
29 83
29 87
29 94
29 95
29 100
29 112
29 114
29 121
29 135
29 142
29 154
30 31
30 35
30 38
30 40
30 44
30 45
30 49
30 51
30 52
30 57
30 58
30 60
30 63
30 64
30 67
30 68
30 69
30 70
30 72
30 73
30 79
30 93
30 95
30 102
30 109
30 112
30 115
30 117
30 125
30 126
30 127
30 129
30 132
30 133
30 134
30 136
30 137
30 140
30 141
30 142
30 151
30 152
30 154
30 158
30 161
31 40
31 42
31 44
31 56
31 61
31 65
31 70
31 72
31 73
31 74
31 75
31 76
31 79
31 80
31 85
31 87
31 88
31 89
31 92
31 98
31 100
31 102
31 103
31 106
31 108
31 116
31 118
31 126
31 127
31 128
31 129
31 130
31 132
31 133
31 137
31 138
31 140
31 146
31 147
31 149
31 152
31 154
31 158
31 160
31 161
32 38
32 42
32 49
32 51
32 55
32 56
32 58
32 60
32 61
32 66
32 67
32 69
32 72
32 80
32 81
32 82
32 83
32 84
32 86
32 91
32 92
32 101
32 102
32 104
32 105
32 106
32 109
32 110
32 111
32 112
32 113
32 115
32 117
32 121
32 126
32 127
32 129
32 130
32 132
32 135
32 136
32 147
32 148
32 149
32 150
32 153
32 155
32 156
32 157
32 158
32 161
33 36
33 51
33 54
33 62
33 64
33 66
33 73
33 83
33 91
33 110
33 111
33 115
33 116
33 129
33 133
33 134
33 135
33 137
33 139
33 146
33 157
33 158
34 35
34 53
34 54
34 55
34 63
34 68
34 70
34 78
34 87
34 89
34 93
34 98
34 100
34 101
34 102
34 103
34 111
34 112
34 124
34 128
34 131
34 133
34 137
34 138
34 141
34 142
34 143
34 146
34 148
34 152
35 38
35 40
35 44
35 46
35 50
35 53
35 55
35 61
35 64
35 66
35 69
35 72
35 78
35 79
35 81
35 84
35 87
35 89
35 93
35 97
35 99
35 101
35 103
35 106
35 107
35 119
35 123
35 125
35 127
35 132
35 133
35 134
35 135
35 137
35 142
35 145
35 146
35 150
35 151
35 155
35 158
36 41
36 43
36 45
36 48
36 53
36 56
36 62
36 64
36 67
36 68
36 70
36 71
36 73
36 77
36 82
36 86
36 87
36 94
36 96
36 103
36 105
36 106
36 125
36 126
36 132
36 133
36 138
36 139
36 141
36 142
36 146
36 147
36 150
36 152
36 159
37 41
37 46
37 55
37 61
37 63
37 67
37 69
37 72
37 80
37 83
37 90
37 94
37 98
37 102
37 105
37 109
37 113
37 116
37 130
37 134
37 139
37 151
37 156
38 39
38 41
38 48
38 50
38 55
38 60
38 61
38 63
38 64
38 66
38 67
38 71
38 72
38 75
38 77
38 78
38 82
38 94
38 97
38 99
38 100
38 101
38 106
38 108
38 109
38 110
38 112
38 113
38 117
38 118
38 126
38 135
38 138
38 139
38 145
38 147
38 151
38 152
38 153
38 157
39 45
39 46
39 50
39 53
39 55
39 62
39 63
39 67
39 70
39 72
39 74
39 75
39 79
39 83
39 87
39 89
39 94
39 101
39 102
39 103
39 106
39 112
39 113
39 114
39 119
39 122
39 126
39 128
39 131
39 133
39 134
39 137
39 138
39 139
39 150
39 151
39 152
39 154
39 157
40 44
40 45
40 46
40 48
40 51
40 52
40 53
40 54
40 58
40 66
40 67
40 69
40 70
40 72
40 75
40 77
40 83
40 84
40 87
40 88
40 89
40 90
40 92
40 94
40 98
40 102
40 104
40 106
40 109
40 114
40 115
40 116
40 118
40 123
40 125
40 126
40 128
40 132
40 134
40 136
40 139
40 146
40 147
40 149
40 152
40 153
40 155
41 55
41 65
41 75
41 77
41 80
41 91
41 100
41 114
41 125
41 126
41 154
41 157
42 43
42 45
42 54
42 55
42 59
42 65
42 66
42 67
42 68
42 75
42 77
42 82
42 83
42 89
42 90
42 91
42 92
42 98
42 108
42 109
42 112
42 115
42 122
42 126
42 130
42 133
42 137
42 138
42 143
42 149
42 151
42 153
42 155
42 157
42 158
43 44
43 45
43 50
43 53
43 56
43 61
43 63
43 64
43 65
43 67
43 69
43 73
43 74
43 75
43 79
43 80
43 84
43 87
43 89
43 99
43 100
43 106
43 108
43 109
43 111
43 115
43 125
43 129
43 130
43 131
43 134
43 135
43 138
43 142
43 146
43 147
43 152
43 154
43 158
43 160
44 45
44 47
44 51
44 59
44 60
44 62
44 64
44 66
44 67
44 68
44 69
44 88
44 89
44 91
44 94
44 99
44 100
44 102
44 106
44 108
44 114
44 115
44 126
44 130
44 133
44 135
44 137
44 138
44 139
44 150
44 152
44 154
44 157
44 158
45 49
45 52
45 53
45 57
45 58
45 60
45 63
45 69
45 75
45 78
45 88
45 89
45 90
45 92
45 94
45 101
45 102
45 103
45 106
45 115
45 117
45 121
45 129
45 132
45 134
45 136
45 137
45 138
45 143
45 145
45 148
45 149
45 150
45 152
45 154
45 156
45 157
45 158
45 159
45 161
46 60
46 62
46 63
46 66
46 68
46 71
46 77
46 80
46 82
46 83
46 84
46 88
46 91
46 94
46 95
46 102
46 103
46 105
46 109
46 119
46 121
46 124
46 126
46 131
46 133
46 139
46 142
46 148
46 149
46 151
46 154
46 158
46 160
47 69
47 79
47 88
47 94
47 102
47 105
47 117
47 138
47 154
48 49
48 51
48 55
48 59
48 61
48 65
48 77
48 95
48 97
48 101
48 106
48 111
48 114
48 116
48 118
48 120
48 123
48 124
48 128
48 131
48 138
48 139
49 51
49 59
49 61
49 63
49 64
49 67
49 68
49 75
49 78
49 81
49 82
49 84
49 86
49 94
49 97
49 99
49 101
49 102
49 108
49 109
49 114
49 115
49 117
49 118
49 121
49 122
49 125
49 128
49 129
49 130
49 131
49 132
49 137
49 138
49 147
49 154
49 156
49 157
49 158
50 55
50 59
50 65
50 73
50 74
50 75
50 78
50 92
50 93
50 96
50 99
50 100
50 101
50 104
50 106
50 107
50 109
50 111
50 114
50 119
50 124
50 127
50 128
50 132
50 134
50 135
50 137
50 145
50 150
50 151
50 158
50 161
51 52
51 54
51 65
51 66
51 68
51 70
51 71
51 72
51 73
51 74
51 75
51 83
51 85
51 88
51 89
51 91
51 92
51 93
51 94
51 99
51 103
51 104
51 107
51 108
51 109
51 111
51 112
51 114
51 115
51 118
51 120
51 125
51 126
51 128
51 129
51 131
51 133
51 134
51 139
51 142
51 145
51 147
51 149
51 151
51 152
51 154
51 155
51 161
52 54
52 55
52 56
52 58
52 60
52 63
52 69
52 82
52 93
52 97
52 101
52 106
52 113
52 118
52 122
52 130
52 133
52 137
52 139
52 141
52 151
52 154
52 157
52 158
53 61
53 62
53 65
53 71
53 72
53 85
53 87
53 90
53 94
53 97
53 101
53 104
53 127
53 142
53 160
54 55
54 57
54 59
54 60
54 65
54 67
54 69
54 75
54 77
54 80
54 81
54 84
54 88
54 91
54 92
54 93
54 95
54 96
54 97
54 101
54 103
54 105
54 109
54 111
54 113
54 114
54 115
54 117
54 123
54 125
54 126
54 129
54 133
54 134
54 135
54 136
54 137
54 139
54 141
54 145
54 147
54 148
54 149
54 150
54 152
54 157
54 159
54 161
55 56
55 58
55 64
55 65
55 70
55 74
55 79
55 87
55 93
55 94
55 99
55 100
55 103
55 106
55 108
55 113
55 114
55 118
55 133
55 137
55 139
55 141
55 147
55 151
55 152
55 154
55 155
55 158
55 159
56 58
56 60
56 61
56 67
56 73
56 79
56 82
56 84
56 85
56 88
56 89
56 90
56 94
56 97
56 99
56 103
56 105
56 108
56 109
56 114
56 115
56 118
56 126
56 127
56 129
56 131
56 135
56 138
56 139
56 142
56 143
56 145
56 146
56 147
56 157
56 161
57 58
57 67
57 68
57 69
57 71
57 78
57 79
57 80
57 89
57 91
57 98
57 99
57 101
57 105
57 108
57 114
57 133
57 137
57 138
57 142
58 62
58 63
58 65
58 68
58 72
58 73
58 74
58 77
58 79
58 89
58 93
58 94
58 97
58 101
58 105
58 107
58 108
58 112
58 114
58 116
58 118
58 133
58 134
58 137
58 138
58 139
58 147
58 157
58 158
58 159
58 161
59 61
59 69
59 72
59 73
59 76
59 83
59 84
59 87
59 89
59 97
59 101
59 106
59 109
59 113
59 118
59 129
59 131
59 132
59 133
59 137
59 141
59 146
59 152
60 63
60 69
60 76
60 82
60 100
60 105
60 114
60 133
60 137
60 146
61 63
61 67
61 69
61 70
61 72
61 73
61 86
61 87
61 88
61 89
61 93
61 95
61 99
61 101
61 102
61 107
61 114
61 119
61 123
61 129
61 131
61 132
61 133
61 138
61 143
61 146
61 147
61 153
62 66
62 70
62 71
62 74
62 83
62 92
62 99
62 101
62 102
62 103
62 113
62 125
62 134
62 136
62 137
62 138
62 139
62 141
62 159
62 160
63 67
63 68
63 70
63 74
63 76
63 77
63 79
63 85
63 87
63 89
63 93
63 100
63 102
63 105
63 111
63 112
63 113
63 115
63 121
63 122
63 125
63 127
63 128
63 129
63 131
63 134
63 136
63 139
63 147
63 148
63 149
63 152
63 154
63 155
63 161
64 65
64 69
64 70
64 71
64 76
64 77
64 80
64 83
64 84
64 85
64 87
64 88
64 89
64 91
64 94
64 96
64 98
64 100
64 101
64 102
64 106
64 107
64 111
64 112
64 113
64 114
64 115
64 117
64 118
64 120
64 123
64 126
64 128
64 129
64 130
64 135
64 136
64 137
64 138
64 139
64 141
64 142
64 145
64 146
64 152
64 153
64 157
65 66
65 67
65 69
65 70
65 71
65 74
65 75
65 76
65 77
65 82
65 84
65 87
65 94
65 95
65 97
65 102
65 105
65 106
65 109
65 118
65 121
65 122
65 125
65 127
65 130
65 132
65 133
65 135
65 137
65 138
65 141
65 142
65 146
65 151
65 155
65 158
65 161
66 69
66 71
66 73
66 74
66 80
66 85
66 89
66 90
66 94
66 97
66 106
66 113
66 114
66 115
66 118
66 121
66 125
66 126
66 133
66 135
66 138
66 139
66 140
66 141
66 142
66 152
66 154
66 157
67 70
67 71
67 72
67 74
67 79
67 88
67 89
67 93
67 94
67 95
67 100
67 101
67 102
67 106
67 107
67 108
67 109
67 112
67 114
67 115
67 116
67 122
67 125
67 129
67 133
67 134
67 135
67 136
67 142
67 143
67 150
67 152
67 157
67 160
67 161
68 70
68 74
68 76
68 77
68 80
68 83
68 87
68 89
68 94
68 96
68 100
68 101
68 106
68 107
68 111
68 112
68 113
68 115
68 117
68 137
68 140
68 148
68 149
68 150
68 154
68 158
68 159
69 70
69 72
69 73
69 77
69 84
69 87
69 91
69 94
69 95
69 100
69 101
69 102
69 106
69 110
69 113
69 117
69 118
69 125
69 126
69 128
69 129
69 133
69 134
69 135
69 136
69 137
69 139
69 144
69 152
69 153
69 154
69 157
69 160
69 161
70 72
70 73
70 75
70 80
70 81
70 84
70 87
70 89
70 93
70 94
70 96
70 97
70 99
70 100
70 101
70 103
70 105
70 108
70 111
70 115
70 116
70 119
70 125
70 126
70 128
70 132
70 133
70 135
70 137
70 138
70 141
70 142
70 144
70 147
70 149
70 151
70 157
70 158
70 161
71 74
71 77
71 79
71 82
71 86
71 89
71 94
71 97
71 99
71 101
71 106
71 107
71 111
71 115
71 118
71 133
71 134
71 135
71 137
71 140
71 142
71 143
71 151
71 153
71 157
71 159
71 161
72 74
72 77
72 83
72 84
72 85
72 86
72 92
72 93
72 94
72 95
72 96
72 97
72 98
72 101
72 102
72 103
72 104
72 105
72 106
72 107
72 114
72 118
72 126
72 128
72 129
72 132
72 134
72 136
72 137
72 138
72 141
72 143
72 149
72 154
72 156
72 158
72 160
72 161
73 84
73 90
73 93
73 94
73 98
73 101
73 103
73 106
73 107
73 108
73 112
73 114
73 115
73 117
73 120
73 121
73 122
73 129
73 131
73 138
73 139
73 141
73 143
73 148
73 150
73 151
73 153
73 158
73 161
74 75
74 76
74 78
74 81
74 82
74 88
74 89
74 92
74 94
74 97
74 100
74 101
74 102
74 103
74 108
74 111
74 113
74 114
74 118
74 119
74 128
74 129
74 131
74 133
74 135
74 136
74 137
74 138
74 145
74 146
74 150
74 152
74 154
74 158
74 159
74 160
74 161
75 77
75 81
75 82
75 89
75 92
75 93
75 99
75 102
75 106
75 113
75 114
75 115
75 116
75 123
75 125
75 129
75 132
75 133
75 134
75 135
75 137
75 139
75 142
75 147
75 151
75 154
75 156
75 159
75 160
75 161
76 83
76 84
76 101
76 107
76 117
76 145
76 153
77 80
77 83
77 84
77 85
77 89
77 91
77 93
77 94
77 96
77 99
77 100
77 101
77 102
77 104
77 106
77 110
77 111
77 114
77 115
77 116
77 126
77 127
77 128
77 132
77 143
77 145
77 146
77 147
77 148
77 149
77 152
77 153
77 154
77 155
77 157
78 81
78 92
78 100
78 118
78 133
78 139
78 140
78 145
78 152
78 154
78 161
79 80
79 82
79 87
79 92
79 96
79 97
79 99
79 100
79 101
79 102
79 109
79 112
79 113
79 114
79 116
79 117
79 122
79 125
79 127
79 129
79 133
79 134
79 135
79 137
79 139
79 141
79 146
79 153
79 154
79 155
79 157
79 158
80 85
80 86
80 89
80 94
80 97
80 100
80 101
80 107
80 108
80 113
80 115
80 123
80 132
80 134
80 142
80 146
80 149
80 152
80 153
80 155
80 158
80 161
81 82
81 85
81 94
81 97
81 100
81 125
81 138
81 139
81 147
82 89
82 90
82 98
82 105
82 109
82 115
82 117
82 131
82 135
82 140
82 142
82 149
82 154
83 93
83 96
83 101
83 104
83 108
83 111
83 120
83 125
83 126
83 129
83 131
83 134
83 138
83 143
84 89
84 96
84 97
84 100
84 102
84 104
84 107
84 109
84 111
84 112
84 115
84 118
84 119
84 123
84 125
84 127
84 129
84 130
84 131
84 132
84 135
84 142
84 146
84 148
84 150
84 151
84 161
85 88
85 89
85 93
85 94
85 105
85 108
85 113
85 125
85 127
85 128
85 129
85 133
85 134
85 137
85 138
85 141
85 142
85 143
85 145
85 152
85 155
85 161
86 91
86 94
86 95
86 100
86 103
86 109
86 111
86 112
86 113
86 115
86 116
86 118
86 125
86 133
86 135
86 136
86 149
86 154
86 158
87 97
87 101
87 105
87 106
87 110
87 114
87 115
87 117
87 121
87 128
87 130
87 132
87 134
87 135
87 138
87 148
87 151
87 152
87 153
87 155
87 157
87 159
88 89
88 90
88 98
88 99
88 100
88 101
88 107
88 109
88 110
88 113
88 130
88 134
88 135
88 139
88 142
88 149
88 152
88 153
88 154
89 94
89 96
89 100
89 101
89 102
89 107
89 108
89 116
89 117
89 120
89 125
89 128
89 129
89 131
89 134
89 139
89 141
89 143
89 145
89 151
89 152
89 159
90 107
90 112
90 134
90 141
91 93
91 100
91 101
91 102
91 106
91 108
91 130
91 133
91 134
91 137
91 145
91 154
91 157
91 161
92 94
92 98
92 99
92 109
92 112
92 118
92 136
92 147
92 153
93 100
93 101
93 103
93 105
93 106
93 107
93 110
93 113
93 117
93 129
93 141
93 142
93 153
94 97
94 98
94 101
94 106
94 107
94 109
94 112
94 113
94 116
94 126
94 129
94 130
94 131
94 135
94 137
94 138
94 139
94 140
94 145
94 146
94 149
94 150
94 152
94 157
94 158
94 161
95 98
95 100
95 101
95 103
95 104
95 108
95 114
95 125
95 127
95 137
95 141
95 143
95 154
95 157
96 102
96 106
96 113
96 130
96 134
96 137
96 138
96 151
96 153
96 160
97 105
97 106
97 112
97 113
97 115
97 117
97 118
97 119
97 128
97 129
97 131
97 133
97 137
97 138
97 139
97 140
97 146
97 148
97 151
97 152
97 153
97 157
97 158
97 159
98 105
98 107
98 109
98 112
98 113
98 125
98 129
98 134
98 138
98 146
98 149
98 150
98 154
98 158
98 159
99 102
99 105
99 106
99 117
99 118
99 125
99 131
99 134
99 139
99 142
99 147
99 148
99 149
99 150
99 152
99 155
99 158
99 160
100 107
100 109
100 112
100 114
100 115
100 116
100 117
100 118
100 121
100 126
100 129
100 132
100 133
100 137
100 138
100 142
100 145
100 146
100 147
100 148
100 161
101 102
101 106
101 107
101 111
101 113
101 122
101 125
101 131
101 133
101 134
101 138
101 139
101 146
101 148
101 151
101 152
101 155
101 158
101 160
101 161
102 105
102 106
102 108
102 109
102 110
102 112
102 113
102 115
102 116
102 117
102 127
102 130
102 133
102 134
102 135
102 137
102 138
102 139
102 140
102 144
102 145
102 149
102 150
102 152
102 153
102 160
103 106
103 109
103 111
103 115
103 122
103 125
103 127
103 128
103 129
103 133
103 134
103 140
103 141
103 142
103 148
103 152
103 158
103 159
103 161
104 117
104 124
104 127
104 135
104 139
104 142
104 146
104 150
104 152
105 114
105 115
105 116
105 121
105 128
105 129
105 134
105 136
105 141
105 150
105 157
105 160
106 107
106 109
106 110
106 111
106 115
106 118
106 127
106 128
106 137
106 140
106 142
106 143
106 145
106 149
106 152
106 154
106 159
106 161
107 108
107 113
107 114
107 115
107 118
107 121
107 128
107 129
107 134
107 140
107 147
107 155
108 115
108 120
108 125
108 129
108 131
108 133
108 134
108 136
108 137
108 138
108 139
108 141
108 145
108 146
108 147
108 149
108 152
108 154
108 161
109 113
109 114
109 116
109 122
109 123
109 126
109 128
109 134
109 135
109 142
109 152
110 124
110 129
110 147
110 154
110 158
110 160
111 112
111 115
111 117
111 118
111 126
111 128
111 129
111 130
111 136
111 137
111 138
111 139
111 141
111 142
111 146
111 147
111 152
111 153
111 154
111 155
111 161
112 113
112 115
112 117
112 118
112 123
112 128
112 131
112 133
112 138
112 142
112 144
112 145
112 146
112 148
112 150
112 151
112 153
112 157
112 158
112 159
112 160
112 161
113 115
113 116
113 117
113 120
113 122
113 124
113 125
113 131
113 133
113 137
113 140
113 144
113 145
113 149
113 151
113 152
113 157
113 158
113 160
114 115
114 117
114 120
114 121
114 122
114 123
114 124
114 126
114 128
114 130
114 131
114 137
114 138
114 139
114 142
114 145
114 146
114 147
114 148
114 149
114 150
114 151
114 155
114 160
114 161
115 128
115 129
115 133
115 135
115 136
115 147
115 149
115 150
115 151
115 152
115 153
115 155
115 158
115 160
116 119
116 125
116 126
116 128
116 130
116 136
116 137
116 138
116 146
116 147
116 154
116 156
116 158
116 160
116 161
117 119
117 125
117 126
117 128
117 129
117 132
117 134
117 135
117 137
117 138
117 142
117 145
117 152
117 153
117 154
117 156
117 157
117 158
117 159
117 160
118 119
118 125
118 126
118 131
118 133
118 135
118 137
118 141
118 142
118 143
118 146
118 147
118 151
118 152
118 154
118 155
118 157
118 158
118 159
119 126
119 131
119 138
119 142
119 152
119 155
119 158
120 128
120 142
120 148
120 154
121 135
121 141
121 145
122 125
122 133
122 139
122 143
122 152
123 129
123 131
123 138
123 146
123 150
123 156
123 157
124 138
124 152
124 157
125 126
125 129
125 135
125 137
125 141
125 142
125 151
125 152
125 156
125 157
125 158
125 159
126 128
126 129
126 130
126 132
126 134
126 139
126 140
126 141
126 142
126 145
126 157
126 158
127 129
127 130
127 131
127 135
127 137
127 138
127 145
127 147
127 151
127 153
127 155
127 160
128 131
128 137
128 139
128 142
128 145
128 151
128 157
128 161
129 130
129 137
129 138
129 139
129 141
129 146
129 149
129 154
129 156
129 157
129 159
130 131
130 133
130 139
130 149
130 152
130 153
131 132
131 137
131 138
131 140
131 142
131 149
131 152
131 153
132 142
132 146
132 157
133 135
133 136
133 137
133 142
133 143
133 145
133 147
133 149
133 151
133 154
133 156
133 157
133 159
133 160
133 161
134 139
134 140
134 142
134 146
134 151
134 153
134 154
134 156
134 157
134 158
134 159
134 160
134 161
135 137
135 139
135 142
135 151
135 152
135 153
135 156
135 158
135 161
136 141
136 144
136 145
136 147
136 150
136 151
136 155
136 156
136 159
137 139
137 144
137 148
137 151
137 152
137 153
137 154
137 159
138 145
138 146
138 148
138 158
139 140
139 141
139 150
139 152
139 154
139 155
140 143
140 150
140 152
140 157
141 145
141 146
141 147
141 151
141 152
141 153
141 154
141 157
141 158
141 159
142 143
142 144
142 148
142 149
142 151
142 152
142 158
143 147
143 151
143 153
143 154
143 155
143 158
144 146
144 152
145 149
145 151
145 152
145 153
145 157
145 158
145 159
146 152
146 153
146 159
146 160
147 148
147 151
147 154
147 156
147 158
147 161
149 152
149 153
149 158
150 152
150 154
150 158
151 152
151 153
151 154
152 153
152 154
152 157
152 158
152 160
152 161
153 154
153 155
153 159
154 155
154 157
154 158
154 159
155 157
155 161
159 161
160 161
