0 2
0 6
0 12
0 18
0 22
0 26
0 31
0 34
0 43
0 45
0 50
0 55
0 57
0 61
0 63
0 64
0 65
0 70
0 73
0 75
0 77
0 84
0 96
0 103
0 113
0 115
0 117
0 118
0 119
0 125
0 129
0 131
0 132
0 133
0 137
0 145
0 146
0 147
0 148
0 155
0 157
1 7
1 14
1 20
1 26
1 30
1 31
1 36
1 45
1 49
1 50
1 55
1 58
1 63
1 64
1 68
1 69
1 71
1 72
1 75
1 79
1 81
1 84
1 97
1 99
1 103
1 106
1 110
1 114
1 115
1 123
1 132
1 133
1 134
1 145
1 147
1 151
1 161
2 7
2 16
2 18
2 23
2 28
2 30
2 34
2 44
2 45
2 51
2 69
2 70
2 74
2 78
2 87
2 100
2 111
2 116
2 125
2 126
2 131
2 137
2 138
2 145
2 146
2 153
2 158
3 11
3 19
3 40
3 43
3 45
3 51
3 53
3 55
3 61
3 63
3 66
3 67
3 69
3 70
3 72
3 75
3 80
3 89
3 91
3 99
3 100
3 101
3 108
3 109
3 110
3 112
3 114
3 117
3 119
3 122
3 128
3 131
3 133
3 135
3 151
4 5
4 6
4 17
4 19
4 26
4 29
4 30
4 31
4 32
4 41
4 51
4 52
4 53
4 54
4 57
4 58
4 60
4 61
4 62
4 63
4 65
4 67
4 69
4 70
4 71
4 72
4 75
4 76
4 77
4 79
4 81
4 92
4 93
4 94
4 96
4 97
4 101
4 107
4 108
4 110
4 112
4 116
4 130
4 133
4 137
4 138
4 139
4 142
4 145
4 147
4 152
4 153
4 156
4 160
4 161
5 6
5 21
5 30
5 31
5 38
5 40
5 45
5 51
5 61
5 65
5 79
5 93
5 101
5 102
5 103
5 108
5 110
5 114
5 117
5 118
5 121
5 125
5 126
5 135
5 137
5 139
5 145
5 151
6 7
6 11
6 13
6 20
6 22
6 23
6 26
6 29
6 30
6 31
6 34
6 36
6 44
6 45
6 46
6 51
6 52
6 55
6 56
6 61
6 62
6 63
6 64
6 67
6 70
6 71
6 74
6 75
6 80
6 83
6 85
6 86
6 89
6 93
6 95
6 97
6 99
6 101
6 106
6 107
6 111
6 113
6 114
6 115
6 117
6 118
6 119
6 125
6 132
6 133
6 134
6 135
6 137
6 138
6 140
6 141
6 142
6 145
6 147
6 152
6 155
6 156
6 157
6 158
7 9
7 13
7 15
7 16
7 19
7 20
7 26
7 28
7 29
7 30
7 32
7 34
7 35
7 36
7 42
7 43
7 49
7 51
7 52
7 53
7 56
7 58
7 59
7 61
7 62
7 66
7 67
7 72
7 73
7 74
7 79
7 81
7 84
7 87
7 98
7 99
7 100
7 103
7 106
7 109
7 112
7 114
7 116
7 120
7 121
7 122
7 128
7 130
7 131
7 133
7 137
7 138
7 139
7 141
7 142
7 145
7 152
7 154
7 155
7 158
7 159
7 160
7 161
8 16
8 22
8 26
8 31
8 37
8 39
8 41
8 45
8 48
8 49
8 61
8 66
8 67
8 88
8 95
8 97
8 98
8 114
8 115
8 129
8 137
8 152
9 10
9 11
9 12
9 14
9 16
9 17
9 21
9 26
9 33
9 40
9 41
9 43
9 44
9 49
9 52
9 54
9 56
9 60
9 61
9 62
9 64
9 65
9 67
9 68
9 79
9 84
9 87
9 88
9 89
9 92
9 95
9 98
9 99
9 100
9 101
9 102
9 105
9 106
9 108
9 111
9 113
9 114
9 115
9 121
9 122
9 132
9 133
9 134
9 135
9 137
9 138
9 147
9 150
9 153
9 154
9 157
9 159
9 161
10 15
10 20
10 23
10 25
10 31
10 36
10 38
10 46
10 48
10 51
10 59
10 61
10 64
10 65
10 68
10 71
10 89
10 92
10 109
10 115
10 117
10 129
10 130
10 134
10 138
10 139
10 141
10 142
10 146
10 148
10 150
10 151
10 152
10 153
10 160
11 13
11 14
11 18
11 22
11 28
11 31
11 34
11 36
11 42
11 44
11 46
11 49
11 54
11 64
11 66
11 68
11 69
11 72
11 73
11 74
11 75
11 77
11 79
11 80
11 81
11 86
11 94
11 96
11 97
11 98
11 101
11 103
11 106
11 111
11 113
11 114
11 115
11 116
11 117
11 118
11 121
11 137
11 142
11 146
11 149
11 150
11 151
11 152
11 154
11 159
11 160
11 161
12 19
12 21
12 25
12 29
12 31
12 35
12 36
12 37
12 39
12 43
12 44
12 54
12 56
12 59
12 68
12 72
12 75
12 77
12 79
12 80
12 96
12 98
12 100
12 105
12 106
12 108
12 109
12 112
12 118
12 122
12 128
12 141
12 154
12 157
12 158
12 159
13 14
13 22
13 24
13 26
13 35
13 37
13 38
13 40
13 41
13 52
13 61
13 67
13 68
13 74
13 77
13 81
13 82
13 100
13 103
13 105
13 110
13 118
13 123
13 126
13 132
13 133
13 142
13 148
13 151
13 152
13 155
13 157
13 159
13 161
14 17
14 24
14 25
14 27
14 35
14 36
14 38
14 40
14 41
14 43
14 49
14 54
14 55
14 60
14 64
14 66
14 68
14 69
14 70
14 71
14 75
14 77
14 79
14 80
14 81
14 84
14 89
14 96
14 97
14 101
14 103
14 105
14 106
14 109
14 110
14 112
14 113
14 114
14 120
14 125
14 132
14 136
14 137
14 138
14 140
14 142
14 153
14 154
14 155
14 159
14 161
15 30
15 33
15 38
15 39
15 46
15 53
15 56
15 65
15 68
15 69
15 74
15 79
15 80
15 88
15 98
15 99
15 112
15 115
15 116
15 134
15 136
15 138
15 142
15 143
15 150
15 152
15 157
16 26
16 30
16 36
16 42
16 48
16 49
16 71
16 74
16 89
16 100
16 102
16 105
16 107
16 108
16 109
16 112
16 113
16 114
16 115
16 118
16 125
16 129
16 131
16 134
16 135
16 138
16 142
16 143
16 146
16 147
16 151
16 152
17 18
17 19
17 26
17 35
17 55
17 58
17 62
17 94
17 95
17 96
17 114
17 130
17 131
17 140
17 149
17 159
18 20
18 21
18 33
18 42
18 43
18 45
18 49
18 55
18 56
18 57
18 58
18 59
18 63
18 64
18 65
18 67
18 68
18 70
18 74
18 77
18 89
18 91
18 96
18 103
18 106
18 109
18 112
18 117
18 121
18 125
18 126
18 128
18 129
18 133
18 145
18 154
18 156
18 158
19 20
19 21
19 22
19 23
19 25
19 27
19 30
19 32
19 34
19 38
19 40
19 43
19 44
19 48
19 49
19 51
19 56
19 57
19 59
19 61
19 62
19 63
19 64
19 66
19 67
19 68
19 71
19 72
19 73
19 74
19 75
19 77
19 81
19 83
19 92
19 93
19 99
19 101
19 104
19 106
19 112
19 114
19 115
19 118
19 125
19 129
19 133
19 134
19 135
19 136
19 141
19 142
19 143
19 147
19 152
19 154
19 156
19 160
20 21
20 32
20 36
20 38
20 51
20 53
20 54
20 56
20 57
20 63
20 65
20 67
20 70
20 74
20 75
20 84
20 85
20 89
20 100
20 106
20 108
20 113
20 114
20 115
20 120
20 133
20 142
21 26
21 27
21 30
21 36
21 39
21 42
21 43
21 44
21 45
21 49
21 51
21 53
21 55
21 56
21 61
21 63
21 64
21 66
21 67
21 70
21 72
21 75
21 79
21 85
21 87
21 89
21 93
21 94
21 96
21 97
21 98
21 99
21 100
21 106
21 112
21 114
21 117
21 118
21 120
21 131
21 133
21 134
21 137
21 138
21 145
21 152
21 158
22 23
22 30
22 39
22 42
22 43
22 46
22 50
22 63
22 64
22 72
22 84
22 85
22 90
22 109
22 110
22 111
22 126
22 135
22 137
22 146
22 147
22 157
22 159
23 38
23 39
23 40
23 45
23 46
23 49
23 51
23 52
23 55
23 64
23 65
23 67
23 68
23 69
23 72
23 74
23 80
23 85
23 97
23 100
23 101
23 102
23 107
23 116
23 118
23 134
23 137
23 139
23 148
23 149
23 150
24 25
24 45
24 49
24 51
24 58
24 67
24 69
24 71
24 74
24 79
24 85
24 92
24 99
24 102
24 107
24 110
24 113
24 115
24 129
24 131
24 137
24 139
24 142
24 156
24 160
25 30
25 42
25 43
25 45
25 46
25 51
25 52
25 54
25 59
25 64
25 66
25 67
25 68
25 70
25 72
25 81
25 93
25 96
25 100
25 107
25 109
25 110
25 114
25 115
25 116
25 119
25 127
25 128
25 134
25 136
25 137
25 139
25 142
25 149
25 150
25 154
25 155
25 156
25 161
26 35
26 36
26 37
26 38
26 39
26 43
26 44
26 45
26 55
26 59
26 61
26 62
26 64
26 65
26 67
26 69
26 70
26 73
26 74
26 75
26 76
26 79
26 82
26 87
26 88
26 89
26 94
26 95
26 98
26 102
26 103
26 106
26 109
26 112
26 113
26 117
26 118
26 122
26 125
26 127
26 128
26 133
26 134
26 136
26 138
26 139
26 140
26 141
26 142
26 146
26 147
26 148
26 151
26 152
26 153
26 154
27 35
27 46
27 49
27 64
27 70
27 74
27 77
27 102
27 104
27 108
27 115
27 138
27 141
27 144
27 152
27 161
28 38
28 40
28 42
28 44
28 46
28 50
28 65
28 68
28 69
28 70
28 71
28 73
28 75
28 77
28 79
28 80
28 87
28 101
28 102
28 103
28 105
28 108
28 120
28 121
28 123
28 126
28 128
28 134
28 138
28 139
28 142
28 146
28 150
28 152
28 154
28 156
28 158
29 35
29 39
29 40
29 42
29 45
29 49
29 54
29 55
29 58
29 63
29 68
29 70
29 84
29 94
29 98
29 106
29 113
29 115
29 117
29 128
29 129
29 132
29 133
29 134
29 135
29 137
29 141
29 145
29 151
29 152
29 159
30 31
30 32
30 33
30 36
30 38
30 43
30 45
30 48
30 55
30 56
30 58
30 63
30 65
30 66
30 68
30 73
30 75
30 77
30 79
30 81
30 82
30 83
30 84
30 87
30 88
30 89
30 90
30 91
30 97
30 100
30 102
30 103
30 110
30 111
30 112
30 113
30 117
30 118
30 122
30 128
30 134
30 137
30 139
30 141
30 143
30 144
30 145
30 146
30 147
30 151
30 157
30 160
30 161
31 32
31 36
31 38
31 39
31 40
31 42
31 45
31 50
31 51
31 52
31 53
31 54
31 55
31 56
31 58
31 59
31 67
31 68
31 71
31 72
31 73
31 74
31 82
31 84
31 85
31 86
31 89
31 91
31 93
31 100
31 103
31 105
31 106
31 111
31 114
31 122
31 124
31 125
31 128
31 129
31 131
31 134
31 135
31 137
31 139
31 141
31 143
31 145
31 149
31 150
31 153
31 155
31 157
31 158
31 160
32 33
32 43
32 45
32 49
32 50
32 51
32 53
32 55
32 56
32 60
32 64
32 67
32 69
32 71
32 72
32 74
32 79
32 84
32 86
32 90
32 91
32 93
32 94
32 96
32 97
32 98
32 102
32 105
32 109
32 112
32 113
32 114
32 115
32 116
32 120
32 125
32 128
32 131
32 138
32 139
32 140
32 141
32 150
32 151
32 152
32 154
32 158
32 159
32 161
33 34
33 36
33 53
33 54
33 55
33 56
33 59
33 61
33 67
33 68
33 95
33 97
33 105
33 108
33 114
33 115
33 121
33 129
33 137
33 142
33 146
33 147
33 151
33 153
33 159
33 161
34 40
34 43
34 46
34 50
34 54
34 55
34 62
34 66
34 67
34 68
34 71
34 72
34 73
34 87
34 98
34 101
34 106
34 108
34 110
34 113
34 114
34 116
34 118
34 130
34 134
34 135
34 137
34 141
34 156
34 157
34 160
35 36
35 37
35 40
35 41
35 43
35 52
35 53
35 54
35 58
35 59
35 61
35 62
35 66
35 68
35 70
35 72
35 74
35 77
35 79
35 87
35 88
35 89
35 91
35 94
35 95
35 99
35 102
35 106
35 108
35 109
35 110
35 111
35 115
35 116
35 117
35 122
35 123
35 128
35 130
35 131
35 134
35 137
35 139
35 146
35 147
35 150
35 151
35 154
35 158
36 38
36 39
36 40
36 41
36 43
36 47
36 49
36 53
36 56
36 62
36 64
36 66
36 67
36 68
36 73
36 77
36 80
36 89
36 96
36 97
36 99
36 103
36 105
36 106
36 113
36 117
36 122
36 126
36 129
36 131
36 134
36 135
36 137
36 138
36 139
36 141
36 154
36 159
37 68
37 71
37 72
37 102
37 103
37 104
37 105
37 106
37 108
37 111
37 128
37 135
37 138
37 145
37 150
37 155
37 158
37 159
38 40
38 44
38 48
38 49
38 51
38 52
38 55
38 57
38 59
38 62
38 63
38 68
38 69
38 70
38 74
38 77
38 79
38 80
38 81
38 85
38 86
38 89
38 90
38 95
38 99
38 100
38 101
38 105
38 108
38 111
38 113
38 114
38 131
38 133
38 134
38 139
38 148
38 149
38 152
38 154
38 156
38 160
39 42
39 45
39 51
39 55
39 56
39 58
39 66
39 69
39 72
39 73
39 74
39 85
39 89
39 101
39 102
39 103
39 104
39 107
39 109
39 111
39 114
39 115
39 117
39 123
39 126
39 128
39 134
39 135
39 139
39 142
39 152
39 153
39 154
39 156
40 45
40 46
40 49
40 50
40 54
40 55
40 58
40 63
40 64
40 68
40 71
40 74
40 75
40 76
40 79
40 82
40 88
40 89
40 90
40 92
40 94
40 100
40 101
40 102
40 106
40 107
40 111
40 112
40 113
40 114
40 116
40 120
40 124
40 126
40 127
40 131
40 135
40 137
40 138
40 142
40 146
40 148
40 149
40 150
40 152
40 153
40 154
40 155
40 156
40 157
40 159
40 160
40 161
41 43
41 44
41 50
41 51
41 59
41 65
41 66
41 67
41 68
41 69
41 72
41 73
41 91
41 93
41 97
41 102
41 105
41 106
41 112
41 114
41 118
41 125
41 143
41 148
41 152
41 154
42 44
42 53
42 59
42 65
42 68
42 70
42 72
42 73
42 77
42 89
42 92
42 94
42 98
42 106
42 111
42 114
42 116
42 118
42 119
42 134
42 138
42 142
42 152
42 155
42 157
42 159
42 161
43 45
43 46
43 48
43 49
43 50
43 52
43 53
43 56
43 63
43 64
43 65
43 73
43 75
43 85
43 91
43 92
43 97
43 99
43 101
43 107
43 111
43 118
43 119
43 130
43 134
43 135
43 136
43 141
43 142
43 143
43 144
43 149
43 150
43 154
43 155
43 158
43 159
43 161
44 49
44 50
44 51
44 52
44 54
44 56
44 57
44 58
44 59
44 61
44 63
44 64
44 65
44 67
44 68
44 70
44 73
44 74
44 75
44 79
44 82
44 91
44 92
44 93
44 97
44 100
44 102
44 109
44 111
44 114
44 115
44 121
44 128
44 131
44 132
44 133
44 134
44 138
44 142
44 143
44 146
44 150
44 151
44 152
44 153
44 157
44 158
44 159
45 49
45 50
45 51
45 52
45 54
45 55
45 57
45 59
45 63
45 64
45 65
45 66
45 68
45 69
45 70
45 71
45 72
45 73
45 74
45 75
45 77
45 80
45 81
45 83
45 84
45 87
45 88
45 91
45 94
45 101
45 105
45 106
45 108
45 109
45 110
45 112
45 118
45 119
45 121
45 124
45 125
45 126
45 129
45 134
45 137
45 140
45 154
45 160
45 161
46 47
46 48
46 54
46 56
46 64
46 66
46 67
46 75
46 78
46 83
46 86
46 92
46 93
46 94
46 100
46 102
46 106
46 107
46 109
46 111
46 116
46 118
46 122
46 123
46 133
46 135
46 137
46 146
46 149
46 151
46 153
46 158
47 64
47 77
47 89
47 103
47 137
47 139
47 154
48 66
48 67
48 72
48 74
48 96
48 101
48 104
48 108
48 129
48 135
48 136
48 145
48 148
48 149
48 152
48 154
48 159
49 50
49 51
49 52
49 55
49 64
49 65
49 67
49 68
49 69
49 71
49 72
49 75
49 76
49 79
49 83
49 84
49 86
49 91
49 92
49 98
49 100
49 102
49 106
49 107
49 108
49 109
49 112
49 115
49 118
49 125
49 129
49 133
49 134
49 136
49 137
49 141
49 142
49 145
49 147
49 148
49 149
49 151
49 152
49 155
49 160
49 161
50 55
50 56
50 57
50 61
50 63
50 65
50 66
50 71
50 74
50 77
50 89
50 91
50 94
50 97
50 98
50 100
50 102
50 105
50 108
50 109
50 115
50 117
50 118
50 124
50 131
50 132
50 133
50 145
50 151
50 153
50 161
51 52
51 54
51 55
51 56
51 58
51 60
51 61
51 62
51 63
51 64
51 66
51 69
51 72
51 76
51 77
51 80
51 81
51 82
51 85
51 86
51 87
51 97
51 98
51 99
51 100
51 101
51 103
51 106
51 108
51 112
51 115
51 120
51 124
51 129
51 131
51 135
51 138
51 139
51 141
51 147
51 151
51 152
51 155
51 158
51 161
52 54
52 60
52 61
52 62
52 63
52 66
52 67
52 68
52 69
52 70
52 73
52 80
52 85
52 87
52 89
52 102
52 106
52 112
52 115
52 121
52 122
52 131
52 133
52 135
52 138
52 142
52 148
52 160
53 57
53 58
53 62
53 65
53 67
53 69
53 71
53 72
53 74
53 79
53 82
53 93
53 101
53 106
53 107
53 109
53 114
53 118
53 121
53 128
53 137
53 138
53 139
53 146
53 149
53 152
53 155
54 55
54 56
54 57
54 58
54 60
54 61
54 62
54 64
54 65
54 67
54 68
54 71
54 72
54 75
54 76
54 79
54 83
54 87
54 88
54 92
54 96
54 99
54 101
54 105
54 115
54 117
54 118
54 122
54 129
54 130
54 133
54 134
54 135
54 136
54 137
54 138
54 145
54 147
54 150
54 151
54 152
54 153
54 154
54 155
54 159
54 161
55 56
55 59
55 66
55 77
55 80
55 82
55 83
55 85
55 88
55 92
55 94
55 95
55 97
55 101
55 102
55 111
55 112
55 115
55 117
55 122
55 126
55 129
55 133
55 134
55 135
55 138
55 141
55 142
55 147
55 150
55 151
55 155
55 157
55 160
55 161
56 58
56 61
56 63
56 64
56 65
56 66
56 67
56 69
56 70
56 71
56 72
56 74
56 79
56 83
56 86
56 87
56 91
56 92
56 94
56 102
56 103
56 105
56 106
56 108
56 111
56 112
56 115
56 126
56 129
56 130
56 131
56 133
56 137
56 138
56 142
56 146
56 147
56 152
56 154
56 156
56 159
57 60
57 62
57 65
57 66
57 67
57 69
57 70
57 71
57 74
57 100
57 101
57 103
57 108
57 110
57 113
57 116
57 118
57 137
57 146
57 150
57 156
57 159
58 65
58 72
58 74
58 75
58 77
58 79
58 82
58 86
58 93
58 99
58 100
58 101
58 103
58 105
58 106
58 108
58 111
58 113
58 115
58 118
58 125
58 134
58 136
58 141
58 147
58 151
58 152
58 158
58 161
59 63
59 64
59 71
59 72
59 79
59 88
59 90
59 101
59 102
59 104
59 105
59 108
59 109
59 116
59 118
59 119
59 120
59 125
59 129
59 138
59 139
59 159
60 79
60 91
60 102
60 103
60 106
60 108
60 110
60 114
60 118
60 121
60 141
60 142
60 153
60 158
60 159
61 63
61 65
61 70
61 71
61 72
61 73
61 74
61 75
61 83
61 87
61 89
61 91
61 93
61 101
61 103
61 105
61 108
61 110
61 111
61 113
61 115
61 117
61 129
61 132
61 134
61 135
61 142
61 146
61 150
61 153
61 154
61 157
61 159
62 64
62 82
62 92
62 104
62 111
62 113
62 117
62 119
62 126
62 128
62 131
62 133
62 137
62 154
62 161
63 64
63 65
63 67
63 68
63 69
63 71
63 72
63 73
63 74
63 78
63 80
63 89
63 91
63 92
63 93
63 96
63 104
63 105
63 106
63 107
63 112
63 115
63 117
63 119
63 136
63 137
63 138
63 142
63 143
63 145
63 147
63 150
63 152
63 153
63 154
63 158
64 71
64 72
64 75
64 77
64 79
64 84
64 87
64 89
64 90
64 94
64 97
64 102
64 103
64 104
64 106
64 108
64 109
64 110
64 111
64 112
64 114
64 117
64 118
64 121
64 129
64 133
64 134
64 136
64 137
64 139
64 142
64 143
64 145
64 148
64 149
64 156
64 158
64 161
65 67
65 69
65 70
65 74
65 75
65 77
65 81
65 87
65 89
65 91
65 93
65 94
65 98
65 100
65 101
65 103
65 104
65 108
65 109
65 112
65 115
65 116
65 119
65 121
65 125
65 128
65 129
65 131
65 133
65 134
65 135
65 136
65 137
65 138
65 139
65 141
65 146
65 148
65 149
65 152
65 157
65 158
65 159
65 160
65 161
66 69
66 71
66 72
66 75
66 77
66 79
66 81
66 82
66 84
66 86
66 87
66 88
66 89
66 91
66 92
66 93
66 94
66 97
66 99
66 102
66 105
66 110
66 111
66 112
66 117
66 122
66 125
66 130
66 131
66 135
66 136
66 140
66 144
66 154
67 71
67 76
67 77
67 79
67 81
67 82
67 89
67 92
67 96
67 98
67 100
67 101
67 105
67 106
67 107
67 113
67 114
67 115
67 118
67 125
67 126
67 129
67 134
67 136
67 137
67 139
67 147
67 150
67 151
67 152
67 156
67 160
67 161
68 69
68 72
68 76
68 79
68 80
68 86
68 87
68 88
68 89
68 91
68 92
68 94
68 98
68 100
68 102
68 103
68 106
68 107
68 108
68 111
68 113
68 115
68 117
68 122
68 125
68 126
68 129
68 131
68 140
68 146
68 149
68 152
68 154
68 156
68 161
69 71
69 76
69 77
69 80
69 82
69 84
69 87
69 88
69 91
69 92
69 96
69 97
69 98
69 99
69 108
69 109
69 111
69 113
69 114
69 117
69 122
69 125
69 129
69 130
69 137
69 139
69 142
69 149
69 150
69 152
69 154
69 157
69 158
69 160
70 71
70 74
70 75
70 79
70 80
70 82
70 83
70 86
70 87
70 88
70 89
70 92
70 96
70 101
70 102
70 106
70 110
70 112
70 113
70 114
70 117
70 118
70 121
70 125
70 129
70 133
70 134
70 136
70 137
70 139
70 142
70 145
70 147
70 151
70 152
70 153
70 156
70 157
70 158
70 159
71 73
71 74
71 75
71 85
71 87
71 88
71 89
71 91
71 94
71 98
71 107
71 108
71 110
71 114
71 117
71 123
71 124
71 127
71 128
71 129
71 137
71 138
71 142
71 146
71 147
71 148
71 152
71 154
71 155
71 159
71 161
72 73
72 75
72 77
72 78
72 81
72 83
72 84
72 85
72 86
72 87
72 89
72 91
72 97
72 100
72 102
72 104
72 105
72 107
72 108
72 110
72 113
72 117
72 118
72 119
72 126
72 129
72 132
72 139
72 141
72 142
72 145
72 149
72 151
72 152
72 153
72 154
72 155
72 159
73 74
73 75
73 80
73 91
73 94
73 95
73 97
73 98
73 99
73 101
73 102
73 105
73 110
73 111
73 112
73 114
73 115
73 117
73 118
73 125
73 127
73 139
73 141
73 149
73 151
73 154
73 160
73 161
74 85
74 88
74 89
74 91
74 92
74 93
74 106
74 108
74 109
74 110
74 111
74 114
74 121
74 122
74 129
74 132
74 133
74 136
74 137
74 139
74 140
74 141
74 143
74 147
74 148
74 149
74 150
74 157
74 158
74 159
75 76
75 79
75 84
75 85
75 93
75 97
75 98
75 103
75 105
75 107
75 109
75 114
75 115
75 118
75 122
75 126
75 127
75 128
75 129
75 130
75 134
75 136
75 137
75 139
75 141
75 153
75 154
75 158
76 77
76 79
76 83
76 89
76 97
76 99
76 103
76 129
76 139
76 147
76 152
76 153
76 157
77 78
77 79
77 83
77 87
77 89
77 90
77 91
77 101
77 104
77 111
77 112
77 113
77 114
77 117
77 128
77 133
77 134
77 135
77 137
77 138
77 142
77 147
77 152
78 92
78 93
78 94
78 99
78 138
79 82
79 83
79 85
79 88
79 90
79 91
79 99
79 101
79 102
79 105
79 108
79 109
79 110
79 115
79 116
79 117
79 119
79 122
79 125
79 128
79 129
79 131
79 134
79 136
79 137
79 140
79 141
79 147
79 149
79 151
79 156
79 158
79 159
79 161
80 86
80 87
80 90
80 101
80 102
80 103
80 106
80 108
80 109
80 113
80 115
80 116
80 120
80 127
80 128
80 131
80 133
80 137
80 149
80 150
80 154
80 155
80 158
80 159
81 118
81 124
81 129
81 133
81 138
81 159
82 94
82 106
82 110
82 114
82 117
82 118
82 120
82 133
82 137
82 138
82 147
82 151
82 153
82 161
83 85
83 89
83 92
83 101
83 103
83 105
83 109
83 112
83 128
83 133
83 137
83 142
83 146
83 154
83 157
83 161
84 87
84 89
84 93
84 95
84 96
84 97
84 101
84 102
84 107
84 111
84 113
84 114
84 115
84 117
84 126
84 128
84 129
84 133
84 136
84 137
84 138
84 144
84 146
84 147
84 149
84 151
84 152
85 87
85 95
85 102
85 106
85 108
85 109
85 115
85 124
85 142
85 147
85 155
85 156
86 89
86 93
86 97
86 109
86 110
86 113
86 116
86 119
86 121
86 125
86 130
86 131
86 134
86 139
86 145
86 154
86 158
87 89
87 92
87 95
87 105
87 106
87 109
87 115
87 116
87 118
87 120
87 124
87 125
87 133
87 135
87 141
87 142
87 145
87 149
87 152
87 153
88 89
88 96
88 98
88 99
88 101
88 102
88 108
88 109
88 116
88 117
88 121
88 125
88 129
88 134
88 143
88 149
88 151
88 152
88 154
88 155
89 91
89 92
89 102
89 104
89 105
89 106
89 107
89 110
89 112
89 113
89 116
89 118
89 125
89 126
89 130
89 131
89 133
89 134
89 135
89 139
89 141
89 143
89 146
89 147
89 151
89 154
89 156
89 159
89 160
90 105
90 106
90 114
90 116
90 127
90 131
90 137
90 138
90 149
90 150
91 98
91 99
91 101
91 102
91 103
91 104
91 105
91 106
91 108
91 109
91 112
91 113
91 114
91 129
91 130
91 135
91 138
91 139
91 141
91 143
91 150
91 152
91 154
91 157
91 159
91 161
92 94
92 95
92 97
92 100
92 101
92 105
92 106
92 108
92 112
92 115
92 131
92 137
92 138
92 148
92 149
92 151
92 161
93 94
93 99
93 102
93 105
93 108
93 129
93 134
93 136
93 137
93 138
93 145
93 157
93 159
94 97
94 98
94 99
94 101
94 102
94 106
94 108
94 109
94 116
94 117
94 118
94 121
94 126
94 128
94 133
94 135
94 138
94 142
94 147
94 149
94 150
94 153
94 154
94 155
94 159
95 102
95 104
95 105
95 106
95 108
95 117
95 126
95 128
95 129
95 134
95 135
95 146
95 149
95 155
95 156
96 105
96 106
96 108
96 111
96 141
96 142
96 147
96 149
96 152
96 158
96 161
97 99
97 101
97 103
97 106
97 108
97 114
97 115
97 117
97 118
97 126
97 130
97 138
97 139
97 142
97 143
97 147
97 153
97 160
97 161
98 102
98 118
98 127
98 134
98 137
98 138
98 145
98 149
98 152
98 153
98 157
98 161
99 101
99 102
99 105
99 107
99 113
99 115
99 116
99 121
99 130
99 136
99 146
99 148
99 150
99 151
99 152
99 156
99 157
99 158
99 161
100 102
100 109
100 120
100 125
100 131
100 134
100 136
100 138
100 139
100 147
100 148
100 151
100 154
101 102
101 105
101 106
101 108
101 111
101 112
101 114
101 117
101 118
101 121
101 127
101 129
101 133
101 134
101 136
101 138
101 139
101 140
101 141
101 147
101 149
101 151
101 152
101 154
101 156
101 158
101 159
101 161
102 105
102 108
102 111
102 114
102 116
102 117
102 118
102 124
102 126
102 128
102 129
102 130
102 131
102 138
102 142
102 143
102 146
102 149
102 152
102 154
102 155
102 157
102 158
102 160
102 161
103 109
103 111
103 112
103 114
103 115
103 124
103 129
103 133
103 138
103 145
103 147
103 150
103 154
104 109
104 110
104 117
104 122
104 129
104 130
104 139
104 154
104 158
105 109
105 112
105 115
105 116
105 122
105 125
105 128
105 129
105 131
105 137
105 144
105 149
105 150
105 153
105 155
105 157
106 107
106 109
106 111
106 112
106 114
106 115
106 118
106 125
106 127
106 128
106 130
106 131
106 133
106 134
106 135
106 137
106 138
106 141
106 142
106 147
106 149
106 150
106 151
106 152
106 155
106 159
106 160
107 111
107 112
107 127
107 129
107 140
107 142
107 147
107 148
107 149
107 152
107 155
107 158
107 161
108 112
108 113
108 115
108 117
108 121
108 125
108 126
108 129
108 131
108 133
108 134
108 135
108 139
108 144
108 146
108 149
108 150
108 151
108 154
108 159
108 160
108 161
109 111
109 112
109 113
109 121
109 122
109 126
109 127
109 129
109 134
109 135
109 136
109 137
109 138
109 140
109 142
109 145
109 146
109 147
109 150
109 151
109 154
109 157
109 158
109 160
109 161
110 112
110 114
110 117
110 124
110 133
110 138
110 152
110 158
110 160
111 113
111 114
111 116
111 117
111 126
111 129
111 130
111 133
111 135
111 137
111 138
111 139
111 157
111 161
112 113
112 114
112 115
112 116
112 117
112 130
112 132
112 135
112 137
112 138
112 141
112 142
112 146
112 147
112 150
112 153
112 154
112 155
112 157
112 158
112 159
113 116
113 117
113 128
113 129
113 130
113 131
113 135
113 138
113 141
113 142
113 145
113 147
113 152
113 154
113 156
113 158
113 160
113 161
114 117
114 118
114 122
114 129
114 131
114 133
114 138
114 139
114 145
114 150
114 154
114 158
114 159
115 116
115 118
115 120
115 122
115 129
115 131
115 134
115 137
115 138
115 139
115 141
115 142
115 146
115 149
115 154
115 157
115 160
115 161
116 120
116 125
116 126
116 127
116 131
116 132
116 133
116 136
116 138
116 148
116 151
116 152
116 156
116 157
117 118
117 119
117 122
117 123
117 125
117 129
117 130
117 134
117 135
117 141
117 143
117 144
117 145
117 146
117 147
117 152
117 154
117 156
117 160
118 119
118 125
118 128
118 133
118 135
118 136
118 137
118 138
118 145
118 146
118 152
118 153
118 156
118 157
119 134
119 135
119 139
119 151
119 157
119 160
120 147
120 152
121 129
121 130
121 139
121 147
121 152
122 134
122 137
122 140
122 147
123 133
123 137
123 151
123 154
123 157
124 127
124 134
124 139
124 147
124 149
125 130
125 131
125 133
125 134
125 137
125 147
125 150
125 151
125 154
125 161
126 129
126 131
126 133
126 134
126 142
126 145
126 146
127 129
127 130
127 141
127 146
127 147
127 152
128 131
128 134
128 136
128 137
128 138
128 142
128 146
128 153
128 157
129 130
129 132
129 133
129 135
129 137
129 138
129 140
129 142
129 146
129 147
129 149
129 150
129 151
129 152
129 153
129 154
129 155
129 158
130 133
130 138
130 146
130 161
131 133
131 135
131 139
131 141
131 142
131 151
131 154
131 160
131 161
132 133
132 138
132 147
132 154
133 137
133 138
133 139
133 141
133 142
133 143
133 146
133 149
133 151
133 153
133 154
133 155
133 158
133 159
134 137
134 141
134 143
134 152
134 153
134 154
134 156
134 158
134 159
134 161
135 140
135 143
135 145
135 151
135 152
135 153
135 157
136 138
136 142
136 146
136 152
136 153
136 159
137 139
137 146
137 147
137 148
137 152
137 153
137 154
137 155
137 159
137 161
138 146
138 147
138 148
138 152
138 153
138 156
138 161
139 143
139 151
139 152
139 154
139 155
139 159
139 160
140 147
140 155
140 158
140 161
141 142
141 146
141 147
141 149
141 151
141 152
141 153
141 154
141 159
142 145
142 146
142 148
142 150
142 151
142 152
142 153
142 154
142 161
143 145
143 148
143 151
143 152
144 146
144 160
145 147
145 149
145 151
145 152
145 154
145 155
146 147
146 152
146 153
146 154
146 161
147 148
147 149
147 152
147 154
147 155
147 157
147 158
148 158
148 161
149 150
149 152
149 153
149 154
149 155
149 157
150 151
150 154
150 155
150 157
150 158
150 159
151 152
151 154
151 155
151 156
151 161
152 154
152 156
152 157
152 159
153 155
153 156
153 159
153 161
154 158
155 161
157 158
157 161
158 159
158 160
160 161
