0 13
0 14
0 21
0 23
0 26
0 28
0 35
0 38
0 43
0 56
0 61
0 63
0 64
0 65
0 66
0 71
0 77
0 84
0 91
0 96
0 97
0 105
0 108
0 111
0 117
0 133
0 148
0 152
1 6
1 11
1 12
1 21
1 26
1 28
1 30
1 35
1 36
1 42
1 43
1 45
1 49
1 52
1 64
1 69
1 74
1 81
1 85
1 94
1 96
1 98
1 106
1 112
1 115
1 117
1 118
1 125
1 129
1 137
1 142
1 146
1 152
1 157
1 158
1 160
2 5
2 7
2 11
2 12
2 16
2 24
2 25
2 27
2 30
2 33
2 40
2 54
2 59
2 61
2 65
2 66
2 86
2 89
2 93
2 102
2 106
2 123
2 124
2 130
2 134
2 136
2 138
2 140
2 141
2 147
2 157
3 7
3 13
3 14
3 21
3 22
3 25
3 32
3 41
3 42
3 46
3 52
3 55
3 64
3 67
3 96
3 101
3 103
3 104
3 118
3 137
3 138
3 140
3 147
3 150
3 151
3 159
4 6
4 7
4 10
4 11
4 14
4 18
4 19
4 23
4 25
4 29
4 30
4 34
4 37
4 38
4 39
4 45
4 46
4 48
4 49
4 54
4 59
4 63
4 65
4 67
4 68
4 69
4 70
4 71
4 73
4 80
4 83
4 85
4 99
4 100
4 101
4 102
4 103
4 105
4 106
4 112
4 113
4 114
4 115
4 116
4 118
4 120
4 121
4 125
4 129
4 131
4 132
4 134
4 139
4 143
4 146
4 150
4 151
4 153
4 155
5 8
5 32
5 33
5 37
5 43
5 65
5 70
5 73
5 75
5 77
5 79
5 84
5 87
5 98
5 111
5 112
5 113
5 134
5 147
5 149
5 152
5 160
5 161
6 9
6 11
6 12
6 16
6 19
6 22
6 26
6 29
6 30
6 31
6 32
6 36
6 39
6 44
6 45
6 46
6 48
6 49
6 52
6 54
6 55
6 56
6 57
6 58
6 61
6 63
6 64
6 65
6 66
6 68
6 69
6 72
6 74
6 75
6 79
6 80
6 83
6 84
6 89
6 93
6 97
6 99
6 100
6 101
6 102
6 103
6 107
6 108
6 109
6 112
6 113
6 115
6 116
6 119
6 127
6 133
6 134
6 137
6 138
6 139
6 141
6 142
6 149
6 150
6 157
7 8
7 10
7 11
7 18
7 19
7 22
7 26
7 30
7 31
7 32
7 38
7 40
7 49
7 52
7 53
7 54
7 55
7 56
7 57
7 58
7 59
7 60
7 61
7 63
7 65
7 66
7 67
7 68
7 69
7 71
7 72
7 75
7 77
7 79
7 80
7 84
7 85
7 87
7 88
7 89
7 91
7 92
7 95
7 97
7 98
7 101
7 102
7 103
7 106
7 109
7 113
7 118
7 125
7 129
7 133
7 134
7 135
7 138
7 139
7 141
7 146
7 147
7 149
7 151
7 153
7 155
7 159
7 160
8 12
8 20
8 22
8 32
8 43
8 45
8 46
8 48
8 62
8 69
8 75
8 80
8 95
8 102
8 108
8 113
8 115
8 125
8 130
8 135
8 155
8 157
9 10
9 11
9 12
9 18
9 20
9 21
9 22
9 23
9 30
9 31
9 36
9 38
9 45
9 51
9 53
9 54
9 56
9 59
9 63
9 64
9 66
9 68
9 70
9 72
9 73
9 74
9 83
9 84
9 87
9 88
9 93
9 94
9 100
9 107
9 108
9 111
9 112
9 114
9 117
9 120
9 124
9 126
9 129
9 133
9 137
9 138
9 143
9 145
9 146
9 149
9 153
9 154
9 158
9 159
9 161
10 13
10 18
10 21
10 24
10 25
10 31
10 32
10 38
10 39
10 41
10 42
10 43
10 44
10 46
10 49
10 54
10 56
10 60
10 62
10 66
10 67
10 68
10 71
10 72
10 74
10 80
10 83
10 90
10 91
10 94
10 95
10 97
10 100
10 104
10 106
10 108
10 114
10 115
10 117
10 119
10 128
10 129
10 133
10 137
10 146
10 149
10 154
10 157
10 160
10 161
11 12
11 13
11 17
11 20
11 21
11 23
11 25
11 26
11 30
11 33
11 35
11 36
11 37
11 38
11 39
11 41
11 59
11 61
11 62
11 69
11 70
11 72
11 74
11 75
11 77
11 79
11 80
11 84
11 85
11 88
11 92
11 95
11 97
11 98
11 101
11 108
11 111
11 112
11 115
11 126
11 129
11 133
11 135
11 142
11 146
11 150
11 153
11 156
12 14
12 21
12 32
12 33
12 35
12 36
12 39
12 40
12 41
12 42
12 45
12 49
12 51
12 54
12 56
12 57
12 65
12 69
12 70
12 74
12 76
12 84
12 91
12 97
12 101
12 102
12 105
12 107
12 108
12 109
12 110
12 113
12 114
12 115
12 119
12 122
12 125
12 126
12 132
12 137
12 141
12 150
12 152
12 153
12 159
12 161
13 28
13 37
13 42
13 49
13 50
13 57
13 58
13 63
13 72
13 74
13 75
13 76
13 81
13 91
13 97
13 104
13 112
13 115
13 116
13 118
13 126
13 127
13 134
13 135
13 136
13 137
13 141
13 142
13 151
13 153
13 154
13 157
13 158
13 161
14 18
14 19
14 21
14 22
14 26
14 28
14 31
14 34
14 35
14 40
14 41
14 43
14 44
14 45
14 50
14 51
14 54
14 55
14 56
14 58
14 59
14 60
14 62
14 63
14 64
14 65
14 66
14 68
14 69
14 72
14 78
14 83
14 84
14 85
14 88
14 89
14 96
14 97
14 99
14 101
14 102
14 103
14 104
14 109
14 111
14 114
14 115
14 116
14 122
14 127
14 129
14 131
14 147
14 151
14 152
14 153
14 157
14 158
14 160
14 161
15 21
15 31
15 43
15 45
15 51
15 58
15 59
15 61
15 63
15 69
15 71
15 72
15 74
15 75
15 82
15 86
15 89
15 96
15 111
15 112
15 125
15 131
15 132
15 133
15 135
15 137
15 138
15 139
15 140
15 142
15 150
15 152
15 157
15 159
16 29
16 43
16 47
16 51
16 54
16 57
16 68
16 75
16 80
16 85
16 91
16 94
16 97
16 99
16 102
16 135
16 138
16 139
16 142
16 149
16 150
16 153
16 155
16 157
16 159
17 19
17 22
17 31
17 36
17 45
17 61
17 65
17 71
17 77
17 84
17 101
17 117
17 118
17 130
17 131
17 135
17 138
17 141
17 150
17 151
17 152
17 153
17 154
17 158
18 19
18 21
18 26
18 31
18 35
18 36
18 39
18 55
18 56
18 59
18 61
18 64
18 67
18 70
18 71
18 75
18 76
18 77
18 78
18 79
18 89
18 96
18 106
18 111
18 112
18 115
18 125
18 126
18 128
18 129
18 133
18 144
18 147
18 151
18 155
18 158
19 20
19 24
19 30
19 31
19 33
19 35
19 39
19 40
19 42
19 50
19 53
19 54
19 56
19 59
19 63
19 64
19 67
19 69
19 71
19 72
19 74
19 77
19 83
19 87
19 91
19 93
19 95
19 96
19 98
19 101
19 102
19 103
19 104
19 105
19 107
19 108
19 109
19 111
19 113
19 114
19 115
19 117
19 118
19 120
19 126
19 127
19 131
19 136
19 138
19 142
19 145
19 147
19 150
19 153
19 158
19 160
19 161
20 21
20 23
20 26
20 29
20 34
20 35
20 50
20 51
20 52
20 68
20 73
20 75
20 87
20 105
20 107
20 114
20 118
20 134
20 136
20 139
20 144
20 151
20 154
20 161
21 46
21 50
21 51
21 52
21 54
21 55
21 56
21 58
21 63
21 64
21 68
21 69
21 70
21 72
21 73
21 74
21 75
21 77
21 83
21 87
21 88
21 94
21 96
21 100
21 101
21 106
21 107
21 108
21 109
21 110
21 111
21 114
21 115
21 116
21 117
21 126
21 129
21 133
21 134
21 135
21 137
21 138
21 139
21 142
21 143
21 147
21 150
21 152
21 156
21 157
21 159
21 161
22 26
22 29
22 30
22 35
22 37
22 44
22 45
22 51
22 55
22 56
22 70
22 74
22 96
22 100
22 101
22 103
22 107
22 114
22 117
22 132
22 136
22 137
22 139
22 145
22 146
22 153
22 155
22 156
22 161
23 26
23 28
23 31
23 32
23 33
23 37
23 43
23 46
23 50
23 68
23 69
23 82
23 87
23 91
23 94
23 114
23 126
23 127
23 129
23 135
23 138
23 140
23 142
23 152
23 154
23 156
23 160
24 30
24 32
24 33
24 36
24 37
24 41
24 49
24 51
24 55
24 56
24 61
24 62
24 65
24 72
24 80
24 87
24 101
24 105
24 111
24 124
24 129
24 136
24 137
24 141
24 142
24 145
24 151
24 152
24 154
24 159
24 161
25 26
25 27
25 31
25 35
25 36
25 40
25 44
25 49
25 50
25 51
25 54
25 55
25 63
25 66
25 67
25 69
25 70
25 73
25 74
25 75
25 76
25 77
25 80
25 84
25 87
25 90
25 92
25 93
25 94
25 95
25 98
25 99
25 102
25 103
25 107
25 109
25 114
25 117
25 118
25 129
25 133
25 137
25 142
25 146
25 150
25 151
25 152
25 155
25 159
25 161
26 28
26 29
26 30
26 32
26 34
26 35
26 36
26 39
26 40
26 42
26 46
26 50
26 51
26 52
26 54
26 62
26 63
26 65
26 66
26 67
26 69
26 70
26 73
26 75
26 76
26 79
26 81
26 82
26 84
26 88
26 91
26 92
26 93
26 94
26 97
26 98
26 99
26 101
26 103
26 105
26 106
26 107
26 111
26 112
26 115
26 116
26 121
26 131
26 132
26 134
26 136
26 137
26 138
26 139
26 140
26 142
26 143
26 146
26 149
26 150
26 152
26 153
26 154
26 158
26 159
27 36
27 40
27 45
27 56
27 63
27 66
27 93
27 101
27 106
27 110
27 111
27 112
27 118
27 123
27 125
27 139
27 156
27 160
28 40
28 42
28 49
28 54
28 58
28 59
28 61
28 64
28 66
28 67
28 69
28 72
28 80
28 83
28 84
28 88
28 89
28 93
28 94
28 99
28 102
28 114
28 116
28 117
28 118
28 130
28 133
28 137
28 149
28 151
28 157
28 161
29 34
29 37
29 40
29 49
29 67
29 68
29 69
29 74
29 90
29 91
29 94
29 96
29 98
29 101
29 134
29 139
29 142
29 143
29 151
29 157
29 158
29 159
30 31
30 32
30 35
30 36
30 37
30 40
30 44
30 45
30 46
30 49
30 51
30 55
30 57
30 60
30 65
30 70
30 74
30 75
30 76
30 79
30 80
30 85
30 86
30 87
30 88
30 89
30 93
30 95
30 98
30 99
30 105
30 110
30 111
30 112
30 113
30 114
30 116
30 128
30 131
30 133
30 135
30 137
30 138
30 142
30 143
30 145
30 148
30 149
30 151
30 153
30 154
30 158
30 161
31 32
31 35
31 38
31 39
31 41
31 47
31 48
31 51
31 52
31 53
31 58
31 63
31 66
31 67
31 68
31 69
31 70
31 72
31 77
31 79
31 82
31 85
31 87
31 89
31 91
31 97
31 99
31 103
31 108
31 111
31 113
31 114
31 115
31 117
31 120
31 123
31 126
31 129
31 131
31 135
31 137
31 139
31 142
31 145
31 146
31 148
31 150
31 152
31 153
31 154
31 160
32 34
32 37
32 40
32 42
32 43
32 45
32 50
32 52
32 55
32 61
32 65
32 66
32 67
32 69
32 70
32 71
32 78
32 80
32 82
32 84
32 87
32 89
32 91
32 94
32 96
32 98
32 102
32 104
32 109
32 111
32 113
32 115
32 116
32 117
32 118
32 126
32 127
32 131
32 134
32 137
32 138
32 139
32 142
32 147
32 149
32 151
32 154
32 157
32 158
33 34
33 39
33 42
33 51
33 54
33 57
33 65
33 68
33 70
33 74
33 75
33 79
33 80
33 83
33 100
33 101
33 106
33 109
33 117
33 152
33 156
33 160
34 42
34 46
34 56
34 57
34 62
34 63
34 65
34 66
34 68
34 73
34 77
34 79
34 84
34 89
34 92
34 94
34 97
34 99
34 101
34 102
34 103
34 112
34 114
34 115
34 119
34 131
34 133
34 137
34 139
34 147
34 150
34 152
34 153
34 154
34 158
35 36
35 38
35 40
35 42
35 43
35 46
35 47
35 50
35 51
35 54
35 63
35 64
35 67
35 71
35 72
35 73
35 75
35 77
35 79
35 83
35 88
35 91
35 96
35 97
35 103
35 106
35 110
35 111
35 113
35 115
35 116
35 119
35 126
35 127
35 131
35 133
35 134
35 135
35 137
35 138
35 146
35 147
35 151
35 153
35 155
35 159
35 160
35 161
36 39
36 42
36 45
36 49
36 55
36 56
36 59
36 61
36 63
36 65
36 70
36 71
36 72
36 73
36 75
36 82
36 84
36 89
36 91
36 93
36 94
36 96
36 100
36 103
36 105
36 107
36 111
36 112
36 113
36 114
36 115
36 117
36 121
36 127
36 129
36 131
36 133
36 135
36 143
36 146
36 147
36 156
36 157
36 158
36 161
37 38
37 42
37 45
37 57
37 58
37 63
37 64
37 65
37 70
37 72
37 82
37 87
37 91
37 95
37 102
37 104
37 105
37 112
37 113
37 115
37 117
37 127
37 133
37 143
37 148
37 158
37 159
37 160
38 39
38 43
38 44
38 45
38 49
38 52
38 53
38 64
38 69
38 70
38 72
38 74
38 80
38 82
38 83
38 86
38 90
38 94
38 101
38 102
38 103
38 107
38 108
38 109
38 111
38 112
38 116
38 117
38 119
38 128
38 130
38 133
38 135
38 138
38 142
38 144
38 145
38 148
38 151
38 154
38 157
38 159
38 160
38 161
39 46
39 47
39 54
39 55
39 58
39 59
39 61
39 63
39 65
39 69
39 75
39 85
39 93
39 94
39 102
39 103
39 105
39 106
39 110
39 111
39 112
39 114
39 117
39 127
39 129
39 130
39 133
39 138
39 139
39 146
39 150
39 152
39 154
39 155
39 156
39 159
40 41
40 45
40 49
40 51
40 52
40 54
40 56
40 59
40 62
40 64
40 66
40 69
40 70
40 71
40 77
40 78
40 79
40 83
40 86
40 89
40 94
40 98
40 100
40 103
40 104
40 108
40 109
40 110
40 113
40 114
40 117
40 118
40 119
40 122
40 126
40 127
40 128
40 137
40 139
40 142
40 147
40 154
40 158
40 159
41 45
41 49
41 59
41 61
41 69
41 71
41 72
41 102
41 106
41 110
41 112
41 134
41 138
41 142
41 147
41 152
42 48
42 51
42 53
42 54
42 60
42 72
42 73
42 80
42 85
42 87
42 88
42 100
42 103
42 105
42 106
42 108
42 109
42 111
42 113
42 116
42 117
42 118
42 124
42 127
42 137
42 138
42 141
42 142
42 145
42 147
42 155
42 157
42 161
43 44
43 45
43 46
43 49
43 51
43 54
43 62
43 65
43 67
43 68
43 69
43 71
43 74
43 76
43 77
43 79
43 90
43 93
43 98
43 101
43 105
43 106
43 108
43 111
43 112
43 113
43 114
43 115
43 116
43 117
43 118
43 121
43 122
43 125
43 129
43 132
43 134
43 135
43 139
43 145
43 148
43 149
43 151
43 154
43 156
44 49
44 50
44 52
44 53
44 55
44 56
44 59
44 61
44 64
44 69
44 70
44 71
44 74
44 79
44 80
44 90
44 94
44 96
44 103
44 104
44 105
44 106
44 107
44 108
44 109
44 111
44 114
44 124
44 129
44 133
44 134
44 139
44 142
44 147
44 148
44 150
44 152
44 154
44 157
45 49
45 51
45 57
45 58
45 59
45 63
45 65
45 66
45 67
45 68
45 69
45 72
45 73
45 74
45 75
45 77
45 79
45 80
45 82
45 84
45 85
45 90
45 97
45 98
45 99
45 100
45 101
45 103
45 108
45 109
45 112
45 115
45 118
45 122
45 125
45 128
45 129
45 134
45 135
45 149
45 152
45 154
45 155
45 157
46 52
46 56
46 58
46 62
46 64
46 73
46 77
46 79
46 80
46 84
46 94
46 102
46 104
46 105
46 108
46 109
46 116
46 119
46 121
46 128
46 132
46 133
46 134
46 138
46 139
46 141
46 142
46 146
46 157
46 159
46 160
47 49
47 73
47 76
48 65
48 66
48 71
48 72
48 90
48 101
48 102
48 103
48 106
48 115
48 125
48 131
48 133
48 138
48 146
48 147
48 157
49 51
49 53
49 55
49 56
49 58
49 59
49 61
49 62
49 64
49 66
49 67
49 68
49 69
49 70
49 71
49 75
49 82
49 83
49 84
49 87
49 88
49 89
49 93
49 98
49 100
49 108
49 109
49 111
49 112
49 116
49 121
49 122
49 125
49 127
49 129
49 132
49 133
49 134
49 136
49 137
49 138
49 139
49 141
49 142
49 152
49 156
49 157
50 51
50 56
50 58
50 59
50 61
50 64
50 73
50 84
50 89
50 91
50 97
50 102
50 110
50 111
50 112
50 113
50 116
50 123
50 129
50 131
50 132
50 138
50 140
50 142
50 149
50 157
51 55
51 57
51 59
51 61
51 63
51 65
51 66
51 70
51 71
51 74
51 77
51 78
51 79
51 80
51 84
51 97
51 99
51 101
51 102
51 109
51 113
51 115
51 116
51 117
51 118
51 120
51 126
51 129
51 131
51 133
51 134
51 135
51 144
51 146
51 147
51 148
51 150
51 152
51 153
51 155
51 156
51 157
51 158
51 159
51 161
52 58
52 61
52 65
52 69
52 74
52 79
52 82
52 83
52 94
52 98
52 101
52 105
52 106
52 112
52 113
52 115
52 118
52 127
52 128
52 129
52 131
52 132
52 133
52 136
52 145
52 152
52 157
53 59
53 64
53 72
53 73
53 74
53 83
53 101
53 102
53 104
53 110
53 111
53 115
53 120
53 122
53 127
53 130
53 135
53 142
53 146
53 147
53 152
53 154
53 160
53 161
54 55
54 56
54 62
54 63
54 64
54 65
54 68
54 69
54 72
54 74
54 80
54 82
54 84
54 85
54 86
54 87
54 89
54 94
54 100
54 101
54 103
54 106
54 109
54 111
54 114
54 118
54 123
54 126
54 127
54 129
54 135
54 136
54 139
54 140
54 141
54 142
54 145
54 147
54 150
54 151
54 152
54 153
54 154
54 155
54 158
54 160
55 61
55 65
55 66
55 67
55 68
55 69
55 71
55 77
55 78
55 79
55 83
55 84
55 85
55 88
55 89
55 91
55 98
55 105
55 106
55 107
55 108
55 109
55 110
55 115
55 117
55 121
55 127
55 129
55 131
55 133
55 136
55 145
55 146
55 152
55 155
55 158
55 159
55 160
56 58
56 59
56 63
56 64
56 65
56 66
56 67
56 69
56 72
56 75
56 77
56 79
56 82
56 87
56 88
56 91
56 97
56 98
56 105
56 111
56 113
56 114
56 115
56 118
56 122
56 126
56 129
56 131
56 133
56 134
56 138
56 141
56 143
56 146
56 148
56 149
56 151
56 154
56 156
56 157
56 159
57 58
57 59
57 68
57 74
57 87
57 95
57 113
57 126
57 131
57 134
57 136
57 147
57 154
58 63
58 64
58 65
58 71
58 72
58 73
58 74
58 76
58 82
58 83
58 87
58 104
58 106
58 112
58 114
58 117
58 120
58 125
58 128
58 129
58 138
58 146
58 147
58 152
58 153
58 154
58 158
58 159
58 161
59 65
59 66
59 69
59 70
59 72
59 79
59 83
59 87
59 88
59 89
59 92
59 93
59 99
59 101
59 104
59 109
59 116
59 117
59 122
59 126
59 134
59 137
59 154
59 161
60 64
60 67
60 72
60 74
60 89
60 94
60 101
60 102
60 107
60 112
60 114
60 116
60 118
60 128
60 131
60 137
60 138
60 148
60 158
60 160
61 65
61 69
61 70
61 73
61 74
61 76
61 79
61 82
61 85
61 91
61 92
61 93
61 94
61 102
61 103
61 105
61 108
61 109
61 111
61 117
61 118
61 122
61 128
61 129
61 131
61 134
61 136
61 138
61 152
61 153
61 154
61 158
62 70
62 72
62 75
62 77
62 85
62 86
62 91
62 99
62 102
62 106
62 108
62 111
62 117
62 119
62 129
62 130
62 132
62 134
62 142
62 143
62 146
62 149
63 65
63 66
63 68
63 70
63 76
63 79
63 80
63 81
63 83
63 84
63 93
63 96
63 102
63 103
63 106
63 107
63 109
63 112
63 113
63 118
63 121
63 122
63 125
63 126
63 128
63 131
63 135
63 137
63 139
63 142
63 143
63 145
63 146
63 147
63 151
63 152
63 155
63 156
63 158
63 159
64 67
64 68
64 69
64 71
64 73
64 75
64 76
64 79
64 86
64 87
64 89
64 93
64 95
64 97
64 101
64 104
64 106
64 108
64 109
64 113
64 114
64 115
64 117
64 120
64 121
64 125
64 126
64 134
64 137
64 139
64 141
64 145
64 146
64 149
64 151
64 157
64 159
65 66
65 67
65 68
65 69
65 74
65 75
65 77
65 80
65 87
65 89
65 92
65 96
65 103
65 105
65 106
65 107
65 111
65 112
65 115
65 117
65 118
65 121
65 126
65 127
65 128
65 129
65 132
65 137
65 138
65 139
65 140
65 142
65 147
65 148
65 150
65 151
65 152
65 156
65 157
65 158
66 67
66 68
66 73
66 74
66 75
66 77
66 79
66 80
66 87
66 88
66 98
66 100
66 106
66 108
66 109
66 112
66 115
66 118
66 121
66 122
66 125
66 133
66 135
66 137
66 143
66 146
66 151
67 70
67 71
67 72
67 73
67 76
67 84
67 85
67 86
67 87
67 89
67 91
67 94
67 99
67 100
67 102
67 103
67 105
67 108
67 109
67 113
67 115
67 117
67 119
67 123
67 127
67 131
67 132
67 134
67 137
67 138
67 143
67 145
67 147
67 151
67 154
67 156
67 158
67 159
67 161
68 71
68 73
68 75
68 79
68 83
68 84
68 87
68 90
68 92
68 97
68 98
68 101
68 102
68 104
68 105
68 107
68 113
68 116
68 121
68 124
68 125
68 129
68 132
68 134
68 137
68 138
68 139
68 142
68 150
68 153
68 157
69 74
69 79
69 83
69 87
69 88
69 100
69 103
69 109
69 112
69 113
69 114
69 115
69 118
69 125
69 126
69 127
69 133
69 134
69 135
69 139
69 140
69 142
69 148
69 149
69 151
69 153
69 157
69 158
69 161
70 71
70 75
70 77
70 79
70 80
70 83
70 87
70 90
70 92
70 94
70 97
70 98
70 99
70 101
70 104
70 112
70 115
70 117
70 119
70 120
70 129
70 133
70 134
70 136
70 137
70 138
70 140
70 141
70 142
70 147
70 152
70 153
70 157
70 161
71 72
71 74
71 77
71 83
71 86
71 89
71 97
71 98
71 100
71 101
71 102
71 105
71 108
71 113
71 114
71 115
71 116
71 118
71 119
71 122
71 128
71 131
71 134
71 135
71 139
71 141
71 142
71 143
71 145
71 150
71 151
71 153
71 154
71 155
71 156
72 73
72 74
72 76
72 77
72 78
72 79
72 84
72 85
72 86
72 87
72 88
72 94
72 99
72 102
72 106
72 110
72 111
72 113
72 114
72 116
72 117
72 119
72 122
72 125
72 129
72 131
72 133
72 137
72 140
72 145
72 157
72 159
73 75
73 77
73 80
73 81
73 84
73 85
73 87
73 92
73 93
73 94
73 97
73 98
73 99
73 101
73 102
73 105
73 109
73 113
73 117
73 118
73 129
73 130
73 131
73 133
73 134
73 135
73 138
73 145
73 146
73 153
73 154
74 77
74 79
74 80
74 85
74 88
74 89
74 92
74 95
74 96
74 97
74 101
74 102
74 103
74 105
74 106
74 109
74 111
74 112
74 113
74 115
74 116
74 117
74 121
74 122
74 125
74 131
74 133
74 134
74 139
74 141
74 143
74 147
74 154
74 157
74 159
74 161
75 79
75 94
75 95
75 109
75 115
75 116
75 118
75 121
75 122
75 123
75 125
75 127
75 133
75 146
75 147
75 153
75 157
75 158
75 160
75 161
76 80
76 88
76 89
76 101
76 104
76 117
76 133
76 135
76 136
76 148
76 152
76 157
76 158
77 78
77 80
77 84
77 87
77 93
77 94
77 98
77 101
77 105
77 107
77 111
77 114
77 117
77 122
77 126
77 128
77 129
77 131
77 133
77 135
77 136
77 137
77 138
77 147
77 152
77 153
77 157
78 87
78 88
78 106
78 128
78 134
78 135
78 147
78 154
78 159
79 86
79 87
79 89
79 92
79 94
79 96
79 97
79 99
79 100
79 101
79 103
79 111
79 115
79 123
79 125
79 131
79 135
79 136
79 138
79 139
79 141
79 143
79 146
79 147
79 148
79 149
79 151
79 152
79 154
79 158
79 159
79 160
79 161
80 81
80 82
80 91
80 95
80 96
80 101
80 104
80 105
80 108
80 109
80 115
80 118
80 119
80 127
80 131
80 133
80 137
80 141
80 142
80 143
80 145
80 151
80 153
80 155
80 158
81 83
81 89
81 94
81 98
81 119
81 132
81 135
81 137
81 147
81 154
82 83
82 84
82 85
82 89
82 93
82 94
82 96
82 101
82 103
82 104
82 112
82 114
82 115
82 116
82 118
82 128
82 129
82 130
82 131
82 134
82 137
82 143
82 144
82 154
82 158
83 87
83 97
83 109
83 112
83 119
83 133
83 137
83 138
83 146
83 148
83 154
84 89
84 90
84 93
84 94
84 97
84 102
84 105
84 106
84 111
84 112
84 114
84 115
84 116
84 118
84 120
84 124
84 134
84 135
84 138
84 139
84 151
84 154
85 86
85 93
85 106
85 108
85 109
85 114
85 115
85 118
85 123
85 125
85 131
85 134
85 136
85 145
85 152
85 154
86 102
86 104
86 106
86 107
86 110
86 111
86 113
86 116
86 118
86 129
86 131
86 132
86 134
86 137
86 140
86 142
86 146
86 153
86 157
87 88
87 89
87 93
87 94
87 95
87 101
87 102
87 108
87 112
87 114
87 115
87 117
87 118
87 120
87 125
87 129
87 130
87 131
87 138
87 142
87 146
87 147
87 151
87 152
87 153
87 161
88 90
88 92
88 93
88 95
88 101
88 102
88 104
88 112
88 113
88 128
88 131
88 132
88 143
88 144
88 149
88 152
88 157
88 159
88 161
89 90
89 91
89 92
89 94
89 96
89 97
89 104
89 105
89 106
89 107
89 109
89 112
89 116
89 123
89 125
89 126
89 130
89 134
89 138
89 139
89 143
89 146
89 150
89 152
89 154
89 155
89 156
89 161
90 95
90 97
90 99
90 101
90 106
90 112
90 125
90 134
90 141
90 142
90 147
90 161
91 94
91 96
91 97
91 106
91 108
91 113
91 114
91 116
91 117
91 123
91 128
91 131
91 132
91 136
91 138
91 140
91 148
91 149
91 150
91 152
91 153
91 157
91 158
92 94
92 101
92 111
92 117
92 120
92 128
92 131
92 133
92 134
92 138
92 141
93 96
93 101
93 102
93 105
93 106
93 109
93 112
93 113
93 116
93 121
93 126
93 128
93 129
93 131
93 134
93 147
93 150
93 160
93 161
94 95
94 96
94 97
94 99
94 102
94 104
94 105
94 109
94 111
94 113
94 114
94 116
94 122
94 125
94 126
94 127
94 129
94 130
94 133
94 134
94 135
94 148
94 149
94 154
94 156
94 159
94 160
95 98
95 99
95 108
95 112
95 113
95 115
95 117
95 136
95 143
95 153
95 157
95 158
96 102
96 108
96 111
96 154
96 159
97 99
97 100
97 101
97 104
97 105
97 109
97 113
97 114
97 117
97 121
97 131
97 134
97 135
97 139
97 141
97 142
97 145
97 150
97 153
97 154
97 156
97 157
97 158
97 159
97 161
98 103
98 111
98 115
98 118
98 121
98 125
98 127
98 138
98 142
98 152
98 154
98 158
99 105
99 107
99 114
99 115
99 117
99 118
99 125
99 134
99 135
99 139
99 154
99 158
99 159
99 160
99 161
100 106
100 108
100 114
100 118
100 121
100 122
100 125
100 127
100 129
100 130
100 132
100 134
100 137
100 140
100 141
100 145
100 158
100 160
100 161
101 102
101 103
101 106
101 107
101 108
101 110
101 114
101 118
101 125
101 133
101 134
101 138
101 139
101 142
101 148
101 150
101 151
101 152
101 153
101 157
101 160
102 105
102 107
102 109
102 111
102 112
102 115
102 116
102 120
102 122
102 128
102 131
102 133
102 134
102 136
102 145
102 151
102 152
102 153
102 154
102 155
102 158
102 159
103 105
103 106
103 110
103 111
103 116
103 117
103 121
103 124
103 130
103 133
103 134
103 135
103 138
103 140
103 142
103 146
103 147
103 150
104 106
104 107
104 112
104 113
104 125
104 145
104 153
104 160
105 106
105 110
105 112
105 113
105 115
105 122
105 128
105 130
105 133
105 134
105 137
105 138
105 139
105 142
105 145
105 152
105 154
105 155
105 161
106 108
106 109
106 116
106 117
106 118
106 122
106 125
106 128
106 130
106 131
106 132
106 135
106 136
106 140
106 143
106 146
106 147
106 148
106 152
106 153
106 154
106 155
106 159
106 161
107 108
107 111
107 126
107 135
107 142
107 145
107 149
107 152
107 159
108 113
108 114
108 118
108 129
108 132
108 137
108 139
108 142
108 146
108 147
108 148
108 150
108 152
108 154
109 112
109 113
109 118
109 120
109 121
109 131
109 133
109 139
109 140
109 146
109 147
109 150
109 154
109 157
109 159
110 114
110 115
110 122
110 125
110 126
110 128
110 129
110 137
110 138
110 139
110 142
110 147
110 153
110 154
110 157
110 158
111 112
111 117
111 118
111 121
111 128
111 129
111 130
111 133
111 135
111 138
111 139
111 152
111 154
111 160
112 113
112 114
112 117
112 121
112 129
112 131
112 132
112 133
112 135
112 139
112 143
112 145
112 151
112 154
112 161
113 116
113 121
113 123
113 131
113 133
113 134
113 137
113 138
113 139
113 142
113 154
113 157
113 158
113 160
114 115
114 116
114 118
114 121
114 125
114 128
114 130
114 131
114 132
114 133
114 134
114 136
114 137
114 138
114 142
114 144
114 145
114 147
114 149
114 150
114 153
114 154
114 157
115 116
115 118
115 125
115 129
115 133
115 138
115 139
115 140
115 142
115 143
115 145
115 146
115 148
115 149
115 150
115 151
115 152
115 153
116 118
116 121
116 125
116 130
116 136
116 137
116 152
116 154
116 158
117 118
117 121
117 122
117 123
117 124
117 125
117 129
117 131
117 133
117 134
117 135
117 137
117 138
117 141
117 142
117 143
117 146
117 153
117 155
118 130
118 132
118 134
118 135
118 137
118 138
118 139
118 141
118 142
118 143
118 145
118 146
118 148
118 149
118 151
118 152
118 160
118 161
119 126
119 136
119 139
119 142
119 146
119 150
119 153
119 160
120 149
120 155
120 159
121 125
121 126
121 130
121 131
121 135
121 137
121 147
121 151
122 138
122 141
122 142
122 143
122 151
122 152
122 157
122 158
123 141
123 143
123 149
123 157
124 136
124 138
125 134
125 137
125 138
125 139
125 140
125 144
125 145
125 149
125 153
125 156
125 157
126 139
126 142
126 145
126 147
126 150
126 151
126 153
126 154
126 157
126 158
126 161
127 141
127 146
127 154
127 155
127 157
128 137
128 140
128 146
128 147
128 153
128 158
128 159
129 131
129 132
129 134
129 138
129 139
129 141
129 142
129 145
129 148
129 149
129 152
129 153
129 154
129 158
130 134
130 139
130 142
130 144
130 146
130 148
130 150
130 151
130 161
131 135
131 137
131 140
131 142
131 147
131 150
131 151
131 153
131 154
131 155
131 157
131 159
131 161
132 133
132 134
133 134
133 137
133 139
133 141
133 142
133 144
133 149
133 150
133 151
133 152
133 154
133 156
133 157
133 158
133 160
134 135
134 137
134 139
134 144
134 145
134 157
134 158
134 159
135 138
135 140
135 142
135 144
135 146
135 147
135 151
135 157
136 137
136 138
136 139
136 142
136 149
136 150
136 152
136 154
137 142
137 146
137 147
137 149
137 150
137 152
137 154
137 158
137 159
137 160
138 139
138 141
138 143
138 145
138 154
138 155
138 157
138 158
138 160
139 141
139 142
139 144
139 146
139 149
139 150
139 151
139 152
139 153
139 155
139 158
139 161
140 161
141 155
141 157
142 143
142 147
142 149
142 153
142 157
142 158
142 159
142 160
142 161
143 152
143 159
144 159
145 146
145 150
145 152
145 157
145 159
146 151
146 154
146 156
146 157
146 160
146 161
147 150
147 151
147 154
147 155
147 157
147 158
147 159
147 160
148 161
149 150
149 158
150 151
150 156
150 158
151 152
151 154
151 160
151 161
152 153
152 154
152 157
152 159
152 160
153 154
153 160
154 158
154 159
154 160
154 161
155 156
157 161
158 159
