0 2
0 3
0 18
0 19
0 28
0 31
0 32
0 33
0 36
0 38
0 52
0 57
0 64
0 66
0 74
0 75
0 79
0 102
0 105
0 109
0 116
0 125
0 131
0 134
0 147
0 149
0 150
0 151
0 152
0 153
1 6
1 7
1 10
1 11
1 12
1 13
1 14
1 22
1 25
1 26
1 27
1 34
1 38
1 44
1 45
1 46
1 49
1 51
1 54
1 57
1 64
1 65
1 66
1 67
1 71
1 76
1 78
1 89
1 98
1 99
1 102
1 107
1 109
1 110
1 111
1 115
1 123
1 128
1 131
1 138
1 145
1 147
1 149
1 150
1 151
1 153
1 158
1 159
2 19
2 26
2 30
2 36
2 40
2 58
2 63
2 71
2 79
2 90
2 103
2 109
2 112
2 115
2 117
2 135
2 136
2 137
2 138
2 139
2 143
2 147
2 150
2 152
2 161
3 6
3 8
3 10
3 11
3 16
3 26
3 40
3 42
3 44
3 45
3 61
3 65
3 68
3 70
3 73
3 75
3 79
3 81
3 83
3 91
3 94
3 97
3 100
3 101
3 103
3 106
3 107
3 109
3 113
3 116
3 132
3 136
3 138
3 139
3 146
3 148
3 149
3 150
3 151
3 157
3 159
4 6
4 7
4 11
4 13
4 15
4 17
4 19
4 22
4 23
4 24
4 30
4 33
4 36
4 38
4 41
4 42
4 43
4 45
4 49
4 50
4 54
4 57
4 60
4 63
4 66
4 68
4 70
4 74
4 75
4 79
4 84
4 94
4 95
4 96
4 97
4 98
4 99
4 101
4 102
4 104
4 106
4 108
4 111
4 113
4 114
4 115
4 117
4 118
4 125
4 128
4 131
4 133
4 134
4 136
4 137
4 145
4 148
4 149
4 151
4 152
4 153
4 154
4 161
5 7
5 34
5 44
5 46
5 64
5 72
5 79
5 97
5 129
5 139
5 147
5 151
5 152
5 154
6 11
6 12
6 14
6 17
6 19
6 21
6 22
6 30
6 31
6 34
6 39
6 40
6 42
6 45
6 46
6 49
6 52
6 56
6 58
6 59
6 60
6 61
6 64
6 65
6 66
6 67
6 68
6 69
6 70
6 72
6 73
6 74
6 83
6 87
6 89
6 92
6 93
6 94
6 95
6 97
6 99
6 101
6 102
6 105
6 107
6 111
6 112
6 114
6 117
6 121
6 124
6 125
6 127
6 129
6 130
6 132
6 133
6 135
6 136
6 138
6 141
6 142
6 145
6 146
6 147
6 152
6 153
6 155
6 157
7 9
7 14
7 15
7 25
7 26
7 27
7 29
7 32
7 34
7 35
7 36
7 38
7 39
7 40
7 44
7 45
7 46
7 47
7 50
7 52
7 54
7 57
7 61
7 62
7 67
7 68
7 70
7 72
7 74
7 75
7 79
7 80
7 82
7 84
7 86
7 87
7 88
7 90
7 91
7 92
7 97
7 98
7 100
7 108
7 109
7 110
7 111
7 112
7 114
7 116
7 118
7 128
7 129
7 131
7 136
7 139
7 142
7 145
7 146
7 147
7 153
7 157
7 158
7 161
8 9
8 10
8 11
8 14
8 18
8 21
8 26
8 42
8 43
8 52
8 68
8 71
8 72
8 75
8 85
8 87
8 92
8 99
8 148
8 151
8 153
8 161
9 10
9 12
9 17
9 19
9 25
9 27
9 29
9 40
9 43
9 49
9 51
9 52
9 54
9 55
9 56
9 57
9 58
9 63
9 64
9 65
9 69
9 71
9 73
9 75
9 76
9 77
9 79
9 80
9 82
9 86
9 89
9 92
9 93
9 101
9 102
9 104
9 108
9 111
9 115
9 121
9 129
9 131
9 133
9 134
9 138
9 139
9 141
9 144
9 146
9 147
9 149
9 159
10 14
10 19
10 20
10 25
10 27
10 30
10 34
10 35
10 36
10 38
10 42
10 46
10 51
10 54
10 55
10 58
10 59
10 61
10 65
10 66
10 69
10 73
10 75
10 81
10 89
10 94
10 109
10 111
10 113
10 114
10 117
10 123
10 126
10 131
10 138
10 150
10 154
10 155
11 12
11 18
11 19
11 21
11 27
11 28
11 32
11 33
11 35
11 37
11 38
11 40
11 49
11 51
11 55
11 56
11 58
11 62
11 63
11 65
11 67
11 68
11 70
11 72
11 73
11 74
11 75
11 77
11 85
11 88
11 89
11 94
11 98
11 100
11 106
11 108
11 111
11 112
11 113
11 114
11 115
11 116
11 117
11 118
11 122
11 126
11 134
11 137
11 140
11 147
11 148
11 150
11 151
11 152
11 153
11 154
11 157
11 161
12 13
12 14
12 15
12 19
12 26
12 31
12 35
12 37
12 38
12 39
12 40
12 46
12 54
12 55
12 58
12 59
12 60
12 63
12 65
12 68
12 70
12 71
12 72
12 74
12 77
12 80
12 81
12 82
12 91
12 96
12 97
12 100
12 101
12 104
12 110
12 118
12 120
12 142
12 145
12 146
12 151
12 153
12 154
12 155
12 157
12 158
13 16
13 19
13 21
13 36
13 45
13 48
13 49
13 52
13 58
13 67
13 70
13 71
13 82
13 89
13 91
13 101
13 102
13 106
13 107
13 108
13 126
13 127
13 129
13 134
13 138
13 139
13 141
13 151
13 152
13 154
13 159
14 21
14 26
14 27
14 30
14 32
14 34
14 37
14 38
14 49
14 51
14 53
14 54
14 56
14 57
14 59
14 62
14 63
14 64
14 67
14 70
14 71
14 72
14 75
14 77
14 79
14 82
14 84
14 86
14 87
14 88
14 89
14 90
14 92
14 93
14 94
14 99
14 106
14 108
14 112
14 114
14 115
14 116
14 117
14 119
14 130
14 135
14 136
14 137
14 138
14 139
14 140
14 145
14 146
14 147
14 151
14 153
14 159
14 160
14 161
15 19
15 26
15 27
15 30
15 33
15 34
15 38
15 41
15 46
15 48
15 61
15 62
15 65
15 73
15 103
15 108
15 111
15 115
15 117
15 125
15 126
15 148
15 153
15 154
15 157
15 158
16 31
16 37
16 38
16 40
16 51
16 52
16 54
16 61
16 66
16 67
16 69
16 70
16 71
16 73
16 82
16 92
16 96
16 97
16 114
16 115
16 125
16 129
16 131
16 137
16 149
16 152
16 158
17 28
17 30
17 43
17 49
17 52
17 54
17 77
17 80
17 101
17 106
17 108
17 112
17 113
17 116
17 117
17 138
17 140
17 151
17 154
17 160
18 21
18 26
18 28
18 32
18 33
18 35
18 39
18 40
18 45
18 46
18 48
18 49
18 61
18 65
18 67
18 70
18 72
18 74
18 75
18 79
18 84
18 85
18 88
18 89
18 92
18 101
18 104
18 108
18 109
18 113
18 114
18 130
18 131
18 132
18 135
18 136
18 137
18 138
18 154
18 156
19 20
19 26
19 30
19 34
19 35
19 38
19 41
19 45
19 51
19 52
19 54
19 55
19 56
19 58
19 63
19 64
19 66
19 67
19 68
19 72
19 73
19 75
19 80
19 84
19 87
19 88
19 89
19 93
19 97
19 101
19 102
19 104
19 109
19 112
19 117
19 118
19 122
19 125
19 126
19 127
19 129
19 131
19 134
19 137
19 142
19 145
19 152
19 154
19 157
19 158
19 159
20 24
20 26
20 32
20 33
20 38
20 45
20 46
20 52
20 66
20 68
20 69
20 70
20 82
20 87
20 88
20 96
20 105
20 112
20 115
20 117
20 125
20 134
20 141
20 145
20 146
20 154
20 155
21 22
21 23
21 25
21 27
21 30
21 33
21 34
21 35
21 37
21 41
21 44
21 50
21 53
21 54
21 55
21 56
21 61
21 64
21 68
21 69
21 70
21 71
21 72
21 73
21 74
21 80
21 81
21 83
21 85
21 87
21 89
21 90
21 92
21 93
21 103
21 106
21 109
21 115
21 118
21 121
21 124
21 133
21 137
21 139
21 146
21 147
21 148
21 151
21 154
21 157
21 159
21 160
21 161
22 29
22 31
22 34
22 35
22 36
22 39
22 49
22 51
22 56
22 63
22 65
22 77
22 79
22 85
22 89
22 94
22 95
22 97
22 105
22 115
22 116
22 117
22 120
22 125
22 143
22 152
22 160
22 161
23 30
23 31
23 39
23 42
23 45
23 49
23 56
23 65
23 67
23 72
23 74
23 75
23 79
23 94
23 106
23 109
23 111
23 113
23 114
23 115
23 117
23 118
23 119
23 131
23 144
23 147
23 156
24 25
24 27
24 31
24 34
24 37
24 44
24 47
24 52
24 55
24 67
24 70
24 71
24 72
24 81
24 82
24 83
24 84
24 89
24 94
24 101
24 102
24 103
24 108
24 111
24 112
24 113
24 114
24 117
24 133
24 134
24 135
24 143
24 151
24 154
24 160
25 28
25 29
25 32
25 35
25 36
25 38
25 40
25 42
25 46
25 51
25 59
25 60
25 65
25 70
25 72
25 74
25 76
25 77
25 79
25 82
25 93
25 94
25 97
25 101
25 103
25 104
25 106
25 109
25 112
25 113
25 114
25 120
25 122
25 125
25 131
25 132
25 138
25 142
25 143
25 145
25 153
25 154
25 157
25 158
25 160
26 27
26 31
26 32
26 33
26 34
26 35
26 40
26 42
26 44
26 46
26 49
26 53
26 56
26 57
26 61
26 65
26 67
26 70
26 71
26 83
26 86
26 89
26 95
26 100
26 103
26 105
26 107
26 108
26 112
26 113
26 116
26 117
26 118
26 123
26 127
26 129
26 130
26 134
26 135
26 140
26 143
26 147
26 149
26 150
26 152
26 153
26 155
27 31
27 35
27 40
27 42
27 46
27 51
27 55
27 67
27 74
27 80
27 82
27 94
27 114
27 117
27 118
27 151
27 157
28 30
28 51
28 54
28 56
28 58
28 67
28 77
28 80
28 83
28 86
28 89
28 93
28 97
28 98
28 100
28 106
28 113
28 114
28 120
28 121
28 125
28 129
28 133
28 134
28 138
28 147
28 159
29 42
29 43
29 45
29 46
29 50
29 65
29 70
29 100
29 102
29 103
29 105
29 106
29 107
29 108
29 109
29 112
29 116
29 118
29 125
29 140
29 158
30 32
30 33
30 38
30 40
30 43
30 48
30 49
30 51
30 52
30 55
30 58
30 64
30 67
30 72
30 73
30 76
30 77
30 79
30 80
30 82
30 83
30 89
30 92
30 93
30 103
30 104
30 105
30 109
30 111
30 112
30 113
30 121
30 122
30 130
30 137
30 142
30 145
30 153
30 157
31 32
31 34
31 41
31 44
31 45
31 51
31 53
31 55
31 56
31 58
31 61
31 63
31 64
31 66
31 67
31 68
31 71
31 73
31 74
31 76
31 78
31 79
31 80
31 84
31 85
31 88
31 89
31 94
31 99
31 102
31 107
31 108
31 110
31 114
31 115
31 116
31 118
31 119
31 120
31 121
31 122
31 128
31 134
31 135
31 136
31 137
31 139
31 140
31 142
31 147
31 149
31 151
31 152
31 157
32 35
32 36
32 37
32 38
32 39
32 41
32 47
32 52
32 55
32 56
32 57
32 58
32 60
32 63
32 64
32 67
32 68
32 71
32 72
32 74
32 79
32 84
32 86
32 90
32 98
32 100
32 101
32 106
32 108
32 112
32 113
32 114
32 119
32 125
32 126
32 128
32 129
32 130
32 131
32 133
32 134
32 135
32 136
32 143
32 151
32 152
32 153
32 154
32 157
33 36
33 38
33 46
33 49
33 54
33 67
33 74
33 77
33 80
33 86
33 89
33 94
33 102
33 106
33 108
33 109
33 111
33 116
33 134
33 139
33 153
33 157
34 36
34 38
34 39
34 40
34 43
34 45
34 51
34 55
34 57
34 63
34 66
34 67
34 71
34 76
34 79
34 80
34 85
34 86
34 88
34 89
34 90
34 98
34 102
34 104
34 109
34 112
34 114
34 117
34 119
34 127
34 129
34 135
34 137
34 146
34 147
34 161
35 40
35 42
35 45
35 50
35 51
35 54
35 57
35 61
35 63
35 65
35 68
35 69
35 70
35 71
35 74
35 76
35 77
35 83
35 84
35 89
35 92
35 96
35 102
35 108
35 109
35 110
35 112
35 113
35 126
35 128
35 129
35 131
35 138
35 140
35 144
35 148
35 153
35 158
35 161
36 37
36 45
36 46
36 51
36 54
36 55
36 56
36 58
36 59
36 61
36 63
36 66
36 67
36 70
36 71
36 72
36 75
36 84
36 93
36 97
36 98
36 101
36 105
36 107
36 110
36 111
36 113
36 116
36 117
36 118
36 121
36 127
36 129
36 130
36 131
36 134
36 136
36 138
36 139
36 141
36 143
36 149
36 151
36 154
36 158
37 55
37 56
37 66
37 69
37 73
37 82
37 86
37 89
37 90
37 97
37 99
37 103
37 114
37 115
37 117
37 118
37 134
37 135
37 142
37 148
37 150
37 151
37 153
37 155
38 45
38 56
38 57
38 58
38 59
38 61
38 67
38 68
38 69
38 70
38 72
38 73
38 74
38 77
38 79
38 83
38 85
38 87
38 89
38 93
38 99
38 100
38 101
38 102
38 107
38 108
38 109
38 111
38 115
38 118
38 119
38 122
38 125
38 128
38 130
38 133
38 134
38 138
38 142
38 145
38 146
38 147
38 150
38 151
38 152
38 153
38 157
38 160
39 42
39 44
39 51
39 56
39 62
39 70
39 72
39 77
39 82
39 83
39 85
39 87
39 89
39 93
39 103
39 106
39 113
39 117
39 122
39 130
39 131
39 134
39 138
39 142
39 145
39 150
39 151
39 157
39 159
40 44
40 45
40 48
40 54
40 55
40 58
40 59
40 62
40 66
40 67
40 68
40 69
40 70
40 72
40 73
40 76
40 77
40 79
40 80
40 89
40 91
40 95
40 97
40 103
40 105
40 109
40 110
40 112
40 114
40 115
40 117
40 118
40 130
40 131
40 133
40 134
40 137
40 138
40 140
40 141
40 142
40 146
40 154
40 155
40 157
41 42
41 54
41 55
41 59
41 65
41 74
41 79
41 105
41 112
41 117
41 120
41 125
41 132
41 133
41 142
41 147
41 152
41 153
41 154
41 161
42 45
42 49
42 51
42 54
42 55
42 57
42 61
42 69
42 71
42 75
42 78
42 83
42 84
42 95
42 103
42 109
42 113
42 114
42 128
42 132
42 133
42 142
42 143
42 145
42 146
42 147
42 148
42 154
42 161
43 45
43 54
43 55
43 59
43 61
43 63
43 70
43 71
43 73
43 74
43 77
43 79
43 80
43 82
43 89
43 90
43 92
43 93
43 94
43 96
43 103
43 104
43 106
43 107
43 112
43 113
43 115
43 118
43 122
43 137
43 142
43 143
43 145
43 146
43 151
43 153
43 154
43 157
43 160
43 161
44 49
44 50
44 51
44 52
44 54
44 56
44 57
44 62
44 69
44 73
44 74
44 79
44 85
44 91
44 93
44 97
44 98
44 101
44 102
44 103
44 118
44 128
44 134
44 137
44 141
44 142
44 143
44 145
44 147
44 149
44 152
44 153
44 155
44 157
44 158
45 49
45 50
45 51
45 56
45 57
45 58
45 59
45 63
45 65
45 67
45 68
45 70
45 71
45 74
45 84
45 89
45 96
45 97
45 99
45 100
45 101
45 102
45 104
45 105
45 107
45 108
45 110
45 111
45 112
45 118
45 122
45 125
45 134
45 141
45 142
45 145
45 150
45 151
45 152
45 157
45 160
46 50
46 52
46 58
46 63
46 66
46 67
46 71
46 74
46 77
46 83
46 86
46 87
46 90
46 93
46 94
46 95
46 96
46 99
46 103
46 107
46 115
46 116
46 117
46 118
46 125
46 126
46 136
46 141
46 142
46 145
46 147
46 154
46 156
46 157
47 67
47 80
47 85
47 101
47 108
47 109
47 117
47 126
47 133
47 143
47 152
48 50
48 53
48 55
48 69
48 70
48 72
48 91
48 99
48 102
48 113
48 115
48 118
48 145
48 147
48 159
49 52
49 54
49 58
49 62
49 63
49 65
49 67
49 70
49 71
49 73
49 74
49 76
49 79
49 81
49 85
49 86
49 87
49 88
49 91
49 93
49 97
49 100
49 103
49 106
49 108
49 110
49 112
49 114
49 115
49 118
49 125
49 126
49 128
49 131
49 135
49 138
49 139
49 145
49 147
49 150
49 154
49 157
50 51
50 57
50 63
50 67
50 70
50 78
50 79
50 82
50 83
50 88
50 90
50 101
50 102
50 104
50 108
50 112
50 115
50 116
50 117
50 134
50 139
50 146
50 147
50 158
51 52
51 54
51 57
51 59
51 60
51 61
51 64
51 67
51 68
51 69
51 70
51 72
51 73
51 74
51 75
51 82
51 83
51 88
51 91
51 92
51 98
51 100
51 101
51 104
51 106
51 108
51 109
51 114
51 116
51 122
51 129
51 132
51 135
51 137
51 138
51 139
51 142
51 146
51 147
51 149
51 150
51 151
51 152
51 153
51 154
51 158
51 161
52 54
52 56
52 59
52 61
52 63
52 67
52 68
52 69
52 72
52 79
52 94
52 95
52 96
52 101
52 102
52 104
52 108
52 109
52 112
52 114
52 116
52 139
52 145
52 146
52 147
52 148
53 54
53 58
53 66
53 71
53 92
53 97
53 98
53 105
53 109
53 110
53 112
53 117
53 118
53 122
53 139
53 148
53 149
53 152
53 159
54 58
54 59
54 61
54 62
54 64
54 65
54 69
54 70
54 72
54 73
54 78
54 79
54 83
54 87
54 88
54 93
54 94
54 96
54 97
54 99
54 101
54 102
54 104
54 106
54 108
54 111
54 112
54 113
54 114
54 115
54 116
54 123
54 125
54 128
54 131
54 133
54 134
54 137
54 139
54 141
54 142
54 143
54 147
54 150
54 151
54 152
54 153
54 156
55 59
55 62
55 70
55 71
55 77
55 81
55 84
55 85
55 86
55 88
55 94
55 95
55 97
55 101
55 103
55 108
55 110
55 111
55 114
55 115
55 124
55 125
55 128
55 129
55 133
55 134
55 135
55 137
55 138
55 143
55 147
55 151
55 152
55 153
55 154
55 157
55 158
56 58
56 63
56 65
56 66
56 67
56 69
56 70
56 72
56 73
56 74
56 76
56 77
56 79
56 82
56 84
56 88
56 93
56 94
56 98
56 101
56 102
56 107
56 108
56 109
56 113
56 114
56 115
56 116
56 117
56 126
56 133
56 134
56 135
56 137
56 138
56 139
56 145
56 146
56 147
56 151
56 154
56 156
56 157
56 159
57 61
57 67
57 70
57 72
57 76
57 77
57 82
57 89
57 93
57 96
57 100
57 101
57 105
57 106
57 109
57 110
57 112
57 113
57 122
57 129
57 131
57 136
57 147
57 154
58 59
58 62
58 64
58 67
58 69
58 71
58 73
58 74
58 75
58 77
58 81
58 82
58 84
58 89
58 93
58 94
58 96
58 97
58 99
58 102
58 106
58 107
58 108
58 109
58 112
58 115
58 118
58 125
58 126
58 127
58 133
58 134
58 135
58 136
58 137
58 138
58 139
58 142
58 145
58 151
58 155
58 159
58 161
59 63
59 64
59 65
59 67
59 69
59 72
59 73
59 75
59 84
59 89
59 93
59 108
59 109
59 113
59 117
59 125
59 127
59 130
59 132
59 135
59 141
59 156
60 68
60 74
60 84
60 85
60 86
60 89
60 93
60 96
60 101
60 105
60 118
60 120
60 147
60 151
60 157
60 158
61 65
61 74
61 79
61 87
61 91
61 93
61 97
61 101
61 103
61 108
61 110
61 113
61 114
61 116
61 118
61 134
61 135
61 138
61 141
61 142
61 146
61 147
61 150
61 151
61 152
61 154
61 158
61 160
62 66
62 71
62 72
62 74
62 76
62 80
62 83
62 99
62 109
62 115
62 129
62 141
63 65
63 67
63 70
63 73
63 77
63 83
63 84
63 87
63 89
63 93
63 97
63 100
63 101
63 105
63 106
63 107
63 109
63 111
63 113
63 116
63 124
63 128
63 129
63 131
63 134
63 137
63 138
63 139
63 142
63 146
63 149
63 151
63 154
63 159
64 66
64 67
64 71
64 72
64 73
64 74
64 75
64 79
64 80
64 82
64 84
64 89
64 90
64 94
64 96
64 98
64 100
64 101
64 102
64 103
64 104
64 105
64 108
64 109
64 110
64 111
64 112
64 113
64 114
64 115
64 119
64 122
64 125
64 128
64 130
64 134
64 135
64 138
64 139
64 149
64 151
64 153
64 158
64 159
65 67
65 68
65 70
65 72
65 73
65 79
65 82
65 83
65 84
65 87
65 88
65 89
65 92
65 94
65 95
65 98
65 101
65 103
65 106
65 107
65 108
65 113
65 114
65 115
65 117
65 122
65 130
65 133
65 134
65 137
65 141
65 145
65 147
65 149
65 151
65 152
65 155
65 157
65 158
66 67
66 72
66 73
66 74
66 76
66 78
66 79
66 80
66 83
66 84
66 87
66 95
66 100
66 105
66 106
66 107
66 108
66 112
66 113
66 117
66 118
66 125
66 131
66 133
66 134
66 135
66 137
66 139
66 140
66 142
66 146
66 148
66 149
66 150
66 152
66 154
66 156
66 157
66 158
67 70
67 74
67 77
67 83
67 84
67 87
67 89
67 92
67 94
67 97
67 101
67 102
67 103
67 104
67 106
67 110
67 111
67 112
67 114
67 115
67 116
67 117
67 118
67 129
67 133
67 134
67 135
67 136
67 137
67 139
67 141
67 142
67 145
67 146
67 149
67 151
67 154
67 159
68 70
68 71
68 72
68 74
68 75
68 77
68 80
68 81
68 88
68 89
68 90
68 93
68 94
68 95
68 96
68 103
68 104
68 105
68 108
68 113
68 115
68 116
68 117
68 125
68 126
68 129
68 131
68 132
68 133
68 134
68 138
68 142
68 149
68 150
68 154
68 157
68 158
69 70
69 71
69 72
69 75
69 77
69 79
69 80
69 81
69 83
69 86
69 89
69 92
69 95
69 98
69 101
69 102
69 104
69 106
69 108
69 109
69 110
69 114
69 115
69 118
69 121
69 125
69 126
69 128
69 129
69 135
69 136
69 137
69 138
69 140
69 141
69 145
69 146
69 147
69 148
69 149
69 152
69 154
69 156
69 158
70 72
70 73
70 74
70 79
70 83
70 84
70 87
70 88
70 91
70 92
70 94
70 97
70 98
70 99
70 100
70 101
70 102
70 103
70 106
70 108
70 109
70 111
70 112
70 114
70 115
70 116
70 117
70 122
70 128
70 129
70 134
70 135
70 138
70 142
70 146
70 147
70 151
70 154
70 157
70 158
70 159
70 161
71 72
71 93
71 99
71 100
71 101
71 106
71 108
71 109
71 112
71 114
71 117
71 120
71 121
71 125
71 128
71 133
71 138
71 139
71 146
71 149
71 150
71 154
71 158
71 160
71 161
72 73
72 74
72 75
72 78
72 82
72 84
72 93
72 97
72 100
72 101
72 104
72 106
72 115
72 119
72 123
72 125
72 132
72 134
72 135
72 136
72 139
72 140
72 142
72 148
72 149
72 150
72 153
72 157
72 161
73 74
73 79
73 89
73 90
73 94
73 101
73 105
73 108
73 112
73 114
73 115
73 117
73 122
73 126
73 129
73 132
73 135
73 138
73 142
73 145
73 146
73 147
73 151
73 152
73 159
73 161
74 75
74 80
74 81
74 87
74 88
74 89
74 90
74 96
74 97
74 99
74 101
74 107
74 108
74 112
74 113
74 114
74 116
74 119
74 120
74 125
74 126
74 129
74 132
74 133
74 135
74 137
74 138
74 139
74 141
74 143
74 145
74 150
74 153
74 160
75 78
75 79
75 81
75 85
75 94
75 98
75 101
75 104
75 105
75 109
75 115
75 117
75 118
75 129
75 137
75 138
75 139
75 143
75 144
75 146
75 149
75 161
76 83
76 106
76 108
76 111
76 112
76 113
76 117
76 131
76 151
76 154
76 157
76 158
77 79
77 82
77 85
77 86
77 87
77 88
77 89
77 93
77 94
77 101
77 103
77 108
77 109
77 110
77 111
77 113
77 114
77 117
77 118
77 125
77 129
77 136
77 138
77 143
77 147
77 151
77 153
77 154
77 155
77 156
77 157
77 159
78 89
78 93
78 98
78 105
78 108
78 111
78 126
78 133
78 136
78 137
78 153
79 84
79 89
79 91
79 93
79 97
79 102
79 103
79 105
79 108
79 111
79 112
79 113
79 115
79 117
79 118
79 122
79 123
79 125
79 126
79 127
79 132
79 134
79 136
79 137
79 146
79 149
79 151
79 152
79 153
79 154
79 158
79 160
80 85
80 99
80 101
80 102
80 107
80 109
80 111
80 115
80 117
80 123
80 125
80 131
80 137
80 140
80 144
80 158
81 82
81 97
81 98
81 125
81 126
81 131
81 134
81 138
82 88
82 106
82 108
82 113
82 114
82 126
82 128
82 131
82 134
82 135
82 138
82 139
82 147
82 151
82 154
83 105
83 116
83 117
83 128
83 133
83 135
83 137
83 144
83 149
83 151
83 157
83 159
83 161
84 86
84 87
84 89
84 92
84 93
84 99
84 101
84 104
84 106
84 108
84 109
84 110
84 118
84 125
84 126
84 132
84 133
84 134
84 135
84 142
84 145
84 146
84 150
84 153
84 154
84 158
84 159
85 88
85 95
85 102
85 108
85 113
85 114
85 115
85 116
85 117
85 118
85 122
85 130
85 131
85 133
85 135
85 138
85 145
85 147
85 157
85 160
85 161
86 88
86 94
86 96
86 98
86 102
86 104
86 106
86 108
86 111
86 115
86 118
86 126
86 136
86 142
86 145
86 152
86 153
86 157
86 158
87 88
87 91
87 97
87 100
87 106
87 114
87 115
87 117
87 121
87 125
87 129
87 133
87 136
87 137
87 139
87 147
87 149
87 153
87 158
88 91
88 98
88 101
88 102
88 109
88 114
88 124
88 127
88 138
88 142
88 143
88 145
88 147
88 150
88 152
88 153
88 158
89 91
89 93
89 96
89 97
89 98
89 99
89 101
89 104
89 105
89 107
89 108
89 109
89 110
89 111
89 112
89 113
89 114
89 115
89 116
89 117
89 118
89 121
89 125
89 130
89 131
89 132
89 133
89 137
89 138
89 142
89 145
89 146
89 152
89 153
89 154
90 93
90 103
90 106
90 133
90 146
90 161
91 93
91 98
91 106
91 108
91 109
91 111
91 112
91 113
91 122
91 123
91 128
91 133
91 135
91 136
91 137
91 141
91 149
91 154
92 94
92 97
92 100
92 101
92 104
92 112
92 113
92 114
92 117
92 127
92 128
92 133
92 145
92 146
92 151
92 160
92 161
93 94
93 100
93 102
93 103
93 106
93 107
93 111
93 116
93 117
93 121
93 123
93 125
93 133
93 134
93 135
93 137
93 140
93 142
93 147
93 150
93 157
94 110
94 113
94 114
94 115
94 116
94 117
94 119
94 125
94 128
94 131
94 134
94 138
94 139
94 142
94 143
94 146
94 147
94 148
94 150
94 152
94 153
94 157
94 161
95 100
95 103
95 106
95 115
95 116
95 118
95 128
95 129
95 130
95 144
95 152
95 161
96 100
96 101
96 102
96 111
96 116
96 119
96 126
96 137
96 142
96 145
96 147
96 151
97 98
97 100
97 102
97 106
97 116
97 117
97 123
97 125
97 126
97 132
97 133
97 135
97 139
97 140
97 145
97 147
97 150
97 152
97 158
97 160
98 101
98 108
98 109
98 111
98 112
98 113
98 114
98 117
98 118
98 125
98 126
98 128
98 133
98 135
98 142
98 146
98 147
98 148
98 152
98 153
98 158
98 161
99 101
99 106
99 107
99 109
99 113
99 115
99 127
99 133
99 136
99 141
99 147
99 149
99 150
99 151
99 153
99 154
99 158
99 161
100 105
100 114
100 122
100 124
100 132
100 133
100 134
100 137
100 138
100 139
100 142
100 145
100 153
100 161
101 102
101 103
101 110
101 111
101 113
101 115
101 116
101 117
101 118
101 129
101 130
101 131
101 138
101 139
101 145
101 146
101 147
101 148
101 152
101 157
101 159
102 104
102 106
102 108
102 109
102 110
102 111
102 112
102 113
102 114
102 115
102 116
102 119
102 126
102 127
102 129
102 130
102 136
102 138
102 139
102 142
102 145
102 147
102 152
102 155
102 156
103 110
103 118
103 128
103 133
103 134
103 139
103 140
103 141
103 146
103 149
103 152
103 153
103 156
103 158
104 109
104 112
104 116
104 117
104 142
104 153
104 157
104 158
104 161
105 106
105 112
105 117
105 118
105 124
105 125
105 145
105 146
105 151
105 152
105 158
106 107
106 109
106 111
106 113
106 114
106 115
106 117
106 118
106 121
106 123
106 128
106 130
106 133
106 134
106 135
106 137
106 139
106 141
106 142
106 143
106 145
106 146
106 150
106 153
106 154
106 155
106 158
106 159
106 160
106 161
107 110
107 113
107 116
107 118
107 122
107 125
107 126
107 134
107 137
107 140
107 141
107 142
107 143
107 147
107 151
107 154
107 155
107 157
108 110
108 112
108 113
108 115
108 118
108 121
108 122
108 123
108 131
108 134
108 135
108 136
108 138
108 139
108 145
108 147
108 148
108 151
108 158
108 159
109 111
109 113
109 114
109 115
109 117
109 126
109 128
109 129
109 130
109 131
109 134
109 135
109 136
109 137
109 139
109 145
109 151
109 152
109 154
109 155
109 158
109 160
109 161
110 113
110 120
110 131
110 137
110 145
110 149
110 152
110 154
110 157
110 158
111 115
111 117
111 118
111 119
111 123
111 125
111 126
111 129
111 131
111 133
111 134
111 135
111 137
111 142
111 145
111 154
111 155
111 161
112 113
112 115
112 118
112 132
112 133
112 135
112 138
112 141
112 142
112 147
112 150
112 152
112 153
112 154
112 155
112 158
113 114
113 115
113 131
113 135
113 137
113 138
113 139
113 148
113 150
113 153
113 154
113 160
113 161
114 115
114 116
114 123
114 125
114 126
114 131
114 135
114 136
114 138
114 141
114 146
114 147
114 150
114 155
114 156
114 157
114 159
114 161
115 122
115 126
115 129
115 136
115 137
115 141
115 142
115 143
115 146
115 150
115 151
115 152
115 153
115 154
115 158
116 119
116 125
116 128
116 129
116 145
116 147
116 149
116 152
116 154
116 155
116 157
116 158
116 159
116 160
117 118
117 125
117 130
117 131
117 133
117 135
117 136
117 143
117 145
117 147
117 150
117 152
117 153
117 154
117 156
118 119
118 125
118 128
118 129
118 130
118 132
118 134
118 136
118 140
118 142
118 151
118 152
118 153
118 157
119 135
119 142
119 144
119 149
119 161
120 134
120 137
120 142
120 143
120 150
120 152
120 153
121 125
121 133
121 141
121 150
122 128
122 136
122 154
122 155
123 127
123 133
124 125
124 127
124 129
124 134
124 141
124 159
125 126
125 127
125 132
125 133
125 136
125 138
125 139
125 147
125 148
125 152
125 153
125 157
125 160
125 161
126 129
126 132
126 137
126 141
126 142
126 147
126 148
126 149
126 153
127 129
127 138
127 142
127 153
127 158
128 129
128 133
128 137
128 145
128 148
128 149
128 152
128 160
128 161
129 131
129 133
129 134
129 136
129 137
129 138
129 139
129 141
129 146
129 147
129 148
129 149
129 153
129 154
129 155
129 157
129 158
130 131
130 133
130 138
130 144
131 133
131 135
131 138
131 139
131 142
131 145
131 147
131 149
131 150
131 153
131 154
131 158
131 161
132 136
132 145
132 154
132 157
133 135
133 139
133 140
133 142
133 143
133 145
133 146
133 147
133 152
133 153
133 154
133 157
134 135
134 136
134 137
134 138
134 140
134 142
134 152
134 153
134 154
134 155
134 156
134 157
134 158
134 160
135 138
135 139
135 140
135 141
135 142
135 143
135 147
135 149
135 152
135 157
135 158
135 160
136 139
136 141
136 145
136 146
136 151
136 152
136 153
137 138
137 139
137 140
137 143
137 147
137 148
137 151
137 153
137 154
137 157
137 158
137 161
138 139
138 141
138 142
138 143
138 145
138 148
138 152
138 153
138 157
138 158
138 159
138 160
139 141
139 142
139 145
139 157
140 141
140 151
140 153
140 161
141 142
141 146
141 147
141 152
141 154
141 158
142 143
142 144
142 145
142 146
142 150
142 151
142 156
142 157
143 151
143 157
143 159
145 147
145 152
145 153
145 158
145 159
146 147
146 150
146 151
146 152
146 154
146 158
146 160
147 151
147 154
147 159
148 149
148 151
148 154
148 157
148 158
148 159
149 152
149 158
150 154
150 156
150 158
150 161
151 152
151 153
151 154
151 155
151 157
151 161
152 155
152 158
152 161
153 154
153 155
154 155
154 158
154 159
154 160
154 161
158 161
