0 11
0 12
0 14
0 28
0 31
0 34
0 40
0 49
0 52
0 53
0 54
0 56
0 65
0 68
0 69
0 70
0 72
0 76
0 79
0 80
0 88
0 92
0 102
0 103
0 108
0 111
0 116
0 121
0 122
0 125
0 129
0 131
0 138
0 141
0 143
0 150
0 154
0 155
0 157
0 158
0 161
1 3
1 7
1 8
1 12
1 14
1 18
1 19
1 25
1 30
1 31
1 35
1 39
1 43
1 49
1 54
1 66
1 67
1 71
1 72
1 84
1 94
1 99
1 100
1 106
1 111
1 114
1 118
1 125
1 137
1 140
1 141
1 142
1 146
1 148
1 149
1 156
1 159
2 3
2 22
2 31
2 58
2 63
2 64
2 65
2 67
2 68
2 69
2 70
2 71
2 74
2 75
2 76
2 79
2 87
2 101
2 103
2 107
2 108
2 117
2 119
2 122
2 125
2 129
2 131
2 133
2 138
2 139
2 142
2 147
2 154
2 161
3 14
3 25
3 31
3 32
3 35
3 36
3 39
3 51
3 64
3 67
3 68
3 79
3 81
3 82
3 89
3 92
3 102
3 112
3 113
3 126
3 131
3 133
3 134
3 146
3 149
3 151
3 154
3 156
3 158
4 6
4 7
4 9
4 10
4 14
4 15
4 19
4 26
4 31
4 32
4 33
4 34
4 35
4 36
4 43
4 44
4 45
4 46
4 53
4 54
4 55
4 56
4 57
4 62
4 63
4 64
4 66
4 68
4 69
4 72
4 74
4 78
4 80
4 81
4 82
4 84
4 86
4 87
4 89
4 91
4 93
4 97
4 99
4 103
4 105
4 109
4 110
4 113
4 115
4 116
4 118
4 121
4 125
4 130
4 131
4 133
4 134
4 137
4 139
4 143
4 145
4 147
4 153
4 154
4 155
4 157
4 158
4 160
4 161
5 6
5 11
5 13
5 26
5 29
5 40
5 41
5 44
5 50
5 53
5 73
5 74
5 76
5 81
5 89
5 106
5 112
5 116
5 118
5 135
5 139
5 152
5 157
6 7
6 10
6 12
6 16
6 18
6 19
6 21
6 23
6 24
6 32
6 34
6 35
6 37
6 40
6 42
6 45
6 46
6 48
6 54
6 56
6 57
6 59
6 60
6 61
6 64
6 66
6 67
6 68
6 69
6 71
6 74
6 75
6 82
6 83
6 84
6 86
6 87
6 88
6 93
6 94
6 95
6 96
6 99
6 100
6 101
6 103
6 104
6 105
6 107
6 110
6 112
6 113
6 114
6 115
6 117
6 119
6 122
6 129
6 130
6 131
6 135
6 136
6 137
6 142
6 145
6 146
6 152
6 157
6 161
7 8
7 13
7 14
7 16
7 18
7 20
7 21
7 24
7 26
7 30
7 36
7 37
7 40
7 44
7 49
7 51
7 54
7 55
7 56
7 59
7 63
7 65
7 66
7 67
7 68
7 69
7 71
7 74
7 77
7 79
7 82
7 87
7 89
7 91
7 93
7 98
7 99
7 102
7 111
7 118
7 120
7 129
7 131
7 138
7 139
7 141
7 146
7 151
7 152
7 154
7 158
7 160
7 161
8 14
8 21
8 22
8 26
8 39
8 45
8 48
8 50
8 52
8 54
8 59
8 65
8 68
8 69
8 81
8 84
8 87
8 101
8 102
8 112
8 117
8 130
8 133
8 135
8 137
8 143
8 146
8 151
8 154
8 157
8 160
9 10
9 11
9 12
9 13
9 15
9 19
9 25
9 31
9 38
9 42
9 44
9 45
9 51
9 56
9 58
9 71
9 74
9 75
9 79
9 80
9 87
9 91
9 96
9 98
9 100
9 101
9 106
9 111
9 112
9 117
9 126
9 127
9 134
9 137
9 139
9 143
9 146
9 147
9 149
9 152
9 154
9 161
10 12
10 14
10 18
10 19
10 25
10 26
10 27
10 32
10 38
10 40
10 43
10 44
10 46
10 51
10 58
10 63
10 67
10 70
10 72
10 73
10 75
10 77
10 80
10 82
10 88
10 93
10 97
10 98
10 102
10 107
10 109
10 112
10 114
10 118
10 121
10 125
10 126
10 131
10 137
10 139
10 141
10 142
10 143
10 145
10 147
10 158
11 12
11 13
11 14
11 15
11 16
11 19
11 22
11 31
11 32
11 36
11 39
11 40
11 43
11 45
11 46
11 49
11 51
11 52
11 54
11 55
11 56
11 63
11 64
11 73
11 77
11 81
11 82
11 84
11 89
11 90
11 97
11 107
11 109
11 114
11 115
11 117
11 126
11 129
11 130
11 134
11 136
11 138
11 143
11 149
11 150
11 152
11 157
11 161
12 14
12 19
12 21
12 25
12 38
12 51
12 52
12 53
12 54
12 65
12 68
12 72
12 73
12 77
12 81
12 85
12 93
12 100
12 101
12 103
12 104
12 106
12 108
12 113
12 114
12 116
12 123
12 125
12 128
12 129
12 130
12 136
12 137
12 142
12 145
12 146
12 149
12 152
12 153
12 158
12 161
13 21
13 26
13 38
13 40
13 45
13 49
13 51
13 55
13 56
13 58
13 61
13 66
13 74
13 75
13 94
13 96
13 99
13 102
13 103
13 109
13 111
13 114
13 124
13 127
13 134
13 137
13 139
13 140
13 143
13 147
13 150
13 151
13 153
13 154
14 19
14 22
14 25
14 26
14 29
14 31
14 32
14 34
14 36
14 38
14 39
14 46
14 49
14 53
14 57
14 61
14 64
14 65
14 66
14 67
14 68
14 69
14 72
14 73
14 74
14 75
14 77
14 80
14 84
14 88
14 89
14 91
14 96
14 100
14 101
14 102
14 105
14 107
14 113
14 114
14 115
14 117
14 118
14 121
14 129
14 130
14 131
14 133
14 136
14 138
14 141
14 142
14 145
14 146
14 147
14 149
14 152
14 158
14 159
14 161
15 24
15 25
15 35
15 36
15 39
15 52
15 56
15 59
15 63
15 71
15 72
15 79
15 83
15 87
15 92
15 115
15 118
15 119
15 120
15 130
15 133
15 145
15 148
15 153
15 155
15 160
15 161
16 21
16 31
16 32
16 47
16 51
16 52
16 54
16 57
16 58
16 64
16 68
16 69
16 72
16 77
16 89
16 93
16 97
16 101
16 111
16 112
16 113
16 114
16 130
16 131
16 133
16 137
16 138
16 143
16 151
16 154
16 155
16 160
17 22
17 23
17 49
17 58
17 66
17 88
17 100
17 101
17 107
17 112
17 127
17 134
17 139
17 142
17 147
17 157
18 19
18 31
18 32
18 40
18 42
18 43
18 45
18 49
18 51
18 58
18 61
18 66
18 73
18 85
18 88
18 90
18 97
18 101
18 109
18 110
18 111
18 112
18 114
18 115
18 120
18 127
18 130
18 131
18 132
18 133
18 135
18 139
18 147
18 150
18 152
18 160
19 21
19 25
19 26
19 31
19 34
19 38
19 40
19 43
19 44
19 48
19 51
19 52
19 54
19 55
19 56
19 57
19 61
19 63
19 66
19 68
19 70
19 71
19 72
19 74
19 83
19 84
19 85
19 86
19 87
19 91
19 92
19 94
19 98
19 99
19 101
19 102
19 106
19 109
19 110
19 112
19 114
19 115
19 117
19 118
19 126
19 127
19 129
19 132
19 136
19 138
19 139
19 143
19 145
19 149
19 150
19 151
19 152
19 153
19 158
19 159
19 160
20 23
20 30
20 31
20 35
20 46
20 58
20 62
20 63
20 65
20 66
20 71
20 73
20 76
20 84
20 92
20 94
20 102
20 103
20 106
20 114
20 118
20 129
20 142
20 147
20 153
21 22
21 25
21 30
21 32
21 38
21 42
21 45
21 46
21 49
21 50
21 51
21 53
21 54
21 56
21 63
21 64
21 65
21 68
21 70
21 71
21 77
21 78
21 80
21 82
21 83
21 84
21 85
21 86
21 88
21 89
21 91
21 96
21 99
21 100
21 102
21 105
21 106
21 112
21 113
21 114
21 115
21 116
21 117
21 118
21 119
21 122
21 124
21 125
21 133
21 135
21 136
21 139
21 140
21 142
21 146
21 147
21 158
22 23
22 36
22 44
22 51
22 53
22 67
22 73
22 76
22 94
22 96
22 106
22 113
22 131
22 142
22 146
23 44
23 46
23 49
23 53
23 54
23 59
23 61
23 64
23 66
23 72
23 73
23 74
23 75
23 84
23 95
23 104
23 112
23 113
23 117
23 127
23 135
23 137
23 142
23 145
23 147
23 148
23 149
23 158
23 159
24 32
24 36
24 45
24 62
24 64
24 65
24 69
24 70
24 72
24 79
24 82
24 89
24 91
24 94
24 95
24 97
24 98
24 100
24 106
24 107
24 129
24 130
24 131
24 135
24 146
24 154
24 155
25 26
25 29
25 32
25 34
25 36
25 39
25 51
25 53
25 54
25 66
25 67
25 70
25 72
25 79
25 85
25 86
25 89
25 92
25 94
25 95
25 97
25 98
25 102
25 108
25 113
25 115
25 118
25 120
25 129
25 130
25 131
25 138
25 139
25 141
25 143
25 145
25 146
25 157
26 30
26 32
26 34
26 35
26 36
26 37
26 38
26 40
26 46
26 49
26 51
26 54
26 56
26 57
26 58
26 61
26 63
26 67
26 68
26 69
26 70
26 74
26 75
26 76
26 78
26 79
26 86
26 88
26 89
26 93
26 94
26 98
26 99
26 102
26 105
26 108
26 110
26 115
26 118
26 121
26 123
26 125
26 127
26 130
26 134
26 135
26 137
26 139
26 142
26 147
26 149
26 150
26 152
26 153
26 154
26 156
26 160
27 32
27 42
27 63
27 73
27 75
27 80
27 82
27 105
27 106
27 109
27 113
27 114
27 115
27 118
27 123
27 126
28 36
28 39
28 45
28 54
28 58
28 61
28 63
28 66
28 68
28 71
28 73
28 74
28 75
28 78
28 86
28 94
28 96
28 109
28 110
28 112
28 122
28 124
28 130
28 134
28 140
28 141
28 146
28 147
28 151
28 158
28 159
29 51
29 63
29 64
29 68
29 73
29 100
29 101
29 109
29 131
29 137
29 138
29 140
29 142
29 152
30 32
30 34
30 35
30 36
30 39
30 40
30 42
30 43
30 44
30 45
30 46
30 49
30 50
30 51
30 52
30 54
30 55
30 61
30 64
30 65
30 68
30 71
30 72
30 73
30 74
30 75
30 79
30 82
30 91
30 94
30 97
30 103
30 104
30 109
30 111
30 113
30 117
30 122
30 125
30 129
30 130
30 132
30 134
30 135
30 138
30 139
30 142
30 146
30 149
30 150
30 151
30 152
30 154
30 155
30 157
30 161
31 34
31 35
31 39
31 49
31 50
31 53
31 54
31 55
31 56
31 58
31 59
31 63
31 67
31 69
31 71
31 74
31 80
31 87
31 90
31 92
31 94
31 96
31 103
31 110
31 111
31 112
31 113
31 115
31 118
31 121
31 128
31 129
31 134
31 135
31 136
31 147
31 148
31 149
31 150
31 155
31 157
31 158
31 161
32 37
32 38
32 39
32 42
32 43
32 44
32 46
32 58
32 66
32 67
32 70
32 73
32 74
32 79
32 86
32 89
32 91
32 92
32 97
32 98
32 100
32 109
32 110
32 111
32 112
32 114
32 115
32 116
32 118
32 119
32 125
32 128
32 131
32 138
32 139
32 142
32 146
32 151
32 152
32 153
32 155
32 160
32 161
33 34
33 38
33 39
33 50
33 51
33 52
33 55
33 56
33 66
33 67
33 68
33 70
33 72
33 73
33 81
33 91
33 94
33 108
33 111
33 118
33 128
33 130
33 134
33 146
33 148
33 154
34 35
34 44
34 46
34 47
34 56
34 62
34 64
34 71
34 74
34 79
34 81
34 84
34 95
34 97
34 99
34 101
34 106
34 112
34 115
34 117
34 131
34 140
34 151
34 154
35 37
35 38
35 39
35 40
35 44
35 55
35 56
35 58
35 64
35 69
35 72
35 73
35 76
35 79
35 87
35 93
35 94
35 99
35 101
35 103
35 104
35 105
35 107
35 108
35 109
35 118
35 119
35 122
35 126
35 132
35 135
35 140
35 141
35 149
35 151
35 152
35 157
35 158
35 160
35 161
36 38
36 46
36 49
36 50
36 51
36 53
36 56
36 59
36 61
36 67
36 73
36 77
36 82
36 89
36 91
36 93
36 94
36 99
36 101
36 103
36 104
36 107
36 108
36 113
36 115
36 118
36 121
36 123
36 129
36 135
36 138
36 139
36 141
36 144
36 145
36 147
36 153
36 154
36 155
36 158
36 159
36 160
36 161
37 45
37 47
37 48
37 55
37 65
37 67
37 89
37 108
37 111
37 113
37 115
37 116
37 117
37 125
37 134
37 136
37 138
37 141
37 154
38 39
38 43
38 45
38 46
38 49
38 50
38 51
38 52
38 55
38 58
38 63
38 64
38 65
38 68
38 69
38 70
38 71
38 74
38 75
38 77
38 79
38 84
38 89
38 94
38 99
38 102
38 104
38 105
38 108
38 118
38 124
38 127
38 128
38 138
38 141
38 146
38 147
38 151
38 152
38 158
38 161
39 43
39 46
39 53
39 56
39 64
39 69
39 72
39 75
39 77
39 79
39 81
39 85
39 86
39 89
39 96
39 98
39 101
39 103
39 111
39 113
39 114
39 115
39 117
39 125
39 126
39 131
39 142
39 145
39 146
39 147
39 153
39 158
39 159
40 46
40 49
40 50
40 51
40 52
40 56
40 57
40 59
40 60
40 61
40 62
40 63
40 64
40 67
40 74
40 75
40 77
40 79
40 80
40 87
40 91
40 92
40 93
40 94
40 95
40 97
40 102
40 103
40 106
40 107
40 108
40 109
40 112
40 113
40 121
40 129
40 133
40 135
40 136
40 137
40 138
40 139
40 141
40 143
40 145
40 147
40 150
40 151
40 154
40 158
41 45
41 53
41 58
41 64
41 72
41 74
41 84
41 87
41 99
41 111
41 113
41 122
41 127
41 129
41 138
41 140
41 152
41 153
42 51
42 59
42 60
42 64
42 68
42 72
42 96
42 97
42 98
42 99
42 101
42 102
42 106
42 112
42 113
42 118
42 133
42 135
42 138
42 146
42 153
43 44
43 45
43 51
43 55
43 56
43 60
43 65
43 66
43 68
43 71
43 72
43 74
43 79
43 83
43 88
43 89
43 97
43 101
43 106
43 108
43 113
43 114
43 115
43 122
43 125
43 127
43 128
43 130
43 131
43 138
43 140
43 144
43 146
43 149
43 150
43 151
43 154
43 160
44 48
44 49
44 56
44 57
44 61
44 65
44 66
44 70
44 74
44 77
44 79
44 80
44 82
44 83
44 84
44 87
44 91
44 92
44 94
44 103
44 104
44 106
44 109
44 112
44 113
44 117
44 125
44 126
44 133
44 135
44 138
44 142
44 143
44 144
44 149
44 152
44 157
45 55
45 56
45 57
45 59
45 61
45 64
45 65
45 67
45 69
45 72
45 74
45 77
45 80
45 84
45 85
45 86
45 88
45 92
45 93
45 102
45 104
45 105
45 107
45 113
45 115
45 117
45 120
45 122
45 126
45 127
45 131
45 133
45 137
45 138
45 145
45 147
45 149
45 151
45 152
45 153
45 155
45 157
45 158
46 51
46 54
46 55
46 57
46 58
46 59
46 67
46 70
46 73
46 74
46 75
46 76
46 79
46 82
46 86
46 94
46 99
46 100
46 101
46 102
46 107
46 111
46 112
46 114
46 115
46 117
46 122
46 124
46 128
46 129
46 131
46 134
46 138
46 142
46 146
46 151
46 152
46 154
46 159
47 49
47 65
47 70
47 72
47 94
47 108
47 117
47 154
48 51
48 65
48 69
48 71
48 79
48 83
48 84
48 86
48 108
48 111
48 112
48 115
48 125
48 145
48 148
48 150
48 158
49 50
49 52
49 54
49 60
49 65
49 66
49 67
49 68
49 69
49 71
49 73
49 74
49 75
49 80
49 84
49 88
49 91
49 93
49 94
49 95
49 97
49 100
49 101
49 102
49 103
49 106
49 108
49 109
49 112
49 117
49 121
49 125
49 127
49 128
49 129
49 133
49 134
49 136
49 137
49 144
49 145
49 146
49 147
49 148
49 154
49 158
49 161
50 51
50 54
50 56
50 67
50 68
50 69
50 72
50 77
50 83
50 90
50 93
50 103
50 105
50 106
50 109
50 110
50 111
50 114
50 116
50 117
50 118
50 125
50 126
50 130
50 134
50 135
50 141
50 160
51 52
51 54
51 55
51 57
51 63
51 65
51 67
51 70
51 71
51 74
51 75
51 78
51 79
51 81
51 82
51 84
51 85
51 87
51 88
51 89
51 90
51 94
51 97
51 99
51 101
51 102
51 103
51 104
51 105
51 106
51 109
51 111
51 113
51 121
51 124
51 125
51 127
51 128
51 129
51 130
51 133
51 137
51 138
51 139
51 142
51 143
51 147
51 150
51 152
51 153
51 154
51 160
52 55
52 56
52 58
52 63
52 64
52 71
52 72
52 74
52 77
52 79
52 80
52 84
52 85
52 87
52 91
52 98
52 101
52 102
52 106
52 109
52 112
52 114
52 115
52 116
52 117
52 129
52 134
52 152
52 155
52 158
52 159
53 61
53 63
53 66
53 75
53 82
53 84
53 85
53 89
53 92
53 108
53 114
53 116
53 119
53 127
53 134
53 137
53 142
53 145
53 146
53 147
53 154
53 158
54 56
54 57
54 59
54 60
54 65
54 66
54 67
54 74
54 77
54 83
54 84
54 91
54 96
54 97
54 98
54 99
54 100
54 101
54 103
54 105
54 108
54 112
54 113
54 114
54 115
54 117
54 122
54 123
54 125
54 126
54 128
54 135
54 137
54 138
54 140
54 141
54 142
54 150
54 151
54 154
55 56
55 58
55 60
55 65
55 68
55 69
55 70
55 71
55 72
55 75
55 78
55 79
55 87
55 88
55 89
55 91
55 97
55 98
55 99
55 100
55 101
55 105
55 106
55 107
55 109
55 112
55 114
55 119
55 122
55 124
55 126
55 131
55 132
55 133
55 134
55 138
55 142
55 145
55 152
55 153
55 154
55 159
55 161
56 58
56 63
56 66
56 67
56 69
56 72
56 74
56 79
56 80
56 82
56 92
56 97
56 98
56 99
56 100
56 101
56 105
56 106
56 107
56 109
56 110
56 111
56 117
56 118
56 121
56 122
56 128
56 129
56 130
56 131
56 133
56 135
56 138
56 143
56 145
56 149
56 150
56 152
56 153
56 154
56 155
56 158
57 60
57 61
57 64
57 65
57 66
57 67
57 71
57 73
57 75
57 77
57 78
57 93
57 94
57 95
57 98
57 103
57 105
57 117
57 118
57 122
57 125
57 129
57 130
57 131
57 136
57 138
57 139
57 144
57 148
57 149
57 152
57 159
58 64
58 68
58 71
58 78
58 82
58 84
58 88
58 93
58 95
58 97
58 101
58 102
58 104
58 106
58 108
58 110
58 112
58 113
58 114
58 117
58 122
58 126
58 133
58 136
58 137
58 139
58 141
58 143
58 145
58 146
58 147
58 150
58 153
58 155
58 157
58 159
58 160
59 63
59 65
59 66
59 69
59 71
59 75
59 80
59 89
59 94
59 98
59 101
59 106
59 112
59 127
59 139
59 140
59 145
59 151
59 153
59 154
59 156
59 157
59 158
60 61
60 65
60 67
60 72
60 74
60 97
60 104
60 111
60 142
60 145
60 147
60 155
61 62
61 65
61 66
61 67
61 71
61 73
61 76
61 86
61 87
61 88
61 91
61 92
61 98
61 101
61 102
61 103
61 105
61 108
61 112
61 114
61 115
61 116
61 121
61 129
61 131
61 138
61 141
61 149
61 152
61 155
62 63
62 68
62 74
62 77
62 79
62 82
62 97
62 106
62 120
62 122
62 131
62 132
62 133
62 135
62 152
62 155
62 157
62 160
63 65
63 67
63 72
63 73
63 74
63 77
63 79
63 82
63 83
63 84
63 87
63 88
63 90
63 91
63 97
63 102
63 105
63 108
63 109
63 111
63 116
63 118
63 120
63 124
63 129
63 133
63 136
63 139
63 142
63 143
63 144
63 147
63 149
63 151
63 152
63 154
63 155
64 68
64 71
64 72
64 73
64 79
64 80
64 88
64 90
64 93
64 94
64 95
64 97
64 100
64 102
64 104
64 106
64 109
64 112
64 114
64 117
64 125
64 129
64 131
64 136
64 137
64 138
64 139
64 143
64 148
64 151
64 152
64 154
65 67
65 70
65 73
65 74
65 75
65 80
65 84
65 85
65 93
65 95
65 100
65 101
65 103
65 105
65 107
65 108
65 109
65 111
65 113
65 114
65 115
65 117
65 118
65 125
65 128
65 129
65 133
65 134
65 137
65 138
65 143
65 145
65 146
65 147
65 148
65 149
65 152
65 153
65 155
65 157
65 158
65 160
65 161
66 67
66 73
66 74
66 83
66 84
66 87
66 89
66 91
66 92
66 93
66 99
66 100
66 101
66 102
66 105
66 108
66 110
66 111
66 112
66 113
66 114
66 117
66 126
66 129
66 131
66 133
66 134
66 137
66 138
66 139
66 141
66 142
66 147
66 149
66 152
66 154
66 156
67 68
67 69
67 70
67 71
67 72
67 74
67 75
67 80
67 81
67 83
67 85
67 87
67 91
67 93
67 94
67 102
67 103
67 106
67 109
67 110
67 112
67 113
67 114
67 117
67 122
67 123
67 127
67 129
67 133
67 134
67 136
67 140
67 141
67 142
67 143
67 145
67 146
67 147
67 154
67 157
67 161
68 72
68 77
68 79
68 88
68 90
68 91
68 101
68 102
68 105
68 106
68 107
68 108
68 109
68 110
68 113
68 114
68 116
68 119
68 126
68 129
68 132
68 134
68 136
68 137
68 138
68 145
68 146
68 149
68 150
68 152
68 154
68 155
68 156
68 158
69 72
69 79
69 84
69 86
69 87
69 90
69 91
69 95
69 96
69 99
69 102
69 108
69 111
69 112
69 113
69 114
69 118
69 129
69 132
69 134
69 137
69 138
69 146
69 151
69 152
69 154
69 157
69 161
70 74
70 75
70 78
70 79
70 80
70 83
70 85
70 87
70 88
70 89
70 91
70 92
70 102
70 103
70 104
70 107
70 108
70 112
70 115
70 116
70 118
70 121
70 123
70 125
70 131
70 132
70 134
70 136
70 138
70 142
70 145
70 146
70 147
70 148
70 149
70 152
70 157
70 161
71 73
71 74
71 80
71 85
71 86
71 89
71 98
71 102
71 103
71 104
71 106
71 107
71 109
71 117
71 120
71 126
71 128
71 129
71 130
71 133
71 135
71 137
71 145
71 146
71 152
71 154
71 158
72 73
72 75
72 79
72 82
72 86
72 88
72 92
72 94
72 98
72 99
72 101
72 105
72 106
72 109
72 111
72 112
72 113
72 114
72 117
72 122
72 131
72 133
72 134
72 135
72 137
72 141
72 143
72 146
72 147
72 151
72 153
72 154
72 157
72 159
73 74
73 75
73 76
73 77
73 80
73 84
73 93
73 94
73 99
73 106
73 108
73 112
73 113
73 114
73 115
73 116
73 117
73 121
73 123
73 126
73 127
73 131
73 133
73 134
73 145
73 147
73 150
73 151
73 156
73 157
74 79
74 87
74 88
74 89
74 93
74 101
74 103
74 105
74 106
74 113
74 114
74 115
74 129
74 137
74 138
74 139
74 140
74 141
74 142
74 143
74 144
74 145
74 147
74 150
74 152
74 153
74 154
74 155
74 158
75 77
75 78
75 82
75 87
75 88
75 93
75 97
75 99
75 102
75 104
75 108
75 109
75 125
75 126
75 131
75 134
75 135
75 137
75 142
75 145
75 146
75 148
75 151
75 153
75 154
75 160
76 89
76 93
76 95
76 99
76 101
76 112
76 116
76 117
76 125
76 133
76 139
77 84
77 86
77 91
77 92
77 101
77 104
77 105
77 106
77 110
77 111
77 112
77 113
77 114
77 115
77 117
77 121
77 125
77 126
77 131
77 132
77 133
77 134
77 138
77 139
77 144
77 146
77 149
77 150
77 151
77 154
77 159
77 160
77 161
78 105
78 116
78 134
78 157
78 160
79 82
79 83
79 84
79 87
79 88
79 90
79 92
79 94
79 97
79 98
79 100
79 102
79 103
79 105
79 106
79 108
79 109
79 111
79 113
79 117
79 121
79 129
79 131
79 134
79 138
79 142
79 144
79 145
79 147
79 150
79 151
79 155
79 157
79 161
80 82
80 83
80 84
80 86
80 98
80 105
80 116
80 129
80 130
80 133
80 136
80 137
80 138
80 142
80 146
80 147
80 148
80 157
81 88
81 89
81 93
81 101
81 130
81 146
81 152
81 153
82 85
82 91
82 98
82 99
82 109
82 111
82 112
82 114
82 115
82 116
82 126
82 134
82 135
82 137
82 138
82 147
82 150
82 151
82 154
82 155
83 86
83 89
83 94
83 97
83 101
83 102
83 107
83 112
83 113
83 115
83 117
83 127
83 134
83 135
83 138
83 146
83 148
83 151
83 161
84 85
84 89
84 91
84 93
84 94
84 97
84 99
84 101
84 102
84 105
84 106
84 107
84 111
84 113
84 116
84 117
84 118
84 119
84 121
84 123
84 126
84 135
84 138
84 140
84 141
84 145
84 146
84 148
84 149
85 89
85 92
85 109
85 113
85 117
85 118
85 125
85 126
85 133
85 135
85 141
85 142
85 159
86 93
86 98
86 105
86 108
86 109
86 110
86 112
86 115
86 133
86 140
86 151
86 153
86 161
87 91
87 97
87 98
87 101
87 107
87 108
87 109
87 110
87 117
87 118
87 125
87 127
87 129
87 131
87 132
87 136
87 137
87 140
87 143
87 145
87 147
87 148
87 155
87 156
87 159
87 161
88 91
88 100
88 103
88 107
88 109
88 110
88 113
88 114
88 122
88 125
88 128
88 129
88 134
88 142
88 144
88 151
88 155
88 157
88 160
88 161
89 91
89 95
89 97
89 102
89 105
89 106
89 109
89 110
89 113
89 115
89 116
89 117
89 123
89 124
89 125
89 131
89 133
89 134
89 135
89 136
89 137
89 140
89 143
89 147
89 150
89 151
89 153
89 154
89 157
89 160
89 161
90 93
90 100
90 111
90 114
90 131
90 141
90 145
90 147
90 151
90 157
91 93
91 101
91 103
91 107
91 110
91 111
91 112
91 117
91 118
91 121
91 131
91 138
91 146
91 147
91 151
91 154
92 94
92 104
92 106
92 113
92 114
92 117
92 126
92 131
92 133
92 134
92 135
92 142
92 146
92 147
92 149
92 150
92 152
92 157
92 158
93 98
93 100
93 102
93 111
93 113
93 115
93 119
93 129
93 136
93 137
93 140
93 141
93 143
93 145
93 147
93 154
93 155
93 157
94 97
94 99
94 100
94 102
94 104
94 105
94 108
94 111
94 113
94 117
94 118
94 121
94 124
94 127
94 128
94 129
94 133
94 134
94 135
94 137
94 138
94 139
94 140
94 142
94 144
94 149
94 151
94 152
94 154
94 157
94 158
95 121
95 129
95 137
95 138
95 139
95 147
95 150
95 157
96 100
96 101
96 104
96 114
96 118
96 124
96 135
96 137
96 139
96 147
96 158
96 160
97 101
97 102
97 103
97 104
97 107
97 108
97 109
97 114
97 115
97 126
97 129
97 130
97 131
97 141
97 145
97 146
97 150
97 152
97 155
97 156
97 158
97 160
97 161
98 101
98 103
98 105
98 106
98 107
98 108
98 109
98 110
98 113
98 116
98 126
98 127
98 134
98 135
98 143
98 152
98 157
98 158
98 159
98 161
99 101
99 105
99 106
99 108
99 109
99 112
99 115
99 116
99 117
99 118
99 123
99 125
99 133
99 138
99 140
99 141
99 146
99 150
99 151
99 153
99 154
99 158
100 101
100 102
100 108
100 112
100 117
100 129
100 132
100 134
100 137
100 138
100 140
100 141
100 142
100 151
100 153
100 157
101 102
101 103
101 106
101 108
101 109
101 113
101 115
101 120
101 121
101 123
101 126
101 127
101 129
101 130
101 133
101 134
101 135
101 137
101 138
101 139
101 144
101 147
101 149
101 151
101 160
101 161
102 109
102 113
102 114
102 116
102 125
102 127
102 131
102 132
102 133
102 135
102 139
102 140
102 145
102 147
102 151
102 155
102 160
102 161
103 106
103 108
103 109
103 111
103 112
103 118
103 133
103 136
103 144
103 147
103 152
103 155
103 157
104 110
104 113
104 114
104 119
104 129
104 143
104 146
104 147
104 149
104 150
104 152
104 154
104 159
105 109
105 113
105 116
105 129
105 133
105 134
105 147
105 149
105 152
105 153
105 155
105 157
105 159
105 161
106 109
106 111
106 112
106 117
106 121
106 125
106 130
106 132
106 133
106 134
106 136
106 146
106 147
106 149
106 151
106 152
106 155
106 156
106 157
106 158
106 160
107 108
107 109
107 116
107 118
107 122
107 128
107 136
107 138
107 139
107 142
107 153
107 158
107 160
108 112
108 122
108 125
108 126
108 128
108 129
108 131
108 132
108 133
108 134
108 141
108 142
108 145
108 147
108 151
108 153
108 160
109 112
109 113
109 115
109 117
109 118
109 124
109 126
109 129
109 130
109 131
109 135
109 142
109 143
109 144
109 146
109 147
109 150
109 152
109 154
109 159
109 160
110 112
110 124
110 128
110 134
110 142
110 147
111 115
111 116
111 117
111 122
111 129
111 131
111 133
111 138
111 145
111 146
111 157
112 114
112 115
112 116
112 124
112 125
112 129
112 130
112 134
112 137
112 138
112 142
112 143
112 146
112 149
112 150
112 152
112 157
112 161
113 115
113 116
113 117
113 118
113 122
113 125
113 126
113 127
113 133
113 134
113 136
113 145
113 146
113 150
113 152
113 154
113 156
113 158
113 160
114 123
114 125
114 130
114 133
114 137
114 138
114 140
114 141
114 143
114 145
114 147
114 150
114 154
114 155
114 160
114 161
115 117
115 118
115 127
115 128
115 129
115 130
115 131
115 132
115 133
115 135
115 138
115 139
115 140
115 145
115 146
115 147
115 151
115 153
115 154
115 157
115 158
115 159
116 118
116 130
116 135
116 152
117 121
117 127
117 129
117 136
117 138
117 139
117 146
117 147
117 148
117 151
117 152
117 153
117 154
117 156
117 157
117 158
118 121
118 124
118 126
118 128
118 129
118 130
118 131
118 133
118 134
118 152
118 154
118 158
118 160
118 161
119 130
119 137
119 143
119 145
119 152
120 125
120 135
120 138
120 145
120 146
120 150
120 158
121 129
121 141
121 146
121 150
121 152
121 154
122 125
122 134
122 136
122 137
122 139
122 141
122 142
122 143
122 145
122 150
123 129
123 137
123 145
124 127
124 133
124 134
124 135
124 137
124 138
124 145
124 150
125 126
125 127
125 129
125 130
125 137
125 139
125 142
125 145
125 146
125 149
125 152
125 153
125 154
126 132
126 133
126 139
126 142
126 152
126 154
126 157
127 129
127 133
127 135
127 136
127 137
127 143
127 145
127 149
127 152
127 154
128 129
128 136
128 137
128 147
128 154
128 160
129 131
129 134
129 135
129 136
129 137
129 139
129 142
129 145
129 146
129 147
129 150
129 152
129 154
129 158
129 159
129 161
130 133
130 145
130 146
130 157
131 137
131 139
131 140
131 141
131 145
131 147
131 149
131 152
131 153
131 155
131 157
131 158
131 161
132 133
132 134
132 137
132 153
132 154
132 158
133 134
133 137
133 138
133 142
133 145
133 147
133 152
133 153
133 154
133 155
133 157
133 158
134 135
134 138
134 142
134 149
134 150
134 151
134 152
134 159
135 137
135 138
135 142
135 143
135 145
135 146
135 152
135 153
135 155
135 159
136 140
136 142
136 143
136 157
137 141
137 142
137 145
137 146
137 148
137 149
137 150
137 151
137 152
137 153
137 158
137 159
138 139
138 141
138 144
138 145
138 149
138 153
139 141
139 142
139 144
139 145
139 151
139 160
139 161
140 149
140 150
140 152
140 156
140 157
141 150
141 153
141 154
141 155
141 157
141 159
142 143
142 144
142 145
142 147
142 152
142 154
142 157
142 160
142 161
143 147
143 150
143 151
143 153
144 157
145 146
145 157
145 161
146 153
146 154
146 155
146 158
146 159
147 149
147 150
147 151
147 152
147 155
147 158
148 151
148 154
148 157
148 159
149 152
149 155
150 151
150 152
151 154
151 155
151 157
151 158
151 159
151 161
152 153
152 155
152 157
152 159
153 159
153 160
154 159
155 159
155 160
157 158
157 159
159 160
