0 7
0 14
0 19
0 22
0 29
0 31
0 32
0 33
0 34
0 38
0 42
0 45
0 50
0 56
0 58
0 63
0 64
0 67
0 68
0 75
0 77
0 81
0 84
0 85
0 98
0 103
0 104
0 106
0 107
0 110
0 113
0 116
0 122
0 131
0 133
0 142
0 147
0 148
0 153
0 155
0 157
1 6
1 7
1 9
1 14
1 16
1 18
1 25
1 32
1 40
1 41
1 43
1 44
1 48
1 55
1 58
1 67
1 68
1 71
1 72
1 73
1 75
1 79
1 81
1 82
1 84
1 88
1 91
1 93
1 94
1 98
1 102
1 105
1 108
1 109
1 111
1 121
1 124
1 131
1 136
1 145
1 147
1 154
1 156
1 159
1 161
2 6
2 25
2 31
2 32
2 39
2 40
2 41
2 54
2 56
2 66
2 70
2 73
2 83
2 93
2 97
2 101
2 108
2 115
2 116
2 118
2 125
2 129
2 133
2 134
2 137
2 138
2 147
2 148
2 149
2 152
3 5
3 7
3 8
3 12
3 14
3 18
3 20
3 25
3 31
3 36
3 44
3 45
3 49
3 55
3 65
3 69
3 74
3 75
3 97
3 105
3 106
3 111
3 112
3 114
3 116
3 117
3 118
3 147
3 148
3 150
3 158
4 7
4 9
4 11
4 12
4 13
4 14
4 20
4 21
4 26
4 28
4 30
4 38
4 39
4 40
4 43
4 45
4 46
4 48
4 51
4 52
4 54
4 55
4 56
4 59
4 61
4 62
4 63
4 64
4 66
4 67
4 68
4 73
4 75
4 77
4 80
4 82
4 83
4 84
4 86
4 89
4 90
4 91
4 93
4 99
4 101
4 102
4 105
4 110
4 112
4 113
4 114
4 122
4 125
4 126
4 127
4 128
4 129
4 131
4 135
4 137
4 138
4 145
4 146
4 147
4 149
4 150
4 152
4 155
4 157
4 159
4 160
5 6
5 29
5 46
5 51
5 55
5 69
5 85
5 91
5 97
5 101
5 102
5 105
5 106
5 107
5 115
5 117
5 119
5 125
5 139
5 151
5 152
5 161
6 8
6 9
6 11
6 13
6 16
6 18
6 19
6 20
6 25
6 26
6 31
6 32
6 34
6 40
6 42
6 43
6 44
6 49
6 51
6 54
6 56
6 58
6 61
6 66
6 67
6 69
6 70
6 72
6 79
6 80
6 88
6 89
6 90
6 91
6 92
6 94
6 97
6 99
6 102
6 105
6 109
6 112
6 113
6 115
6 117
6 121
6 124
6 125
6 126
6 131
6 134
6 137
6 138
6 139
6 141
6 142
6 144
6 145
6 147
6 148
6 152
6 153
6 154
6 155
6 158
7 12
7 15
7 17
7 20
7 22
7 29
7 34
7 36
7 37
7 38
7 42
7 44
7 49
7 50
7 54
7 56
7 57
7 58
7 61
7 63
7 66
7 67
7 69
7 72
7 74
7 77
7 81
7 84
7 85
7 87
7 89
7 90
7 92
7 93
7 100
7 101
7 102
7 106
7 110
7 113
7 115
7 118
7 122
7 126
7 128
7 129
7 134
7 136
7 138
7 141
7 152
7 153
7 154
7 160
8 15
8 19
8 38
8 39
8 40
8 51
8 56
8 63
8 64
8 72
8 74
8 75
8 77
8 80
8 101
8 108
8 111
8 112
8 117
8 122
8 145
8 149
9 10
9 17
9 20
9 24
9 25
9 26
9 30
9 31
9 33
9 34
9 39
9 40
9 41
9 46
9 49
9 50
9 51
9 53
9 54
9 59
9 62
9 70
9 71
9 72
9 73
9 75
9 77
9 80
9 82
9 86
9 87
9 92
9 93
9 96
9 97
9 99
9 100
9 104
9 106
9 108
9 109
9 110
9 111
9 122
9 124
9 129
9 131
9 135
9 137
9 138
9 139
9 140
9 142
9 143
9 145
9 146
9 154
9 156
9 157
10 17
10 19
10 31
10 33
10 39
10 40
10 43
10 46
10 52
10 58
10 63
10 65
10 67
10 73
10 76
10 77
10 78
10 79
10 80
10 83
10 84
10 91
10 94
10 99
10 100
10 101
10 103
10 105
10 106
10 114
10 115
10 117
10 121
10 122
10 126
10 129
10 134
10 138
10 141
10 142
10 143
10 146
10 152
10 154
10 159
10 160
11 12
11 14
11 20
11 22
11 25
11 26
11 29
11 32
11 34
11 40
11 49
11 55
11 57
11 59
11 60
11 64
11 67
11 68
11 71
11 72
11 74
11 75
11 77
11 84
11 87
11 89
11 97
11 99
11 100
11 101
11 102
11 106
11 115
11 117
11 131
11 132
11 133
11 134
11 137
11 139
11 143
11 146
11 147
11 150
11 152
11 156
11 157
12 15
12 16
12 18
12 19
12 31
12 32
12 35
12 38
12 39
12 67
12 69
12 70
12 77
12 79
12 84
12 85
12 86
12 87
12 91
12 97
12 109
12 120
12 126
12 127
12 133
12 134
12 141
12 148
12 151
12 152
12 153
12 154
13 15
13 16
13 21
13 25
13 26
13 30
13 34
13 35
13 37
13 44
13 51
13 52
13 55
13 58
13 59
13 69
13 70
13 72
13 75
13 79
13 86
13 91
13 92
13 94
13 99
13 102
13 108
13 117
13 118
13 122
13 126
13 132
13 145
13 147
13 148
14 18
14 21
14 26
14 28
14 30
14 33
14 35
14 36
14 39
14 45
14 50
14 51
14 52
14 53
14 54
14 55
14 56
14 59
14 63
14 64
14 65
14 66
14 67
14 74
14 75
14 77
14 78
14 84
14 89
14 91
14 93
14 94
14 97
14 99
14 100
14 101
14 103
14 105
14 109
14 111
14 112
14 113
14 115
14 116
14 117
14 118
14 119
14 120
14 126
14 127
14 129
14 131
14 133
14 134
14 141
14 142
14 143
14 147
14 149
14 151
14 153
14 154
14 161
15 31
15 36
15 42
15 44
15 64
15 68
15 70
15 89
15 107
15 108
15 112
15 116
15 121
15 123
15 125
15 130
15 145
15 148
15 158
15 160
16 19
16 31
16 50
16 53
16 55
16 64
16 66
16 67
16 69
16 73
16 75
16 79
16 84
16 87
16 89
16 94
16 101
16 106
16 108
16 115
16 117
16 124
16 125
16 128
16 140
16 145
16 147
16 154
16 157
17 18
17 21
17 30
17 31
17 38
17 56
17 62
17 67
17 68
17 70
17 71
17 74
17 75
17 77
17 151
17 152
17 161
18 25
18 33
18 36
18 40
18 44
18 45
18 46
18 51
18 58
18 71
18 73
18 77
18 86
18 87
18 88
18 89
18 96
18 98
18 101
18 105
18 114
18 115
18 116
18 127
18 128
18 129
18 130
18 135
18 138
18 139
18 147
18 150
19 22
19 24
19 26
19 28
19 32
19 34
19 36
19 42
19 43
19 44
19 47
19 54
19 55
19 58
19 59
19 60
19 64
19 65
19 68
19 72
19 73
19 75
19 80
19 83
19 88
19 90
19 92
19 94
19 101
19 109
19 114
19 117
19 126
19 127
19 128
19 129
19 133
19 136
19 137
19 138
19 140
19 144
19 149
19 151
19 152
19 153
19 157
19 158
20 22
20 30
20 31
20 36
20 41
20 44
20 54
20 55
20 61
20 64
20 79
20 83
20 85
20 89
20 102
20 113
20 115
20 117
20 118
20 129
20 138
20 139
20 145
20 153
20 154
21 26
21 30
21 35
21 36
21 37
21 38
21 45
21 46
21 49
21 51
21 52
21 54
21 58
21 59
21 63
21 67
21 69
21 70
21 72
21 79
21 85
21 91
21 94
21 95
21 96
21 98
21 101
21 103
21 105
21 106
21 108
21 109
21 110
21 113
21 114
21 115
21 116
21 118
21 125
21 130
21 137
21 138
21 140
21 141
21 144
21 145
21 150
21 152
21 157
21 158
21 160
21 161
22 24
22 32
22 43
22 49
22 63
22 64
22 65
22 68
22 72
22 77
22 78
22 93
22 94
22 98
22 100
22 101
22 102
22 105
22 106
22 115
22 120
22 125
22 128
22 131
22 133
22 134
22 135
22 136
22 137
22 155
22 161
23 28
23 43
23 45
23 49
23 59
23 63
23 66
23 69
23 71
23 80
23 86
23 94
23 98
23 100
23 108
23 114
23 118
23 126
23 129
23 131
23 133
23 135
23 137
23 142
23 147
23 153
23 154
23 158
23 160
23 161
24 26
24 32
24 35
24 36
24 38
24 49
24 56
24 69
24 70
24 71
24 73
24 79
24 84
24 89
24 94
24 103
24 110
24 113
24 114
24 125
24 140
24 141
24 147
24 150
24 158
25 26
25 30
25 32
25 38
25 46
25 50
25 51
25 52
25 54
25 56
25 58
25 63
25 65
25 68
25 69
25 70
25 71
25 73
25 74
25 76
25 79
25 80
25 86
25 89
25 90
25 93
25 94
25 96
25 97
25 98
25 99
25 101
25 102
25 103
25 106
25 112
25 114
25 115
25 116
25 119
25 121
25 129
25 138
25 142
25 145
25 153
25 154
26 31
26 32
26 33
26 34
26 35
26 39
26 42
26 43
26 44
26 46
26 51
26 57
26 58
26 62
26 65
26 69
26 71
26 74
26 75
26 77
26 78
26 85
26 94
26 97
26 98
26 100
26 101
26 102
26 103
26 104
26 105
26 110
26 112
26 113
26 115
26 116
26 119
26 121
26 122
26 130
26 133
26 134
26 137
26 138
26 139
26 142
26 143
26 146
26 147
26 152
26 153
26 154
26 157
27 40
27 50
27 65
27 68
27 73
27 90
27 96
27 107
27 117
27 124
27 128
27 142
28 31
28 34
28 36
28 43
28 51
28 53
28 54
28 68
28 76
28 77
28 79
28 106
28 108
28 117
28 118
28 130
28 140
28 147
28 156
29 32
29 33
29 39
29 51
29 58
29 66
29 68
29 71
29 81
29 85
29 86
29 97
29 101
29 103
29 108
29 111
29 115
29 126
29 135
29 151
29 153
30 31
30 32
30 35
30 39
30 40
30 42
30 45
30 48
30 53
30 54
30 55
30 56
30 57
30 59
30 60
30 61
30 63
30 67
30 68
30 69
30 72
30 74
30 75
30 77
30 83
30 89
30 94
30 97
30 101
30 102
30 103
30 105
30 106
30 108
30 109
30 111
30 113
30 119
30 122
30 126
30 131
30 133
30 134
30 138
30 142
30 145
30 146
30 147
30 150
30 151
30 152
30 153
30 154
30 158
30 161
31 32
31 33
31 35
31 37
31 43
31 48
31 49
31 51
31 57
31 60
31 61
31 63
31 65
31 68
31 69
31 72
31 73
31 74
31 75
31 80
31 83
31 84
31 85
31 86
31 91
31 95
31 97
31 98
31 99
31 102
31 106
31 109
31 112
31 114
31 115
31 117
31 118
31 125
31 126
31 127
31 133
31 135
31 137
31 138
31 139
31 141
31 145
31 146
31 147
31 150
31 154
31 157
31 158
31 159
32 36
32 42
32 43
32 45
32 49
32 50
32 51
32 55
32 58
32 60
32 61
32 63
32 65
32 72
32 79
32 82
32 83
32 87
32 91
32 94
32 97
32 99
32 100
32 101
32 106
32 108
32 109
32 110
32 112
32 113
32 115
32 118
32 123
32 128
32 130
32 131
32 132
32 134
32 136
32 137
32 138
32 142
32 144
32 146
32 147
32 148
32 149
32 153
32 154
32 157
32 158
32 159
33 50
33 51
33 53
33 54
33 56
33 58
33 67
33 69
33 71
33 77
33 81
33 83
33 90
33 91
33 94
33 99
33 101
33 106
33 110
33 114
33 117
33 127
33 134
33 136
33 139
33 141
33 143
33 151
33 159
33 160
34 35
34 36
34 38
34 43
34 44
34 45
34 49
34 50
34 66
34 70
34 71
34 80
34 83
34 89
34 97
34 98
34 101
34 102
34 103
34 105
34 106
34 108
34 112
34 117
34 118
34 127
34 129
34 132
34 135
34 152
34 157
35 38
35 44
35 54
35 61
35 63
35 67
35 72
35 73
35 75
35 77
35 80
35 89
35 90
35 91
35 96
35 98
35 102
35 106
35 108
35 109
35 115
35 117
35 125
35 129
35 132
35 134
35 141
35 142
35 145
35 148
35 149
35 153
35 158
35 159
35 161
36 38
36 40
36 45
36 46
36 49
36 51
36 54
36 55
36 56
36 57
36 58
36 60
36 61
36 63
36 65
36 68
36 70
36 72
36 77
36 83
36 87
36 88
36 89
36 91
36 94
36 98
36 100
36 106
36 107
36 109
36 112
36 114
36 115
36 128
36 133
36 137
36 138
36 142
36 143
36 145
36 146
36 151
36 152
36 153
36 161
37 38
37 44
37 45
37 49
37 51
37 54
37 56
37 61
37 67
37 68
37 69
37 72
37 82
37 100
37 103
37 106
37 114
37 126
37 128
37 129
37 133
37 136
37 138
37 142
37 147
37 151
37 153
37 160
38 40
38 44
38 45
38 46
38 50
38 51
38 52
38 55
38 56
38 58
38 61
38 65
38 68
38 73
38 74
38 75
38 77
38 84
38 89
38 98
38 101
38 102
38 106
38 109
38 112
38 113
38 114
38 116
38 121
38 128
38 132
38 133
38 139
38 140
38 141
38 142
38 148
38 152
38 153
38 161
39 40
39 42
39 45
39 49
39 62
39 65
39 69
39 74
39 77
39 79
39 86
39 87
39 94
39 95
39 102
39 106
39 107
39 114
39 117
39 126
39 129
39 131
39 133
39 134
39 136
39 138
39 139
39 145
39 147
39 149
39 152
39 153
39 154
39 158
40 45
40 49
40 51
40 56
40 63
40 64
40 65
40 66
40 67
40 73
40 74
40 76
40 77
40 79
40 81
40 82
40 85
40 88
40 92
40 93
40 94
40 102
40 103
40 107
40 108
40 113
40 114
40 116
40 117
40 118
40 121
40 129
40 131
40 132
40 133
40 135
40 136
40 138
40 144
40 147
40 151
40 152
40 156
40 159
40 161
41 50
41 60
41 72
41 93
41 94
41 101
41 110
41 125
41 127
41 130
41 131
41 137
41 138
41 149
41 152
41 158
42 48
42 49
42 51
42 54
42 56
42 63
42 70
42 79
42 84
42 86
42 87
42 88
42 91
42 93
42 98
42 101
42 102
42 106
42 113
42 118
42 123
42 130
42 131
42 137
42 139
42 143
42 145
42 146
42 151
42 158
42 159
42 161
43 45
43 46
43 52
43 54
43 55
43 57
43 58
43 63
43 68
43 69
43 74
43 75
43 79
43 80
43 85
43 86
43 89
43 91
43 93
43 104
43 106
43 107
43 115
43 117
43 118
43 121
43 125
43 127
43 130
43 131
43 133
43 137
43 138
43 142
43 146
43 147
43 148
43 149
43 150
43 151
43 158
43 159
44 45
44 47
44 54
44 55
44 56
44 61
44 65
44 69
44 70
44 71
44 74
44 77
44 87
44 88
44 89
44 94
44 97
44 100
44 101
44 103
44 107
44 111
44 113
44 114
44 115
44 117
44 125
44 127
44 129
44 130
44 131
44 133
44 134
44 135
44 139
44 141
44 147
44 148
44 154
44 158
44 161
45 46
45 50
45 53
45 56
45 63
45 64
45 65
45 67
45 68
45 69
45 70
45 74
45 77
45 81
45 84
45 85
45 86
45 88
45 89
45 91
45 92
45 100
45 102
45 107
45 112
45 114
45 115
45 123
45 131
45 133
45 138
45 139
45 142
45 143
45 145
45 150
45 152
45 154
45 157
45 158
45 159
45 160
46 48
46 52
46 53
46 54
46 67
46 68
46 72
46 73
46 74
46 75
46 77
46 79
46 80
46 84
46 87
46 89
46 90
46 93
46 95
46 97
46 98
46 99
46 101
46 114
46 115
46 116
46 131
46 134
46 140
46 142
46 143
46 147
46 150
46 151
46 152
46 158
46 161
47 49
47 63
47 68
47 75
47 101
47 118
47 145
47 161
48 53
48 62
48 64
48 65
48 66
48 79
48 85
48 94
48 101
48 102
48 103
48 104
48 106
48 108
48 113
48 125
48 139
48 142
48 145
49 51
49 54
49 69
49 70
49 71
49 72
49 74
49 77
49 78
49 81
49 87
49 89
49 91
49 93
49 94
49 106
49 107
49 111
49 112
49 116
49 118
49 121
49 125
49 127
49 129
49 133
49 134
49 135
49 138
49 139
49 143
49 146
49 148
49 151
49 152
49 153
49 159
49 161
50 51
50 54
50 55
50 59
50 61
50 63
50 65
50 66
50 68
50 69
50 73
50 74
50 76
50 77
50 80
50 81
50 82
50 84
50 87
50 88
50 98
50 106
50 108
50 109
50 113
50 114
50 115
50 117
50 118
50 123
50 127
50 129
50 133
50 140
50 144
50 150
50 152
50 153
50 154
50 155
50 158
51 52
51 53
51 54
51 57
51 58
51 59
51 62
51 63
51 66
51 67
51 68
51 69
51 72
51 75
51 77
51 80
51 82
51 86
51 87
51 89
51 90
51 93
51 101
51 102
51 105
51 110
51 111
51 113
51 115
51 117
51 119
51 121
51 122
51 129
51 130
51 133
51 134
51 135
51 137
51 142
51 143
51 145
51 149
51 152
51 153
51 154
51 155
51 157
51 159
51 160
51 161
52 56
52 58
52 61
52 62
52 66
52 68
52 97
52 99
52 106
52 108
52 115
52 118
52 124
52 129
52 131
52 133
52 137
52 138
52 141
52 142
52 148
52 153
52 158
52 160
53 56
53 65
53 68
53 69
53 71
53 75
53 77
53 79
53 80
53 85
53 101
53 102
53 106
53 115
53 126
53 127
53 128
53 141
53 158
53 161
54 55
54 57
54 64
54 66
54 67
54 70
54 73
54 74
54 75
54 82
54 85
54 88
54 89
54 90
54 92
54 93
54 94
54 97
54 99
54 102
54 103
54 106
54 107
54 113
54 114
54 115
54 120
54 130
54 132
54 133
54 134
54 137
54 139
54 144
54 147
54 148
54 150
54 151
54 153
54 154
54 157
54 158
54 159
54 161
55 56
55 59
55 67
55 70
55 71
55 80
55 85
55 87
55 88
55 89
55 94
55 108
55 110
55 112
55 113
55 114
55 115
55 116
55 117
55 122
55 126
55 134
55 138
55 147
55 149
55 151
55 153
55 154
55 158
55 160
55 161
56 63
56 64
56 65
56 67
56 70
56 71
56 73
56 74
56 79
56 84
56 89
56 91
56 97
56 98
56 103
56 104
56 105
56 108
56 110
56 112
56 114
56 115
56 120
56 122
56 124
56 126
56 128
56 135
56 139
56 142
56 145
56 146
56 147
56 151
56 154
56 156
56 158
57 62
57 65
57 67
57 68
57 70
57 71
57 73
57 79
57 84
57 94
57 99
57 103
57 108
57 110
57 114
57 123
57 128
57 132
57 133
57 138
57 141
57 152
57 157
57 158
58 59
58 60
58 66
58 68
58 70
58 71
58 73
58 74
58 75
58 79
58 87
58 88
58 94
58 101
58 102
58 103
58 107
58 108
58 111
58 112
58 114
58 115
58 117
58 118
58 119
58 124
58 128
58 129
58 130
58 131
58 141
58 144
58 145
58 147
58 151
58 154
58 155
58 158
58 159
58 161
59 67
59 68
59 70
59 76
59 77
59 79
59 83
59 85
59 86
59 89
59 91
59 101
59 102
59 112
59 113
59 114
59 117
59 127
59 129
59 137
59 141
59 145
59 146
59 150
59 151
59 152
59 154
59 159
59 160
59 161
60 66
60 68
60 71
60 74
60 81
60 101
60 102
60 108
60 117
60 120
60 140
60 143
61 64
61 65
61 66
61 67
61 68
61 72
61 74
61 79
61 84
61 89
61 95
61 101
61 102
61 104
61 106
61 108
61 110
61 111
61 113
61 114
61 115
61 116
61 124
61 130
61 133
61 138
61 139
61 143
61 145
61 146
61 149
61 151
61 152
61 157
62 64
62 70
62 74
62 75
62 80
62 82
62 102
62 105
62 110
62 114
62 115
62 116
62 117
62 152
62 155
63 66
63 68
63 70
63 73
63 76
63 79
63 83
63 85
63 86
63 87
63 93
63 97
63 99
63 101
63 103
63 109
63 111
63 112
63 115
63 117
63 118
63 120
63 122
63 125
63 134
63 136
63 142
63 146
63 148
63 149
63 151
63 152
63 157
63 158
63 159
63 161
64 71
64 72
64 73
64 74
64 82
64 83
64 84
64 92
64 93
64 94
64 97
64 99
64 101
64 107
64 109
64 111
64 112
64 113
64 117
64 118
64 120
64 124
64 125
64 131
64 134
64 137
64 141
64 142
64 146
64 147
64 152
64 153
64 154
64 158
64 160
64 161
65 67
65 68
65 69
65 72
65 74
65 77
65 79
65 82
65 83
65 85
65 86
65 88
65 93
65 95
65 105
65 106
65 108
65 109
65 112
65 113
65 114
65 121
65 124
65 125
65 128
65 131
65 134
65 135
65 136
65 138
65 139
65 141
65 142
65 143
65 147
65 150
65 153
65 155
65 156
65 157
65 158
65 160
66 67
66 68
66 69
66 71
66 94
66 103
66 104
66 105
66 107
66 110
66 111
66 113
66 114
66 117
66 125
66 130
66 131
66 133
66 134
66 135
66 137
66 138
66 143
66 150
66 153
66 155
66 158
66 160
67 69
67 70
67 72
67 73
67 84
67 91
67 92
67 100
67 106
67 107
67 108
67 111
67 112
67 113
67 114
67 121
67 125
67 126
67 128
67 129
67 131
67 136
67 137
67 139
67 140
67 141
67 142
67 146
67 147
67 149
67 150
67 151
67 152
67 153
67 154
67 160
67 161
68 69
68 70
68 72
68 73
68 74
68 75
68 76
68 79
68 83
68 86
68 94
68 95
68 97
68 98
68 102
68 106
68 108
68 111
68 113
68 114
68 115
68 116
68 118
68 126
68 129
68 130
68 131
68 133
68 139
68 141
68 142
68 143
68 145
68 149
68 150
68 151
68 152
68 158
68 160
68 161
69 70
69 71
69 75
69 84
69 89
69 91
69 92
69 94
69 101
69 102
69 105
69 108
69 109
69 111
69 112
69 114
69 116
69 117
69 118
69 125
69 129
69 134
69 135
69 136
69 137
69 139
69 141
69 142
69 147
69 150
69 152
69 153
69 156
69 161
70 71
70 72
70 75
70 77
70 79
70 81
70 89
70 91
70 92
70 96
70 100
70 101
70 103
70 106
70 108
70 112
70 113
70 123
70 128
70 129
70 131
70 134
70 137
70 147
70 152
70 154
70 157
70 159
71 73
71 80
71 84
71 87
71 88
71 89
71 91
71 97
71 99
71 100
71 101
71 102
71 105
71 107
71 114
71 122
71 131
71 135
71 137
71 142
71 146
71 147
71 152
71 154
71 157
71 159
71 161
72 73
72 81
72 82
72 83
72 84
72 85
72 87
72 92
72 98
72 101
72 102
72 103
72 106
72 108
72 109
72 112
72 117
72 118
72 121
72 125
72 129
72 130
72 131
72 133
72 136
72 139
72 140
72 143
72 146
72 147
72 149
72 150
72 152
72 155
72 158
72 159
72 161
73 76
73 77
73 78
73 83
73 84
73 87
73 94
73 97
73 106
73 113
73 115
73 116
73 118
73 119
73 122
73 125
73 129
73 130
73 134
73 137
73 138
73 147
73 152
73 154
73 157
73 159
73 161
74 75
74 76
74 79
74 87
74 89
74 91
74 93
74 94
74 97
74 101
74 102
74 103
74 105
74 106
74 108
74 109
74 110
74 111
74 112
74 113
74 115
74 118
74 127
74 128
74 131
74 133
74 134
74 135
74 137
74 138
74 142
74 143
74 145
74 147
74 153
74 154
74 160
75 76
75 80
75 82
75 85
75 87
75 89
75 94
75 97
75 98
75 101
75 102
75 106
75 113
75 114
75 122
75 129
75 133
75 145
75 147
75 151
76 78
76 84
76 86
76 93
76 94
76 102
76 104
76 108
76 115
76 125
76 128
76 136
76 141
76 147
76 153
76 161
77 79
77 80
77 81
77 86
77 87
77 94
77 106
77 107
77 108
77 111
77 112
77 113
77 114
77 115
77 124
77 125
77 129
77 134
77 138
77 140
77 143
77 146
77 147
77 152
77 153
77 154
77 157
77 158
77 160
78 88
78 89
78 110
78 112
78 122
78 128
78 142
78 153
79 83
79 86
79 87
79 91
79 93
79 98
79 101
79 102
79 105
79 106
79 107
79 108
79 109
79 113
79 117
79 118
79 120
79 125
79 126
79 129
79 131
79 140
79 142
79 143
79 145
79 146
79 147
79 148
79 151
79 154
79 160
80 84
80 90
80 94
80 97
80 100
80 102
80 106
80 109
80 111
80 113
80 115
80 117
80 118
80 122
80 131
80 133
80 140
80 142
80 146
80 151
80 154
80 158
80 161
81 86
81 96
81 107
81 123
81 141
82 86
82 93
82 94
82 113
82 114
82 115
82 118
82 131
82 135
82 136
82 138
82 140
82 144
82 146
82 152
83 98
83 105
83 112
83 114
83 115
83 124
83 126
83 135
83 142
83 143
83 147
83 157
83 161
84 90
84 93
84 97
84 99
84 100
84 101
84 102
84 105
84 108
84 114
84 115
84 118
84 121
84 125
84 128
84 130
84 131
84 133
84 137
84 138
84 142
84 143
84 145
84 146
84 149
84 152
84 153
84 154
84 157
84 158
85 91
85 98
85 105
85 115
85 122
85 129
85 131
85 135
85 138
85 151
85 152
85 157
86 87
86 106
86 108
86 109
86 111
86 112
86 113
86 129
86 139
86 142
86 152
86 155
86 157
86 160
86 161
87 89
87 103
87 107
87 112
87 113
87 114
87 117
87 123
87 125
87 129
87 133
87 137
87 145
87 147
87 150
87 157
88 90
88 94
88 96
88 102
88 104
88 112
88 113
88 115
88 117
88 118
88 119
88 125
88 126
88 129
88 131
88 133
88 135
88 136
88 142
88 147
88 148
88 151
88 152
88 155
88 157
88 158
88 159
89 91
89 92
89 96
89 97
89 98
89 102
89 105
89 106
89 111
89 114
89 119
89 128
89 133
89 135
89 141
89 142
89 143
89 145
89 146
89 153
89 154
89 156
89 159
89 160
90 97
90 105
90 111
90 114
90 115
90 117
90 129
90 139
90 140
90 157
90 158
91 93
91 94
91 96
91 97
91 101
91 105
91 106
91 108
91 111
91 113
91 118
91 125
91 127
91 128
91 133
91 139
91 151
91 152
91 157
92 94
92 98
92 106
92 108
92 112
92 113
92 114
92 115
92 117
92 120
92 125
92 130
92 134
92 137
92 138
92 139
92 141
92 142
92 147
92 150
92 153
92 154
92 160
93 103
93 113
93 126
93 134
93 150
93 151
93 152
93 158
94 96
94 98
94 101
94 102
94 103
94 108
94 109
94 111
94 112
94 115
94 118
94 121
94 124
94 128
94 129
94 130
94 131
94 132
94 137
94 138
94 139
94 142
94 147
94 152
95 105
95 112
95 114
95 117
95 120
95 122
95 126
95 131
95 133
95 134
95 137
95 149
95 157
95 158
95 161
96 97
96 109
96 111
96 114
96 129
96 130
96 131
96 132
96 133
96 135
96 139
96 154
96 156
97 101
97 102
97 105
97 106
97 109
97 110
97 112
97 113
97 115
97 125
97 130
97 139
97 147
97 149
97 152
97 153
97 154
97 155
97 158
97 159
98 105
98 109
98 111
98 112
98 113
98 115
98 117
98 134
98 139
98 141
98 149
98 152
98 156
98 157
98 158
98 159
99 100
99 101
99 103
99 107
99 109
99 122
99 125
99 131
99 132
99 133
99 136
99 137
99 142
99 144
99 146
99 150
99 153
99 154
99 158
100 101
100 109
100 112
100 118
100 129
100 138
100 142
100 146
100 152
100 154
100 161
101 102
101 108
101 112
101 113
101 114
101 116
101 117
101 118
101 120
101 126
101 127
101 131
101 132
101 133
101 137
101 138
101 141
101 142
101 147
101 148
101 150
101 151
101 152
101 157
101 159
101 161
102 103
102 106
102 112
102 118
102 122
102 126
102 129
102 131
102 133
102 135
102 138
102 142
102 145
102 147
102 157
102 160
102 161
103 106
103 108
103 109
103 111
103 114
103 115
103 118
103 121
103 123
103 127
103 128
103 133
103 135
103 137
103 140
103 142
103 147
103 150
103 153
103 159
103 161
104 108
104 114
104 117
104 125
104 126
104 142
104 147
104 150
104 154
104 158
105 106
105 110
105 115
105 118
105 123
105 132
105 133
105 134
105 135
105 138
105 142
105 143
105 147
105 148
105 149
105 154
105 155
106 108
106 111
106 113
106 114
106 115
106 117
106 118
106 127
106 130
106 131
106 133
106 134
106 135
106 139
106 142
106 143
106 146
106 147
106 148
106 152
106 154
106 157
106 158
106 159
107 114
107 116
107 125
107 129
107 133
107 134
107 137
107 140
107 141
107 142
107 149
107 152
107 153
107 160
108 109
108 111
108 113
108 115
108 117
108 131
108 133
108 135
108 136
108 137
108 138
108 142
108 144
108 152
108 153
108 158
109 112
109 113
109 116
109 125
109 126
109 128
109 134
109 138
109 139
109 141
109 142
109 143
109 146
109 151
109 152
109 153
109 161
110 114
110 115
110 121
110 127
110 137
110 138
110 142
110 153
110 159
110 161
111 115
111 116
111 117
111 120
111 129
111 130
111 136
111 137
111 139
111 147
111 149
111 150
111 152
111 153
111 158
111 161
112 113
112 115
112 129
112 133
112 139
112 141
112 150
112 152
112 153
112 159
112 160
112 161
113 114
113 117
113 118
113 123
113 127
113 131
113 137
113 139
113 141
113 142
113 145
113 146
113 147
113 152
113 156
113 157
114 116
114 123
114 129
114 130
114 131
114 132
114 133
114 134
114 137
114 138
114 139
114 142
114 146
114 156
114 157
114 158
114 160
115 117
115 118
115 124
115 125
115 126
115 127
115 130
115 131
115 133
115 134
115 135
115 136
115 137
115 140
115 142
115 144
115 147
115 150
115 153
115 158
115 160
115 161
116 117
116 118
116 121
116 123
116 127
116 128
116 133
116 141
116 142
116 146
116 147
116 152
116 157
116 158
116 160
117 125
117 128
117 129
117 130
117 131
117 133
117 143
117 145
117 146
117 147
117 150
117 152
117 154
117 155
117 156
117 159
117 161
118 125
118 129
118 133
118 136
118 137
118 138
118 139
118 140
118 142
118 143
118 147
118 150
118 153
118 155
118 157
118 160
118 161
119 126
119 130
119 152
119 153
120 123
120 126
120 133
120 145
121 126
121 131
121 134
121 151
121 152
121 157
121 161
122 139
122 154
122 159
122 160
122 161
123 132
123 135
123 154
124 125
124 135
125 126
125 129
125 130
125 132
125 133
125 134
125 136
125 137
125 138
125 142
125 151
125 152
125 153
125 154
125 157
125 160
125 161
126 127
126 129
126 133
126 134
126 141
126 143
126 150
126 153
126 156
126 157
126 161
127 131
127 134
127 142
127 149
127 153
127 154
127 157
128 129
128 131
128 135
128 137
128 139
128 145
128 146
128 153
128 157
128 161
129 131
129 133
129 134
129 136
129 137
129 145
129 147
129 148
129 151
129 152
129 154
129 157
129 160
130 135
130 147
130 148
130 150
130 151
130 153
130 157
131 133
131 134
131 138
131 139
131 143
131 145
131 146
131 147
131 149
131 151
131 154
131 158
131 161
132 134
132 135
132 151
133 134
133 137
133 138
133 140
133 141
133 147
133 153
133 154
133 156
133 158
134 137
134 139
134 140
134 141
134 146
134 147
134 149
134 153
134 155
134 157
134 158
134 159
135 137
135 138
135 142
135 143
135 147
135 151
135 154
135 161
136 137
136 139
136 142
136 157
136 160
137 138
137 145
137 147
137 150
137 152
137 154
137 155
137 157
137 160
137 161
138 141
138 145
138 147
138 151
138 155
138 157
138 159
138 161
139 141
139 142
139 145
139 146
139 147
139 149
139 150
139 152
139 153
139 161
140 142
140 144
140 147
140 156
141 142
141 146
141 149
141 151
141 154
141 158
141 159
142 147
142 148
142 151
142 152
142 154
142 159
142 160
142 161
143 145
143 147
143 150
143 155
143 157
143 161
144 149
144 154
145 149
145 150
145 151
145 152
145 153
145 157
145 158
145 161
146 149
146 150
146 156
146 157
146 158
146 159
146 161
147 152
147 153
147 158
147 161
148 150
148 153
148 157
148 161
149 151
149 154
149 158
149 159
149 160
149 161
150 154
150 157
150 158
151 155
151 156
151 158
151 161
152 154
152 157
152 158
152 161
153 158
153 161
154 156
154 157
154 158
154 161
155 157
155 159
157 160
157 161
