0 9
0 11
0 19
0 21
0 24
0 29
0 34
0 35
0 38
0 40
0 43
0 45
0 49
0 52
0 58
0 63
0 64
0 65
0 66
0 68
0 69
0 71
0 74
0 75
0 82
0 86
0 97
0 98
0 99
0 102
0 103
0 114
0 115
0 118
0 122
0 125
0 126
0 130
0 134
0 135
0 137
0 138
0 141
0 142
0 145
0 150
0 155
0 160
1 2
1 6
1 10
1 11
1 12
1 14
1 19
1 20
1 31
1 35
1 36
1 37
1 45
1 50
1 54
1 58
1 61
1 64
1 67
1 71
1 72
1 74
1 82
1 90
1 91
1 92
1 93
1 100
1 106
1 108
1 112
1 118
1 122
1 126
1 133
1 134
1 135
1 146
1 147
1 159
1 160
2 6
2 15
2 25
2 26
2 27
2 32
2 35
2 40
2 44
2 51
2 55
2 64
2 78
2 84
2 85
2 90
2 91
2 97
2 99
2 102
2 105
2 109
2 113
2 125
2 152
2 153
2 154
3 14
3 31
3 38
3 44
3 54
3 55
3 65
3 68
3 83
3 84
3 88
3 89
3 91
3 93
3 100
3 106
3 112
3 113
3 117
3 126
3 134
3 138
3 141
3 145
3 146
3 147
4 6
4 9
4 11
4 14
4 18
4 19
4 21
4 26
4 29
4 30
4 36
4 38
4 39
4 40
4 43
4 44
4 49
4 53
4 56
4 60
4 64
4 65
4 68
4 69
4 72
4 73
4 76
4 77
4 78
4 82
4 94
4 97
4 108
4 111
4 112
4 113
4 114
4 117
4 118
4 120
4 122
4 131
4 132
4 133
4 134
4 139
4 142
4 145
4 147
4 148
4 151
4 152
4 154
4 156
4 157
4 158
5 11
5 22
5 26
5 46
5 61
5 69
5 73
5 125
5 128
5 131
5 134
5 145
5 147
5 151
5 159
6 12
6 14
6 15
6 16
6 17
6 19
6 28
6 32
6 37
6 38
6 39
6 40
6 41
6 44
6 46
6 51
6 55
6 63
6 64
6 65
6 69
6 71
6 73
6 77
6 80
6 81
6 82
6 84
6 86
6 93
6 94
6 96
6 97
6 103
6 104
6 107
6 114
6 115
6 117
6 125
6 129
6 131
6 132
6 133
6 135
6 137
6 139
6 142
6 145
6 146
6 147
6 151
6 152
6 153
6 158
6 159
6 160
7 9
7 10
7 11
7 14
7 16
7 21
7 24
7 30
7 32
7 35
7 38
7 39
7 42
7 46
7 48
7 50
7 51
7 53
7 54
7 64
7 69
7 73
7 74
7 75
7 79
7 84
7 85
7 86
7 88
7 91
7 92
7 93
7 95
7 96
7 98
7 99
7 100
7 101
7 102
7 104
7 105
7 106
7 107
7 115
7 120
7 124
7 129
7 130
7 131
7 133
7 137
7 141
7 143
7 148
7 149
7 150
7 152
7 153
7 154
7 157
7 158
8 10
8 11
8 14
8 16
8 40
8 44
8 45
8 67
8 69
8 72
8 74
8 85
8 91
8 94
8 101
8 104
8 108
8 115
8 121
8 134
8 135
8 159
9 10
9 14
9 17
9 27
9 43
9 49
9 50
9 52
9 55
9 56
9 61
9 62
9 65
9 67
9 72
9 74
9 79
9 85
9 88
9 89
9 91
9 93
9 94
9 97
9 100
9 102
9 105
9 106
9 108
9 112
9 113
9 115
9 122
9 129
9 131
9 137
9 139
9 145
9 151
9 154
9 155
9 156
9 157
10 17
10 18
10 26
10 30
10 34
10 35
10 36
10 37
10 40
10 50
10 53
10 54
10 59
10 65
10 70
10 71
10 72
10 75
10 76
10 79
10 88
10 91
10 97
10 98
10 102
10 103
10 114
10 129
10 131
10 133
10 134
10 137
10 139
10 141
10 144
10 146
10 147
10 149
10 150
10 153
10 154
10 159
11 14
11 15
11 16
11 17
11 19
11 21
11 24
11 35
11 36
11 38
11 39
11 40
11 42
11 46
11 53
11 55
11 58
11 66
11 69
11 72
11 74
11 76
11 77
11 79
11 82
11 84
11 86
11 89
11 95
11 98
11 100
11 101
11 103
11 106
11 107
11 109
11 112
11 113
11 116
11 117
11 120
11 123
11 126
11 129
11 131
11 132
11 137
11 139
11 142
11 147
11 151
11 152
11 153
11 155
11 159
11 161
12 18
12 23
12 24
12 26
12 30
12 33
12 34
12 36
12 53
12 56
12 65
12 70
12 75
12 77
12 80
12 88
12 94
12 100
12 109
12 110
12 113
12 115
12 126
12 127
12 142
12 145
13 17
13 19
13 22
13 25
13 26
13 27
13 32
13 35
13 36
13 41
13 42
13 45
13 55
13 63
13 64
13 65
13 70
13 71
13 73
13 77
13 79
13 85
13 87
13 89
13 97
13 101
13 103
13 116
13 119
13 122
13 125
13 130
13 137
13 139
13 145
13 147
14 17
14 18
14 19
14 23
14 24
14 39
14 40
14 45
14 46
14 48
14 51
14 55
14 56
14 57
14 58
14 60
14 63
14 66
14 67
14 68
14 70
14 71
14 72
14 73
14 74
14 75
14 76
14 77
14 84
14 85
14 87
14 88
14 93
14 99
14 100
14 101
14 106
14 108
14 111
14 113
14 114
14 116
14 118
14 121
14 124
14 126
14 128
14 129
14 131
14 134
14 136
14 137
14 138
14 146
14 147
14 152
14 153
14 154
14 157
14 158
14 161
15 18
15 20
15 26
15 31
15 32
15 44
15 45
15 51
15 66
15 68
15 74
15 80
15 98
15 112
15 114
15 116
15 128
15 129
15 134
15 138
15 142
15 145
15 151
15 154
16 20
16 27
16 28
16 30
16 38
16 45
16 49
16 50
16 51
16 55
16 63
16 68
16 69
16 70
16 71
16 73
16 94
16 97
16 107
16 114
16 118
16 129
16 134
16 135
16 137
16 138
16 147
16 149
16 153
16 155
16 158
16 159
17 26
17 32
17 40
17 43
17 51
17 53
17 58
17 59
17 63
17 64
17 71
17 76
17 81
17 83
17 87
17 98
17 115
17 133
17 137
17 142
17 147
17 149
18 21
18 23
18 27
18 29
18 30
18 31
18 32
18 44
18 49
18 50
18 51
18 52
18 54
18 59
18 61
18 64
18 65
18 66
18 67
18 68
18 70
18 71
18 72
18 73
18 74
18 79
18 83
18 89
18 95
18 97
18 99
18 104
18 108
18 109
18 111
18 112
18 122
18 126
18 127
18 137
18 138
18 141
18 147
18 151
18 152
19 20
19 25
19 26
19 28
19 30
19 31
19 34
19 35
19 37
19 38
19 40
19 43
19 44
19 45
19 49
19 53
19 54
19 57
19 58
19 59
19 64
19 65
19 71
19 72
19 73
19 75
19 79
19 81
19 84
19 91
19 92
19 93
19 94
19 95
19 96
19 102
19 108
19 109
19 111
19 114
19 115
19 117
19 118
19 120
19 122
19 126
19 127
19 130
19 133
19 137
19 138
19 140
19 141
19 145
19 146
19 147
19 149
19 151
19 158
19 159
19 160
20 24
20 30
20 31
20 40
20 41
20 66
20 68
20 71
20 77
20 87
20 91
20 97
20 98
20 104
20 105
20 106
20 111
20 114
20 121
20 129
20 131
20 132
20 139
20 147
20 151
20 152
20 157
21 26
21 30
21 31
21 33
21 34
21 37
21 39
21 49
21 51
21 52
21 53
21 54
21 55
21 57
21 63
21 66
21 68
21 69
21 70
21 71
21 72
21 73
21 74
21 81
21 82
21 85
21 89
21 90
21 91
21 92
21 99
21 101
21 102
21 106
21 107
21 111
21 113
21 117
21 118
21 122
21 125
21 128
21 135
21 138
21 142
21 143
21 149
21 151
21 152
21 153
21 154
21 157
21 158
21 159
21 161
22 28
22 34
22 43
22 45
22 46
22 52
22 58
22 63
22 71
22 72
22 89
22 92
22 99
22 101
22 106
22 109
22 116
22 118
22 128
22 130
22 138
22 139
22 142
22 151
22 152
22 160
23 30
23 31
23 35
23 36
23 42
23 48
23 49
23 51
23 52
23 66
23 69
23 74
23 79
23 87
23 92
23 93
23 94
23 97
23 99
23 100
23 106
23 113
23 114
23 115
23 116
23 117
23 130
23 133
23 137
23 139
23 145
23 146
23 148
23 151
23 154
23 158
24 29
24 30
24 35
24 39
24 49
24 54
24 55
24 66
24 69
24 72
24 84
24 87
24 89
24 100
24 101
24 102
24 103
24 106
24 109
24 113
24 114
24 115
24 117
24 126
24 129
24 138
24 147
24 151
24 154
25 27
25 28
25 34
25 36
25 40
25 43
25 51
25 52
25 57
25 58
25 59
25 64
25 66
25 69
25 75
25 83
25 84
25 89
25 95
25 97
25 101
25 104
25 107
25 109
25 111
25 113
25 115
25 116
25 117
25 118
25 119
25 120
25 133
25 139
25 145
25 150
25 151
25 153
25 157
25 158
26 29
26 30
26 35
26 38
26 40
26 41
26 42
26 46
26 49
26 50
26 51
26 55
26 57
26 61
26 63
26 68
26 69
26 70
26 72
26 74
26 77
26 78
26 80
26 82
26 86
26 87
26 88
26 89
26 91
26 95
26 96
26 99
26 100
26 101
26 102
26 104
26 105
26 106
26 114
26 115
26 118
26 119
26 121
26 122
26 125
26 131
26 132
26 134
26 141
26 154
26 157
26 159
27 30
27 43
27 51
27 55
27 62
27 64
27 67
27 68
27 75
27 77
27 79
27 94
27 101
27 102
27 112
27 120
27 128
27 133
27 137
27 142
27 143
28 29
28 30
28 33
28 42
28 58
28 65
28 68
28 73
28 75
28 77
28 90
28 97
28 99
28 107
28 111
28 112
28 113
28 116
28 117
28 118
28 125
28 128
28 131
28 135
28 137
28 138
28 144
28 150
28 154
28 161
29 35
29 36
29 37
29 45
29 51
29 53
29 54
29 59
29 68
29 71
29 78
29 94
29 103
29 112
29 114
29 118
29 129
29 132
29 149
29 150
29 151
29 152
29 158
30 31
30 32
30 33
30 34
30 35
30 36
30 38
30 39
30 40
30 51
30 54
30 55
30 57
30 58
30 61
30 64
30 65
30 68
30 74
30 75
30 79
30 84
30 87
30 91
30 95
30 96
30 97
30 100
30 106
30 109
30 111
30 115
30 117
30 120
30 121
30 126
30 129
30 137
30 146
30 147
30 149
30 150
30 152
30 157
30 158
30 159
30 161
31 33
31 34
31 37
31 39
31 41
31 42
31 45
31 46
31 49
31 50
31 51
31 52
31 55
31 56
31 57
31 58
31 66
31 67
31 68
31 70
31 73
31 74
31 75
31 76
31 77
31 79
31 81
31 86
31 89
31 93
31 95
31 96
31 97
31 98
31 99
31 101
31 106
31 113
31 115
31 116
31 119
31 121
31 122
31 124
31 130
31 133
31 134
31 135
31 137
31 138
31 139
31 141
31 142
31 143
31 146
31 147
31 152
31 158
32 34
32 41
32 45
32 46
32 47
32 49
32 54
32 56
32 58
32 62
32 65
32 66
32 67
32 70
32 72
32 73
32 75
32 79
32 80
32 86
32 87
32 88
32 96
32 97
32 102
32 108
32 109
32 111
32 112
32 115
32 116
32 118
32 119
32 126
32 129
32 130
32 138
32 142
32 149
32 150
32 151
32 157
32 158
32 159
33 34
33 39
33 48
33 49
33 56
33 68
33 79
33 80
33 81
33 84
33 91
33 97
33 103
33 109
33 116
33 117
33 118
33 125
33 128
33 130
33 133
33 137
33 145
33 158
34 35
34 44
34 46
34 49
34 50
34 51
34 54
34 55
34 56
34 57
34 58
34 60
34 64
34 68
34 69
34 74
34 75
34 92
34 96
34 101
34 106
34 124
34 128
34 130
34 147
34 149
34 151
34 157
34 159
35 40
35 45
35 49
35 51
35 53
35 58
35 59
35 61
35 66
35 71
35 72
35 75
35 77
35 78
35 79
35 83
35 89
35 93
35 94
35 95
35 99
35 103
35 104
35 106
35 107
35 108
35 113
35 114
35 115
35 122
35 125
35 129
35 131
35 141
35 146
35 150
35 152
35 153
35 158
35 161
36 39
36 40
36 43
36 49
36 52
36 56
36 67
36 69
36 70
36 71
36 72
36 73
36 74
36 82
36 91
36 94
36 100
36 102
36 108
36 110
36 113
36 114
36 118
36 121
36 123
36 127
36 133
36 135
36 139
36 142
36 143
36 147
36 152
36 156
36 157
36 159
37 40
37 41
37 46
37 52
37 54
37 58
37 59
37 61
37 64
37 70
37 74
37 78
37 80
37 87
37 98
37 99
37 101
37 106
37 108
37 109
37 114
37 118
37 132
37 140
37 149
38 44
38 45
38 48
38 49
38 51
38 53
38 55
38 62
38 63
38 68
38 71
38 72
38 73
38 74
38 75
38 77
38 78
38 82
38 84
38 85
38 86
38 89
38 94
38 95
38 96
38 97
38 98
38 104
38 106
38 107
38 115
38 117
38 118
38 123
38 129
38 141
38 142
38 145
38 146
38 147
38 149
38 153
38 154
38 158
38 159
39 40
39 41
39 45
39 58
39 61
39 64
39 66
39 68
39 70
39 71
39 79
39 87
39 88
39 89
39 99
39 106
39 110
39 112
39 113
39 114
39 118
39 121
39 128
39 134
39 135
39 136
39 137
39 143
39 148
39 149
39 153
39 154
40 43
40 44
40 46
40 48
40 49
40 50
40 51
40 52
40 58
40 63
40 65
40 66
40 67
40 69
40 72
40 73
40 77
40 80
40 83
40 84
40 85
40 87
40 90
40 91
40 94
40 96
40 98
40 100
40 101
40 102
40 103
40 106
40 107
40 109
40 117
40 118
40 122
40 127
40 129
40 131
40 133
40 134
40 135
40 140
40 142
40 146
40 147
40 152
40 153
40 154
40 157
40 158
40 160
41 49
41 50
41 60
41 68
41 74
41 89
41 94
41 95
41 104
41 106
41 109
41 110
41 112
41 114
41 116
41 118
41 134
41 137
41 138
41 140
41 141
41 142
41 147
41 148
41 150
41 151
42 43
42 51
42 54
42 63
42 68
42 73
42 79
42 82
42 86
42 89
42 91
42 97
42 98
42 105
42 108
42 109
42 111
42 116
42 117
42 129
42 130
42 135
42 137
42 138
42 139
42 141
42 148
42 149
42 150
42 161
43 49
43 53
43 54
43 55
43 57
43 62
43 63
43 65
43 66
43 69
43 70
43 75
43 78
43 79
43 82
43 87
43 91
43 92
43 93
43 98
43 101
43 102
43 108
43 109
43 112
43 113
43 114
43 116
43 118
43 122
43 129
43 131
43 132
43 133
43 142
43 147
43 151
43 155
43 157
43 158
43 159
44 49
44 50
44 54
44 64
44 65
44 69
44 70
44 73
44 74
44 78
44 80
44 90
44 97
44 102
44 105
44 106
44 107
44 109
44 111
44 112
44 117
44 125
44 131
44 135
44 137
44 138
44 143
44 145
44 153
44 154
44 157
44 158
44 161
45 49
45 50
45 54
45 56
45 61
45 62
45 64
45 67
45 68
45 69
45 74
45 77
45 82
45 85
45 87
45 92
45 98
45 99
45 101
45 102
45 103
45 106
45 109
45 110
45 111
45 113
45 114
45 115
45 117
45 118
45 124
45 126
45 128
45 129
45 131
45 135
45 137
45 138
45 141
45 142
45 143
45 146
45 148
45 149
45 150
45 151
45 153
45 157
45 158
46 48
46 52
46 64
46 68
46 69
46 70
46 71
46 72
46 75
46 78
46 80
46 83
46 84
46 89
46 93
46 103
46 106
46 109
46 126
46 128
46 130
46 133
46 135
46 136
46 137
46 138
46 139
46 142
46 143
46 146
46 148
46 149
46 151
46 152
46 153
46 161
47 58
47 71
47 79
47 95
47 106
47 109
47 129
47 152
48 50
48 54
48 56
48 58
48 61
48 67
48 70
48 73
48 79
48 80
48 84
48 94
48 106
48 109
48 113
48 117
48 118
48 124
48 125
48 132
48 133
48 138
48 142
48 146
48 149
48 154
49 50
49 56
49 57
49 58
49 59
49 61
49 64
49 65
49 67
49 69
49 70
49 71
49 73
49 92
49 95
49 96
49 97
49 101
49 102
49 103
49 104
49 107
49 108
49 109
49 113
49 114
49 117
49 122
49 128
49 130
49 132
49 133
49 134
49 136
49 138
49 139
49 146
49 147
49 149
49 151
49 153
49 157
49 158
50 51
50 54
50 55
50 65
50 71
50 72
50 73
50 74
50 79
50 81
50 82
50 84
50 85
50 87
50 88
50 91
50 94
50 97
50 100
50 102
50 104
50 105
50 107
50 108
50 113
50 114
50 115
50 117
50 125
50 128
50 129
50 130
50 131
50 132
50 134
50 145
50 146
50 149
50 152
50 154
50 157
51 52
51 54
51 55
51 56
51 59
51 61
51 63
51 64
51 65
51 69
51 70
51 72
51 73
51 74
51 75
51 80
51 81
51 82
51 85
51 86
51 87
51 88
51 89
51 99
51 100
51 102
51 104
51 105
51 107
51 108
51 109
51 110
51 111
51 113
51 114
51 117
51 118
51 129
51 130
51 133
51 136
51 138
51 140
51 142
51 144
51 151
51 153
51 155
51 157
51 161
52 55
52 56
52 62
52 63
52 64
52 68
52 70
52 73
52 74
52 77
52 79
52 84
52 87
52 89
52 90
52 97
52 98
52 100
52 102
52 106
52 131
52 135
52 136
52 138
52 147
52 151
52 154
52 157
53 54
53 64
53 66
53 67
53 70
53 71
53 75
53 80
53 87
53 101
53 104
53 110
53 115
53 117
53 124
53 125
53 130
53 136
53 139
53 140
53 142
53 149
53 151
53 152
53 157
54 55
54 56
54 57
54 63
54 65
54 66
54 67
54 68
54 69
54 72
54 73
54 74
54 77
54 79
54 81
54 88
54 93
54 97
54 98
54 102
54 103
54 108
54 112
54 113
54 114
54 118
54 120
54 125
54 126
54 129
54 130
54 133
54 134
54 135
54 137
54 138
54 141
54 143
54 145
54 147
54 149
54 150
54 151
54 152
54 154
54 157
54 161
55 61
55 64
55 66
55 70
55 71
55 77
55 80
55 81
55 82
55 83
55 84
55 86
55 87
55 88
55 95
55 99
55 100
55 101
55 102
55 103
55 104
55 105
55 107
55 108
55 116
55 129
55 131
55 133
55 137
55 139
55 150
55 153
55 154
55 155
55 158
55 159
55 160
56 64
56 67
56 68
56 69
56 70
56 72
56 74
56 81
56 83
56 87
56 89
56 92
56 97
56 99
56 102
56 104
56 105
56 106
56 108
56 109
56 111
56 113
56 116
56 119
56 128
56 132
56 133
56 134
56 137
56 138
56 143
56 144
56 146
56 149
56 151
56 152
56 154
56 157
56 158
56 159
56 161
57 59
57 68
57 69
57 74
57 80
57 88
57 89
57 90
57 96
57 99
57 105
57 109
57 129
57 138
57 139
57 141
57 142
57 146
57 151
57 152
57 154
57 157
58 64
58 66
58 68
58 69
58 71
58 72
58 74
58 78
58 79
58 98
58 100
58 108
58 109
58 111
58 112
58 115
58 118
58 129
58 130
58 132
58 133
58 134
58 137
58 138
58 140
58 142
58 146
58 147
58 149
58 152
58 157
58 158
58 161
59 69
59 85
59 86
59 89
59 92
59 94
59 97
59 108
59 111
59 125
59 129
59 132
59 134
59 137
59 138
59 140
59 143
59 147
59 152
59 154
59 155
59 156
59 160
60 70
60 75
60 82
60 83
60 89
60 98
60 103
60 106
60 114
60 117
60 138
60 141
60 147
60 158
61 62
61 65
61 70
61 71
61 72
61 73
61 74
61 81
61 82
61 83
61 85
61 89
61 90
61 91
61 106
61 111
61 115
61 117
61 118
61 122
61 125
61 126
61 129
61 133
61 134
61 135
61 139
61 142
61 157
61 158
62 68
62 73
62 74
62 80
62 87
62 88
62 96
62 97
62 102
62 110
62 113
62 115
62 129
62 133
62 134
62 151
62 153
63 64
63 67
63 69
63 71
63 73
63 77
63 81
63 82
63 83
63 85
63 87
63 90
63 92
63 94
63 96
63 97
63 99
63 102
63 103
63 104
63 108
63 111
63 113
63 114
63 117
63 120
63 121
63 122
63 126
63 129
63 131
63 132
63 141
63 149
63 150
63 152
63 153
63 157
64 68
64 69
64 71
64 73
64 75
64 80
64 84
64 85
64 88
64 91
64 94
64 100
64 101
64 102
64 108
64 109
64 112
64 113
64 114
64 117
64 121
64 126
64 130
64 134
64 137
64 139
64 148
64 154
64 160
64 161
65 68
65 70
65 72
65 74
65 75
65 76
65 77
65 79
65 82
65 85
65 88
65 89
65 94
65 99
65 101
65 104
65 109
65 114
65 115
65 116
65 123
65 127
65 134
65 137
65 139
65 142
65 146
65 147
65 150
65 153
65 154
65 155
65 158
65 159
65 160
66 69
66 70
66 71
66 73
66 74
66 75
66 78
66 79
66 87
66 90
66 94
66 97
66 120
66 129
66 131
66 135
66 139
66 142
66 145
66 146
66 147
66 151
66 152
66 153
66 154
66 155
66 157
66 159
66 161
67 69
67 72
67 78
67 79
67 80
67 89
67 90
67 92
67 95
67 100
67 101
67 103
67 104
67 106
67 108
67 112
67 113
67 114
67 115
67 117
67 118
67 120
67 122
67 133
67 134
67 135
67 136
67 137
67 138
67 141
67 142
67 152
67 153
67 158
67 159
67 161
68 70
68 71
68 75
68 76
68 89
68 92
68 93
68 94
68 95
68 99
68 100
68 101
68 102
68 108
68 112
68 115
68 116
68 117
68 121
68 126
68 127
68 128
68 132
68 134
68 136
68 137
68 138
68 142
68 143
68 147
68 149
68 151
68 152
68 154
68 155
68 156
68 157
68 159
68 161
69 71
69 72
69 73
69 74
69 75
69 77
69 79
69 81
69 82
69 83
69 89
69 91
69 94
69 101
69 102
69 105
69 107
69 110
69 111
69 114
69 116
69 117
69 125
69 126
69 127
69 128
69 129
69 137
69 138
69 139
69 141
69 144
69 145
69 146
69 148
69 149
69 153
69 157
69 158
69 159
69 161
70 74
70 77
70 80
70 82
70 83
70 84
70 97
70 98
70 99
70 102
70 103
70 106
70 107
70 108
70 109
70 112
70 113
70 116
70 117
70 118
70 127
70 129
70 131
70 132
70 133
70 138
70 142
70 144
70 145
70 151
70 154
70 155
70 158
71 72
71 74
71 79
71 83
71 84
71 86
71 87
71 88
71 91
71 92
71 93
71 97
71 98
71 102
71 108
71 111
71 112
71 113
71 114
71 119
71 125
71 129
71 132
71 138
71 139
71 145
71 146
71 148
71 149
71 151
71 152
71 158
71 160
72 73
72 74
72 75
72 76
72 79
72 80
72 81
72 88
72 91
72 100
72 102
72 103
72 106
72 107
72 108
72 110
72 112
72 115
72 116
72 117
72 123
72 125
72 128
72 129
72 134
72 136
72 137
72 138
72 141
72 142
72 145
72 146
72 151
72 159
73 74
73 75
73 77
73 79
73 80
73 87
73 88
73 93
73 94
73 96
73 97
73 99
73 105
73 106
73 108
73 111
73 112
73 114
73 117
73 118
73 122
73 125
73 129
73 130
73 133
73 135
73 137
73 139
73 145
73 146
73 147
73 149
73 155
73 156
73 157
73 160
74 77
74 79
74 81
74 84
74 87
74 89
74 91
74 93
74 94
74 97
74 99
74 100
74 102
74 103
74 104
74 106
74 109
74 111
74 113
74 114
74 115
74 116
74 117
74 118
74 119
74 121
74 125
74 127
74 128
74 131
74 132
74 134
74 135
74 138
74 140
74 141
74 145
74 146
74 148
74 149
74 153
74 158
75 76
75 77
75 79
75 84
75 85
75 87
75 89
75 91
75 96
75 101
75 109
75 110
75 111
75 112
75 113
75 114
75 115
75 116
75 117
75 118
75 123
75 126
75 130
75 134
75 137
75 146
75 152
75 157
75 158
76 80
76 89
76 93
76 94
76 97
76 111
76 113
76 117
76 118
76 137
76 147
76 154
76 156
76 161
77 78
77 83
77 85
77 89
77 90
77 94
77 96
77 98
77 104
77 105
77 106
77 109
77 118
77 126
77 128
77 129
77 133
77 134
77 135
77 141
77 145
77 146
77 151
77 152
77 154
77 159
77 161
78 85
78 91
78 107
78 131
78 132
78 137
78 145
78 152
79 80
79 89
79 93
79 96
79 97
79 98
79 101
79 104
79 105
79 106
79 109
79 113
79 114
79 115
79 116
79 117
79 121
79 127
79 129
79 131
79 133
79 134
79 135
79 136
79 139
79 140
79 142
79 143
79 147
79 151
79 152
79 154
79 157
80 82
80 84
80 88
80 97
80 102
80 105
80 106
80 110
80 112
80 114
80 118
80 122
80 124
80 129
80 131
80 132
80 133
80 138
80 139
80 157
80 158
80 160
80 161
81 94
81 108
81 112
81 115
81 118
81 127
81 131
81 133
81 147
81 150
81 153
81 154
81 160
81 161
82 88
82 98
82 99
82 106
82 107
82 109
82 125
82 128
82 136
82 139
82 141
82 147
82 152
82 157
82 158
82 159
83 85
83 87
83 92
83 106
83 111
83 114
83 133
83 138
83 141
83 152
83 159
83 161
84 85
84 98
84 101
84 109
84 111
84 113
84 115
84 117
84 118
84 122
84 127
84 131
84 138
84 142
84 144
84 146
84 150
84 152
84 154
84 156
84 157
85 86
85 92
85 95
85 97
85 100
85 101
85 106
85 108
85 109
85 111
85 114
85 116
85 122
85 128
85 130
85 141
85 143
85 145
85 148
85 150
85 153
85 157
85 161
86 100
86 102
86 103
86 106
86 109
86 112
86 114
86 125
86 134
86 138
86 140
86 149
86 151
87 93
87 94
87 95
87 97
87 99
87 104
87 105
87 106
87 108
87 109
87 111
87 114
87 115
87 118
87 123
87 129
87 131
87 140
87 142
87 149
87 154
87 155
87 161
88 89
88 94
88 97
88 101
88 106
88 110
88 112
88 113
88 116
88 117
88 118
88 133
88 134
88 137
88 141
88 142
88 149
88 154
88 157
89 91
89 94
89 100
89 101
89 102
89 107
89 110
89 111
89 114
89 115
89 116
89 117
89 118
89 120
89 121
89 124
89 126
89 128
89 129
89 130
89 131
89 133
89 134
89 135
89 137
89 138
89 142
89 147
89 150
89 151
89 152
89 153
89 155
89 158
90 93
90 98
90 105
90 106
90 123
90 125
90 129
90 130
90 134
90 141
90 152
91 99
91 101
91 102
91 106
91 112
91 116
91 118
91 127
91 133
91 134
91 137
91 138
91 140
91 142
91 145
91 152
91 155
91 157
92 94
92 106
92 112
92 119
92 133
92 139
92 142
92 143
92 147
93 96
93 97
93 102
93 106
93 110
93 111
93 113
93 115
93 117
93 124
93 132
93 133
93 142
93 147
93 149
93 152
93 155
94 98
94 102
94 106
94 109
94 111
94 112
94 113
94 114
94 115
94 117
94 119
94 120
94 125
94 127
94 131
94 133
94 135
94 136
94 137
94 141
94 142
94 148
94 149
94 150
94 151
94 154
94 155
94 159
94 161
95 114
95 117
95 126
95 137
95 139
95 142
95 145
95 146
95 160
95 161
96 105
96 118
96 137
96 138
96 147
96 152
96 157
97 102
97 104
97 106
97 108
97 109
97 112
97 113
97 115
97 118
97 120
97 125
97 126
97 128
97 130
97 133
97 134
97 137
97 141
97 142
97 143
97 144
97 149
97 150
97 151
97 153
97 157
97 159
97 160
97 161
98 100
98 101
98 103
98 105
98 109
98 111
98 113
98 115
98 118
98 126
98 130
98 133
98 146
98 149
98 150
98 158
98 161
99 105
99 106
99 111
99 112
99 113
99 115
99 118
99 119
99 126
99 131
99 134
99 135
99 142
99 143
99 145
99 147
99 151
99 155
100 101
100 102
100 109
100 113
100 118
100 131
100 132
100 133
100 141
100 142
100 147
100 151
100 156
100 157
100 160
100 161
101 104
101 106
101 114
101 115
101 117
101 123
101 128
101 129
101 131
101 133
101 134
101 136
101 138
101 139
101 141
101 145
101 146
101 147
101 149
101 150
101 151
101 152
101 153
101 154
101 155
101 157
101 158
101 160
101 161
102 103
102 105
102 108
102 109
102 111
102 112
102 113
102 114
102 115
102 119
102 120
102 121
102 122
102 127
102 129
102 131
102 133
102 134
102 135
102 137
102 138
102 141
102 147
102 148
102 150
102 154
102 155
102 158
102 159
103 105
103 110
103 112
103 115
103 117
103 128
103 129
103 131
103 133
103 134
103 136
103 138
103 142
103 146
103 147
103 150
103 151
103 153
104 108
104 117
104 129
104 142
104 143
104 148
104 153
104 157
104 161
105 108
105 109
105 110
105 111
105 112
105 114
105 118
105 126
105 129
105 131
105 133
105 137
105 138
105 139
105 141
105 142
105 143
105 146
105 147
105 151
105 157
105 160
105 161
106 107
106 109
106 113
106 115
106 116
106 117
106 118
106 119
106 121
106 125
106 136
106 138
106 139
106 141
106 142
106 144
106 147
106 148
106 151
106 153
106 154
106 157
106 158
107 114
107 120
107 121
107 124
107 128
107 134
107 136
107 137
107 139
107 141
107 149
107 161
108 112
108 113
108 116
108 117
108 118
108 124
108 125
108 131
108 132
108 133
108 134
108 138
108 139
108 142
108 146
108 147
108 149
108 151
108 153
108 155
108 159
109 110
109 112
109 113
109 114
109 117
109 118
109 119
109 121
109 125
109 126
109 129
109 133
109 134
109 138
109 145
109 146
109 149
109 151
109 152
109 157
109 158
110 118
110 129
110 143
110 146
110 155
111 113
111 115
111 120
111 129
111 130
111 133
111 135
111 142
111 150
111 154
111 155
111 156
111 157
111 159
111 160
111 161
112 113
112 115
112 116
112 117
112 118
112 130
112 131
112 137
112 142
112 145
112 147
112 149
112 150
112 154
112 157
112 161
113 114
113 128
113 130
113 135
113 138
113 141
113 146
113 147
113 151
113 152
113 153
113 154
113 155
113 159
113 160
114 115
114 118
114 122
114 127
114 131
114 132
114 133
114 134
114 138
114 141
114 145
114 146
114 147
114 149
114 151
114 153
114 154
114 160
114 161
115 117
115 121
115 124
115 126
115 128
115 131
115 133
115 134
115 136
115 137
115 138
115 139
115 141
115 142
115 145
115 150
115 152
115 153
115 154
115 155
115 157
115 158
115 161
116 117
116 120
116 122
116 127
116 129
116 130
116 132
116 136
116 145
116 146
116 147
116 148
116 152
116 154
116 158
117 119
117 125
117 126
117 127
117 135
117 138
117 139
117 143
117 145
117 148
117 151
117 153
118 123
118 126
118 129
118 130
118 131
118 135
118 139
118 144
118 145
118 146
118 147
118 150
118 151
118 152
118 155
118 161
119 120
119 127
119 130
119 145
119 151
119 154
119 161
120 125
120 128
120 146
120 153
120 154
120 156
121 129
121 134
121 143
121 150
121 158
122 129
122 137
122 138
122 143
122 144
122 147
122 159
123 128
123 135
123 145
123 150
123 151
123 152
123 156
124 146
125 129
125 132
125 134
125 137
125 138
125 140
125 141
125 142
125 143
125 144
125 145
125 147
125 149
125 152
125 153
125 155
125 158
125 159
126 130
126 135
126 136
126 152
126 159
126 161
127 131
127 133
127 134
127 146
127 147
127 153
127 155
127 157
128 135
128 138
128 143
128 161
129 131
129 132
129 133
129 135
129 137
129 138
129 140
129 141
129 147
129 149
129 152
129 158
129 161
130 131
130 139
130 154
130 155
130 157
130 160
131 138
131 139
131 140
131 143
131 151
131 152
131 159
132 133
132 135
132 137
132 152
132 158
133 135
133 137
133 138
133 140
133 142
133 149
133 154
133 155
133 159
133 160
133 161
134 141
134 142
134 147
134 149
134 153
134 157
134 158
134 159
134 160
135 137
135 141
135 143
135 146
135 147
135 152
135 161
136 143
136 161
137 141
137 142
137 144
137 145
137 146
137 149
137 150
137 152
137 153
137 154
137 157
137 158
137 159
138 141
138 142
138 147
138 149
138 150
138 153
138 154
138 155
138 157
139 140
139 142
139 147
139 148
139 149
139 152
139 154
139 157
140 153
141 148
141 151
141 152
141 153
141 154
141 158
141 159
142 143
142 147
142 148
142 149
142 157
143 145
143 150
143 154
143 158
144 158
145 147
145 151
145 152
145 154
146 153
146 155
147 150
147 151
147 155
147 157
147 158
147 159
148 154
148 158
148 160
149 153
149 156
149 157
149 158
149 161
150 158
151 152
151 153
151 157
151 159
152 153
152 154
152 157
152 159
152 160
153 159
153 161
154 155
154 157
154 158
155 158
157 159
157 161
158 159
