0 1
0 4
0 7
0 9
0 14
0 19
0 22
0 30
0 34
0 37
0 38
0 39
0 40
0 49
0 52
0 53
0 54
0 56
0 58
0 64
0 65
0 66
0 70
0 71
0 72
0 73
0 75
0 79
0 80
0 83
0 84
0 87
0 88
0 89
0 93
0 101
0 102
0 106
0 107
0 109
0 111
0 114
0 115
0 117
0 118
0 129
0 134
0 135
0 142
0 148
0 154
0 157
0 158
1 3
1 4
1 7
1 9
1 10
1 13
1 18
1 21
1 26
1 30
1 31
1 32
1 37
1 38
1 42
1 45
1 49
1 51
1 52
1 56
1 61
1 63
1 64
1 67
1 70
1 72
1 74
1 79
1 81
1 88
1 92
1 93
1 96
1 100
1 103
1 106
1 109
1 112
1 113
1 114
1 118
1 122
1 128
1 131
1 136
1 137
1 141
1 146
1 154
1 157
1 160
1 161
2 7
2 10
2 30
2 31
2 38
2 49
2 50
2 51
2 54
2 55
2 56
2 60
2 61
2 64
2 79
2 88
2 91
2 93
2 94
2 101
2 103
2 104
2 109
2 113
2 125
2 129
2 137
2 139
2 149
2 154
3 12
3 27
3 30
3 34
3 45
3 57
3 68
3 70
3 71
3 79
3 84
3 87
3 89
3 94
3 100
3 104
3 106
3 108
3 118
3 137
3 147
3 155
3 158
3 159
4 6
4 9
4 11
4 17
4 18
4 19
4 22
4 24
4 25
4 26
4 30
4 31
4 33
4 36
4 39
4 42
4 43
4 44
4 45
4 49
4 50
4 52
4 55
4 56
4 59
4 60
4 64
4 68
4 71
4 72
4 81
4 85
4 88
4 89
4 94
4 97
4 98
4 101
4 105
4 106
4 109
4 112
4 114
4 117
4 118
4 120
4 122
4 126
4 127
4 129
4 133
4 134
4 137
4 138
4 139
4 141
4 142
4 146
4 147
4 148
4 150
4 152
4 159
4 160
5 14
5 15
5 21
5 22
5 31
5 38
5 41
5 43
5 49
5 51
5 56
5 61
5 82
5 86
5 87
5 99
5 100
5 111
5 117
5 118
5 119
5 127
5 128
5 137
5 144
5 147
5 153
6 7
6 9
6 11
6 12
6 14
6 15
6 17
6 18
6 20
6 21
6 26
6 30
6 31
6 32
6 33
6 38
6 40
6 44
6 45
6 49
6 54
6 56
6 67
6 68
6 69
6 74
6 76
6 79
6 82
6 87
6 88
6 89
6 93
6 94
6 99
6 100
6 101
6 102
6 103
6 105
6 106
6 107
6 108
6 110
6 111
6 113
6 121
6 125
6 128
6 131
6 132
6 133
6 134
6 138
6 141
6 142
6 147
6 149
6 152
6 154
6 157
6 159
7 9
7 11
7 14
7 16
7 17
7 20
7 31
7 32
7 33
7 34
7 36
7 40
7 42
7 48
7 49
7 51
7 54
7 55
7 56
7 59
7 63
7 64
7 68
7 69
7 72
7 73
7 89
7 93
7 95
7 96
7 97
7 100
7 103
7 104
7 105
7 106
7 107
7 108
7 110
7 112
7 113
7 115
7 118
7 119
7 126
7 128
7 131
7 133
7 135
7 136
7 138
7 145
7 147
7 148
7 151
7 152
7 155
7 156
7 160
8 11
8 18
8 26
8 40
8 66
8 67
8 93
8 99
8 101
8 106
8 112
8 115
8 118
8 128
8 136
8 138
8 143
8 148
8 158
9 11
9 12
9 14
9 16
9 18
9 19
9 22
9 23
9 32
9 35
9 36
9 44
9 49
9 50
9 51
9 56
9 58
9 64
9 68
9 69
9 70
9 75
9 77
9 79
9 82
9 87
9 89
9 93
9 99
9 100
9 101
9 108
9 110
9 112
9 115
9 116
9 129
9 133
9 134
9 136
9 143
9 148
9 157
9 159
9 161
10 11
10 13
10 22
10 25
10 32
10 34
10 35
10 36
10 37
10 40
10 41
10 47
10 48
10 50
10 51
10 52
10 55
10 56
10 59
10 61
10 65
10 66
10 67
10 72
10 73
10 75
10 82
10 84
10 89
10 96
10 97
10 98
10 99
10 101
10 106
10 113
10 114
10 125
10 131
10 133
10 137
10 139
10 141
10 149
10 151
10 154
10 157
11 12
11 13
11 15
11 16
11 19
11 21
11 30
11 32
11 33
11 37
11 39
11 40
11 41
11 44
11 45
11 49
11 52
11 53
11 60
11 66
11 69
11 70
11 71
11 74
11 80
11 82
11 83
11 88
11 89
11 91
11 93
11 96
11 99
11 100
11 101
11 105
11 108
11 109
11 110
11 111
11 112
11 116
11 117
11 119
11 122
11 124
11 126
11 129
11 130
11 131
11 135
11 137
11 138
11 143
11 146
11 147
11 151
11 152
11 153
11 157
11 159
12 13
12 18
12 25
12 36
12 37
12 38
12 42
12 44
12 45
12 47
12 48
12 49
12 51
12 58
12 63
12 73
12 77
12 83
12 84
12 85
12 87
12 91
12 96
12 98
12 101
12 111
12 117
12 118
12 124
12 125
12 127
12 138
12 145
12 147
12 153
12 159
13 15
13 21
13 25
13 28
13 29
13 31
13 37
13 40
13 45
13 49
13 50
13 54
13 58
13 60
13 62
13 72
13 75
13 77
13 88
13 93
13 100
13 106
13 108
13 114
13 134
13 136
13 137
13 138
13 142
13 148
13 152
13 154
13 158
14 17
14 19
14 21
14 25
14 32
14 35
14 36
14 39
14 40
14 44
14 45
14 46
14 48
14 51
14 53
14 54
14 57
14 58
14 59
14 67
14 68
14 69
14 70
14 71
14 73
14 75
14 77
14 78
14 79
14 83
14 89
14 92
14 94
14 97
14 99
14 100
14 101
14 102
14 103
14 104
14 105
14 106
14 112
14 117
14 118
14 128
14 129
14 134
14 135
14 137
14 138
14 139
14 141
14 143
14 144
14 147
14 148
14 158
14 161
15 30
15 32
15 34
15 54
15 58
15 68
15 69
15 75
15 88
15 94
15 99
15 113
15 125
15 137
15 151
15 154
16 25
16 26
16 30
16 36
16 44
16 46
16 49
16 52
16 57
16 58
16 62
16 64
16 71
16 74
16 79
16 82
16 83
16 86
16 89
16 93
16 97
16 101
16 102
16 107
16 108
16 116
16 119
16 125
16 132
16 134
16 147
16 151
16 154
17 20
17 40
17 45
17 49
17 50
17 63
17 92
17 93
17 101
17 104
17 106
17 112
17 118
17 128
17 130
17 134
17 135
17 148
18 19
18 26
18 31
18 34
18 42
18 48
18 49
18 51
18 67
18 79
18 84
18 86
18 87
18 88
18 92
18 100
18 101
18 103
18 106
18 109
18 113
18 115
18 116
18 117
18 126
18 133
18 135
18 138
18 141
18 142
18 145
18 149
18 152
18 160
19 21
19 28
19 32
19 33
19 38
19 39
19 44
19 45
19 46
19 50
19 51
19 52
19 58
19 59
19 63
19 70
19 72
19 74
19 75
19 77
19 81
19 82
19 84
19 85
19 88
19 91
19 93
19 94
19 95
19 100
19 101
19 102
19 105
19 106
19 107
19 108
19 112
19 113
19 115
19 116
19 118
19 119
19 120
19 125
19 129
19 130
19 131
19 138
19 139
19 141
19 142
19 143
19 147
19 149
19 150
19 151
19 152
19 153
19 154
19 160
20 22
20 24
20 27
20 29
20 32
20 35
20 37
20 39
20 55
20 56
20 66
20 68
20 71
20 74
20 81
20 84
20 99
20 104
20 106
20 110
20 111
20 118
20 126
20 128
20 133
20 145
20 150
20 152
20 157
20 158
20 161
21 22
21 26
21 30
21 31
21 32
21 35
21 36
21 38
21 40
21 41
21 49
21 51
21 54
21 55
21 57
21 60
21 63
21 65
21 66
21 67
21 68
21 73
21 74
21 75
21 77
21 79
21 83
21 84
21 93
21 94
21 99
21 108
21 113
21 118
21 122
21 125
21 126
21 127
21 128
21 133
21 135
21 137
21 139
21 140
21 145
21 147
21 149
21 150
21 155
21 157
21 158
21 160
22 32
22 38
22 40
22 49
22 55
22 57
22 63
22 68
22 70
22 79
22 87
22 94
22 99
22 103
22 106
22 108
22 111
22 131
22 135
22 137
22 139
22 142
22 158
22 161
23 25
23 26
23 35
23 39
23 51
23 59
23 68
23 73
23 76
23 79
23 85
23 87
23 93
23 102
23 110
23 125
23 134
23 137
23 140
23 145
23 154
24 26
24 28
24 30
24 40
24 42
24 44
24 53
24 55
24 82
24 84
24 92
24 93
24 102
24 105
24 109
24 113
24 114
24 117
24 127
24 134
24 135
24 138
24 150
24 151
25 29
25 31
25 32
25 33
25 41
25 43
25 45
25 48
25 55
25 58
25 61
25 67
25 69
25 70
25 72
25 79
25 83
25 86
25 89
25 97
25 114
25 117
25 129
25 132
25 135
25 137
25 143
25 145
25 147
25 157
25 158
26 32
26 35
26 36
26 38
26 39
26 40
26 42
26 44
26 46
26 47
26 50
26 51
26 54
26 55
26 56
26 57
26 59
26 61
26 63
26 64
26 65
26 69
26 70
26 71
26 72
26 75
26 77
26 80
26 81
26 84
26 86
26 89
26 90
26 91
26 92
26 93
26 96
26 98
26 99
26 102
26 103
26 104
26 107
26 109
26 112
26 114
26 117
26 126
26 128
26 129
26 131
26 133
26 134
26 136
26 138
26 140
26 142
26 146
26 147
26 148
26 152
26 153
26 155
26 157
26 158
27 28
27 30
27 31
27 32
27 38
27 48
27 52
27 57
27 59
27 63
27 65
27 70
27 73
27 79
27 87
27 89
27 93
27 94
27 99
27 104
27 106
27 108
27 112
27 114
27 121
27 132
27 135
27 139
27 141
27 142
27 145
27 147
27 149
27 154
28 31
28 34
28 39
28 44
28 47
28 54
28 57
28 58
28 62
28 65
28 68
28 69
28 72
28 75
28 79
28 87
28 88
28 101
28 102
28 106
28 107
28 110
28 115
28 118
28 129
28 133
28 134
28 135
28 136
28 147
28 152
28 157
28 159
29 30
29 40
29 67
29 69
29 73
29 80
29 87
29 92
29 94
29 102
29 109
29 111
29 112
29 113
29 118
29 136
29 140
29 141
29 150
29 153
29 160
30 32
30 33
30 36
30 37
30 39
30 40
30 45
30 46
30 50
30 51
30 53
30 54
30 55
30 57
30 58
30 59
30 66
30 69
30 71
30 73
30 79
30 82
30 91
30 92
30 93
30 94
30 99
30 101
30 103
30 110
30 112
30 117
30 125
30 126
30 128
30 129
30 130
30 133
30 134
30 135
30 136
30 139
30 140
30 141
30 146
30 147
30 153
30 154
30 155
30 156
30 157
30 158
30 161
31 37
31 40
31 43
31 44
31 53
31 54
31 55
31 56
31 62
31 65
31 67
31 68
31 70
31 71
31 73
31 75
31 76
31 79
31 100
31 103
31 105
31 107
31 108
31 110
31 112
31 115
31 116
31 118
31 119
31 125
31 133
31 135
31 138
31 139
31 144
31 145
31 151
31 152
31 153
31 154
31 157
31 158
32 36
32 37
32 39
32 42
32 43
32 49
32 51
32 55
32 56
32 58
32 61
32 62
32 65
32 66
32 67
32 72
32 73
32 79
32 82
32 83
32 84
32 86
32 89
32 90
32 91
32 95
32 96
32 99
32 100
32 101
32 103
32 106
32 112
32 114
32 118
32 128
32 130
32 133
32 138
32 139
32 140
32 142
32 147
32 148
32 149
32 151
32 152
32 156
32 159
33 35
33 36
33 40
33 44
33 46
33 51
33 55
33 60
33 64
33 68
33 72
33 79
33 87
33 93
33 97
33 98
33 102
33 108
33 111
33 116
33 123
33 128
33 129
33 132
33 136
33 137
33 138
33 139
33 152
33 161
34 35
34 36
34 37
34 38
34 42
34 44
34 45
34 50
34 52
34 58
34 61
34 68
34 70
34 72
34 79
34 80
34 81
34 91
34 93
34 94
34 97
34 102
34 108
34 114
34 116
34 119
34 127
34 128
34 133
34 134
34 136
34 139
34 141
34 155
35 40
35 43
35 46
35 48
35 49
35 50
35 51
35 56
35 60
35 61
35 63
35 64
35 65
35 68
35 72
35 73
35 74
35 77
35 78
35 87
35 91
35 92
35 93
35 94
35 97
35 100
35 103
35 108
35 109
35 110
35 113
35 129
35 130
35 134
35 137
35 138
35 139
35 140
35 141
35 150
35 151
35 156
35 158
36 38
36 39
36 43
36 51
36 52
36 54
36 56
36 57
36 58
36 63
36 65
36 66
36 67
36 70
36 74
36 81
36 84
36 91
36 92
36 93
36 96
36 98
36 108
36 110
36 113
36 114
36 115
36 117
36 125
36 129
36 134
36 135
36 137
36 142
36 145
36 154
36 158
36 160
36 161
37 42
37 51
37 53
37 56
37 62
37 66
37 70
37 74
37 98
37 100
37 102
37 106
37 109
37 114
37 116
37 118
37 121
37 123
37 135
37 158
37 159
38 39
38 41
38 45
38 49
38 51
38 54
38 58
38 61
38 64
38 69
38 71
38 74
38 79
38 80
38 88
38 89
38 92
38 98
38 99
38 100
38 104
38 105
38 108
38 109
38 112
38 114
38 115
38 117
38 118
38 123
38 125
38 130
38 131
38 133
38 139
38 143
38 144
38 146
38 149
38 150
38 157
38 159
38 161
39 49
39 55
39 61
39 63
39 66
39 67
39 68
39 71
39 74
39 77
39 79
39 85
39 88
39 93
39 94
39 97
39 98
39 104
39 105
39 108
39 111
39 115
39 120
39 126
39 128
39 129
39 131
39 133
39 136
39 138
39 139
39 141
39 142
39 145
39 152
39 153
40 43
40 44
40 45
40 48
40 51
40 53
40 55
40 56
40 61
40 64
40 66
40 67
40 69
40 70
40 71
40 75
40 77
40 80
40 82
40 83
40 84
40 85
40 89
40 92
40 96
40 97
40 98
40 101
40 103
40 104
40 105
40 106
40 108
40 112
40 117
40 119
40 129
40 130
40 132
40 133
40 137
40 138
40 139
40 142
40 143
40 144
40 146
40 150
40 152
40 154
40 155
40 157
40 158
40 159
40 161
41 57
41 75
41 79
41 91
41 125
41 150
41 155
41 156
42 59
42 64
42 67
42 68
42 69
42 71
42 72
42 73
42 80
42 92
42 96
42 97
42 103
42 105
42 108
42 112
42 120
42 125
42 131
42 133
42 137
42 141
42 142
42 152
42 161
43 46
43 51
43 63
43 64
43 65
43 67
43 68
43 69
43 71
43 72
43 81
43 89
43 95
43 96
43 101
43 106
43 109
43 110
43 111
43 115
43 118
43 124
43 131
43 133
43 136
43 137
43 138
43 142
43 146
43 147
43 148
43 150
43 153
43 155
44 46
44 50
44 52
44 57
44 61
44 64
44 65
44 68
44 70
44 72
44 82
44 83
44 89
44 97
44 101
44 102
44 106
44 108
44 109
44 112
44 113
44 115
44 117
44 126
44 128
44 129
44 131
44 134
44 136
44 138
44 139
44 140
44 147
44 152
44 154
45 51
45 52
45 59
45 62
45 66
45 67
45 68
45 72
45 73
45 74
45 75
45 77
45 80
45 81
45 83
45 89
45 90
45 91
45 92
45 93
45 98
45 102
45 103
45 104
45 106
45 108
45 111
45 112
45 113
45 115
45 117
45 121
45 123
45 125
45 128
45 129
45 131
45 133
45 134
45 136
45 137
45 138
45 141
45 142
45 144
45 145
45 146
45 149
45 151
45 152
45 154
45 157
45 159
45 160
45 161
46 56
46 60
46 62
46 64
46 70
46 79
46 90
46 94
46 96
46 110
46 111
46 117
46 119
46 125
46 127
46 138
46 143
46 148
46 152
46 154
46 158
47 55
47 106
47 118
47 123
47 144
48 49
48 51
48 53
48 55
48 66
48 67
48 69
48 70
48 74
48 78
48 83
48 85
48 87
48 89
48 91
48 94
48 95
48 109
48 113
48 132
48 133
48 141
48 150
48 154
48 155
49 51
49 53
49 54
49 55
49 59
49 61
49 63
49 65
49 67
49 68
49 69
49 70
49 72
49 73
49 74
49 87
49 89
49 91
49 96
49 99
49 100
49 101
49 102
49 105
49 108
49 109
49 110
49 111
49 112
49 113
49 115
49 116
49 117
49 122
49 125
49 128
49 129
49 134
49 137
49 138
49 139
49 141
49 143
49 145
49 146
49 148
49 151
49 152
49 153
49 154
49 156
49 161
50 54
50 55
50 56
50 61
50 67
50 73
50 79
50 84
50 85
50 86
50 87
50 101
50 102
50 106
50 112
50 116
50 118
50 120
50 141
50 142
50 146
50 149
50 153
50 160
50 161
51 52
51 54
51 57
51 59
51 63
51 67
51 68
51 70
51 73
51 74
51 79
51 80
51 82
51 83
51 87
51 88
51 90
51 91
51 95
51 96
51 99
51 101
51 104
51 105
51 106
51 108
51 110
51 112
51 113
51 116
51 117
51 126
51 127
51 129
51 130
51 131
51 133
51 134
51 135
51 137
51 140
51 141
51 145
51 146
51 149
51 150
51 153
51 154
51 159
51 161
52 54
52 56
52 58
52 61
52 70
52 71
52 72
52 77
52 82
52 84
52 85
52 86
52 93
52 97
52 104
52 106
52 107
52 112
52 113
52 122
52 133
52 134
52 138
52 142
52 145
52 151
52 152
52 157
52 159
52 161
53 54
53 55
53 72
53 74
53 80
53 87
53 88
53 92
53 102
53 105
53 110
53 111
53 112
53 113
53 114
53 116
53 129
53 136
53 139
53 145
53 149
53 152
53 157
54 55
54 57
54 58
54 59
54 63
54 65
54 67
54 68
54 70
54 71
54 72
54 73
54 74
54 75
54 76
54 86
54 90
54 91
54 93
54 99
54 101
54 102
54 104
54 105
54 109
54 111
54 112
54 113
54 117
54 118
54 119
54 123
54 125
54 131
54 133
54 135
54 137
54 139
54 142
54 156
54 157
55 58
55 59
55 65
55 67
55 68
55 71
55 72
55 75
55 89
55 94
55 101
55 110
55 114
55 129
55 131
55 134
55 135
55 142
55 149
55 150
55 151
55 160
56 58
56 61
56 64
56 67
56 69
56 73
56 74
56 75
56 77
56 79
56 91
56 93
56 97
56 100
56 105
56 107
56 113
56 114
56 115
56 116
56 117
56 119
56 122
56 129
56 135
56 137
56 142
56 147
56 150
56 152
56 153
56 154
56 158
57 67
57 69
57 76
57 77
57 84
57 98
57 101
57 102
57 108
57 109
57 111
57 113
57 125
57 131
57 135
57 142
57 145
57 148
57 151
57 153
57 160
58 66
58 69
58 70
58 71
58 72
58 73
58 74
58 83
58 87
58 89
58 93
58 98
58 104
58 106
58 107
58 108
58 112
58 115
58 117
58 118
58 121
58 125
58 126
58 128
58 131
58 136
58 137
58 139
58 141
58 142
58 154
58 160
59 62
59 64
59 69
59 76
59 77
59 79
59 84
59 92
59 97
59 98
59 104
59 107
59 108
59 110
59 111
59 114
59 136
59 137
59 141
59 146
59 152
59 155
59 158
60 67
60 72
60 89
60 102
60 108
60 113
60 123
60 129
60 130
60 131
60 138
60 142
60 143
60 145
60 154
61 64
61 66
61 67
61 68
61 70
61 73
61 75
61 78
61 83
61 89
61 94
61 98
61 100
61 101
61 105
61 112
61 114
61 115
61 117
61 129
61 130
61 132
61 134
61 136
61 138
61 145
61 147
61 149
61 153
61 156
61 158
61 159
61 161
62 68
62 71
62 74
62 77
62 81
62 89
62 96
62 97
62 103
62 106
62 114
62 115
62 129
62 145
62 157
63 66
63 67
63 71
63 72
63 73
63 75
63 80
63 83
63 88
63 91
63 94
63 99
63 101
63 104
63 106
63 109
63 110
63 117
63 120
63 122
63 126
63 131
63 134
63 135
63 137
63 138
63 141
63 142
63 145
63 157
63 161
64 65
64 66
64 68
64 69
64 70
64 72
64 75
64 89
64 91
64 93
64 95
64 98
64 100
64 101
64 105
64 108
64 109
64 111
64 117
64 118
64 121
64 125
64 129
64 130
64 131
64 135
64 137
64 138
64 139
64 142
64 143
64 145
64 146
64 149
64 150
64 151
64 153
64 154
64 155
64 156
64 157
64 158
64 159
64 161
65 67
65 68
65 72
65 77
65 79
65 81
65 82
65 86
65 87
65 88
65 90
65 93
65 96
65 97
65 99
65 101
65 102
65 104
65 105
65 107
65 108
65 109
65 112
65 114
65 115
65 116
65 117
65 124
65 125
65 130
65 131
65 134
65 136
65 137
65 138
65 139
65 141
65 146
65 152
65 155
65 158
65 160
66 80
66 89
66 99
66 101
66 102
66 104
66 105
66 106
66 111
66 113
66 114
66 116
66 117
66 120
66 122
66 125
66 126
66 129
66 134
66 137
66 138
66 139
66 140
66 141
66 142
66 147
66 151
66 152
66 157
67 68
67 69
67 70
67 71
67 73
67 75
67 81
67 82
67 84
67 87
67 89
67 91
67 94
67 96
67 99
67 100
67 102
67 106
67 107
67 108
67 109
67 111
67 112
67 113
67 114
67 115
67 117
67 119
67 123
67 130
67 134
67 136
67 137
67 139
67 141
67 142
67 149
67 150
67 151
67 152
67 154
67 156
67 157
67 160
67 161
68 69
68 70
68 71
68 72
68 75
68 78
68 80
68 81
68 87
68 89
68 93
68 101
68 106
68 113
68 115
68 118
68 121
68 126
68 129
68 130
68 131
68 133
68 135
68 136
68 138
68 139
68 141
68 143
68 144
68 145
68 147
68 152
68 154
68 157
68 161
69 70
69 71
69 74
69 77
69 80
69 83
69 84
69 85
69 86
69 87
69 89
69 92
69 96
69 98
69 99
69 101
69 111
69 112
69 114
69 115
69 117
69 119
69 129
69 133
69 134
69 135
69 138
69 139
69 141
69 142
69 143
69 145
69 146
69 147
69 149
69 152
69 154
69 160
69 161
70 71
70 72
70 76
70 77
70 78
70 79
70 80
70 81
70 83
70 86
70 89
70 91
70 94
70 97
70 100
70 102
70 106
70 108
70 111
70 112
70 114
70 115
70 117
70 118
70 122
70 126
70 131
70 134
70 137
70 139
70 140
70 141
70 145
70 154
70 155
70 157
70 158
71 72
71 73
71 80
71 83
71 85
71 88
71 92
71 99
71 100
71 102
71 106
71 110
71 113
71 117
71 118
71 134
71 135
71 142
71 152
71 155
71 157
71 158
71 161
72 80
72 87
72 88
72 91
72 95
72 97
72 98
72 99
72 101
72 102
72 105
72 106
72 112
72 113
72 115
72 117
72 118
72 126
72 129
72 130
72 131
72 134
72 135
72 136
72 137
72 140
72 142
72 146
72 147
72 149
72 150
72 155
72 158
72 161
73 74
73 75
73 77
73 81
73 84
73 92
73 97
73 101
73 104
73 106
73 108
73 113
73 116
73 117
73 118
73 120
73 128
73 129
73 132
73 133
73 138
73 139
73 148
73 149
73 151
73 152
73 153
73 157
73 159
73 160
73 161
74 77
74 84
74 87
74 90
74 92
74 93
74 94
74 97
74 99
74 100
74 102
74 103
74 106
74 108
74 110
74 111
74 112
74 113
74 117
74 118
74 119
74 122
74 125
74 126
74 129
74 130
74 133
74 135
74 138
74 140
74 142
74 146
74 147
74 149
74 153
74 154
74 157
74 161
75 77
75 79
75 80
75 81
75 83
75 84
75 88
75 92
75 93
75 97
75 102
75 104
75 108
75 115
75 117
75 118
75 124
75 131
75 134
75 137
75 138
75 141
75 142
75 143
75 151
75 159
76 79
76 81
76 84
76 87
76 101
76 105
76 110
76 111
76 129
76 138
76 146
76 157
77 79
77 90
77 96
77 97
77 105
77 106
77 107
77 109
77 112
77 113
77 117
77 118
77 121
77 125
77 131
77 134
77 136
77 137
77 138
77 139
77 141
77 143
77 145
77 150
77 152
77 154
77 156
77 157
77 159
77 160
78 87
78 100
78 102
78 106
78 108
78 109
78 120
78 149
78 152
78 153
79 80
79 83
79 84
79 94
79 97
79 98
79 101
79 102
79 104
79 105
79 106
79 109
79 110
79 113
79 119
79 125
79 126
79 128
79 129
79 133
79 135
79 138
79 141
79 142
79 145
79 146
79 147
79 150
79 152
79 155
79 156
79 160
80 82
80 85
80 86
80 97
80 100
80 109
80 110
80 112
80 115
80 117
80 125
80 126
80 137
80 141
80 145
80 149
80 157
81 95
81 100
81 105
81 106
81 118
81 121
81 129
81 138
81 144
81 152
81 154
81 157
82 89
82 94
82 101
82 103
82 106
82 109
82 111
82 127
82 135
82 136
82 138
82 139
82 141
82 145
82 147
82 149
82 152
82 157
83 88
83 92
83 94
83 98
83 104
83 108
83 113
83 125
83 129
83 138
83 139
83 142
83 143
83 145
83 150
83 153
84 87
84 89
84 99
84 100
84 101
84 103
84 106
84 111
84 112
84 113
84 114
84 115
84 117
84 118
84 119
84 127
84 128
84 129
84 130
84 133
84 134
84 135
84 136
84 138
84 149
84 153
84 154
84 157
84 158
84 161
85 87
85 100
85 101
85 103
85 107
85 108
85 109
85 113
85 118
85 122
85 125
85 133
85 145
85 146
85 148
85 150
85 151
85 156
86 90
86 92
86 94
86 107
86 112
86 115
86 118
86 129
86 133
86 138
86 141
86 145
86 151
86 157
86 158
86 161
87 89
87 95
87 97
87 103
87 105
87 106
87 110
87 111
87 112
87 113
87 114
87 115
87 119
87 123
87 125
87 129
87 130
87 136
87 146
87 147
87 151
87 155
87 161
88 90
88 92
88 98
88 103
88 109
88 116
88 122
88 142
88 143
88 146
88 149
88 151
88 152
89 95
89 96
89 103
89 106
89 108
89 110
89 111
89 112
89 113
89 115
89 116
89 117
89 126
89 127
89 129
89 131
89 135
89 141
89 143
89 144
89 146
89 147
89 152
89 156
89 157
89 160
89 161
90 104
90 108
90 109
90 116
90 131
90 151
90 156
91 94
91 97
91 103
91 104
91 106
91 108
91 111
91 112
91 114
91 115
91 133
91 134
91 146
91 147
91 149
91 151
91 154
92 94
92 103
92 108
92 109
92 111
92 115
92 119
92 131
92 151
92 153
93 96
93 107
93 108
93 109
93 112
93 114
93 118
93 124
93 125
93 129
93 141
93 142
93 143
93 149
93 151
93 152
93 155
93 161
94 98
94 99
94 100
94 102
94 108
94 111
94 112
94 113
94 114
94 115
94 116
94 117
94 118
94 125
94 126
94 127
94 131
94 134
94 137
94 142
94 144
94 145
94 147
94 150
94 151
94 152
94 153
94 157
94 158
94 159
95 97
95 102
95 106
95 112
95 117
95 130
95 134
95 142
95 151
96 108
96 111
96 118
96 124
96 126
96 129
96 131
96 146
96 147
96 152
96 160
97 99
97 101
97 103
97 105
97 106
97 111
97 113
97 116
97 125
97 126
97 128
97 129
97 130
97 135
97 139
97 140
97 142
97 145
97 147
97 150
97 152
97 153
97 154
97 158
97 159
97 160
98 99
98 101
98 106
98 108
98 114
98 115
98 125
98 126
98 127
98 130
98 138
98 142
98 143
98 147
98 150
98 151
98 152
98 153
99 102
99 108
99 113
99 114
99 117
99 122
99 125
99 126
99 141
99 142
99 145
99 146
99 150
99 153
99 154
99 157
100 108
100 109
100 114
100 117
100 120
100 121
100 124
100 128
100 136
100 137
100 138
100 143
100 147
100 149
100 152
100 153
100 160
100 161
101 103
101 105
101 106
101 108
101 109
101 112
101 116
101 117
101 118
101 124
101 126
101 128
101 129
101 142
101 143
101 145
101 147
101 148
101 157
101 159
101 161
102 107
102 108
102 109
102 112
102 120
102 121
102 125
102 127
102 128
102 129
102 130
102 135
102 139
102 140
102 143
102 146
102 147
102 149
102 151
102 160
102 161
103 104
103 105
103 106
103 112
103 113
103 114
103 121
103 123
103 125
103 127
103 130
103 131
103 134
103 136
103 137
103 138
103 147
103 149
103 150
103 152
103 154
103 155
104 109
104 111
104 112
104 115
104 116
104 117
104 122
104 127
104 128
104 129
104 131
104 133
104 137
104 140
104 142
104 147
104 149
104 152
104 157
104 158
105 112
105 113
105 125
105 126
105 137
105 138
105 142
105 143
105 144
105 146
105 147
105 157
106 107
106 109
106 115
106 116
106 117
106 120
106 123
106 125
106 128
106 130
106 134
106 135
106 136
106 139
106 142
106 147
106 149
106 151
106 152
106 153
106 155
106 160
106 161
107 112
107 117
107 125
107 134
107 142
107 148
107 158
107 160
108 111
108 114
108 115
108 118
108 119
108 121
108 134
108 135
108 138
108 139
108 141
108 143
108 145
108 147
108 154
108 155
108 156
108 161
109 111
109 114
109 117
109 122
109 129
109 131
109 134
109 135
109 139
109 140
109 142
109 143
109 146
109 150
109 152
109 153
109 156
109 158
109 161
110 111
110 112
110 114
110 116
110 129
110 131
110 136
110 139
110 142
110 147
110 149
110 152
111 113
111 115
111 121
111 126
111 131
111 134
111 138
111 139
111 141
111 142
111 147
111 151
111 158
112 113
112 114
112 115
112 117
112 118
112 119
112 120
112 122
112 131
112 133
112 134
112 136
112 138
112 142
112 149
112 151
112 152
112 159
112 160
112 161
113 114
113 115
113 116
113 118
113 119
113 120
113 122
113 125
113 126
113 127
113 130
113 132
113 133
113 134
113 138
113 140
113 143
113 144
113 145
113 146
113 147
113 152
113 153
113 154
113 161
114 117
114 122
114 123
114 125
114 129
114 134
114 138
114 139
114 140
114 143
114 151
114 152
114 153
114 155
114 159
114 160
115 117
115 118
115 123
115 124
115 126
115 130
115 133
115 134
115 136
115 137
115 138
115 145
115 146
115 147
115 148
115 149
115 151
115 152
115 157
115 160
116 117
116 135
116 140
116 147
116 153
117 118
117 121
117 128
117 129
117 132
117 133
117 134
117 135
117 137
117 138
117 139
117 140
117 142
117 146
117 147
117 148
117 150
117 151
117 152
117 155
117 157
117 159
117 161
118 122
118 123
118 125
118 130
118 135
118 138
118 142
118 143
118 147
118 151
118 152
118 154
118 155
118 158
118 159
119 125
119 126
119 128
119 134
119 137
119 140
119 151
120 131
120 154
120 161
121 127
121 133
121 134
121 135
121 141
121 150
121 154
121 159
122 125
122 141
122 148
122 149
122 150
122 151
122 152
122 153
122 154
122 161
123 134
123 138
123 139
123 152
123 153
124 133
124 134
124 152
125 131
125 132
125 133
125 134
125 135
125 137
125 138
125 139
125 142
125 145
125 150
125 152
125 153
125 157
126 129
126 133
126 137
126 138
126 139
126 142
126 145
126 147
126 148
126 151
126 156
126 158
127 131
127 135
127 136
127 137
127 139
127 143
127 145
127 149
127 157
127 160
128 135
128 138
128 140
128 149
128 150
128 151
128 157
128 159
128 160
128 161
129 132
129 133
129 134
129 135
129 140
129 146
129 147
129 148
129 150
129 151
129 154
129 157
129 159
129 161
130 133
130 136
130 138
130 141
130 154
130 158
131 135
131 137
131 141
131 142
131 143
131 146
131 147
131 150
131 153
131 157
131 158
131 160
131 161
132 133
132 135
132 138
132 139
132 145
132 146
132 149
132 159
132 160
133 139
133 140
133 141
133 143
133 146
133 151
133 152
133 157
133 158
133 159
134 135
134 138
134 141
134 142
134 146
134 150
134 152
134 161
135 136
135 137
135 138
135 140
135 142
135 147
135 148
135 149
135 151
135 154
135 159
136 141
136 146
136 147
136 148
136 156
136 160
136 161
137 138
137 143
137 145
137 146
137 147
137 149
137 156
138 139
138 141
138 142
138 143
138 144
138 145
138 146
138 147
138 149
138 152
138 153
138 158
138 161
139 141
139 146
139 149
139 150
139 152
139 153
139 154
140 146
140 148
140 154
141 142
141 143
141 147
141 150
141 153
141 157
142 145
142 146
142 149
142 150
142 151
142 154
143 147
143 152
143 158
143 161
144 155
145 150
145 152
145 155
146 150
146 152
146 154
146 155
146 158
146 160
147 152
147 153
147 154
147 156
147 159
147 161
148 157
149 150
149 153
149 154
149 157
150 154
150 158
150 160
150 161
151 152
151 154
151 155
151 157
152 153
152 154
152 157
152 161
153 155
153 157
153 160
154 158
154 160
156 158
157 158
157 161
158 159
158 160
