0 7 0.7778126290718733
0 8 0.07425263442997083
0 9 1.823286327643077
0 10 0.34194042704530636
0 14 0.5915455295678422
0 17 0.9691194761750057
0 19 0.44771289573357126
0 25 1.5919588733366723
0 32 3.369108178268715
0 36 0.3025967862859753
0 38 0.011506540276849601
0 39 0.3758955820452256
0 40 1.5372797389382278
0 43 0.28138566400351533
0 45 2.130984609950921
0 51 1.975701500765363
0 54 0.30830367718453755
0 67 0.053529948419187304
0 70 0.1799789719175588
0 73 3.3004589714553663
0 76 1.2094033410360425
0 77 2.759754485722226
0 83 0.35064185885427085
0 85 0.2275574271360251
0 94 1.2920837470637458
0 97 0.4208957347054219
0 99 1.761764685639466
0 101 0.1766254407504763
0 108 0.733003385833653
0 115 0.2777873611284589
0 116 0.40982221017510106
0 117 0.14371593744921338
0 119 0.10997298701469377
0 126 0.6631068050923945
0 128 0.2244058056092878
0 131 0.08120658607026375
0 133 0.6967787823575936
0 135 0.0306138593660607
0 136 0.7429560580539887
0 147 0.7133190177604138
1 2 0.36872109100251454
1 3 0.8203074234745135
1 4 1.3906659819780862
1 6 2.27894055406704
1 12 0.23964662297112674
1 14 7.828799948943233
1 16 2.8545237607792653
1 18 0.9363410309436072
1 23 4.021860848276394
1 24 0.5876909495579367
1 29 0.9493153325014493
1 37 1.4807563843588092
1 38 0.20126865216943068
1 40 0.053719223611649804
1 42 0.18021524612202539
1 43 0.4646493698739967
1 44 0.23078813156228425
1 49 0.3452607970584151
1 51 1.0836300803595589
1 54 1.2235625654872846
1 55 0.3593299046558379
1 58 1.5004538567859111
1 59 0.48469576623487604
1 63 0.20100244279333135
1 64 0.7873575331751685
1 65 0.27397040721071647
1 67 0.05149138044277741
1 68 0.4387649092846692
1 70 0.21305777198863327
1 71 0.2733605427681331
1 77 3.5045528463656717
1 97 0.823506739305996
1 101 0.32012608065829085
1 105 0.6402530189473075
1 114 2.828954590957503
1 115 1.5552436564176093
1 118 0.0033987421993277155
1 123 0.5259238597062786
1 125 0.1058268134353094
1 135 0.19998503977032947
1 137 0.6035212006510422
1 145 0.1092248633433595
1 151 0.43503742865461614
1 161 0.010669248521425366
2 3 0.06403550208233458
2 7 0.041286238464721035
2 12 2.2908624354729
2 17 0.6197858574417224
2 27 2.3963851729158874
2 31 1.6282001203508212
2 58 4.760130241560861
2 61 1.0024814667041642
2 62 0.5593023300995104
2 66 0.7623794281345879
2 74 0.5170031326545752
2 84 0.4958295046254096
2 86 2.0064889219040825
2 97 2.1695107809086704
2 101 2.615681928720612
2 104 0.42593966921412135
2 105 1.0380285347619493
2 118 0.07434785123692082
2 125 0.10487220016562934
2 135 0.36846584788391196
2 142 0.6186237527396635
2 147 1.1497313816027253
2 152 3.991004565159983
2 154 0.3424944817019773
2 158 0.4037654481930016
3 12 0.1925142498616634
3 13 0.30505917223822615
3 26 2.07851055706687
3 27 0.4312865189443375
3 32 1.7832569953920847
3 34 0.0998880875388702
3 35 0.7521709691017116
3 38 1.9861847153444523
3 43 3.064144621536309
3 44 1.5424682707232655
3 46 0.48047071625470833
3 51 0.45394730964516833
3 56 1.0932107942645135
3 68 0.34148015962622985
3 73 0.6659743768176459
3 85 3.6603810772904537
3 88 2.4361317396186086
3 89 0.21254348365898068
3 90 0.005634100047484517
3 93 0.09710475673416244
3 100 0.7047890435076926
3 108 1.317423285196572
3 109 0.21325952434614634
3 111 0.7563384872542751
3 113 2.2013756744156048
3 116 0.24603713434444557
3 117 1.2567605600545415
3 120 0.8789494287367005
3 126 2.175622937390722
3 131 0.6975117869891773
3 136 0.07209527782560471
3 152 0.24978775322491586
4 7 0.12878783155867451
4 11 1.4690916212849814
4 14 0.9890424571228824
4 17 0.25708213265904833
4 18 0.44056761849817583
4 21 0.8741950791509815
4 30 0.4478926745210912
4 31 1.6590898704424624
4 32 0.3807029050571204
4 34 0.23575400451687636
4 37 0.017835460420483524
4 38 0.19832770354515583
4 40 1.2835954127886127
4 45 2.339687084181125
4 51 0.8923577225430598
4 52 0.15480016125724272
4 53 0.07779767202931157
4 54 0.34949400215444215
4 55 0.13471882181605657
4 58 0.44518092983816315
4 60 4.115725791878106
4 63 2.7837414120969886
4 64 1.486185812888008
4 67 0.6447070399675803
4 68 0.12859580021951178
4 69 0.1038593975913186
4 70 0.05056232633811866
4 73 0.49212701967939215
4 74 0.36381095741319797
4 77 0.12960427357541682
4 79 1.9076891391246202
4 80 0.34157815405132874
4 81 1.5286448744902732
4 84 0.3609266921727001
4 86 0.47611731997755025
4 87 0.6980266937074606
4 89 0.4138817720278334
4 90 0.18161159961573722
4 91 0.2495720877749644
4 92 0.9610415683342854
4 93 0.19875930524847485
4 94 0.21960129647534044
4 96 0.48614032850829375
4 100 1.3514499181332733
4 102 0.07644214933508502
4 104 0.0970425373169428
4 106 1.3373773477014261
4 114 0.013308617511126485
4 115 0.17289703615967272
4 116 0.9724823256426037
4 118 0.006911435390628436
4 120 0.06491299929129245
4 121 1.7317906958683082
4 123 5.25023502041602
4 125 1.4005631223490234
4 127 0.6595194960226024
4 129 1.8262698827427377
4 131 0.3757091519108745
4 135 0.034488351319177976
4 137 0.5927883963605706
4 147 1.1541871923547924
4 152 2.0919362652307787
4 153 0.5181167943060816
4 157 0.25545716075387176
4 159 0.669607224599778
5 11 1.857896063781157
5 14 11.693508936263425
5 19 0.8623632988027682
5 34 1.1255467686522476
5 53 1.289637765416687
5 63 0.26901005237426934
5 67 0.506764776338597
5 68 9.930898229514636
5 84 6.331235673704915
5 95 12.882140129286809
5 130 3.1010765925219874
5 134 0.9313681012392832
5 143 0.9064590176872837
5 145 0.8759860878435058
5 152 10.88042080062086
6 8 18.685309527467464
6 10 1.8210956819940487
6 12 1.0900440387049777
6 14 29.139828234791022
6 15 1.360839286400203
6 18 0.7392715162000089
6 19 1.101680264462583
6 25 0.33472742235323644
6 26 2063222.7386609635
6 28 48.34408748520394
6 30 0.22837941228857087
6 32 7.017326236334373
6 38 0.4608527042161048
6 40 1.5507779111632713
6 50 1.2881550265291921
6 51 430070.0476252373
6 53 1.9255011093621133
6 54 198.18032629327286
6 55 5.802394708573809
6 56 0.5033261547715387
6 63 0.04267106396882164
6 64 0.7806686451217576
6 65 5.8650834129158
6 66 0.040785992841012184
6 67 5.435025302589631
6 71 12.987008050199556
6 78 1.7221966749498334
6 81 0.18483078910197448
6 83 0.2884012983193977
6 89 0.06388234506046322
6 93 0.2675738574729413
6 94 5.49696934646548
6 95 49.87837485281107
6 97 0.07017065095073252
6 99 5.339748786521707
6 105 0.22792318039163975
6 107 5.001206485695549
6 108 9.962992508221392
6 113 0.3670480707440383
6 114 701397.5268438914
6 116 0.6191787482269046
6 117 3.8749640591978807
6 118 2.754249173391273
6 121 0.5255010036338413
6 122 9.421787577019687
6 125 3.904093260650705
6 126 0.2170907826151213
6 129 6.841944437369737
6 130 52.77843438273221
6 133 2298791.6546675544
6 135 1.5347491488797655
6 136 2.8600579464236873
6 141 1.5251089397686894
6 142 1.3364225579719606
6 143 1.4417924390513723
6 144 2.1072625639394835
6 146 0.18758469351293763
6 150 0.18471071659395674
6 151 10.700458575187314
6 153 0.4963059439096877
6 154 2293606.4517205227
6 155 0.26587954751312776
6 157 3.036412104482921
6 159 0.636699611377458
6 161 737940.3769216919
7 10 0.965019094335658
7 18 0.1924990160412505
7 19 2.9093032379788224
7 21 1.2379085282897155
7 23 2.7746775716634837
7 24 0.4542221581869122
7 25 0.8971393197905068
7 29 0.6755284859495548
7 30 0.36046667491252526
7 31 0.007938869067308363
7 32 0.7472274427040506
7 34 0.3118583131975185
7 36 0.07621036858729875
7 38 0.0772009122186647
7 42 1.130727606455159
7 43 0.03637792043146435
7 44 1.775165761532122
7 48 1.1535048806967516
7 49 0.7525224692089697
7 51 0.7945227840448409
7 58 1.16494588877471
7 62 0.05689871240770189
7 63 0.9698122172312449
7 64 0.12837673571299332
7 65 0.4769274126550395
7 66 1.09796166801004
7 67 0.5651853157057188
7 68 1.5009164556380337
7 70 0.33190981303554695
7 71 2.347182194400583
7 74 1.5369121754248216
7 76 0.5774514374482572
7 77 0.46475154363323984
7 79 0.9599468453786646
7 84 0.5955725254982694
7 88 0.35231328713965887
7 89 1.4589528430517729
7 91 1.0664787419595492
7 93 0.36315312864196553
7 94 0.06647998081637242
7 95 0.5224494308250416
7 100 0.34940198695964786
7 101 3.097182392776013
7 106 0.03782696591898451
7 107 0.08663066352797455
7 108 0.7387628176924307
7 110 2.860144108790774
7 112 0.40891800150143387
7 113 0.021860464360497812
7 114 0.023694079095355078
7 115 0.26057126878675957
7 116 0.47192160870031763
7 117 0.10106396526659243
7 118 0.05804893048750727
7 125 1.581129081289061
7 127 0.9543203701815215
7 128 0.7164142024160569
7 134 0.34250669402142686
7 137 1.0579556475061138
7 144 0.5501540261507969
7 145 1.2246845996579276
7 146 0.30638673311015613
7 150 0.2044131510334668
7 154 2.1321675395001556
7 155 0.11309130945878831
7 157 1.0585519772839922
7 159 2.169093839911495
8 9 4.135193750285069
8 11 0.48744021207702887
8 15 1.5157720307757656
8 21 2.6093291292321665
8 29 0.8906071935488887
8 41 4.090868127844949
8 45 5.606789454610233
8 57 7.478459535045645
8 58 0.9934321603365164
8 66 1.3703975882687585
8 67 3.200579828150841
8 68 8.252073434248787
8 70 2.7650842383676504
8 72 0.0412342873892945
8 74 10.774934719724008
8 92 1.3291154464114663
8 93 0.5357148056284746
8 94 6.705421062501464
8 100 1.1414150578403335
8 101 6.0935877058060735
8 113 0.407711932707221
8 116 0.17530944763492445
8 135 1.0986223171212441
8 137 12.510523240625743
8 142 1.6694901295322557
8 152 6.88805414647965
8 153 3.4473035441820357
8 157 0.32433284211021357
9 10 0.6384545494934689
9 11 1.0840953364392074
9 12 0.04167679673654274
9 14 0.7086809038931142
9 19 8.713855609901529
9 22 0.2537062840993171
9 26 1.440993112978165
9 30 0.23319415746128228
9 34 0.07849956588676126
9 38 0.3227786845949895
9 40 0.48594310600354507
9 41 0.9527247678804232
9 43 0.22208819587199805
9 51 3.790421189864958
9 57 6.964707915700714
9 61 0.8444763553006311
9 63 0.10825848044261059
9 66 1.0689928858013549
9 69 0.8521190066655402
9 71 0.6297674153455836
9 72 2.474182366729192
9 79 3.5832085536256986
9 82 0.6215621845122843
9 85 0.6219214436317536
9 89 0.5632783305793154
9 91 0.4155074703172277
9 93 0.5155683961779451
9 94 8.581054447892365
9 97 1.1042910667988728
9 108 0.6915831843075386
9 109 3.2238434413382215
9 110 0.727610931525669
9 111 1.820568098733823
9 113 2.3116240867439313
9 114 13.830306633764868
9 118 0.011129396789639225
9 119 0.49181435645090366
9 121 0.46518323749751167
9 126 2.472861586437314
9 128 1.394064921486432
9 129 4.9125873774817155
9 132 1.4543068504551584
9 133 2.452340051124567
9 138 1.0413716460703921
9 141 0.545361721961119
9 145 0.21319274262547455
9 146 0.5503770946338227
9 147 3.816295377225097
9 149 0.2708675784434642
9 154 5.491937216393
9 155 3.2994303301386667
9 157 0.6099698574225126
9 159 0.9815774126686841
10 11 0.09227823979454708
10 14 2.8924508494226693
10 15 0.4905576637768566
10 18 0.10618216393251116
10 19 0.9487777949434643
10 21 3.920269740244785
10 26 1.6627665942444738
10 27 1.292754107601431
10 30 0.4477088761696511
10 31 2.004336337972105
10 35 0.691360385179056
10 36 1.956804967543874
10 37 0.8881338526054892
10 40 0.888542304297735
10 48 0.6176843476237853
10 51 1.5825408386907627
10 55 0.07608738167187652
10 58 0.9924747528705109
10 61 0.5781328683417407
10 66 0.24209882832535948
10 67 0.20246265019210347
10 69 0.01161141845650454
10 73 1.5042297464994236
10 74 1.6869369921581105
10 84 0.3939926819426078
10 85 0.01341022943987232
10 86 1.0610166363938869
10 88 0.8476602886668637
10 98 0.2848094553633372
10 101 0.20640429783380743
10 106 0.8459807924065843
10 107 1.1238259685012606
10 112 1.1738851429075103
10 115 0.22434157498891458
10 122 0.6726885654856775
10 125 1.474139147769627
10 126 0.0827520764568922
10 127 4.235762001422647
10 128 3.4309219713330283
10 131 0.5172452786929391
10 133 0.5858950431281128
10 135 1.9960500965132046
10 138 0.24579500696563727
10 139 2.635639491290568
10 141 1.1102790889888265
10 142 0.01803024190378602
10 153 0.8476690442834256
10 154 3.058608630490928
10 158 1.0949857673618468
10 160 1.0083362778509724
11 15 0.48207172157449674
11 16 3.394815615251714
11 18 0.6171926921723251
11 20 0.10248811906981051
11 21 0.767447377999624
11 33 0.4688473981733986
11 35 4.423146172689424
11 43 1.1941265650155015
11 48 0.8846638695491459
11 49 2.5452519826287143
11 50 0.3341970711286126
11 57 0.0726090106519022
11 58 1.0815224820926703
11 59 0.48180922656678976
11 64 1.7689749481007258
11 66 2.7834845552307486
11 67 0.22043235156017305
11 68 0.20318194502143574
11 71 5.757664589670003
11 72 3.1446757513937156
11 73 1.6392163904501156
11 76 4.366692599919003
11 81 0.016784171583353685
11 83 1.0921957141388439
11 88 2.4894421352161036
11 91 0.9671154536308781
11 96 0.4726725583208177
11 104 3.786118950723106
11 105 0.06148845754066775
11 106 0.6202143526763236
11 107 0.20169928326267264
11 111 2.2140955495026295
11 115 0.1891134693119982
11 125 2.7494584114719998
11 126 3.579410613200264
11 128 4.7860695873442705
11 133 64.57136688674362
11 135 1.6652604362701464
11 137 25.47705928227604
11 139 1.0224823146642872
11 141 0.40775788856277556
11 151 0.7903302372321663
11 155 1.4767953016308963
11 158 0.3523067441138338
11 159 2.3391256005964367
12 13 1.2789535788957975
12 16 0.29128155053774035
12 17 1.2516954312885056
12 18 2.236638154002464
12 19 0.4779486818220067
12 25 0.5148580704669808
12 30 0.2307041219463668
12 31 0.30419451100356376
12 32 1.2623015488227365
12 50 1.159493498919204
12 54 1.5690905451558341
12 59 0.12133376817230124
12 63 0.6248347183989785
12 66 0.258475544303483
12 72 1.2546957356251793
12 74 1.829836445071201
12 79 1.1657654078353499
12 101 0.1094082712529627
12 102 0.6886868175040539
12 105 0.7220851818725874
12 106 1.618574085642726
12 107 1.6069227109491655
12 109 1.824906004226113
12 114 0.35118270904644705
12 115 0.6398743075275737
12 117 1.999990809363329
12 118 0.5800346516749906
12 120 0.35315379373597905
12 122 0.09795908042643885
12 123 1.0286013891376242
12 127 0.6009740928679382
12 129 0.15646846717881147
12 132 1.2157107615863352
12 136 0.11682566892557661
12 139 0.9794892366821688
12 141 1.0181505585319508
12 145 0.2716411943629076
12 148 0.3232472984205793
12 152 2.0612979323995564
12 157 2.5713412822382042
12 159 0.6022111749640384
13 15 0.07832459907484783
13 17 0.8758115592068185
13 19 0.12642884654628628
13 22 0.20750195016422143
13 24 0.7805443779664656
13 29 0.13667483217149487
13 35 0.6688127803022502
13 39 0.3845088409853231
13 43 0.18561171492064896
13 44 1.2412946989902633
13 50 0.5061616132517899
13 51 0.9609082220495303
13 54 0.5724077748925602
13 57 0.16475812194075729
13 59 0.2535426663700791
13 61 1.1610592592852478
13 62 1.2182940366998405
13 65 0.2990939499310369
13 69 0.4526309977258894
13 84 0.02269502376846839
13 89 0.8987989706554346
13 97 0.4160729165479501
13 99 0.4625256940451253
13 102 0.6947318573194591
13 105 0.27623906745246846
13 114 0.7744859882374926
13 115 0.764336427852648
13 127 0.02247090432545833
13 136 0.8937149295155002
13 137 0.27851844001232373
13 141 0.48128130132982067
13 143 0.761681780024966
13 147 1.0208564541643967
13 149 0.24908236909283785
13 152 0.163060756690662
13 160 1.128612934767985
13 161 1.4958560510879753
14 16 11.360173680521042
14 18 2.4352316973071395
14 24 1.3265237545059083
14 25 11.359664210086404
14 28 3.0692968090501385
14 32 0.26299811343207713
14 35 2.614070297283062
14 36 2.9877542407086874
14 43 1.902499990119145
14 45 7.49706644098167
14 46 0.2306430987941914
14 49 0.7392277263689141
14 53 3.5559158294280273
14 54 9.984119034175055
14 55 6.0419822200423665
14 63 1.2678152661281665
14 69 0.6719506224157751
14 77 0.25262355220675975
14 79 3.0720229328676965
14 81 0.8994716451393752
14 83 0.4445218183236342
14 87 4.103181191767753
14 88 0.6183199788123265
14 89 0.744441943693049
14 90 3.724646297745478
14 93 1.9888245160484357
14 95 3.7904687480343116
14 100 1.0465362046583264
14 101 13.999568748680018
14 103 0.29537450093505496
14 104 2.648779536351526
14 105 0.2659981840460684
14 109 9.907969314463921
14 111 0.16252172689980135
14 112 0.08188963884155576
14 119 2.383896334255205
14 125 6.775187535365091
14 127 6.008769035292325
14 128 9.615658181336041
14 131 0.01544329291920017
14 136 17.03402447724537
14 137 9.510409049265366
14 138 0.0849757356166999
14 139 17.116041879042363
14 140 2.9294741545558955
14 142 0.30051672203278174
14 147 3.7693596711744837
14 150 2.367502497728358
14 152 1.2247092112784463
14 154 88.38930855002569
14 155 0.14957788360849514
14 157 0.06715268658749783
14 161 30.388833328619192
15 17 0.9574054679604179
15 19 0.3814197843754603
15 30 0.24397815901324396
15 34 0.14334979299147596
15 35 1.7632946873262827
15 36 0.798662884359244
15 49 1.5064592119786393
15 50 0.5528270465531309
15 53 3.1193756963733317
15 54 3.048359810686083
15 57 0.7989009828698395
15 73 0.841015366103035
15 85 0.18451951454657856
15 97 0.04372207122034912
15 101 3.5671770283622277
15 103 0.873948415527333
15 105 0.2394063787615173
15 109 0.07688366677910533
15 113 2.0739061959789025
15 126 2.2154252492172932
15 137 1.8792561364802913
15 149 0.040294349046266074
15 152 11.01628538315275
15 154 1.2401692586779878
15 159 1.2129195659617464
16 20 0.30583066687453764
16 21 3.5842821389765978
16 22 2.57122192108238
16 35 2.275080916238302
16 36 1.0183130455525395
16 43 2.2811795466513742
16 45 3.5811343360521564
16 47 0.8819949617613337
16 50 2.4834686744477774
16 54 6.833868755975439
16 58 0.2181800238985613
16 64 1.104063836892966
16 67 1.0280232830466525
16 69 0.05645305060603777
16 73 2.1640238458200183
16 74 4.66502938318219
16 77 2.580749323600221
16 83 0.14275788542598955
16 94 6.338835012447588
16 95 13.752586789688774
16 99 0.5612170970112066
16 100 1.9136904039252598
16 106 1.6741142483978937
16 108 0.5138743185484596
16 110 0.14058723102754941
16 112 0.03137238829327951
16 115 1.6745610073063304
16 118 4.0403667316033305
16 122 1.4873357839197867
16 124 0.34300959363226957
16 125 3.5653553103485867
16 126 0.7044010514107872
16 129 3.356907901841471
16 130 5.861572583902849
16 131 0.833837756252091
16 135 1.9737009701435329
16 136 2.2022159719924783
16 139 2.8839774554890214
16 142 0.14977223740661316
16 145 0.2822499755993566
16 154 12.595879534159067
16 160 4.509109357427282
17 39 1.0808527176853437
17 51 29.404941104595817
17 56 0.7213616773037086
17 61 0.11896940738026232
17 63 1.8263940099263047
17 65 1.5167492446323532
17 66 0.5603167614238977
17 68 5.441903155578695
17 71 3.2604015779573383
17 73 3.5740535591795357
17 75 1.0226716736503392
17 79 4.413776403374075
17 80 1.811098804517005
17 84 0.1331087976450312
17 94 5.161531778697081
17 119 1.909700110925165
17 128 9.185517881267613
17 136 20.44159970233735
17 137 9.272941526949346
17 142 0.5443358294891724
17 159 2.954915865660655
18 22 2.3718578242067303
18 25 0.9268497721496102
18 32 0.9481700671511649
18 34 0.6956066614772638
18 35 0.6047522546389685
18 38 0.7685808997042867
18 40 0.31702429350055444
18 44 3.1198620937773014
18 50 0.7268544873982941
18 51 0.3828672831437207
18 54 0.41541773607903315
18 55 0.5297724386044896
18 58 0.6778069367539171
18 63 0.2758556114973332
18 67 0.21731366776416908
18 70 0.3300028609361883
18 71 0.3793888468028598
18 72 0.8368146014258889
18 74 1.1418230510401346
18 79 0.6586349732094842
18 84 0.16276339362483674
18 89 1.04009438990494
18 97 0.7507897766938176
18 103 0.33983522024025387
18 108 1.4937430287493407
18 109 1.2677418750311904
18 113 2.2298926462784174
18 115 0.6675132096227965
18 116 0.11505524489333241
18 117 0.2745254760314773
18 118 0.17374648746129687
18 122 0.3556594984838965
18 128 0.9442432296598824
18 136 0.5277003441614756
18 146 0.11114138694607185
18 148 2.362613225186237
18 151 0.3106333901435495
18 152 1.6596033550831635
18 154 0.24940163564699575
18 160 2.641103718783926
18 161 0.8553598079980856
19 21 3.68073025698994
19 23 0.509253173007166
19 26 1.7227046040177054
19 32 5.2418087308871755
19 33 0.7210950124705199
19 34 1.2031604387282542
19 37 0.119966887961548
19 40 0.9823930501253987
19 44 3.6581392226605858
19 46 0.5718013049836426
19 51 0.4707608596877883
19 55 0.07756302713575393
19 58 1.7213921717258063
19 59 0.28951807716647504
19 61 0.18840408969274003
19 63 0.002206143804434993
19 64 1.393153558268959
19 66 1.7938283168296107
19 69 2.5226093673253898
19 72 1.7358451192007909
19 74 0.7005705158368877
19 79 4.937881526383524
19 80 0.7052664815287478
19 82 0.572180511617063
19 84 0.33827400534811763
19 86 1.1316942694936267
19 87 0.04708070769784864
19 88 2.1586820286014707
19 89 0.5692833645024542
19 91 0.09833825180108069
19 93 3.645354176928434
19 102 0.5470459453266365
19 108 3.611341738173506
19 111 0.3055348577231434
19 112 0.07459212015470705
19 113 0.09475157757575364
19 114 1.4284298139373974
19 115 0.24574807495635337
19 116 1.0262528222859368
19 117 1.9065827033458969
19 118 1.7678791513931928
19 123 3.035678829837966
19 128 1.4054021945088913
19 129 1.2701707976517262
19 131 0.3203508025689217
19 132 1.0021560478247897
19 135 0.06785515677106246
19 138 0.1956595384485945
19 140 9.126960422927334
19 141 1.204651563632652
19 144 0.676906785654577
19 149 0.12222116104228264
19 152 5.823798132492707
19 157 0.45110528680219114
19 158 3.1919614048116745
19 159 2.31791092956068
20 22 1.0349745693745582
20 24 0.10038804024372451
20 32 0.00525031825836
20 35 0.08050255000063357
20 43 0.30458634765316217
20 44 0.17643042070857196
20 49 0.17412727151401164
20 52 0.41516300061844885
20 54 1.5965323431417757
20 56 0.076213107497443
20 71 0.28073158839955836
20 73 0.7985137118463786
20 75 0.4301784951860435
20 89 0.4869267446419616
20 102 0.0007894088417008323
20 109 1.0334800146308467
20 118 0.39284276780276767
20 122 0.3537535001509032
20 127 1.1669518431337063
20 134 0.19091380949156359
20 138 0.7456955678593028
20 161 2.6222320379133897
21 25 5.461111639886443
21 26 2.8702013908440196
21 31 2.555446172691799
21 34 0.2429445927795495
21 35 3.437628187196105
21 39 0.9835466168298971
21 41 1.3272098085391553
21 42 4.655953326197376
21 46 0.07672824701448745
21 49 1.3780841604679814
21 50 0.8219237443789505
21 51 10.520799464690954
21 54 0.3539106182665308
21 55 0.800102629478973
21 62 1.1560088844102814
21 63 0.6141420565924507
21 64 3.241187010832639
21 65 0.10095585358849306
21 66 0.17274202103233602
21 68 8.499489833415645
21 70 0.9881857769964372
21 72 0.7880888311774521
21 74 11.846249698926911
21 78 0.2703558498623296
21 79 2.114481913077193
21 82 5.093889591545108
21 88 2.160558566232012
21 93 0.35810201659761254
21 96 0.0013482074311316665
21 97 1.123442713831161
21 99 1.386798331964868
21 102 0.7195256294339871
21 104 4.485799716679276
21 106 0.12831758789202
21 107 16.332936229121476
21 109 0.008420846717357667
21 113 2.0280965945855476
21 114 6.978463231590388
21 115 0.6242066864579344
21 117 7.692003883789371
21 118 1.3246375698535777
21 119 0.21563829993060632
21 126 0.42917490551678183
21 128 13.303953973034757
21 129 2.4188681044048312
21 130 23.66940521157493
21 132 0.4614481553576303
21 133 8.701104901733629
21 136 16.867194940802662
21 137 28.97636220046155
21 138 2.7385842852107007
21 142 1.728626068862008
21 145 0.17833695759879428
21 147 0.031190882442882328
21 149 3.002598047408277
21 150 2.239728218453078
21 152 2.2586150349446927
21 153 0.017860299911170004
21 154 0.47649676719735434
21 157 2.2707744448237146
21 160 3.9316783137594222
22 24 1.8412340640795113
22 37 3.3862214013448533
22 40 4.198841264367129
22 41 2.0675079439165636
22 43 0.4146239678406987
22 50 0.3107527845652659
22 51 8.843017476439318
22 55 3.5103342802273367
22 56 1.409076286334782
22 57 1.4955396235269371
22 61 1.236269035180483
22 64 0.17903097188834355
22 66 0.43643343003628965
22 67 0.8539843882403145
22 72 2.8547453299061267
22 86 0.024475081287263535
22 90 2.1275491475438613
22 94 13.764104013804797
22 102 0.9448804862487827
22 105 0.2152489090328717
22 107 3.8763052656132992
22 109 1.763674378289732
22 110 1.5819459873049633
22 111 2.9511656163235305
22 113 1.969229372963674
22 125 28.879768789539764
22 129 10.137566752871304
22 137 22.002976719374683
22 145 0.3087769464216953
22 146 1.233933638298641
22 153 4.3398413438526875
22 157 1.603797092003799
23 24 1.155119197919672
23 40 8.384177783555398
23 54 0.8761155982918615
23 55 0.04370447587846195
23 62 1.0833012042251664
23 68 4.909478795416195
23 69 4.3770543244491575
23 71 0.9490651999172662
23 75 0.4957190068703334
23 78 1.128885694478934
23 80 0.7213589937321917
23 81 0.22412059106386298
23 84 0.509708070714483
23 86 0.29366260487923324
23 88 1.694951917067224
23 101 0.19057230841906467
23 102 0.09274023576605604
23 116 0.8004457168789144
23 117 3.398357588056686
23 131 0.6258984232433417
23 138 0.17600719700899545
23 150 0.002934106959485791
23 155 0.03546015899924495
23 159 1.0950628285724182
23 160 1.05259937633195
23 161 4.053095406006999
24 29 0.3572035813705285
24 37 1.157506838035526
24 38 0.49430030510796813
24 40 2.4959314597081534
24 44 0.18108243411207461
24 52 0.2567127871886238
24 55 0.05394073905359871
24 56 5.526371666618017
24 73 0.04022067026536341
24 79 5.814289513597397
24 84 0.03467806839010852
24 97 0.2964653693883812
24 98 0.3658185996618241
24 103 0.30360452021812856
24 106 1.342187193141741
24 109 0.39597057198845975
24 116 0.05828072549948032
24 126 0.03214665286010041
24 129 2.716017772525762
24 131 1.9978459131371553
24 138 0.6292188202590028
24 140 0.015594868368665703
24 142 1.167310081680713
24 145 1.8535696496686878
24 146 1.587896742116219
24 149 0.45634312193484294
24 156 0.9553994856326874
25 30 1.0261463706648772
25 34 0.9091955474128792
25 35 0.4672292534302853
25 36 0.6572312285276668
25 39 0.33661140859276845
25 43 0.2879652679687676
25 46 0.12260109759686631
25 56 1.6484030314936564
25 57 3.6119585386515114
25 59 1.179878083647447
25 64 0.9539601476406887
25 66 1.059329657127806
25 67 0.8848776553006573
25 69 0.22408820692606052
25 70 0.7894428453935631
25 72 9.978833429421133
25 75 0.025767340327406157
25 77 1.6729875168323498
25 86 1.1606123212531885
25 88 1.4047536384858816
25 89 2.4518493288860608
25 90 1.2096790361673588
25 91 0.8075031273927821
25 96 1.9028052676944787
25 97 0.25931544791989725
25 98 3.2295096361062083
25 102 0.8404597974323966
25 103 0.7434708049424334
25 110 0.3313545491327913
25 111 1.115382932722786
25 112 0.48185760010169776
25 114 3.0531536629693488
25 120 0.16407127425839976
25 125 3.9408295247156535
25 129 2.386584766240203
25 131 0.03799261733859739
25 138 0.08357925561161603
25 139 3.360691507912338
25 150 2.6851907095421135
25 151 4.721031234714777
25 153 0.31483582439468105
25 155 0.5889467697786179
25 157 0.01888617281223955
25 158 4.089598307001629
25 161 1.2350631624463448
26 28 39.68651836528368
26 30 1.940718125671136
26 32 5.2360808848444504
26 35 2.5996789523410055
26 37 0.4640980751209234
26 39 5.147462102786102
26 40 17.437873129976214
26 41 5.778786708681985
26 42 3.0232169074030435
26 43 7.423528082387319
26 45 2.598489032554599
26 46 0.5059763690997359
26 49 2.5481305276217463
26 50 0.8387417250403163
26 54 296.97851618293674
26 56 6.746463444449489
26 62 0.33375902698756676
26 63 0.6838155132573772
26 64 3.5811334048691195
26 69 1.282940402423882
26 70 1.8603124104270874
26 71 5.354513152868052
26 72 8975101.383052303
26 73 2.099564936202154
26 74 88602020.07037833
26 76 8.149798308311341
26 77 1.1367726695907285
26 80 0.854642457215377
26 83 1.8464421072320925
26 87 1.587065832743305
26 88 4.095699256882985
26 89 5.135868608993902
26 91 4.072670726590149
26 94 0.5132941263761467
26 100 0.8294423520225304
26 101 6.900487976294826
26 102 0.7944741625710462
26 109 9.450587432603859
26 116 0.3581719102118005
26 117 4.9782225293187325
26 119 0.09947466899610795
26 125 2.2627744746394813
26 126 44.232306861817825
26 128 8.578456030721535
26 129 3.005303463928138
26 131 0.6182752234605913
26 135 0.9528139467425593
26 136 19.100423856511814
26 138 2.0960842781964604
26 139 8.267058180563561
26 142 0.038790349208582715
26 145 2.2512762436223586
26 146 1.1754345666302202
26 148 22.447275823258877
26 153 0.9626375493953183
26 154 5983432397.236512
26 157 3.0706245565328194
26 158 14.233197134193587
26 159 1.270197583713942
26 161 1926180.6973513816
27 51 0.03659201200154578
27 52 0.11366967110727477
27 65 0.08472524516705353
27 70 0.09783268444850737
27 88 1.2251171820041418
27 99 2.36943547919142
27 101 0.09808412109270453
27 104 0.13957212783444392
27 137 1.3081248065319777
27 145 0.016828319563909802
27 147 0.645127909196374
27 154 0.11620990043224579
28 29 3.997109883241094
28 50 0.7571344972151879
28 56 1.6331300102439255
28 57 0.5692983121545901
28 58 1.5739992327416126
28 61 0.4966429460988493
28 64 1.28403555272728
28 70 3.4091953287733934
28 79 9.04846578435096
28 80 4.0272001928813035
28 85 19.16553078424341
28 88 3.5045079154010437
28 89 0.4361778743373253
28 98 0.8031237283379193
28 101 0.3138634619990762
28 102 1.3021144916319072
28 103 6.020582558784867
28 106 0.9585959257363086
28 107 16.647936234385202
28 109 1.7549050095449568
28 118 0.038179942619217554
28 130 4.371108096830383
28 131 0.06758180748661176
28 139 7.582195977451571
28 141 0.7463871740355961
28 161 19.89581170471763
29 30 0.03009911502171895
29 33 0.6064168061689965
29 44 1.2157985252823313
29 65 1.2861523166635411
29 66 0.34021063923521927
29 70 1.9174839993540789
29 72 0.5699141775470737
29 74 1.2785331704267737
29 77 0.13352061643578414
29 87 1.177386521869217
29 91 3.309823176370825
29 94 0.8448405860555361
29 96 0.027007477214365673
29 106 0.7550269594131505
29 109 1.740678279552987
29 118 0.06426680205175991
29 137 3.39618969121545
29 139 4.469161352243235
29 141 0.05613872357497522
29 142 2.0692742468604104
29 148 1.1825509538201324
29 154 3.8978500138146206
29 160 1.0789743216598233
30 31 2.9364552057158946
30 32 0.1913726214309332
30 36 1.7083923971766095
30 40 0.6581038562558598
30 46 0.18471228657568176
30 49 0.0602294276277619
30 52 0.5559266793691129
30 53 0.12899776768550547
30 54 1.3720890929203426
30 56 0.14862602997523752
30 58 1.2779269656830117
30 62 0.2881745085480323
30 64 1.0974881478996534
30 66 1.5571588989488825
30 67 0.24086271151618066
30 68 0.21626568484395914
30 70 0.5613035153844197
30 73 0.01068647591522466
30 75 2.0510182553337204
30 77 0.30479798880468467
30 78 0.16635358874722758
30 81 0.6476479539065779
30 83 0.1762330137716672
30 85 1.4367250623890262
30 86 1.361931867422658
30 94 1.5704100823283593
30 97 0.013755057479575188
30 98 1.217656404606681
30 99 0.8103319070676102
30 101 1.2525953536550303
30 102 0.07628125203035122
30 108 0.3571729980096769
30 109 0.5757626769281992
30 110 0.12373619069934484
30 114 1.8120136670858626
30 118 1.0168762947721561
30 120 0.1229422674245932
30 124 0.10120488562055534
30 125 1.547081230834715
30 126 1.3803971613401778
30 129 0.2372905152660635
30 131 0.9645436413319113
30 132 0.21718680621749947
30 138 0.2913413248598705
30 144 0.24474481811698537
30 146 0.26477433052313465
30 149 0.10234366294695363
30 151 1.127673223434212
30 152 0.9964437309538526
30 154 2.5762279348168073
30 161 0.5220527915003091
31 32 2.058512054043161
31 33 0.39164936854422716
31 35 0.5387659963104271
31 36 0.6992549083472795
31 37 1.020490484965014
31 40 4.6094194825670165
31 41 0.043533826799890284
31 43 2.7328851149110274
31 44 0.24577092691753255
31 46 0.8378095248728271
31 48 0.3397990846241774
31 51 13.133891020941519
31 55 12.141404683034862
31 56 1.1318283903102226
31 57 0.2194602425394146
31 58 0.596473369699462
31 63 1.2169170174271144
31 64 0.13291878257402903
31 65 2.1373264497383664
31 66 0.2846200509195301
31 67 0.013071295605439522
31 68 3.550139320766881
31 69 1.9340975545486403
31 70 0.0714810882073728
31 72 6.164944625386471
31 74 7.8851051525893
31 76 1.3093722343972245
31 77 0.30337734191324117
31 79 3.281834922986635
31 80 1.2159114538225737
31 82 1.1956008346399067
31 84 0.6778854038862331
31 87 6.537919648560876
31 93 0.983531700373136
31 94 0.1754773096832375
31 97 0.21352873264631278
31 99 3.4836178046895188
31 101 0.6242753640474997
31 102 0.16815003332422776
31 103 1.7492771118263633
31 104 20.306007902805874
31 105 3.546611518048483
31 106 1.4327888074062405
31 107 0.2867812185169585
31 113 0.6227351120880978
31 115 0.9524866247269547
31 117 5.848496008564061
31 120 1.4847071023900376
31 127 3.6384475557562648
31 131 0.686403889108022
31 135 0.37597314656707226
31 137 2.701359709306808
31 139 10.166271782024332
31 141 2.8745768499879047
31 142 0.3149211722058679
31 147 3.9068486455347755
31 152 0.5631353040392557
31 154 1.758292457737112
31 155 0.3474517258296508
31 157 0.5546086017461573
31 158 11.866122172678015
31 160 0.4491629266146783
31 161 1.0653706749573804
32 36 1.0974572949982788
32 37 1.99629307361522
32 38 2.0199862450071717
32 39 0.9346946548487046
32 43 2.699047928819155
32 45 1.4208698963889455
32 46 0.26402763070533725
32 49 0.0284056637335448
32 55 2.271456660813896
32 56 0.20094278103906135
32 60 2.150724108500018
32 65 5.694369305977681
32 66 1.1810139761305838
32 67 0.7356866383907915
32 68 2.0015513272760246
32 69 0.9474576017838781
32 72 8.446622143853661
32 73 2.066237841660544
32 74 0.8098295792282122
32 75 0.9099406728967373
32 77 0.05279967641251042
32 79 4.334451892085523
32 83 2.472112302151596
32 84 0.7944042184383445
32 86 0.10381535460064145
32 87 0.8713901268821493
32 89 2.185782375579815
32 93 0.8672278158392932
32 98 3.979989642719123
32 99 5.323615224240945
32 101 7.683096575474875
32 105 2.1957634998546967
32 106 0.9957255835612456
32 108 0.5746452547632167
32 109 4.811659762002405
32 113 1.4688818184561578
32 115 0.06282281018389332
32 116 2.829252827692999
32 118 6.717628138019652
32 125 5.93963828817781
32 129 1.8660321333834295
32 131 0.4092645318744637
32 133 18.14181402113394
32 135 2.191320353210089
32 137 3.719897672213615
32 138 0.17946861657617968
32 139 1.8687793869641587
32 141 0.27716016570441315
32 142 0.96549470094504
32 145 0.4344263096646449
32 149 0.5111927384695861
32 151 10.105566259799087
32 156 0.8475634558692291
32 158 4.7106397314290875
32 160 6.811956316230064
33 40 2.898904559516934
33 49 0.18441725401589898
33 54 0.6085927051177389
33 65 0.34766483188671493
33 85 0.24622312452564685
33 87 0.40529513187732236
33 97 0.7724710547580493
33 107 0.169413652716976
33 112 0.5046826193618877
33 116 1.08987938671127
33 117 0.080950820336499
33 118 0.7554150083484343
33 138 0.10075052627090313
34 38 0.5214128056515072
34 39 0.7459165073819111
34 44 0.0932051876043226
34 51 4.128185693184156
34 54 0.04775042407508589
34 59 0.2896561468232987
34 62 0.691823871288616
34 68 2.65306815671875
34 72 1.1967101347531928
34 74 1.0855125198219244
34 75 0.21192177619594568
34 85 0.5123241447719392
34 89 0.6825740614611612
34 90 4.428393857251837
34 94 3.562489365807536
34 96 0.8930763080056185
34 97 0.1365437670905978
34 103 3.002585135649221
34 107 0.5569030555370924
34 108 1.4396953515902076
34 111 0.5999228448810107
34 115 0.21045017872557603
34 117 5.086521914469843
34 122 1.0469945526912896
34 134 0.7378733394329866
34 142 0.5262343984329957
34 144 0.9688249216634018
34 147 2.750776065304961
34 149 0.21104970172384865
34 150 0.04227468315548122
34 151 2.5377900759610625
34 154 0.9206289724338538
34 158 2.616089504630486
35 38 1.549011469728004
35 43 1.8684940623232846
35 45 0.5215992893053805
35 46 1.5455901075832448
35 49 0.28806153274162827
35 50 0.4544785986912487
35 51 1.9482867146451486
35 52 0.7855057586964564
35 54 0.4681092756961558
35 55 1.1651040326651463
35 58 2.4080658896176814
35 67 1.003037979708657
35 69 0.2088228069804843
35 70 0.5239293163285511
35 72 10.542587960105587
35 73 0.15012158122432515
35 74 2.241033093380209
35 85 2.609523076791833
35 86 1.6350254703392126
35 89 0.1389895994085621
35 90 0.5631183007019434
35 93 0.7203303507035522
35 94 0.7251257459536922
35 96 0.04983335856385258
35 99 7.417242018873486
35 101 0.06667212603597385
35 107 3.354106890608782
35 108 2.2641481621914235
35 109 1.3690779964420028
35 114 3.328261067661349
35 117 9.375718553847666
35 118 0.042250021722048614
35 127 0.8046748636703891
35 133 0.27886528599594934
35 137 1.1652247198219456
35 138 0.3243950395667641
35 139 0.2475551892892309
35 142 0.9182826711238758
35 144 0.47341371269915133
35 149 0.31100590261446337
35 150 0.13841893745118122
35 151 0.623924813648368
35 156 1.616905981424671
35 157 0.09100823301658909
35 158 1.2287869031085996
35 161 0.07344078780899806
36 40 2.9292443019759125
36 43 0.297177913611944
36 44 0.479030010841385
36 46 0.041107800106497165
36 49 0.279570452596752
36 54 0.2784854444405636
36 56 0.017815352379042103
36 60 0.6103713913437262
36 67 2.438125945157047
36 68 2.592754076384801
36 70 1.1233582543954979
36 74 0.6619783738121279
36 77 0.14644334065149314
36 78 0.9544478581380674
36 86 0.1397480889432999
36 88 0.4772350105946816
36 91 0.5099028141273253
36 92 0.012774946586855379
36 95 0.9568054265748553
36 97 0.4344493036945412
36 99 0.009110285876298203
36 108 0.8797782690626983
36 109 2.9500825569535505
36 113 0.24513105817626338
36 114 0.2843266251702354
36 116 0.22487993915371163
36 119 1.2202644385953774
36 123 1.2385048288459646
36 126 0.44375582749799297
36 128 0.7833077373675416
36 129 0.5382529719763834
36 131 0.7805407226141515
36 133 0.21442703368131413
36 136 1.4878370582698697
36 137 1.000285511534905
36 138 0.5495591964889744
36 142 1.6569989590319067
36 144 0.9473157455359629
36 146 1.3006465121876238
36 148 0.4308598659626173
36 149 0.8178038672836035
36 151 1.7795418850050262
36 153 0.9270635046217764
36 155 0.3355489782456524
36 157 0.2691839905726933
36 158 0.1017171795828598
36 161 1.5421526463087252
37 41 0.06106364939137649
37 45 3.0724277386023116
37 46 0.866595017226885
37 49 0.6819751782016138
37 50 0.4109932695361088
37 54 0.4434433973622609
37 62 0.11286703301489175
37 70 0.20705123257837718
37 72 1.8073464173172638
37 83 0.4033598885584222
37 88 3.406700382782441
37 91 0.3331825951968319
37 96 0.0703152494133116
37 100 1.8239359989806456
37 106 0.21257662682069065
37 111 0.6966830417159491
37 117 3.211525725132585
37 130 3.0482239406911704
37 134 0.41083868005619145
37 135 2.5888995431339397
37 142 1.1757426386620884
37 147 1.4533216773014501
37 157 0.3893746494688865
38 43 0.38548566158814324
38 49 0.14714650936845255
38 50 0.07690453000274707
38 51 1.557205810820931
38 52 2.088782029575455
38 63 2.825689375904425
38 64 2.4325125664351845
38 66 0.8528180080960052
38 67 0.1251795450980602
38 68 1.1516259701027642
38 69 0.7664405050334937
38 73 0.23505978606379774
38 75 0.6810697681707866
38 76 0.5019226468703388
38 79 0.15902838844500566
38 88 0.9704026993208931
38 96 0.826994146377747
38 97 2.2943012457803382
38 99 0.8270267750372845
38 100 0.015509976583864367
38 101 1.4486752348004934
38 103 0.5938953824000848
38 106 0.32802630957899637
38 108 1.7167745598571715
38 113 0.6681721360867392
38 116 0.08238597945841362
38 118 0.32513833507550666
38 122 4.078713508992086
38 128 0.8589973395581114
38 129 0.1308607433656942
38 133 0.019926543835892433
38 137 1.2290696740862643
38 138 0.906699558192518
38 141 0.0391332629606126
38 146 0.3194814578937601
38 147 0.018221819641727727
38 151 3.6927312141716473
38 153 0.524088159714283
38 155 1.4546408939397704
38 159 0.888137959947868
39 40 1.2357096977902917
39 42 0.6750776201921985
39 52 0.1891068524740718
39 53 0.6308809994756838
39 64 0.23302554686162133
39 71 0.07873336378151854
39 72 1.9459721459379247
39 80 0.7136342758394536
39 86 0.6154001695167002
39 94 0.567903891734606
39 98 0.26193139928481407
39 99 0.15668839804971432
39 100 1.8760867686906681
39 101 0.321023932685071
39 105 0.08542016299070612
39 106 0.9428817069721187
39 110 0.054477880844890296
39 112 0.2704503079864349
39 113 0.5813933812824301
39 115 0.2777115741679932
39 120 0.742899156224774
39 125 2.1065891744227385
39 127 0.9743105824573098
39 129 0.7803159631000222
39 130 3.098754436007986
39 133 0.5951930691115614
39 136 1.3448302314933516
39 138 0.7111582290988832
39 142 0.7146997032891778
39 147 0.7303600856676846
39 152 0.012500520962294422
40 45 0.7277907589051342
40 49 0.3904849650664635
40 51 3.9640214179497457
40 52 2.9125407748414447
40 53 2.64680023200779
40 54 1.5035211209983563
40 57 0.34478165191904214
40 59 1.117213508558046
40 61 0.34387914536339154
40 64 1.2225122262822676
40 69 0.6039986854842953
40 71 0.04137352677809609
40 72 0.29698113202002563
40 73 0.3710203535434932
40 74 1.4781302260069982
40 77 3.5958978425550416
40 79 3.4335461287366336
40 84 4.692006976295478
40 89 0.9625621778679277
40 90 0.24254892049829468
40 94 0.13379909254136121
40 97 0.45816243057677924
40 98 1.2167666900039587
40 99 0.22357882318686936
40 100 0.3816122453927732
40 101 1.8029062483166525
40 102 0.1982987132170557
40 105 4.278936958437304
40 106 1.280526940960075
40 107 0.7243242314904683
40 108 8.670158487931005
40 109 1.9111320893041848
40 115 4.107482561266004
40 118 0.610054384945949
40 122 0.038288800426808114
40 125 1.263105304362455
40 127 1.9184556970923605
40 128 0.7947974339119056
40 130 1.8540106352397836
40 131 0.16840937312862583
40 136 0.7106291886687363
40 138 1.0078604841797316
40 139 0.9795114365289513
40 140 0.27982883701095085
40 142 0.20766208696013305
40 144 0.26054691374984895
40 146 0.8020699008074794
40 147 0.09045327334732706
40 150 0.7849767915824202
40 151 6.314160391161296
40 152 1.4607895692554538
40 153 0.5519337674264791
40 154 6.602288099960085
40 156 1.1573834298364143
40 157 0.9838332083411474
40 158 0.40502334730595246
40 159 0.13756651241713705
40 161 4.9830608469866275
41 51 2.774452005702193
41 56 3.0773165822563264
41 64 0.5601578702121619
41 65 0.4297724705517015
41 67 1.8353446488610297
41 69 1.2655131516651894
41 72 10.65694949994206
41 77 1.8148038040558605
41 87 0.29071666354901976
41 89 0.36419814161676844
41 93 0.22410394480180104
41 95 10.492204532631336
41 105 1.2716568817820717
41 115 0.1419540804747378
41 130 0.6492082114562797
41 146 0.42634237084761434
41 147 3.2766201608950394
41 161 17.499891580240615
42 49 1.8538973606612694
42 50 5.381858977226875
42 55 0.7283054940489698
42 56 0.3216957348244241
42 61 0.15509505857352818
42 65 0.967563620118578
42 66 0.22903973551947268
42 67 1.8411783113065399
42 68 2.403711589567904
42 72 1.9902011603220193
42 73 0.7433422378426352
42 74 0.9354512971778233
42 79 1.974995847451223
42 82 0.8587975608451687
42 85 0.03985040017098155
42 86 0.2519867824952099
42 88 0.3635745070959898
42 100 1.7735051241666928
42 101 2.64757365029231
42 102 0.4016982094869116
42 103 1.413173581837087
42 106 0.7967708749481328
42 115 2.3285652840986453
42 126 2.1313770929199873
42 133 3.3078461976818767
42 134 2.0746818697434106
42 139 0.38027221171013453
42 143 1.122887688882893
42 146 0.6219737316616537
42 147 0.3106378399946818
42 150 1.0068016700365272
42 152 1.363247040009932
42 161 0.3180871551116296
43 49 1.1941691169019364
43 51 4.055177306760817
43 54 3.394939391983668
43 61 0.8322954056746417
43 63 0.03711784872419784
43 68 1.1863589248042246
43 72 7.623246386831738
43 73 0.45493670640494566
43 74 3.423588483425121
43 80 1.7667325980250825
43 90 1.097450780386404
43 91 0.09820153336042185
43 95 2.8762701315870998
43 97 0.804963284883715
43 98 0.5074253502007686
43 101 3.105466410219006
43 108 0.8982417062115198
43 110 0.7369767617169727
43 111 0.06805576892279264
43 113 1.1608949246013074
43 115 0.016099750072572996
43 126 2.493173851163769
43 127 1.581964655457808
43 130 2.625332075088808
43 133 1.818237057193977
43 138 1.8497593296613546
43 140 0.25846092086138067
43 147 0.31288871026495096
43 148 0.005170243223638727
43 154 1.648206444968628
43 158 0.1702142861257481
44 46 0.3910342758620775
44 51 3.5404336565023815
44 54 3.431236110385882
44 55 1.4460038220447933
44 57 0.3343181829858846
44 59 0.27324426148131276
44 61 0.45476538837240715
44 65 0.07887430713693873
44 67 5.253916628018086
44 69 0.42562851204198676
44 72 2.3416119873646886
44 74 2.7817261543015706
44 75 0.8416396596503982
44 88 2.155361428218202
44 89 0.6034612245397897
44 93 2.102646501062625
44 94 2.4689207065626144
44 97 0.38324995257767136
44 99 4.168790710666478
44 102 0.7601209703876799
44 108 0.2068507646346197
44 113 0.1432820676706398
44 114 0.1826694169671313
44 115 0.34275459615761444
44 116 0.21499980608527947
44 117 0.23072322176330987
44 118 0.46985600774500286
44 125 2.0774582801743535
44 126 0.59579518636904
44 128 7.756605088680151
44 131 0.4317026780443081
44 133 0.7905086418919999
44 140 0.2576148430403176
44 142 0.816116357993889
44 146 0.0493181011771485
44 152 2.515989878048743
44 153 1.6873055175925102
44 158 0.35657402943633854
44 161 0.21851881253389188
45 51 21.245013510105057
45 54 1.1909230500876122
45 55 4.414202397342794
45 58 2.8815637908804423
45 61 0.23739788543903426
45 63 0.5247100490091802
45 69 0.3682967518891145
45 74 24.837566198642776
45 76 6.654731364205631
45 79 2.0581505878194313
45 84 1.736161632538099
45 89 1.1881135871230253
45 91 0.5913689697996112
45 92 0.3895718574134363
45 94 5.281596821620199
45 109 3.675434809621352
45 112 0.37739615200789733
45 114 18.9208518029948
45 115 0.8156058306830108
45 117 2.4123834941854656
45 118 5.11547645116218
45 126 1.5085753870474945
45 129 0.5209544827643878
45 131 2.7996820568319705
45 134 0.008297951060864252
45 135 0.7386970565060311
45 137 11.550376897657499
45 139 4.8890521314781505
45 148 5.255350326367963
45 150 1.5977788334266618
45 151 2.1594906903041515
45 154 9.927121347252069
45 157 0.05875561221636977
45 158 4.247807034367677
45 160 1.4961203063239594
45 161 3.171391729190576
46 49 0.19929328881083394
46 51 3.9287281860940944
46 55 2.0791460702664355
46 56 0.18874326532432004
46 63 3.2509216598856367
46 65 0.3030042943469596
46 68 0.42835948280992336
46 70 0.7518331283969402
46 77 0.8944824295556874
46 84 0.17534197162374374
46 87 0.4568022041006332
46 89 0.32338821084373326
46 90 1.3349535759061248
46 102 0.3928425188988143
46 109 5.49476296449676
46 110 0.1364752876129714
46 114 0.8926637627650413
46 133 0.7259565396836539
46 135 0.19923912937410432
46 137 0.82353314340137
46 138 0.04222294382041858
46 142 0.039035360458798005
46 145 0.649298703068494
46 146 2.053562054117623
46 149 0.7781376057648388
46 150 0.12369227454790431
46 153 0.3779362108274432
46 154 1.1071170453004633
46 160 0.21176537200036158
47 67 1.1049279296635375
47 70 6.6086033638904675
47 115 2.07320294345772
47 118 2.4507997175209053
47 150 2.1414224857609274
47 152 1.0619732602033134
48 54 1.4444773754572808
48 55 0.8153882447780118
48 60 6.576647658724718
48 70 0.004225257769289763
48 76 1.0348972094135191
48 77 1.1966867656296136
48 82 1.474253534914511
48 94 0.29493023032278665
48 99 2.3491494078113795
48 102 0.6859304897032996
48 103 1.644759585971134
48 112 1.4835710577452768
48 129 2.551903841166641
48 141 0.8187257255621435
48 146 3.08785477455699
48 147 1.325576286018817
48 148 9.705069167245593
48 158 6.972967264013396
48 161 0.6243142735706868
49 50 0.33915610771503624
49 51 2.869027538437157
49 52 0.8116243700014686
49 53 0.6654098061117992
49 54 1.3383246319543163
49 58 0.012674608620854885
49 59 0.294879087571762
49 62 2.7650395695993124
49 64 0.5584621349241331
49 65 1.0094522317187788
49 68 4.828939061812743
49 69 0.7763274456297916
49 88 0.9791120577562381
49 94 0.36421152497222936
49 99 1.6824830883688007
49 103 1.1144007045211608
49 106 0.5010896725638431
49 114 0.16622446218836756
49 118 0.14783457686428744
49 121 0.1610681410281319
49 122 0.22838962235423912
49 125 1.4477008971569225
49 132 0.1504509936886439
49 133 2.183187314939293
49 134 1.0396907920608829
49 142 0.2562298546058709
49 143 0.5799549770308644
49 147 0.1823861254259453
49 149 0.3405944485678788
49 151 0.8626209452397458
49 152 0.22896990517172286
49 154 0.01159591328284741
49 157 1.8296367723398155
49 159 0.5769298260604196
50 53 0.8959866577682049
50 54 1.5091428970879446
50 59 0.18705431694796132
50 63 1.0112234089806782
50 70 0.21169138111394695
50 77 0.3256462913619
50 79 4.08346576312043
50 84 0.3652648396129461
50 88 1.6076015274877902
50 89 0.22486628450243318
50 92 0.17147940331017672
50 93 0.12412343885307768
50 94 0.6574376122466851
50 96 0.43980599628850425
50 97 0.27113690025834875
50 101 2.300737649231704
50 105 1.3414435752534746
50 106 0.13100231392826805
50 107 0.19948106308765218
50 117 1.7365928972475138
50 126 0.39134640348335537
50 133 0.7273528941947206
50 138 0.05021288485763976
50 146 0.018306878642503865
50 149 0.4733766746200758
50 156 1.112118736156303
50 159 0.11034462344223636
51 52 1.5063664080993873
51 53 9.365482521839553
51 55 1.0814529895451745
51 57 3.665419962993524
51 58 3.2717821311164403
51 59 2.0620910870686626
51 64 7.465034309300404
51 65 0.3322587467931569
51 66 1.624481591974682
51 67 3.4145914129857426
51 68 17.781606357917074
51 69 2.6368822839102375
51 74 16877420.574689064
51 75 0.877516828614119
51 80 3.6881636350752465
51 81 0.5730723853659302
51 82 0.37827937853452837
51 88 15.558009536008168
51 90 0.4276862111349381
51 91 10.368589637497305
51 92 0.758901566194745
51 94 0.8016019056513467
51 95 18.251776091897202
51 96 0.1075779640349167
51 99 1.7027828866512245
51 100 0.23275150082356794
51 101 1.7210531448420359
51 102 3.463010290294496
51 103 0.38021420833121
51 106 1.4843556488651357
51 108 13.490790150618162
51 110 1.8023070439525835
51 111 1.686529762765059
51 114 9909578.678735469
51 115 1.4945052862342676
51 116 0.2813962961087673
51 118 4.519017686431889
51 125 34.10898999679762
51 127 0.08981884279183272
51 128 83.32639993049048
51 132 8.895503055239054
51 133 3188484.2901422614
51 134 0.9674148426178761
51 135 1.4399548812627794
51 137 1116942.2216582794
51 141 2.1314594068493453
51 143 1.9631877943932676
51 144 3.2448009205750257
51 151 1.9388371931457642
51 154 2597700.8929856312
51 157 0.06094923246550534
51 159 1.960868366702059
52 54 0.26101310466417865
52 57 0.7841662933229888
52 64 0.22959320980671205
52 65 0.060308725745786274
52 66 0.4817526381933239
52 72 1.8135768319951644
52 74 3.3293769248955964
52 80 0.7350542203487822
52 81 1.2656842586266375
52 83 0.7455784415041207
52 92 0.6896228825455158
52 93 0.2589563193267606
52 94 0.25276828256746764
52 101 0.9199803383550967
52 102 0.6130241053615533
52 103 0.6597964911223957
52 105 0.04430326704585022
52 108 1.2717169140340936
52 114 2.5242167123912926
52 116 0.09907233664873018
52 121 0.9876753384452029
52 138 0.4105576045646091
52 139 0.6816119272188744
52 143 1.5941819868859943
52 152 0.770344954677892
52 154 2.817061066160675
52 159 0.36260282684134965
53 58 0.6568816223842242
53 67 0.9634673800668724
53 69 1.5635805845778725
53 70 1.3774533610945097
53 73 1.7993764721864636
53 87 2.268642969885199
53 89 0.24404990685673672
53 90 0.05327062588855724
53 105 0.28805876796398533
53 109 0.5531588477291093
53 110 0.7855879863584818
53 122 0.5589537338921725
53 134 0.42091188177662936
53 138 0.658871306032445
53 139 0.1739322459234703
53 146 1.7116062950613613
53 147 0.24278926839124998
54 55 11.359166241310632
54 58 1.2858545136688848
54 60 9.753511581454374
54 61 2.000581104930094
54 62 0.556767057727524
54 64 1.0569972193967934
54 67 2.4382170652640056
54 71 9.302288107674023
54 72 39.8576602576637
54 73 11.881532468710404
54 74 37.45563960169291
54 75 1.0995616821676286
54 80 0.42987125285319583
54 88 4.749429064680091
54 92 0.17896843298896392
54 94 0.8085330271200328
54 98 1.7790301290652677
54 100 0.013695631774315558
54 101 5.725563730357642
54 105 4.964771541029545
54 107 5.154537483511526
54 109 37.5617575766654
54 113 4.003287552108697
54 115 0.4779989803614466
54 116 0.530200395421777
54 117 4.0767591012304
54 120 1.3819949702672027
54 123 0.15160622243622512
54 125 20.190642435909247
54 129 0.9765408500645669
54 133 9.599441156002722
54 134 0.4292787526512529
54 136 7.191854535204862
54 139 6.578081120002344
54 140 0.4518495357139821
54 142 0.19454052905046595
54 144 1.4518409829208199
54 146 0.7067556411497361
54 151 2.882052220763958
54 154 1.9606189511834158
54 155 0.6362843386505834
54 157 0.19728923047990476
54 158 10.004121660928206
55 56 1.29090071880486
55 57 1.6651321605243223
55 60 7.207429041312069
55 63 1.3227913498084078
55 65 0.1900671405414313
55 66 1.0070312069637375
55 68 7.700624855247495
55 70 0.837606035922582
55 72 4.659769380893252
55 76 0.8596674980698709
55 77 0.5049432282151268
55 78 1.1758464179238854
55 79 7.017031715770734
55 80 0.7295818770782965
55 82 0.29271193323351175
55 84 2.3042707162506604
55 85 0.3590816935457428
55 89 0.8527561548327416
55 93 1.5562539008275436
55 100 4.284943952539088
55 101 2.465879746663274
55 102 0.026250178319268635
55 108 1.4672925724102697
55 109 4.168176606720708
55 113 0.3599288008493814
55 114 0.38176474294836893
55 119 0.1731421439056906
55 120 1.0101002260685226
55 123 5.0233265765640756
55 125 3.730887739609965
55 128 5.010767250896145
55 129 3.962149597166337
55 132 0.8255354627709043
55 134 0.4534958881221208
55 137 6.243590717901959
55 138 0.5782736422919744
55 139 0.10722799460635626
55 141 0.4457356641435668
55 142 0.8971660626954635
55 145 1.6016574561094927
55 151 0.2842673627836134
55 157 0.4180568088577239
55 158 7.950519442287425
55 159 4.548117568099523
56 57 1.403319916753055
56 60 0.7740402397522205
56 64 1.7441280377260902
56 68 3.4714977234674285
56 70 1.3109818525106505
56 71 0.04720501346864069
56 72 1.6873643597238195
56 73 1.3583119107761192
56 75 0.8408281924121925
56 81 0.33188437178849667
56 82 1.0713794671572465
56 83 2.887173127552056
56 84 0.5524244147211618
56 88 5.2288103944760165
56 90 0.07937139264821803
56 101 1.494387384716637
56 102 0.5383590495336567
56 106 1.515002155234314
56 114 0.35303264334768436
56 122 1.4217746924668753
56 123 0.6675155037362677
56 125 0.1695613054930981
56 129 0.07887933756527855
56 133 1.7205510110668911
56 138 0.24358210123707613
56 141 3.184297962655753
56 142 0.6475170054678154
56 143 1.2287551695584047
56 147 1.6258532573027362
56 149 0.5226258950824905
56 150 6.106323999830128
56 151 0.6652052957846104
56 153 1.9219992522074623
56 157 0.344900110112759
57 58 1.2265931124193883
57 66 0.49636386229259577
57 68 1.4221944384053542
57 69 0.6788987094630222
57 70 1.0789271404261833
57 79 1.5005241781307164
57 80 1.0791339810579001
57 85 1.2807632118263934
57 88 0.9077697553067557
57 92 1.192135017335378
57 98 2.85029604055526
57 103 0.5421081364386541
57 114 8.861259673623122
57 115 0.5555999450852491
57 117 0.24809603480478482
57 126 0.6037362218110802
57 137 1.3158812140435305
57 145 0.20435085390322713
57 147 0.34522102230622953
57 160 0.8494764808758046
58 64 0.8648988988178423
58 65 0.2786486233986331
58 67 2.7533020533745036
58 68 3.050794690193416
58 69 0.378698805520626
58 71 1.3639769724398607
58 72 0.49280749033074894
58 73 2.024461120911649
58 74 0.15033054299565404
58 81 0.15863558582177537
58 98 1.9420703873564653
58 102 2.69667281728485
58 103 0.09662574212769211
58 105 3.275519397156325
58 106 5.562801728300085
58 108 2.5639517110145733
58 109 2.4000345488388355
58 111 0.20207982653482054
58 113 0.2218461435816143
58 116 0.6333573351540505
58 118 1.5087892241328869
58 119 0.9328808365921911
58 125 0.7414011714114795
58 126 4.062180351589643
58 127 1.9575599861397859
58 130 10.066036845040328
58 131 0.4163421646491324
58 133 3.403615764090416
58 134 0.3290753996802165
58 137 1.1884643892778648
58 138 1.0898142921175387
58 143 0.6411779046901287
58 147 2.8176514138426554
58 148 0.43644660548158215
58 149 0.03862392168461508
58 150 1.3866160903961193
58 151 0.1031820369729795
58 152 0.805927241210039
58 157 0.3892628773276696
58 160 2.365606208941692
59 65 0.6139672180835337
59 67 0.0068182196070094014
59 68 1.790938154827999
59 69 0.33064579837913516
59 71 2.2072460627841757
59 74 0.6160148729912802
59 75 0.1298668935632247
59 78 1.765965893423074
59 80 1.0693526063573808
59 84 2.414034923278734
59 86 2.499345978624523
59 88 1.2028631515349428
59 90 0.9533454797210603
59 91 0.4107559017224647
59 93 0.6177714649258018
59 97 0.860495576756741
59 99 1.1926594378012811
59 102 1.397536880466716
59 103 1.9583599355255952
59 108 0.36545014951886184
59 110 0.8057009127962342
59 115 1.0846840877709572
59 116 0.051067321219416116
59 126 0.29602093132703916
59 135 0.09920608534798246
59 142 0.7470731918695519
59 147 0.042026336254911256
59 153 0.35153170360039576
59 154 4.4587053532145875
59 161 0.8448880979014438
60 65 2.544726855929081
60 66 0.2767876980958255
60 72 3.121085595578875
60 75 1.020165213196872
60 86 1.8968852177708504
60 87 0.5676690649764259
60 97 0.28486959241853893
60 98 5.576713348321915
60 112 2.377315599625662
60 113 0.5622352092758769
60 114 19.54812059765676
60 122 5.244405766718405
60 130 14.12581988248521
60 134 2.4461859373793304
60 139 0.9668657578067242
60 145 0.9667196244390047
60 147 0.6497063847696993
60 152 4.715577663640633
60 161 2.6292055562761942
61 62 1.3245591708430604
61 65 0.49811049220286546
61 66 0.15023505408366578
61 69 0.37557367698951405
61 70 0.014776609338438053
61 72 2.3266338867314187
61 74 0.6556947178001966
61 79 0.21290776844485035
61 86 0.6581476136699914
61 101 0.6866452447621405
61 106 1.3265486467879148
61 108 0.33351308037783184
61 109 0.7332525550172463
61 111 0.15734234253356622
61 115 0.1254643805287057
61 127 0.9266750706610193
61 130 0.7459317326650536
61 133 0.4520849831077301
61 134 1.0298033951675494
61 135 1.6807674898926301
61 138 0.9980300329781876
61 142 0.011863289510643416
61 145 0.3557071368163333
61 146 1.9096101276568884
61 149 0.5344747376608142
61 152 3.1054393930785418
61 154 3.08980885940246
61 155 2.344692763980042
61 157 0.07645889543366066
61 159 0.21590104172598035
61 161 1.0052214923061875
62 63 1.035996852219398
62 79 3.0879338133581893
62 91 1.1223510473230176
62 94 0.7209083101867609
62 102 1.4270226775580375
62 106 1.4624302518966177
62 107 0.5454751909218861
62 108 0.43678187166608
62 109 0.028173733860163995
62 110 0.1396679153467476
62 111 0.00931026667155489
62 112 0.4398733087671662
62 115 0.4534226922105718
62 117 1.6411116441517635
62 128 0.943460066643858
62 129 0.29493033832344384
62 131 1.9234059889564563
62 134 1.485315244015195
62 139 0.8437568340831576
62 141 1.580688683975738
62 146 0.7782850724526467
62 150 0.6009256583559063
62 151 0.8139719236086286
62 154 0.4634408176227843
62 161 0.712754217998106
63 65 2.77684857638175
63 66 0.5496644745152587
63 67 0.14537732287082328
63 69 0.015204228762183119
63 70 1.0278852577576547
63 71 0.04171960706009905
63 72 0.985270071731112
63 74 1.6149922686477771
63 75 0.005357528539255643
63 80 0.03735063422855155
63 81 1.921162787294957
63 83 0.34742899020051643
63 84 2.7212913370345264
63 85 1.48002933796509
63 86 1.2199713484440264
63 87 0.18512518638462233
63 88 0.6367167880234813
63 90 0.46131532353068355
63 91 0.31267716978717974
63 92 0.7608537772199545
63 94 0.6042488718312828
63 99 0.5510940256254289
63 105 0.5304012032441243
63 106 1.212189004111734
63 112 0.024738212361089067
63 115 0.004550330804078402
63 117 0.0708772467621092
63 118 0.056998531775552495
63 121 0.519420695332797
63 122 0.4263388691364447
63 125 0.7814751059914441
63 129 0.971551874383052
63 132 0.9132065707701404
63 133 6.68335611357564
63 136 2.5742407356732855
63 144 0.9691939230008881
63 146 0.8176365770043853
63 147 0.2205883741769456
63 152 0.22807525252918875
63 153 0.05161561155927093
63 157 1.0222232459935046
63 159 0.5601502513985009
64 66 1.1207429611059694
64 67 1.8502653680582388
64 70 2.9160527558713394
64 72 1.9810550250394519
64 74 6.8018111726764054
64 75 1.2157333229108593
64 77 1.6272927368876058
64 85 2.5273729039294426
64 87 0.14189317653869937
64 88 2.2093121859440203
64 89 1.36920232875732
64 93 0.10468140490867162
64 99 0.41031112022619703
64 100 0.45539958579029255
64 101 1.49080758586596
64 102 0.6378155665798444
64 106 0.488294416772751
64 107 1.1451812129750727
64 108 0.6222855519967085
64 110 0.0778905192557414
64 112 0.4631268377901598
64 115 0.09089131825390892
64 118 0.4173087529086293
64 121 0.15401568909993293
64 123 0.1919391068142159
64 127 0.013131742101845874
64 130 1.002546996357872
64 133 0.1825804955236278
64 135 1.5423459894447642
64 138 1.3468756740705454
64 139 0.1160733656434261
64 140 0.8842306238775893
64 142 0.4638567736621574
64 144 3.8671596529336365
64 145 0.010086718462971937
64 146 2.552354049961503
64 150 1.2378276291669579
64 151 1.7477954270921459
64 152 2.658586404103245
64 154 4.758860534771949
64 157 0.6825170896231945
64 158 0.6990209771676862
64 161 6.5074255006111645
65 68 3.2670032619510754
65 69 0.5679849925984989
65 70 0.3503492217232373
65 72 4.696223230310626
65 73 0.589775046263145
65 78 0.5414124080641076
65 79 0.8988152770915396
65 80 0.12980998992221993
65 81 1.097583621398395
65 84 0.7906097005519538
65 85 4.555709829779432
65 88 0.44611843417631875
65 92 0.09548769100038434
65 93 1.016486771492566
65 96 0.10528832400098741
65 99 0.20487915655857336
65 101 2.1699507724160214
65 102 0.5300657589497392
65 103 2.6239374769340458
65 105 2.7261523483174375
65 108 1.2714744119385517
65 113 0.6754061655153709
65 124 0.5892102987756687
65 129 0.03495607999888953
65 131 0.1935021810231224
65 133 5.600785951592526
65 134 0.6612612182024676
65 135 0.07304096084046423
65 137 0.4557786702869896
65 139 3.9777872239452052
65 140 0.29112180886645167
65 142 1.6533064135975781
65 146 0.14961546660032893
65 148 4.830129124019377
65 152 0.5349962501629393
65 154 4.255532226522268
65 157 0.5132599554558819
65 160 1.505069204990904
65 161 3.73601624742003
66 67 0.04134539140020644
66 73 2.595102997966348
66 74 3.2253753326562475
66 77 0.24320044317438605
66 79 0.22690650973256504
66 90 0.2847884514178341
66 94 0.43292922786242155
66 97 0.042373158141464494
66 98 0.6164623349736581
66 100 0.5570374134685964
66 102 0.6881884753225017
66 104 1.7480907687141314
66 106 0.5873262744719103
66 107 2.2139288670341197
66 108 1.0352224334452265
66 111 0.2568534742299381
66 115 0.35352950032716984
66 122 0.1362719875425712
66 125 0.2637945465775167
66 129 1.2672930261014703
66 131 1.4777370460757595
66 135 1.4780365783028442
66 137 0.5631661848355
66 140 0.20877684584721654
66 144 0.26928802520101797
66 145 0.18289054577188565
66 146 1.3840157208398087
66 151 0.07728454288422522
66 154 0.3265965922056618
66 155 1.9202596868862867
66 157 0.04300238361146041
66 161 0.04709092743356721
67 68 1.6606348628036012
67 69 0.8092937555795491
67 70 1.9693832436689018
67 71 0.7862045894095475
67 72 1.459680469172221
67 73 2.2582698596121094
67 74 2.9165780550602376
67 83 0.0541313175000901
67 87 1.7552214048987609
67 89 0.4047219211592926
67 91 0.6794906564089445
67 92 1.3911448297416342
67 94 0.17028632903741306
67 96 0.4071828387152537
67 97 0.6289738026423781
67 99 0.03991598749265607
67 100 0.009454750190928222
67 101 0.5356152481437434
67 105 2.3088537310396515
67 106 0.8938820143623283
67 107 1.5924854539720463
67 109 0.2013525004206585
67 112 0.06689249488893616
67 113 0.2753568885626535
67 114 9.917276818799309
67 115 1.6140721615493563
67 117 1.154898984212533
67 125 1.821885441131926
67 127 3.6958131946418034
67 128 0.8103399731742711
67 129 6.194667052722733
67 130 2.632359562143089
67 131 1.0508660729061952
67 132 1.7049003853785234
67 135 0.20020254696646897
67 136 0.9851656730017111
67 138 0.38963600966673506
67 141 0.06061986551778285
67 143 0.2815195038413914
67 145 0.39007086116191797
67 146 2.0405004278201124
67 149 0.16031771178921084
67 152 9.551756203509928
67 153 3.3333497659053464
67 157 1.8594584204898903
67 161 3.6707491424975562
68 71 13.913328522038597
68 79 14.898322076075837
68 80 1.3620219057665377
68 82 1.5772293346343857
68 84 4.029562353830329
68 93 1.2046760755301202
68 96 1.5746874204629218
68 98 0.5504068431404484
68 99 6.7046774849857265
68 100 0.9999398320971306
68 102 1.2844508804202839
68 105 5.930654162426432
68 108 4.722859135280694
68 110 1.3025030737279437
68 111 0.05294540876449472
68 112 0.19319252657169728
68 113 2.5176244115908206
68 119 2.6223041140705905
68 120 2.001489014863962
68 125 3.0695381566695152
68 129 0.4670027921783515
68 131 0.38821684494155434
68 136 2.4260198290459467
68 138 10.60347338978434
68 139 5.497934780868133
68 143 0.8154144732682747
68 147 0.24517163356292604
68 151 1.071790223062491
68 154 39.56347553066211
68 157 7.442017890173583
68 158 5.348627192056717
68 161 14.50996445475996
69 70 0.1105892270415076
69 71 0.1802402524612072
69 73 1.1777578994958253
69 77 1.1668786770380997
69 82 0.5030090394543743
69 84 0.6601888387225032
69 89 2.9890005252146157
69 92 0.2863588237379438
69 94 0.7214265970036795
69 101 1.768206357702734
69 102 0.03825505411505589
69 114 0.11209064645903116
69 115 0.19518764255768553
69 120 0.06868424369553874
69 123 3.0207375485369594
69 129 0.9905852722183667
69 138 0.009571292452225814
69 139 0.671651876563851
69 142 0.10519840741954882
69 143 0.3999328286461817
69 145 0.05800688047770291
69 147 0.4614385542836259
69 152 0.10356637377875062
69 153 2.041063481855191
69 161 1.8941070548412782
70 71 0.794377163626173
70 74 1.6687653280755435
70 75 1.117955558919415
70 79 1.011767780242249
70 80 0.2241574021166141
70 82 1.021895144584179
70 84 0.5075936288426898
70 86 0.10858549089240674
70 87 0.7456764394489773
70 89 0.20684742218340063
70 92 0.9954537230407751
70 93 0.9287528788077313
70 98 1.7538513239428017
70 99 0.44207317814205166
70 100 0.17817041454135318
70 101 0.9089648380888525
70 106 0.39684767058771747
70 109 3.1617139051459926
70 111 1.4867189776805152
70 112 0.2798373693550838
70 113 2.1047635800958138
70 114 1.6343654948855564
70 116 1.26000139588217
70 118 0.12868741365007355
70 121 0.8176067402270552
70 128 0.7213398605691409
70 129 2.2587457442610583
70 130 2.4097149480154063
70 133 1.238457293324013
70 134 0.8704208741304731
70 139 1.2238855599927179
70 142 0.2032738359641063
70 145 0.02777754601229584
70 151 0.5768191330712448
70 152 0.1339242405380744
70 154 1.6176043030921825
70 156 1.53922669200978
70 159 0.6292354652073391
70 161 6.5943437950313495
71 74 9.334689746470742
71 75 0.0333424117055506
71 79 1.6671978144054642
71 80 1.5397768963889127
71 82 0.5503628981478889
71 86 3.7378842555717875
71 87 1.5160830601531108
71 88 1.2581223790130625
71 92 2.433697678134665
71 95 8.194230874716654
71 99 1.1833229599420023
71 104 0.6237092804461932
71 105 1.1397331611923722
71 107 1.4172457023597949
71 109 5.511498195441513
71 112 0.14447871768662798
71 114 11.668049275484186
71 115 2.23542084421927
71 116 0.8535118736017666
71 121 0.5022074886597837
71 129 1.0821763434993583
71 137 9.794270808652007
71 139 1.7886322685886722
71 142 0.7636618908290942
71 146 1.5623398911842836
71 147 1.5668772040877077
71 151 7.5544716967543115
71 152 4.8230337413893105
72 73 2.301986995994418
72 75 0.5252987468547728
72 79 13543151.676955761
72 84 0.891622420656137
72 85 15.611005450064315
72 86 2.0062212422100694
72 88 8.663405138807285
72 89 3.7446201847190377
72 91 11.949263266380212
72 93 2.0354170237449294
72 94 3.6120340315657695
72 97 2.0693555019832366
72 98 0.18003947013949026
72 103 2.4071624698154075
72 106 7.2586204452727525
72 107 9.672349510249438
72 108 1.4944498253552192
72 117 10.61499844265832
72 118 0.7201472212236644
72 120 2.956305170609085
72 121 3.301744890677875
72 125 7.3454499296483045
72 130 11.107118721936647
72 131 0.24087062667137465
72 133 27990621.180407822
72 134 2.414768141988237
72 135 0.6629003942420341
72 139 1.4083978489661082
72 142 0.1612096120932162
72 145 1.40819076582165
72 146 2.3243337967972213
72 150 1.002312933116462
72 152 18671399.122137796
72 157 0.6378051606692805
72 159 2.4107652059558387
73 77 0.2457254539162818
73 83 0.26218624071390206
73 89 8.764947054381803
73 90 1.8526393051455858
73 93 3.7271762709588727
73 94 4.654359393007698
73 95 1.474833436612471
73 96 0.7534457678740647
73 97 0.7946669908354627
73 98 1.4513551296574922
73 101 0.9891916571723953
73 103 2.6091554105380688
73 105 1.7736821358855193
73 106 3.6939193034567803
73 107 0.5904108010879635
73 108 8.887354953635397
73 109 1.3943506430361963
73 114 9.820792933657758
73 115 4.564203450128632
73 119 1.6448952720405046
73 126 1.3866418674960554
73 127 4.339403339726201
73 137 16.304338563009573
73 141 0.29613971631619423
73 142 0.18245600317450136
73 143 1.2185214125744084
73 145 4.298686196913272
73 147 0.9569182430816988
73 153 0.18441568445519185
73 155 0.32198678161698413
73 156 0.639491216608406
73 157 0.6662522838472337
74 80 0.736053111158714
74 81 0.3655549985750618
74 84 0.8645556864975057
74 88 5.423036827597307
74 91 7.006758879286781
74 94 5.705902717389915
74 98 8.798640867601017
74 101 9.670414671259895
74 105 0.1974609417385193
74 112 6.374513873950963
74 113 5.248712591304295
74 114 3776078.5628432133
74 120 0.5236511488386358
74 122 1.286590337222102
74 125 6.690555332444586
74 128 14.653420334828223
74 129 0.1435948338064248
74 131 2.752928941009151
74 138 0.09307580911234539
74 139 4.238617893020557
74 142 0.6692041628594693
74 145 4.282265273169176
74 148 57.64369309592527
74 149 1.20100958576182
74 150 2.9242072093408042
74 153 1.9657806312614419
74 154 134876208.74491888
74 157 0.9766654395323642
74 158 19.87494235340772
74 159 1.48248907133644
74 161 982917.7053278123
75 76 1.18397610197796
75 81 1.3516947851558028
75 91 1.3881806844613211
75 94 0.09636236078843792
75 97 0.4506318290939606
75 100 3.4166418849617934
75 103 0.8191710042459027
75 105 0.5200613849478252
75 110 0.1512616433073075
75 112 0.14861620780690254
75 113 0.3021587996841959
75 114 0.0781705477687051
75 115 1.2430827062647178
75 116 0.2872075245782747
75 125 1.1127914808515442
75 127 0.8156715470353121
75 128 0.005213758388952161
75 129 0.03513676560602735
75 134 1.0614780570302862
75 135 0.15408627693094348
75 137 0.8028620009711849
75 138 1.8213811037187086
75 139 0.9114378903964716
75 142 0.0010784472963321756
75 147 1.830200546824665
75 156 1.056752999092794
75 158 0.2545437103655764
76 78 4.8396798042303395
76 84 1.9047036513927127
76 86 1.0197679933061872
76 92 0.7058527820913921
76 93 0.827723588727946
76 96 0.7943217093382238
76 97 0.1305587238888827
76 100 4.287456434165972
76 104 4.395251996696128
76 106 3.680535684003554
76 107 0.10011067902251904
76 112 0.9376570181209595
76 115 0.1442409862788868
76 116 0.3739093799201842
76 117 1.584508018965113
76 134 0.39219378912488306
76 135 0.045345079396855094
76 136 1.0689372766336833
76 142 0.0839713862228131
77 79 2.1148918768176936
77 81 0.572686131926042
77 87 0.2631678785319599
77 89 0.576423758969727
77 90 0.009518497632578796
77 91 0.63767453945101
77 94 1.335570692283801
77 98 0.2730187991732976
77 102 2.1783996789898756
77 109 0.7957716366084873
77 110 1.2595882071434044
77 112 0.9855889306849142
77 113 0.227476815285685
77 119 0.13469663121944347
77 121 0.06784298836541032
77 123 0.19199847725592986
77 125 3.250253998028056
77 127 0.38012234850504417
77 129 3.0823519533851407
77 131 0.69725714927237
77 136 2.2020923011487765
77 137 0.5144984010822952
77 138 0.7321101417207572
77 139 0.9831889458075244
77 140 1.6093258255015594
77 143 0.05713227953127633
77 146 1.2150549186271276
77 147 0.478807950280666
77 154 0.9529741596164624
78 87 0.4433384031778898
78 98 0.358262464509639
78 106 0.18924127849331962
78 107 2.221592846329434
78 111 1.649876711936041
78 141 0.3369849787931585
78 143 0.6969765204614722
78 146 0.07774801157046686
79 80 1.630753163915354
79 82 1.467380216151538
79 84 4.506065620201882
79 87 2.536089086645643
79 91 3.464718877310259
79 94 5.519403354387236
79 96 0.5790397893119209
79 98 0.671314994496274
79 99 1.176221998246973
79 101 0.9387913506706842
79 102 0.4810268439247987
79 103 4.867581350426431
79 107 3.659531737799177
79 109 38.467563131371485
79 110 1.4100438034330727
79 111 5.0062052359616445
79 112 0.18518171214543375
79 114 5959222.032497038
79 122 3.315536246994406
79 125 45.792072207984766
79 133 48778.72505067994
79 134 0.49825788795310944
79 137 1693848.763602333
79 144 10.342616840889491
79 146 6.863213211533568
79 147 7.285668677593323
79 151 19.844801197173737
79 153 6.3204062610032965
79 154 1218537906.6529856
79 157 0.138931714549344
80 85 0.9461280289005374
80 89 0.12518886455897754
80 90 1.60742413315401
80 97 1.2323966940434206
80 99 1.4900419117118433
80 102 0.17452079862175326
80 106 1.4784001217806195
80 113 0.34171810621006987
80 115 0.5955045170507782
80 120 0.4812965513417053
80 126 0.18724054714689417
80 129 0.3992910659888607
80 130 0.5416868627884528
80 131 1.018599686373968
80 137 2.3353461957035897
80 138 0.4890144559137767
80 140 0.39327457367724383
80 141 0.15913690940222133
80 144 0.8974875035868181
80 149 2.2189674765719882
80 152 2.0637017829993445
80 155 0.3358361122215606
80 157 1.3688056888934765
80 160 5.8769138011323925
81 88 0.5088611296709583
81 91 1.4514041282799677
81 109 0.4986541575147056
81 110 0.5616511997699979
81 125 1.5103865214391785
81 131 0.48707099815493804
81 132 0.07776542695783956
82 87 1.4706956201392372
82 88 0.6761017013884844
82 89 1.2410390380514655
82 91 2.6022375921759613
82 92 1.2587834159501585
82 94 0.3875158084646307
82 95 0.9645142994567651
82 101 1.6361026475729663
82 105 1.5392073557613113
82 107 0.1168637961429838
82 108 0.60280257663975
82 112 0.21092433952843448
82 114 3.0590215370949685
82 125 2.313309112769208
82 130 4.31179443836527
82 133 0.44140487653745636
82 143 0.3479659193950612
82 152 2.223608989662656
82 153 0.10357036562397087
82 154 1.1567003985262088
83 88 1.9547072122940274
83 89 0.6108123802052776
83 103 0.4939427557313952
83 108 1.9882366454960605
83 113 1.435302107179336
83 117 2.3193321053555325
83 118 0.465571107326441
83 128 0.5968892416990887
83 134 0.39092173268349245
83 135 0.19526882470050494
83 140 0.8680507471943268
83 161 0.5406083180304542
84 87 0.6505003517587122
84 89 3.0098947404672725
84 98 1.0139474965669006
84 100 1.7535123171321807
84 101 0.6744452269090229
84 103 1.14005688789947
84 105 0.008636106442221387
84 113 0.6422629965745291
84 114 1.4711274385283215
84 115 0.47908491165012806
84 117 2.6455334228078273
84 120 0.009879891009339253
84 122 0.6773700623739327
84 126 0.3989945873070182
84 131 1.1892283939554207
84 132 0.18377727380963574
84 133 4.687095053617861
84 137 1.7813437358843214
84 138 0.024026542568462737
84 139 3.8413195775790903
84 140 0.24172475017972728
84 142 0.6272551526137747
84 148 0.07403718105154955
84 149 0.9956644677126061
84 151 1.0123229724509677
84 152 1.0988219767145055
84 157 1.9598095520608636
84 159 1.0116276783536944
84 160 2.129848924133696
85 94 6.791849721349777
85 97 0.8873463157951302
85 99 0.5776109382993229
85 101 1.7255294825343772
85 109 5.596126424171722
85 113 1.582954928140571
85 114 5.378191410118139
85 115 2.7380902204338295
85 117 5.3008564082110725
85 125 1.451806772886427
85 133 36.05814881200528
85 137 9.833567423066466
85 138 1.5338605777652512
85 145 2.1875458451139647
85 153 9.578071280930041
85 154 2.773414765224287
85 157 1.2847350161577598
86 87 0.9397706867042818
86 89 0.29166959072090476
86 90 0.6298385402020961
86 93 0.5429628595436023
86 94 1.505331159069409
86 109 0.03898373172584185
86 112 0.46707401986024466
86 118 1.4593975821226148
86 122 0.33258891844162586
86 123 1.3133476070546768
86 125 0.6381459409886148
86 129 0.8676342918963187
86 134 0.3556606695912901
86 138 0.5237955650264968
86 149 0.6520462429842584
86 159 0.03016216896630863
87 88 0.7139573165383307
87 93 2.7944836251754
87 96 0.036076646701586015
87 98 0.7619229371859019
87 107 0.6128088582495475
87 108 2.952800861593603
87 109 1.9730394533880153
87 111 0.1407804778355545
87 113 3.1225468226897206
87 114 1.4673593553389872
87 119 0.21857274168720006
87 125 0.30800983555436867
87 129 1.8085302709826419
87 137 4.4457770220324635
87 138 0.3198262775444583
87 141 0.17048860093916
87 143 1.5671546286554863
87 146 0.6096184130836786
87 147 0.12420279397861189
87 151 1.0828565880391263
87 153 1.6572122819619353
87 157 2.9898179274558814
87 159 1.1904198544092317
88 91 1.0220050643961143
88 92 1.294313895029792
88 93 0.15391328423896508
88 94 4.331706448607552
88 99 0.31045377406153657
88 100 0.9859837308096912
88 101 1.7604541837849397
88 104 9.13885891969806
88 105 1.9701353008701314
88 106 0.4665488000961969
88 107 5.045914099845764
88 111 2.755436608569279
88 117 1.7696798400096183
88 126 4.486574591446432
88 131 0.7178012783131853
88 132 3.33974552796322
88 136 0.6697554177537011
88 137 8.4195892962739
88 139 4.121939813156125
88 142 0.6134048323125045
88 152 4.919340308769438
88 154 4.946022894155939
88 155 0.7839672281820554
88 158 0.6311333871873065
89 91 1.57151837805213
89 93 0.8538779083448427
89 94 0.0127043407609604
89 101 0.19218819352638028
89 102 0.10917450580203518
89 104 0.5213785503897521
89 106 0.4642931156719366
89 108 1.0328498344636639
89 109 0.2940575627720243
89 111 0.5178852525311762
89 115 0.4527949855052015
89 117 5.151480888490392
89 118 0.6267287588355313
89 130 3.7101628272204725
89 134 1.398905939835621
89 135 0.5351191637759178
89 137 2.58493934283342
89 139 0.37679994698019004
89 145 0.9433178327249409
89 146 1.0115639074623524
89 150 0.26018611863729757
89 151 1.211313604241794
89 152 0.9405124634907293
89 153 1.3717343038353529
89 154 1.1275547125516938
89 157 0.43288619007783435
89 161 1.7786637965710257
90 91 0.9481606615458298
90 97 1.0380098832865656
90 115 0.29642344040037655
90 145 1.7611856911197317
90 146 0.7580845194472634
90 147 0.19874626725025854
90 149 0.35564035213174694
90 156 0.8639484562414622
90 160 6.956998106297555
90 161 0.23747827342544156
91 92 0.7040115265779647
91 94 0.5094694842279325
91 96 0.11808033704463734
91 97 1.6460946886492136
91 98 0.39056260701653434
91 99 1.1467648826699122
91 101 5.8604678608975265
91 104 1.2124415536721402
91 109 5.9051921113087165
91 110 0.286742235079818
91 116 1.22524515147077
91 117 1.1281096906528116
91 118 0.36598117655463563
91 126 10.479880128935743
91 136 0.11028737922260905
91 137 1.8870230576580247
91 139 0.8772829975604445
91 143 0.006024393137068923
91 147 4.743749635576299
91 149 1.0222513227653194
91 152 4.925177836153311
91 154 5.208729414757029
91 155 0.2995868502125875
91 157 1.9743126341313832
91 160 2.779223468069559
92 94 0.7770537098267962
92 99 1.0146619751992891
92 102 0.15349334225069258
92 105 1.8041961090030152
92 112 0.36461729398681364
92 113 0.3529357851060455
92 117 5.825322144724744
92 125 2.035518662099792
92 127 0.5948490836511698
92 134 1.1373854742236778
92 138 0.9685528759926532
92 142 0.10886877705166509
92 145 1.7222481039719697
92 153 0.15689209378939598
92 156 1.5123165884874166
92 160 1.8020981290642921
93 96 0.21015775347868815
93 99 1.3694708682635712
93 101 0.504931571766374
93 102 0.541402207923109
93 104 0.649173558456274
93 105 0.27916905978636036
93 108 1.137850977584578
93 117 0.15705499472227058
93 123 0.5343788986399637
93 129 0.6248243982409687
93 133 1.824416318303596
93 138 0.49650696528995214
93 151 0.5298890898652124
93 154 1.1375976789562048
93 155 1.096282812274453
93 160 2.372165452941557
94 96 2.019226414425094
94 101 0.10562824407532741
94 105 3.5920997296090746
94 106 0.7080366141870025
94 108 2.0599587262349157
94 111 1.1704822861374937
94 112 0.1576692016912865
94 113 1.5032940502464447
94 114 1.8489005648171235
94 115 0.6500520901510223
94 117 2.038563800284325
94 118 0.4630465981830611
94 120 2.8155620718660446
94 126 2.6117596109835204
94 127 2.9237754002380036
94 129 0.9196011571755374
94 130 7.970364955783197
94 135 1.4652894668595666
94 136 0.17147785671507365
94 138 0.89770262296102
94 139 2.4378010097221985
94 140 0.3953073687782605
94 141 0.31350896328887173
94 143 0.14794774261603535
94 147 1.6159192555608635
94 149 0.39976283411818786
94 152 4.690463747577163
94 154 1.9692568103330768
94 156 0.1695174183236057
94 157 1.9983858858364865
94 158 0.507646303892508
95 102 0.25324478540387835
95 106 1.4727955872849006
95 111 0.33343437511221696
95 114 2.157356188481883
95 115 1.2153636738219902
95 116 1.0130706263384583
95 126 16.73140734327597
95 133 5.042355041744001
95 137 24.100857370256147
95 147 2.4401643219972513
95 154 27.994524646361235
96 112 0.36478626807967746
96 115 0.44435276614990954
96 127 0.1776356122277144
96 133 0.02157125774994028
96 134 0.7707462963696194
96 139 1.2477499253926456
96 146 1.033874251217282
96 150 1.015916898262559
96 152 0.010113457769301157
96 158 1.3620574623911283
96 159 0.3757707249207392
97 100 0.05327933648727528
97 101 1.3930894331192032
97 105 2.6242707911834295
97 106 0.20832496538201706
97 109 0.6010253009467897
97 113 1.211249582646782
97 115 0.04382133191358482
97 121 0.8038057548179508
97 122 0.3923983313430564
97 128 0.3692586317778241
97 129 0.4654792254693147
97 133 2.362274907639398
97 134 1.1601667716665125
97 135 0.02605806662625439
97 137 6.0984382075929595
97 138 0.2931032043322587
97 140 0.24715920317187814
97 142 0.0868036363122994
97 145 0.3732927621044717
97 147 0.4315768837272826
97 153 0.015647717889879308
97 158 0.11035528754725138
97 160 0.46693008027147004
98 101 0.15913401825816367
98 104 3.636989351259726
98 105 2.2618037481218463
98 107 0.3003930237234317
98 112 0.3802428945192225
98 114 3.11589865389163
98 127 0.20027011171675382
98 130 0.9811667876615634
98 135 0.3557835078617643
98 144 0.8614419571349453
98 147 0.011378549924590026
98 152 4.347019721354945
98 157 0.027288777751195946
98 158 0.34060880800442855
98 161 2.575445038526393
99 100 1.6435249491251076
99 103 0.17073555999574488
99 105 0.9364235305373284
99 108 0.9365626237595641
99 114 4.9117191861263505
99 116 0.4394658359111793
99 123 4.921703556268721
99 126 3.0799537787579396
99 129 0.014594695349731074
99 134 3.4758673309205927
99 140 0.6863635675072727
99 146 2.48514039033469
99 147 0.46629501312759275
99 152 3.138536253522868
99 153 0.2538820907506545
99 154 3.435429675877697
99 158 0.8917861659472521
99 160 0.6237906525718878
100 102 0.26751125194244796
100 106 0.41497595766187667
100 125 1.9512948515096094
100 128 1.3904094276972572
100 131 0.7270901173998808
100 134 0.11601371265755236
100 138 0.03464715767272444
100 142 0.15584102264431987
100 143 0.3226629486979813
100 145 1.0959720709181364
100 152 1.5896306414886965
100 153 3.7234261744864012
100 160 0.23010040197974202
100 161 6.396189696620129
101 102 0.11584807415655039
101 103 0.04967651643176827
101 105 3.173258306351982
101 108 3.6525760880903824
101 109 0.41571278290104396
101 112 0.34503906217705305
101 114 6.197259660643485
101 116 0.2359708195612748
101 117 4.537522239379869
101 119 2.1064932483333987
101 122 0.1413297561131593
101 128 11.411450825273015
101 129 0.8819500239707092
101 130 1.7513502223219761
101 133 3.6300365348192862
101 134 0.5238554512066157
101 136 0.7260211127584725
101 137 3.03066382795125
101 139 7.765421214301379
101 143 0.1680428176838494
101 148 5.442371989355226
101 149 0.4660092464338386
101 151 5.467046739223215
101 152 8.4741772604929
101 155 3.0278417183646464
101 157 0.5722263661636152
101 158 2.6234516082258073
101 160 3.890832991441338
101 161 1.2651975415038816
102 106 0.4532661475909426
102 107 0.7469113427755509
102 108 0.26783128934147626
102 109 0.46648712017099364
102 112 0.5760014065246987
102 114 0.18644919229880436
102 115 0.6452202362382966
102 116 0.02729896160611933
102 118 0.23177041141792706
102 121 0.8157273340547577
102 124 2.211610342318917
102 125 1.0540925371820518
102 126 0.24658030390744246
102 129 0.9438177565159778
102 132 0.39534103338295473
102 133 2.583335328776948
102 136 2.4282974945196067
102 138 0.6824900367320579
102 142 0.520915196212623
102 152 1.4358347394663826
102 154 2.5249034842777065
102 156 2.308459006626448
102 158 0.13865012758030565
102 161 0.34270683759249626
103 104 1.9449101057623028
103 106 4.144803223657844
103 108 1.8066464824706343
103 110 1.626862100573295
103 114 0.679000068727295
103 117 4.305142196504479
103 118 3.1628491817795883
103 129 1.5433200535720835
103 134 0.09508884729181441
103 136 7.057387435471468
103 137 0.3899588366429293
103 143 0.41372687310865786
103 158 0.5807344473578423
103 161 1.7254077776096084
104 106 8.230925981275973
104 108 0.5536938055072672
104 112 0.33532504916611705
104 115 0.22770055267212597
104 118 1.263364542240156
104 127 5.900665066723233
104 132 1.3227759693309096
104 133 2.387961134436635
104 138 1.7135604691826365
104 147 5.731477046870248
104 151 1.018961536648158
104 156 1.6198147732483186
105 106 3.1549763062256986
105 107 2.383062818261972
105 112 1.6056315187433459
105 114 4.049614317222341
105 115 0.2553088195924888
105 117 2.4361004499802528
105 118 0.023459650717754847
105 128 1.2261239955187488
105 132 1.02814340889536
105 137 1.4185539786890844
105 138 0.4513546139659625
105 139 3.015534126353447
105 145 0.5039116099074732
105 149 0.32817689612395134
105 152 0.15723414050166326
105 156 1.7197602497951112
105 158 1.2241121137982147
105 159 0.18738596232961063
105 161 0.5794267489590393
106 108 0.13619212453298302
106 109 0.5260076997982661
106 110 0.353442646104863
106 113 1.13395918333163
106 114 0.16630850234071853
106 117 0.6409633382524129
106 118 0.7923091883038872
106 120 1.8886260954057759
106 125 1.1166910732439517
106 129 0.08930726958287365
106 133 1.395351657838155
106 135 1.8912457531607973
106 136 0.5624753480070671
106 137 3.2125667750058278
106 138 0.6693700324113848
106 140 2.8270510202812926
106 141 0.0498566750126417
106 142 1.3856331280241478
106 145 0.3486699106933094
106 146 1.929617440525392
106 147 0.8702151509122603
106 150 0.8145561216384264
106 155 3.365545460886104
106 156 0.2856199036573494
106 157 2.468399261119986
106 159 0.4750648059707365
106 160 0.9422321402699131
106 161 0.8277148311589095
107 114 0.45702611287903183
107 115 0.4810430294431474
107 116 0.24877907599091725
107 129 0.9124812067889106
107 132 3.4032576139480972
107 137 1.2603713002086077
107 151 3.754432725878732
107 153 0.28295708860237156
107 154 11.373375714272864
107 157 1.8959364257982145
107 161 17.608719832143667
108 109 1.4246528266898217
108 111 0.3661724652687244
108 115 0.23504592705801836
108 116 0.6088895687918033
108 117 1.4338162201509579
108 121 1.7808074390447257
108 125 4.103294416331659
108 128 1.0634515225104513
108 129 2.631559610359241
108 131 1.0308389672279208
108 138 0.3166265137053364
108 140 0.13679247346380385
108 142 0.1709538133629056
108 144 0.34479646704146405
108 147 0.260543836913721
108 151 2.2466852157005306
108 153 1.5972463474377587
108 154 13.165850705468387
108 157 1.3120104410972633
108 158 11.28396641002743
108 159 0.6650225997340263
108 160 17.20741577120188
109 111 0.4737896544720742
109 112 0.8389047103367046
109 113 1.9806483607924128
109 114 9.235468753259857
109 115 0.9054228600205867
109 118 2.8968743888495885
109 125 2.3369845404743033
109 128 5.018141840277779
109 129 3.0240160449662503
109 130 45.89275933426536
109 132 5.244956761906625
109 134 1.6847735793206882
109 135 0.48678424107854334
109 137 17.48354635138097
109 139 0.09836296516806538
109 142 0.657286382755988
109 145 0.9484821726079303
109 146 0.6445402533903279
109 147 1.9406078515317418
109 150 1.8895644496942858
109 151 0.35511216270492474
109 152 19.903411794445805
109 154 6.641263620541667
109 159 0.5873848307509871
110 112 0.8942983223876064
110 114 0.38501330278938883
110 118 0.10140002872304638
110 126 0.6739860791216825
110 137 0.07625838156980287
110 146 0.08431783878307071
110 149 0.6495503781164064
110 152 0.3570741553212308
111 112 0.8588655110160582
111 113 0.8731403362844415
111 115 0.384906472057346
111 116 1.0489516924851683
111 117 1.307099885321619
111 118 4.715468636612084
111 125 1.0163602424611802
111 135 0.12396175612223141
111 137 0.2039484059939589
111 138 0.23684075823386477
111 149 0.08348637477665015
111 158 0.5294769353354437
112 115 1.7713525000332861
112 116 0.6511519203752174
112 122 0.4807861108591108
112 125 0.6606175346086023
112 126 0.5216354615312493
112 131 0.784827593326474
112 133 0.9004288132203673
112 134 0.005918243389549497
112 135 0.3759726837370495
112 139 1.576416474733899
112 143 0.07379956271941598
112 151 0.39546405797738
112 152 1.1251344177560958
112 153 6.458461658797721
112 154 2.3286661903537644
112 155 2.195438966831493
112 156 0.22562600756263393
112 159 0.07788859272346856
113 114 3.6201796253558434
113 116 0.9197603068884459
113 117 1.425667365272965
113 124 0.7478391293513005
113 128 3.6778669601131178
113 129 1.775953390370087
113 130 1.701252539099323
113 131 3.125846713440596
113 133 0.6516153576015885
113 138 0.2719888710938227
113 141 1.3158638873052975
113 142 1.0246734581745816
113 144 0.10367233278738609
113 145 0.1441371918463531
113 147 0.17497242610275998
113 149 0.7942056943439866
113 151 0.11448069822109394
113 155 0.692820606601327
113 158 3.140520643420831
114 120 1.0532536139458208
114 124 15.903510888398985
114 125 7.9207534347335775
114 127 0.24105861565148984
114 128 15.269866300660878
114 134 1.470161065166331
114 135 1.0414975830029267
114 137 226319.9952386708
114 139 4.842620403181812
114 142 0.2716720055201071
114 145 3.3273210614294175
114 147 6.48024584396079
114 151 6.0578358362355464
114 152 423030.8411757162
114 154 547730.9813937751
114 155 1.6856540133870492
114 156 1.3536811382945515
114 157 3.9992322103578513
114 158 24.22637135119909
114 160 4.551916249421787
115 117 0.396529101860917
115 118 0.11748109847262883
115 121 0.21328284677832832
115 125 0.3694996103243725
115 129 1.5354416716327906
115 133 0.33164540318068453
115 134 0.22543737949865733
115 135 1.036494982452944
115 137 1.0336380040047335
115 139 0.3672737393725486
115 141 0.010543520167757696
115 142 0.3417549852959968
115 143 0.32133829930890917
115 145 0.023204604848799625
115 147 1.0570635458364548
115 150 0.04405689979506219
115 152 0.3962509699407089
115 157 1.4838959800229183
115 158 0.39230377676123945
115 160 1.891380877764391
115 161 0.3038487792580294
116 118 1.2951707263713372
116 120 1.2229781046628436
116 125 0.17930698718538762
116 128 0.7989510263301765
116 129 1.1450613466130592
116 135 0.1338955785852051
116 137 1.7832072374445904
116 140 0.02532456308923535
116 146 1.4279160932915522
116 147 0.2917725215994042
116 149 0.051506608122960554
116 152 2.0331356803874048
116 154 0.8293004098922817
116 156 0.22064106809004083
116 157 1.4137829255098355
116 158 1.14863123937653
116 159 0.21710653827661958
116 161 0.7936668065097839
117 118 0.17188864474349438
117 129 4.548518316081073
117 133 16.95181544431934
117 134 0.45402069593628536
117 136 1.9419717137712018
117 141 1.3800689099354104
117 142 0.030394935402742396
117 148 10.241946391248746
117 153 0.6215052169101782
117 154 8.79937662914578
117 158 7.73085961745936
117 159 0.4662014483304014
117 161 7.391291093544385
118 125 6.5647838442161826
118 129 0.22697002467478844
118 141 0.7430054469884712
118 147 0.7263436301841765
118 152 0.43552744636871876
118 153 0.38414628664505235
119 122 0.0362251037479042
119 124 0.011205957909907407
119 134 0.08636023865181534
119 137 2.935223214499674
119 139 4.081188533308463
119 146 0.3951003851037786
119 147 0.7831196564733638
119 149 0.20188022890397872
119 152 4.439107414045419
120 126 0.2530299434807055
120 137 0.06684208778403153
120 142 0.5807542298481726
120 154 0.20360298131333202
120 156 0.3375869528544279
121 131 0.025041596168028674
121 138 0.014873202230022002
121 154 2.5514167713261116
122 125 3.4244228130647625
122 137 6.264866162127854
122 142 1.6109706943907602
122 146 0.6348620958851735
122 147 0.5174793615693637
122 153 0.9511584410702437
122 157 1.7586379478579865
123 133 0.19449212860673748
123 153 1.29710388346434
123 154 3.872590850038719
124 141 0.22548450013529858
124 146 0.9809260304627303
124 159 2.1807322535081815
124 161 0.8276357367081508
125 128 2.406915310873641
125 129 0.40733023632290866
125 130 5.056014990785252
125 136 2.855952480243717
125 137 8.919810087679629
125 138 0.43012282757886744
125 142 0.45082817381048396
125 145 0.04335571578178176
125 146 4.928917498121038
125 148 13.998863177467712
125 150 1.5777225574281646
125 152 3.4518950950976235
125 153 0.21268357841767
125 154 9.11099266608926
125 155 2.1977938558325016
125 158 15.29650483449578
126 127 1.357051136557167
126 128 18.036428963102264
126 131 1.4791084454078296
126 133 2.8082473765028504
126 134 1.6166847930400488
126 142 0.717893145581069
126 143 0.19740184421578083
126 145 2.426221108871589
126 146 2.3976927597927116
126 147 1.1947945237420499
126 149 0.3094847484646281
126 151 2.8320578039057867
126 154 9.289013403125052
126 155 1.745468108847536
126 157 1.9611625268939556
126 158 14.49164822504616
126 161 7.315881013348471
127 138 1.7189033083974268
128 129 5.3249315571573295
128 134 0.31746238128581616
128 147 2.5100147464781233
128 153 0.5693313046857422
129 132 6.456277392241307
129 135 0.6262833540036373
129 137 4.889814150827626
129 138 0.1637915118482541
129 139 1.0758077975879838
129 142 0.6884193467130698
129 147 1.171767356895626
129 149 0.6289302942377815
129 153 0.99984882475846
129 154 1.9589921439870783
129 157 1.3201938665525859
129 160 0.4161655533753211
130 131 3.5121697170972954
130 133 1.2718571608370761
130 134 1.3168488998912984
130 135 0.32797663959969714
130 138 0.8266890517423715
130 141 3.096925713754845
130 145 0.1107408496559158
130 149 0.09713780570538146
130 152 3.4041388484180923
131 133 0.18011288409467607
131 135 0.12174406198802865
131 137 0.2597070873106275
131 142 0.27730102675214185
131 147 0.6511565789512168
131 148 0.28814485681860674
131 149 0.04114655524744329
131 154 2.08065999780562
131 155 0.9395340939970074
132 138 1.4667781844263996
132 151 4.1052670912092815
132 159 0.8297178157364004
133 134 0.8159308944019349
133 135 1.7397630298367852
133 136 4.834079460912658
133 137 588883.3235107502
133 141 2.8969010695895117
133 145 0.021388816249003056
133 146 0.5684225787503033
133 150 2.5474321586993596
133 151 2.386567607642489
133 153 8.196870281723873
133 154 10536447.383191803
133 155 2.6514643072523087
133 156 1.0196657047007411
133 158 1.1284037464561671
133 159 2.403513294967156
133 160 0.22604584808653322
134 135 0.07819201305484169
134 137 0.02184400752518282
134 138 0.06296680819270094
134 139 2.108007187529598
134 141 0.5562575662316682
134 143 0.3071821825659821
134 146 0.7155285127375836
134 151 2.148822611556429
134 152 2.4777731764718633
134 153 1.6530061688749236
134 158 0.8683585564303212
134 160 0.3736866129193459
134 161 1.0208155391561895
135 137 0.25032069880559066
135 146 0.4931350731392572
135 147 1.7166404945782938
135 149 0.7061066872062784
135 151 2.2549106616337884
135 152 1.2754049595026384
135 157 3.0573272496556667
135 159 2.8569654832986893
135 160 0.3792606586681918
135 161 1.134505249672058
136 138 0.7828131879822171
136 142 1.8866878558073987
136 143 1.3685218229988139
136 147 5.460912098082024
136 149 2.1277243937644186
136 150 5.902934214576537
136 151 7.452402977209983
136 152 5.33544305991591
136 161 22.868124950411378
137 138 1.4867677611177939
137 145 4.353377485579409
137 151 5.762084859590608
137 152 374840.8757828317
137 156 1.1423973782636163
137 158 14.219917313495307
137 159 0.031319175563855904
137 160 8.63251257084184
137 161 445749.9132449454
138 139 0.5680104988038895
138 145 0.5021589526494971
138 146 0.18520800195971956
138 149 0.05120418076605224
138 150 0.199070919192124
138 152 1.0441516719689632
138 154 0.48927304616584866
138 155 0.45651273994064717
138 157 1.6629364594520548
139 142 0.0988595120111919
139 145 3.5954250890371595
139 150 1.1920481060615133
139 152 1.615528248255276
139 154 2.7481759132422385
139 159 1.489031672451921
140 145 0.19294268263269904
140 146 0.7340801121328546
141 145 0.12813960761230964
141 147 0.7447562436604422
141 153 0.635960844666421
141 158 1.6308887057534551
142 144 0.3432841503875176
142 145 0.10992930123065955
142 146 1.7302603628275988
142 149 3.6151416376420378
142 154 1.6469562942233196
142 155 0.03935917167675101
142 160 0.36567332834597915
142 161 0.8167756356777515
143 145 2.02308993921373
143 147 0.039583040336194836
143 159 0.2315063359377798
144 146 0.22660948032188485
144 149 0.2485091126140128
145 147 0.18098709650223896
145 149 0.22694213937089647
145 150 0.20109116197988586
145 155 1.966571996717995
146 147 0.13726199208812112
146 152 1.2576787108098901
146 154 3.502859638300871
146 161 1.1488947584815201
147 149 2.2651279034616336
147 150 0.8355872152926832
147 151 4.607109327909304
147 154 2.243317570013422
147 160 9.48012936013259
147 161 0.5276642014243145
148 150 1.0149419970377869
148 158 4.925702035051186
149 155 0.8773544331017438
149 160 1.7165245601165804
149 161 1.871672884982136
150 152 0.19795576095893475
150 157 1.6447472121537663
150 158 0.586206157463011
150 161 0.7594228090606772
151 153 1.6094955074717967
151 157 1.656293944873042
151 158 10.568528302499386
151 160 0.27785209561354574
151 161 2.3442857403745596
152 160 0.07106978734992589
152 161 675049.5955280815
153 155 3.0053014429478604
153 158 3.079193087158678
153 161 0.17770871923753187
155 159 3.563942752150652
155 161 1.1805721838117764
156 161 2.2831364803532965
157 158 4.636424885005251
159 161 0.027167933067315134
