0 2 1.5336960954100494
0 4 1.7092207174819267
0 7 0.1051314049216455
0 11 1.9381668777720262
0 14 1.0477104641411976
0 19 0.05204655625653703
0 23 0.38676026216669834
0 25 0.028506114274202275
0 26 0.778606247553207
0 30 0.7107914099452429
0 31 0.4973668036955113
0 32 0.1979639553595953
0 35 1.0862017947725842
0 37 0.7884347261890231
0 41 2.237771204693565
0 45 0.7543708052303607
0 49 3.152519966416869
0 52 0.41566522419972884
0 56 2.170092192089054
0 68 1.5686351136903323
0 69 0.03216825784609203
0 71 3.5197558419557344
0 72 0.7799629208128278
0 82 0.70216693204481
0 88 1.0712635926451062
0 94 0.8800643950488832
0 97 1.045116085308139
0 102 2.5378281538263403
0 110 0.5578360708785928
0 113 0.7842712293542236
0 115 2.5840028487361626
0 118 4.963679450380903
0 126 4.379151493385502
0 133 0.24647587964300507
0 137 5.243627913576734
0 149 0.6160035202870978
0 151 11.411310003512112
0 159 4.420313888514943
1 4 0.5519362792462927
1 6 0.37096187321312774
1 9 0.3158870101329728
1 18 0.6037324574864176
1 19 0.3028630279776278
1 21 0.2939127585450064
1 25 1.8336232571572653
1 26 0.003502549210499679
1 27 0.35563713870358565
1 30 0.9793480339790902
1 31 0.05853055187402358
1 34 0.3244745498436233
1 40 2.4047197681724573
1 41 3.170133673715161
1 43 0.1563683198276878
1 45 0.8456270023745173
1 46 0.13884652619368268
1 47 0.15225135777399845
1 49 2.783722861159215
1 50 0.5919213900981724
1 57 0.29768332109240553
1 63 1.3592336974979986
1 65 3.526995684598244
1 69 0.37730637049137317
1 73 0.6743670423868319
1 87 0.6736290141404068
1 94 1.3268218107219312
1 99 0.4796780067514764
1 106 0.6224539590339432
1 113 0.34956299173383676
1 114 0.2712554826536926
1 115 5.384151933051473
1 120 0.9272610038438883
1 122 0.13899228637977099
1 129 4.229285781841745
1 131 0.21974324801058365
1 133 1.0942259926856346
1 136 0.2968842691257683
1 140 0.10516410770323024
1 144 0.5384389880207144
1 145 1.032283268612448
1 148 0.11967953993384414
1 151 0.05472149656181952
1 152 0.7066462686876468
1 155 1.6569200507434572
1 157 0.6387271925516639
1 160 0.716499323589311
2 4 1.9719629228356992
2 14 1.9924805116700326
2 17 0.05998986149931677
2 42 1.1581059959964262
2 43 2.9832468703222386
2 45 0.4524061573312478
2 52 0.050483019100894845
2 55 4.900602119136361
2 56 3.5208794308694116
2 64 4.61905090447033
2 67 0.11991544114152689
2 69 0.1615425480786771
2 71 0.45621562218893286
2 73 0.11781314156162181
2 77 0.9057088899897184
2 87 2.0613215422462483
2 97 0.8078829238415006
2 102 0.20942713641223867
2 103 3.9328219239107023
2 106 0.44490609049213536
2 114 1.3654536915168245
2 126 3.3282036123625427
2 146 1.565702779523704
2 153 0.22581251612721398
3 7 0.5970193809960488
3 8 0.2737476511974924
3 10 0.8063261884553774
3 18 1.1161178658754782
3 19 0.03659111388156663
3 21 0.2522919859177198
3 25 0.9895686642174241
3 30 0.408170294458557
3 32 0.20564570578900557
3 37 0.10040352361919525
3 38 0.07017434665291411
3 44 0.08007128788123027
3 62 1.5623643127819336
3 67 0.0656117674652924
3 72 0.5488960105773113
3 74 0.7695789749374403
3 75 0.23996290105569296
3 89 0.3830124285573141
3 91 1.3026136492680978
3 98 0.4479673835201907
3 102 0.1737344860738698
3 113 0.10533999848139618
3 115 0.4894737384328453
3 116 1.0399547716227757
3 119 3.115619811972212
3 131 0.05361442329235088
3 133 0.421208102592467
3 134 0.6502031067003144
3 136 0.0007442553519375439
3 137 0.49470382182443906
3 138 4.613284488431293
3 139 0.7695687969944826
3 145 0.6044423196559245
3 152 0.06886804094790634
3 155 1.1162422473293865
3 160 2.0808306337708258
3 161 0.061679293499532835
4 5 0.3338774295567586
4 6 0.08650895310511361
4 9 0.5705102626948084
4 11 1.289961586038852
4 14 0.2637659253541254
4 15 0.6620725827964375
4 19 0.19502292821575992
4 20 0.049354191613441276
4 21 1.9102231395681954
4 24 0.1057784291613242
4 28 1.4041541293004165
4 30 0.06759113345518175
4 35 1.2841138754318788
4 36 0.6036469691890287
4 38 0.8580874097089534
4 39 0.35619993980781134
4 40 0.6432686714598908
4 43 0.8113312760879448
4 45 0.3334601174483382
4 46 0.1507751018026059
4 48 0.5287593492467397
4 49 2.022552372788668
4 50 0.434454531209837
4 51 0.03207935676021336
4 53 0.08298418838771339
4 54 0.5227107284657438
4 55 0.645207335001992
4 56 0.8557374933934211
4 58 0.24676440993911247
4 61 0.6813723755902178
4 66 0.016975346674502907
4 68 0.43658241376992735
4 69 1.0351424944277516
4 70 0.12992969769353632
4 72 6.444366841608537
4 74 1.370400182173168
4 77 0.1663220648177372
4 79 0.4313386849013432
4 82 1.1387542527553678
4 83 3.0515810789784563
4 87 0.2056474655672593
4 88 0.1334291335148158
4 89 3.1277012239864797
4 91 0.793841582382161
4 98 0.5253418270485306
4 100 0.019292289793321798
4 102 0.8172872651449157
4 103 1.2605511058759575
4 104 0.24868482850062532
4 105 0.10166585292433201
4 106 2.997165465347972
4 109 0.25104019382653764
4 111 1.9205754145120069
4 112 0.588506588743224
4 113 0.3204084889525632
4 115 3.965127283989665
4 117 0.2244808269417284
4 119 0.3148842195913985
4 123 0.9950455167769928
4 126 2.1867583833666373
4 128 0.019529982760227868
4 130 0.2361149982779156
4 132 0.8363025589496911
4 134 0.5514331311059186
4 139 0.8337127696167279
4 143 1.604530849040323
4 145 0.7149645310562214
4 147 0.6345425757745643
4 149 0.31905188796435546
4 152 0.02346421976059074
4 154 3.081685698750281
4 157 0.39326967009852226
4 159 1.9219463595525057
4 160 0.2641508204069551
4 161 0.07040178197104711
5 7 0.12250280034758809
5 21 0.8923889302668419
5 25 0.9876446814321688
5 73 0.8290795987596107
5 79 0.030849417708673534
5 91 3.428263079904222
5 97 0.005381699229064995
5 102 0.13187583993231
5 104 0.1242068767559083
5 138 0.061176559376527606
5 139 0.3097791125571806
5 152 0.4480916451086651
5 153 1.2456561540187416
6 7 0.9029545656118951
6 9 1.2115786877376964
6 13 0.9544484673537059
6 16 2.045085120278819
6 19 0.4768281369092012
6 21 1.0890993794893769
6 23 0.27838653919364137
6 25 5.709934954595296
6 26 0.8198257939195515
6 30 1.2972083187355705
6 34 0.04924832110695845
6 39 0.09146995131742375
6 40 0.4579820224566182
6 44 2.499498145096329
6 45 0.09980011700994634
6 46 0.10381396670101432
6 49 0.4812293542778688
6 50 0.3473348740788971
6 51 3.284378378370094
6 54 1.6959834264964682
6 55 0.05148228556806986
6 57 0.35218551620284966
6 58 4.308688687504171
6 65 3.904727222620817
6 67 2.0797750153678907
6 68 0.40635655409989185
6 70 0.5794101450056595
6 72 3.118578045538837
6 73 0.0424653526357759
6 75 1.984170714978481
6 79 0.32215305734590166
6 83 1.105484104289483
6 84 0.7540165224770569
6 86 0.34310859616860606
6 89 1.8648280726845563
6 91 0.17922412221875486
6 94 1.7816706737285457
6 97 0.7467537973861155
6 98 0.2403222555856312
6 101 0.5313310753497454
6 106 0.1603910827791575
6 108 0.35019094821512403
6 109 0.6389273593247013
6 112 2.558599400037207
6 114 0.46799963287466734
6 116 0.34649202649203664
6 118 2.017612456063434
6 124 0.14022946834091934
6 126 0.2036417245439888
6 132 0.7272351787576631
6 133 0.4980351602703092
6 136 0.037887793389049816
6 137 0.013325276303938545
6 138 0.44901609578768
6 142 0.07869324857499567
6 145 0.4505379750863927
6 147 0.01828114739075331
6 149 1.1559871226450502
6 153 0.11433853754236699
6 154 0.1293321731357204
6 156 0.8438721427526358
6 157 0.4886316941539717
6 161 1.1010193777418154
7 10 1.248239996752621
7 13 0.28881694934039936
7 14 0.02836032605921758
7 16 0.15959411236530208
7 19 0.28842397600137853
7 28 0.43903437911977616
7 32 1.2171301832543069
7 33 0.20669642648141773
7 36 0.23702161988719106
7 37 0.40045225591356953
7 42 0.94109649388229
7 44 0.5711489012322077
7 45 0.717346347435562
7 49 0.3361149427872849
7 51 0.287968706667382
7 54 0.12568057513717593
7 56 0.7699857300278897
7 57 0.9375012012559965
7 58 0.3384383830984741
7 61 0.10778294523292928
7 64 0.7360053905772485
7 65 6.160334397923632
7 66 0.44003330566914145
7 67 0.808645852652057
7 70 5.6099725838360515
7 71 1.938638042839947
7 72 0.5134620203353701
7 75 0.283784872958677
7 77 0.11427118726387243
7 79 0.45829019710595287
7 86 0.13662841008196142
7 93 0.18412930388154722
7 94 1.1274727827029418
7 97 0.4099947729191583
7 100 0.0018954639675087593
7 101 1.0232076992091599
7 103 1.4510033504888227
7 105 0.5214781011476668
7 106 0.5119306006230736
7 107 1.029656453355532
7 108 0.7390313662528365
7 113 0.35583789886602946
7 115 2.9382733141145208
7 116 0.09482310368697099
7 118 0.12928998089178664
7 125 0.3451276499024288
7 126 1.9974261165235123
7 127 0.03756270595282679
7 129 0.27857576797810557
7 132 0.0805389537837432
7 133 0.06801512570909188
7 135 0.20071226018471708
7 137 1.086994234477502
7 139 0.7962512376231704
7 141 0.32274786061527433
7 142 0.5255077122662014
7 143 0.23943715540744134
7 145 0.9386362055614285
7 147 1.0179258143238061
7 149 0.18000895516519894
7 150 0.08344291501628835
7 151 1.1014775792740497
7 153 0.19543986750152656
7 154 0.19840946892030079
7 157 0.13430877291690516
7 158 0.9984724681090333
8 15 0.6203971960593774
8 21 2.7999635002853935
8 22 0.8225753038519756
8 30 2.9935200574608847
8 38 11.56466342319349
8 42 0.7268793254358457
8 51 0.545871015813913
8 65 21.98853343330577
8 83 9.932788354875369
8 88 4.995233911375174
8 89 2.06838388472383
8 94 0.43865052677745103
8 109 2.716841513127204
8 110 1.7737207703956372
8 112 15.497863210549916
8 115 91.4868172432983
8 117 0.654376767943065
8 141 8.876131561536099
8 142 0.7652366287048815
8 145 0.3043170443482132
9 10 1.023043319185196
9 14 1.3700752506554181
9 18 3.4719684965639805
9 22 2.5251292487106576
9 24 0.6772886809181413
9 26 1.161561549016952
9 27 0.04665152266633972
9 28 1.7696738356762605
9 32 0.6772881410829052
9 33 2.317670871366577
9 37 0.019525319624558994
9 46 1.5163219327763922
9 47 0.672186387279291
9 51 2.620864973287492
9 56 2.522023818620588
9 59 1.6165066794971956
9 64 6.921031741703565
9 65 0.9997269186561488
9 72 2.3723888638233626
9 74 0.005757183005979434
9 75 1.4834903902573182
9 79 0.25125842454391334
9 80 6.703739428163871
9 84 1.6789301589564314
9 85 0.16893146257611413
9 86 0.09553687709752542
9 87 1.2453825704404957
9 88 0.45530098396425356
9 91 0.0053824267329101744
9 104 0.29308875677062807
9 108 1.089091687752504
9 111 2.764888302924208
9 113 0.1067950747662953
9 114 4.3876491327792495
9 115 4.284363299134277
9 117 4.17728273403228
9 118 0.1862978520999889
9 125 0.11034843980541192
9 131 0.25482025613582476
9 133 0.044863388878965384
9 135 0.8281898777424738
9 137 5.896019398122524
9 145 4.18261279291637
9 146 0.1362094949963342
9 153 2.5318070926117455
9 155 0.029087401529656554
9 157 0.09245508433820959
9 158 1.540621943200583
9 161 0.7407767908125726
10 11 0.19017737569161716
10 15 0.31036112481819966
10 36 5.307686364425792
10 39 1.1505004433742478
10 40 0.14141687720320295
10 46 1.8100831359332752
10 50 1.3445634588687303
10 51 3.4375425084737916
10 60 0.05927438729751087
10 63 0.21270146242557197
10 64 4.0304778848082
10 65 0.3687302453739549
10 70 0.21323672814908315
10 79 0.2963493532381602
10 80 16.60879054029573
10 83 11.385343369704625
10 94 2.8350303984891068
10 95 2.125757291201482
10 97 0.8332644751738975
10 99 2.7588802185889736
10 105 0.4580644789113075
10 109 2.394725647064517
10 111 0.11468745643994503
10 113 1.861682707450012
10 117 8.715719216297286
10 118 3.1785240654358273
10 133 0.01981185987095658
10 134 0.04853498571122418
10 143 2.9277416994576755
10 144 2.2397680504829856
10 147 2.9873048782431475
10 150 0.7064207504493452
10 156 0.6350814801009805
10 160 0.61119758359406
11 14 0.009245879165398216
11 16 11.206413669437843
11 18 2.552802191858704
11 21 3.0098496015677703
11 25 2.610779048606985
11 26 4.4518494467639504
11 27 2.2748802143774682
11 28 0.7393369399367368
11 31 8.182466135471119
11 32 0.22082541317665727
11 34 1.5153647370803118
11 35 0.12909199199333454
11 36 0.744036690854288
11 43 3.4798808415172107
11 48 20.057900733535515
11 49 0.42301881023420657
11 51 3.604073745632893
11 63 0.12826539187111285
11 64 0.21641557999229857
11 68 1.0769207241774064
11 70 0.9436856358508455
11 71 1.6924971632675465
11 72 0.006247191604572123
11 74 9.476195219628284
11 77 0.06671506118999845
11 79 0.9835496838609838
11 83 0.15773295748351027
11 88 1.1568357613132274
11 90 2.701478408094213
11 93 0.2779743986541583
11 98 2.6927292381413226
11 100 0.4208321706266804
11 101 2.0046427850880852
11 102 3.618364026425288
11 110 0.18679710822752033
11 111 3.0454033116759396
11 115 0.8266676253598398
11 118 0.2880926866541511
11 125 0.24028980121217597
11 127 1.3237748833742171
11 129 3.4766605282091114
11 131 0.0517677947007104
11 133 0.3279997923890739
11 134 1.746398613479828
11 140 1.766797401167444
11 147 0.05517658609849605
11 152 6.176007083628613
11 153 7.0090009057130604
11 154 7.894760437312432
11 158 4.180704179647623
11 159 0.03626543611041812
11 160 0.6301744216117074
12 14 2.8395979147051413
12 15 0.6658389383734684
12 16 0.1341417308067596
12 19 0.06214021136192814
12 21 0.030944182685032594
12 26 0.45749651668019997
12 31 0.29124873829936165
12 36 0.0731557007758354
12 50 1.3449879245276435
12 52 0.42564163530861193
12 54 0.1845307811745031
12 58 0.7227384574559415
12 64 0.7441835816838859
12 65 0.1138902980109183
12 68 0.02581457934553768
12 70 1.2267018742908695
12 71 0.4630617152894516
12 75 1.42956987196475
12 80 1.5770483967398288
12 85 0.08042421152574365
12 87 0.057540992355871914
12 98 0.043067932353678465
12 99 1.3499989707275004
12 100 0.6881530961653353
12 102 2.1744227733330765
12 105 0.4783459512281166
12 109 0.038639717148055384
12 113 1.0210004723835198
12 118 2.8004763107214807
12 126 0.4038428745390889
12 128 0.33403868956437305
12 131 1.510643820018015
12 136 0.2503273747663469
12 137 0.3534521921104608
12 138 1.680829664236222
12 141 0.5185848206329541
12 143 0.11171269406876794
12 147 0.45292919671420645
12 149 0.9337223074974194
12 152 0.12787567786670553
12 153 2.3435413680836668
12 154 1.2010043409784463
12 156 0.7619239679926287
13 14 0.3708778552503473
13 21 0.29648849492589285
13 22 0.656793292805209
13 26 0.08083610289670999
13 30 0.8593352135212735
13 31 2.7373692550808424
13 40 0.27491338748064237
13 45 0.10794914334865899
13 53 1.5520372470170132
13 56 0.47438226652745547
13 66 0.1834881977557336
13 69 0.5347004535333337
13 73 1.8898915911537113
13 88 0.28322075709055206
13 97 2.2722120159953096
13 110 0.2330139629513841
13 112 1.3302723431323176
13 115 0.7064861562194981
13 119 0.13034032334417653
13 127 0.37717973082820605
13 137 0.10902358796040494
13 139 4.5104420398216405
13 141 0.2804634581275948
13 142 0.20558384587854203
13 157 1.6262569781492373
13 160 0.3006467170266413
14 20 1.8730461181546902
14 21 0.2060632145948883
14 25 2.760832410457936
14 27 0.15144509548876928
14 30 0.1157834141882168
14 32 0.8314443792444887
14 36 0.8779650044543701
14 39 0.456653635564284
14 41 0.26438831697832954
14 44 0.5972119871881553
14 45 1.944652452301706
14 46 0.168130261442301
14 48 3.294109589778436
14 49 0.2886856756790334
14 50 0.3976749348363731
14 51 1.6877494513697022
14 52 0.07269264725538335
14 54 1.0209961865178627
14 56 0.449572481005373
14 57 0.33257554280177865
14 59 4.104581657629351
14 61 0.49577087738256886
14 62 6.548447248534123
14 63 0.8164344566383694
14 64 0.6110625237356483
14 67 0.36920882408390565
14 68 0.5106508567381102
14 71 2.1940262487716193
14 72 5.263717286909166
14 75 0.03436789914847373
14 76 1.0376219964376185
14 80 1.2968602388237473
14 82 1.5361517466642403
14 83 1.7342470093814644
14 86 0.6423270725130025
14 87 0.7942660484344413
14 88 0.6072771752266565
14 91 1.1506898595895059
14 92 2.754826793273723
14 96 0.9644168942240191
14 97 0.30844451349389734
14 98 0.34405847571868453
14 101 2.5903380473699893
14 102 0.3130452139090874
14 103 0.4897082235545167
14 108 1.546271612228228
14 113 1.7643969493656124
14 114 0.8815254334603616
14 115 1.9974400545976339
14 117 1.668619337414964
14 121 2.0494484758882803
14 126 1.645072133981847
14 128 0.28186195060755764
14 129 3.3026087277702825
14 132 0.9578006458569012
14 133 0.7523874201063057
14 134 1.4803475203438405
14 136 0.17969420541208292
14 137 7.948391884603085
14 142 1.118576495558632
14 143 0.3036156078356347
14 145 4.9691727162498385
14 147 0.1679207039997614
14 151 0.6061480022012807
14 152 0.9296483462631802
14 155 0.4666365598528179
14 158 0.45379693864742626
15 18 2.1638837151734855
15 21 0.2404589943922123
15 26 1.3687993157643017
15 31 0.6347295923538896
15 40 0.14798599122026507
15 42 0.6561462111059208
15 49 0.13252883959111705
15 51 4.853041234510381
15 54 0.5645051729220291
15 56 0.08370397577268683
15 63 0.18726988787176047
15 64 4.689296610473784
15 69 0.5491625844495817
15 75 1.3924455313931126
15 77 1.0459335095493385
15 80 2.6569504460278695
15 87 1.0288850515355277
15 92 0.1797508156074407
15 93 3.7570559233834215
15 94 0.7726564368342886
15 99 0.9099723181430871
15 101 0.747850837082728
15 102 1.0325498305438494
15 104 0.2594210856024151
15 115 2.348723431800175
15 117 5.3153572826626
15 125 2.8176912250273936
15 130 0.887356076051473
15 133 0.10623917564493751
15 138 3.8820129361588065
15 141 2.1894048984813446
15 147 1.2012473296741915
15 150 0.14645859396119945
15 158 3.686202323687809
15 159 2.2397829359573187
16 17 1.8054578364356293
16 32 0.0749806597239706
16 38 7.3611691697828645
16 44 5.274190043402659
16 49 12.14626990180973
16 50 3.646226097460692
16 54 13.944330831866166
16 58 8.054318718272622
16 59 0.6762713161775293
16 62 6.189250291486322
16 63 0.08487643456130274
16 66 1.3665238154752555
16 73 0.4262192250225889
16 80 4.660946948803714
16 84 2.0252959845650462
16 86 0.369249127743359
16 87 3.3173318049392195
16 89 4.920278280974823
16 94 0.7608511050963064
16 101 1.0661970086091759
16 102 0.888341971576675
16 104 0.048599103819491785
16 106 0.08558288800317966
16 112 2.2950015710956806
16 114 10.323670265436037
16 116 2.1555574166042772
16 117 13.771793011466835
16 120 0.753478673715961
16 122 8.975632483176641
16 134 3.2322576995208903
16 136 1.6735657533855879
16 142 0.9618653633116034
16 148 0.5308729217639158
16 149 0.32364265893712163
16 154 13.205397024551264
16 156 0.9908597345707489
16 161 0.6328250411314457
17 31 2.5413374929057233
17 40 0.36426869525028555
17 45 1.3580395479250003
17 51 0.9066379797223785
17 55 2.473690314050274
17 58 1.338270581478913
17 74 3.617138371429522
17 82 1.6654780581748152
17 83 1.1125361242725595
17 91 1.9668584347521507
17 103 0.27335367111214093
17 111 0.8152760762027399
17 112 0.7359835092193368
17 115 2.6770111772568423
17 127 1.0415266297119756
17 129 1.065374899761541
17 139 7.8110639263985195
17 147 1.5678658727245902
17 151 1.9615357288333373
18 20 4.24111708622131
18 23 1.7009988700376542
18 27 2.2193210434094297
18 31 4.767170941292257
18 34 1.2019379579606932
18 36 0.6809186094024656
18 37 0.015260051085064369
18 38 1.5886774689837782
18 40 0.5520874112231364
18 42 0.055194512457319815
18 43 3.5803008047016167
18 45 0.5235899924059183
18 46 0.4482056602984544
18 49 0.9692493905026107
18 51 1.459459223057531
18 54 4.001438013799952
18 61 0.007911288633139172
18 64 12.433419608411876
18 69 0.2596129209438013
18 71 1.468274142189433
18 73 0.9091468951488524
18 74 3.5467998678513832
18 77 0.6406463516746833
18 79 6.388050011487635
18 82 0.9227118388819335
18 84 0.36902663155656884
18 88 0.37224839412783756
18 89 0.5145030484671687
18 93 5.7448039578731045
18 102 0.17749274494001735
18 104 1.299421132289363
18 106 1.3773700788677221
18 109 4.800925112716003
18 114 2.9137424628583193
18 115 1.4280260349623535
18 117 3.2479721190235447
18 129 5.447379948282486
18 131 0.8428503927531541
18 133 2.880374105656926
18 134 20.04383113137008
18 136 0.8596318805491285
18 139 3.568340497504871
18 145 0.5113532828080949
18 151 1.7482051553938143
18 159 1.4813184884556785
18 161 1.804174456005978
19 20 0.39854024768176616
19 25 0.23808385823670192
19 26 1.8643780272280113
19 28 0.5159674058697011
19 29 0.5875770009195901
19 30 0.7190388327412495
19 31 0.43091720461503946
19 38 1.52864432219165
19 39 0.03280583120890618
19 43 0.04902401114561056
19 48 0.2718758417960163
19 49 1.5036500443893908
19 51 0.9658130463183087
19 52 0.4732181454334237
19 54 1.3804655165046034
19 58 0.22495768468601615
19 60 0.14798058162185723
19 63 0.0193426577495112
19 64 3.4723843634665497
19 67 1.4622531800322014
19 68 1.244410224866014
19 69 0.9419556410508936
19 75 1.8840590973837874
19 76 0.9685549265592468
19 77 0.4717206333747364
19 83 1.6287968807358753
19 84 0.04795219547150508
19 86 0.5053512294549747
19 88 0.7266253986469695
19 89 0.6456892342895394
19 94 0.731976060276688
19 97 0.3168853369219379
19 99 1.3793679019144
19 101 0.4868107769173567
19 102 3.6932374331451365
19 103 0.149718765304046
19 104 0.5265292835506312
19 106 0.19222669344508284
19 108 0.07206925989452197
19 109 2.087871630334877
19 113 0.010123591165475667
19 115 0.9008852848226875
19 116 1.2990450501086535
19 124 0.9816728842037055
19 129 1.4417285664857589
19 131 1.444885828740086
19 137 0.2855987841550429
19 142 0.32761802417580094
19 144 0.08270413544472502
19 146 0.4682198118617988
19 147 0.7969774671616039
19 150 0.3441993663694844
19 152 1.3805314359955534
19 153 1.224756852898993
19 154 2.4620323312070718
19 157 1.1644777001993227
19 158 0.9094061840430294
19 161 0.2667540863261715
20 30 2.3887959027444854
20 31 4.988386792515507
20 39 0.3975704416559842
20 47 0.032214273519143424
20 52 0.39861433897189946
20 53 0.9163035331423095
20 54 2.95703673966157
20 56 0.6058071741374226
20 63 1.1706093423709898
20 71 0.033069758243197
20 73 1.6243225778439898
20 79 1.0725735519749788
20 82 0.5368232266359174
20 105 1.2930243129786732
20 113 0.32966632726973727
20 114 0.5711186034260745
20 115 0.7314670613807672
20 116 0.19212607088111053
20 117 1.892395539921901
20 125 1.93117922549817
20 130 0.3414161342025563
20 131 0.8015107547794984
20 138 0.38933757170156635
20 147 2.133608035973394
20 149 1.4523195878882258
20 158 2.490541056280131
21 24 0.8168216829172341
21 25 11.955134077717009
21 26 1.2755370474617431
21 30 0.5652687726232911
21 37 0.21824297343407645
21 39 0.15512568586782033
21 45 0.1806573250945443
21 46 2.7906413469298634
21 49 1.1488330356442336
21 50 3.381867817758762
21 51 2.195616933483643
21 52 0.9924244235939949
21 54 2.9204047532180852
21 55 0.9112942651736313
21 62 3.9432650232749755
21 63 0.17562094136183032
21 64 10.256155802667278
21 67 1.22437030302476
21 68 0.9969974035314907
21 70 3.1211092255202075
21 71 0.20225132108501323
21 73 0.33153234021764405
21 80 5.7765769118052654
21 81 6.248909347143049
21 88 1.1567499519867919
21 89 3.5145212995959625
21 90 0.1122211970067775
21 102 0.5762841726337046
21 112 0.04797058505463834
21 114 4.941619991785741
21 116 2.384049833128406
21 118 0.9370859038857913
21 122 0.9303235362607155
21 125 5.062840243615448
21 126 2.4398905630371663
21 129 1.3398246943040175
21 130 0.4982528788700145
21 131 0.15628859759198901
21 132 0.07406390844162697
21 133 0.314707245528757
21 135 1.261948406510824
21 138 14.073237318080817
21 142 2.1406127359002918
21 145 3.242027306346996
21 147 0.26851189864555125
21 150 0.21659480182263585
21 152 5.56152071646481
21 153 1.2590046586589496
21 155 1.7185746284283858
21 156 7.096539719629473
21 159 0.6053823913185973
22 23 0.22155763189450722
22 25 2.2445119752410516
22 38 1.8200606389227965
22 46 0.37347142124149796
22 51 1.0966415321369336
22 55 0.018179791131801466
22 63 0.28648935053009095
22 64 1.3025297570694123
22 66 2.618982660292732
22 72 1.3448616784101879
22 76 0.7908581303916464
22 84 0.13137366742245493
22 92 1.5879140875648539
22 94 0.346087205231102
22 102 0.08393346832291997
22 108 0.7236816375078446
22 114 0.6217069424285402
22 116 0.6908267907261524
22 126 1.109750900522636
22 129 1.7775842035675327
22 130 2.807107281744523
23 26 0.9738880764875539
23 27 0.5636233994024104
23 34 1.2655754602566927
23 39 0.040851713983364145
23 44 0.6894232177282907
23 54 0.2581906713581932
23 69 0.5858545946969429
23 75 1.5181524079420385
23 95 0.24982078934631174
23 101 1.4637409937325032
23 106 0.4220624596821292
23 108 1.8228974602167805
23 110 0.028198929826786016
23 112 0.852100302818508
23 125 0.41072361081441566
23 134 1.0266438687253603
23 152 0.33346405361888726
23 154 1.9112209576353731
23 155 0.40347185071546543
24 26 1.152426828712696
24 34 3.737032595560283
24 41 0.3286434817224847
24 51 5.7020024849139155
24 56 0.2850827447024252
24 65 2.6333885761500078
24 67 3.5431550333314483
24 69 0.2978332919868924
24 70 2.283407744511863
24 71 0.24815298084157822
24 72 0.3615310182890286
24 73 0.6620507555504561
24 82 0.04430331385799088
24 87 0.5583749772473231
24 89 0.6822358000260602
24 95 2.5603957336618106
24 98 1.3595759377969965
24 99 0.35059504218915344
24 106 1.0953272237044065
24 110 0.46985772445214713
24 116 3.0461569373081425
24 117 1.3001783280428292
24 118 0.22272275256418436
24 131 0.15580347853463786
24 135 1.0051744657968114
24 138 6.223603884833455
24 147 0.6914600336454761
24 151 1.302680044271276
24 152 1.6361701647488054
24 159 1.4079821898204898
24 160 1.0237634130257367
25 29 1.410087830455078
25 31 7.747989352028693
25 32 1.0109607155950462
25 35 1.627044656177233
25 38 2.795849747356159
25 42 1.300622373368978
25 46 2.580819182431214
25 49 5.73936656316001
25 50 20.97650147958167
25 52 0.8850256136737822
25 54 9.186957887303437
25 56 0.3571631049677139
25 58 9.15651715214047
25 61 0.3451292059015083
25 63 0.04613953726606612
25 67 3.022762829971882
25 69 0.026290798102875195
25 71 10.229800915577533
25 73 0.5190066464805152
25 90 1.2669851135994799
25 91 4.436881940535533
25 93 1.4748037756944608
25 97 0.13065326697448248
25 99 1.5781046579541795
25 100 0.29634392719176283
25 104 0.3067209236988518
25 106 1.102440226148556
25 107 0.21624585606769442
25 109 3.2696919857039184
25 111 2.993046040741245
25 112 6.414006269088928
25 114 1.8506611928046606
25 115 0.048858110876863974
25 120 1.0144808874148865
25 126 6.629968998870118
25 130 0.29238018926557136
25 131 0.8345752882122924
25 132 0.7125364505903241
25 135 1.4040744774438796
25 138 2.4112099909600704
25 140 2.3440634990209683
25 141 0.8866139351164434
25 143 8.706814671717352
25 147 0.4805741804614599
25 152 3.624339672885085
25 154 13.31996503134474
25 157 0.2548618833043695
25 161 0.007132424560721894
26 28 0.36194200664530735
26 32 0.195382001259677
26 33 0.5561354798196312
26 36 2.2069442321684773
26 38 0.45397939542059723
26 40 6.275188803960673
26 43 0.5905946678477065
26 44 0.7853754123926702
26 45 0.12456958408190529
26 49 0.6734442800114734
26 51 0.8433711700635471
26 54 1.8988173677839315
26 61 0.554067425221613
26 62 0.3692871574563386
26 63 0.08896116716074431
26 64 0.9581607810037016
26 65 0.15141279960572016
26 67 0.2500759940751172
26 68 0.9623808773393558
26 69 0.6276922021916251
26 70 1.339980168249686
26 73 2.249825133988966
26 74 2.5651888409527124
26 75 1.0911870330428597
26 77 0.8705287963050805
26 79 5.7389694378644736
26 81 0.8301333764300417
26 88 1.6364772830126766
26 91 0.17204379562908673
26 93 1.1794123364112794
26 94 0.0677186511081434
26 99 0.9793973562314305
26 100 0.2147905446345439
26 101 0.0842665363952194
26 102 1.692991785267901
26 104 0.5385479110984307
26 105 1.4792223731324796
26 106 2.077817065766344
26 108 1.2163179827932604
26 110 0.2445368050866947
26 114 0.7539205215403548
26 115 1.869829923078563
26 117 2.3782160196956075
26 118 0.8457168173698734
26 124 0.07022018899595121
26 129 0.6229898081929434
26 131 0.6957344515633577
26 132 2.0786511866476403
26 139 0.614081732653758
26 141 0.9669955844014126
26 142 0.026482370247393444
26 143 2.5679373836250177
26 145 0.14253269901814902
26 146 2.72068279456542
26 147 0.07231007801608723
26 150 2.109852064181419
26 152 0.08777083592705245
26 154 0.6238420806077124
26 155 0.3321536045186176
26 161 0.4047411097696437
27 38 0.5356010370955926
27 39 0.5746749246617978
27 45 0.7956116183322998
27 57 0.30901189020548936
27 67 5.327187945506176
27 70 1.7982982915502745
27 75 1.4611230612204182
27 76 1.3482226668927082
27 77 1.2288004918535078
27 90 0.5298826516374686
27 94 0.34438807624976064
27 104 0.3560428143009143
27 114 1.086466856783904
27 115 0.2648557526812509
27 131 0.267737339260369
27 141 1.281088837685751
27 147 0.24028008253636288
28 30 0.24311460347230943
28 31 1.816483529329511
28 35 0.23480203107892395
28 37 0.5521753209069177
28 38 1.1653810057762255
28 44 0.508140859007951
28 48 1.523873266818005
28 49 1.2021376320349584
28 52 0.7913795151644022
28 53 0.20706401762081497
28 58 2.1783981370515386
28 59 4.905572281510068
28 62 1.073714314855085
28 65 1.6468534038339442
28 68 0.2679323646211937
28 71 0.36464532672278516
28 79 0.6292471303902887
28 88 0.5950687901822912
28 90 0.06794855140597915
28 101 0.262963693000114
28 108 1.1139494999173105
28 114 0.8476494758990761
28 115 1.9175046711203645
28 116 1.235603280180254
28 118 3.568227585780081
28 124 1.695382735800439
28 126 1.0958634172560937
28 131 2.114512285334727
28 137 0.8468552535551617
28 142 1.7288463105986065
28 149 1.110636806569605
28 159 0.08469101233104977
28 160 0.8874557908446824
28 161 1.2760631114844523
29 35 0.15878640943220224
29 43 0.1554089561496447
29 46 0.9376982406509975
29 56 0.16182984616997984
29 70 0.7351018877876959
29 74 0.458374932209536
29 80 0.5959382263415353
29 88 0.43936336144205357
29 89 1.2646964164808547
29 91 0.2937313356632854
29 93 0.08701578108832357
29 101 2.1413497505275747
29 105 0.6041720278840306
29 108 1.4285383135271459
29 109 1.0965087142490675
29 116 0.5633360717208366
29 133 0.6476717679700736
29 136 1.4657574110022848
29 140 1.3934796167455317
29 145 3.6843379085432844
29 150 0.11579738434578886
29 151 1.4185048348297737
29 154 1.2320096722328595
30 34 0.5061303300578668
30 35 0.2712277291688267
30 43 0.8671054482072941
30 49 0.12464688429871129
30 50 4.725409015988915
30 51 1.7372641483307716
30 54 0.6753887974115964
30 55 1.683152270194378
30 56 0.3734495270528018
30 58 0.7829876728437242
30 59 1.2697800007021136
30 60 1.1661397497287436
30 62 0.19605369097274192
30 64 6.169707787565207
30 65 1.3964491525979823
30 67 1.342442366173368
30 69 0.2688286006990258
30 71 2.07108977634491
30 75 0.2916988239707322
30 77 4.451895413329803
30 79 0.3772193522664409
30 80 1.4616906569321118
30 84 3.768441014590954
30 87 1.554925482694256
30 88 0.08238299590467847
30 93 1.1521509051994998
30 98 0.16120525629058832
30 99 4.936883637863667
30 103 2.3878909105016217
30 105 1.0224610721535186
30 108 0.7819333098378365
30 111 1.566548990438075
30 113 1.1695006553230154
30 114 2.7916333690594675
30 116 2.6440528993474772
30 117 5.191091128501698
30 133 2.0226842430012044
30 134 2.6259197097832843
30 135 0.14110249034648686
30 137 5.693108811379657
30 138 6.030818748138661
30 140 0.34667710709922556
30 142 0.9173318311019041
30 152 2.29702774122769
30 154 0.7808392286861958
30 158 2.562668811963547
30 160 0.4205725442949827
31 34 1.2646761158778164
31 36 0.24699999039503623
31 38 4.211355252364587
31 40 6.3080942920081124
31 41 5.185303463350675
31 42 6.4265308681700954
31 43 4.0068757053029245
31 48 11.481200995031477
31 49 4.249261669398682
31 52 1.329782769397976
31 53 3.424243216499287
31 55 1.9589900213080962
31 56 0.3180773080674604
31 58 510793.13258411887
31 61 0.2499975617695437
31 63 1.174429961864277
31 72 36987651.09106839
31 74 51968016.160586454
31 75 0.17585375799146477
31 76 3.837454023001665
31 85 1.0099453837013874
31 89 22.911573996736593
31 91 25.344352477040857
31 94 2.084054427230669
31 100 6.367729840007765
31 102 2.7022036027818626
31 105 5.091583989947389
31 109 28.431292551678983
31 111 6.071500004808656
31 112 0.38138408108932503
31 118 14.82991732733885
31 122 9.883729903177958
31 125 6.208821351142426
31 126 6.814511331494948
31 129 1.8669918380490542
31 133 1.8268243008636393
31 135 3.486949537187608
31 136 0.16877988260698748
31 137 8.170446762837898
31 142 0.4614811556177027
31 145 9.182186071677092
31 153 30.11070344340231
31 154 270741732.93202406
31 157 0.20856827209567916
31 160 10.744909037763604
32 38 0.05404103322080534
32 45 0.763852497383053
32 47 0.007688926260115519
32 51 0.4883127606567659
32 52 0.11644475100895756
32 56 3.1203232952695577
32 58 0.5155807453481537
32 59 0.13866289899701248
32 60 0.4727166809476098
32 61 0.5909292685906086
32 63 0.39225847953260734
32 65 3.0446018562948978
32 66 0.13369113099610194
32 68 2.449736699356595
32 69 0.50200547999246
32 70 3.8895561035083492
32 71 1.6521879125007413
32 74 0.12378944307622455
32 79 0.4681577027726435
32 82 1.2106146997139189
32 84 1.2367979968540699
32 87 0.16637384441954575
32 96 1.4235766507672802
32 99 0.1489206577958789
32 100 0.12411458909008047
32 101 0.7464733429612448
32 105 0.42363512819687
32 109 0.22751887898205395
32 113 0.5802411338973078
32 117 0.09026821521396604
32 127 0.3424776800972298
32 129 1.6263507456620832
32 130 1.0862970707313748
32 131 0.6436260948063613
32 137 0.6073677808854236
32 142 0.24377365836328718
32 145 0.37999130146315746
32 146 0.5152778319552321
32 147 0.030571663515861085
32 152 0.36367814202428733
32 153 1.8969717139407667
32 157 0.2814370549145223
32 159 0.17240472911910976
32 161 0.06176430141226976
33 38 0.8088810653080765
33 44 0.2830687909060233
33 54 1.114356093178752
33 61 0.27672495715741485
33 62 0.8688530416736332
33 65 2.078694016286728
33 66 3.045950519654918
33 67 7.213280580189981
33 69 0.02422288641355077
33 70 7.405348305092494
33 71 1.4195531607278107
33 74 1.6831795782579049
33 83 0.1925918345426597
33 88 0.7166547718522587
33 93 0.1155545720136634
33 94 0.47462140730150787
33 108 1.8229421467361315
33 112 0.7904210101242298
33 115 2.6423233526278476
33 116 0.7549662576650399
33 132 0.5821305006831008
33 136 0.2374350526884081
33 137 10.240080871687544
33 154 11.422284288955053
33 157 2.2742376897678693
34 43 1.699000787913467
34 46 1.145369461321576
34 48 3.868892201956637
34 51 4.038115801678829
34 53 1.747047778565958
34 55 2.699441272161435
34 68 2.559001791826248
34 69 1.125669830747561
34 73 0.2623016073081967
34 76 2.050964213597571
34 79 0.8094329052202878
34 85 0.18521228371623874
34 101 0.9974142979263795
34 102 1.1103535203101742
34 103 1.6151783048567185
34 104 2.9053679544279296
34 105 0.23297332400078696
34 106 0.28849258138149925
34 113 0.2653281498638104
34 115 4.066053194036685
34 116 2.9336507324939567
34 118 0.4166703048939179
34 124 1.2059145014176387
34 127 0.43725320042268806
34 134 3.6475163514189544
34 135 0.8011051034614374
34 152 0.8627541568403123
34 154 0.6266149040572612
34 156 0.7389068523368071
34 157 0.016674312456370525
34 158 1.2698285687691093
35 38 0.6192858950937334
35 40 1.7299691860307524
35 41 1.4200547061700426
35 43 0.16471259680436795
35 46 0.16535764460692093
35 51 3.571077590014239
35 52 0.4540618611491103
35 54 0.08988112499100369
35 55 0.9797191794530594
35 58 2.03063399103758
35 59 1.0900560658862588
35 63 0.07703786400093922
35 66 1.4956582493876642
35 67 3.076678548129677
35 68 0.14870374399665806
35 69 0.024377682883409753
35 71 0.9005931262328517
35 76 0.3387468151895996
35 79 0.9087514018260299
35 81 0.39466029262991476
35 82 0.43763808809275706
35 86 0.3215815786360062
35 91 1.25738364180573
35 94 1.3755690871769712
35 99 0.48466100635467846
35 101 0.01388215721262188
35 102 0.13933238630280476
35 103 1.2440217250118957
35 104 0.008514131987143323
35 105 0.17909191695905355
35 108 0.683567784228118
35 111 0.3400625628691657
35 112 0.08527404017035822
35 113 0.7109133927037566
35 115 0.4539699856713143
35 117 1.883003725059879
35 118 2.590293930597752
35 122 0.7684341789057157
35 129 0.36368540811880085
35 133 0.71151804156687
35 137 0.20516401349715493
35 141 0.09168731111285619
35 142 0.3389576578978075
35 143 0.6249861863189173
35 150 0.07712179071118605
35 154 0.32889807940415833
35 158 1.6294484325069725
35 160 1.2053356198489167
36 37 2.178047587553373
36 39 0.2631634897918272
36 40 0.9459769013804752
36 55 7.802195447525816
36 68 1.752953686036379
36 69 1.946788786549124
36 70 2.9385667087372047
36 72 3.4466723981810574
36 73 0.8813517057451096
36 79 1.1425399249141512
36 80 4.062668481738232
36 82 0.6215410297635314
36 84 0.49542846055806605
36 86 1.974159094751801
36 87 2.2612097429657614
36 88 0.3146763988134727
36 91 1.2447907293878362
36 93 0.41157993737604376
36 97 0.25226552222539245
36 99 1.021513728276006
36 103 1.2156377168692518
36 108 0.8371030525915943
36 123 0.7094187728678434
36 125 0.7297669600243397
36 128 1.0738405650626202
36 132 2.0330395003428516
36 135 0.33088586095112926
36 137 4.069079690259738
36 145 1.6674440298143278
36 147 0.6582980637619172
36 152 3.658314497671904
36 153 1.6738638150829084
36 157 0.08156530042317771
36 161 0.5550637489963179
37 49 1.2586500733079529
37 51 1.8582454160028652
37 55 0.6999344602640155
37 63 0.21982975054175552
37 67 0.6924887509984456
37 77 0.005612760671815164
37 78 0.19265158774625948
37 80 2.8289375190594988
37 102 0.3031752697959903
37 113 0.6897269432866863
37 117 0.20948039987225925
37 131 0.2102978206884866
37 146 0.28693021798734486
37 155 0.4873212261771026
38 41 2.4188459032194487
38 42 1.4799426279599308
38 43 0.031494370156483445
38 44 0.061807594340733706
38 49 0.12728442509857507
38 53 1.8203298785606616
38 56 1.5484847685928527
38 58 1.7778810663281355
38 63 0.12074808165597316
38 68 0.7087533096610383
38 69 0.510707491028405
38 73 1.4684503125287778
38 74 1.6215566753788424
38 79 2.2212631495620156
38 81 1.1652103120879123
38 86 0.8770071422575252
38 89 12.466073368585281
38 92 3.5111511162669267
38 93 0.2867732594193166
38 94 2.0392029555882347
38 97 1.0953015970003397
38 102 1.30888493101067
38 104 1.1455851466132683
38 105 2.4896810598958212
38 106 1.221412598013393
38 110 0.6248318168600894
38 112 1.6016024316221251
38 114 3.664988233390453
38 117 5.924193580925924
38 124 1.5053187723674537
38 125 11.36165434352152
38 126 1.1945907539467082
38 127 0.08714538894456024
38 131 1.3250663560172875
38 136 0.45913988093343977
38 137 0.2524462252045281
38 138 6.363266356078692
38 142 1.3705180280901328
38 143 0.2807417240694927
38 147 0.1413465998280346
38 152 0.9000104667966254
38 153 0.0035927445208738295
38 154 2.4640218684263338
38 157 0.5844737895666213
38 160 1.2203348448389646
39 50 1.8589453434127885
39 53 0.7332139628236458
39 54 1.0647248948756278
39 55 0.23566566545531278
39 57 1.4701650407873095
39 60 0.20313197072331443
39 65 0.08132084209229212
39 67 0.027841969102766973
39 68 0.28972183961364345
39 69 0.08554978467854389
39 70 0.5324084425238205
39 71 0.5331510714056231
39 79 0.2382455763467193
39 80 0.4185753544026373
39 83 2.684170998925022
39 87 0.272313342357957
39 88 0.31924273002853665
39 91 1.712056343886719
39 93 0.012739388122366864
39 94 0.015375020431236465
39 96 0.9046262651766525
39 98 1.7966487811219807
39 99 0.18172199936324548
39 101 0.5516522193518671
39 102 0.5641125699655273
39 105 1.2647525408499098
39 106 0.5067353271467637
39 107 1.0897336086990097
39 113 0.12262533262157804
39 114 1.091918319672552
39 115 1.4277727031805032
39 125 2.58282772629176
39 129 0.8319340884787979
39 132 0.012637234377336541
39 137 0.9107281981838637
39 138 0.7478098521177811
39 139 0.03900746536212196
39 143 1.9329624482965853
39 146 2.4987295904444498
39 147 0.02348268045824526
39 150 0.24031009650280516
39 151 6.873838099735842
39 153 0.5993888761433992
39 156 0.12719035259911063
39 159 0.2800361838222305
39 161 0.10964929235660648
40 51 4.196649715890888
40 56 3.272809095495359
40 58 8.06760620678251
40 63 0.6415907409047147
40 64 0.8789867147267535
40 65 1.50446455610354
40 72 1.9941376060398095
40 73 1.077508698608034
40 74 0.5266473969652166
40 77 0.26429385781244785
40 82 0.2738426822140002
40 84 0.3774872551204584
40 87 0.4639406402091933
40 88 0.1874876561847334
40 89 0.2650642302833504
40 91 1.368870446663664
40 92 0.4103116997827029
40 100 3.6100040198093115
40 101 3.5178796983486444
40 102 0.8619179171452082
40 104 2.235716249442011
40 107 0.45706860156125745
40 111 1.7175577852500286
40 113 0.08114346588418823
40 116 3.355819125815781
40 120 1.6744954198764155
40 122 0.3964624799509184
40 126 1.194234487331509
40 128 0.6497005703866879
40 129 0.8273154578166656
40 134 1.8147626503619338
40 137 6.406991807145381
40 138 2.574870064870307
40 139 2.3950202589102454
40 141 3.5061010141254365
40 142 0.06188305926382487
40 145 0.024570370301285983
40 147 0.16485309322968253
40 151 4.447650279198251
40 152 0.8783128730410485
40 155 2.0135686097139405
40 158 5.712269354667404
40 159 0.17274868850302239
40 161 0.8720499710814243
41 54 6.609329778111135
41 55 0.717435586582234
41 59 4.0677500863501095
41 65 7.947094674576954
41 67 1.0158945086136424
41 86 0.5581749894929168
41 87 0.7503941524134813
41 90 1.2335800954935414
41 102 0.645174422682162
41 112 6.6684067361794
41 113 1.104732838467295
41 118 1.8095291615227602
41 121 0.39094914297930833
41 123 0.5996785099329076
41 133 0.2836181138952406
41 147 0.6512443997104861
41 148 0.43518918326121797
42 43 0.39087494971332387
42 45 0.8835894048111781
42 49 1.1854784153479985
42 51 0.07957751246069074
42 68 1.1442848504897782
42 73 0.5708249212480381
42 77 1.4983872915053285
42 80 0.3378827414674806
42 83 3.157435438024402
42 84 1.4118267113791172
42 85 0.0477099363939066
42 86 0.8319183387737975
42 97 0.45355150225862506
42 102 1.4337358447188276e-05
42 111 1.2120189590304302
42 112 1.1111405488831458
42 113 0.02926118301673277
42 115 1.8451084329057577
42 117 3.5459646340146906
42 121 0.10044778900345648
42 128 1.0373936224552798
42 131 0.6726731665481848
42 134 5.213997277239001
42 135 0.0969218434498254
42 137 2.073147036768344
42 142 1.0820432198216414
42 148 0.013128697542365142
42 151 5.064381489863696
42 152 0.765153939228501
43 49 1.7235876812698447
43 54 2.5975924537398716
43 58 1.6831838922952784
43 59 1.872150156554386
43 64 1.0994139418951947
43 66 1.337370208504897
43 67 1.8355345335078228
43 69 1.0033050309297369
43 70 1.3121446996746797
43 73 0.35740293462498945
43 77 0.8697548859696312
43 80 1.0677915594244636
43 84 0.4457430207878928
43 88 3.984120844221554
43 90 0.9561083668739296
43 92 1.1556571749321112
43 96 0.35438717735238723
43 98 0.10221701410378826
43 101 0.49584330709887675
43 105 0.7299703342275715
43 109 0.9227808538844621
43 111 0.4530565804108943
43 115 0.28114618284239823
43 116 0.9926029410104531
43 125 1.114092575843835
43 145 0.18869020960272473
43 147 0.4307418954936205
43 149 1.837630179567434
43 153 0.6252455063800296
43 155 0.0824801425035788
43 159 0.25869015071102647
43 161 0.2899560954343757
44 48 18.797211486030726
44 49 0.34522794414723323
44 51 5.5332787269341415
44 54 5.454909727479451
44 57 0.09998985862974188
44 59 0.7464938225344879
44 63 0.09681766438136978
44 64 4.135868456940017
44 65 0.49330412650178207
44 66 7.643034438517404
44 67 1.1418735281888772
44 69 1.4688757601127895
44 71 4.313581380544002
44 75 6.299205700579739
44 79 3.706050190171518
44 89 2.044832761246314
44 90 2.762837705596005
44 92 1.666571287838622
44 94 0.8513572953460984
44 99 5.4470355492185565
44 102 0.07631865303247147
44 106 1.964356197820164
44 107 0.39214593863736313
44 109 5.284701442642232
44 111 0.6665728370645548
44 113 2.1220289986025165
44 114 5.943253728727614
44 118 2.9799172516091037
44 125 5.665788044580772
44 128 1.5042158593168353
44 129 8.164674668405196
44 130 6.047754945933387
44 134 17.366178541987395
44 135 0.6309934432967763
44 137 3.3488275719311567
44 138 1.9365852123979788
44 142 0.20317425433338393
44 146 0.043298301552654926
44 147 3.4530839663282733
44 151 23.983508578583283
44 152 1.344163783976009
44 153 1.4111642393491226
44 160 3.13956290013993
45 46 0.2776237544483606
45 51 0.4368584079303969
45 54 3.1494560736881305
45 56 0.35590437627715865
45 59 4.522376841890845
45 65 0.6767097229987677
45 67 0.4354081607590143
45 68 0.011528622585838552
45 69 0.5616697979077051
45 70 2.6828261678674497
45 71 0.5499037445279098
45 72 0.16953456669431846
45 74 1.0830858396261538
45 75 0.19549893939117854
45 76 0.05529661079794624
45 77 0.30463445296979086
45 80 1.1615881207408203
45 81 0.16256849697428813
45 82 1.0871348387576538
45 83 5.2711872832287785
45 86 0.38964617539569657
45 87 0.9868172547198469
45 89 5.423948000825604
45 91 1.0877567989802877
45 95 0.3677525747911515
45 98 2.670151812070456
45 99 3.646835343853021
45 100 1.032253441254277
45 102 1.5642541650821762
45 103 0.23780989647396616
45 104 0.505052619560532
45 106 0.003755308857767104
45 111 2.5405976319916967
45 116 0.14684636907400658
45 121 0.3862408881324801
45 122 1.4305865556341102
45 124 1.1143075214608653
45 132 0.2771417687780165
45 133 0.824778384765894
45 134 0.6495285291828853
45 135 0.043239520292084166
45 136 0.2796258638745932
45 137 0.09089911029843842
45 139 4.914565470946719
45 141 0.6840217483457395
45 142 0.3045449482140345
45 144 0.3835867013673446
45 145 1.8558723889876632
45 148 0.5784797590504177
45 149 2.0761897963321805
45 151 0.7638098964134901
45 152 0.011010377133647007
45 154 2.824700159582712
45 159 1.422808279245535
46 49 0.9882479852013575
46 52 0.06268782483406984
46 54 0.7296221205911739
46 58 0.5306062956349455
46 64 0.6272852077256732
46 69 0.35806022848402513
46 74 1.2741115805147256
46 79 1.978250769674414
46 85 0.09153306574342701
46 90 0.8770069870257559
46 91 0.3503849689298466
46 97 2.470761881472907
46 99 2.239544939522729
46 100 0.1904233215542379
46 107 0.5067262880246753
46 113 1.6869418935312417
46 118 0.04297662922931306
46 119 0.08392469796124565
46 123 0.6727741496043269
46 125 0.13922164316444227
46 128 0.5130961454538131
46 129 0.5714174555401768
46 131 0.05005379223213496
46 134 1.1144426403765022
46 139 1.0750530049969511
46 142 0.14601985182674485
46 145 1.856409305878461
46 147 0.5559079557858126
46 150 0.6090028073062956
46 160 0.0939351344784807
47 49 0.8619283425755281
47 56 1.5065904699438712
47 79 0.8416624884475746
47 110 1.9541877817106874
47 112 0.249865518576733
47 115 7.070166592818852
47 123 0.6321388284541033
47 133 1.7089346515647537
47 135 0.6354665593680188
47 143 3.9256960082998886
47 145 0.8688494582884666
47 152 1.4291828756254283
47 158 1.208074235041719
48 56 1.1026829344113687
48 64 37.520422169963595
48 68 0.3008017910652942
48 71 1.8112679405712666
48 72 9.802623221340967
48 78 1.5911743601777861
48 105 2.7286454668575213
48 108 2.542784987149157
48 129 4.92286326018799
48 130 1.8601923830900515
48 135 0.42694050117809473
48 137 3.4376850337674516
48 147 0.30183253093618106
48 154 14.75408295325424
48 160 0.07562955993708331
49 53 1.1115387152951055
49 55 1.3734625279588744
49 60 1.1532853218386536
49 64 3.05005668585364
49 66 1.771481240153379
49 67 3.0457480091218048
49 70 3.617427740374498
49 72 3.907431158256179
49 73 0.462034097014666
49 75 1.3529753615868811
49 77 0.5039653313531709
49 79 0.19111467561475365
49 83 0.19538768150477792
49 85 0.5693618114294123
49 87 2.225471831597646
49 88 2.250223733937376
49 90 1.0655282702996929
49 91 0.9576374717485541
49 96 0.670490233562524
49 97 4.655979362809658
49 98 0.18092616106092435
49 101 3.279225597929984
49 102 3.762130202684089
49 104 0.055972113941203994
49 106 0.09908910845188965
49 107 0.5714791774477193
49 109 2.048806664750228
49 110 0.08431478847374135
49 112 0.37754842860170207
49 113 1.8129522595827792
49 114 2.829469538334969
49 115 1.37472655082471
49 118 4.783495547040589
49 122 0.41219910382300123
49 123 0.246135068142445
49 126 14.173986556870883
49 129 0.012658147232588894
49 133 2.5809405967547616
49 139 10.61502983991391
49 141 0.1291716836871696
49 142 1.874080874414403
49 143 2.3221738763956905
49 144 0.7238807619881793
49 147 0.5942672682197
49 149 0.46351073301437007
49 152 1.0919896048148043
49 154 3.044525524226082
49 156 1.6260207980427572
49 158 4.119576442271787
49 160 6.515504243352523
50 60 1.3905378169451668
50 65 26.64676560376672
50 68 0.07866403703133465
50 69 7.386263241082689
50 74 12.018923193021092
50 75 1.1577169873263549
50 80 3.1337103820783487
50 89 1.6110704128710034
50 98 0.752830462450533
50 99 10.446336814323166
50 108 0.5414188599827418
50 112 0.8529277115189755
50 113 0.34703158842229914
50 114 8.835950414719315
50 116 3.170381197720159
50 118 0.6932973235176185
50 121 2.676707775542273
50 125 1.298948585347055
50 132 1.1159019956826832
50 134 14.352428948405953
50 137 3.837091616983872
50 138 6.012342343664186
50 146 0.45630597917362015
50 151 14.041768314443845
50 152 9.02404208784412
50 153 34.230056460768395
50 154 1.3887919039688437
50 155 0.13355568752821936
50 159 0.8022299448974295
50 161 0.3310504509218277
51 58 6.226021328129782
51 63 4.471161208054574
51 64 2.4222280088313095
51 65 4.988676240286443
51 66 1.1518651042202854
51 67 0.8069031005819616
51 70 12.848015696215343
51 72 5.980763229390367
51 74 0.8320868477364995
51 76 7.7479406804598
51 77 0.10299530718464214
51 87 2.524033185128226
51 89 7.767655658514388
51 90 3.9391995890550775
51 94 0.07743713816835542
51 96 0.5035940854567715
51 99 0.4192540567583602
51 101 1.4440429517888353
51 102 0.19437819337491735
51 103 2.58135639585874
51 105 1.1230653985013204
51 110 1.087123489369397
51 112 3.3339553308276626
51 117 1.4017584720501752
51 119 0.3538650990848537
51 120 0.09315531006989491
51 122 7.504233117836075
51 126 1.0841899041138172
51 134 4.346986092679256
51 136 1.8118023169677726
51 137 0.10596112485622276
51 139 1.0328427958192863
51 140 0.8299137375887135
51 143 2.5346069773558284
51 145 2.1572078523148135
51 146 1.7642547212496178
51 147 0.1423445285854615
51 149 6.142516506835282
51 152 0.2759191922701249
51 153 2.27985565951641
51 154 8.305603589374353
51 158 3.7905472824544737
51 159 0.8491120583196674
51 160 0.021547380732501197
52 67 0.4019129144503656
52 68 0.9068559537577014
52 71 0.2966185366381594
52 75 3.2185060548769466
52 79 0.05641655664527248
52 82 2.6255446707020593
52 84 0.7422686255599868
52 87 1.960030436608975
52 102 2.6221412515934546
52 105 1.0418395401107616
52 109 1.0194174578074306
52 118 0.27435645008966
52 119 1.4814824867037832
52 125 0.3520832020507137
52 126 4.5251629926967905
52 129 0.39114813224300127
52 132 0.221557490168275
52 133 0.3237756434664679
52 134 0.19921940254274634
52 140 0.8290340492364492
52 151 2.021811200352597
52 154 3.8869886807104628
52 158 0.6890707242263178
53 56 1.2968410347162547
53 58 0.3096254301382119
53 60 0.3912901727181904
53 61 1.5324516066208527
53 72 0.4229937061554099
53 77 0.7751126864541444
53 80 0.7157888394343193
53 89 1.857090908750041
53 91 2.320431471466454
53 97 0.7653860348196214
53 102 0.7496548340351453
53 106 0.4247060842630551
53 109 0.43176388665171667
53 112 0.04444200485053947
53 113 0.17468693233781513
53 114 0.12069130169695975
53 123 0.00038864970954509447
53 126 0.7899990995580842
53 127 0.42665605463665973
53 132 0.7479062773766982
53 135 1.8235177629040762
53 136 0.28772244903902955
53 154 1.7462570192842728
53 158 0.8012709231718791
53 159 1.7179126120232169
54 55 0.6587811275161783
54 56 1.0994194479632116
54 58 622744.8243607082
54 61 2.6126450168965385
54 66 3.7047096209563843
54 69 7.123043369763949
54 70 15885741.143895766
54 74 68485086.35238504
54 79 6.398925142193467
54 80 290.66710430645503
54 86 4.1217769494043335
54 87 0.5041698227360233
54 89 17.240662045434497
54 90 4.465591200106897
54 97 0.41865334862284526
54 99 10486417.324297776
54 102 1.2626342334875968
54 103 0.7981157561881178
54 107 1.517294332913149
54 111 0.027727086673856524
54 112 3.7855834713336116
54 113 0.25034265760187274
54 114 1.7662153222021142
54 116 0.17152653160013184
54 117 40.298108920403216
54 118 11.463657652129944
54 121 0.15538789703443412
54 125 4.045574262104697
54 128 0.9213509705891972
54 131 0.06637393146605566
54 132 2.3070100341943856
54 135 0.33305495205503854
54 138 15696907.140102822
54 140 2.4734707973195165
54 142 0.6748451546269673
54 143 9.073367936335494
54 146 1.3979286491174077
54 152 0.20917181763215636
54 154 629540174.8774736
54 157 0.502968012124409
54 158 2.2864286246636323
54 159 0.7531724710268389
54 161 0.7789995715278406
55 57 0.7329564780397495
55 58 0.9905301412584043
55 63 0.20457592843689307
55 66 2.3550895074330316
55 67 0.31476599190884025
55 70 2.9397779072284016
55 72 0.8583248691947776
55 75 1.8352733480453518
55 76 1.1682548371892065
55 77 1.6141539688929496
55 84 0.015392225450629097
55 87 0.5100210436224465
55 89 5.849765317903617
55 93 0.4081445369500738
55 94 0.2648765174333227
55 100 0.7635510876220803
55 102 0.1347734306644782
55 105 0.6812855531967124
55 108 0.6899198223200778
55 112 0.5956645569911898
55 113 0.3694862188390388
55 115 3.69835110411664
55 118 0.08419296398655557
55 121 0.25451718423098535
55 124 1.8389504279826907
55 127 0.8621405304335893
55 129 2.2666692184024377
55 133 0.3627799158248307
55 134 0.01880436452269893
55 137 2.0899320517061057
55 145 0.02745999010918951
55 147 2.464614328127005
55 148 0.36327668936120905
55 150 2.127620265918935
55 151 0.43862376035690476
55 161 0.4758770122555053
56 58 0.8640282802973103
56 62 1.8225238077037351
56 64 1.7061173326257073
56 67 2.7002983424921894
56 68 0.47561877080473264
56 69 0.8051378796315524
56 70 1.9545835493510808
56 75 1.1909991682845393
56 79 0.3534076994828126
56 84 1.0282135730372837
56 86 0.954465300462036
56 88 5.212443080011925
56 96 0.4805937159452025
56 101 1.9596799255003454
56 105 0.09054697821229901
56 106 1.757273082865941
56 107 0.385482716676409
56 110 0.2223599055624694
56 111 0.7130117473849932
56 117 2.3778491267954602
56 119 0.09636952166918553
56 126 2.770014884543873
56 128 1.5050027454818544
56 131 0.2592915733392704
56 134 0.7798562312973104
56 135 0.19492300264473741
56 138 0.6022052955884938
56 139 2.469838642558948
56 147 0.020739750710125262
56 150 4.376269534875786
56 151 9.651651475567565
56 152 1.1173181809830788
56 154 2.6904143491355477
56 157 0.02563711129984593
57 62 0.43862011164700665
57 63 0.04304444192253477
57 64 0.5887561800653632
57 66 0.8212501098518242
57 68 3.950742383567221
57 80 0.32022079327811986
57 82 0.5483499075543966
57 87 0.29809508757268954
57 89 6.067404677077635
57 91 2.0838454497699592
57 99 0.1637447546914342
57 102 0.9536339502346982
57 105 0.15192480313367424
57 106 2.2322312374860185
57 118 1.6084673849832782
57 125 0.5162191046500849
57 131 0.8911097144573489
57 135 0.15614681226798519
57 138 2.5466865049593097
57 142 1.2420743035604587
57 143 2.399128154295896
57 146 0.38996539003638553
58 61 0.21430742556673008
58 62 0.2926381692409872
58 68 0.3235140583803116
58 70 151554.4084409633
58 71 0.4247541450117145
58 73 0.30858425344444185
58 74 188709.87416593364
58 76 2.6930529535332415
58 84 0.09823776124207914
58 88 5.311720925440004
58 93 0.9300039549907292
58 94 0.4329014006400599
58 98 1.002514593347883
58 100 0.26357514538532106
58 101 3.6554045360496232
58 102 2.079008719032361
58 104 0.0916651165226253
58 106 1.1879303310600973
58 109 3.747556538739996
58 111 1.239637890678568
58 112 0.3277431278309414
58 113 0.7494636202935046
58 126 6.979956405598491
58 134 22.450695723162074
58 138 81499.97288785287
58 139 0.15101849955910843
58 141 2.6611522402770658
58 143 1.1002053155908176
58 145 3.257604308597524
58 147 0.08639398845501343
58 152 2.7735057080223373
58 154 126794.45312673684
58 155 0.49098266911100225
58 157 3.8132353543082598
58 158 5.787358360893696
58 161 0.6812470446127139
59 64 11.931339850539839
59 65 6.440989688120145
59 67 3.3513739360213903
59 68 4.874731114058564
59 70 30.800542274518573
59 72 26.7151793202913
59 74 7.375787390998722
59 78 1.7875150602011096
59 80 6.153201845544563
59 82 0.42866482999642497
59 85 3.584321315552416
59 89 0.6058147543213164
59 93 0.6040739314414724
59 98 0.6722193531158613
59 105 4.833930771799585
59 107 0.04068474904134096
59 108 2.5318361578317328
59 111 5.349337893202264
59 114 0.6367128235671151
59 117 3.192353986853213
59 125 9.383835238938556
59 134 25.48162108809666
59 139 0.49227809489701835
59 141 0.5045287071451292
59 146 2.7585751075371583
59 152 1.8653273949751097
59 153 13.06257554097934
60 73 0.1435916386278471
60 83 0.14133718586691574
60 85 0.3935385875786418
60 89 0.7265013852060118
60 92 0.15359060218264048
60 94 0.24992109334265983
60 97 0.471428829693577
60 101 0.7446673733029207
60 117 0.15771578403895045
60 134 0.8189382272539194
60 136 0.26997561102581946
60 146 0.3121369528372306
60 154 1.1367730140352608
61 66 1.0888304215084426
61 72 0.9592427564323707
61 73 0.3243247470954296
61 79 0.7662547428926348
61 85 0.3526636651646511
61 90 0.7068177122615176
61 92 0.9211752281458909
61 96 0.25398502007746326
61 97 0.6025366096956458
61 99 0.646591992234808
61 102 0.010662028054180504
61 106 0.40264161529148307
61 109 0.23522366845383608
61 112 1.9474525513498988
61 113 0.5190575520443278
61 119 0.2728232330527124
61 121 0.8828969404841414
61 126 0.7150110373489534
61 132 0.4080296701524503
61 137 0.3876813996891255
61 143 2.403736885776937
61 147 1.920637777464727
61 148 2.752706981166297
61 150 0.6780666235790549
61 152 0.580667672534334
61 157 0.18805503980767746
61 161 0.5516450059993416
62 64 1.4773791108767744
62 67 3.6465525812710666
62 68 0.40772534525293397
62 72 3.428020295712584
62 84 1.5027197343061003
62 91 0.6568535330847695
62 97 0.73185677758538
62 106 1.0361417662385737
62 107 0.6950542706932995
62 108 3.8047922425360965
62 115 0.007318471150964295
62 128 1.0392050291338826
62 130 0.14988489852600054
62 131 0.2882302022418446
62 136 0.07518933261071245
62 140 2.5232707024146808
62 142 0.017423680315285805
62 154 5.033070635705195
62 155 0.10095593074309313
62 157 0.1034349639625188
63 64 3.2827873972152024
63 66 0.21124779743889727
63 68 0.010045565454744627
63 72 0.9464724500216664
63 73 0.4135838468315132
63 75 0.12004141493233651
63 76 0.24014654205522495
63 80 1.5045889060719044
63 82 0.23385529663369725
63 85 0.21652471281170177
63 86 0.5727711876646879
63 87 0.09798394372965986
63 94 0.4369973187132398
63 96 1.078691338837561
63 97 0.7474239215247759
63 99 1.7988430157780089
63 101 1.179802536417974
63 103 0.6707095770857815
63 107 0.7387087793892646
63 108 0.5888716614309246
63 114 0.6729516160423841
63 115 0.46650868679986535
63 117 0.5085067658107252
63 118 0.5947698811506235
63 126 0.3293179223344906
63 128 0.20579271652821485
63 129 0.5120496391933743
63 131 0.3025410800276209
63 133 0.5344107735142303
63 134 1.521416808218657
63 135 0.33531994882276006
63 136 1.0415104692071817
63 138 0.02288246863876176
63 141 0.1877878987596611
63 145 0.4872843155463824
63 146 0.9059506253372931
63 150 0.7282001396270209
63 153 0.25985540403342
63 154 0.4673923778493294
63 156 0.17518154681300455
63 159 0.6866625550600307
64 68 0.01381247929531541
64 69 2.744005075800903
64 70 2824495.1331460886
64 71 5.732413203553933
64 72 907774.7942224338
64 74 1040739.1618479124
64 80 158.4476242897804
64 81 0.33233334205907994
64 84 5.099381418670669
64 86 1.0697660030977314
64 88 2.4492098473571247
64 91 35.992992135513084
64 97 13.803420500417287
64 102 0.5849749144155084
64 107 1.9164212692457216
64 111 1.6171810560544675
64 113 0.10528353388864253
64 114 4.714288924443357
64 117 44.39023794840636
64 125 6.357753136290361
64 126 24.298782646540946
64 129 8.7243686599811
64 130 0.6580664848018581
64 133 0.3069962486032511
64 136 1.33213654550939
64 138 2024785.3826897356
64 146 11.409060149434923
64 147 1.6496778984309408
64 150 1.0059132367537529
64 151 937256.3267324526
64 153 48.28253590555578
64 154 886700.9255362012
64 155 2.4186353878457787
65 66 8.998419851142632
65 71 5.5589841387757195
65 72 80248761.26873283
65 77 0.6652350688736263
65 79 3.9920293597636434
65 82 4.65471258695553
65 83 30.876803799898006
65 87 1.3266614506016325
65 88 0.890400829512822
65 90 0.13229809707058673
65 93 0.19849534092700125
65 95 5.555404955008491
65 97 1.099070941574965
65 98 18.22619533888116
65 99 1356141.560160996
65 101 6.263623216164886
65 102 1.1480326959982616
65 104 1.0947210607739142
65 107 2.059275801426502
65 108 3.0004270075097614
65 109 16.922392309158695
65 110 2.105030966426149
65 112 23.276473476156404
65 115 20530348.257241108
65 116 1.7149597711754365
65 118 1.0269042398395805
65 122 6.138788782137886
65 125 2.7118153047040368
65 131 1.1916795909948112
65 132 3.239864867214714
65 136 0.6474580929153826
65 138 1861006.6731069484
65 139 5.271804367482031
65 141 5.074510131045034
65 142 0.24905518273527996
65 144 1.086218715571849
65 145 2.4514980430245807
65 149 1.6472545915424508
65 151 727228.3588491263
65 154 117444081.29087844
65 157 0.6843640396410281
65 158 1.0629307301557476
65 159 2.6159746936485275
66 69 1.1010420706028732
66 70 0.7212042239265288
66 73 0.7117291837449257
66 75 4.119597600538261
66 76 0.6014786806408834
66 78 1.2843531982074334
66 79 0.262812164016263
66 87 6.832732901859285
66 89 4.649127347063086
66 91 14.659073707116605
66 93 0.22819908770680375
66 94 0.12566645202220755
66 97 0.3358182436739227
66 99 4.076899655968046
66 103 1.11367048387919
66 112 0.7986853001061693
66 113 0.3054977523898578
66 122 1.1399946282752413
66 128 0.6768317686262421
66 129 1.4682461941436356
66 130 2.2185907517718477
66 133 2.808278882671938
66 136 0.4712071552354159
66 137 3.2340154574354023
66 138 5.5211447512418
66 140 0.2996254096792378
66 141 2.1708107108920953
66 144 1.8035378061560823
66 161 5.985260739132035
67 68 2.7939342533556855
67 74 15.18698858368604
67 75 2.1225683184583817
67 79 1.0519351687021583
67 80 0.5152446633165503
67 82 3.7925791159634996
67 84 1.1265094226652728
67 85 0.5793819792315894
67 88 1.2644196542274806
67 89 3.7290250503135325
67 91 2.1340956585607755
67 93 2.1927252118065903
67 94 3.3920710863312538
67 95 1.4513463518321017
67 97 0.2808787167082711
67 98 1.399837104631748
67 100 0.3817619105062285
67 102 3.621080377579
67 103 0.09902597085514392
67 105 3.5288827975936323
67 106 0.344815198374522
67 110 1.4645844137750088
67 111 0.5499958910351044
67 112 3.343238769055197
67 113 0.036317767907421375
67 116 1.7228053766576141
67 117 2.0107625816605945
67 118 6.358942971926236
67 122 6.669230914094142
67 125 8.760545992295944
67 126 0.54625876499986
67 127 0.5105559686986788
67 134 2.4948804878052044
67 137 7.711983206451579
67 138 28.2940894144196
67 139 6.507402402816025
67 141 2.7152641942980456
67 142 7.980904993918878
67 143 0.9687007175096564
67 147 1.3408090463115947
67 161 1.337672996291674
68 69 0.03631520134047364
68 70 3.140499675623138
68 74 1.529479432126509
68 75 1.4384348969467815
68 76 2.7580151136907958
68 84 0.01925672781341696
68 87 1.9702516052777992
68 93 0.32448526203552525
68 95 1.0429277091330456
68 97 1.8123947185369753
68 101 0.15182212062596717
68 102 0.4031912727792056
68 106 0.4465492748452375
68 110 0.0672615454730657
68 112 0.25484085121795175
68 113 0.06976699807352264
68 115 1.1535366660922304
68 117 1.8645270928336501
68 118 3.4766855308896587
68 131 0.8046020845145497
68 134 0.17496210604429305
68 137 0.12530886238404373
68 138 1.0929876605617774
68 139 0.2435384304293094
68 141 0.9499785978366667
68 142 0.43471720217179416
68 143 3.05821110389932
68 144 0.8215020703568705
68 146 0.8336740687377837
68 147 0.10317674721689546
68 151 0.49863662991333396
68 154 0.011411388103175915
68 156 0.9659935103164301
69 70 2.727782370693552
69 71 1.4840795844186287
69 74 0.2717746195384774
69 82 2.0866667131245342
69 83 7.493257155623798
69 84 0.4181079988202288
69 88 0.03750042054301049
69 89 3.879333529549059
69 90 0.3297762928813911
69 91 1.66073776138847
69 93 3.102287781111487
69 94 0.22528501987929583
69 97 7.154042998264525
69 100 1.9797283853382721
69 102 0.5080244799426951
69 105 0.41912104502119474
69 108 0.4563635253776539
69 111 0.04784278828483118
69 114 1.8753784110199487
69 115 0.17653311626186105
69 116 0.435895582062958
69 118 7.172063078905733
69 123 1.1428907219830282
69 126 0.5070744867879857
69 131 0.07124322260184986
69 133 0.6960433600094422
69 135 3.182719378413189
69 137 2.874129556900062
69 140 1.1385277617436358
69 141 0.7518899105804636
69 142 0.8876265039651399
69 143 1.1493832237310286
69 146 0.010888227707039922
69 154 1.797946427662484
69 157 0.09338512164954377
69 158 0.2802463077380563
69 160 2.5352379581684445
70 73 0.6332818326993997
70 77 0.46253836260020736
70 83 60.74241567768463
70 84 0.5510684544449024
70 88 1.1449940945261725
70 89 27.17244997656608
70 97 5.983448370180467
70 98 3.2842318670704427
70 100 0.8451500833224036
70 101 25.607880860869773
70 105 1.892158169549599
70 106 2.1910417714039028
70 108 0.09302615321602879
70 111 1.001555996146694
70 113 0.24012758726476438
70 114 4.331487743651412
70 117 42.036827018017796
70 126 6.746241523067161
70 127 0.6153063042735484
70 128 1.0270908522611355
70 129 0.15378425249290695
70 138 20439495.537886642
70 143 25.342001723888217
70 144 1.0546955841159835
70 147 1.4426713040684647
70 148 1.1457725869255118
70 149 1.461165514300754
70 150 1.729181708247326
70 152 5.897985660742623
70 153 60.76763651757528
70 154 79001675.62695614
70 155 0.5019039414465769
70 158 0.5647181645920121
70 161 0.04866818635908498
71 73 0.23742151303744113
71 75 0.6692468861846249
71 77 2.49138075893704
71 78 1.9273189679354241
71 79 4.861339216531224
71 82 0.31824311196657473
71 87 1.328863825253368
71 88 0.44185472374662593
71 89 7.629331303887605
71 92 3.3607678448025413
71 96 0.30942861372922337
71 99 2.3592484348575455
71 100 0.5229411278212196
71 102 0.36143067554151675
71 106 0.6812875113577467
71 107 1.1145320468960325
71 109 0.7240029357931137
71 110 1.4254936902398612
71 113 0.4046968048069892
71 115 0.25156983363354213
71 117 0.06501031208775666
71 119 0.1969675944750351
71 124 2.624039934417841
71 125 2.6848382276636147
71 127 0.3561020168825478
71 129 5.561512718224358
71 132 1.8670631810488891
71 134 3.990419952762025
71 138 1.0996872095644026
71 141 2.790928974224068
71 142 0.028443780186649385
71 145 0.4161017831012658
71 150 0.26400270284749866
71 153 2.7424977617816753
71 155 1.0197075779495555
71 157 2.6513351460867915
71 161 2.770521841102372
72 74 25045735.559254356
72 75 0.3956744236090241
72 76 1.8003992474054178
72 77 2.2098711363238084
72 79 2.778725718887285
72 80 49.85179076257604
72 81 0.8793110732514946
72 82 0.7584389489545116
72 85 0.4312115941256299
72 86 0.37744921807613047
72 89 22.640270476748274
72 94 0.7294379209842595
72 98 15.641518384627707
72 99 2758928.4990647235
72 101 3.4147628121886053
72 103 1.2739919096646033
72 105 0.6214564515589676
72 106 0.2886474877288691
72 107 1.225544099617207
72 109 12.023844210933353
72 111 1.507744314479303
72 112 4.63518363961706
72 113 0.9893703553148256
72 114 0.7479427150346741
72 116 1.4082374695574646
72 121 2.3510161602380912
72 123 0.6486364006755412
72 128 1.0867766342953622
72 130 0.1457741216095353
72 131 0.2102030507944171
72 134 12.702339405784826
72 136 0.5063469321116744
72 137 7.81691547235091
72 138 46576786.46850268
72 145 3.9101593708099505
72 146 0.01800087332800283
72 150 0.6167184938854926
72 153 12.13876634779061
72 159 0.2291834576774583
73 75 0.07238715927513292
73 77 1.9158015830057291
73 79 1.0745555929135326
73 84 0.5350490302481324
73 88 0.09702249682721413
73 97 0.49647942480130886
73 98 2.3655814662295707
73 100 0.9384154648347379
73 113 0.018021068221608167
73 115 0.2812831244882663
73 116 0.34633246100822246
73 124 0.244753101725356
73 129 0.040056302017329265
73 131 0.44540833389525514
73 133 1.7591303087328314
73 138 0.990137170980816
73 139 0.06153506490881244
73 141 0.3403651060914266
73 145 0.4949678727271263
73 146 2.7266512683425828
73 151 3.521039237147478
73 152 0.29017277408169434
73 154 0.1942893266490119
73 157 0.06548412093919317
73 159 0.4465630960631333
74 75 1.0954549435836478
74 79 1.0084681361025087
74 82 0.7805180280561909
74 84 1.8528919764746627
74 85 1.9570611826584003
74 86 2.401203539210652
74 87 3.0052891581232055
74 90 1.2950195616065245
74 92 0.12707024294352914
74 93 0.6031241601317194
74 94 0.5776025645726489
74 97 3.2642378945431956
74 98 4.094354476303059
74 99 2126558.057158777
74 100 3.443424572390723
74 103 6.67756974653816
74 104 0.9100391525420277
74 105 3.794577476867256
74 107 4.494504942826056
74 108 6.203763005978355
74 112 16.02448913971347
74 113 3.2964988272616265
74 114 5.509256123563805
74 126 15.231569024772714
74 129 5.342534386188489
74 131 0.4208266957133213
74 133 0.24245811728552782
74 137 13.761764089950987
74 138 55291644.83303556
74 139 7.116618110559908
74 141 1.8964569086476584
74 145 0.8397352727003569
74 146 1.074194419024145
74 147 0.8863041940680213
74 150 0.2969990649360835
74 151 959918.6772655455
74 152 2.722802264457095
74 157 0.6214766395058942
74 158 7.17239897597613
74 161 0.6870158388840926
75 77 0.37149116373616176
75 79 0.3449065760888787
75 82 2.8296692071389544
75 86 0.01922939337142294
75 92 2.51701136552035
75 95 3.1449635304047128
75 100 0.7437047519043675
75 102 0.6886384311080491
75 104 0.8051897601059287
75 112 0.3861733190445478
75 113 0.4285487006312148
75 114 3.389702322167267
75 119 0.30262417622997606
75 123 1.0702378232716359
75 124 0.08752385064070112
75 130 1.0571943520226235
75 133 0.16662269803065713
75 134 1.703591716272759
75 137 0.17866623484746158
75 138 2.4409221766922466
75 147 0.28379173503480676
75 151 6.316686178364481
75 156 1.1706550877692852
75 157 0.3320417163678399
75 158 3.414994673219485
75 159 0.2861456107004177
75 160 0.29425100471600196
76 98 0.607906438611952
76 105 0.06754638640064291
76 126 5.592066654913925
76 134 1.1841826166394798
76 142 3.733846989844574
76 150 0.20902570502236822
76 153 6.958176926022005
76 154 4.277261816163048
76 156 0.15148463296322756
77 85 0.45428598591762076
77 92 0.37979811271409447
77 99 1.6561493630901998
77 101 0.7017769917411149
77 108 1.533686143934802
77 113 1.2588680147793927
77 114 0.46653108383623576
77 115 0.24042328997791398
77 117 1.32000450117376
77 125 1.9191675915361022
77 129 0.8049159041907101
77 133 0.4891180126624852
77 134 0.2798493522492673
77 139 2.802874806013693
77 141 1.1776269562763575
77 142 0.9593219418106947
77 145 2.433993697246795
77 147 1.0679190159502239
77 148 0.9670206290216714
77 150 0.35475144155353827
77 151 0.47919152137324805
77 157 1.3164056478874009
77 158 0.41921333825229895
77 159 0.39125123444479165
77 160 0.6605921088466122
78 84 1.1591751529598733
78 116 0.44869416555552677
78 126 0.1021771942957546
78 136 0.5219683163318471
78 147 0.26789199488148346
78 152 0.20969855611577828
78 153 0.3518187681011737
78 154 0.16856550096972803
79 84 0.48040473858234156
79 87 0.08835970928319792
79 89 5.531828316602269
79 90 0.7222892475126775
79 92 0.39630061908115527
79 95 14.305387751829478
79 99 1.7786584644994774
79 100 0.25606018797731683
79 101 2.7491169043835866
79 105 1.6918093059092045
79 106 3.64595593160648
79 107 0.23227163175271998
79 110 1.069781930512411
79 114 0.011453524805859608
79 115 2.622946629346415
79 116 1.324299500143698
79 120 1.4947685928610777
79 122 0.5980196370777073
79 125 2.30371223509435
79 127 0.544522889210685
79 130 0.41091628625077753
79 131 0.7985711195260761
79 133 3.4750000430895174
79 135 0.2980512649028113
79 145 0.6544628259065134
79 146 1.11702599757651
79 152 1.2979295536147923
79 153 2.0203604435628293
79 154 1.35812264125566
79 155 0.3073175379603743
79 156 0.4048914688002501
79 157 1.5823706159687072
80 89 12.895626476693653
80 90 2.592230812175382
80 98 7.015632124436488
80 99 57.166705294630646
80 101 2.894909680362154
80 102 1.169869511530134
80 103 0.6893982353789229
80 105 6.7249217104326675
80 109 17.304167117907422
80 115 50.618432218498086
80 121 0.9741748566555787
80 124 0.43276558190292475
80 127 1.5498880323392235
80 130 1.2624730531884527
80 131 0.8380455922548549
80 134 0.8324467097405519
80 135 0.19705432083697666
80 138 76.95216465743792
80 139 3.587660235571116
80 141 5.448714937249993
80 142 0.4033726011548036
80 143 6.275005035316342
80 146 2.274319694744573
80 150 0.0903109897565259
80 153 14.218976436582182
80 160 3.4788860424376367
81 89 1.1623618663707747
81 101 1.541102095407845
81 115 4.474982429901369
81 128 0.9051810475194936
81 134 0.7374474692140703
81 147 1.8303864081968615
81 153 0.3707597258840698
82 83 1.115903935560164
82 92 0.4605039923713108
82 96 0.06757143158581175
82 99 3.1553062201706936
82 108 3.3249562400581962
82 112 1.8318392503885297
82 113 0.43797626347301294
82 114 1.8173104339441568
82 115 0.49846311227024387
82 125 1.7759889777359723
82 129 0.06386827039519391
82 134 0.2221164480219207
82 147 0.19669327180312135
82 150 0.37323654652862404
83 91 24.231383248942358
83 101 1.015846913985692
83 103 1.211374068901559
83 105 1.8887778093957597
83 115 272.7141350996137
83 117 22.77800064732229
83 118 5.760455644545453
83 126 3.517760391069792
83 127 3.0864913754802323
83 129 1.3990464705727697
83 133 0.5214342110546913
83 134 8.155637723046132
83 146 4.312365985416772
83 147 1.6536041335392182
83 152 5.182326225114364
83 154 6.954069438043634
83 157 4.386156913253798
84 87 1.7739417048754749
84 94 1.5518477634983319
84 96 1.1226623094504744
84 97 0.014149457666699637
84 109 0.5218866824029436
84 112 1.8149658865284706
84 114 0.2150601691259727
84 117 0.4354142017021317
84 118 1.5597591450256694
84 123 0.7652416518248862
84 125 0.06664792087788347
84 134 2.986040413790712
84 135 0.23577019051840298
84 138 1.3050770521274224
84 139 0.7495390435424112
84 146 0.3953951645291432
84 147 0.6128163950073344
84 151 0.027766230200300647
84 158 0.11392329935840739
85 86 0.18259345411054415
85 93 5.783415654875861
85 104 0.045979727888020676
85 107 0.09176789605443048
85 108 0.10700615567875953
85 111 4.02295164736816
85 115 0.9056420523872138
85 117 2.136627563162692
85 118 1.384200627555889
85 122 1.046348320464952
85 123 0.02332236427695072
85 138 3.3145177437446294
85 146 0.5724133502628954
85 157 0.6491438475162737
86 89 2.6066729378872835
86 92 2.330463936993572
86 94 1.1105563051090306
86 100 0.3842262398804093
86 103 1.1493686887769532
86 107 0.005507790388540748
86 128 0.4807483270333657
86 130 0.6655944680377515
86 133 0.37265353315059685
86 137 1.0241108865640967
86 139 0.019653363227850162
86 143 3.7063815474733484
86 154 0.9093952059508964
87 91 0.907967550756887
87 93 0.21318565298533854
87 94 0.8139701987607081
87 98 0.7363562034873771
87 99 1.7150917632132887
87 101 4.181460840469655
87 106 0.20082543713247808
87 112 1.462042487297433
87 113 1.4547566675837176
87 114 2.5934166780096453
87 117 1.454459533171097
87 123 0.2160785541804382
87 125 1.467501268246781
87 126 1.0457178845291075
87 129 1.136850840729685
87 130 0.4151238185486488
87 132 2.177419786802787
87 137 1.0064885403854298
87 139 2.9225055236935806
87 147 0.4401927923349194
87 152 0.5417853424063215
87 157 0.04287896988768504
87 160 0.7197713383220269
88 92 0.5812275679114319
88 93 0.06803749959655596
88 94 0.29142352927093523
88 99 0.4076233216991752
88 102 1.4314459961116879
88 103 0.6374647294778348
88 106 1.1466244518339719
88 111 1.6905114667276677
88 113 0.2949964904077814
88 115 3.2480709989087395
88 117 1.646862670120515
88 122 0.004640099042679981
88 127 0.24552682975763596
88 133 0.41723382743157755
88 139 1.038048518463526
88 141 0.2704817841107745
88 142 1.971950853732762
88 150 0.04264401792957402
88 154 3.292162244883654
88 157 0.22390973077438797
89 93 2.006736604838518
89 94 1.9066930338548458
89 95 3.8898262503092425
89 96 0.07749498678781307
89 99 11.93798782945616
89 100 1.9455459351951376
89 101 4.627765119551027
89 102 0.23431222453530118
89 104 0.47798646968976194
89 106 0.2162052147900001
89 107 0.0745489810035192
89 108 1.9239972130190437
89 111 3.7921882497150095
89 113 0.00033242491713201264
89 115 11.242366631923694
89 117 8.620047127196116
89 118 9.327120998540867
89 119 1.269905415511856
89 123 1.6815850212692462
89 124 2.1038439318960123
89 125 4.870203132634082
89 133 0.40700875864700026
89 135 0.3096275208436115
89 137 1.7550944373170865
89 139 14.007040052901258
89 141 1.6130942987813706
89 142 0.8100913966313964
89 143 16.03381536525526
89 145 2.6745989583622496
89 146 0.8927155070069765
89 147 0.5875452016404334
89 148 2.767546738459434
89 151 24.503154987305717
89 154 4.410546976986381
89 158 5.926403996442433
89 159 0.5608416625234125
89 161 0.9197180502782446
90 92 0.2204449585524119
90 103 0.6101225494948933
90 105 0.14161559939997953
90 132 0.46557743167501653
90 137 0.5751614374068118
90 138 1.4397170820143852
90 142 0.6991316823878714
90 151 0.5175438150825086
90 154 0.1909040666789005
90 159 2.219361459455625
91 92 0.30187461979484753
91 94 3.1904863212595433
91 98 5.38542886678974
91 100 0.8563288205501627
91 102 1.01238041028634
91 107 1.778735493549742
91 108 0.9784131333442416
91 109 31.70570390549322
91 111 2.789153266300462
91 115 1.267119500723936
91 116 1.1936691585434482
91 126 2.5628888803912377
91 129 0.08480737890038988
91 133 3.257147977148208
91 137 7.52277922921054
91 138 24.122941897768385
91 139 2.664557956217103
91 145 2.9567716436637643
91 146 7.095811430945835
92 94 1.3899529236158639
92 101 0.28021131708935026
92 107 0.09228327354157391
92 108 1.5430791115385025
92 109 0.6958346571734464
92 112 0.3887169583957387
92 113 0.4990053534303501
92 117 3.2109930062880294
92 124 0.6200866440556361
92 139 0.04941348889657692
92 145 2.072268171307494
92 147 2.4643456655792977
92 149 0.25050328251562015
92 151 5.072363854716309
92 153 1.5990017137351362
92 158 0.7424359387108167
92 160 0.4270911790904977
93 94 0.9768898685726339
93 97 1.9103653871854775
93 102 0.5286455674339017
93 105 0.9998322450638664
93 106 1.932994444514175
93 113 0.5215503786270321
93 114 2.460657976964401
93 115 3.2700682134113497
93 116 0.2967018537446033
93 121 0.005106748889520059
93 129 1.8748387174863494
93 134 1.2170178211939255
93 135 0.9288834169131432
93 137 0.47413146772219855
93 139 1.7092570114923993
93 142 0.23492764602178653
93 145 3.635056979687552
93 150 2.0354568165020086
93 152 2.444870588957258
93 157 0.72526330668257
93 158 2.5600967057911186
94 98 0.7139943513783313
94 100 0.6564076502913362
94 101 0.13992452783075365
94 102 0.45918714126458504
94 106 3.6227373692290636
94 108 0.28183253668855307
94 112 0.044983524882880065
94 113 1.0782177375948843
94 114 1.1103445391314728
94 118 0.6374106869641569
94 119 0.11563137134947729
94 125 1.1765216471957438
94 129 6.703499127940204
94 133 1.089440563138097
94 134 0.19986958857358206
94 137 0.797600357326543
94 138 3.0539649187353737
94 139 0.5628005359867687
94 142 0.10448703278539039
94 147 0.011856184543109218
94 151 1.174860316313923
94 153 1.208944113994499
94 160 0.05419822859241844
95 96 1.223212815917071
95 100 1.5735448246927746
95 102 0.22237748683396785
95 128 1.0270269641779242
95 131 0.8833406497102325
95 139 1.8115913758693758
95 142 1.5031454481288444
95 147 1.618747547313866
95 149 0.03713280823933407
96 112 0.7054998744092803
96 128 0.4231847882064995
96 131 0.9083965053268344
96 134 0.5682833982095423
96 136 0.3309318816650875
96 139 0.7662372267672126
96 146 0.5799196774484425
96 147 0.545452095054315
96 152 1.040502298096786
96 154 0.09328550508409177
96 157 0.2680458158482166
96 158 3.5059104723744854
97 101 0.3002906687067193
97 102 3.205080504217128
97 106 0.23023952097688605
97 108 3.0727609746533706
97 110 1.1299240431640192
97 111 0.09755162017717463
97 113 0.594746048217582
97 115 2.811607762986997
97 125 0.45902415077374387
97 129 1.9401812149111444
97 133 0.19447423055850188
97 136 0.8375387456241342
97 137 1.5046386488916812
97 138 0.5435404678305996
97 142 0.24108100383317238
97 143 0.4047256884071419
97 149 0.7764260800151674
97 150 0.33281795225294486
97 151 2.192835637126514
97 153 5.809283437108326
97 154 2.9514890684586073
97 161 0.13738005708903867
98 99 12.350146050118049
98 101 0.5170556166503646
98 102 1.9529170737260182
98 112 3.304114972838069
98 117 0.448436334419583
98 129 2.7837277483335257
98 130 3.1164273266806406
98 144 0.2381655630360569
98 145 1.0469881297466506
98 154 0.46119021460772563
98 155 0.129847445042548
98 158 2.0503602733248814
99 100 1.7486191978280394
99 105 0.3940671053373062
99 106 2.515385625641686
99 109 0.15432051069409172
99 111 1.8552453373348612
99 113 1.188186873324946
99 118 6.186725499192653
99 126 14.816420274315973
99 128 3.0196292118603885
99 135 0.5745292953849448
99 138 7000384.441910429
99 140 0.29941053986253796
99 142 1.946126408929264
99 146 3.835036445389551
99 149 2.769925919803802
99 150 0.7070351984904859
99 152 4.583870757009808
99 154 1299606.3483895638
99 157 1.0004013792982036
100 102 2.6365086855758864
100 104 0.18197564210112657
100 105 1.7022422683828067
100 111 0.31084079942557497
100 115 1.3023596501201544
100 131 0.49819920395450007
100 138 0.9131056397945175
100 147 0.06876758590927962
100 151 2.0918795635270597
100 152 0.2353068538021146
100 155 0.45175686832744294
101 103 1.843006415617551
101 105 1.7648706639328176
101 106 1.3176702089847463
101 109 0.2979145897982826
101 112 2.6382104961765536
101 115 2.331196510599151
101 117 2.4565910240104167
101 118 2.49919697493849
101 123 0.5425444393830159
101 126 9.20705213203443
101 128 1.490201278875971
101 133 0.6327372954446566
101 135 0.09777367440932591
101 138 3.7156387916581353
101 142 0.7134383412250253
101 149 1.082080426896298
101 150 0.11742021143640481
101 158 3.4514204126151067
101 159 0.7726294737337286
101 160 0.2178508314782599
102 103 0.12441707213136594
102 104 0.8472207198371909
102 107 0.735384028070271
102 108 0.8543305671636948
102 109 0.14589240437104975
102 111 0.3397140257765343
102 112 0.5775698257921718
102 114 0.45454660624241344
102 117 0.9785923376193428
102 125 5.521652197590058
102 126 0.8309216543217152
102 129 1.4937766704294737
102 130 0.2217456321889112
102 131 1.4898638827090511
102 132 0.9435606312928572
102 135 0.22482488563614944
102 136 0.06554008835241953
102 139 0.5828530731186252
102 141 2.6599304427007926
102 142 0.6563358224259053
102 146 0.19681207601821593
102 152 0.7589402934888462
102 153 1.4074877430152108
102 156 0.4581320844594452
102 157 0.202771031762179
102 158 0.17787967452645614
102 159 0.19330187925110967
103 105 0.9198807194994258
103 107 0.35632845886897313
103 109 4.976499463367391
103 111 2.7971291361031514
103 112 1.4573639779658134
103 113 1.1895970400035212
103 122 1.97780190428006
103 125 5.604318763617296
103 131 0.608003361989586
103 133 1.5038625044300673
103 135 0.9977224081899599
103 138 0.005864900996746244
103 139 1.5505453994732772
103 146 0.12899711194632413
103 152 3.379499360857007
103 153 0.4321529433423958
103 159 1.9932001819256708
104 108 0.9862290229108512
104 112 0.21531937749107516
104 118 1.7073422345301357
104 138 1.4608427193588622
105 107 1.8522686883213473
105 110 0.6090298726317771
105 112 0.09898002755407703
105 113 2.4609940974266062
105 117 5.629102093850348
105 118 0.439353568569868
105 120 1.2675092866123263
105 127 0.23168488517750105
105 128 0.7067816242758183
105 136 1.24456455341514
105 137 1.4031838922261035
105 138 1.9628875553983858
105 139 2.0006288741306983
105 140 1.7519429584080277
105 142 0.07770045455552765
105 146 0.05841828934261275
105 148 3.9657557694614813
105 149 3.56836783905272
105 150 1.8227595251425746
105 155 0.8865695914264474
105 157 0.0007439641514071238
105 160 0.5834397968524117
105 161 0.05468899565645137
106 114 1.7933003320502212
106 115 4.465816271399784
106 117 1.5101867854646809
106 120 0.18917568743740387
106 121 0.8842176890217285
106 124 0.3211126367458761
106 125 1.164654421913537
106 126 0.2178240139565723
106 127 0.5496703916987735
106 129 0.22891191851198342
106 131 0.15466559702356936
106 133 0.14768146137470706
106 134 1.804340942132924
106 136 0.1007995447227567
106 137 4.58740918108309
106 141 0.4263489925467565
106 142 0.2981280209924405
106 145 0.08220604267113106
106 147 0.1334528769324785
106 151 4.837765956953523
106 152 3.0596984573121966
106 153 3.8109927782894797
106 157 1.9594769358478252
106 158 1.5198726393142608
106 161 0.30880349387581313
107 112 1.0430306437794603
107 113 0.3139160760378969
107 114 1.2535650449779088
107 125 1.1478447670127623
107 130 0.5610956158129788
107 133 0.29143318221915504
107 146 1.1064703022872162
107 147 0.6144340873383928
107 151 0.6440489452708277
107 152 3.731373691676673
107 154 0.36963997834874485
108 111 0.3085032231546137
108 113 0.2241011110706324
108 115 2.696410423991761
108 117 0.7383631310584875
108 118 0.16427296405276834
108 121 0.26751091676876165
108 125 0.12315968708739268
108 131 0.37877793487964617
108 134 0.0451961628060678
108 135 0.14404838688817706
108 138 0.04703713231206696
108 143 2.0637904123801247
108 145 0.10450086438971828
108 146 1.095952173266636
108 147 0.07414323826028439
108 148 0.7624984322439783
108 151 0.1083948815140902
108 152 1.5814989133606034
108 158 0.2586818737483471
108 161 1.363439196889996
109 115 3.5430633779586165
109 116 0.8437391681891907
109 118 1.1292304549801795
109 119 0.48381084155588544
109 120 0.09494658767506084
109 122 2.4902531676520545
109 127 0.34193721157369567
109 128 1.7503586557885447
109 129 1.522658100468702
109 138 3.1623836542511015
109 139 2.361911700892945
109 141 2.2784926737720896
109 142 1.2795789842514995
109 145 3.665227791771278
109 146 0.8604433934664159
109 147 0.8394405113533068
109 149 3.096193844837792
109 152 0.8480586970892359
109 153 1.1246753248744812
109 156 0.15026569513109908
109 157 0.3890031946139804
109 160 2.950551430735641
109 161 0.6830931699968388
110 113 0.44117494216478725
110 114 0.12367433409037434
110 127 0.14252546256584148
110 138 0.00753217046063737
110 140 1.1736568644863616
110 146 0.1469593376648329
111 113 0.11408760937005728
111 114 3.3272962807531803
111 116 0.5994559435353805
111 117 7.1269919136953135
111 118 2.683084796649002
111 119 0.4458887528899075
111 125 1.5059153914820862
111 134 0.10316201870891971
111 136 2.022805438105596
111 137 0.9253143029387991
111 145 1.8706540321084135
111 147 0.5120097767724705
111 150 1.2127416439600907
111 152 1.254756622290261
111 153 1.8001916450425173
111 155 0.3061483462165756
111 157 0.06448563575674593
111 158 4.869310415911545
111 160 0.2421643262926693
111 161 0.25805609934112983
112 118 11.239881841898809
112 127 0.9177822206686346
112 129 14.856353107126102
112 133 2.841378747475602
112 134 8.043805334800401
112 135 2.167426618780779
112 137 5.758671478342018
112 140 0.03476039937207191
112 142 1.5563948777547878
112 143 2.4390718553967767
112 146 0.09721993289958288
112 150 0.09205282226515991
112 159 0.9265742735778961
113 114 0.44397988693715
113 117 0.8614733862932482
113 122 0.5311926721946566
113 123 0.3786977088521113
113 125 0.5196015726307353
113 127 0.05180938135475831
113 129 0.23842774765833263
113 130 0.23755982390802127
113 133 0.6795299451290386
113 135 1.1862746000899094
113 137 0.32328269992670383
113 145 0.28090187437121567
113 146 0.5103558298364912
113 151 0.23781422996749527
113 157 0.19055599359691525
113 158 0.643646590971591
113 159 0.5814418222699472
114 117 3.607854773374715
114 128 0.643310714108495
114 129 1.5094520318994387
114 134 1.8409227646728126
114 135 2.563728386028144
114 136 1.0420615775209339
114 137 3.732435503326106
114 138 0.8236818534901342
114 142 0.013356412052164774
114 145 2.5943489300403524
114 147 1.1806547050561647
114 151 1.5585878624776826
114 152 2.2012648506734886
114 157 3.9232950330451195
114 161 0.578435293289841
115 118 6.555225666808632
115 127 0.8404678279097032
115 130 0.4793996830769793
115 133 2.1734904116527005
115 134 13.856408604354359
115 135 0.17998201192620736
115 139 7.0052193476591595
115 141 8.140853927193179
115 142 1.0159401901166223
115 147 1.9314144123781092
115 149 3.534560743835232
115 150 0.5254788860435345
115 155 0.6897321853847651
115 156 2.560121641873441
115 160 5.383354530833017
115 161 0.9183506020133673
116 119 0.6071922252524344
116 133 0.3031964815469154
116 136 1.7270885993490286
116 138 3.453832468994826
116 146 0.357764800225761
116 147 0.5976513153972793
116 149 3.3492812335942626
116 151 1.6739396658041619
116 157 0.750003556679909
116 158 1.8478156582925818
117 123 0.8320077801139131
117 125 1.5284384265857334
117 126 1.9693178484453504
117 128 2.6447645570652516
117 131 1.9176246451386616
117 133 0.667727284566696
117 135 0.3739961688183514
117 136 0.4226046158033282
117 143 3.352717383492491
117 149 11.816864995862673
117 154 46.45056987934487
117 155 0.031472471529097
117 160 0.8552956514389559
117 161 0.0656738695250572
118 119 0.577123788902052
118 125 2.1111741568203386
118 126 7.283325350369927
118 129 0.35171319522301164
118 133 0.6065620807418034
118 137 3.616555081710316
118 138 25.69230482883776
118 147 0.5690896283374639
118 150 0.4334307585303093
118 154 0.9104672914148468
118 155 0.8976147741214622
118 160 1.7999514609001792
119 135 0.38860950280706397
119 137 0.008677147595375788
119 154 1.5856853211936668
119 157 0.20783445586152097
119 161 0.0463294029644119
120 126 0.3456668557855248
120 145 0.09597647548582296
120 149 1.5498006271153728
120 150 0.2024036784948916
120 154 0.34149487658559574
121 125 0.4659480064686022
121 135 0.6379528721724944
121 152 2.9307181501182327
121 157 1.342763137071775
122 128 1.2041021981743891
122 137 0.16029428175543725
122 145 3.0782714130865223
122 146 1.0159453925802768
122 155 2.1520578367327405
122 156 4.260779497874505
122 158 1.5690015854906274
122 160 8.517376551988454
123 131 0.13890814426326736
123 140 2.226167780138774
123 146 0.3555903640807385
123 156 1.7078858288665801
123 158 0.45113337202276443
124 126 3.4703116733556443
124 131 0.34876038689985794
124 142 0.8923421882613868
124 151 2.195323966837529
124 152 3.474279681802204
124 158 0.11498403174861255
125 127 0.6373856017049147
125 131 0.8802302880160889
125 133 2.118035884609816
125 134 3.140894320110332
125 135 0.47707821048738047
125 136 0.17643979938444224
125 139 8.834855448892027
125 141 2.292900055909842
125 143 2.4138579075729676
125 146 0.8284178642434794
125 147 0.07329399206532723
125 150 0.608724727669551
125 152 5.602605870736227
125 153 0.6692896544734022
125 157 0.40845257238303256
125 159 0.10105208560572217
126 129 1.2288975296902838
126 134 0.388038070404075
126 136 0.049824006846093824
126 137 9.222030474320585
126 142 1.1966686972377516
126 147 0.8325449572723124
126 151 3.545411397339066
126 152 4.082192550523473
126 156 2.9521249233860005
126 159 2.7500525030247522
126 160 0.41166035631491416
127 138 0.5882307606343775
127 152 0.6021790413468145
128 129 0.23494912128822076
128 138 5.180605117659345
128 141 5.39916920260552
128 146 0.03644308557752072
128 149 0.21699307804113843
129 131 1.128417519221836
129 133 0.31981489347823633
129 137 7.802480328574416
129 138 7.671943458685887
129 139 14.742446034295497
129 148 2.3826835242781264
129 150 1.3121350268383691
129 152 4.134668232203344
129 153 5.1744351654786485
129 155 0.6425378158543052
129 157 0.7949363820248769
129 161 1.2690854870098849
130 133 0.5459285760415589
130 135 0.04032697716577105
130 145 1.1047077086431536
130 150 0.30814892883588174
130 152 3.3605975490200426
130 154 0.18160640808666298
130 160 0.2721601576726165
131 136 0.43072459402139174
131 149 2.1147373049891867
131 153 0.8310232034400786
131 154 0.2601545397401494
131 158 1.125447379610198
131 159 0.2329413316226115
131 161 1.3292526849059219
132 135 0.9744359491904853
132 143 0.5346156910953433
132 146 0.30571521012685743
132 154 4.70218390620088
132 161 0.48585874764842085
133 135 0.9422291221473901
133 136 2.745608117360386
133 137 0.3044443275571871
133 138 0.06195459889775418
133 139 0.9041268463822351
133 140 0.9248245935098274
133 147 0.27536685767402275
133 150 0.01963041825219472
133 152 2.3043363760743456
133 154 0.30157238706621803
133 157 0.3354583574950182
133 159 0.08624048297094894
133 161 0.7475799601654106
134 137 6.325227587431346
134 139 12.51761474934027
134 142 0.6243368615026081
134 146 2.529605057162488
134 151 1.0813513091951943
134 155 0.14301886845299794
134 157 1.1847167335009985
134 159 1.144583728089735
135 139 0.5013823727279457
135 141 0.2327083949802422
135 149 0.15307403147071943
135 156 0.40616543453176424
135 157 1.4638582175013564
135 160 0.21077920844530795
135 161 0.11600225843181482
136 138 0.8336581935837131
136 139 0.49458158859776075
136 141 0.2494868832434628
136 143 1.6586681218326949
136 151 0.16379484352063903
136 152 0.1284020400574505
136 157 0.2954897119248781
137 144 0.3565459592099113
137 145 0.28280232160485813
137 146 2.779908155141198
137 152 4.341019062130821
137 158 3.0965683930972676
137 161 2.6938102029922733
138 145 0.6626042745953107
138 151 109989.45378155368
138 153 26.790706908953627
138 159 0.11468761593963889
138 160 4.998268623079669
138 161 0.8869804184755473
139 142 0.9182441551327151
139 146 1.831804674082467
139 147 0.3991847465853177
139 154 0.459350862357209
139 161 0.09782413231941417
140 142 0.3062728650908406
140 149 0.8258698209823612
140 153 0.18405845402570367
140 154 0.8904825058113369
140 158 1.1015921747444557
141 145 0.061156200156443366
141 149 10.641560066906756
141 150 0.862680378599111
141 154 2.7278436444621454
141 157 0.8010585482677983
141 159 0.15430746138810675
141 161 0.6583261091315303
142 143 1.82817094525831
142 149 0.8882325857995065
142 152 0.4162450498601564
142 153 0.14593922123793718
142 154 2.649516881752851
142 157 0.7501297912887732
142 158 1.648431289916365
142 159 0.016730884080563294
142 161 0.6272495380110492
143 145 2.8078120111335734
143 150 0.9215180286251899
143 153 4.644643054971969
143 159 1.315380784221335
145 148 1.412374831740383
145 150 0.22295369437364987
145 152 1.2928832464114726
145 156 0.5487857886546746
145 157 0.2418182469404591
145 158 0.3730988496216323
145 159 0.6878692400830924
145 161 0.3563302716332491
146 147 0.48148483349673293
146 150 0.4196658490799057
146 152 0.008423049755341562
146 153 5.811963983679477
146 154 0.27245526272771503
146 160 0.47467224785131923
146 161 0.08376796696467546
147 150 0.5135834148457552
147 151 0.5044038607443797
147 152 0.8213802777941241
147 153 3.1817063993310444
147 154 1.5890498048503445
147 159 0.8312823711783425
148 161 0.31844262344405
149 153 11.335405955030218
149 154 10.234058879639221
149 157 2.6710256636110747
149 160 1.2210325035285172
149 161 1.3467679562771522
150 152 0.4340601702004989
150 154 2.1534017346525425
150 156 0.020385694836593717
151 152 7.963593899843115
151 154 897505.4909392487
151 159 4.933197991187945
152 153 4.97258292165707
152 154 2.982597131716212
152 158 0.5722209651377437
152 160 0.9571026907042769
153 154 29.997940540839306
153 157 1.527990207959988
153 159 0.4278654018574012
153 161 0.9380003097637504
154 155 1.3581209810818113
154 156 3.1593816088310684
154 158 0.9917028529297705
154 159 2.768911965469655
157 158 0.980148197950599
157 160 0.7701725938422659
158 160 0.9838920099393508
158 161 1.7792815152888477
