0 6 0.06235466069854498
0 7 0.13662194252161106
0 9 0.7181446039675772
0 11 2.300700710746237
0 14 2.775095376864448
0 18 0.6164681676407798
0 19 1.5287064817346487
0 30 1.3264732003443698
0 46 0.3746360245707696
0 53 0.6728149952151803
0 54 1.0725690044141531
0 55 0.5820536969646716
0 56 0.6339869582467824
0 58 0.5828242460553718
0 62 0.06843945382561882
0 70 0.08560725062402788
0 72 0.009683776467022327
0 73 1.4541006673099985
0 83 0.8839797190185906
0 87 0.5535158250384337
0 92 0.13826954644249626
0 93 1.0987342017427035
0 98 1.9844064497180913
0 101 0.6965309883210211
0 102 3.4813939698206053
0 106 0.2843627447150645
0 111 0.6246638389362554
0 117 0.13534733948889346
0 127 0.26391540337588026
0 129 0.31292115111101426
0 130 0.44265279666581037
0 131 0.14427792312891619
0 137 0.8621905264241657
0 141 2.352179342956204
0 146 1.163858246764648
0 150 0.10693596320837541
0 153 0.9908923487272828
0 154 1.3607985096662463
0 157 0.39828536408526954
0 159 1.9743253238427385
0 161 1.63939004418405
1 4 0.0768947170445836
1 6 5.998432854785492
1 15 0.9977595159081328
1 16 3.232781887323727
1 19 0.3834815714764236
1 21 0.16040635330291092
1 31 3.3301585724951592
1 32 0.9283417674191671
1 36 0.5867273526432443
1 41 0.21520006293126065
1 49 0.7599668798770675
1 51 2.018584182146008
1 53 2.259408077872437
1 55 0.43228235816565763
1 62 0.9680356560642638
1 67 1.1182911448922206
1 68 2.775896587481613
1 69 0.3401691305306032
1 72 4.544301225736482
1 93 0.6461016764234622
1 94 2.86735993865372
1 99 0.11234129711473193
1 104 1.7956788430378319
1 105 1.2417320631854913
1 107 4.178250871045751
1 110 0.03580014953774665
1 115 0.9420573203379139
1 120 0.33244369787602124
1 130 1.4941778013530762
1 134 0.6566032660904855
1 137 0.5142935518637772
1 139 2.0722028237310135
1 142 0.273325804001722
1 145 0.23551586255392631
1 151 8.063470950997806
1 157 0.20090868485106103
1 158 3.57802891131282
1 160 0.4047524483205659
1 161 1.2666438334812242
2 22 0.9355222259644972
2 24 1.297822439404964
2 28 4.05225851895694
2 35 0.005560941955482372
2 48 4.3354853170432985
2 53 1.4295553064644355
2 64 0.8131385717273715
2 65 1.9921347748532052
2 67 1.44728252336301
2 70 1.3672519245157455
2 74 1.3321362403219106
2 75 0.8736098330869382
2 93 0.36846811224171466
2 99 0.04646414055267068
2 111 1.5050925189160596
2 116 0.03339950792822559
2 129 0.9334626887711475
2 137 1.8389427545335144
2 139 2.3986386028459985
2 150 2.5105101650593467
2 151 2.4316318687648883
2 154 0.11608771691478924
2 155 0.216532688327846
2 160 2.4230191483519565
3 8 0.20195954527656787
3 10 0.3773610487680923
3 11 0.19643993300808982
3 12 1.2662627677793357
3 18 0.5789967581889724
3 34 0.7559821652206605
3 39 1.2137005864306007
3 40 0.42722832216903717
3 44 0.0595487538756845
3 56 0.5444724674095551
3 65 0.783921082035606
3 69 0.022385263807327783
3 83 0.5886267575947157
3 88 0.08780142915930148
3 89 1.5799555046023854
3 99 0.6494140347420089
3 101 5.66894738541095
3 106 2.01335891147126
3 112 0.8783404221879182
3 129 0.830290505703393
3 133 0.903861460647889
3 145 0.07600592314416722
3 152 1.2526397427770448
3 155 0.4054165823183118
4 7 0.07805378894074297
4 9 0.3529652713183744
4 12 0.8096767259986403
4 17 0.17588488771747574
4 31 0.3994159880414471
4 38 0.8191020976371642
4 41 0.1949730734245242
4 42 1.090546079383205
4 45 0.8293716988005052
4 46 0.4471631740619364
4 49 0.3048324526698257
4 50 0.3950558243188107
4 54 1.9520359623779318
4 58 0.0528112916865295
4 61 0.20634987380822956
4 63 0.49231059954555967
4 64 0.42039420487401513
4 66 0.4216107253566043
4 68 0.3705676123571373
4 69 0.09332123239485694
4 74 1.4434101244568844
4 77 0.042094956840062696
4 79 0.2733045461483366
4 80 1.0779061232531186
4 81 0.21071754201538626
4 82 1.0153630915199372
4 83 0.7144526431043123
4 84 0.192472401610287
4 86 0.15317360220002418
4 87 0.7767317235373005
4 88 0.5548443361101804
4 89 0.8987448742484807
4 94 0.6400123509811902
4 97 0.5555924227874048
4 99 5.707845754861422
4 100 1.0735894927817249
4 101 0.857450412814773
4 106 0.1345351663377463
4 109 0.05497182364208979
4 110 0.9302821499876829
4 112 0.568593186107006
4 113 0.8989884520849547
4 114 0.16658449925913407
4 115 0.13526451827242456
4 117 1.742685300312335
4 118 0.08490059731965972
4 121 0.43232469829113856
4 126 0.2593951813886177
4 128 0.6319697731084315
4 129 0.6951787220665634
4 130 1.4296720189333492
4 131 0.18109904318217884
4 133 6.3882486718224465
4 135 1.0455797810001681
4 136 1.3944184274035385
4 145 0.6899598463521577
4 150 1.4069841731916388
4 152 0.015807313749677705
4 153 2.1020730983223874
4 154 0.7978847002882654
4 156 0.4951589869479931
4 157 0.1102646097188917
4 160 0.2150486469189309
5 16 14.113680760500243
5 18 0.020417069866865516
5 21 35.11358419413223
5 40 1.5535011521070663
5 45 25.564605403368944
5 49 1.7657895415977856
5 50 0.3783212156147977
5 64 5.398067473744028
5 67 2.9335119667300273
5 78 0.4423607565259847
5 80 0.228022643022559
5 90 1.9033200376647337
5 96 1.1656409926240705
5 108 6.244681503188859
5 109 8.1112023549872
5 114 20.959061415711936
5 137 22.75504095811347
5 142 0.7522584862375714
5 145 0.8191604683201733
5 151 14.266587137623178
6 10 1.2650649251562591
6 11 0.3391159201796924
6 12 0.058889808019801676
6 14 5.22528125320291
6 16 3.3671359021771865
6 19 0.1970093874886031
6 20 1.831803490288695
6 24 5.085561179892108
6 31 0.5060689910178416
6 34 0.6724612670754542
6 36 1.8678738340155803
6 39 0.3390295857957098
6 43 6.242724617594245
6 44 0.771832850249232
6 45 0.21213936513863865
6 51 1513152.0665072312
6 54 137.27366779094302
6 55 5.6816915458409705
6 56 1.2166187494880316
6 58 3.158687127757327
6 64 0.0220623431592612
6 65 0.26035725623154166
6 70 2.810665015168751
6 71 14.342081222615512
6 73 2.4956167793328103
6 74 960986.8916491352
6 75 1.5856751272975553
6 78 4.246129590529102
6 79 674413.1702850522
6 88 5.019242777211028
6 89 0.23789797020777417
6 93 1.791304133320203
6 94 6.744946640344701
6 95 13.486055881957341
6 97 0.08385033963814438
6 98 1.7490721902153064
6 100 8.79321195395403
6 101 4.75821794894695
6 103 1.1858670707427874
6 106 2.002827239749868
6 109 1.5677701172247092
6 110 1.4146750536805028
6 111 0.04378804401184699
6 113 2.8348198858114495
6 114 848389.1882122793
6 115 1.742079816602433
6 117 8.779671964759547
6 127 0.8834425258451728
6 129 4.132436167455426
6 130 50.77366524004497
6 132 0.08283891600570831
6 134 0.9730674803262798
6 136 0.4723964834364761
6 137 2176789.6449784185
6 138 4.102818359961277
6 139 2.733508151573029
6 142 0.827148288342592
6 146 2.9318543121586362
6 149 0.0836736924159843
6 157 3.1118681806621487
6 158 13.288691460951823
6 160 19.89592030837997
7 8 1.8112025605016302
7 15 0.37138438476323293
7 16 2.2814131837222464
7 19 0.3116741680085702
7 21 0.5261478291994193
7 22 3.0780349324396057
7 24 0.35578907079195016
7 26 1.8273872765898258
7 29 0.24888593500249176
7 30 0.5165344046206327
7 31 3.2266748363143805
7 32 4.411058263588402
7 37 0.5064043241542374
7 38 0.9657046063451747
7 40 5.1036926459474525
7 46 1.1157349322149788
7 50 1.5922843542578549
7 51 0.027229168790883725
7 52 1.8460244152330696
7 54 2.568813936632863
7 56 0.0151576016319007
7 64 0.647856403559861
7 66 0.9211859552006827
7 67 0.1802471514842236
7 68 1.6279453333252145
7 69 0.19598189412764083
7 72 1.7566317706231076
7 75 0.08498642393827105
7 77 2.1957541184900013
7 80 0.31199158853049247
7 85 0.12526244222680197
7 86 0.6032975661113484
7 90 0.1652692616309019
7 94 0.7592339577199316
7 98 1.9574800815818287
7 102 1.5080788224266686
7 106 0.7781782635693671
7 109 0.20261638109806548
7 111 0.5170901547398171
7 113 0.2099588649998407
7 114 1.244871212959903
7 115 0.015675693700415855
7 117 1.6395423120029413
7 121 1.2188784938773538
7 123 1.1441888708062349
7 129 2.63592034631201
7 131 0.35811588592636084
7 134 1.7386198283686305
7 135 2.222072028737242
7 137 2.261668751669134
7 138 1.631981331874264
7 140 0.22217699380012404
7 146 0.9752073102715818
7 147 0.01005422887637904
7 152 1.316934413386606
7 153 0.05060318249656763
7 157 2.7799190090705634
7 160 0.26073079496884694
8 12 0.0659599423098823
8 14 6.101051355869144
8 17 5.409687648318221
8 28 7.401361439767623
8 30 0.5596006436772318
8 38 1.2003203059382956
8 40 3.4093771615213284
8 45 2.1564067020008015
8 51 1.369339844095571
8 55 9.589152221236262
8 61 0.393152060482376
8 63 2.7359227843976646
8 64 2.015690287893187
8 77 0.3102262381132839
8 79 15.218308352345776
8 83 0.7680474869564485
8 89 0.6499979267671557
8 103 5.601370593855825
8 108 3.983041266182365
8 113 2.149637515377784
8 115 0.1661803705159951
8 130 9.56396322747491
8 135 0.08677886859111798
8 137 0.6603646844230602
8 141 0.11858222278420964
8 151 6.960725368258557
8 154 1.8714970088615168
8 159 0.9601094228114482
9 10 1.5464671921684348
9 11 2.5129205380526374
9 20 0.2339886539197987
9 21 4.965459298108301
9 26 0.4200195419455165
9 32 5.781658723861159
9 35 3.8355336309650987
9 37 0.2430699997064758
9 38 0.11227946517226496
9 40 0.42944160200066694
9 45 0.06546506559804624
9 56 0.35242128150688895
9 58 2.584039475748357
9 65 3.892962608707726
9 67 0.7539054206655488
9 68 1.9482969764297524
9 69 1.896319887948309
9 71 1.339779057393051
9 72 9.152967763044352
9 82 0.07167061298575184
9 83 0.19026388713937056
9 88 1.4942988396503651
9 92 0.26620896402400623
9 94 6.6326637101160895
9 96 0.2278426396456219
9 103 8.398032536812392
9 107 0.24693983608804507
9 108 1.0011469593471738
9 109 1.3933191248260612
9 113 0.5292524848899971
9 117 1.8165870547350769
9 121 2.2773518502893215
9 125 1.0962649021442834
9 129 0.5895690368516404
9 134 2.0756891469370884
9 135 0.20758469621904194
9 140 1.5651467718214092
9 143 1.1577866225423559
9 145 0.34073184408036317
9 148 2.071085230403755
9 149 2.1847058592859803
9 152 1.7721135537020056
9 153 0.5077573268780537
9 158 3.289084181128453
9 159 1.209966227796149
9 161 1.6572530041369753
10 14 0.9572975601916971
10 16 2.4726503386060084
10 18 0.5973450370685012
10 19 1.18943072481215
10 20 0.16198633668711324
10 22 2.9715609774124467
10 26 0.48548265673276314
10 30 0.4321244269882122
10 32 0.19632215395861588
10 36 0.4104079993221078
10 40 0.6861265155696961
10 50 1.6960166750362105
10 51 0.8195097503113362
10 54 3.5278437336596338
10 56 0.5050072542924268
10 57 1.0837258956582978
10 61 1.3802058117203957
10 64 0.5425531402646591
10 66 0.3098814345726428
10 67 0.06622203980924149
10 68 1.3143324579280828
10 71 0.9391148606589699
10 73 2.241712842129464
10 82 1.9466232839604332
10 83 0.42529633792333965
10 84 0.5607029569663028
10 88 0.5731819232732329
10 89 1.9668934489265242
10 99 1.3312745201957015
10 101 0.4670521876146146
10 108 1.4408674529111836
10 109 1.9329808761184104
10 112 0.6136226267588856
10 113 1.1793329375103137
10 115 0.4409006185388132
10 122 0.7432361011377407
10 123 0.1404173695322685
10 126 0.05274453807122148
10 132 0.6041822207018412
10 135 1.5682668807897582
10 137 2.221526282940396
10 138 3.8732559192357328
10 139 0.3349143878919157
10 141 0.3125454059759335
10 144 0.6463180777491592
10 145 0.12064438119463253
10 149 1.1754841364019206
10 150 0.1007460152874217
10 152 3.1080016394723344
10 153 0.010097651709889766
10 154 0.40147767541628876
10 155 1.562373201050475
10 159 0.09681266066793283
10 161 0.231207662211231
11 13 1.151730897539986
11 16 4.893956194248759
11 30 0.04784713763017413
11 32 3.3919845977438805
11 35 6.286432578412945
11 43 2.441552951635789
11 49 0.5279527243556317
11 51 18.446278149982955
11 56 0.34148404574559843
11 65 0.3654673977401049
11 67 0.6532571502189163
11 69 2.7103702958150606
11 70 1.3291128920232493
11 71 0.5376700323978851
11 73 0.04955639197190868
11 75 0.4164988606588861
11 77 4.639200465249562
11 81 2.724320943108928
11 84 0.0700707804870312
11 85 6.906853081559595
11 87 0.7109034059794663
11 88 5.635363053384731
11 89 2.657889172483313
11 92 0.27295611624587357
11 94 4.651489890759867
11 99 3.740211233794974
11 101 3.4179421682584974
11 106 2.5453726695232133
11 111 0.12279028583116344
11 112 0.20727709559126595
11 113 1.3129780193139304
11 114 5.803338569702936
11 115 0.3424290867131037
11 117 0.5750550276549757
11 118 0.3663348000256975
11 127 1.4641762966337146
11 129 1.471849134623801
11 131 2.0202735860380843
11 135 1.1972468158013794
11 137 4.132165660024638
11 138 0.9614662107162053
11 139 0.05171626560944319
11 142 0.04161858169242136
11 143 0.056022759266307516
11 145 0.37044289196629915
11 151 9.411083506617294
11 155 0.09856360538346505
11 156 1.8988094279151486
11 159 1.9784613515843703
11 161 8.608514779952076
12 14 1.1609940665324414
12 18 0.6809817896002309
12 19 0.7632269752849714
12 21 1.0849379852231575
12 23 0.2044947947705228
12 26 0.41770422144351504
12 29 0.3173472282508558
12 30 0.13123056887406243
12 31 0.39701403350987113
12 32 0.09755114076640867
12 37 0.2840411482111571
12 39 0.07774423749705449
12 43 1.0191951390193073
12 45 1.645187289166518
12 48 0.8376880695624386
12 54 3.1072633499637248
12 55 0.4070470344984976
12 57 0.5010983782514322
12 61 0.08381489364766274
12 68 3.6764245053367417
12 69 2.446965052600584
12 72 0.6189783381647962
12 73 0.7716554710287531
12 74 0.9265826717852584
12 75 0.928796624737827
12 80 0.3659417200680165
12 81 1.5975277879167757
12 83 0.05415719726175317
12 93 0.5979935164497425
12 99 0.4387076430046773
12 100 2.0469408951243753
12 101 0.36670112153773665
12 102 0.6691082623948983
12 103 0.1311334763003184
12 106 1.507411132232309
12 108 0.14631811591616742
12 109 3.761802531064549
12 111 0.8376243104797736
12 112 0.43510970154792483
12 114 0.5118296338249072
12 115 0.2771238892205865
12 117 1.3829782523946275
12 120 0.655651464068188
12 122 0.9255493540106676
12 125 0.05834277781567923
12 127 0.011218257588023764
12 134 0.5467083973385012
12 141 0.6506905197022271
12 145 0.18105090598412796
12 146 0.1343593310982826
12 150 0.6992283339849696
12 159 0.06866927909013143
13 14 0.8939157334473391
13 18 0.2768552908891411
13 19 1.2582639102108435
13 26 0.7040022064296034
13 29 0.40145018438815416
13 36 1.2851561026516325
13 42 0.5491319261567191
13 46 0.5643613775911569
13 55 0.7066323196384641
13 62 3.204367429265148
13 69 0.5391872091406231
13 70 0.6809407494847279
13 71 0.07260381346814743
13 73 0.4072395435366405
13 74 1.506631339116683
13 77 2.5425302250742012
13 81 0.18756898218753634
13 90 3.181687696783019
13 97 0.2279759236642451
13 98 0.6766413755964047
13 99 0.21577732728797844
13 105 0.8608388795690622
13 114 1.6626759246171323
13 118 0.23926556595862047
13 125 0.06882482291914153
13 126 0.7529125064626575
13 129 1.3148954765589231
13 131 0.023241417519157287
13 133 0.209931023355526
13 138 0.04221049000238359
13 140 1.9220079821075127
13 143 0.9245399549489153
13 146 0.40223113818596545
13 147 0.40883590942242976
13 148 0.3706686618810071
13 149 0.5549133205453282
14 21 2.1253677803900337
14 22 0.27776700598837983
14 23 1.1240242059227168
14 24 3.1853704375668164
14 25 2.5031957135312215
14 28 17.45053665361438
14 30 1.2424299783191075
14 34 0.9900634988639924
14 35 0.1338503597754693
14 36 0.9781506581599148
14 42 4.831569053821275
14 45 3.690678615606275
14 46 0.08859154716223594
14 49 0.06316071721145675
14 50 0.09118104511174892
14 56 0.08925147601642498
14 58 18.231882429511668
14 63 1.4007611974638443
14 65 0.34403268994444364
14 66 0.9276370290193579
14 67 0.8348435854291181
14 71 3.0028837630307406
14 74 37.86264493123503
14 77 1.5556182115643227
14 79 16.21554678234316
14 82 7.851770601182836
14 84 0.6219991139737913
14 85 16.82183168998729
14 86 2.073784094559425
14 89 1.2649117028920358
14 97 1.0665949485707267
14 100 4.022675130603642
14 102 0.20929987529732327
14 104 13.580650116978505
14 105 4.156739572178964
14 106 0.25046813639499155
14 109 1.517104330069803
14 117 5.490452023094099
14 118 0.5938700542004876
14 126 9.388881501237888
14 129 1.4193900720777823
14 131 0.10192923419033786
14 132 1.0889940348576876
14 134 1.4744483666972485
14 137 7.343440280693467
14 138 0.5079501826136613
14 141 0.03645530230773987
14 146 1.7148353876062103
14 147 11.743751551021177
14 148 3.20147617648866
14 149 3.394447443467271
14 150 0.48863039717755336
14 152 11.346528782177526
14 155 3.563618976817922
14 157 0.3786404433832752
14 158 9.769961853436312
14 159 0.2057370559979282
15 18 0.19848836404510012
15 21 0.42592931427913516
15 31 0.618415787843905
15 34 1.8112340632115014
15 38 1.6043031599860913
15 54 2.0359926036325464
15 71 0.4684540659825193
15 93 2.451980928760203
15 94 0.17457363341370913
15 99 0.0029933101913813005
15 105 1.4031602325174986
15 106 0.21775433259672924
15 107 0.23032016708829506
15 111 0.5308533471238254
15 141 0.9576026478402628
15 148 1.9190103916970165
15 151 1.4774164248626926
15 161 2.0246866187681674
16 24 2.1626761114706157
16 25 5.068472611741184
16 31 0.9163669468228429
16 32 3.3829353222289313
16 38 0.021634969237761995
16 45 2.073743503669661
16 46 0.17983639147404648
16 50 2.576595027559871
16 52 0.9838974012089172
16 54 1.4203996594821535
16 56 0.7966054437002956
16 66 3.9095948806712606
16 69 1.195536745143057
16 74 2.7469875789829907
16 75 1.2308778345310876
16 78 0.635485806294495
16 79 1.4616803457043959
16 88 2.7967720565699343
16 90 0.6420006473788874
16 94 0.17869323772878476
16 105 0.18378691807231695
16 107 10.987212822988381
16 108 7.433078600887302
16 109 1.3878015394480858
16 110 3.4688896874050417
16 112 0.3548375733800568
16 113 2.4904199319519846
16 118 0.48393742145937635
16 126 5.87603100361384
16 134 0.10904434309997423
16 135 0.17613282558625218
16 139 1.3544212408819982
16 143 0.9399299667895918
16 144 0.7268763207426645
16 145 0.07453722839827272
16 146 2.1911024972794033
16 147 0.31886754204928214
16 148 8.463795282293946
17 20 1.970243138574
17 44 0.0058428807584383
17 50 1.8517546827707954
17 54 19.56135695463378
17 83 1.6402867751922636
17 91 0.061422287879028634
17 101 9.407729112385773
17 106 0.3864182501513111
17 107 0.39330321840923727
17 108 3.8103511930851255
17 113 2.0179182289654913
17 114 0.5040070762530934
17 116 3.072727855341526
17 118 0.04484690792050192
17 124 1.3852988472694294
17 129 1.2647984712148679
17 136 10.039212781558277
17 139 1.3278793410935417
17 150 0.43173264929149013
17 154 11.027270411871275
17 157 3.4556735547712796
17 159 2.612966102933595
18 21 2.6014875847478187
18 24 2.463629719424233
18 33 0.10784749622929377
18 36 0.2566508403109279
18 38 0.7669319274138422
18 43 0.13403111419160413
18 50 0.04627799343419671
18 54 3.064873298425624
18 61 1.159858490757199
18 67 0.43580400911664113
18 69 0.855110998189079
18 71 0.5561253906449523
18 74 1.2485587292494047
18 82 0.46587716531379386
18 97 0.44872097073895906
18 98 0.6404137979611461
18 105 1.1092089621631707
18 108 1.0406463973483546
18 116 0.7909063236476634
18 126 0.09404216458176799
18 131 0.06737537894412679
18 133 0.6432932618600806
18 135 0.5060630339682819
18 139 0.6027506078110823
18 142 1.2824741847857009
18 143 0.051384182751839425
18 145 1.999368304308977
18 147 0.8547427753270218
18 148 0.07990626365821944
18 152 0.00481538985251576
18 161 2.510771389469246
19 21 4.637550970056954
19 24 0.23222002835430652
19 28 0.2659935768523028
19 31 0.14959716333780088
19 34 1.8052345655112536
19 35 1.9826822430873652
19 38 0.601249204901183
19 40 4.225528919191136
19 43 1.0647619902286312
19 44 1.608966885330868
19 48 0.5135552753393994
19 52 1.2728599834064656
19 55 0.11962909872135352
19 58 0.3114773384828703
19 60 3.1017980683224495
19 65 0.9677848916611207
19 67 0.047890485363091616
19 69 0.6904177657040151
19 72 5.5092229710145055
19 73 1.2247725727915453
19 75 0.17171276719949843
19 76 0.9950296974308287
19 77 0.5592238019872732
19 79 3.3494369082968514
19 80 0.3768695442518884
19 83 3.0203946130325763
19 87 0.11458946788865298
19 89 0.2756738488587374
19 90 3.440473065377487
19 92 0.727131252556551
19 94 0.20325691558673786
19 101 0.37286143562605106
19 102 0.16735997259907506
19 103 7.032952861297381
19 106 1.8508788266862923
19 107 0.792823714264401
19 109 0.6154420578027745
19 110 1.8722420648548546
19 113 0.6348647049897395
19 114 0.7149774763021898
19 116 1.8734634315666525
19 117 0.4269580365759606
19 118 0.724551938120084
19 125 1.4712914302851272
19 126 0.5503057735329947
19 130 0.1719266150211931
19 133 2.457270074587379
19 134 0.19790225638715675
19 135 0.3874956846367217
19 136 10.252373149219913
19 138 0.21984621149461858
19 142 0.5328279762172864
19 145 1.4131169206135268
19 146 0.04200975021367852
19 148 0.47904781345237957
19 149 2.204329995432219
19 150 1.3066689092638788
19 151 0.05429508477910389
19 155 1.561243417069451
19 157 2.9237840473634367
19 158 0.5354411104179958
19 159 1.4646757726789135
20 21 0.03911947624358497
20 23 0.12291764161449646
20 25 3.8954113198183404
20 31 1.1503393130650432
20 35 0.2526567457742294
20 38 0.01850878837887575
20 51 0.08012940723192759
20 54 0.6114683929260515
20 68 0.39142238605118523
20 78 0.6268683529189009
20 80 0.9067612747396928
20 89 0.3899515371010239
20 92 0.34141957851031957
20 103 0.20438662142230332
20 113 0.7809702252647829
20 116 0.27351855764296584
20 121 2.044971965596978
20 133 2.1844143847030026
20 141 0.08530264238231652
20 142 0.22330532184662572
20 147 0.29158169641834647
20 157 0.6253497936490698
21 25 1.3942882240835792
21 32 4.749855549006441
21 40 2.3446280988362402
21 41 1.3175344238853162
21 44 2.1189897557392965
21 51 4.287690194906944
21 55 3.3054327130600285
21 58 0.8745189470396069
21 60 9.0337504558668
21 61 4.18686586137539
21 63 0.36991234280209795
21 65 0.9465001596616861
21 66 1.0112922147186054
21 67 10.273270888802022
21 68 2.652708751439479
21 69 1.3720601899430327
21 70 0.09975709838527244
21 71 5.2929177740805935
21 73 1.207293721056801
21 74 9.964222132442668
21 77 0.22450891394347636
21 79 5.839404084737667
21 81 1.4030476262811626
21 87 0.5179103574501569
21 88 4.385651629967736
21 89 0.4758884978387618
21 91 2.335033627340415
21 94 0.38708559875198445
21 100 0.3556249404211721
21 101 3.1839264834484733
21 102 0.2746862433611777
21 104 25.767947785990273
21 105 2.4803868536393074
21 106 0.7103856495965725
21 111 1.8765207744983226
21 113 0.8705067719627396
21 117 12.337006138253077
21 118 1.8975381520311938
21 120 0.0014533096328393073
21 121 1.0326642099003536
21 126 10.247043541422414
21 127 1.8009845430503457
21 129 0.56369733936161
21 133 14.239668016078785
21 134 0.3667177897383794
21 138 1.3918803973628295
21 140 1.087584941223563
21 143 1.233289392479917
21 145 1.1662703363646663
21 147 1.6316652331376913
21 154 3.2726589519624207
21 156 0.777539911057162
21 161 8.811214595103369
22 33 2.5603552481147864
22 38 1.8171631278965126
22 39 0.03388210630305642
22 40 6.807901065789688
22 49 1.6533163958404744
22 55 2.8745751248290725
22 58 1.9080940804684654
22 65 0.911967372428526
22 67 0.7701329874794262
22 68 2.5470634627277797
22 72 7.212595671024705
22 74 5.254307499354744
22 75 0.18084446579080996
22 77 0.49480507555913417
22 101 2.8624447880225334
22 108 8.581769947755312
22 109 0.32643292616925257
22 111 0.9505191004913518
22 117 1.6636846547048503
22 126 18.52979446481951
22 135 2.6274036304594834
22 137 2.253235707716711
22 138 0.723042687532275
22 142 0.14892821391328356
22 157 0.3156013335980962
23 25 0.8025588332995922
23 26 5.847590522681073
23 31 2.3571400614764233
23 40 1.2564037399765433
23 48 1.4121053169046176
23 49 1.1315006456823538
23 50 0.4724235799685142
23 58 5.727290215277268
23 64 0.41171531125339084
23 66 1.0454608223840158
23 69 0.18843189944504016
23 73 1.9117353761673788
23 74 1.0907199702349264
23 76 3.0361106280075534
23 80 1.356535696619358
23 90 1.734363268923555
23 92 0.42175450702723294
23 94 0.8943959823664734
23 95 2.3717412148548287
23 98 0.4433131425683362
23 101 3.8115172295821913
23 104 0.9247477470743264
23 126 0.37612445270536565
23 128 0.10362539594523536
23 136 0.39925030259297845
23 137 0.45689190513710876
23 138 0.28703475728002353
23 143 0.8463714809661104
23 153 0.03435003207069723
24 27 0.18456283229813467
24 30 0.2775503833642266
24 32 0.5043158628305685
24 50 0.09228391717313819
24 51 0.7861956074594313
24 54 0.5137535514404484
24 61 0.749716990214712
24 69 0.8097012481469504
24 72 0.04945660603374237
24 74 0.2120398927871543
24 75 1.102768267821951
24 77 0.1896609046757132
24 85 0.009502046239737345
24 88 0.2817526862588944
24 92 0.5262321032043236
24 94 1.4340208209930847
24 100 0.8509581247948363
24 101 0.3221140668346369
24 111 2.525322095350759
24 113 5.08857419448216
24 115 0.14862578816046634
24 125 4.953855390802319
24 134 0.1154229683070006
24 139 4.268341504581846
24 151 10.225399456742023
24 157 0.18244449377963412
24 160 2.841731548887951
25 32 1.2955421199856643
25 35 0.3167632185998713
25 36 2.1648333681187486
25 39 0.0574432718221973
25 40 0.7452732021383827
25 42 0.19517016042540447
25 43 1.5147086141053845
25 44 0.5954163954795721
25 45 5.599760538101275
25 48 0.7383759315372269
25 49 1.1488495802243988
25 51 2.584377766804223
25 52 0.020925588699088137
25 60 7.829951728473714
25 64 0.3139595638650982
25 65 0.0607847647670972
25 66 0.7431166119468012
25 73 1.8038412734611846
25 74 0.006335471562829824
25 75 0.213070630614553
25 77 4.625906707711864
25 78 0.2153473157673769
25 79 4.56935839604847
25 86 0.14077315671655816
25 89 0.47762656686566385
25 105 0.31793833706218405
25 107 0.024797157441218905
25 113 0.8708674740716286
25 114 1.7304071369928467
25 119 0.04518283236718335
25 122 0.5306319430769855
25 123 1.247476254623639
25 131 0.05981241559523743
25 132 2.547616567424066
25 133 8.059797028187374
25 134 1.5390986127043542
25 137 1.6777046715612
25 138 0.25633869727513714
25 145 1.64264637325167
25 154 17.111985101383784
26 27 0.6287732964869257
26 28 30.690337782953875
26 31 15.19979732297277
26 33 2.1281228921306274
26 35 1.0555738765089058
26 40 2.879465146436303
26 42 1.3946432826278383
26 44 0.25621992989671244
26 45 0.32043200998846727
26 50 0.8853966365942135
26 51 7552277.450946411
26 52 0.7029106976368876
26 54 59.32385859697462
26 59 1.6686831026235869
26 60 13.812057592834925
26 62 1.2401426138930987
26 64 2.0753030452681567
26 65 3.8465370111359096
26 66 2.7538959591043732
26 69 1.2055818112285264
26 70 2.5190989771760375
26 71 3.6185875123982574
26 75 1.2883692012939798
26 79 1050356774788.2996
26 83 2.765047776013651
26 86 5.938630515503313
26 87 2.0475731703889983
26 88 1.7648573688355471
26 90 0.5450217099744331
26 91 0.6178347377593933
26 93 0.19903526305976382
26 96 0.5086552118570016
26 101 0.4603435971301085
26 102 0.46432426792687026
26 103 0.08941611763972244
26 106 1.9099260390498285
26 107 2.682584946111936
26 109 8.651977854905821
26 113 4.239446625232635
26 114 5311395.783756611
26 115 0.8593614220539569
26 116 0.3980312749895589
26 117 9.981089299272636
26 125 5.360604781246402
26 131 0.11001232135879609
26 132 4.124909128289535
26 134 0.6215027829110008
26 141 1.3005191978132893
26 142 0.2025488314629177
26 147 7.647463116945542
26 151 13.053438234175362
26 152 12842873.61195198
26 157 0.06780415522606564
26 160 15.021926518461346
27 30 3.2589573577852358
27 32 2.6146046185840253
27 33 0.0164674913227968
27 44 0.05899157604223651
27 49 1.6593375940452122
27 63 0.06386808896192313
27 68 0.2851595981405261
27 70 0.1475594024851547
27 72 1.0371811209573683
27 75 1.242493415742281
27 79 2.071441751644479
27 89 1.6875380736490384
27 107 0.28940959864975746
27 108 0.035302814558699276
27 109 0.1602522078452538
27 110 0.32209292959232033
27 115 0.04107321551094036
27 118 0.4941390731739923
27 129 0.3352247227821548
27 133 0.14137476919694972
27 138 0.07194517769737976
27 141 0.592706466983049
27 146 1.508628595998002
27 157 0.28863977757039916
27 158 1.4104844693466834
28 31 0.19576216929944285
28 32 7.016402769013847
28 34 1.211121015332071
28 36 0.5387872691426232
28 37 0.6785466076332717
28 46 0.3479122695000006
28 61 0.9746129185260594
28 67 0.9643676399035965
28 74 22.928754934811142
28 75 0.011618750867231185
28 79 11.89524171607725
28 84 1.4196972670438692
28 90 7.479442329843276
28 94 4.2257702906250305
28 103 0.5447778561046278
28 106 5.59776342738054
28 115 0.02842626278128348
28 117 10.776674489342753
28 129 2.1456523028168717
28 130 17.148548234272855
28 133 0.20705480042548732
28 135 0.5159354672436475
28 136 9.29459325553533
28 137 11.85591155635967
28 145 0.10501488157173562
28 153 14.2096223445541
28 158 8.946815903008444
29 35 2.4565592278449495
29 37 0.814832117974107
29 46 0.0068841801253753014
29 53 1.1994821515188556
29 54 0.5345731745376225
29 63 0.1882858404310837
29 67 0.5369589745940542
29 70 0.032820463361070924
29 74 2.780544302602318
29 85 0.21449853660386498
29 86 1.1806308537645442
29 95 4.721439590526386
29 97 0.16059367829708573
29 105 0.25458686982447354
29 109 1.613022450650809
29 110 2.9075227594336024
29 125 0.7704406252349282
29 129 0.12232243051056137
29 130 1.4915162691275181
29 133 0.7572608685656448
29 135 0.05065295152906082
29 141 0.37264655384499973
29 147 0.5347566288590757
29 152 1.5227954547783924
29 154 1.1423640435429514
30 37 0.10927431433274075
30 39 0.4599990386532351
30 40 0.7308951737570879
30 44 0.307408146847611
30 49 0.690032245652634
30 53 1.2430003209158784
30 54 0.46785003068232295
30 55 1.1527695312149044
30 68 3.1895592489049
30 72 1.8220959674393749
30 78 0.15602114499700853
30 79 3.238038820459685
30 81 0.450438493278489
30 84 3.296230245470016
30 87 0.8024872795515128
30 90 1.254016755787523
30 91 0.013256787352172113
30 93 0.8376187396665082
30 96 0.3727443811632526
30 102 1.5353771230171942
30 103 0.303120662525829
30 105 0.0814400610804229
30 106 0.678037452279481
30 108 0.13126714538924586
30 114 0.030012000651815737
30 116 3.2742459826076336
30 117 1.402834279733592
30 119 0.09632040397892912
30 121 0.0016572961715892885
30 129 0.6330682183990757
30 131 0.1752026950369937
30 133 0.7982677089766904
30 135 1.3084153865030874
30 137 3.5349143406371324
30 138 1.498822618340792
30 139 3.569801152108226
30 141 0.350300281497126
30 142 0.32599930066884863
30 145 0.200802695146733
30 148 0.5437488558214396
30 149 1.2784040601479947
30 154 0.5603220010289108
30 155 0.4796696999964761
30 157 0.48862644519881715
30 161 3.3755884829103553
31 32 7.940815155772224
31 37 1.1419443794904205
31 38 0.034578236870102676
31 40 0.7679735025718125
31 41 1.1407887566117558
31 42 1.563341206474176
31 43 0.2817097426612345
31 46 3.534193820986812
31 51 2.7813516797625955
31 54 9.257955512987495
31 56 1.2770726532971572
31 57 0.9729932622496821
31 61 0.3633226554258395
31 62 1.3062008118748785
31 63 0.7173183849171907
31 64 1.4362745941572195
31 65 0.04678576649756127
31 67 2.2752135862790004
31 68 7.199090644627585
31 69 0.42749918475953036
31 70 1.079116254538741
31 72 0.48132989644228463
31 73 1.6157901357255253
31 76 2.604057301870718
31 77 0.37783020400867584
31 80 0.02083321671189636
31 82 1.06552452675992
31 83 0.47986386627795335
31 89 0.21902418179151462
31 94 1.8062783300152034
31 96 1.61591159567342
31 97 1.2771895725669948
31 99 3.141995517524715
31 101 3.288985973664924
31 102 1.432948489759647
31 104 4.384106069923741
31 105 1.9146612166870742
31 108 1.6839449840057352
31 109 0.043716885730397656
31 111 3.4964010833364663
31 112 1.2812868954749537
31 114 0.4350760193353392
31 115 2.9472829885606036
31 117 1.3838391127016814
31 121 0.3870546176023456
31 122 3.4441535301891317
31 127 3.3475565837726204
31 129 0.21071104176304978
31 130 6.614507992146516
31 131 0.2356018321730522
31 132 4.346138074960399
31 133 6.793005978695793
31 134 1.391510726615488
31 137 7.201335012168376
31 141 2.126152787826373
31 142 0.3197411378749132
31 146 5.748106760844424
31 147 8.568913593123323
31 151 3.365880855561022
31 153 3.229934497608769
31 154 8.615254913039063
31 155 1.19173989157291
31 156 0.2995741381821263
31 159 0.7067535659277411
31 160 7.8509318228640925
31 161 0.19907485634296873
32 43 5.582750119369372
32 45 1.7686167615550428
32 48 3.5483894082090965
32 53 0.2662388954052628
32 54 3.3770713659261222
32 56 2.139583776783206
32 60 0.11857756072849047
32 61 0.15396904387621643
32 63 0.13364337852014044
32 65 4.118224165177507
32 67 2.0833257047070672
32 68 4.916712681074109
32 70 0.0988773326190401
32 71 0.29286021070118656
32 72 6.163714944262151
32 75 0.44337936522759264
32 76 2.9997248636678755
32 79 13.852054550051754
32 85 4.6726977248281605
32 87 0.11508892895246306
32 88 1.7904925243347605
32 95 1.3288531609544088
32 96 0.3607118813373564
32 97 0.900488752422746
32 102 0.24990080856345917
32 105 1.5926754779336343
32 106 0.11429071105829466
32 108 1.8232422364444845
32 111 1.9590223458892135
32 112 0.4174129537675915
32 114 1.6922330755872452
32 116 0.0691209946703485
32 124 6.892228831425371
32 125 0.4100866332870022
32 127 1.0635113444766282
32 129 1.414194580237149
32 134 0.5068389607217768
32 135 0.092700799684877
32 139 0.7457680125466705
32 140 2.677810973760338
32 142 0.05735644599095484
32 145 1.601069144012832
32 150 0.005195415947385444
32 152 4.8002380183248015
32 154 0.5766712649906658
32 161 2.0947697177612286
33 38 0.18588027926338457
33 39 2.4005828126461175
33 63 0.07044634927350105
33 70 0.1738397026407319
33 73 0.24575370129010307
33 77 0.04660603003211483
33 83 0.7661854085386339
33 89 1.471898909128136
33 93 0.20667409854574964
33 95 0.09914160377096569
33 101 1.0281206423367217
33 116 0.16479941416693608
33 117 2.891147524712762
33 118 1.3316212734766237
33 138 0.0010453660718704656
33 145 0.8185066616089502
33 147 0.2728797244952942
33 154 0.03650855878595589
33 160 0.9860200878371901
33 161 0.7151686369802774
34 36 0.55687678398414
34 37 0.6193026120858359
34 51 0.08718767446986539
34 59 1.2065725243791718
34 64 1.5950398414557125
34 69 0.693626735074248
34 70 1.4557290128614855
34 72 0.6956108028979808
34 89 0.9003238392801481
34 102 1.9031593482068667
34 105 0.6854141809470484
34 106 0.1276407913072732
34 109 1.1139192751868512
34 110 2.0278976888631077
34 113 1.2650059349725247
34 114 1.5646151745760188
34 123 0.1703136973584943
34 125 1.0431840030590023
34 128 3.9587991050399904
34 129 0.9275015646895227
34 134 2.494837619100468
34 135 1.1290453012863049
34 137 2.125906161883109
34 142 0.3253803301674042
34 143 0.6798966267774065
34 146 4.109234191124229
34 148 1.1918217132410858
34 150 2.1480569879552336
34 158 0.004263194771700427
34 161 0.6542001089207691
35 43 0.3081569292419548
35 46 0.08487175101767935
35 49 0.5946739244974749
35 55 2.208115871258804
35 58 0.7903377949392226
35 67 0.24253645686780392
35 68 1.9788192476684068
35 70 1.3580056862953722
35 71 1.3053528632446707
35 72 0.35767666672226966
35 74 1.9778411253628991
35 76 0.2837379076948003
35 77 0.6468202007098729
35 81 0.08329489810776547
35 88 2.7061091918900915
35 89 0.5533468303948486
35 91 0.5014481490202769
35 95 2.455585499451196
35 97 0.7846595140585045
35 102 0.13532367426349298
35 103 1.6062556161494361
35 105 0.1272267267888813
35 106 0.22043395990049436
35 108 0.6991720024120398
35 109 1.8951170074863286
35 112 2.789772425322811
35 114 0.41707874186390864
35 115 0.9134500637756676
35 117 0.0967203550405494
35 118 0.43091515770796335
35 124 2.280406496380636
35 129 0.9417972820123983
35 132 0.16281545208859244
35 135 0.3032202597765217
35 136 2.1897433295643274
35 137 1.4032019535742222
35 138 2.36634325525174
35 142 0.14161958760388285
35 145 1.021629726169219
35 146 0.1644943775932949
35 149 0.11351027965058524
35 154 2.5495490577605264
35 157 0.10338220107740356
36 38 1.393632234895015
36 39 0.21893326428714036
36 45 0.6680082604650397
36 46 0.41487459323960213
36 50 1.1266518728149277
36 51 0.04274143639649642
36 54 0.7085175086803167
36 61 0.5226235789884297
36 62 0.7511505275916819
36 67 0.06235860805929068
36 71 2.5374223143485075
36 72 0.05982942083366321
36 73 0.2134756634347563
36 74 1.8729605855101368
36 76 1.4323398809211179
36 77 0.06044672692904238
36 84 0.2287026464522797
36 86 0.8538820344738179
36 88 0.20815316232021097
36 90 0.44226819505403814
36 93 0.9893473250773571
36 97 0.0613983352696474
36 99 0.13165637064247288
36 101 1.0196183663159413
36 108 1.5758155414345485
36 117 1.7460787614915094
36 127 0.23197093634032148
36 130 1.3874405414190005
36 131 0.30326403036616595
36 134 0.30173783758559003
36 135 1.0384932554134307
36 142 0.48039514267071937
36 145 0.5182561563427578
36 147 1.1903136502333134
36 148 1.288945884836548
36 152 2.441717722215199
36 153 0.6356130921961921
36 154 1.905882540624507
36 157 0.4017012395667188
36 159 0.09461521254335595
36 161 5.336853125300436
37 40 0.9029976260440854
37 44 0.5295037146658552
37 51 0.0828523470487108
37 54 0.03350023758404164
37 56 0.628340990209737
37 77 0.7046209191845701
37 79 0.7566032212225505
37 85 1.3692856533590183
37 90 0.1713450111118679
37 101 1.5405645160046606
37 102 1.746770803512677
37 109 0.318256063986174
37 111 0.052616914367984824
37 112 0.9141423292131519
37 114 0.9986752063371206
37 125 0.8896254506996095
37 133 1.3955039514711212
37 134 0.8103718828187473
37 135 0.10660364698910577
37 146 0.2790308651858288
37 154 0.1198446910423643
37 157 1.6836756399752009
38 44 5.322567655783161
38 48 0.7559590327140576
38 51 0.19377612557899723
38 52 0.35915461983245583
38 53 0.2134217925242558
38 57 1.0055813974715437
38 60 5.197939995209622
38 61 1.4438895498321997
38 69 0.8902892969396549
38 71 0.6240498582871838
38 74 0.003004503147514345
38 91 2.1598654234768544
38 97 0.33014521703624616
38 98 0.6532266102811446
38 103 2.2431270887721895
38 106 0.6982035575083411
38 110 0.9464357017146701
38 114 0.2541109466500527
38 116 0.10434911924762613
38 118 0.12122169403257198
38 121 0.9020907394356934
38 124 1.8948763889294176
38 125 0.09806253750193569
38 128 0.06925791315156384
38 131 0.21012258330193828
38 134 0.45289683729471125
38 139 0.729983371368909
38 141 0.2511024818632623
38 156 0.43106668657677893
38 158 0.7282306065813057
38 160 3.8431670802590103
38 161 2.2095293294778937
39 40 0.32281857841188616
39 48 0.13747505228878076
39 49 0.5780048154895228
39 50 1.2732890973840472
39 56 0.4929271453093215
39 58 0.11978854351537498
39 62 1.29333094964549
39 68 0.12528376689299045
39 69 0.5368993175672347
39 70 0.11977772451701586
39 73 0.13349473829235414
39 89 0.026549720626145377
39 90 0.5248863454790902
39 92 1.134450738091201
39 93 0.14585037790244715
39 94 0.01468249483819742
39 96 0.05091276491194437
39 101 0.08300307956308618
39 102 0.45355328329813344
39 106 0.126641181432464
39 109 0.6088546317761874
39 110 0.4050883643391767
39 112 0.8439698657917322
39 115 0.7550748911642542
39 118 0.8088324311330337
39 121 0.055822482759801756
39 126 0.3766224581552048
39 132 1.0113195427229655
39 133 3.8741097198716705
39 138 0.10120079047843226
39 141 4.993060160451005
39 147 0.7535684066653298
39 151 0.7017568729459539
39 159 0.39718167231306534
40 41 1.0425865501813205
40 42 0.41874290344191334
40 45 0.1193221429629395
40 49 1.701776465576596
40 51 8.994674968384683
40 54 8.505744029053426
40 56 0.4775637786206203
40 59 0.44429546914469287
40 60 1.852204713740178
40 63 0.17269539644886112
40 64 0.014665127424972765
40 65 3.8464981572786745
40 66 0.6792537515616075
40 67 0.11830273557311272
40 68 3.2679473028143002
40 69 1.9996053160815905
40 72 3.9776875222486963
40 73 0.5547065220656414
40 74 0.8989766556780449
40 77 1.1797745878768686
40 79 4.727620502371083
40 90 1.20166254183016
40 97 0.8243019437659644
40 98 5.236150141328837
40 100 1.2752532631847802
40 101 0.2029978320647677
40 102 0.10967084154914863
40 106 0.0216490548467169
40 108 2.52415641738965
40 109 0.520483341606513
40 110 1.3699501505655356
40 112 0.4510801604463431
40 113 0.14248139315777017
40 117 3.104008750544561
40 118 0.1852577860221259
40 124 5.275081109784495
40 125 2.754523461439367
40 127 1.231720313627676
40 128 2.175677328647993
40 133 6.2898095514654635
40 135 0.002374926151646949
40 138 0.9210166089212513
40 140 1.193057379530694
40 145 0.5980805650880684
40 147 4.849141040257752
40 149 0.178035538137774
40 152 7.845658358046072
40 153 0.32899781254008004
40 154 3.0868106533837394
40 155 1.7550008286951333
40 156 0.5455880952242466
40 158 0.32480901758699654
41 56 1.1264164970593347
41 65 1.1576024282932962
41 82 0.05698118849757879
41 85 3.2143893205484115
41 91 1.3662256378158903
41 94 0.9218604107189503
41 101 1.7833981030483577
41 108 1.9793522381179591
41 112 0.16833643000032023
41 117 2.3615684147377176
41 118 0.02314843008417279
41 127 0.26238403033734764
41 130 1.4989596238354141
41 135 0.37532075430307515
41 139 3.1453469238542233
41 142 0.5386461026308724
41 146 3.133078920071848
41 147 0.23763776409787546
41 151 4.571829179508699
41 161 0.5863407211764605
42 43 0.5712168089655488
42 51 1.441542690892678
42 53 0.39108609891718754
42 57 0.27105686442760557
42 64 0.15790826570803804
42 67 0.6190261728876376
42 71 0.8255385471717566
42 73 0.8902247683152337
42 77 0.16065634515200639
42 84 0.900812713428869
42 89 0.017312786420621253
42 94 0.20496323573155378
42 103 0.24498508042293035
42 111 3.6629586975575528
42 115 0.6561270017974419
42 126 0.4265609637327427
42 127 0.44514737296529955
42 129 2.9592832056116096
42 138 1.9537927337382803
42 147 0.07974021130593835
42 150 1.0816958931212484
42 152 1.6692996177276032
42 154 0.6815902901294005
42 158 0.7937080036560096
42 161 3.2285129184223287
43 44 5.915866239037102
43 45 2.324873527216895
43 54 1.7744346910642808
43 55 0.33341476827112093
43 60 0.8927039295354098
43 61 0.43809195662400097
43 62 0.652014149532964
43 68 0.37695722699578404
43 70 0.6765469234902076
43 73 0.33643646791065435
43 75 1.6025809489245992
43 77 0.43602326294542654
43 87 2.332510680564785
43 92 0.07911666097147818
43 93 0.28147485395569255
43 96 0.34784005523340095
43 101 0.8920532963945372
43 102 4.224395391121417
43 106 0.25945724477432014
43 108 0.9015433593503303
43 110 0.10735373184056825
43 112 0.10861892933993136
43 113 0.015941200968634866
43 115 2.3644445551378244
43 130 3.4714667943458886
43 131 0.22496360179872735
43 133 2.853801382276266
43 135 0.5435742948077199
43 138 2.289642278717338
43 140 0.13076539243004598
43 143 0.3922461694569075
43 145 0.1519668312790401
43 147 1.0810156434923721
43 151 0.81231244904094
43 154 3.1977564948878645
43 158 5.364925386867217
43 159 0.8603740577684094
44 47 0.594425279795993
44 49 0.4627498354746273
44 50 0.043663583861011136
44 51 6.794081432245808
44 52 0.031028859289724136
44 55 1.8917450099774196
44 57 0.2598859147189011
44 61 0.06385599101362249
44 62 0.07091666247265724
44 63 2.7824312860712794
44 65 0.2841777666419034
44 70 2.0287067764844835
44 71 3.3371605415558516
44 72 4.149732791552561
44 74 0.27620440877362673
44 77 1.675553074477342
44 79 1.6201464263078615
44 89 1.0462952207285863
44 97 0.3475795816224364
44 101 0.10243240781684464
44 102 0.1510461819159836
44 107 1.3684344594139586
44 108 0.32108310619739316
44 118 2.5580524758994723
44 125 1.502766436551889
44 129 5.919944388295924
44 131 1.5095109989527307
44 132 0.6136475025404297
44 137 1.0681916428231268
44 138 1.2144829662187662
44 141 1.630221183260181
44 144 0.18162161151905096
44 153 0.37169711168581154
44 161 1.2912848916816635
45 49 0.13024352319300103
45 55 0.32169670500154
45 61 0.6097071424386102
45 62 0.6244475474128
45 64 1.0406091510883013
45 67 3.0950243612217463
45 68 24.22299322558672
45 69 0.09645336425089543
45 71 2.151044734490092
45 72 2.108935649440833
45 73 0.03164192153434745
45 74 35.86090735647561
45 75 0.452252319834634
45 80 0.35205202049631473
45 84 0.934497856888591
45 89 0.2533576166744642
45 94 6.671784541980852
45 99 6.031631697402631
45 101 2.2723153571986043
45 105 4.367441279790025
45 106 2.9441557218941874
45 109 11.001646379488278
45 111 0.15215362117733006
45 112 0.10819139231039808
45 114 0.8227317704359027
45 115 0.012489427534835508
45 116 1.4915891387077556
45 117 7.740397251648569
45 118 1.4824635166304907
45 120 0.3844367398654805
45 129 1.5130053682120688
45 136 1.6043187820684557
45 137 6.952809106189868
45 138 1.0194594401113217
45 139 3.8476602279288383
45 147 0.18885488504742232
45 159 1.8233391216116261
45 160 9.435714945138688
46 54 1.8397702215986131
46 55 0.03295444952055114
46 56 0.1554209699081977
46 62 0.04829673773357612
46 64 0.4171814626531238
46 65 1.3125218403295111
46 66 0.06455725612833366
46 68 0.11795869752909138
46 69 2.7375627006805807
46 73 0.38783604829821233
46 76 1.1333518716474473
46 79 0.18109547419437155
46 80 1.2426231022499632
46 85 0.1508932748866444
46 87 0.5620789727469712
46 89 1.926765002896122
46 93 0.21958095777933462
46 96 0.9101380310485626
46 102 0.8554763055862089
46 105 5.299941819114216
46 109 0.1085860336585419
46 111 0.8303687186143348
46 114 0.44726877114102676
46 115 0.5100886197645166
46 117 1.7718032393367187
46 121 0.1392609666875669
46 127 0.14954870481681157
46 129 0.06565956393233599
46 136 0.04717838018280752
46 137 2.080408095444185
46 138 0.5618635668366836
46 142 0.5159954375262523
46 146 0.7718424127248851
46 147 0.39059291673176955
46 150 0.013097812318395234
46 155 0.33262616412004015
46 157 0.6473304229009301
46 158 0.3382064765640179
47 56 0.9370235291685286
47 58 0.03234797712316129
47 61 1.1742913834157411
47 63 1.5891306082082033
47 75 1.7534061777101786
47 79 27.789128365077612
47 99 0.6295265726827628
47 102 0.06068943036535599
47 103 1.116936795490679
47 122 1.8463429071860538
47 125 4.315129947118232
47 129 7.03202817033664
47 134 1.3049016599907148
47 135 1.2460182947236458
47 154 6.2894634135066365
47 157 0.7549964384520166
48 57 0.9463022697103631
48 62 0.9427237244709242
48 68 0.07068621871494447
48 75 0.24513270771353737
48 84 0.34734826622044007
48 89 0.9125517959067702
48 90 1.2672801627292327
48 94 1.3511380508849726
48 97 0.8769690946258824
48 101 1.226700250008093
48 105 0.8135411094837168
48 114 0.28612162379757866
48 127 0.2968253703243683
48 130 3.4633088564262606
48 135 0.8044382161270422
48 139 2.2686477942066627
48 152 0.8488889176356011
48 154 0.0067347953121504114
49 50 0.5841663168358231
49 51 1.6397758791893373
49 55 3.512643319917083
49 56 1.1538534336579005
49 58 0.9092393973941847
49 62 0.3309491523656526
49 63 0.23949702088338173
49 64 0.21542415394513734
49 67 0.006303187311069768
49 69 1.1638659970241083
49 71 0.0458089410187091
49 74 1.4502927661715068
49 79 0.2744162956370588
49 80 0.6555322009568215
49 88 0.28913709249452163
49 89 0.38075475570507494
49 93 0.3206898463513375
49 94 0.28233480318855725
49 97 0.4858678979653315
49 100 1.141873843204842
49 108 0.9659078828003874
49 109 0.37251544145255033
49 111 1.048771162806215
49 112 0.24865205305096258
49 113 0.9453792715429309
49 127 2.0924685321235974
49 129 0.3311340545463278
49 130 0.7382713373991278
49 131 0.4545657539870118
49 135 0.1503774521785514
49 136 0.8654276266052628
49 137 1.4499459260076615
49 138 2.0158156954653954
49 142 0.49278540629792644
49 149 0.5981202948104228
49 151 0.3321889158478539
49 152 0.30888694308477666
49 153 2.843227108524683
49 154 1.2614104410361247
49 157 1.6019556302978235
49 158 1.5598111047885654
49 160 0.7888712030678027
50 51 1.118154813730341
50 53 0.20003753899461432
50 54 0.798350861560524
50 55 0.7917078564496038
50 64 0.21936736862608272
50 67 0.3392566646777601
50 68 0.5389986174773619
50 69 1.1237283296075236
50 73 0.10767911312060827
50 75 0.24276980554573874
50 76 1.0849833316157484
50 86 0.01878157989375372
50 87 1.2833754966350437
50 88 4.370162203167073
50 93 0.5330442366478243
50 94 0.4449739104397152
50 98 2.3075109800415006
50 101 0.6983798690053137
50 105 0.6080652628561543
50 108 0.6605138416268254
50 128 2.068405523867451
50 130 3.0284461727685237
50 135 1.6883735301281144
50 137 1.5505736027727757
50 139 3.779676683405109
50 142 0.024921867009234704
50 150 1.8837197422336316
50 151 1.332124071739053
50 153 0.4723565067075279
51 52 1.8380747562337019
51 54 108.5024286839633
51 56 3.608259342120532
51 57 3.6781311792520333
51 58 1.6179885311289677
51 61 1.7847172825982196
51 62 1.4200245940133964
51 64 0.34940661052731087
51 65 3.047433997312616
51 67 2.740977717345643
51 68 23.333962572992682
51 72 7355538.861401524
51 73 17.32502565037917
51 74 22855000.862628132
51 77 0.324225678015564
51 89 2.3577267569724754
51 93 0.4333670581199343
51 96 2.8057239997385146
51 97 0.3853785813564267
51 101 1.2328195666315873
51 102 2.741879278582592
51 103 1.499969967720055
51 104 59.539260191172644
51 108 19.752384235110842
51 110 3.6539504358977646
51 115 0.09610646370695931
51 119 0.43455224591967484
51 127 5.214123024211942
51 131 3.0584874981637666
51 137 348074.9941667429
51 139 13.13994560879369
51 143 0.23346744211074236
51 144 1.0833840859564432
51 151 8.490520358508189
51 152 3651003.734242012
51 154 17100736.388993483
51 158 3.7321628109297325
51 160 1.4114777123642217
52 53 0.36093506159375766
52 61 0.38078864026551407
52 63 0.09430420607930373
52 69 0.6460672124212504
52 73 0.05874667754386803
52 74 0.20404216508598116
52 87 2.256357118117151
52 94 1.0505234507449277
52 97 1.0330564380321712
52 101 0.4381852053821676
52 102 0.17398572374170354
52 106 0.3022419690397157
52 109 0.9305269317699619
52 111 0.6520653718490985
52 114 0.36424843428536124
52 115 2.1047337713626293
52 119 1.5514519929367632
52 126 1.996770091187549
52 128 0.7713913450344129
52 131 0.5246199548689922
52 133 0.9243679335974168
52 140 0.2783830667315793
52 141 1.5332673723767172
52 142 2.0354122584340772
52 146 0.4370475889461306
52 148 5.195962048056338
52 149 0.40831831198262214
52 151 0.11796776455129523
52 152 7.238562858282649
52 158 0.1804106184681109
52 159 2.0100601150476027
53 54 1.580609711113327
53 63 0.011452755864193575
53 65 0.46254576476866915
53 66 1.7391635429751446
53 69 2.4616369362418005
53 70 1.5275003754763343
53 72 6.733665151266974
53 75 0.2723805230237467
53 82 0.941585632433124
53 89 1.3858021590739389
53 97 0.9160688346435218
53 98 1.1883278846182332
53 102 0.1369889639624605
53 106 0.8372001866826022
53 112 0.8207836399106092
53 114 0.21958152363964942
53 115 0.3817351281981032
53 117 0.4000972766561033
53 118 0.4073081289228432
53 122 0.37982847302807715
53 128 2.0010830057288596
53 129 1.9444560547754655
53 135 0.6328952721716491
53 137 4.1721386928064765
53 139 0.5641107078937245
53 141 0.9680293169264159
53 146 3.8339297555593057
53 157 0.7212857571700144
53 159 0.13114284866381756
54 55 13.049852401527465
54 56 10.779732205507818
54 62 1.8391043890509666
54 64 0.3616952354155751
54 65 0.16136816956055433
54 67 5.866250979415809
54 68 14.682258360071046
54 71 2.8981015734201083
54 72 84.4505062134787
54 74 48.25752278107325
54 77 2.506063389962215
54 82 7.573862028345323
54 87 1.7630304900763032
54 91 4.096938714486404
54 94 3.4112152822527215
54 95 11.60737830243792
54 99 0.6110217567501025
54 107 0.3157241757549545
54 111 2.806418521849925
54 112 0.5424564270975799
54 113 0.11572001036828213
54 117 1.6289716285955733
54 118 2.440183879429968
54 121 0.6486461622371122
54 126 20.11188127279621
54 130 17.646047696343086
54 131 0.4318842908884266
54 134 0.5097199152180846
54 136 1.1331929912165315
54 137 30.270981002958802
54 141 0.4285621107450526
54 142 2.4528740144785797
54 143 2.04182576165905
54 144 0.135112573394691
54 145 0.5816348572124699
54 148 24.49683144317084
54 149 1.064434954130571
54 150 0.28481929250452165
54 152 99.82201565421424
54 153 4.433738491912519
54 155 0.1747923249940272
54 156 1.0033151846907802
54 158 22.863648491491855
54 161 10.600706124791259
55 58 3.9354077662503735
55 64 0.7353848033523167
55 67 0.37917690912638197
55 68 9.268013623597227
55 69 1.1811451859176956
55 70 0.6109639773461433
55 72 0.9602950887825678
55 73 7.799534168573728
55 77 1.0524079779164977
55 84 1.4688159382035393
55 87 3.0793922290418028
55 90 0.0638880719708225
55 93 0.5537669106231955
55 101 0.1219009746296514
55 102 1.8598948065750236
55 108 6.308187739718835
55 109 18.639892172826574
55 113 2.2849558620852193
55 121 0.3394384468095361
55 122 2.6661314500287494
55 126 3.0739371280733057
55 130 3.5330443103407045
55 134 1.3333948908516522
55 138 2.4047751769882955
55 147 0.056654811002989774
55 148 1.170738903472061
55 151 7.89729209857736
55 155 0.8959921787117707
55 160 2.600763197602036
56 58 0.011307335049836203
56 60 2.0718521320621153
56 63 1.8970855526428076
56 65 2.887864659581305
56 66 0.4446338682763046
56 68 1.114351896189743
56 69 0.4226720149925234
56 74 1.2848252770656716
56 77 0.3907144630669323
56 78 0.8313622935360641
56 81 1.0989937483246743
56 83 1.6849869164471032
56 85 0.4111277227158584
56 87 3.642576333503414
56 96 0.42370208492658795
56 97 1.4557266190038307
56 102 0.40393694018663745
56 106 0.6221901884527938
56 108 3.1601362572924994
56 109 4.219065891603424
56 112 0.2307949252012202
56 113 1.4523256185669542
56 114 1.8168687460585438
56 117 6.200676234668429
56 125 1.0531755880192977
56 128 1.3032420191366476
56 129 1.1000791129543388
56 131 0.20608528448038782
56 135 1.050573537089046
56 136 2.36964384649157
56 137 1.198763580191121
56 139 0.47218704885707635
56 141 0.011560076919509792
56 142 0.14129660504479086
56 143 0.2816629570891666
56 147 0.9837490476259098
56 152 0.6460146201459807
56 153 0.26561452054273277
56 154 0.21707399752281367
56 156 0.430068397884316
56 157 0.8867990413902194
57 60 1.3796167210300987
57 67 2.798010187635737
57 73 0.810132598693402
57 77 0.4131443531804423
57 79 1.580479258943329
57 80 0.2727911247599194
57 87 1.2154352674939768
57 96 0.23373597219261674
57 102 0.17862053483706308
57 104 2.0965313340716705
57 105 0.29708818219058936
57 115 0.3086729853175903
57 116 0.3673083316578513
57 118 1.2004880896702308
57 128 5.274086803792224
57 130 2.7135811230962026
57 132 1.5789040598201871
57 134 0.922369619939316
57 135 0.8388673191519836
57 139 1.945128550554562
57 140 0.174895172151493
57 145 0.49405337778945085
57 146 0.42590162089438155
57 147 0.2606123859165384
57 149 0.742691172266364
57 152 7.427088697747214
57 154 1.7519631273797296
57 157 2.1977551221968827
57 159 0.8570135396321458
57 161 4.5378699786123216
58 66 0.8645003738391519
58 67 3.574896041775374
58 68 1.3313481676485177
58 69 0.09022027542563228
58 70 0.33006400685207793
58 74 5.7064602679557614
58 77 0.08297997538942392
58 79 4.206081928923573
58 80 1.3139710639476532
58 84 0.06513967956390923
58 87 0.031275336006791825
58 94 0.8159685939419
58 97 1.2216410506789084
58 99 1.6364364129671547
58 103 0.3934263809740355
58 105 2.254747013429479
58 108 2.0659560184452306
58 112 1.3379153147098506
58 117 0.6082229724172801
58 121 0.7379128327533956
58 122 0.08556475181650676
58 124 1.5517670112243873
58 133 3.123750680253898
58 134 0.033925678897093796
58 137 0.3002477215123304
58 140 0.4238043425247147
58 142 1.180942777246829
58 144 0.5390062318387668
58 151 0.18998811421610992
58 152 4.839615525337778
58 153 2.139521721967476
58 155 0.24687784142636912
58 157 1.2039103644311873
58 159 1.3669918898257278
59 61 0.6472942022753247
59 65 0.6563597552064857
59 71 0.22460334982859892
59 80 3.2678852203655664
59 84 0.1454232880798018
59 101 0.1350148750203693
59 103 1.650089424794946
59 105 1.9636192864385131
59 107 0.9226179255669111
59 124 0.04793163133749192
59 125 2.44995188533072
59 126 0.47012695776696717
59 131 0.01862486673758499
59 133 1.149254338052555
59 138 1.0708081388787651
59 139 1.4026204217389002
59 141 0.14760989765639096
59 142 0.6040172152734387
59 145 0.9813327914612606
59 150 0.5557584712624968
59 157 0.08070758110467889
59 159 0.7455944147598191
59 161 0.4772763246202961
60 61 0.9769454556750088
60 89 0.30130360438119813
60 93 0.4712314581483072
60 97 1.3838706544029011
60 105 4.373709381550775
60 130 26.256653473830454
60 137 7.022318787215332
60 146 14.619184234146806
61 62 1.0257198595340584
61 63 0.18551388067805985
61 67 1.7379453181153977
61 73 0.21495614142195482
61 74 1.6781589175187326
61 77 2.495311711485905
61 79 1.9943952898640984
61 80 3.0487263628517924
61 94 0.42890709958442474
61 96 1.7794335974682736
61 97 1.194601317573338
61 99 1.5247281028860873
61 100 0.8982861480792167
61 109 1.0219376730635168
61 114 3.18081506484801
61 115 0.17179817989808785
61 124 0.030237294956238434
61 129 0.15459155656519052
61 133 0.8183983921476583
61 135 2.9096441002124482
61 150 1.5627130174467194
61 152 1.7253495675089736
61 153 0.23049923881123283
61 160 0.8107369290731415
62 68 1.41644078208643
62 74 0.9683236863312249
62 76 0.04673729734856374
62 83 0.5319943868038653
62 89 0.027687325981741322
62 91 0.008059908067505277
62 92 0.9271320197978357
62 94 2.855125589736929
62 100 0.6904830853836502
62 103 0.560278762573811
62 108 0.6343945839641966
62 112 0.7417870214082108
62 128 1.2181503024084417
62 131 0.042804193080303046
62 133 0.2908251794962983
62 143 0.5797597616412459
62 145 0.18479919073891146
62 147 1.365507403164145
62 159 2.004001569919331
63 64 0.04234347943809426
63 72 1.0984259946120067
63 73 0.45172377488327353
63 74 0.4543322781337203
63 76 3.701334565446569
63 77 1.3152399751002193
63 82 0.07684279287738482
63 87 0.35840858868535946
63 96 0.6345703156515712
63 97 0.4527905758330658
63 99 0.7528691373650727
63 100 0.5782672023265808
63 101 1.2433075291455096
63 105 0.026815831867254072
63 106 0.9902046922572567
63 108 0.094717407120835
63 114 0.29091990032299797
63 115 1.0215001920848532
63 117 3.0289037841195348
63 118 0.4655537823684071
63 119 1.0180021692457983
63 125 1.7770792612987374
63 127 0.4793778209493411
63 133 2.673834754297979
63 136 0.8007113558347249
63 137 0.48456342529246704
63 141 0.6260670355883422
63 142 0.09039322285623289
63 145 0.461882913258418
63 147 1.3182179890201855
63 148 0.9634254654649874
63 161 0.10320382783900908
64 65 1.6248197750397895
64 67 0.6827087530047248
64 72 1.153109239573822
64 73 0.7707131740181762
64 74 2.306305252489997
64 75 1.4368529221957973
64 77 1.3420653833352483
64 80 0.008915541158993482
64 82 2.3980129133833294
64 83 1.465917894231722
64 88 0.2959634347738832
64 89 0.7168601732030555
64 90 0.8894591037953612
64 92 0.05174418694988346
64 93 0.15613740839002105
64 100 0.378977974668402
64 102 0.3849999856918461
64 108 0.386289462684742
64 109 2.4956437305433012
64 112 0.017465486775876424
64 113 1.8076278440699594
64 114 7.931395885916658
64 115 0.10664171741847905
64 120 0.023861804966304523
64 121 0.3220581350413165
64 122 0.5648128227869073
64 125 0.4015439976437959
64 126 3.196045684243285
64 128 6.8287279874591
64 129 0.23193605821684857
64 133 0.45358666763129424
64 135 0.7060290175504337
64 136 0.15728660966351735
64 137 0.7421015119142159
64 138 0.3080417166318946
64 140 0.04341791472979632
64 144 1.6141469578466159
64 150 0.5026309999486432
64 152 0.111065140090394
64 153 2.8541342660083884
64 157 0.1488552608929174
64 159 0.6489298321323921
64 161 0.9098278899487308
65 66 0.10964516177436787
65 69 0.045173422141255984
65 70 2.4696821506072184
65 71 3.485187637172177
65 73 0.823812885076382
65 74 1.986584338624395
65 79 2.405744489322264
65 82 0.45282844650437687
65 87 0.1591207263252865
65 88 0.495175326816076
65 89 0.07572302141238943
65 90 0.6979941659375124
65 92 0.12874234419603078
65 93 0.09442425839226468
65 95 0.5843992781100731
65 97 0.46169821474641376
65 98 0.3520401049115436
65 99 3.149638663566187
65 101 0.8071673611099344
65 105 0.37047758358677685
65 106 0.7313636904667319
65 108 2.0401248156644654
65 114 2.86907665396905
65 115 0.6250850494651236
65 118 0.6321474044472036
65 119 3.7809257083542955
65 129 0.12730895256605412
65 133 2.045014638243789
65 134 0.19717509593591662
65 136 0.4730943855442892
65 138 1.1821180475723125
65 141 0.14836871882383512
65 142 1.8942253858923765
65 145 0.9959401620990925
65 146 0.7451383559251947
65 149 0.6347577648661548
65 150 0.04548578524213714
65 152 4.5791973170465
65 153 1.224520398791211
65 155 0.6179987424549785
65 157 0.47872326136320315
65 158 3.6002392910594985
65 161 0.6371548939338302
66 74 0.1679675552127365
66 75 1.8913347583058697
66 76 0.5129904958827463
66 77 0.3924161019165224
66 79 2.5154044710667818
66 80 1.8938955529657238
66 94 0.8213700285076619
66 100 1.3289224610233679
66 101 4.304421256489995
66 106 0.5598208522662935
66 107 0.7751556886744688
66 108 2.982496781399868
66 109 0.3424677026181879
66 110 0.1387319504865444
66 114 0.20293924205873778
66 135 0.120040355632983
66 137 0.11831881718764348
66 138 0.1772774611129221
66 142 0.11977332044833298
66 146 0.8113729489792484
66 150 0.13174585601714187
66 151 0.9434507094032857
66 153 0.8812213818467052
67 70 1.5801618024308537
67 71 0.05021034014206867
67 72 2.3631899067414337
67 73 0.44780824430007216
67 74 0.7310111650499579
67 81 0.23852771101547182
67 85 0.6966555364091812
67 87 0.3963710039306732
67 88 5.310139644744385
67 89 0.29351664024893165
67 92 0.09070105264737502
67 96 0.5741347133754585
67 97 0.41582600968707434
67 99 0.48488886823130933
67 101 2.934338434151708
67 102 0.651776344653452
67 104 1.2704884760172375
67 105 0.5395621454745548
67 107 3.836991607780835
67 108 3.062686483835739
67 109 0.6084328659388423
67 110 0.5295472451882531
67 111 0.9799329208807724
67 113 0.9755156063195344
67 115 0.5851855228517883
67 117 0.0062769714624367635
67 118 2.022086682735861
67 120 0.865027930193711
67 125 0.6271676222501217
67 126 3.5295215641784607
67 129 0.9561087345054801
67 131 0.12382410945451836
67 133 3.4411741782719334
67 134 0.38938541865036236
67 135 0.7287028820536762
67 137 0.13986047662275472
67 139 1.7461118845975208
67 141 0.33772588698973777
67 142 1.1994103848611481
67 146 0.9750747472764248
67 147 1.1772812714534253
67 148 0.7151516009285458
67 149 0.547338059258114
67 150 0.4340591755806405
67 152 0.9156951272300417
67 153 0.9794038569292585
67 154 0.4291516101705676
67 156 0.560442237085451
67 157 0.6812588614440311
67 158 0.4627843115681931
67 161 0.8389965823632748
68 69 2.6153170172621785
68 72 13.270915366327221
68 73 2.487968933854291
68 74 2.2601803452558586
68 83 0.27200359168504357
68 85 1.7562674483552216
68 88 0.8414406911674939
68 89 1.0872577587633394
68 98 0.12520452395765838
68 99 2.3587691862483307
68 104 9.183989066427452
68 113 1.6955663782774502
68 119 0.04938342523590546
68 125 9.447141379079786
68 126 4.373159469023123
68 131 0.4345403241589627
68 132 1.1906633245748943
68 134 0.5240053962613074
68 141 0.9817713556266926
68 143 0.04237519102042367
68 146 3.538891343138163
68 147 0.879911796348907
68 149 0.4436888775960548
68 150 2.08166504333696
68 151 3.6661621808904403
68 152 15.072049082031867
68 157 0.4303749067963139
68 158 8.875480423112139
68 159 0.248634313167807
69 70 0.06429071985147727
69 71 0.42225030409036246
69 80 0.17342382059442837
69 83 0.45790411424216787
69 86 0.6664437579087509
69 91 0.2916966821851252
69 92 1.7277907931008158
69 94 1.2340068921985563
69 98 0.37303495336425474
69 99 0.6520916238403935
69 108 1.0577772421543463
69 109 0.054670480374079185
69 111 0.1735915480578951
69 112 0.3197511578932463
69 113 0.029914814426788457
69 114 0.19370653671708637
69 115 0.18010970561359801
69 116 0.32790876473391933
69 117 0.13364584504682056
69 125 0.2558626334053695
69 127 0.3082279435871474
69 128 0.5528902675842425
69 129 0.951976929968999
69 131 0.4457041625817234
69 133 1.378460770167865
69 134 0.641501373551613
69 137 0.06463955447634542
69 138 0.1356007904130757
69 139 1.987854253928703
69 140 0.32663991148989874
69 145 0.23046809619990005
69 146 2.42124224835075
69 150 0.23695453420343246
69 151 1.0341212513355718
69 152 1.6074356929220686
69 157 0.3111203559319629
69 159 0.5615528215555335
69 161 1.047688242107444
70 71 0.4357376084204709
70 72 1.4706954454129555
70 73 0.12915145374316844
70 75 0.07166716764210135
70 76 0.6571992590192988
70 77 0.7239077394122985
70 80 0.07942811846093117
70 84 0.21442017706407301
70 86 0.19847161698115057
70 89 1.4048349105067164
70 93 1.137627129030798
70 99 1.9135806949410639
70 100 0.35577718855430907
70 102 0.16394411758946892
70 103 0.33323232630664434
70 104 1.8627508767208265
70 105 0.16277475262798294
70 107 3.3192103204319805
70 109 0.060022570662780446
70 112 1.1501530134720632
70 113 0.6884351193517352
70 115 0.20428583831602165
70 116 0.43557724847568363
70 117 5.002680057622273
70 118 0.2680829586284907
70 119 1.975519283356783
70 122 0.12359488788349293
70 124 0.390198861755951
70 125 0.008611724691444549
70 129 0.6904561105468514
70 130 1.017250195958034
70 131 0.014863530271878568
70 133 1.4055302424705087
70 136 0.2287803075164166
70 138 0.8251336942821847
70 139 0.29577562999518836
70 141 0.33203304279546236
70 142 1.3113655122929773
70 143 1.6236958544793265
70 146 2.8946544255924107
70 148 0.03911085274598958
70 149 0.1159017721088753
70 152 0.11411320325315727
70 153 0.06889397015929756
70 154 0.6112329755143988
70 158 1.897091488303697
70 159 1.7908196853232328
71 72 19.17455673853287
71 75 0.34619065194084403
71 80 0.015439976311692938
71 83 0.1897735970466341
71 84 2.243554816566788
71 88 6.297116605958702
71 89 1.612716883961598
71 95 0.5595864553981164
71 100 11.31728573109773
71 101 1.12655675400099
71 104 1.4138845352074954
71 106 3.516569799409848
71 108 0.6622892225210316
71 110 4.93747926323306
71 113 0.007305273527451948
71 115 0.22291092912786387
71 117 4.178348783981392
71 121 1.1874221158099092
71 127 0.2687302719602523
71 129 1.4852024658289507
71 131 2.3351443891389563
71 133 1.927382576085052
71 135 0.2423157555630133
71 136 6.6830586164954005
71 138 1.900869578652719
71 139 0.8438038302718541
71 143 1.878407631341914
71 145 1.309660039743131
71 146 4.282707863209054
71 150 2.6385507546924134
71 151 0.024022169675001082
71 152 8.156737461227234
71 155 1.7066505583885687
71 158 0.3621252817508347
71 160 5.789063386909442
71 161 0.4546708382627296
72 73 2.660184609619722
72 74 78671048.34559445
72 77 3.8606542178242207
72 79 17428638.583259515
72 80 2.1866985401733627
72 81 0.38968939430789545
72 85 126.88913112508548
72 87 0.06162712974193149
72 91 2.2059694833368737
72 92 0.48979490881298565
72 97 0.6208738394160236
72 98 3.4072797166982642
72 101 1.795410494761319
72 102 0.35375455026590136
72 103 1.6054853141013046
72 106 2.1012022772429235
72 108 0.37932375600299756
72 111 0.1442419135407359
72 112 0.5176223856626477
72 113 4.066166557705587
72 114 6714390.703098148
72 115 0.9803093726631813
72 118 0.5478272055558663
72 126 3.6653216362087693
72 130 32.48328675265909
72 131 1.5274683220370784
72 133 6900168.93236089
72 136 42.57700430268355
72 137 1636558.5758455736
72 138 0.9703162911856165
72 140 0.22095542448844357
72 142 0.34769506805812295
72 145 3.183903200707494
72 147 4.24986118749393
72 149 2.103155254970963
72 152 2364818.3925943864
72 159 6.122478912907876
72 161 743325.3248875862
73 74 3.0108359034258463
73 75 0.026387424099858208
73 79 5.6274915526189195
73 81 1.3110745781303923
73 83 0.2245050198891164
73 87 0.9505595479982925
73 88 1.6394989528321517
73 89 1.2210217929176117
73 94 2.2983827472879867
73 98 0.5295771636721699
73 101 2.9533030367757154
73 102 0.47873676405312826
73 103 1.548954267061599
73 105 1.0348661963696322
73 106 0.5618352160543947
73 108 0.8600967369744296
73 109 2.0524132822985717
73 113 0.1303222715749624
73 114 8.05242329938166
73 115 0.4130349080359789
73 118 0.6811776419194907
73 119 3.2906237154083233
73 133 1.9859189510162916
73 134 0.2205560084769455
73 136 2.307296061888471
73 138 1.4545537235101638
73 143 1.3194338782780317
73 145 0.833542110066772
73 146 3.6893194581214823
73 154 5.23783893128127
73 155 3.122460630766882
73 156 0.17698446275918558
74 75 1.538515805405135
74 76 7.739114389254915
74 78 4.079357745969225
74 82 2.086442866332611
74 83 2.605003562485248
74 84 0.22193317625539363
74 89 0.8428758214056726
74 93 1.573579080646001
74 98 1.5612916773918506
74 100 1.3775451392201863
74 101 7.113290776235586
74 102 1.1889976098689863
74 103 0.11652865764977084
74 104 0.06064850949906193
74 106 0.9124272182174009
74 108 2.3090730520634764
74 110 0.4716143504308942
74 112 0.27747153390310975
74 113 0.05256184615040978
74 114 6527994.825348534
74 115 1.4860759923853528
74 117 33.09711818869513
74 118 0.09196506374061843
74 120 1.3123599020530614
74 121 5.070172568015344
74 125 6.656753515204012
74 126 41.69838644286077
74 129 2.3839336242931126
74 131 1.6195597980866343
74 132 2.2055072119892514
74 133 926394.6291196474
74 134 0.7695229873659434
74 135 0.34992657060694615
74 137 7716092.929323392
74 138 1.2088676211361642
74 139 9.764862206879268
74 141 0.2947277454876251
74 142 2.500138965318668
74 143 0.9879955435702908
74 147 5.268753283574694
74 149 0.41713907805307215
74 152 4482959.317730451
74 154 8502557.217801427
74 158 0.8768599849410379
74 160 9.107519486491197
75 79 0.740385355550261
75 83 0.8497867487648743
75 85 0.8930281525372616
75 91 0.6259104658101785
75 92 0.14381932453777652
75 95 0.6902049286198594
75 97 0.7226550447952018
75 101 0.9613631295068209
75 102 0.8386009695926655
75 103 3.9869820607329136
75 108 1.4783575159140518
75 109 0.1421700741099492
75 112 0.10698478974141665
75 113 0.15620888860774312
75 117 1.7194917037660624
75 118 1.6147772179079538
75 122 0.31849834627929346
75 125 3.9276283576662756
75 127 0.5985811825306068
75 129 1.0007624661799048
75 131 0.247886620783747
75 133 0.7147837431992284
75 134 0.655148541072819
75 137 1.3772308496141077
75 139 1.0283992043688008
75 141 0.5637060834040792
75 145 0.1578306605402736
75 146 0.2439186852743752
75 147 1.7085137055040427
75 151 2.6110109700184694
75 154 0.15427824988339905
75 155 1.8103636837770158
75 157 0.08809505288858459
75 161 2.487460924851296
76 88 3.2427399038062803
76 89 0.8842607247507518
76 106 1.8643214116325428
76 107 9.91798843272166
76 109 3.5566488542507253
76 112 1.2169306250166128
76 121 2.39997397786808
76 143 0.6933763810959769
76 147 1.8177112436880594
77 78 0.1002818494399737
77 79 0.11097057747432534
77 87 1.48540605524319
77 91 1.92511748256358
77 94 0.07643894366400843
77 97 0.7864588544926138
77 98 3.6388979158127075
77 100 1.185267460445136
77 105 0.9293657517581496
77 108 0.059492057209302375
77 109 0.030057429660149692
77 110 0.640151365206063
77 111 0.6896153283718985
77 112 3.23665174096377
77 113 1.1264065652412873
77 115 0.9440664630690473
77 130 1.5925121310098205
77 132 0.0541362145634191
77 137 1.8211871403291664
77 138 0.07793746522073382
77 139 5.608329488930413
77 140 1.227683787124697
77 143 0.22661404785468958
77 146 1.6640280546206512
77 152 3.2306942791337
77 153 0.48599501022324776
78 88 0.6710327200411368
78 107 2.69355799207338
78 111 1.827077550810423
78 117 3.344420118599887
78 133 0.3242277022077117
78 153 0.0522339943523809
79 83 0.22511689525017572
79 84 0.6036569054487664
79 86 0.828519479747947
79 88 1.6334211174037512
79 89 8.885252719313613
79 92 0.8044772037790611
79 94 0.30109398804248105
79 98 1.7699057227896298
79 101 4.3469368867807985
79 102 0.0076188442108558446
79 104 1.6099616096984233
79 110 1.1702371425523355
79 111 1.38477615930787
79 115 0.20670451182649718
79 117 2.1251641944616253
79 118 0.04259578234148807
79 124 4.316479445059136
79 125 4.153993502108593
79 128 13.009063246241896
79 129 1.4856899243319148
79 133 14472929.297901502
79 134 0.5922390950943653
79 135 1.7159881231349499
79 138 0.6461791026546336
79 142 0.7173973881193554
79 146 0.027217312197414124
79 149 2.3518014220383257
79 150 1.9730582602033697
79 154 205991109.21323797
79 155 0.7069431914513761
79 157 2.152324232824728
79 158 5.659484744524764
80 87 0.1401438021732811
80 93 1.8848656636953889
80 94 0.5701757427577779
80 96 0.346684719234501
80 103 0.5943420139072179
80 105 0.19798950535061435
80 107 0.7262152060783335
80 117 6.154260336945101
80 118 0.35676030301530154
80 121 0.3568551627111175
80 122 1.597713195042214
80 123 1.4959507072689453
80 126 0.05565153062718209
80 127 0.873169762013928
80 130 0.7701626343235751
80 137 3.1257324256911736
80 138 0.20401419280935204
80 139 0.16884803522170513
80 150 0.6286786221663802
80 152 0.3015180255659825
80 153 0.6414684273431792
80 155 0.4931277692607824
81 83 1.0690739445323245
81 85 1.1463995864151773
81 89 0.23993927225089692
81 94 0.10351565415374886
81 98 0.6244544712861446
81 116 0.4932069355064198
81 122 0.8025786474417748
81 142 1.1951432555431565
81 147 0.27042304446246646
81 157 1.7052916014764534
82 84 2.339676374477835
82 86 0.09698943963325074
82 105 5.105123475362732
82 108 1.4947673425606984
82 111 0.8784364284455362
82 112 0.2668548548517618
82 113 2.0150447524545436
82 124 1.5855290650235272
82 128 1.1745544359051594
82 137 2.0191235744832317
82 138 0.792416056533829
82 143 0.7715409029227146
82 147 6.353974813149786
82 149 0.19271953985009316
82 150 0.6221511260186142
82 153 1.895607632949914
82 155 0.9027089666356257
82 156 0.41680343387868746
82 160 2.042338958366139
83 84 0.3015165723457286
83 91 0.22184507506272733
83 92 0.968511135237815
83 97 0.09308615378653361
83 105 0.8435985945461622
83 106 0.7875271897532857
83 113 0.07706941832154084
83 115 0.36358109091699786
83 121 0.09701729937781155
83 139 0.4431403525279748
83 154 0.6782144906552201
84 93 0.965326967017664
84 95 3.7449495878371724
84 97 0.2026704742512917
84 100 1.0656290623456708
84 102 0.23284119256030733
84 110 0.030731663204281737
84 111 0.724262131431596
84 115 0.06930389613097065
84 128 2.5274547573497674
84 129 0.3038347952268029
84 131 1.6456355543994698
84 136 0.25988907118772364
84 137 0.6214940415839121
84 138 0.6614073335197138
84 139 2.006215574850927
84 147 1.2119377416490407
84 152 0.10852700007991622
84 158 5.832056846512758
84 160 0.4468710812566503
84 161 0.14520198054839062
85 89 2.0071014398599596
85 94 12.267552442222268
85 97 1.5936728836974454
85 102 0.750864226591441
85 103 2.8317142794433185
85 106 1.3470046183159243
85 108 1.8957956283604198
85 129 0.6684345340475811
85 131 0.5285924015178391
85 132 0.9724283234784125
85 136 11.448751829596713
85 149 0.23812902892379606
85 152 19.66809508595281
86 89 0.6704800005866848
86 94 0.8199367143466854
86 100 0.6609726290386241
86 115 1.7189922335808654
86 118 0.16558306804033376
86 123 0.6447362788355855
86 125 0.9538619078574863
86 127 0.8989062344148865
86 129 1.3381585623736658
86 130 1.4040067272942391
86 131 1.6715011773779522
86 142 0.7501891471277562
86 147 0.05230110040959635
86 148 0.9272566648115346
86 154 2.1216797833173775
87 88 3.969246800265919
87 89 0.33904289674189186
87 98 2.3963302302966705
87 100 3.5756023892962796
87 104 1.1419566351174957
87 107 3.7060808922202844
87 117 1.1366113105185762
87 125 0.16718828692169221
87 132 0.43083847944649006
87 133 0.5557055924795566
87 135 2.2928345061483877
87 137 2.5948213769831163
87 138 2.921127242571647
87 142 0.8764722732684175
87 145 0.15640321498071091
87 148 4.242079162000251
87 150 0.13680730300224297
87 152 2.823125440239229
87 154 0.6966477207794444
87 156 0.7387510570368697
87 161 2.308476217216542
88 89 0.943006739316739
88 101 3.296456743261266
88 108 1.8636136961144605
88 112 0.021854835743978483
88 114 23.569499551694456
88 115 0.5218909167138279
88 117 3.057966616493961
88 118 0.4199430232687704
88 133 5.71887463968216
88 135 0.5763202639428814
88 138 1.1189047268766652
88 141 1.2987848967280555
88 152 6.239843212550358
88 154 3.0296822065931486
88 161 6.230615785375862
89 93 0.3752003880967624
89 94 0.17291968860943693
89 95 0.9413753465620748
89 96 0.916797724228835
89 98 1.2839618438459623
89 99 0.44160911725726365
89 101 0.08071372893383226
89 102 0.3791084129671574
89 103 0.6567641236846171
89 105 0.31849270886833136
89 106 1.0168079062033946
89 107 1.0471193377686165
89 108 0.28944493216717393
89 116 0.6606084059741945
89 118 0.44723998037501334
89 121 0.7443531631189474
89 130 1.3248779742359764
89 131 1.0539520539539453
89 133 4.596603407141024
89 135 1.949652002140341
89 137 0.0454055537343114
89 141 0.050876766621659325
89 142 0.07459749197739463
89 148 1.7451171410654667
89 150 0.06751576861175997
89 151 0.6679323641697754
89 152 2.3423778891617326
89 153 0.2932244336905403
89 154 2.058014022393272
90 103 4.070239539732813
90 113 1.0484377727198062
90 131 0.1130076119121301
90 133 1.1954029805866697
90 135 0.39937534317125617
90 146 0.8745549597923674
90 148 5.989837647110187
90 154 1.0066567569182827
91 94 3.1816449916093545
91 101 3.244163910117458
91 102 0.8095097406986905
91 105 3.7079083611340327
91 110 1.2431500428777411
91 114 3.382559815756982
91 118 0.051939111172522846
91 122 0.3634273856293115
91 123 0.4525828182560335
91 129 1.1934837067684108
91 134 0.358663241853924
91 144 0.42347600275779174
91 145 1.4831760422669371
92 95 0.9194248098830986
92 101 0.3800577450571746
92 111 0.2644240560853129
92 112 0.800137183269878
92 118 0.37433480460178425
92 122 1.0787274696276445
92 133 0.9924007549880253
92 148 3.4448179207191028
92 151 0.6977484710514096
92 153 1.2377812622090092
92 154 3.7955148749234393
92 158 0.26076278556206295
93 96 0.6520136760464752
93 99 0.9646981101472035
93 101 1.2708423602407988
93 102 0.3213366834046693
93 106 0.9311210009316225
93 107 0.6820230577404397
93 108 1.5343486672103366
93 109 0.20441916910165694
93 113 0.7159383396747088
93 114 0.38728710405639616
93 120 0.32901676755719456
93 124 0.05933427589354419
93 127 1.4721813153659118
93 129 2.013906886434969
93 130 0.06527981405177463
93 132 0.17900197587148525
93 134 0.6326460303714923
93 135 0.1891225872867218
93 137 0.5997639211987408
93 146 0.7883629853507134
93 151 2.2212676435181726
93 152 1.038493291961351
93 153 0.5984180576373025
93 160 0.17775898284173483
94 95 0.10252377230654226
94 97 0.05390786361158906
94 105 3.6360895669436015
94 106 0.006772822901545868
94 108 3.6654177135035644
94 111 0.3265236867499641
94 113 1.3837617358435246
94 114 2.611002906047256
94 116 0.6022380661600439
94 117 6.468002742404652
94 118 0.33697058374334554
94 119 0.8051021952037895
94 128 10.205695873325789
94 131 2.424598478799654
94 137 8.50250746752395
94 142 0.2911767551505214
94 146 0.2528963051698259
94 148 2.949115479519864
94 151 1.123832225348635
94 152 0.5185698864300924
94 153 0.8383998364480777
94 154 0.34259461150308035
94 155 3.560773472839804
94 156 1.3737943548491354
94 157 2.1055979987198894
94 160 1.8294763669268452
95 98 6.924107423811736
95 105 2.504995836910595
95 106 0.5816405217874338
95 109 0.6175539249366734
95 110 3.1728513984581346
95 111 0.9006785777123695
95 113 0.23543547379794905
95 114 18.275135277995997
95 115 3.6146860662932534
95 117 0.15751740468521558
95 119 9.96606495808787
95 131 8.181466065611401
95 133 21.401947143295637
95 143 0.056352976884599386
95 151 3.079188943567703
95 155 0.6651100849962372
95 157 0.8714917907176478
95 159 0.14467574067528427
96 98 0.2341830258432902
96 99 0.19986786428933753
96 100 0.7430167768752558
96 102 0.6341136022490584
96 106 0.11061992268263793
96 117 1.6124946517270644
96 118 0.46739835099959165
96 134 1.734241854768352
96 135 0.08194119623149554
96 139 0.22231757564734408
96 145 0.15792671967073021
96 149 0.402485078281281
96 151 0.26360463456887273
96 154 0.34872901416376656
96 158 1.5611551139997195
96 160 0.7797955028533086
96 161 1.8077731826815244
97 100 1.1988019976704056
97 102 0.16265947678064335
97 105 1.3585320970762365
97 106 0.20282037543261192
97 107 0.6066336137707481
97 112 1.3639091438000956
97 113 0.2994119999090335
97 114 4.368162569008117
97 116 0.05251328608628485
97 125 0.24920077773223387
97 137 0.9034526568228775
97 142 0.2237472974714583
97 145 0.8219626147848589
97 147 1.0168346016374754
97 149 0.45488205889512184
97 150 0.2127006431779508
97 155 0.9368453502256436
97 156 0.011125901101161058
97 161 2.1889272773161634
98 100 1.4940912587015192
98 102 0.2955385694501467
98 103 0.3746216680655116
98 105 0.733206259887764
98 107 1.4126940485438568
98 112 0.013307808406894774
98 126 0.07501699408687654
98 137 3.2609058756061327
98 147 0.672346608959711
98 150 0.38560559087365415
98 152 1.7493527424200503
98 155 0.04761932355582748
98 159 0.0636127155744928
98 161 0.2210348562208469
99 101 2.344410133717726
99 102 3.2917389653746376
99 109 3.7167761200578364
99 115 0.15086646269175666
99 117 3.840660613571173
99 118 0.5297454621181825
99 125 2.1162560493153713
99 128 7.993759588583695
99 130 4.452023367845142
99 131 2.7151745241172267
99 133 0.5496439796140019
99 134 0.18167062222242228
99 136 4.407178489679209
99 142 0.38442900899507276
99 145 1.1681848570162274
99 147 2.1454901844913588
99 151 0.5268769131291313
99 154 3.1101803334278624
100 102 0.7457784256021276
100 105 0.6677785911121435
100 112 0.47121347624399723
100 113 2.955709424928854
100 114 2.123954000432744
100 117 1.0807277065113563
100 127 2.5266178750524833
100 131 0.3505481951485657
100 136 2.7755914946898894
100 137 0.15999640084080935
100 138 0.8383351144499305
100 142 0.0006782309652816945
100 147 0.4003746048536372
100 150 0.872829451400202
100 151 6.1238049308140985
100 152 1.7981199571580027
100 153 6.604421514999144
100 158 4.217728166393163
100 159 6.168449100041584
101 102 0.8484541746487317
101 105 1.701560282287559
101 106 0.8083812572404429
101 108 2.5741219231148547
101 109 4.960277031724745
101 113 0.8119343830149172
101 114 9.189519668370073
101 120 1.6027429882813133
101 126 9.733428361086505
101 128 3.139807831912994
101 129 0.5028943343483763
101 130 3.354105303172753
101 131 0.4791819968932942
101 135 0.9626960434658234
101 137 3.8112162893086707
101 139 0.3920784423346864
101 140 0.15001716240038396
101 141 2.0157594143267596
101 143 2.2401524783376257
101 149 0.25165462267660815
101 150 0.29461313972352193
101 151 2.1369450612031944
101 152 0.13696878072222884
101 153 0.11292203231717694
101 154 4.366629358294558
101 157 0.16301351175843234
102 105 0.802485418499338
102 108 1.7364690706844819
102 113 2.376457493079773
102 114 1.954707346107817
102 115 0.10785820442601342
102 117 3.186669835441272
102 118 0.9454726153082824
102 119 0.21271905724724322
102 121 2.0835745674856074
102 122 0.2542888562367806
102 127 0.6012392979587223
102 129 0.7734721502733491
102 130 3.1141297808787263
102 131 0.2536100398654139
102 133 0.30724073680837494
102 136 0.53748937873127
102 138 0.38911251165894956
102 139 0.6032913715314304
102 145 0.606726375628184
102 146 1.8223136895887262
102 154 2.4408288484079437
102 155 1.2302907600487218
102 156 1.0276619018121678
102 158 0.7305485801451126
103 108 2.3511428758420596
103 109 4.447773525722135
103 114 1.3139827861888949
103 122 3.7686622183334673
103 125 5.795314824300697
103 130 0.5294890235859115
103 136 3.241961973652261
103 137 1.9465033632248732
103 138 0.16157579739878225
103 146 1.2763317192728254
103 151 0.8464629093276628
103 155 3.537634333862161
103 157 1.742044643538799
103 158 8.111767529478147
103 159 0.3043338984302141
103 161 2.6748286290218144
104 105 0.07421896348470768
104 106 0.9987870856548924
104 118 0.48053731163485863
104 128 3.9004034899699307
104 133 5.312568483008853
104 136 23.932201432973343
104 140 2.13960095496607
104 142 0.9538230242351341
104 147 1.549368895728081
104 154 3.6637839136815673
105 107 0.3817545586739169
105 112 0.10844051709761308
105 116 0.03078155122084992
105 117 0.9672792677821674
105 118 0.01067634560032548
105 120 0.7546802169804409
105 122 1.311950993146767
105 125 4.447132317299495
105 126 1.5740870953229307
105 130 2.5353918159086244
105 136 2.4635608924326577
105 139 4.332558939093692
105 145 0.8088381499557995
105 151 3.5567089967483474
105 161 2.8662129270363406
106 107 0.19625047821303765
106 109 1.5808727492378014
106 110 0.6162100326826713
106 112 0.19589562931601529
106 113 0.17478063956440348
106 114 1.7694872225857405
106 115 0.14191258421089922
106 117 0.9661438180375848
106 125 1.411022680774126
106 129 2.265855154606998
106 130 0.8447206584691956
106 131 2.455692148650201
106 133 0.3070174933289795
106 138 0.002198588554543462
106 139 2.4581570093612104
106 142 0.1653906792921458
106 143 0.399366117536728
106 145 0.19550147872483012
106 146 0.47585602543949024
106 147 2.8741802304785646
106 149 2.0321768403215272
106 150 1.047249277489367
106 151 0.15075022531138182
106 152 1.1383219837728877
106 153 0.3670036464865384
106 156 0.6638428205398794
106 157 0.4042618681742261
106 158 0.47039143876656636
106 160 0.531050997561238
106 161 0.030705155045894685
107 112 0.8683562468092865
107 114 12.68436200146066
107 121 0.025967251102587394
107 129 1.798093958899879
107 130 2.545997440182358
107 131 3.1910054469095717
107 136 9.362739129474843
107 138 3.609949793106401
107 142 1.1172187134614489
107 146 2.3489737711101393
107 150 2.4517577096475516
107 151 2.348861137754502
107 152 37.22789984193122
107 154 18.90314606005965
107 158 8.839261240361687
108 113 0.6744192826357842
108 114 8.933943463860905
108 117 1.5851540464307325
108 118 0.12724210760963583
108 125 12.503796447014004
108 126 0.2804483266797576
108 128 3.2905463543960582
108 129 5.864286563120799
108 137 2.3059464240141523
108 138 0.5820100151813936
108 141 2.6839163766883694
108 142 0.22007005718744224
108 152 8.934019654651333
108 153 4.5320428090636495
108 161 3.60599991741928
109 112 1.0642598251621913
109 114 6.647682368253176
109 115 1.7364389939678897
109 116 0.3698588795923622
109 117 6.888658246577423
109 120 0.6138003918621191
109 121 1.5040688616300972
109 126 19.390014538576516
109 127 0.317901555927107
109 128 1.2204108519606176
109 131 0.13291259564719182
109 132 0.9245616499675596
109 134 1.8357441731423076
109 137 5.995011033185231
109 138 0.7737562233094603
109 143 8.561088598693717e-05
109 145 1.564223034202834
109 149 0.7742652814952592
109 150 0.8178637955320461
109 151 11.147396418696376
109 152 26.586023330836493
109 154 1.7683045719647446
109 157 2.7765213594922384
109 158 4.031509693813756
109 161 3.351539480814375
110 114 1.3023359105541599
110 118 0.5947810341179474
110 125 1.4293290204750893
110 135 0.15824809622028013
110 141 1.08278119129625
110 147 0.5399138906988962
110 152 3.8203508217811626
110 154 3.592004966295606
110 158 0.8281933637691377
110 160 0.3793525618787724
111 113 1.1911272113355462
111 115 0.3361331496290599
111 118 1.8475961101037064
111 119 0.2807220489879139
111 135 0.4491667611772227
111 146 0.4225462704298483
111 147 0.4260263416068537
111 152 1.938356176672358
111 153 1.3620417366403812
111 157 0.5243719920216564
111 158 1.5138213118927815
112 118 0.9700571109160567
112 125 3.347010953424466
112 131 3.6497863683140612
112 135 1.1314260544156343
112 138 0.26564685627743473
112 139 1.5149212058800714
112 145 1.4297945939591175
112 149 0.4623136612284314
112 151 0.8564820827272132
112 152 0.8327983139185947
112 153 0.9944498685951011
112 158 1.1569153944047126
112 159 2.0116167352468866
112 161 0.6872659001228328
113 114 2.08030720937467
113 115 1.5722825726898113
113 117 1.01777300084759
113 118 0.35904255368604165
113 120 0.0940663692230723
113 122 1.8567353289554085
113 125 0.6731795815701149
113 128 0.6602905382956206
113 129 0.5346674238663006
113 131 0.9845548554642662
113 133 0.6920096337813468
113 134 0.9627436687485591
113 137 1.300458915632093
113 140 0.5862008851876463
113 151 5.591969857635333
113 153 0.19941901531419542
113 154 1.3332867894530442
113 156 3.13242751226637
113 158 0.22236395977820994
113 160 1.6583163844040483
114 117 6.980827347707692
114 118 0.7314494965155706
114 125 7.1260185265796805
114 126 0.25435842313436385
114 130 20.61352546826502
114 131 0.9284805271409379
114 134 0.0539331177925893
114 135 1.4193852175375354
114 136 34.198870841401316
114 139 1.53389873905839
114 141 2.051032037063759
114 147 3.3572139548441666
114 153 4.63326213833466
114 154 3748085.5027044346
114 156 3.6518092324092035
114 157 4.537756498895032
114 159 0.6376763932431911
115 117 0.38759156207553164
115 118 0.03368649913278369
115 120 0.10688632295531425
115 121 1.021081245943196
115 122 1.1603490397203478
115 126 1.0405189991334758
115 128 0.7825262604521656
115 129 0.11089751715750809
115 131 0.28616432996621427
115 135 2.063186081483695
115 137 5.579940441757818
115 138 1.2723204278337652
115 139 1.1611183947191508
115 140 0.0983533276697525
115 141 0.6935058236494513
115 142 0.13088899302236298
115 146 1.711355738071442
115 147 0.47130946181563177
115 149 0.31617058090240563
115 151 0.4079114111678441
115 152 0.7612864029561092
115 157 1.2331429163585328
115 160 2.4922283279277884
115 161 0.409443119954826
116 117 0.6665681652039196
116 125 1.2034821967260836
116 126 1.2217888165413966
116 135 0.8882143781641958
116 137 0.500021460454544
116 139 2.1877859916584925
116 141 0.5574293229132912
116 143 1.1264922225019125
116 145 0.7936366710432252
116 152 0.3053689840021175
116 153 0.35577403223312143
117 118 3.8998453064977547
117 119 0.1785468517736633
117 121 0.3213886280261917
117 125 6.811359656217361
117 126 3.194326618959095
117 129 0.17864732127100683
117 130 6.676073348683841
117 134 0.3903231637724718
117 135 3.2698712098039104
117 137 16.754840789262047
117 138 0.13427605780828974
117 139 5.342241145159548
117 141 0.16673361201461184
117 145 0.6343722763532849
117 153 1.9002877260252653
117 157 1.3157612588769916
117 159 0.5673773571957899
117 160 1.5889777027681131
118 120 0.023158115008936105
118 122 0.7542185290416379
118 123 0.30729375176932966
118 126 4.882151561994094
118 127 0.14405744163108924
118 133 1.2189849318310637
118 134 0.2674399705947829
118 137 4.297532024139811
118 140 0.4760352566593226
118 149 0.2000867933161615
118 151 1.1957356809222193
118 153 2.4056908235796133
118 158 0.7571508886898952
118 159 0.5024636492431861
118 160 2.079426965754366
119 125 3.3854581939355395
119 127 0.511141465339563
119 139 0.5468467902021262
119 147 1.8275550409331125
119 150 0.42524365673337994
119 151 1.88646252290012
119 157 0.8028449990894999
119 159 0.13131826198699667
120 131 0.645161973870232
120 142 0.21448912472796197
120 149 0.2718860955292743
120 152 0.24959599672643124
120 157 0.5060213331716816
121 135 0.267073596421159
121 137 1.441941304267401
121 139 0.19799675056462385
121 141 1.1592188169028557
121 150 0.17691297858532393
121 156 0.627996768118695
121 157 0.3591701369073529
122 133 6.143090947890228
122 139 1.3055251089116824
122 147 1.3156208673739387
122 154 0.5792826256422284
122 157 0.29187811500488964
122 161 0.8736760058645635
123 131 0.1756206789676704
123 151 0.42745486794569687
123 157 0.10204838360291128
124 129 1.6327079176958212
124 131 1.097363722729947
124 137 7.7309642764978745
124 151 3.8733819839547268
125 128 7.24823186047841
125 131 0.10983762717278737
125 133 3.2015135773882197
125 134 0.19653482338269976
125 137 9.530987206233766
125 138 0.27687531675436555
125 142 0.8097627178618158
125 144 0.206953538534085
125 151 9.096449435469196
125 152 8.54552973246914
125 153 4.356917550463582
125 154 23.07489324737399
125 156 2.488338619050978
126 133 23.389905812749628
126 136 5.881841888292287
126 138 0.25842995325126017
126 143 1.404347571299522
126 146 4.348508925573674
126 147 0.2629266301658907
126 150 1.6585011986814033
126 151 9.145537557692386
126 154 30.371909793963262
126 159 0.4297013336307196
127 128 2.353655167782807
127 139 1.3451088186404756
127 143 0.6517731261611726
127 149 0.03531579061755025
127 158 3.799758010037127
127 161 2.3151615495744893
128 134 1.0394018378266114
128 139 0.9489534909319792
128 147 0.38999011755455504
128 148 29.443305496280225
128 160 1.2607076522741203
129 133 0.47537346344583103
129 136 1.3272289358199472
129 138 0.18199475271981536
129 142 0.21956741491785772
129 145 1.5670052613898333
129 146 0.05976610309167174
129 147 1.3588336384075934
129 148 1.6559896428828005
129 149 1.087563841849082
129 151 1.5808860472086872
129 154 0.16831370554474118
129 158 1.9169160252716893
129 159 1.4885213017121368
129 160 1.9026861491990985
129 161 8.263596222736908
130 135 0.9946938892480053
130 137 5.304539117466477
130 139 9.56975616071785
130 141 0.14043849933807914
130 142 0.4243742801805339
131 132 0.5908210776791568
131 138 0.44018043601319823
131 141 1.295886470853865
131 142 0.4882767929756006
131 145 0.057322213386020296
131 154 3.7747259676649363
131 155 0.009642154807089817
131 156 1.754617245432942
131 157 0.16587288509121
131 158 4.985562797007445
132 145 3.757831117994163
132 150 1.7940639333304824
132 154 1.5819599164915685
132 157 0.5042673534721328
132 158 2.5795500140418812
132 160 0.4007300695809935
133 135 5.150847267854904
133 137 3199084.9842989976
133 139 10.641986735619573
133 140 1.180851363559572
133 142 0.4211788678992024
133 146 1.8804924536894216
133 149 0.1354317897728432
133 150 2.1633613421004925
133 152 1484157.0634633936
133 155 1.0284276708157338
133 157 1.085106973026936
133 158 1.696238129169307
133 159 1.1988725512174574
133 161 2057215.0969706273
134 137 0.5713363714364674
134 138 0.23095747350180734
134 140 0.06875619285805219
134 146 1.4883917016743748
134 151 0.1412852770574567
134 155 0.1275169528791703
134 156 0.1411430866610818
134 159 1.583508667150445
135 137 0.8642475842149901
135 138 1.483779994628209
135 144 0.6744692487090572
135 147 1.0319528676203946
135 149 1.257412546221913
135 150 1.528324725487468
135 152 0.8826650966687041
135 157 0.875346542546086
135 161 0.7530489686400181
136 152 1.7213765276037016
136 159 0.7599067983517234
136 161 26.781075435318268
137 138 0.3129618203707643
137 141 0.8936193788925443
137 145 2.2717501119869827
137 154 2812789.5616954304
137 155 0.4086878251951352
137 160 2.3379342756267145
138 139 0.5145033490441618
138 144 0.8614576327920876
138 147 2.161350797410992
138 148 3.3442309523237395
138 149 1.1261615736648212
138 152 13.095913248106351
138 155 3.1607283119519507
138 159 0.019495992843984396
138 160 1.2012931018869233
138 161 0.7962091115993967
139 143 1.1156834175739483
139 145 0.9978735606412577
139 150 0.10548989596988005
139 151 5.048790347820032
139 153 1.4469201076134541
139 154 9.676875017887612
139 155 0.8655883587046874
139 157 1.8669287674054433
140 142 0.09334170667988431
140 146 0.1069430179045147
140 154 0.16563933184934304
140 157 0.7966198501884209
141 150 0.15556515317689046
141 151 0.525809832560836
141 152 3.1711889536382607
141 153 3.203679880753076
141 158 1.011598356524265
142 145 0.11372139219241773
142 154 1.6374905322652347
142 155 0.20949280513289956
142 157 0.9430542430132645
142 161 1.333025463563798
143 146 1.5062781570009638
143 147 1.3084699455070163
143 150 0.8169692357565925
143 154 1.8739636316115384
143 157 0.6253350100807163
143 160 0.302957534357629
145 147 1.0052051046235557
145 154 0.6285045618650877
145 155 0.20129596183875764
145 159 1.081874900184331
146 148 2.434367001219782
146 151 0.6601100183636488
146 152 3.516968742856028
146 154 1.0524978998116115
146 157 0.6001536823734757
146 159 4.935698295418579
147 150 0.9514985342286927
147 152 3.788865880314515
147 153 7.983426300950046
147 155 3.97912973246224
147 158 1.1920874621965292
147 159 2.312035766591564
147 161 0.3136050893483502
149 153 0.31826889508771244
149 154 0.9264212832829767
149 159 0.6821766821445239
149 161 2.569131508190582
151 152 9.631548697264602
151 153 0.11686104054333962
151 154 7.773413783241807
151 160 0.2881475478840318
152 154 1118244.5664635424
152 158 64.38455982413934
152 160 15.491094190542272
153 159 1.762101263329081
153 161 1.1883175141656677
154 157 0.6070016745558628
154 161 4646801.757252417
155 156 0.8363179562298568
156 159 0.8320157511087012
157 161 0.45457637481473656
159 161 3.0297230854038304
