0 1 0.6984934418147496
0 3 1.416864318575287
0 10 3.2068124655660557
0 14 3.2040982977318206
0 18 0.61423467843782
0 31 6.433035518734372
0 32 0.31155894397565637
0 33 1.196749203222985
0 38 1.1672163937182016
0 43 1.1638816962197367
0 45 0.8670614037235154
0 46 3.155029083500346
0 50 0.4242880849825083
0 51 0.9707806309238778
0 54 3.984079747833399
0 55 0.016609911001477854
0 58 1.4317709002052164
0 64 2.505208121271287
0 65 6.299644003729052
0 66 3.79327567252944
0 74 1.7922212736325898
0 79 3.0690875835650115
0 83 0.10740017612909267
0 84 0.5576829395644023
0 88 0.3590476375505921
0 92 0.7037036914192061
0 93 0.12081721498065368
0 94 1.4133824304053129
0 96 0.6655790964318486
0 99 1.3653601027588491
0 101 5.7126283851887125
0 103 2.338162685557687
0 106 1.6892715389572128
0 113 0.3141536138930773
0 120 0.954673466244671
0 127 0.717702865955715
0 128 0.9407602137787333
0 129 1.1590638652951126
0 131 2.438897907082559
0 133 0.23863745665095717
0 139 1.7674809238707088
0 151 4.71205329536562
1 6 0.7726869917993348
1 9 1.2801151943918898
1 11 0.03377328628421288
1 15 2.8236348952345165
1 19 0.3576183151678749
1 36 0.08145905115363082
1 38 0.021047417708351442
1 39 0.3642915316348747
1 43 0.9360613597759849
1 44 3.0241799805578693
1 45 1.2080419386494974
1 46 0.2578933656811332
1 49 0.5860672836459312
1 52 0.020774806130708916
1 56 0.9842356330925096
1 59 1.022699370758422
1 62 0.8729824202558887
1 63 0.3799249777785488
1 67 0.8576841132512301
1 70 3.613682510340239
1 76 0.9358138745968178
1 77 0.5964497268430229
1 80 2.168862878757079
1 84 0.8904208563126107
1 88 0.9695825028397264
1 91 1.0345339750360332
1 93 2.9373409217216646
1 94 2.6871996905304374
1 99 2.1143400545088933
1 104 2.189821658751084
1 105 1.3461829054947152
1 109 0.1829520590830259
1 112 0.4919006867151693
1 115 2.083499643842906
1 121 0.5973544675840946
1 129 0.47705136623541095
1 137 0.23180218664267976
1 149 1.0925322008750111
1 151 1.3919161592813443
1 152 0.568575712388014
1 153 2.6981588190435692
1 157 2.263223988039111
2 12 0.3260704444532449
2 36 0.7997396528731965
2 38 0.7367777882929891
2 45 0.014213427322880313
2 49 1.2294149559620666
2 50 0.6056538347484122
2 51 1.066907360456175
2 62 0.05105616597176882
2 65 1.523525300681406
2 70 4.6781781089561525
2 74 1.3766845775639986
2 75 2.0994286412997853
2 86 0.3148394706879449
2 91 0.9631389934156734
2 94 1.7137840910945508
2 102 0.07640264590930865
2 106 1.0108131261052025
2 111 1.5220665232913215
2 113 0.08734020519663299
2 117 5.707392926039203
2 131 0.31464536185119346
2 137 2.0620312641693332
2 147 0.45787708967809176
2 149 0.7465633040023019
2 150 0.060068285352615054
2 159 0.23953024342418985
3 9 0.053815059199075
3 30 0.3859554427259356
3 37 1.8539994014766001
3 39 2.6282354121437606
3 40 0.0700133991198388
3 43 0.3202277986135758
3 44 0.32423129062867584
3 49 2.3532089326048844
3 50 2.588827593119646
3 51 1.3940334076443763
3 52 0.9665657033140157
3 54 0.16571353411053694
3 56 0.5747860987051061
3 58 0.8258246905631855
3 59 0.47353822865685585
3 61 0.6630531856601611
3 62 2.4556932304263928
3 65 0.7516682746904848
3 68 0.21247856338034246
3 69 0.7448635445020255
3 70 1.733800556158224
3 74 2.25596411994041
3 79 0.772236928611276
3 88 0.10737837733271646
3 93 0.19526018466982967
3 95 0.0516238491788442
3 107 0.8788283320658642
3 116 0.2527017473413128
3 119 0.28413321085924775
3 123 0.409418020351308
3 129 0.29689792891543565
3 132 0.7623878914135547
3 133 0.010997805490388412
3 135 0.7406462016798828
3 145 0.2959251188844103
3 149 0.9080690474140043
3 151 1.0013489830286133
3 158 0.8057990630567501
3 159 1.0734886231739724
3 161 0.25699006844880873
4 9 2.00135101565989
4 12 0.07842369648290165
4 19 1.3221737453272786
4 21 3.273947512661416
4 26 0.08907970263034343
4 35 0.36579221855484784
4 38 1.79610934660139
4 41 0.8417337139089964
4 42 1.0991223359763915
4 45 0.27164926020258506
4 49 0.4126304602674761
4 52 0.8794547009174675
4 57 0.697407161601951
4 63 0.3049616816491453
4 65 0.5890005451095991
4 67 0.9147111498908741
4 69 2.119358485971954
4 70 0.018592335309988117
4 71 0.4555475831332859
4 72 0.4886661100254025
4 73 1.9021322172860953
4 75 0.3297911200231879
4 76 1.9862308587373525
4 79 0.76960522831059
4 80 0.5322531955347093
4 85 0.5116818452377765
4 86 0.8675288732920171
4 88 0.06601119656499353
4 91 0.9734574249532993
4 93 0.4976366522987417
4 97 0.10899992706317937
4 98 2.2551669814522906
4 101 1.301312758730013
4 102 0.0506439920739177
4 105 1.467678541595804
4 107 0.2592561693895353
4 109 0.3573400541311955
4 111 1.355152107277281
4 112 0.4598603209401636
4 113 2.2098327137452856
4 115 0.2079930295355651
4 118 1.130812514398305
4 121 0.2125578532774457
4 129 1.8571329355797783
4 133 1.7972020911546764
4 136 0.5625977207905482
4 137 0.6407580527024295
4 138 1.6638797405298016
4 142 3.069056187061991
4 145 1.4830474213321085
4 147 0.8538589574211582
4 151 3.11280114428286
4 152 0.14205722180394453
4 153 1.7145038487237854
4 154 0.5190841201772972
4 155 1.611564946377144
4 157 0.5558907444520539
4 158 0.3094725768097105
4 159 0.6808584517074289
5 6 0.3153419682986457
5 10 0.9290686496828436
5 26 0.5406177391932667
5 29 0.27671163406851795
5 30 0.9863596433686269
5 56 0.022127973316142212
5 65 1.56989344923415
5 77 1.556746018480263
5 90 0.27848191858398363
5 101 1.1345309431714763
5 104 0.5175533307207998
5 114 0.43250716424551655
5 129 1.0654950766435645
5 130 0.30110848132317775
5 138 0.5439765989769614
5 149 0.9789493717172232
5 150 0.7963879001329414
5 151 0.04186517297430308
5 152 0.31354503695917857
5 154 1.121326690089407
5 157 0.019812756325683887
6 7 1.365458575865062
6 8 1.3556887841290262
6 9 0.3821983043496321
6 13 0.9872993063985196
6 16 0.5131154832232395
6 17 1.1138976474691826
6 18 1.4761187259208866
6 21 1.2004245052546971
6 22 0.1573178437557379
6 26 0.7645576763615668
6 27 0.06608306495684088
6 28 0.5562472226758363
6 29 1.4094804200972149
6 30 1.505017744775235
6 31 0.024938787921334565
6 33 1.2618031890361374
6 40 0.21643461782590664
6 42 0.21933656783163621
6 43 0.13143976812282854
6 44 0.8169921262307649
6 54 0.15053455084351314
6 55 1.5520123846446765
6 56 1.0194010771921846
6 58 0.7568499920867319
6 64 0.5593200599681389
6 65 1.4800802241092148
6 66 1.629298640059382
6 67 0.9100424679420636
6 70 0.11860169005599429
6 71 0.3418198790526557
6 75 0.05131115015831768
6 77 0.720295504084915
6 78 0.018242513402499504
6 79 0.04270582156191372
6 80 0.8693343007036282
6 84 1.9580709377402994
6 89 0.7295524312351508
6 90 1.5365618134480437
6 91 0.3129233223465538
6 92 1.1942981341328665
6 97 0.17680867695892674
6 99 3.679575350602449
6 100 0.5318861773393011
6 106 0.8947711826998238
6 112 2.241849380531995
6 113 0.03295184251733394
6 114 1.0701010801658302
6 115 1.5822748977211214
6 118 0.39889781805795
6 121 1.783306377635892
6 129 0.0024447106577494796
6 130 1.4413381127167955
6 131 0.32733994790299753
6 133 2.041110989133941
6 134 0.3241434369881502
6 141 0.45216921509549696
6 142 0.6322724430700173
6 146 1.3866926065038914
6 147 0.267063419924948
6 150 0.2714333538136526
6 152 0.4010711557543046
6 153 0.5601219069559005
6 154 0.22642635635584407
6 156 0.03474690426887133
6 158 1.299651725268435
7 9 0.1516196813270837
7 14 0.1651756048324322
7 15 0.5763382087557054
7 17 1.6504523830934168
7 20 0.8681323684076099
7 30 3.682711231467534
7 31 1.2664431520919883
7 37 3.5173128894772407
7 38 0.3469275918883633
7 42 0.27535702390803424
7 43 0.9351840828103207
7 44 0.32356361472124384
7 45 0.23297700581646127
7 49 0.5439322060256218
7 50 0.01376070444806322
7 51 1.2299578521363095
7 54 1.0872913052024247
7 56 1.3145979172678899
7 58 0.4849736201462801
7 63 0.3368106144745034
7 64 0.7211604430342984
7 69 1.0903408519328084
7 70 2.065547029315523
7 72 2.0719585818459247
7 73 0.8381740248275015
7 76 1.240313743355504
7 77 0.013154547777699855
7 78 0.2039479100742298
7 82 0.15509779578963864
7 83 0.017156186124330217
7 84 0.6903871412359629
7 85 3.2644326010604425
7 87 0.19383045459228485
7 89 0.4574964753048745
7 91 0.8462828667716207
7 92 0.8754586359607209
7 94 0.760060604443672
7 97 0.1965572153229202
7 98 0.08772668531008782
7 101 1.5648381689208246
7 102 0.25768184090478163
7 104 0.4390818717447212
7 106 1.3549136947885478
7 109 0.6038788815401201
7 114 0.720191535623366
7 115 0.03887237294269551
7 116 0.1331459251067966
7 117 0.11662818757912284
7 120 0.708218540627076
7 123 0.5827095716510174
7 125 2.791349988322864
7 126 0.4233026828778496
7 129 0.4014103000212781
7 133 1.1904468392214544
7 134 2.4990006177952293
7 136 1.222076800896069
7 137 1.8406236423829645
7 138 0.40913807080803033
7 139 0.784664257586324
7 147 0.4082877194928709
7 149 0.17149001733181776
7 150 0.6886989739282866
7 151 0.3953286914663644
7 152 2.7599097063231897
7 153 2.2893910782083022
7 155 0.29290723455022377
7 158 1.7521963659402011
7 160 2.9693147522350136
8 9 2.775325137620415
8 13 2.2502058012378625
8 20 0.5884010065780401
8 30 7.453041013651832
8 32 0.5855814150509453
8 33 3.155894780428168
8 38 1.8803850771189385
8 45 1.538786075203864
8 51 14.905932042375701
8 55 0.4613131845292601
8 59 12.354260826631682
8 64 61.55091786098854
8 73 1.489454293809825
8 79 3.5185005211041562
8 80 0.812027117050043
8 91 7.433527397832381
8 97 1.323868937559994
8 108 0.6474511439469726
8 119 2.3777069559342743
8 129 1.847409300931991
8 152 4.3997188726769005
8 154 56.388726004099055
9 16 3.605417828573178
9 22 0.1435669414556618
9 27 0.06523459301397065
9 30 4.320836764950893
9 33 0.052823225333710526
9 35 0.1397673102574517
9 36 0.23159792458826364
9 38 0.1515556976871762
9 39 0.7480730847350306
9 40 0.15503742579333837
9 41 0.08177568038321661
9 42 0.34414708418053286
9 49 2.4978347352725
9 50 0.718873289605244
9 56 0.6897003498789104
9 57 0.07311394589281936
9 63 0.8129311998103341
9 65 6.344830844924468
9 66 1.2302801095707296
9 72 1.7702898005217504
9 74 0.2712885873440544
9 79 1.1074191569594587
9 89 1.2085870876834561
9 98 5.07068006098113
9 99 0.3894679664719455
9 104 0.8403958223860388
9 105 7.041472149371406
9 113 0.960043097380101
9 115 6.538243988901373
9 117 1.5129175512367123
9 129 0.2510710461569442
9 133 0.7733799839129072
9 134 3.4631388981939057
9 136 0.7428652170657913
9 137 1.3496301984000474
9 138 1.9693447169614027
9 141 1.6277962755533966
9 145 3.728102907862859
9 150 0.18720404957884068
9 152 0.7825190317410925
9 153 0.968401055797736
9 158 0.09066121028879374
9 159 0.02615025040721307
9 161 0.6023105922715323
10 12 0.570379620712554
10 14 0.9991513453699933
10 18 1.0523235030766394
10 20 0.8068356850022756
10 25 0.5450638056670819
10 26 1.9420093942376055
10 31 1.0942660741022525
10 32 0.08515604202587762
10 38 1.015426749307381
10 39 1.5091851663425846
10 41 1.4271711259620277
10 47 0.7076324083880133
10 48 0.0007053082411591136
10 50 2.884592639800652
10 51 5.367486389119544
10 55 2.602649977946975
10 57 0.6118551696726003
10 59 0.40035679397951646
10 64 2.489958094533489
10 65 8.260856480560696
10 67 0.35857803410833894
10 70 5.853713581700992
10 71 1.2819351787415239
10 79 0.9265379697935053
10 81 0.1345988189812618
10 83 1.8726299241090514
10 91 0.7527132828053419
10 92 0.8554491813482988
10 93 0.8411034733656124
10 94 1.156445623686513
10 96 0.36889171745684773
10 97 0.6650139951222899
10 102 1.2372488261055554
10 108 0.14196620975014176
10 109 11.19929787119007
10 114 7.596323980128863
10 116 2.110706531415511
10 120 1.205407651739653
10 123 0.7726365668954015
10 125 0.22449781168343108
10 133 1.2928102576845077
10 137 2.5449971140912555
10 142 0.3777521177796144
10 143 0.5853240943627183
10 144 1.739540412788392
10 145 0.5266268949624612
10 150 1.4736770533082495
10 152 1.3993676566563493
10 155 0.44499698131110266
11 12 3.231570425446988
11 13 2.3288577679779308
11 14 1.2373642826643427
11 15 1.2033952951769633
11 18 1.9465307802957263
11 19 0.9231667911284591
11 21 3.673187965498436
11 24 0.08707037637906198
11 27 0.7977133298259467
11 28 0.28253766090553845
11 29 1.418893619718401
11 30 0.061174788121571975
11 32 2.0805566293527638
11 38 1.023333021139338
11 40 0.6643984268314853
11 42 0.2181000803910335
11 43 1.3069415847415815
11 44 16.81663400573357
11 45 0.010996307471591624
11 54 0.773759893288939
11 58 0.783785519282163
11 64 33.72285392941872
11 65 1.5858902446982184
11 68 1.865745361678274
11 69 1.1659346388470886
11 70 3.30145378448585
11 73 0.9019230806821974
11 74 0.10866706091463739
11 83 4.766828963659648
11 84 0.5486509823970994
11 85 2.0166826110664178
11 93 1.0487237571604777
11 95 1.2564979610856728
11 96 0.2049020969887275
11 97 0.45873650135335076
11 101 0.2997545534999271
11 103 0.9432768925713274
11 105 2.4073680897857366
11 106 1.9169478673544253
11 108 0.23544834974590068
11 109 16.18748555943163
11 112 3.2551496508796274
11 115 0.15251750788904866
11 117 3.4787045774314667
11 125 0.1347879005353306
11 132 0.1024148850723509
11 133 0.02027689706198998
11 140 2.701281212233195
11 142 0.4797741097006104
11 143 10.045333583797492
11 145 5.870740197494137
11 146 3.91264540837955
11 147 1.1015969674200872
11 152 2.221274996236523
11 154 0.22716328486889864
11 156 0.07082122399930316
11 157 0.06160310753276891
11 161 0.9728147740734012
12 13 0.16273239525842928
12 14 0.41732984059356854
12 16 0.9890375517080346
12 18 0.007661170124173924
12 26 0.8729036809431897
12 31 2.2158439890384884
12 35 0.4112790460333552
12 38 0.3703553059057495
12 39 0.8128023790900375
12 58 0.9933843347492172
12 63 0.2891361970394356
12 65 0.08791058677967264
12 67 0.1605523552202495
12 69 0.10987282280318772
12 70 0.8764965362867798
12 73 0.15345326715644694
12 74 2.648573915015407
12 84 1.3490905094506689
12 88 0.6330618586051456
12 89 1.7279145688070139
12 92 0.41671175505227714
12 95 0.5895772708651327
12 97 0.13197098347819117
12 112 2.3389067702269872
12 117 1.4120520238596606
12 118 0.20317531148011228
12 120 0.5669646051604548
12 126 1.503615475363024
12 134 0.2663124594324788
12 136 0.5030200069302511
12 137 0.9994216717860479
12 138 0.6387342688420284
12 142 1.1331466453369423
12 145 0.7730848554213626
12 146 0.40504545762345284
12 147 0.39670870270013664
12 150 1.7769713753225558
12 151 0.9208958640182622
12 158 1.3420875507718462
13 22 2.3302208031739005
13 25 0.4898167059295959
13 39 0.21767319254931708
13 51 2.575512762720636
13 54 1.818106252273265
13 63 0.061392808151877684
13 65 1.552794147141583
13 66 0.31534113993151
13 67 1.0739204470159387
13 70 4.655820504960341
13 71 3.2563707026194986
13 74 5.768081052010864
13 77 1.6587211556106316
13 84 1.6209977456259574
13 89 2.3154154758534036
13 94 0.09027837775006475
13 100 0.2431271199945047
13 103 0.3049501336100366
13 108 0.45155014119775805
13 114 0.29830164085696387
13 128 0.5840738113946593
13 131 0.4089469280517719
13 135 0.8816441331320949
13 138 1.6988539841696153
13 141 0.2748553171381436
13 147 0.2843494075509344
13 148 1.216078709301507
13 149 2.631846396881996
13 150 0.3977714145821599
13 153 3.081049364901427
13 154 0.06831903917663347
13 158 1.9928961047756415
13 159 0.42262780407612177
14 17 0.740647302191804
14 18 5.14232216379769
14 22 5.244460084214047
14 23 2.0381950294085485
14 24 0.250175393596539
14 25 1.6756796456561007
14 26 2.0587823904164466
14 31 0.06084707090744654
14 32 1.2641849697596586
14 33 1.4876896594542397
14 35 0.3411464917236103
14 36 0.9973445668747473
14 37 0.1496454508688704
14 38 0.06607629291604585
14 39 0.7640822847401786
14 40 0.3324630936292692
14 45 2.859336360627585
14 48 1.45528163092629
14 49 0.3773990408922363
14 52 1.0069144828056957
14 57 1.6711414436037126
14 58 7.118572147439593
14 59 0.034818328452281576
14 63 1.5486807994492493
14 65 0.3324570595821864
14 68 1.0514717150510957
14 70 2.7997719426164296
14 71 0.4155279223673654
14 72 0.39484185557126755
14 74 2.0099187734113007
14 80 1.7884921659208568
14 82 0.6467152308548322
14 83 0.10051658392618613
14 91 1.7347563962149193
14 93 0.1815788085533577
14 94 3.27474783260598
14 97 1.2307629266397027
14 99 3.198667689112627
14 101 3.6509022332620016
14 102 0.5720604756287677
14 104 0.1808799750039072
14 108 1.8235237186770035
14 109 0.9975036389141171
14 112 4.0250620846789635
14 114 10.486968498094571
14 115 0.9495500923806223
14 116 1.047651333024052
14 118 1.6361185456478846
14 121 2.7557448652350818
14 125 0.9593254846292715
14 132 4.40383204609105
14 135 0.31592187858624116
14 137 0.6955974911064096
14 138 14.173324278607817
14 139 3.434192884372876
14 140 0.160579889624084
14 142 0.06447865645120543
14 145 0.9048765633394036
14 146 0.6509473530357683
14 151 0.7638588353868891
14 152 1.9926562251236737
14 153 8.55831636926108
14 154 1.7252031473149767
14 157 0.13696864190852526
14 160 0.34256528125628527
14 161 0.37902730908184223
15 19 0.8636927855495061
15 26 3.8178300312535085
15 34 3.741927826603943
15 36 0.2659925714667954
15 40 2.7633775805224925
15 44 2.1812059286117007
15 45 0.31035019559382065
15 49 0.5748951333233604
15 54 3.42427214208669
15 70 0.7426298602063609
15 94 0.05398797163081837
15 106 0.531853050861475
15 108 1.3458047471097812
15 114 1.404414665731218
15 115 4.608285813452654
15 126 0.06755222072363928
15 127 0.05623446308910014
15 131 0.35766032730849073
15 136 1.1959512615353172
15 137 0.9988713846049855
15 150 0.03254423555996724
15 154 0.05958234410184509
15 155 2.2029667544072753
15 157 0.13827764835374154
15 158 0.2400616520636262
16 26 0.460756737081516
16 31 36.52059331685484
16 32 3.0029138380335274
16 42 1.0691764680576485
16 49 7.585612047406962
16 57 0.19091989873347104
16 61 0.16546468104890327
16 66 1.2797909506034837
16 74 70.36651524128041
16 75 5.243319372895953
16 77 0.07797313123480402
16 101 5.161105319756445
16 102 0.22944624745829093
16 108 1.2956897809157357
16 114 1.9705120920085624
16 129 0.9340232885227255
16 139 16.7244573870454
16 152 6.362275865425829
17 26 2.7272007992771066
17 29 0.06395383368013495
17 37 0.30712207219595933
17 53 1.2995281342681073
17 54 3.2227980625931396
17 56 0.592578238920997
17 65 0.1671788897515657
17 66 1.8249722161145514
17 67 0.980597530095324
17 79 0.6287293771835153
17 80 0.380213532131706
17 102 0.09076740430478719
17 107 1.0064060744373033
17 122 4.4723373042775165
17 129 5.033643228805182
17 154 1.8832848061798477
17 160 1.922390753736796
18 21 4.787490401703586
18 22 0.9952175050352502
18 27 3.207970745231807
18 31 18.045451906797606
18 32 1.1310695776454693
18 36 1.451491391656138
18 56 0.5444331193408177
18 58 6.080734858495621
18 59 0.19715877939088391
18 64 5.576873816208318
18 65 0.2005768094231974
18 67 6.992236905597778
18 69 0.33403588680010315
18 72 11.600933221912053
18 74 4.408368356423684
18 79 1.422701627748596
18 86 0.5699552342593597
18 89 4.574822978416702
18 94 0.2487230126365953
18 95 1.6692434838212018
18 97 1.073207411816638
18 99 1.6526184291205126
18 100 1.1280732700361682
18 104 0.1575885041385365
18 108 0.3477064638151742
18 109 11.175845856905832
18 110 0.38443532307460804
18 127 0.46703961488022694
18 130 0.33688186393158476
18 131 1.00350530432288
18 137 11.955396802882143
18 139 2.496731589504261
18 141 1.319078348372505
18 142 0.45214142993233075
18 152 2.0264959895650954
18 153 1.1645218390189707
18 160 0.05278254349919989
18 161 0.1494900708402556
19 21 0.24234057191253688
19 23 0.29884699355247507
19 27 0.22821995142530932
19 30 1.9696488173515385
19 32 1.4383775957130371
19 33 0.30900577758794995
19 38 0.13003825422460247
19 39 1.4962921658573054
19 49 0.5245850299739675
19 53 1.8715946103624497
19 54 4.290774688646497
19 55 0.6507242953439721
19 56 1.8111379037553585
19 59 0.2377554989405049
19 62 1.2777225635760903
19 64 2.2158121037461127
19 65 1.198013499852579
19 66 1.7601662362421264
19 67 1.8936461421133728
19 68 1.4378089595784658
19 79 0.9211552871922958
19 80 0.8821511062561442
19 84 0.0009577409055199735
19 85 0.006933057319526537
19 87 0.406656916452301
19 89 0.12842094629705905
19 91 0.7928418749464866
19 93 0.19383101680693338
19 94 1.285089461644028
19 97 0.26258078308892774
19 99 1.8658622696092473
19 101 2.0732425917343904
19 102 1.1930769759381428
19 104 0.38619003856187084
19 105 0.09883717589568532
19 106 0.3858944787955416
19 107 0.45652162199966717
19 108 2.0732348316979383
19 109 0.951099219162912
19 110 0.543614630172727
19 111 0.3323077792511249
19 112 1.362281087170999
19 113 0.02497197046744716
19 116 0.03983713877867603
19 121 1.2768109911230614
19 123 1.2116775787426284
19 124 0.203717904207902
19 125 0.2999051794339392
19 126 3.1873971674300217
19 127 0.5482858769054543
19 129 0.07106317334547986
19 131 0.5710592141554889
19 134 0.49560239886087853
19 135 0.06411719571490392
19 136 0.6003393514959873
19 138 0.1503363489597262
19 139 0.12866299870056624
19 140 0.020467540127870668
19 145 1.1125563906658371
19 146 0.30311334886479147
19 147 0.1265047507389522
19 151 0.388656262306516
19 154 4.320079127879469
19 156 0.08961863605304535
19 157 2.3506913796322046
19 159 0.5890858355008101
20 21 0.5139536451342215
20 31 9.248319826241204
20 38 1.8218415329648117
20 42 0.40916999311483365
20 43 0.1857326676185029
20 45 0.2801360978074178
20 46 0.08056555615004875
20 48 3.150945924340817
20 50 0.48309444398444673
20 68 0.054727856218721234
20 70 5.622833808314679
20 73 0.9097902964113935
20 81 0.0629481331999845
20 83 0.20050799152042897
20 85 3.252478594868578
20 86 0.3196382418644699
20 89 0.9482858526708318
20 96 2.0541480526072897
20 97 1.4685916668805312
20 98 0.7882777890407155
20 102 0.1534308161989888
20 104 1.1865681820041951
20 105 3.184364764737519
20 112 2.6216310253523405
20 114 0.9967530385157369
20 117 0.9307750757210596
20 119 1.3544424373751414
20 126 0.5021484698699593
20 129 1.8078833938834873
20 130 0.7292043151947655
20 137 0.6735566573468347
20 152 0.0481126607451485
20 157 0.9002823903041118
20 161 0.9231777993027408
21 26 0.19428064177766366
21 28 0.07570904898677132
21 32 0.9625755762564207
21 36 1.0834126328169185
21 38 0.662107285632728
21 41 0.1458245248478006
21 44 5.271510735292641
21 45 0.09177790336424003
21 51 0.5439577344947392
21 54 1.3327342430413096
21 58 1.5433815368860142
21 64 3.868492291250918
21 67 4.363077958627525
21 69 1.872202908964432
21 72 3.227464986144466
21 73 2.176715135310877
21 74 7.296943673379557
21 77 1.347327072005247
21 79 2.509527802538996
21 81 0.09529162719931047
21 83 1.4645087708850824
21 85 0.15009852877250304
21 87 1.5735305928218124
21 89 5.523549663337477
21 94 0.1315459363836657
21 101 4.011399616435419
21 103 0.04389768727256118
21 109 0.9928062082916789
21 113 1.5634162694859617
21 117 2.034238637658702
21 122 3.366810072624257
21 125 5.699102229983864
21 130 0.7988545443937423
21 131 1.3131445967430557
21 134 1.067342394393628
21 139 1.1091850804248378
21 140 0.2146530764036093
21 145 0.7589876314815756
21 147 0.03710671002701165
21 148 0.07497789211946798
21 152 1.4816549939387629
21 154 3.2531824304492996
21 157 1.812512107203096
21 158 2.3595669962687755
22 24 1.5309387621184691
22 26 0.03389809934675619
22 29 1.3603739418097518
22 37 0.960149131125258
22 39 0.421476508756496
22 40 0.6760409724043971
22 45 5.028158442169805
22 46 0.8890522305812035
22 55 0.4186136778177224
22 63 0.48256467715890766
22 64 4.523222395942529
22 65 1.6519489439593438
22 67 0.9213029185045508
22 68 2.001831672969549
22 69 0.6819648785681326
22 74 0.5811623556378402
22 75 0.7417809782821124
22 80 1.8792345356911713
22 89 1.1934814297572336
22 91 4.159712488549025
22 98 4.303090473818321
22 101 1.1118421885975187
22 104 1.40109973866856
22 108 0.15209481686223897
22 109 0.7406245042231389
22 113 1.1058493957350852
22 134 1.298239187883686
22 145 1.0923857127669812
22 152 1.0133763081133216
23 31 2.404410109785669
23 32 1.504420933752933
23 39 0.18745864660068398
23 50 2.5149355151118855
23 54 2.014817928989617
23 65 1.976328212796786
23 68 0.805095823503635
23 72 0.8948079920647319
23 73 1.5295522484599227
23 75 0.024140279701640458
23 76 0.0950833656817004
23 80 0.6844514433048596
23 102 0.501771980575714
23 108 2.4835630381307117
23 117 0.2731341811500566
23 133 0.18452746358297054
23 139 4.086564634440569
23 152 2.140911083336136
23 154 1.8279012051400858
23 158 0.4201292355261189
24 31 0.30221788798803845
24 35 0.36251660173197836
24 43 1.1745057862420691
24 49 1.8955719908804518
24 56 0.7044355378503633
24 68 0.11524397811401596
24 84 0.42306736822902447
24 89 1.4963283339181517
24 91 0.4751951036787878
24 92 1.1696716424856703
24 101 0.39326625102359153
24 118 0.05853921621700077
24 120 0.8263886098589537
24 135 0.5682281761105853
24 140 0.08651266331187077
24 146 2.417848897457555
24 152 1.1675720943888368
24 153 1.7357118638668179
24 154 0.0855827275217722
24 157 0.5296894556347006
25 26 1.9253359246006114
25 30 1.0753982851106336
25 32 1.684474627242566
25 33 7.649336886476865
25 35 0.2801795246534966
25 36 5.342104880599347
25 38 7.8700394399366616
25 51 0.7240846001642277
25 52 0.8309269239502349
25 58 10.500223686073108
25 63 0.020381024270917314
25 68 0.05037900664368182
25 69 2.598489959031276
25 71 2.68997142432539
25 73 0.1329583911645448
25 75 1.8612611868059556
25 85 0.026839962051670243
25 86 0.6706634412463107
25 87 1.344182318490019
25 96 1.5112336661569128
25 101 2.544656617908499
25 103 2.106311462960336
25 105 1.4057994345760898
25 106 2.4336979126335887
25 108 1.1785102550732838
25 113 3.8109777109536886
25 114 0.2880118291102112
25 115 11.873530173343568
25 117 23.612532437809875
25 131 2.1945945366051127
25 134 1.5713042624004914
25 135 0.6309595289125555
25 141 4.3800018056273675
25 142 0.896149205848599
25 143 5.139504329554089
25 145 0.4711458665099894
25 146 0.7254008517333287
25 149 6.047818633157971
25 152 1.8031990616190672
25 154 8.201679442961115
25 159 0.3977452434985185
25 160 1.3106346658411998
26 28 0.138427638336809
26 29 0.7331127595343812
26 30 0.5440923201667118
26 31 0.9956659173729806
26 37 0.05012474902906833
26 38 0.501625699609132
26 40 1.522617821868713
26 42 0.3268471362588493
26 44 0.6743744860166496
26 45 0.6944344908904134
26 46 0.48897662763168925
26 49 1.8198440015426018
26 50 4.11777830054606
26 51 5.119055680459992
26 58 6.750186207554745
26 60 0.3677973872519027
26 63 0.13533784443500843
26 64 0.1217962721038272
26 68 1.9251977290704065
26 69 0.9935730592322558
26 70 3.6793864223087533
26 74 1.0513062398505428
26 75 1.5394467647725856
26 77 0.19837994750110216
26 79 1.2484536403922237
26 82 1.3827503089441453
26 87 0.35044392994887874
26 90 0.9337030378636276
26 94 3.1333475026014797
26 95 0.13752076346506079
26 103 2.7788591732158587
26 105 6.177977069897633
26 106 1.2286772996700144
26 107 1.4116570717369317
26 109 1.9957105085838696
26 112 0.3478590687104077
26 114 2.708489147070984
26 117 1.3826296097068496
26 118 0.35988767016664264
26 128 0.15327833154091475
26 131 0.19135205220025356
26 135 0.5276602439202934
26 138 4.38016852908946
26 141 0.6133829175514018
26 146 0.7255003477155523
26 149 1.2147754097574799
26 151 2.542561772915528
26 154 8.09375704193485
26 159 0.003317152901126217
26 161 0.11525214604275592
27 44 0.12665978692076263
27 45 2.180753590464874
27 48 1.2428934293674232
27 52 0.5019604872980237
27 54 1.1209872732289052
27 56 0.18528489307906867
27 61 0.4581354781112907
27 67 1.2714490407492511
27 68 2.731288114573908
27 73 0.14636434172262336
27 74 2.040894064702494
27 94 1.2226010488978258
27 100 1.1980384756863707
27 108 1.0410375773113265
27 117 0.3918480269407039
27 118 0.41681622062461826
27 149 1.137335339693947
28 30 1.4009637476828078
28 32 3.229519804118263
28 34 0.11685105398578782
28 38 2.656113513056348
28 45 0.32361982857408816
28 51 1.2163152018339742
28 63 0.10847802025289033
28 68 0.507762122283242
28 71 3.7449261323390255
28 82 0.3728101398101254
28 95 1.02214290839453
28 101 0.7360934532037032
28 102 3.2514904459132
28 111 1.2213161189590758
28 119 0.145395669968922
28 125 0.5605234220949733
28 127 1.4639736501756604
28 130 1.2500052971973514
28 137 0.1856463562481809
28 138 1.7180621372058185
28 154 2.8639580314828934
28 157 0.522229627904131
29 35 0.30545320246506974
29 42 0.7368557791892334
29 45 0.09626053848974904
29 46 0.46747280377311823
29 51 1.5140841441515822
29 63 0.4787767056953817
29 69 0.03817562384545506
29 79 0.22957152186470803
29 99 0.11862727676207684
29 102 0.6143511042164029
29 106 0.6217827765320613
29 107 0.5062981754849863
29 108 1.3203928507659943
29 113 0.5211007497037268
29 115 1.40826102058616
29 122 0.20596712699162895
29 125 0.314886000273225
29 146 1.652847549287931
29 148 0.0589229320132071
29 153 0.9571842244659768
30 31 1.0621396473987088
30 32 0.038098130499459995
30 34 2.2468003814668083
30 36 0.10924068809701765
30 38 1.1843962727998634
30 40 0.07509312790635256
30 42 2.8414884258313813
30 44 3.7237698883821206
30 49 1.4990467231017868
30 51 4.137903296973501
30 52 1.5666471601204865
30 54 1.5454991419544515
30 64 0.6781196161441552
30 65 7.464778337751942
30 66 0.4226876651104642
30 71 0.6838795933354992
30 73 0.07108425428230021
30 74 1.9100616130885777
30 75 2.399895847683642
30 79 0.6131130493733077
30 91 0.6144036717140328
30 94 0.07851000917800037
30 99 0.07747811168156168
30 103 0.050895444022583725
30 105 0.39523798397776133
30 109 1.5335708962510572
30 110 0.09985126349127213
30 113 0.21156150421293832
30 114 1.2438610732032334
30 115 0.08590364592196982
30 117 1.7488440207414324
30 118 1.0688668365055585
30 124 1.8548772852252766
30 126 0.17740755402571798
30 128 2.1361825200730067
30 129 1.4331361552611148
30 135 0.06482398036886756
30 138 0.6125487989300734
30 139 0.050122902330069434
30 143 2.344942182550891
30 145 0.8398523930725138
30 146 0.10976947886913162
30 147 0.5894582458931586
30 148 0.2662621401469497
30 149 0.6986579968573163
30 153 0.20363585405994933
30 157 0.5354076004665085
30 158 1.660521711180161
30 160 0.6567498879175172
30 161 0.5498412527138706
31 35 1.3308026987204926
31 37 0.2851353841252371
31 40 0.9164230799759983
31 50 11.929030926126474
31 51 4.18422077545326
31 54 304241804.64942557
31 55 0.2913143077868236
31 58 754932.1909777861
31 64 316540.5500944139
31 66 11.868113447198606
31 68 3.2905134142738715
31 74 239810646.50330198
31 75 0.11508685652850477
31 76 0.43796577201372466
31 78 0.7219994175376859
31 80 9.09840503566605
31 82 0.4027481181478673
31 88 2.6357636323208684
31 101 17.712085481402028
31 102 0.15037531254836764
31 105 18.80712238071774
31 106 2.5366003582094594
31 108 1.8723745236616984
31 109 5.096245694642287
31 111 1.1904905220934188
31 116 4.753396551552502
31 119 0.4493538623925542
31 123 0.426816479802397
31 125 0.12552181914540214
31 126 4.815258904175216
31 133 3.5737203344520063
31 134 8.880409792945755
31 135 1.2835047063819895
31 137 18.031529689764607
31 142 0.4385002662444164
31 144 4.211895364018046
31 145 4.001522341008381
31 147 0.6516738482050612
31 148 0.04490944777002245
31 149 1.3789914578834028
31 153 3.011977648419224
31 154 15838222.963072151
31 155 2.3121116593410482
31 157 3.480576950094937
31 159 0.7802279594355841
31 161 0.055493862817549054
32 33 0.2355225723865824
32 34 1.476816953619632
32 37 0.8648983980840268
32 38 0.2012342464759529
32 40 0.8932192255407162
32 42 0.4081934656587275
32 45 0.20406307016970107
32 46 0.4826846384075504
32 47 0.29358907562229347
32 48 1.4449104296399615
32 50 2.3364638994374474
32 51 1.5265522420533137
32 53 0.05020946441902668
32 61 0.3502528718701936
32 65 2.9862676463695013
32 73 0.050429909854393086
32 74 1.3367962246161482
32 78 0.5359266449474757
32 79 1.3379639442739688
32 80 1.443462908728609
32 86 0.13372977516276938
32 89 0.1469224505157395
32 90 0.5735194882508133
32 93 0.5042948387894138
32 94 2.0717760320925245
32 97 1.1176521754634139
32 98 0.5672978503305856
32 99 0.16479189322019347
32 100 0.4918425886107138
32 113 0.41711106573077106
32 114 0.7577588079671392
32 115 0.32939477450460247
32 116 0.8686051103183692
32 119 1.1146376496853496
32 125 0.09285615888832907
32 133 0.12457281859788467
32 138 0.568452612967611
32 140 0.7482971488129259
32 141 0.6409160014013273
32 142 0.07636223564844058
32 145 0.6806380980795929
32 147 0.24469043574137922
32 149 1.0633383529794975
32 152 0.8114548891245288
32 153 0.8929769329090788
32 154 1.1586587746974601
32 157 1.1856685348854248
32 158 0.02356086836763593
32 159 0.3359189651808191
33 47 1.2957678418938017
33 65 2.4330603840187233
33 69 0.5739802831145798
33 70 0.26916654357854825
33 74 4.407514849698858
33 79 8.816166559671219
33 85 0.9962268190659044
33 99 0.13557595763510272
33 101 6.068975770251875
33 109 2.5719748835863316
33 114 0.906039185926729
33 125 1.6911483210036518
33 128 1.752239608832763
33 131 0.1956029787077968
33 134 1.6212465021467821
33 137 12.830966040553545
33 139 0.3437384603650078
33 147 0.4958539075827838
34 36 0.055121899570327273
34 39 0.4231901824359069
34 44 5.142317018433916
34 60 0.09772028689831516
34 63 0.4820199161262897
34 69 2.552921847114308
34 71 0.07153577922451859
34 72 0.23803642152191995
34 73 0.762562220572186
34 84 1.7990077352259919
34 88 0.15361823782471226
34 93 1.3732027679024437
34 95 0.1478786881128066
34 103 0.2756221448742589
34 109 4.998310345818381
34 111 0.29091644343747514
34 112 0.018116054450937592
34 113 0.5300457371100545
34 116 0.36668980666408163
34 118 1.8508653544377685
34 119 0.1894947970761116
34 125 0.9754656223423691
34 133 0.364672541200616
34 134 5.838349726712123
34 135 0.8653513680596197
34 139 0.44208915290707823
34 141 0.4460562669931168
34 142 0.5160123122796416
34 143 1.9146617357581033
34 150 0.11575156697161026
34 151 4.523402152308388
35 38 0.8179911293782752
35 39 0.07742274112906318
35 40 0.28515440768164685
35 45 0.2658044837012315
35 49 0.5577336952756414
35 50 0.9402593949539118
35 51 2.3424153093661304
35 54 0.7768494320482633
35 56 0.40956272013080747
35 57 1.525048640884387
35 60 0.4904353438585087
35 63 0.057136718787544984
35 67 1.6248432136936075
35 71 0.16975372424968038
35 80 1.10021627169411
35 81 0.4571270834101321
35 83 0.01770924734553281
35 87 0.24306397205372177
35 88 0.2698409481828865
35 91 7.282437029695714
35 93 1.261736499563094
35 94 0.6793871510363092
35 100 0.15595877201463484
35 101 2.4676475327320806
35 102 1.1655952393120785
35 105 0.5067467014849315
35 107 0.5044266794898992
35 108 1.3353658514339772
35 111 2.0061283294318706
35 113 1.5124122806293434
35 114 4.871036207957703
35 115 1.551926566064972
35 118 0.8524672110175986
35 123 0.5834566438961654
35 129 0.47748340701267167
35 134 0.946868797999117
35 137 0.9819886817517075
35 138 0.8433746043939973
35 139 0.3033385971678259
35 141 0.14398070354380857
35 146 1.238422547291669
35 154 0.4157484506905411
36 41 0.875185513216811
36 43 4.812972253923521
36 44 2.9940876568139028
36 45 0.42555387871906825
36 48 5.526615261024998
36 51 3.210658430343247
36 52 2.9753338806270224
36 55 0.1414133728285964
36 56 0.03458208479675677
36 63 0.7377833360485536
36 68 1.4637677029675291
36 69 0.3369429801128854
36 72 0.6130753989199229
36 74 1.6628093745008032
36 75 0.1386082694114481
36 76 2.276535790663788
36 79 0.08027064602954757
36 81 1.9579339130167615
36 86 0.4723522436408287
36 87 0.14462367753871874
36 89 0.6663563264740143
36 91 2.2616552280692757
36 92 0.33777886375989036
36 97 0.5640792925102883
36 98 2.130280359180516
36 99 0.1300609638149452
36 101 0.3487625231867217
36 102 0.15619762563444547
36 103 1.522870093765444
36 108 0.14436849805795185
36 111 0.18157115013132907
36 112 3.343580311973954
36 113 0.25313953654054827
36 118 0.06610926726523339
36 126 2.4301690987814957
36 130 0.22695705220583076
36 131 0.5780209726536193
36 134 1.908189006835381
36 137 0.8945169127259872
36 141 3.8852194019740875
36 142 1.4722457614047635
36 143 8.115999582465708
36 146 2.435162716399481
36 148 1.3296385930716306
36 149 0.6463465269858344
36 153 0.5941602589605345
36 155 0.9699639878827038
36 157 0.18809382384310463
36 159 0.6740462874732042
37 43 1.034324317701404
37 44 1.805583696707534
37 54 3.5419074215453468
37 55 0.4049931148072586
37 58 0.30865344154754515
37 59 2.052281187502115
37 67 0.38104064159516177
37 68 1.0356606607161531
37 72 0.42739381478671684
37 74 5.213810810729171
37 76 2.2846485838733144
37 79 0.19232015124310325
37 85 1.1788303276417347
37 86 0.314954806730877
37 96 0.5949876784054783
37 102 0.9704692489896783
37 105 0.6586409023712401
37 108 0.7003939389129298
37 110 1.5115699255506998
37 114 3.363882707128082
37 115 0.42391937721212986
37 117 2.1674175575400128
37 127 0.1121850913186057
37 131 0.6817774234778904
37 146 1.578899616057628
37 149 2.959623312169198
37 150 0.13048578672880168
37 156 1.3175496389727794
37 157 1.2044186760529165
37 161 0.06832464367477398
38 39 1.4104579668271897
38 43 1.4245031727133217
38 46 0.775076226178919
38 49 0.5713041828367939
38 54 1.7048832044386164
38 62 2.044544175606547
38 64 1.3935583470345325
38 65 6.5000262472808314
38 67 1.7849205878855496
38 71 1.300237035007313
38 75 1.3939489239528262
38 80 2.980265899688936
38 83 4.907182686787218
38 85 0.7223788528356588
38 87 0.9927304636221829
38 89 4.071983313375479
38 90 1.0021456961151654
38 92 0.24576845547664708
38 96 0.22004019643826264
38 97 0.7062295757981003
38 99 5.452427273838674
38 108 0.2851122092210777
38 112 0.03619050807163608
38 113 0.7810059775161403
38 114 1.8041142038860596
38 115 2.344968032662112
38 117 2.3533451530507716
38 120 0.011510598715528803
38 122 0.7181981798705896
38 127 0.8370089382366966
38 133 0.5537042305082154
38 135 1.8064994534292433
38 137 15.020995841986386
38 139 1.9352196140201614
38 143 3.1305443404803683
38 144 1.4589941843735579
38 145 1.7579072733016268
38 147 1.0480139286759367
38 149 3.714061630125086
38 153 1.949096695518926
39 40 0.12657085200958101
39 45 0.34944457521830563
39 54 0.18299232000025678
39 55 1.9588419152752683
39 56 0.13334826981579673
39 61 0.0923649655748485
39 65 0.5643233974720392
39 66 0.9704835250198874
39 67 0.23854011447953516
39 68 1.894013370093252
39 69 2.159324374930354
39 70 2.7867526855763285
39 74 0.17174586165138206
39 76 0.840412759086372
39 77 0.2586199207891917
39 79 0.2825291299879037
39 83 0.28021114187185847
39 84 0.34323394562964665
39 85 0.12088046698346575
39 86 0.21769358890790153
39 87 0.8609004766295715
39 91 1.2120610817284752
39 93 0.31903101775641673
39 100 0.4205850317678081
39 102 1.5456131915690645
39 103 0.10812447707683703
39 108 0.3966310058053097
39 111 0.8873170364759907
39 112 3.021942225237896
39 118 1.5769854622336645
39 126 2.0915095027668316
39 137 0.8441645413918608
39 147 0.6015397986678498
39 150 0.0907707043414226
39 151 0.2979357457663007
39 159 0.11343633192250784
40 42 0.8841458875221109
40 43 0.2160782746170229
40 45 2.717719827439013
40 48 2.8280553404793727
40 52 1.4697576538153236
40 54 9.398579629355527
40 56 0.8041787860644577
40 60 0.26655685794635076
40 63 1.398734610200085
40 64 4.326825665425923
40 65 1.0113846079114925
40 70 0.524744874839778
40 78 0.9454471217916764
40 80 0.45175804876014397
40 82 1.8370701207458986
40 84 1.2797918419671073
40 86 0.5568393673593438
40 88 0.3647573160840445
40 89 0.2698410193024666
40 91 1.2142716095912602
40 96 0.467255470209866
40 97 2.320856859265464
40 98 1.1485186859193626
40 101 0.5840517168342011
40 102 1.2046262021150527
40 103 0.6051618056819101
40 106 0.011371295460869603
40 109 0.056036990767868305
40 112 0.15508080086358914
40 113 0.36670538268256175
40 114 1.5117139924737315
40 115 0.004454972611177461
40 116 0.832079452209191
40 118 0.6831284025862209
40 129 0.9329948387548684
40 133 1.0059679082741035
40 134 0.31738706678994066
40 141 0.4857177973648435
40 142 0.2278502474306747
40 145 0.622706251153435
40 147 1.0179921256816538
40 152 1.6295623635378345
40 156 2.4939070434498314
40 157 0.461089286039765
40 161 0.03396381994722479
41 43 0.23754370053613835
41 51 1.8342674259969227
41 52 0.8583757115572843
41 58 18.146448778883357
41 66 0.7419737428722701
41 69 1.5902539913243632
41 71 0.5531598506165859
41 77 0.07731602404762394
41 107 0.09540204030525912
41 108 0.5502534732501205
41 116 0.2082798856805601
41 124 0.15236656763614176
41 131 1.808173097683131
41 135 0.13481958479220513
41 138 0.5813054076258999
41 145 3.102978354073438
41 146 0.1867236813313766
41 158 3.20334676693289
41 159 0.5506075748686716
42 43 0.3578916392175301
42 44 0.48675225719444765
42 45 1.4179211402468646
42 50 4.1299642331322035
42 51 3.858963914466668
42 61 0.06171148722531222
42 62 0.36092872262304054
42 63 0.4778790422269117
42 69 4.139394451919526
42 73 0.33253480858806256
42 74 0.6740165902863564
42 75 0.2536527068876145
42 77 0.4414520415207999
42 79 1.5271624593472313
42 80 4.749143998001586
42 88 1.2448076032966304
42 93 0.955930841588463
42 97 0.048814021840426394
42 101 2.5308729593512966
42 103 3.2883006247334357
42 114 4.488741389046121
42 127 0.5324819699639257
42 129 0.023080693771772746
42 137 1.8539599907980961
42 138 3.06794776802028
42 144 0.07082693690603699
42 145 1.3922602005070508
42 146 0.5913012535554649
42 147 0.41346557595880035
42 152 1.7697639254981765
42 154 0.525473771752409
42 159 0.5622847413004025
43 49 0.36746965140167226
43 50 0.4389907913724962
43 51 0.46690590086912076
43 55 0.555083350865751
43 56 0.14840871509343068
43 59 0.07455536292697375
43 64 0.8162333146099384
43 65 0.06409080070874022
43 66 0.8616930915776937
43 68 0.22985396652685086
43 69 0.7532090247363898
43 72 2.0091627042744427
43 87 4.773165701458452
43 89 0.6664010331824115
43 90 0.6978207634263733
43 91 0.3118407763128521
43 94 0.7106177939417389
43 98 0.07949405420821606
43 100 0.26717261206554405
43 102 0.5764250380739641
43 105 0.39222066737696853
43 124 0.1105757346961869
43 134 2.5960111650446405
43 139 1.3712267099680588
43 145 0.3443580823639563
43 146 0.27239413870877455
43 148 0.2536005263630098
43 149 0.8799169646476097
43 150 0.7338102222266167
43 151 0.6313647122743126
43 152 2.420155527437123
43 155 0.20305100726884784
43 157 0.6528756313480781
43 160 0.5113454695253641
44 45 3.360531553681002
44 49 0.864198866769256
44 53 0.026191853551339628
44 54 1.9565313727556424
44 55 0.5902074922720467
44 56 0.28001943764306253
44 57 0.32420290428439436
44 58 3.60316908980441
44 61 4.153322143248742
44 63 1.0827689839750858
44 64 2.6657560792949666
44 66 2.780457009221555
44 67 6.100133184418602
44 68 0.1405593255027202
44 70 2.934220074686862
44 71 4.564813733751357
44 81 0.14442057229606833
44 85 2.500824704920242
44 87 2.091623449280777
44 98 0.6353983807914215
44 99 4.947259184035879
44 101 9.491334099784131
44 106 0.779112476270647
44 108 0.04315618763235867
44 109 2.3267749064283785
44 110 0.029716423150024648
44 113 0.1774791416947955
44 115 5.134431620815885
44 116 0.5137966097046011
44 117 2.476084073240801
44 123 1.326662789888665
44 125 1.2935024479577062
44 126 6.788105879465641
44 128 2.9348950833390233
44 129 0.6748001841216553
44 131 0.044894530251791194
44 136 0.0323651127428078
44 138 9.461372251618283
44 142 0.058566809032410884
44 143 3.321661198175678
44 146 0.13924220718787905
44 150 1.2658270243215621
44 154 7.161140054890947
44 157 0.5956384963983267
44 159 0.04433322753895921
45 46 0.1508585899898317
45 49 0.011447033571349208
45 51 0.1975270187396436
45 54 4.326026190784679
45 55 0.3389032290712071
45 58 0.7638315199347494
45 59 1.445089123976987
45 62 0.5114116132176229
45 63 0.6171123903011534
45 64 0.3410414913087356
45 65 4.325520223745358
45 66 1.135292524927114
45 69 0.7338884261148596
45 72 0.22851740601170337
45 75 0.4826228915084674
45 79 4.831026413490396
45 80 1.9075210214949847
45 82 0.18470463298512788
45 84 0.6533324832020635
45 89 1.1430833035959322
45 90 0.11715755891337724
45 92 0.20522610789005816
45 94 4.5775975649178555
45 98 1.7613291311771195
45 99 1.538587386632382
45 101 0.406753694004235
45 102 1.027544607165266
45 105 0.01835285122802336
45 108 0.44334386417425686
45 109 0.7823805832789459
45 111 0.6982746220673803
45 113 0.3240288863913527
45 115 0.8205213948888462
45 117 0.4136442793847332
45 120 0.03446880196453075
45 121 0.1635105392468858
45 122 0.9653611468239968
45 123 0.4650195171895862
45 128 1.294231541087904
45 129 3.7847447969253962
45 133 0.4465235679647818
45 137 1.2979683455936384
45 141 0.9380727592148665
45 142 0.21651768350006276
45 143 2.629566300765909
45 152 2.4410095814468646
46 50 0.007961755584497564
46 51 1.0245453599676124
46 53 0.10826520519472012
46 56 0.16637266453649385
46 58 1.7328539186535157
46 62 0.13704880118093565
46 67 0.4291980818200645
46 68 0.10844919063249471
46 71 0.05025509613198425
46 74 2.756217933918772
46 77 0.6329756224619232
46 78 1.199663215159912
46 79 0.11538281728213513
46 87 1.313932646510653
46 91 0.21468110265538196
46 92 0.4500755943908101
46 94 0.05035021381953736
46 96 1.3627908772501591
46 100 0.1730020574279015
46 101 0.089846334227786
46 102 0.6093681634734127
46 106 0.8527808727920091
46 109 2.458780073891791
46 115 0.08533626547035943
46 118 0.2119780250365283
46 125 0.715396617697118
46 129 0.16852103558312662
46 131 0.08720109290547849
46 132 2.119712550514171
46 133 1.4037744655214748
46 135 0.5511450863167803
46 139 1.3484227124998087
46 141 0.08257714997622957
46 143 0.8369988516761677
46 148 0.47874015387738145
46 150 0.6781457719577788
46 151 1.0875959201104037
46 157 0.3491440762361703
46 159 0.1204708443523586
47 49 1.2400369550461539
47 54 2.3912303659352325
47 100 1.3071320155095467
47 128 1.2195067930713837
47 137 1.1499820545780646
47 152 1.2115971085034636
48 51 21.25304270329282
48 53 2.9788075070650666
48 58 11.939398491780784
48 64 18.480397152384803
48 65 16.227522045708806
48 71 2.0045092231034882
48 74 15.222604904224955
48 81 0.6791476396762793
48 83 14.546106195107708
48 88 0.7131868057337131
48 89 4.370460499978765
48 90 0.36602949154930736
48 91 41.03917377515451
48 92 0.36401179922476085
48 106 1.4218910571725738
48 113 4.9047677636902804
48 116 4.273733555025484
48 117 1.7818942157455957
48 125 4.066973008876613
48 141 9.515756560286148
48 146 1.393958920005388
48 157 0.7683759275337444
48 161 0.056523678698272864
49 50 0.05730593524284793
49 52 1.936656503007227
49 55 0.3681347009537606
49 56 0.6721178425234148
49 57 0.8861028483023673
49 59 0.2596447063459025
49 69 2.0037937073212255
49 70 7.324962970012847
49 72 0.14881067743681717
49 73 0.15429124716704937
49 74 0.6185706329393774
49 76 3.6207900068095666
49 77 1.7368005203747956
49 79 0.004668240633578023
49 80 6.914878776733891
49 82 2.43060048406947
49 83 1.418754918954877
49 87 0.8615017481867321
49 89 0.08721927259378912
49 91 3.195313749720582
49 93 0.6499369517425386
49 94 0.3940753510370536
49 96 0.2879486165513272
49 101 2.81910581544294
49 102 0.36909642270401855
49 104 0.1171041321302309
49 105 2.0576674991076485
49 106 0.6023307114523755
49 109 0.48673376055816703
49 113 0.14472911407410885
49 114 2.9636380483008953
49 120 0.3487660026410851
49 121 2.605006852991107
49 123 0.2633561914506637
49 125 1.910160609017318
49 126 1.748325412373028
49 129 0.17179991295611144
49 134 1.4916702019730277
49 136 0.5091015238892455
49 140 1.763482207493824
49 143 1.1942550715841576
49 146 1.6092734804303075
49 147 0.48945379891966834
49 150 0.8200680445360938
49 152 1.4215975357712742
49 154 11.912647642921643
49 157 0.6510849800541717
49 158 4.782084167207212
49 160 0.7726326030579648
49 161 0.04056742976421903
50 51 9.824982799086982
50 53 0.13687909534582368
50 56 1.9695072086255725
50 59 6.728191548730386
50 69 2.666208401536651
50 71 6.33065690088165
50 72 13.98010057265839
50 84 4.9742807188964315
50 89 1.3452589518571458
50 92 4.310664689639609
50 96 3.407270252580262
50 102 0.35425109714979525
50 103 0.9165639770510696
50 104 1.7583923712246468
50 107 0.24933952237559862
50 110 0.3087758960217029
50 113 0.7361529037662903
50 115 9.007308870402554
50 122 2.4530259576416578
50 125 1.1163588159692395
50 128 1.585829018881393
50 129 4.937084710324985
50 131 0.035095663032194004
50 132 4.048042970982636
50 134 3.936678835484625
50 137 5.819317923502032
50 138 5.440248179088635
50 140 2.1891999557932778
50 146 0.3614886522592748
50 149 2.824587449301081
50 152 0.6829919010062468
50 159 0.011463343443641876
51 53 0.101507976291121
51 54 1.3042943893360759
51 55 2.173403686487883
51 57 0.03033039103895811
51 60 1.9635945052917338
51 64 15.69065943043834
51 65 1.7458983666377803
51 66 4.070780187209095
51 69 0.5199201751950493
51 71 2.852092650191624
51 73 1.1666462018904926
51 74 10.269171405487228
51 75 0.23686778769350922
51 76 2.0422274261472895
51 77 3.0808058434054364
51 79 3.250600370302053
51 82 0.030251347671778936
51 83 7.4804526854768865
51 88 0.5513319663321786
51 89 0.3080522985469507
51 91 0.7775956984527574
51 94 0.2784120495718107
51 96 0.1619194652408598
51 99 3.215584487078338
51 101 4.9006115779034065
51 103 2.112967566487556
51 106 0.37077412321369996
51 108 0.4541482271335975
51 109 1.6602657536648606
51 111 1.1582957974921249
51 113 2.0614304467343048
51 115 18.49634392455852
51 116 0.02033354135622519
51 117 3.615768919542346
51 120 0.035954226472646615
51 133 0.831657784159638
51 135 2.574574574370776
51 138 3.7527819952687222
51 146 0.4369256112521922
51 150 1.4161637441124377
51 151 3.1357066539663525
51 154 1.8040948903276117
51 159 0.2919601742126758
51 161 2.279054950105312
52 54 1.3760986053782935
52 55 0.9790075597325245
52 56 0.09504522499563757
52 57 1.3158086990295073
52 59 0.18662744708201087
52 62 0.1696612798979765
52 63 1.6799568713329587
52 64 0.7204944672369902
52 68 0.08549549605935498
52 69 0.4738095045919014
52 73 1.8401347566194917
52 74 2.0175756570172187
52 76 0.9420530023117154
52 79 2.1003541774460643
52 85 0.9324931143778453
52 89 2.161676107464623
52 94 0.5097647732571421
52 98 0.152179194121368
52 101 1.1174797582735025
52 106 0.7527092704102303
52 109 0.1547391522958871
52 112 2.6130209240142936
52 113 1.56608744352393
52 114 0.11385989864761673
52 118 0.34077544195272896
52 122 2.476552749999872
52 133 0.6208171662327676
52 135 0.40570259732571057
52 140 0.04266697133019237
52 142 0.1628853295452495
52 145 2.1455080355588216
52 147 1.7696135316784762
52 150 0.5941847190707282
52 152 1.1252862486254307
52 155 0.47802914515473477
52 161 0.49125995819342594
53 54 1.9600178743907046
53 56 0.6269877041961557
53 57 0.24641515118062385
53 59 0.29124797033088295
53 61 1.8773672460033448
53 63 0.6908084606276116
53 66 2.443333202298337
53 69 1.1595465584486284
53 74 0.4887835582233915
53 82 1.0975496441598855
53 90 1.1187490230158266
53 95 0.3792156380987676
53 99 0.6702326441484658
53 104 0.28935233341879
53 106 0.5979460189248671
53 113 1.7602938439298568
53 114 0.034485622514490256
53 116 0.2858347114402825
53 118 0.6933955519869178
53 122 0.26881680788950896
53 125 0.35656557948367146
53 131 0.004877570782383447
53 147 0.5480927705906705
53 153 0.7433000799612282
53 158 0.04572390059486224
54 55 0.4000948477482879
54 56 4.232149310144813
54 63 0.4901844936909305
54 64 92529.08779054342
54 67 5.386219412967725
54 69 0.9345746734852929
54 70 127613304.2014737
54 72 225409934.63243628
54 74 40070915.81849307
54 75 1.3010939603424536
54 76 1.3542978364304563
54 77 1.7932715429522232
54 80 64.0070923895645
54 81 2.7375688839474503
54 83 20.970311759945112
54 88 3.053018567799689
54 91 7.143091854850107
54 92 0.9382247032280566
54 100 2.182919485165262
54 101 0.9345029607219942
54 102 0.04517695936542768
54 105 14.201350976210966
54 106 0.8100870871361855
54 107 0.24295719336709615
54 109 0.1954159683636825
54 112 2.5921357471467217
54 114 16.380409895268272
54 115 716851.3840960786
54 117 33.48073221806628
54 118 1.8787184728427204
54 125 16.683803597598605
54 132 4.982130608741205
54 133 2.0088844273567945
54 137 4.1657411972961045
54 138 28180704.532344367
54 146 0.3820465829940313
54 150 1.476295163000133
54 152 2.5463233115638033
54 153 15.703347289991761
54 154 1107438438.6711495
54 158 2.815136034235988
54 161 1.224194793180726
55 57 1.1879055330094954
55 61 0.9569852360337368
55 63 1.4509840909591951
55 64 1.2658290381676855
55 68 0.09496864818696252
55 69 3.29954342675727
55 70 0.5337903736569323
55 72 3.841785454040245
55 73 0.8585203445147218
55 74 0.3686673584682085
55 75 0.1001983128594453
55 79 2.0507873640416716
55 85 2.8994061599310856
55 88 1.0660274872457995
55 89 0.8634899276194354
55 96 0.1630699333839884
55 97 1.1611872822920615
55 100 0.29427120501784104
55 103 1.3919411621031874
55 104 0.7873197208939802
55 109 0.22102706989093054
55 112 2.624421975512266
55 115 0.7340279155840435
55 119 0.5599561720055924
55 128 1.354461517835304
55 129 0.9914492953380313
55 130 0.994315104939467
55 131 0.36023199202670014
55 138 0.5862820797496773
55 145 0.743488083121389
55 149 0.03441435445213655
55 151 0.39441689620490616
55 152 0.7196075667281825
55 153 0.32192381429636363
55 154 1.133523861379824
55 159 0.8557446764491267
55 160 1.9903921819056272
56 58 1.7466417176609128
56 59 0.23432077159764056
56 63 0.5513970631872238
56 64 0.1423089772069255
56 66 2.4843195537739775
56 67 0.044842717202301326
56 70 0.9964791528452436
56 73 0.13960824424309595
56 75 0.4542214923836642
56 77 0.3051497054600525
56 79 5.742501329743777
56 81 0.9809518798847324
56 88 0.7803793633797007
56 92 1.932330708922207
56 98 1.634948091801534
56 99 2.1236797715869806
56 101 2.871346691305764
56 103 1.711350184589737
56 104 0.4518134459676334
56 106 0.5140437743512789
56 107 0.6387863589596228
56 113 0.1421534253231161
56 114 0.38102209663513203
56 116 1.9232804418170848
56 125 0.07769966876181966
56 127 0.8367304245913965
56 129 0.8704800193263313
56 132 0.09305418127223049
56 133 0.11995173588107624
56 135 0.7477130032926964
56 141 0.486155765331545
56 145 0.5426781118981842
56 146 0.16447038317622378
56 148 0.016987357532717056
56 152 0.9955424420340072
56 154 0.3537673341645766
56 158 2.6373463025843216
56 159 1.3637166990966096
56 160 0.1640386653658811
57 64 6.866899398193876
57 65 2.0948571942634486
57 70 2.819489918651083
57 72 3.2919926227659477
57 75 0.2651924861990803
57 77 0.19222045717189903
57 89 1.1872060407018417
57 91 3.01355128772552
57 103 1.6435732688886688
57 109 1.5265647351986067
57 112 1.9020598854679507
57 115 0.03906522296114343
57 117 1.0556284760982306
57 118 0.11314902750131216
57 126 0.27258109130758074
57 128 0.08501725587065795
57 131 0.955098122888114
57 133 0.7263909645552047
57 136 0.6324806130205103
57 138 0.775746304818389
57 139 0.9536289284903637
57 142 0.2758116546323547
57 144 0.661801286183255
57 145 2.002473578472023
57 147 1.0228678041827017
57 154 0.3783352177530712
57 156 1.0955683672683547
57 159 0.5583379871629656
58 61 0.19684653157696086
58 62 2.48116601889111
58 63 0.36996227557378764
58 64 722814.5627084323
58 66 9.346133763021703
58 73 1.378644929222568
58 74 1565774.1997968287
58 75 0.6129836576509329
58 77 0.1243484935497396
58 82 2.128051793988441
58 83 23.013089291789907
58 84 3.4972038432937174
58 87 0.26079232366181937
58 90 0.48834019666518097
58 91 67.06479600151708
58 93 10.672584943549468
58 96 0.1011638598181064
58 97 4.181040166563696
58 100 4.901462701405638
58 101 8.502364198918025
58 108 0.7659872548996999
58 112 4.363822116454485
58 116 0.4051691615138542
58 121 0.8612293750611812
58 125 0.21203821910927562
58 129 0.5595310040229838
58 133 0.06064830424941976
58 135 3.0501651839392268
58 139 3.6359776488053033
58 140 0.6252961304452928
58 141 1.7192681180294693
58 143 20.70233197242832
58 147 0.7328812009995158
58 150 0.8930154556633607
58 152 0.674409216285319
58 153 25.10162926716671
58 156 2.788445457535378
58 157 0.00299147315912879
58 161 2.5796023434298774
59 67 1.583902132206512
59 69 0.4884145176196506
59 70 21.56121716923134
59 71 1.379002256349782
59 72 4.964474854442121
59 73 1.7061602180585378
59 75 0.8262713737398698
59 89 13.485507194324976
59 91 4.804898579573454
59 99 2.0892923401945858
59 100 0.36590054076844364
59 101 0.275842000918506
59 103 4.1190336044505615
59 106 1.0589926183904397
59 117 4.4234267867564006
59 135 1.4809840939274506
59 137 6.217643640289354
59 139 5.0249469371571145
59 140 1.2959296344820779
59 144 1.4567621136486808
59 153 5.081880561664543
59 154 15.39150621012691
59 161 0.3784386515096703
60 71 0.08340194162158197
60 77 1.9932795098019944
60 103 0.9422144101377823
60 106 0.4378481973347524
60 107 0.11088948260895713
60 130 0.16106078412518915
60 131 1.0249993756054774
60 139 1.2112974245787267
60 142 3.9177834043922313
60 150 0.15484219063909763
60 154 0.3690541044210311
61 64 3.773133909259753
61 67 0.6038717951982224
61 68 0.46118361192707547
61 69 2.0222277354808593
61 70 0.8892136474586105
61 72 0.38785550414938424
61 73 1.44450575363612
61 75 1.6560790357366777
61 77 1.5396925191830513
61 79 0.9299568619451608
61 87 0.1864975927777803
61 89 3.1446362876888245
61 91 2.1841340439238226
61 93 0.14849707831003367
61 94 0.3184488253097651
61 101 2.2730748130777627
61 106 0.058002943829595234
61 111 0.6310166688571298
61 113 0.11783480525337639
61 114 0.525114966210714
61 115 0.9570712849891756
61 119 0.5065722920986323
61 130 0.7344841890206694
61 131 0.5322388551346526
61 135 0.187097157847026
61 136 0.15130087510514387
61 138 0.6211366124297867
61 139 0.044630421016451496
61 142 0.07972931635256802
61 145 0.10410367544683054
61 146 0.17351127846392
61 151 1.9491016005861974
61 154 0.06724563182906983
61 157 1.099129232008909
61 159 0.5311743867234683
62 65 2.428216005331646
62 67 3.9023619514989014
62 70 0.9803128619115147
62 71 0.6632487963747964
62 84 0.999728521125265
62 88 1.88281428626925
62 91 0.7547447274863098
62 101 0.012380560554661928
62 105 2.105391783005157
62 108 0.6889943997702201
62 109 16.83668775100239
62 113 1.100538527453048
62 115 5.082122881577206
62 117 1.0602368782594245
62 119 1.415635959569406
62 120 1.1223832743831577
62 128 0.000726745927454257
62 131 2.0634417995768546
62 133 0.06904441882620614
62 136 1.5849718500564145
62 138 2.308019403391343
62 145 5.985592289285457
62 149 0.8719247885023965
62 152 3.1409960251923854
62 161 0.7544437580826631
63 64 3.283457695057183
63 65 0.357679492978871
63 66 0.7649675792269017
63 69 0.197982925906151
63 77 0.39289203821837
63 79 1.091345024060183
63 82 0.1240560673734264
63 83 0.011098463761824003
63 88 0.531169703460784
63 89 0.598892198116393
63 90 2.189517918089866
63 91 0.4526170289135273
63 92 0.3530122518734905
63 97 0.282601789402651
63 100 0.2342686679421043
63 105 0.013246619918230965
63 108 1.2324325445573605
63 110 0.6507643191908625
63 113 1.9101322523870035
63 115 1.2584323892227998
63 116 1.6793052654192706
63 119 0.1584095308382658
63 121 0.16683121081299804
63 124 1.1666420208357642
63 125 0.31707352627182056
63 127 0.03134725964339402
63 131 0.2097593671959999
63 132 0.05845336442992281
63 133 0.8646847174378889
63 134 0.25834108054622357
63 135 0.3700566706184544
63 143 0.3596950036296865
63 145 1.4724386269461234
63 147 0.7796514013955674
63 148 0.2603746887342272
63 152 1.0750878988015755
63 161 0.4574916650429135
64 65 54789.032215000996
64 66 2.996384404460386
64 67 6.793456784934695
64 68 1.7626166073146332
64 69 6.463561784828317
64 75 0.37102627154853207
64 77 0.04078600037660792
64 79 2.2915965014206385
64 80 232.1209049444566
64 85 2.5083403590078865
64 87 0.7976680478283634
64 90 0.17217898759132236
64 91 2.374447369186821
64 93 0.01094275101547697
64 94 0.42541468490516826
64 100 4.616940705863028
64 102 2.841339985518488
64 111 3.867886521526304
64 114 11.809099652350357
64 115 5699915.219054129
64 117 39.99911056361265
64 118 1.6041874485253624
64 125 4.2951780309097725
64 126 16.07047890497938
64 129 6.224522654551922
64 130 0.8812769752467605
64 131 1.807839350824414
64 133 0.9332120091613613
64 135 1.6755062553505276
64 136 1.181499697509397
64 138 21837.457346704046
64 142 0.1170090376981719
64 143 44.31332933306076
64 144 1.2230979961426662
64 149 1.241585078508431
64 150 0.2312058064719007
64 151 231460.4853485617
64 153 88.57476858977459
64 154 459792.6844892924
64 155 1.100818935940822
64 156 1.8517059577052788
64 159 0.6301122297676591
65 66 24.620709782656547
65 68 1.3627105491831402
65 70 18807298.120571848
65 72 261196.65778121597
65 73 4.486074201994753
65 74 121936158.4227504
65 75 1.1640057890952895
65 76 6.418343350187551
65 79 0.6307144316579316
65 81 3.4593576251061107
65 87 0.3778637243613985
65 88 0.13450511800727055
65 92 4.433855677827943
65 94 0.4841857257744214
65 100 3.008004496730813
65 101 1.8017423361557605
65 102 2.100310342390167
65 105 0.9771178489278318
65 108 3.4951738610945524
65 110 1.0556885436684518
65 111 0.6669631136588012
65 112 3.8311197460926736
65 113 1.9318139529367009
65 114 1.5745414859127167
65 115 2708974.051371535
65 117 11.166618043761801
65 118 1.9315476883605482
65 123 3.4864285208509216
65 126 1.615181254531608
65 127 1.8301241996762654
65 128 2.321389304951521
65 129 2.357739190035645
65 131 0.7537582309697373
65 134 33.50015601126113
65 137 22.828624701701656
65 138 64223791.89801107
65 142 1.0705997362585638
65 146 3.6016549482006264
65 152 6.692866886555444
65 153 64.09249566560756
65 154 26334116.924551513
65 160 4.4694861978285525
66 67 4.895867453182266
66 73 1.9355739602800677
66 79 0.15042364431727326
66 84 0.1633239665349242
66 87 3.0561816593075273
66 88 0.24317490322510144
66 89 1.1682967690948933
66 91 21.87591735627578
66 94 0.6526731836831418
66 98 0.5871547333331467
66 103 3.369320361379529
66 106 0.36355121779747374
66 108 3.2223614918052483
66 114 2.5303949484672916
66 127 0.05029282741320413
66 129 4.224705793228944
66 133 0.48333150126662805
66 138 16.71087841130258
66 139 2.4293531720418993
66 141 0.03521896419642163
66 142 0.6698159663636242
66 147 0.09132747229228895
66 148 1.1757074337097473
66 155 0.4014069007174913
66 157 1.5907591597223103
66 158 13.115497390959568
66 159 0.13209985703768837
66 160 2.1157995911363963
67 69 0.7839417464285999
67 71 0.2100259313122926
67 72 7.1194155368271135
67 75 0.7647219882639793
67 77 0.8171645181010028
67 83 7.147004486044634
67 84 0.005311942525588406
67 85 0.7080709269451105
67 86 0.13840818316077527
67 88 1.856936546068748
67 91 2.289769028170525
67 93 1.2955242803951879
67 94 0.09262913863365616
67 102 0.34039954185529736
67 106 1.8845090995932043
67 108 1.9215328992019558
67 113 0.00978002792797245
67 114 0.08903982095129993
67 117 5.792591513092023
67 118 4.98660041861435
67 127 0.06114138202365929
67 129 0.4017043802646336
67 130 0.17921018104686479
67 133 0.12193459584407393
67 134 4.127779885977277
67 137 2.4721574540570033
67 141 0.1377544258380347
67 142 0.4437907356383924
67 145 1.2549590662159371
67 147 1.1627911710848762
67 149 1.5579110238135652
67 151 1.3917155723026582
67 152 9.162260270165165
67 153 0.43009724708248254
67 154 9.185492420008098
67 155 1.482492637060464
67 158 2.483467134824285
67 159 1.922516296633566
67 161 0.094461049336393
68 69 1.3549678243446424
68 70 4.013379566629393
68 71 0.2652746795598806
68 72 0.14849520163420196
68 73 0.12137222233909188
68 75 1.1663915645983784
68 76 0.5556547619688269
68 77 0.9122597292749027
68 81 0.5011696614769948
68 83 0.9476525979962367
68 85 0.3330531993933386
68 87 0.08085543581895582
68 88 0.34914388335148216
68 91 0.8041011776618494
68 92 1.84719737198668
68 93 0.12778501960417982
68 96 1.478289468101582
68 98 0.49034188428338193
68 106 1.5632794903166969
68 107 0.256457561133766
68 108 0.16228430552066786
68 111 0.189067335068037
68 113 0.5377068275626823
68 114 0.4963586602648292
68 115 0.2465282741517744
68 117 0.08573013217763684
68 126 1.9340944726569902
68 127 0.5574992776886756
68 129 0.11128729512662358
68 130 0.8619895014271362
68 135 0.4319440429394498
68 138 0.052206910039253644
68 140 0.2694254371961191
68 143 1.3849762170957818
68 145 0.5823458413161837
68 146 1.1434476274583798
68 152 1.124480207901863
68 157 0.1395366903624976
68 160 0.19019148491378815
69 71 0.3039570500225755
69 74 2.2291303931802537
69 75 0.4096890972047628
69 87 1.0198995295847595
69 91 4.302609217461407
69 93 0.10408349667758766
69 96 0.0016078711823831215
69 101 3.4280223176651035
69 102 0.4020266085140417
69 106 0.15843492418972976
69 112 2.667721619427563
69 113 1.227056761838049
69 114 2.3155296336907583
69 117 0.10340731504292153
69 118 0.08398825646631108
69 119 0.570295758688212
69 120 1.297121832661803
69 122 0.7145947633192512
69 130 0.40429945016400454
69 132 2.9348695550549704
69 133 0.21716295757072085
69 138 2.523302206327673
69 141 0.8296781671354384
69 142 0.4106044703481696
69 143 1.888426089984443
69 145 0.23661389182622833
69 146 0.28092286549309353
69 148 0.7892514166934095
69 150 0.43603017951898315
69 152 1.4746349597811077
69 155 0.39264134321373856
70 72 59367783.98266026
70 73 1.9012473708480802
70 77 0.733565562728575
70 80 129.56077640015698
70 83 9.753288528273407
70 86 2.975582515346844
70 87 0.2988260297509007
70 91 4.248032027871591
70 99 3663833.930084734
70 100 1.214784780266799
70 101 7.476049435630772
70 102 0.08957330617838798
70 103 1.8253245731536205
70 107 0.7796720922558156
70 108 0.42765284415511423
70 112 18.430383985334437
70 113 0.655436843653547
70 115 12743589.75117802
70 117 78.0260189548797
70 126 25.464922112591704
70 129 1.8346657041734098
70 131 1.2763404516572878
70 134 0.5376301800913129
70 135 0.6285174728663129
70 138 8461962.220498715
70 139 1.4786534740136301
70 141 3.0993039551615116
70 143 12.173455164851383
70 145 0.9401732924598161
70 148 0.4352774276972102
70 150 0.3668711098852676
70 153 29.262769383769605
70 155 0.18085153207194987
70 158 5.029236423948642
70 159 1.7247691184528755
70 160 0.4431158934081071
71 73 1.1087821264278026
71 75 0.013664475849182086
71 76 1.4440886975895706
71 77 3.4261654107239514
71 80 2.4941112727320434
71 82 0.10565636659924295
71 84 0.16584023456835006
71 100 0.1335921081621567
71 102 0.6361411698613351
71 105 0.5535053782477525
71 107 0.05323408052755644
71 108 0.06707966167817456
71 111 0.23339312572239615
71 112 2.9402379537084085
71 122 4.3299822107161745
71 126 0.005352311240983828
71 129 0.48226948579592865
71 130 1.3127741512642397
71 137 0.6733546493750535
71 138 0.7850202740893446
71 139 0.45145974886915125
71 140 0.0626976453222372
71 142 0.41317281999079325
71 145 2.675750565087869
71 146 1.8986218479387498
71 151 3.4895259276493924
71 152 0.010928800314405523
71 158 0.10523115585827593
72 73 0.8216917968383319
72 74 32168334.730464265
72 76 7.421198111910997
72 77 0.6844609619549
72 80 40.32781400439069
72 83 41.64906302287161
72 84 0.8120062255836454
72 87 4.6607853814980915
72 93 0.18856324426498006
72 94 0.7987305850077354
72 96 0.7520653508741576
72 97 5.0408751534434195
72 98 0.8861210993056742
72 100 2.4000655422375137
72 101 2.1074665952636087
72 102 1.2672550470450314
72 103 0.7231623893071372
72 104 1.5272764706942359
72 105 0.45114501028905485
72 109 1.986096633140925
72 111 5.478178728654477
72 113 0.02727687204242427
72 115 8444697.301898595
72 117 0.780723090412086
72 121 3.866829737936174
72 125 4.012454943614216
72 129 0.9339282458037345
72 130 1.7466245388173587
72 135 0.12749832269866204
72 137 29.062092527779107
72 138 10446402.656527067
72 139 0.17245117070845184
72 142 2.7583148859962847
72 145 4.837778106752892
72 148 0.026351302985670497
72 151 190013.58517591967
72 152 13.279511659545436
72 153 12.666691510894173
72 157 1.0720817094500936
72 158 1.6203097117285006
72 161 0.23395292265707782
73 74 1.671072192332287
73 83 0.010138114111717776
73 85 2.368106782056923
73 86 2.132290058047627
73 93 0.6670343142341756
73 97 0.12782213579210644
73 102 0.3302311326176321
73 114 1.9913935248782233
73 116 0.937711439417218
73 122 0.12312179307328701
73 125 1.150795905038743
73 127 0.00869646695128937
73 129 0.31746478241963305
73 131 0.3513089696816836
73 134 1.6688970123695315
73 137 0.4054827191135121
73 139 2.400158431711329
73 140 0.23223710692760505
73 146 0.7910721653078784
73 154 1.6242517129169025
73 155 2.15236656894286
73 156 0.49170275863702284
73 157 0.23301031288653218
73 158 0.34544705505875234
74 76 2.320728306250073
74 77 1.2434125315514881
74 80 17.880893067162376
74 84 3.9179367937510086
74 86 1.6391092887395229
74 87 0.03309922196381189
74 89 9.5647421425101
74 90 0.23494450310398668
74 94 1.3285379454603292
74 95 0.39784641115048747
74 101 0.007525868007828856
74 105 4.871676901037115
74 111 1.7357731703960542
74 112 0.6950337919330792
74 113 2.594634943600426
74 117 28.32296906303828
74 118 12.158115793541613
74 119 1.2344486328009288
74 125 5.094285127904378
74 134 0.8509619665261172
74 136 2.380183037278328
74 137 1.0321310082740038
74 139 19.911488329035873
74 141 0.1445005803192252
74 142 0.3846974009215637
74 146 7.206970998682158
74 152 2.6335077094414054
74 154 179682744.43186107
74 158 5.704438337480188
74 161 1.056187258985772
75 77 0.16191523886518605
75 79 3.458591116393305
75 82 0.8185945961968966
75 86 0.5002865209231254
75 87 0.7858143598389019
75 90 0.0031430269966873188
75 93 0.5467056994267708
75 94 0.09917404681281644
75 97 2.07417812124746
75 101 0.4470795575746287
75 105 0.2101358769991696
75 106 1.991686356350199
75 108 3.4307316528384604
75 115 3.0159701574264837
75 118 1.0895253495408477
75 122 2.0346305272664478
75 126 0.10589703710603456
75 129 0.8097116285359147
75 133 2.1313103336440435
75 135 0.5433670855407116
75 136 0.13426255899968825
75 141 0.560920337519017
75 147 0.9914003396864022
75 152 0.2994031805485222
75 157 1.607394715607978
75 158 0.10069006006930004
75 159 0.18719066727885633
75 161 0.18597763265226805
76 103 3.300532555052502
76 107 0.36634427197877323
76 108 0.2950757956606942
76 115 10.084352462612394
76 117 5.259892533550215
76 125 8.48535511180352
76 131 1.0645795829401696
76 134 10.850542031282862
76 136 1.582762307663034
76 142 0.5970420085690739
76 149 4.990115390407626
76 151 9.680555878336193
76 160 0.7613921042086218
77 79 3.063001541830907
77 92 1.337154444808838
77 93 1.0722962741237263
77 100 0.22233811901703326
77 107 3.2675001580345717
77 108 4.1302785067876115
77 110 0.19213018562742765
77 114 0.47028366452911136
77 118 1.072397856406376
77 129 1.1351087391222014
77 130 0.23599035570029753
77 133 3.2157885433590456
77 145 0.4188946804947774
77 146 0.15980298633403212
77 147 0.2977295389515408
77 150 1.149066076251944
77 151 0.7482716918734745
77 159 1.6422115324297004
78 84 1.7013993029214816
78 93 1.1810774690291326
78 109 0.1704595579459063
78 113 0.4992706306885012
78 116 0.7520540411131867
78 124 1.490162777298676
78 135 0.6071879244682852
78 142 0.1171023944069402
78 150 0.9520836183048245
78 156 0.7718508191350585
78 159 0.18288288078394804
79 81 0.3900465486146638
79 86 0.5569839490533
79 87 2.8342921326337267
79 88 1.0957597622655917
79 89 1.4511510413500532
79 90 1.131302941434851
79 93 4.073155726785283
79 94 0.38691652707202934
79 96 1.7870098005715698
79 99 2.9670588488295797
79 100 0.8779477772858112
79 101 4.95359134493029
79 102 1.9264502107276142
79 104 0.459126672048488
79 106 0.6702672451618663
79 113 0.5830788592519633
79 117 3.4675166424371597
79 118 5.6032651665110915
79 121 1.2211878854694957
79 125 1.0700635818664022
79 126 3.062034619814374
79 129 3.138302371701191
79 130 0.0636875446600279
79 131 1.7083982890380462
79 132 0.45584456536415824
79 133 0.9778406501245256
79 135 0.1852042316132297
79 137 2.5300989460269596
79 138 0.35531313148882976
79 139 0.9422165589774936
79 142 0.3140314859063672
79 143 1.093266951686275
79 144 0.23527255209286957
79 145 1.507714514301812
79 147 0.2831433981542567
79 149 0.4090039912999791
79 150 1.3078281625514372
79 151 4.521244680677818
79 152 0.9347805279869981
79 153 9.082513979564487
79 155 1.0981580258366026
79 157 0.47579869607110253
79 158 1.8237255145619853
80 85 3.9399843363657743
80 89 0.5236946165951581
80 91 21.266846671529432
80 92 0.07772185131557145
80 98 1.2767202150773296
80 100 0.3408527698784541
80 118 3.7854318538868013
80 120 0.016171983671486208
80 124 3.811353873863197
80 128 5.1057274190359685
80 133 1.6521576172296981
80 146 0.94326398693077
80 152 1.0323160841461543
80 158 1.799846905969669
80 160 2.0834562307996785
81 86 0.79060555072695
81 88 1.2550661103186809
81 97 2.29485263505259
81 102 1.7559816113776034
81 109 0.5955822277570351
81 112 1.8261044023135506
81 117 1.445381379640131
81 118 0.09554104353327676
81 139 3.8164525514493737
81 144 0.057357429492605125
81 145 0.21172344499319276
81 146 0.05760515823794646
81 148 2.9468677967406878
82 86 1.0277075376073248
82 87 1.2858151565006863
82 93 0.18562179749820432
82 102 3.4386430214178203
82 107 0.8130796133068678
82 108 2.1397028492444012
82 113 0.06360671134837172
82 117 0.08017636483209757
82 122 2.3411473887615495
82 131 0.08075896211938145
82 137 0.830040797722686
82 138 2.66111762935441
82 143 0.09099302132202704
82 151 0.06462342384264996
82 152 0.34048477920886827
82 153 0.48410344368637337
82 157 0.07199870432684057
82 160 2.600210011515318
83 91 0.21229584632687706
83 94 0.5931396117670955
83 101 8.957684621490888
83 102 1.6337635593667033
83 106 1.7413873281154493
83 108 0.397541659021255
83 118 9.314623330334681
83 125 1.3904387379317897
83 130 0.5110928159681403
83 133 3.8740809625385944
83 140 3.159826976984493
83 141 5.032917521842559
83 151 3.5660572935485515
83 154 42.391016107630676
83 157 0.4434003217070724
84 85 0.31619172034519777
84 89 0.21802796371675817
84 93 0.2532952805912702
84 94 0.7677669969254344
84 96 1.8268607185275438
84 100 0.584993060889227
84 101 2.1198020849245167
84 104 0.17856376864257043
84 106 0.37419444942625957
84 109 2.9662716043018484
84 113 0.7257572207887365
84 114 0.07131644341519616
84 115 0.09608486753442441
84 118 0.7783714763986801
84 119 0.7850242616232886
84 125 0.08297218530507208
84 128 0.48026426711203424
84 131 0.14105064359404645
84 135 0.7250739447116759
84 136 0.7519735021927249
84 147 0.09564888820142765
84 148 0.11625356957168285
84 150 0.24609132970441747
84 151 0.04887314209761028
84 155 1.5601179758120882
84 161 0.2798853270419865
85 88 0.6119930132350082
85 93 3.3170874401642143
85 97 1.4227632286879246
85 102 0.03406142737347862
85 105 6.788749682138964
85 107 2.0479989063319786
85 109 1.15435245581154
85 113 0.9204203936793429
85 115 2.54673448632332
85 116 0.07108681250556567
85 117 0.21260855119877264
85 122 2.324504337357872
85 128 0.07443683871732228
85 129 0.4041452793946796
85 137 2.1251342720472186
85 159 1.6367420909531554
85 160 1.456108986540209
85 161 1.0141421981112828
86 92 0.09749509511236217
86 99 0.13718939717810505
86 101 0.28471403869433304
86 111 4.895280041085317
86 112 0.07698891656117879
86 113 2.488478855921777
86 117 0.8222210366881255
86 119 0.08084681489194182
86 122 1.2365918354965972
86 129 2.0777028544823395
86 131 0.8578392604894721
86 136 0.13515796102147742
86 138 1.0984641507388635
86 142 0.5215361330033291
86 145 1.8029182903017016
86 149 1.9871451228334867
86 154 0.08292629610691443
86 158 0.1481828537227745
86 161 0.02310127968522989
87 88 0.32854255129336274
87 94 0.49299864523859777
87 96 0.02231117743246003
87 98 1.4611918070947032
87 103 0.11801487203979193
87 107 1.283389779769733
87 108 1.3967444367303128
87 111 0.344606844404018
87 112 0.46040163780468174
87 114 0.5864545496211732
87 115 1.5524995248119677
87 117 1.7361778706758526
87 133 0.8578709575288607
87 134 0.629540477137878
87 135 0.5543196838906495
87 139 1.6189043822581055
87 143 0.9111913808707469
87 145 2.386238921689376
87 147 0.660544191558208
87 150 1.6421647635991552
87 157 0.6890390980963218
87 158 1.002730796638085
87 161 0.3698916731406355
88 89 1.9699068465689578
88 93 2.1968314873313854
88 95 0.5901537894810898
88 105 3.338836900194091
88 106 0.09778568742947946
88 107 0.5954955181928692
88 108 1.2887295306697433
88 109 0.08286030625278304
88 111 3.0981142254097267
88 113 1.0804830777504546
88 116 1.5538417313138582
88 117 4.571983946752118
88 125 1.321142637388188
88 128 0.24341554550068398
88 129 0.8300217780369025
88 133 0.16568940230733623
88 134 3.1441196301591057
88 138 1.2456002883794612
88 143 1.4932656299467852
88 145 0.0006941537769499981
88 151 1.3948839593769844
88 152 0.49397797098186846
88 156 1.102714724895746
88 157 0.537377182162893
89 91 7.851420770532915
89 92 2.8613108484534178
89 94 0.4530286486098952
89 95 0.8306399765043088
89 98 4.540111004151764
89 99 24.028363138054143
89 100 3.824479414861199
89 101 7.227423434221207
89 106 3.833889964071495
89 107 0.7233955146640187
89 109 6.3694412290152185
89 111 2.0023252648190337
89 114 0.35839350526227154
89 118 0.846499565892582
89 122 0.7280092060270965
89 126 19.068382266567166
89 128 0.31564364192118927
89 131 0.550212309588453
89 133 3.0472949506238103
89 135 0.43807685700751575
89 138 18.388701619458715
89 139 2.631353764884586
89 141 0.37403169863103836
89 142 0.28702120478957305
89 145 0.2778978099928914
89 146 2.0187848000320066
89 147 1.8397224032410773
89 148 0.46088256725320836
89 151 19.961613195941947
89 153 2.798272213218842
89 156 0.7322395863645855
89 157 4.327015336773701
89 158 5.028184387927011
89 161 1.6945903590700022
90 98 0.04615029902453092
90 104 1.293482397293405
90 111 3.271096869186496
90 112 0.5284229508142814
90 117 4.165141256771515
90 131 1.3373087055430515
90 134 1.0099845129439367
90 138 0.5746624947125686
90 145 0.11605942205811051
90 146 0.0639638023148838
90 151 1.4747423382308251
91 97 2.516270909818689
91 100 1.8198528075026954
91 101 3.5201626569847373
91 102 0.048233445080947054
91 106 0.20441595674645394
91 112 9.727394054728922
91 115 1.585281644534599
91 118 13.455956507574832
91 126 1.6371919058336624
91 127 2.033551633143254
91 129 0.2128916553473898
91 134 2.775987669009737
91 135 0.5564224372869078
91 137 2.5778627287983684
91 142 0.20489672010958693
91 143 3.701823334170815
91 145 1.5733280908658565
91 147 1.111933810761375
91 152 10.393590495942364
91 154 9.612177789014813
91 155 0.11415648644374406
91 160 5.8794370679300805
91 161 0.6617120193619047
92 93 0.6645210220772828
92 101 0.5721696796584193
92 102 3.2477909687139825
92 106 0.5704701535453516
92 109 1.1190127305989663
92 135 0.7592211392096261
92 139 0.7721556053265933
92 145 1.2535258662955309
92 150 0.1047952549549299
92 151 4.7500574567008025
93 99 0.8182008591349459
93 102 3.51961309821733
93 103 1.0676924225756852
93 108 1.2261222397436553
93 111 0.39862630629007517
93 112 1.5460150779131407
93 114 1.1456733693307486
93 115 0.6877057428535706
93 117 0.8457409941326465
93 119 0.2816212479045531
93 122 1.2157767265186241
93 125 3.420367565783005
93 126 2.5988006933029095
93 133 3.8385893154852506
93 138 5.986443433738084
93 141 4.137433205815265
93 142 0.08886995406029831
93 145 0.7135083452177774
93 152 0.7689980847335702
93 161 1.7057545735627035
94 97 1.592133915456366
94 98 0.3612314924036272
94 102 0.29133971506865775
94 106 1.8280438612014316
94 109 1.056434666420017
94 112 1.2330517324191406
94 114 0.1776297516187421
94 115 0.49129381829597574
94 118 0.433345908515045
94 121 0.03588758629851127
94 124 0.5280653603912665
94 125 0.8211791558777276
94 128 1.8444361575694412
94 129 0.5455493699538443
94 130 1.920664150439537
94 133 0.07806983804158442
94 134 0.6337023218955969
94 137 1.1040153662302257
94 138 2.374482095243701
94 139 0.12354307622105784
94 140 1.843807533567452
94 147 0.5260998882478682
94 152 0.13764714221980365
94 154 1.027080242361999
94 155 0.3694092173403933
94 156 0.9904155492281055
94 157 1.0127483376786104
94 161 0.10227215551788571
95 104 1.3360573886316673
95 108 2.265419138255875
95 109 3.685048956136215
95 135 0.7013881165116911
95 149 0.28550740742237957
95 151 0.5632789954614709
95 157 0.08564764020208818
95 160 1.0925017710775347
96 108 1.1801950275796556
96 110 0.4651452306012122
96 111 0.5082031127895844
96 113 0.7956741888167448
96 117 1.159279825358985
96 118 1.1748931088645267
96 130 0.3737120078147738
96 133 0.7699192681287376
96 134 1.0796093421364878
96 138 1.5862313107303039
96 139 0.10747318845564217
96 141 2.478048117356944
96 159 0.5769206493571809
96 161 0.48125588444128664
97 98 0.22798124358381397
97 102 2.682043583144749
97 106 0.17198126956505716
97 107 0.20800767722999064
97 108 0.5826410334623865
97 110 1.7789734586610615
97 112 0.8244020551135658
97 114 0.7727666417758912
97 117 1.189062335613581
97 125 2.266177253935005
97 127 0.46458982844354135
97 129 1.8816923910432364
97 131 1.8539611493879067
97 137 0.5995475225977015
97 140 0.38976321679077625
97 153 0.8419413722360933
97 154 0.35270272204538233
97 157 1.9680656203721547
97 160 0.0940403684638195
98 99 4.662524646855264
98 108 1.0748981157630004
98 109 0.357731587505207
98 115 2.0516420323154243
98 117 2.827237279888539
98 118 10.231779079769812
98 134 5.15799396062553
98 139 4.650744495722482
98 149 0.41482305525879837
98 150 0.2490224332677806
98 158 1.2264194091186875
98 159 0.0334148181557126
98 161 2.412208458205682
99 105 1.048426407526436
99 108 0.47414027772718503
99 114 16.793649638787343
99 125 1.9873837080419903
99 126 1.595780909123408
99 128 2.656415046813306
99 137 2.1973382850296463
99 145 2.7952407956687093
99 152 0.8608322908045353
99 155 4.143849865541942
99 157 0.9547603918983449
99 159 2.159889608221643
100 101 1.8077706938008629
100 102 1.8938256924315866
100 111 0.44899204141103694
100 112 0.2415663706296345
100 113 0.21239391010528502
100 114 1.2640817514602003
100 115 2.6734915341313084
100 116 0.5691474622186461
100 117 2.1224032991870008
100 128 1.506310690403581
100 132 0.04356540471182985
100 133 0.05516124515793271
100 138 0.5517556851044292
100 142 0.8523136908786298
100 143 0.010192141048759873
100 146 0.09896335053971883
100 150 0.19308354590052654
100 151 1.2098224646124551
100 155 0.11366921081985976
100 159 1.3451252494952275
101 104 0.1934320799577662
101 108 3.7995507853847412
101 110 0.9144745535038434
101 111 0.24308996913071887
101 115 9.978825990815498
101 117 2.8147499140870393
101 118 0.4588201686701598
101 125 2.5592203546298653
101 129 0.2195708870225181
101 131 0.1306110796554982
101 133 0.22599828375605657
101 134 0.570688678617014
101 135 0.021283486718220924
101 137 1.6215976255133053
101 138 3.1140961286827684
101 139 2.274812559623435
101 140 0.95773824599583
101 141 0.45947706284207457
101 142 1.7457291352353137
101 149 2.594248304399091
101 150 0.35280205599730985
101 151 7.841072861263478
101 154 1.6488479346484093
101 157 1.585435451323049
101 159 0.6078349622468043
101 160 3.534918754292711
101 161 0.7289817798891762
102 103 1.8209479697464557
102 104 0.5648552318943248
102 105 0.037821319288404626
102 106 0.757872848782282
102 108 1.1638660029272863
102 109 0.32228233829145725
102 110 0.6123792106477651
102 111 0.409619963807603
102 115 0.6127862937948432
102 117 1.8151477693997766
102 120 0.47814200190196043
102 124 2.7547824737333197
102 125 1.4699865774023617
102 126 0.45843810119402983
102 128 2.742353138231704
102 131 0.7843331690629739
102 136 0.8491890152070269
102 137 1.7190451066603962
102 138 0.9556472683481754
102 142 1.3564265805555518
102 147 0.6583454724938309
102 152 1.000312333243519
102 154 5.967530558998637
102 155 0.035501411277217725
102 158 0.17431272066362968
102 160 0.9778539342569751
103 109 4.176863990389303
103 112 5.859972796231631
103 113 0.5934271401114259
103 124 2.590940016422448
103 127 2.2738188815864304
103 129 2.6484229397257506
103 131 0.10171487284300808
103 132 0.5525797336410758
103 135 0.9443882508084999
103 137 0.05667415927215709
103 138 0.39180758237085633
103 139 1.1428089460090198
103 148 0.5790626779014076
103 158 2.148372155085668
103 161 0.040063749128042364
104 108 0.6868550082750311
104 115 1.3525462868029323
104 118 1.044867808058928
104 119 0.2474593410046294
104 126 0.2503999390484771
104 135 0.6710561882841731
104 141 0.9695504074408167
104 146 0.4590186910964956
104 153 1.525295193723246
104 155 0.3524714373627556
104 160 0.40613872165079973
105 108 1.2841846832167898
105 109 0.34989478898422954
105 114 0.19365703874732837
105 115 4.472360528633251
105 117 0.5392154174047483
105 118 7.530816715060598
105 121 7.137560179494555
105 122 1.2970942046061336
105 125 1.0978456310143205
105 127 1.13088379684904
105 128 0.028092995226379047
105 131 0.0033301389459102757
105 134 6.192776923505586
105 136 1.1926146954545649
105 138 4.874690338583526
105 139 0.5363395263017746
105 140 0.7199135626470106
105 141 2.599201874117596
105 153 3.34456829843289
105 154 1.9899995373542823
105 159 2.6128768258352735
106 110 0.09733794251928837
106 111 0.027040399627243528
106 113 0.06418595006363972
106 114 0.5001393182457601
106 116 0.1465588616129229
106 117 3.740469940254517
106 118 0.632650812848169
106 119 1.7375168285263423
106 125 0.9931085088975834
106 127 0.7649218165594766
106 132 0.2196846541885753
106 135 0.16675863635258154
106 144 0.3106898964478167
106 145 0.048788376606212006
106 147 0.15086260658381445
106 151 3.6962701133204288
106 155 0.26920242392983695
106 157 0.3491646053993627
106 160 2.1745021958721087
106 161 1.8289018448796306
107 109 1.8496290968450864
107 114 2.4938764205634008
107 127 1.1640674202097467
107 130 0.5431820893893216
107 149 0.8450370260199628
107 156 0.8300961404953983
107 161 0.5882153206064573
108 109 0.12527653059291616
108 112 2.9898166480362707
108 115 0.06219022199390106
108 116 0.9445870282700388
108 118 1.4673842586145138
108 130 0.7032249108589339
108 131 0.22039606668587092
108 133 0.41231650362860034
108 136 0.5556327886393717
108 137 0.09193106085297834
108 138 2.689522013569399
108 139 0.08175441437246575
108 142 0.16000827162121117
108 148 0.8002746110841965
108 153 1.3544596409521144
108 155 0.12803820649455172
108 159 1.4656211046890169
109 114 1.6171577557981047
109 115 3.8675047945248933
109 118 3.7451657261007107
109 121 0.46207987591240723
109 125 1.721014551477433
109 126 14.179200537070162
109 129 3.0120928901789727
109 131 0.31593754270404273
109 133 0.2403456473940979
109 143 0.3400017950699242
109 150 1.2258804592365007
109 153 4.3841090636251
109 160 3.6751418680527954
109 161 0.22623754871794105
110 112 0.3916848010814577
110 114 0.34184663510615837
110 117 0.539497477438653
110 133 0.036004290816355644
110 137 0.2924143062139117
110 142 0.26314251595900034
110 144 1.0684741763403902
110 147 0.2511005730626969
111 120 0.11437673686956784
111 125 1.6664739413498204
111 133 1.2658892396119343
111 141 0.8585188416830212
111 143 0.17867227369336078
111 144 1.0131186338000289
111 147 0.02335408802006267
111 152 3.0374776343301932
111 153 0.6405226788551878
112 113 0.3589231999069717
112 115 23.130267285517572
112 117 1.3169431308065167
112 118 0.6277950837565799
112 119 0.8774838373516699
112 129 6.8143017391256535
112 131 0.09797504897196806
112 134 4.211192256539398
112 135 0.9463678435601367
112 140 0.5977055490010872
112 144 1.230470864165933
112 145 4.7832608818215485
112 155 1.010251751408214
112 161 3.320578991404924
113 114 0.15644001582603323
113 118 1.3027362680129126
113 123 0.19641723078924403
113 128 0.6946163356386952
113 129 0.18741989420001848
113 130 0.14266998560576832
113 132 0.18671842569014768
113 134 0.23183906875343951
113 135 0.4185013138393876
113 136 0.4420075421932101
113 137 0.040616865108432175
113 141 0.0799106397295058
113 145 1.1337961578337536
113 146 2.6397611869700306
113 152 0.6804854862062456
113 153 0.7309013195440338
113 154 0.33310482795956364
113 155 0.7778838794254463
113 156 0.45583665728265177
113 158 0.4079995679216807
113 159 0.3490947303194343
113 160 0.5451004810185847
114 118 6.128567813644806
114 119 0.11000270613535236
114 121 0.9207805530891485
114 122 0.9656630861537717
114 130 0.780914891343948
114 133 1.749477255368166
114 134 0.6497797832254893
114 135 3.1358662998225495
114 136 0.5226703843205429
114 137 3.014006817114106
114 138 2.886124368242836
114 142 1.6789024242163024
114 146 1.7750353035836692
114 147 0.6393879519939409
114 157 1.073574160808647
114 161 0.15769991876421388
115 118 3.16281736168965
115 119 1.6999114377811535
115 121 8.110514082369871
115 128 0.48019650636922295
115 129 1.4331068573325316
115 133 0.4529770013732503
115 134 90.32332206392842
115 137 7.914182330572784
115 141 5.891010121657358
115 146 1.2817714615329434
115 147 0.4683539338333583
115 153 78.57779901264543
115 154 4221138.19208481
115 159 2.3899154734502086
115 160 8.113659638605967
115 161 1.2369717628312749
116 119 0.1913463371006677
116 121 0.0020625145357853094
116 125 0.13355015581970286
116 127 0.050665449558227174
116 131 0.17223463172258946
116 138 1.917271260730797
116 152 2.409791259976848
116 157 0.8163828516675631
116 158 0.021564482498160023
117 118 14.014158453932053
117 119 0.44956595538176775
117 125 1.031502469412298
117 127 2.268693848091835
117 130 1.8750939719359274
117 131 0.0846353360649095
117 133 0.754316139685322
117 134 2.0512016049841573
117 136 0.2661081409188238
117 137 1.612188059616077
117 138 33.02095989957688
117 139 0.7175522878487168
117 142 0.5403259534854136
117 143 6.053046978907197
117 146 4.70925470021535
117 151 27.51345825342056
117 152 1.9988019641927848
117 154 7.388534089199871
117 156 1.151141455744917
117 158 0.7479673029214312
117 159 1.4496739673643302
117 161 0.4856487266674483
118 124 0.060850052100977776
118 128 3.249852374721687
118 130 0.297752405151062
118 139 6.058219697938622
118 145 3.4905678577535233
118 146 2.1413741728076388
118 148 0.14273834671327693
118 149 1.5436640094742087
118 151 2.6100152792013267
118 153 5.048357059722204
118 154 9.291936416032886
118 157 0.1511033450671075
118 159 0.7328852510756607
119 131 1.275898138304002
119 152 0.8798643367512042
119 157 0.05996300579453911
119 160 0.4199291761190518
119 161 0.3592589643273365
120 131 0.7585275025481891
120 139 2.737367179506559
120 155 0.726496050480812
121 133 0.08842637150348244
121 138 1.986355590156233
121 140 2.290041204609063
122 149 0.5640032551277215
123 129 0.2582104915782822
123 130 1.0986651351131804
123 136 0.5114750176042301
123 142 0.08239151785296484
123 150 0.45971623323606153
123 158 1.1032925551999124
124 134 0.9983994627799657
124 145 1.4741137509237523
125 131 2.8077089406628994
125 133 0.3066028042637141
125 136 1.0626861435758912
125 137 1.331462117343422
125 138 21.511834378879666
125 139 1.0378636174206677
125 145 1.9588415534958856
125 147 0.21863744130350488
125 149 2.6209053448864426
125 150 1.1304883646399762
125 152 2.7234014665501194
125 153 4.391124250886537
125 154 0.6238652452117764
125 155 0.6130847067255496
125 156 1.1394985105953477
125 157 2.4712901483213976
125 158 0.7964890190387973
125 159 1.3488606422823413
126 127 0.03909361236318322
126 129 1.557156114571057
126 131 0.3433913879919757
126 134 0.9923682782604011
126 136 0.025076016357946675
126 145 1.7323668449680996
126 157 1.0958810690972187
127 131 0.14034971929992832
127 132 0.3163230566611909
127 137 4.514726652277241
127 142 0.8587410224956626
127 150 0.7225075701136012
127 155 0.3257473847431534
127 159 0.70519644323569
127 161 0.5254864569816944
128 131 0.6043513279302453
128 133 2.036816031911262
128 134 1.382857400454977
128 135 0.18685957276565246
128 140 0.041115161167742505
128 142 0.7092548982657104
128 147 0.27949893974081985
128 151 3.196773685965737
128 154 1.5097621500617988
128 155 0.40995447398225626
128 161 1.1454520077742847
129 132 1.0918624332316327
129 133 0.8283157009522756
129 135 3.9082418815477196
129 136 1.0076807123093576
129 138 0.9772909397297145
129 141 1.5787907607004252
129 145 2.4449486991133127
129 146 0.12447070690648043
129 147 1.6453694157309653
129 152 1.9671898436671074
129 154 1.2950517650628226
129 155 2.142920628883633
129 157 0.4429095793770345
129 158 7.661680752626359
129 160 3.300263788292738
129 161 1.8613100615461438
130 131 0.26176590644075504
130 134 1.5418905241443204
130 139 0.4838909805955585
130 149 0.17277631510135524
130 152 0.22075480832189945
130 160 0.13794561544517397
131 133 0.22238480164205968
131 134 0.9936866391911281
131 135 0.3923516793417804
131 138 1.7499776821462412
131 146 0.14411809655220284
131 152 1.2470325507350837
131 153 0.7231135075814443
131 154 0.1908541689448038
131 157 0.27159346078940105
131 158 0.13617479957697345
132 137 1.7500999931222996
132 141 0.09906769190016293
132 145 0.9059153302440067
132 147 2.166303161562579
132 154 0.5766406731266966
132 156 0.6452803482281305
132 158 0.08454721538455803
132 161 0.46199958322668805
133 134 0.91231782226452
133 139 1.2179459849830132
133 141 0.062123716777015885
133 142 0.8538634885913456
133 143 0.5397977036050741
133 145 0.5857209311790867
133 146 0.37887438552784486
133 147 0.11990840410224035
133 150 0.40437106102044856
133 152 1.11882863044936
133 153 0.7238193416652311
133 155 1.172737320223067
133 159 1.3055621723383402
133 161 0.13134945946841425
134 135 0.18381273505711865
134 137 2.099084916360069
134 139 0.8362854415094294
134 143 0.691655033909101
134 144 4.130108998179774
134 146 0.045963773299020044
134 152 2.2876252897703377
134 153 7.203964697597995
134 157 1.0329750022215796
134 158 0.1414923446310605
134 161 3.746540296711219
135 136 1.0680934993726574
135 141 1.7078122157520161
135 145 0.18838120808908324
135 148 0.18673967652780363
135 157 0.5503041441863074
135 158 1.0501556872451405
135 160 0.6569850262648447
135 161 0.8989039390723392
136 138 0.7259145774905726
136 139 0.15370143293717473
136 140 0.2769211251171119
136 153 1.4643434043473271
136 157 0.5025538541757663
136 158 0.5476355400544213
136 160 0.3467742043479928
137 141 3.59086671949802
137 142 3.3886097919578586
137 145 2.7204382367241595
137 146 4.1070906180424585
137 149 7.704520222274743
137 153 0.013970241554385856
137 155 0.5499970892157559
137 158 0.46121531228932117
138 142 4.335517822548965
138 145 1.9175742805841824
138 146 0.11866629861042681
138 149 7.484481069062875
138 157 0.0950145542046475
138 160 0.6035080478770246
139 143 6.2678718291769435
139 154 16.624322306880742
139 158 0.5429072119826284
139 159 0.027414111683241205
139 160 6.357515639993535
140 145 0.05129165574918704
140 147 0.11501510615059046
140 150 0.2938730171367833
140 155 0.11581973862549562
140 158 3.223341239845116
141 147 4.460712916492791
141 154 5.711697131047995
141 158 1.524631148076333
142 143 0.43474959219903875
142 146 0.00977552878838239
142 149 0.9780581256532108
142 153 4.2985842995173345
142 154 1.3939402876992657
142 157 1.176058582588707
142 159 0.27128437551807516
142 160 0.7226868303132329
143 146 4.175149191611682
143 147 1.1748048271533353
143 159 0.0067285675390608805
143 160 1.1275502449278767
144 147 1.0529442786079457
144 148 0.07006385318609913
144 154 1.3021972348317863
144 158 3.626777397581139
145 149 1.4021842231603905
145 159 0.3348851740753614
146 154 0.5943679883365289
146 158 0.14188158032140313
147 151 1.4462977246180595
147 153 1.1393797689018883
147 154 0.7712360943147933
147 155 0.14663009567641178
147 158 0.5261065243369615
148 154 1.975363750261866
149 152 1.1381099301994262
149 154 17.227327920578663
149 155 1.0950729827143073
150 154 1.8439480913675872
150 155 0.6399554182042955
151 153 33.58686424771883
151 154 852809.7692624407
151 158 1.201313507757771
151 159 0.8557817639114889
152 153 6.333826062687852
152 154 4.001679407309137
152 155 1.096006139832652
152 157 2.062221865931197
152 160 1.4812398583825896
154 155 0.15864227314759496
154 156 0.5189807177309527
154 157 1.9210232847599076
154 158 8.55440580934826
154 159 1.1251203863547776
154 160 0.32208438047322185
155 157 1.3839940271144286
155 160 0.3011894467327858
155 161 0.5504295715048079
156 159 0.1874564981940925
157 158 0.9249633638288105
157 161 0.15429468989079134
158 159 0.2709816213068762
