0 1 1.127332952423431
0 8 6.553041636667211
0 11 0.895081168646474
0 12 0.294297035543004
0 21 1.228230688663935
0 25 1.11196028099146
0 26 0.17888448018086428
0 31 0.5133838213365435
0 36 3.2813596680660533
0 40 1.248343561635785
0 45 1.4207404728828983
0 49 0.15496902867474446
0 51 1.5226095364190722
0 60 0.8890204174378338
0 65 0.13474763473744206
0 69 3.344077145367258
0 70 9.505546378162576
0 71 0.3847253028466353
0 74 3.1078504756895526
0 80 8.403966996309004
0 82 0.9702773924863545
0 88 0.8856334079519503
0 98 0.026552780091340808
0 99 2.486705252058773
0 109 6.975455507583239
0 115 11.170650683275582
0 120 0.6192700859157951
0 127 1.0950389780912795
0 129 9.635565245530243
0 135 4.120933108115942
0 138 3.1649598880097476
0 141 0.9589701657764171
0 143 1.0520557189228235
0 145 0.14946532090191028
0 147 2.011350286272418
0 149 0.8144782427445125
0 152 1.4496073455771676
1 4 2.6043643363379188
1 6 1.8900448894952446
1 9 0.1405850966758566
1 11 1.0558358305835283
1 12 0.09377687920066848
1 13 0.23742221752315887
1 17 0.1918305027893958
1 21 2.489952385551962
1 30 0.09755547188318593
1 32 0.41748778339054143
1 39 0.6705670292454945
1 49 0.21099204673997934
1 51 0.788153608350754
1 63 0.22724903363526833
1 70 0.7965688873588557
1 72 1.463552421095107
1 79 0.04800721890212185
1 83 1.1214320212432094
1 87 0.3657274457812279
1 93 0.8480974852061223
1 101 1.6183573549233194
1 108 0.38167021975068854
1 109 0.8613276178498729
1 112 0.5193500296410598
1 113 1.9170907352467867
1 115 0.740024444303938
1 123 1.1095753272097626
1 125 0.5863446734522744
1 131 0.8340110992882117
1 139 3.216881841426953
1 140 1.6801633893445045
1 141 0.867181197452543
1 142 0.9355322636368402
1 147 0.27929985832987825
1 152 0.3761849083863427
1 154 1.4305911440321981
1 158 0.7288962400122265
2 6 0.6327379562005135
2 7 0.39823876654866314
2 22 0.9822899065323887
2 24 0.9055073247254015
2 34 0.39971026496421713
2 49 2.0872752601326163
2 51 2.1231272148016997
2 56 2.858883043531205
2 61 2.310999767872437
2 65 0.15688505428122462
2 70 2.522843772966112
2 79 4.37289185636843
2 83 0.3278472260078979
2 85 6.931078092384049
2 91 1.253505837335577
2 102 0.0442051615470992
2 105 0.860620754383306
2 109 0.7000636228155848
2 112 1.250564425632708
2 114 0.19436835528553098
2 130 0.1614004715827992
2 138 7.454277083800533
2 152 1.4774760496933834
2 158 1.3340656489827674
2 159 0.019176279962214864
3 4 1.7776819766880938
3 6 1.0518859269361194
3 12 0.13228322842744966
3 19 1.0464763455189299
3 21 0.2656526168780077
3 26 0.416212260591423
3 29 0.04455213850217336
3 31 3.1887786235496733
3 38 1.1776786346355748
3 49 0.15110269283274652
3 51 0.4299457002780034
3 61 0.3439333405363913
3 62 2.3432637400614285
3 67 0.6703693167852233
3 75 2.144521461666255
3 78 1.9202584068475068
3 79 0.8830980511358305
3 87 1.8069457612546562
3 96 0.12263728395724591
3 97 1.4239238345854446
3 101 0.4543806688492245
3 106 0.01939304768298701
3 108 0.14866216926040537
3 111 0.2591300917069299
3 114 0.7608393223313604
3 142 0.21307361937615968
3 147 1.2044658884476003
3 154 1.2263076354495022
4 11 0.7810141150132692
4 14 0.32337917049252757
4 17 0.42304763892069064
4 18 0.7080986900097591
4 23 0.057497229496099055
4 30 0.8910247249042548
4 31 4.707717622517074
4 37 0.12068546240776189
4 38 3.450370487687321
4 39 1.1882384088937497
4 40 0.3594537116251923
4 43 1.3618369049740016
4 44 3.0377896524663766
4 45 1.577884993325631
4 47 0.005536318447340202
4 48 2.1821074478893574
4 49 1.3321185180674926
4 53 0.5715199479505073
4 55 0.30728777760953135
4 56 2.848671131190119
4 57 0.33298703303532873
4 58 4.030856163924323
4 63 1.0391367540070133
4 64 0.32474188704043844
4 66 1.4861789871164717
4 67 1.6478019278291063
4 69 3.1120288669055736
4 72 0.24449026076651884
4 83 0.8453554728388214
4 85 2.757050632960701
4 88 0.3857727526354471
4 89 2.29547870839933
4 94 0.6008353977275345
4 99 0.9181360453059354
4 100 0.27647830259740985
4 101 0.47890855552008366
4 104 0.2937634320901469
4 106 1.8007774177665292
4 114 0.6589942619579682
4 115 1.1846536626513686
4 117 2.5108168351780353
4 123 0.08485881872710199
4 126 0.2273543452358681
4 129 1.9965776643053337
4 131 0.6615694257568164
4 132 1.465469538632999
4 149 0.9139659811947806
4 154 1.5240174785630167
4 157 0.5015311914688829
4 158 0.44869720089242293
4 161 1.349918120169683
5 9 0.0834333235710083
5 17 1.7139431910044445
5 21 0.5516814773877068
5 29 0.5684367183628698
5 45 2.264355917999458
5 55 1.2817618568328377
5 66 0.25366573077673266
5 73 0.0058678118180135195
5 79 0.570209717670282
5 81 0.09715573251479379
5 90 0.8675278391711295
5 96 0.02497914893761151
5 102 0.4067463057986552
5 107 0.07475446590139348
5 121 0.005277142644569903
5 130 0.3389799070037827
5 135 0.35952965809485216
5 142 1.1315170439426665
5 154 1.2295065212493284
5 155 0.612115346304777
6 10 0.25761295871742923
6 18 3.0041667227483777
6 20 0.9379653200870813
6 21 0.3211589167376951
6 23 0.09795534370007235
6 25 0.0100687394230012
6 26 0.827567254501764
6 27 0.4694982217992652
6 28 0.7456805743353905
6 34 0.07659799412678607
6 38 0.8163470013070688
6 40 0.42602003639678954
6 42 0.0062362160022376364
6 50 0.20476945128612137
6 52 1.4536114484846907
6 53 0.2720069199356238
6 56 0.1230174043875571
6 57 0.0014890250688321747
6 58 0.05906317719131901
6 59 0.8510172129543103
6 65 4.07781869099094
6 66 0.6849688286256491
6 67 0.2513765703698847
6 68 0.5800304855253722
6 70 0.7603105428874418
6 71 0.3229201470132411
6 72 0.43636350968180565
6 73 0.6109269035439574
6 75 0.013458655170888121
6 78 0.7180063650105308
6 81 0.587735382378381
6 82 0.032964541087146665
6 84 0.29893055536801877
6 85 1.000589493439762
6 86 0.4577673812710489
6 88 0.1622852306980336
6 89 0.321473767595583
6 93 0.4012892238414376
6 94 2.6924922910579445
6 97 2.01912500058451
6 101 1.0715074228447825
6 104 1.3107768916566684
6 110 1.2504034066690202
6 117 1.3848756730918745
6 120 0.12311158677224278
6 121 1.2718304910453198
6 125 0.3907811824655858
6 128 0.1655378036371282
6 129 0.24909577089692164
6 133 0.7223718745996752
6 134 5.480210660877823
6 138 1.2437365189247314
6 139 1.8835911415009419
6 141 0.10365944521217522
6 147 0.011245801289597497
6 149 0.375290620790528
6 151 1.1233415998320588
6 152 0.8563163494811814
6 153 1.5245996766974808
6 154 1.1605306974576983
6 157 0.18904878639580433
6 161 0.6326784745813545
7 10 0.5370489208197069
7 12 0.7914808988230427
7 13 0.2151651214523208
7 14 1.6459871641561035
7 15 0.11551270401788387
7 21 0.2804057141890142
7 24 0.19451575658746503
7 26 1.053318345257236
7 27 0.6085170802603385
7 29 0.7938858393008458
7 31 0.08410453103873508
7 36 0.33624650235441683
7 38 1.2918753002080252
7 40 2.5217830458857198
7 42 0.7502928669606291
7 45 0.669263720810983
7 46 0.6851512028748835
7 56 1.5492833349286328
7 57 0.003906642383700358
7 64 1.5559846541231468
7 65 2.7078166378298927
7 66 0.2576023462024457
7 68 0.9744258346741504
7 71 0.03266265987588043
7 72 1.672914647966661
7 75 1.2600867103738418
7 77 1.1788843041655535
7 79 0.22164361848623626
7 80 0.09252115159714529
7 82 0.8298803987297136
7 84 0.6748619954515745
7 85 0.10916631315943122
7 89 1.9076416585560974
7 90 0.5747265977250949
7 92 0.24052638859254905
7 99 1.3915534048839528
7 102 0.9017217040142643
7 107 0.3513673285750533
7 108 0.147986456642681
7 111 1.190306393157812
7 112 0.6333514869599756
7 113 0.13367074671648602
7 115 0.8374088209211532
7 116 0.7806419584470572
7 117 0.8587780367227182
7 120 0.04791063440753886
7 121 0.040579142792069735
7 122 0.8329961980630594
7 125 0.146012288107608
7 126 0.27178316994580554
7 127 0.23546753815560809
7 128 0.020366869502608093
7 131 0.7718551218572777
7 134 2.077340601683053
7 135 0.15360416029514942
7 139 0.45363472976111896
7 141 4.3356636214866375
7 143 0.6994844503885901
7 147 1.0875217893248732
7 152 0.45318919208672026
7 153 1.1262739723896722
7 154 1.2863638703645728
7 157 0.16445551329658592
8 9 0.8359303598473049
8 14 0.8469261008657151
8 19 0.4017102706306996
8 25 1.681088545090245
8 53 0.13326427257708204
8 55 0.7657580265672171
8 61 1.358564402068664
8 88 1.9636398602589888
8 94 0.9517813855673002
8 99 8.754369285426522
8 106 1.1356083720739047
8 107 4.134167770183754
8 108 1.7988964369730436
8 117 0.7278146029478166
8 122 1.9180166148196718
8 123 1.4490122797368208
8 127 3.121056055888628
8 131 0.4547329687054278
8 142 0.850537178899468
8 145 2.2350566205331157
8 147 0.8213895330022181
8 155 2.504960705482333
9 10 0.9768730362212286
9 16 1.30513331026646
9 20 0.61985222408195
9 22 0.6652700052893233
9 30 0.005632569986285968
9 32 1.823718911042472
9 35 0.20673658797679165
9 36 2.4483230182157674
9 39 0.6730493311820143
9 42 0.7506881735168303
9 49 5.220651804751206
9 53 4.183077689867175
9 54 7.405136281085485
9 55 3.030211744625824
9 58 5.51554102552392
9 62 3.038198805680643
9 64 1.938833983388685
9 67 4.572047446858376
9 69 0.8966090481608956
9 77 1.2769121011106082
9 79 1.6257113324775159
9 81 1.686611164418037
9 85 6.93096881630566
9 86 1.2362457507952187
9 87 3.60447853359409
9 91 8.783766659141914
9 99 2.2296489251634513
9 100 0.25123058585908853
9 104 0.20434811824713245
9 106 2.4653714721255913
9 107 0.36023398170147214
9 109 3.0061364417336702
9 111 2.474932501214115
9 113 2.266396841854559
9 123 2.747078755894841
9 130 0.9773015945410933
9 135 1.934529326554231
9 138 3.009664908291677
9 139 0.2765114924584043
9 141 2.554917352216219
9 142 0.1275757818618089
9 149 2.3634924507701616
9 150 2.2027431621847553
9 151 2.1824978655937777
9 154 2.1042862762967527
9 160 0.8306015929118686
10 11 1.9677874268479647
10 19 0.7895725011224631
10 21 1.2981041069275276
10 23 1.4946227957284601
10 26 0.025271008257949305
10 30 1.2741713600651705
10 35 0.08330372982475634
10 51 1.5648705247453214
10 58 1.2907432374267882
10 64 3.362760623684722
10 65 2.114685516353631
10 74 0.6662395017615995
10 77 0.2943757167025732
10 79 0.17251790430788777
10 84 4.3557584685834545
10 87 2.34420629140785
10 89 0.8689217065621131
10 90 2.1749738897320428
10 91 0.7151633602601173
10 97 0.7670615879853332
10 99 12.704095359590289
10 100 1.11720007309452
10 104 1.789895719434523
10 105 1.3375079327089736
10 106 0.3786705185914106
10 108 0.026890152256015633
10 112 0.5587631244811665
10 114 0.9460265762311967
10 117 0.2891696804686744
10 123 0.03503565234324672
10 125 1.101549370283288
10 128 5.825537496105007
10 133 0.6503379537302666
10 137 1.9929802752530847
10 147 0.07091937510474915
10 150 0.08063084060331185
10 153 3.6311786176626626
10 154 1.5199611205222323
10 156 0.21041227367997636
11 14 2.5501785728431607
11 17 1.662124209114187
11 20 0.15716733271852762
11 24 5.155954935680733
11 26 1.4437832317338644
11 31 1.2327240565151611
11 32 2.5723343915702577
11 36 0.20444571874024595
11 37 0.3479935658825672
11 40 1.1330621380781287
11 50 0.1509009025808242
11 51 1.7327277733225355
11 52 0.74155770899879
11 53 2.393861907248259
11 54 1.808209707981801
11 57 0.16053201155245297
11 58 4.72899999338793
11 62 1.2426104259951403
11 63 0.22733491536840483
11 64 1.538503744327891
11 65 3.1807792158919734
11 72 0.43810942166642397
11 73 1.6987266124595797
11 79 6.686832110684047
11 80 6.467994264840821
11 92 0.150800176379479
11 94 0.10075641000762237
11 95 4.930836026942912
11 99 6.97498838637909
11 107 0.11114600481419325
11 110 0.03242581024213298
11 115 14.15847322903546
11 118 3.420432200018676
11 131 2.045444555163339
11 135 0.4785033835727617
11 137 2.6332914821232314
11 139 0.7181205584313686
11 143 1.2228137192588266
11 146 1.3324325753503543
11 149 3.359847991710576
11 150 0.6135727034549903
11 151 0.21371776312358196
11 158 1.406508345341849
11 161 5.340685672440244
12 14 0.942097599734721
12 16 0.7540387187728503
12 18 0.479775403249273
12 19 1.125345352639209
12 20 0.036177874368134924
12 21 0.5725161150701106
12 30 1.0505228894981666
12 34 0.6874147461481314
12 36 0.31438102229179415
12 37 0.49120016185413196
12 38 0.16813397426397392
12 39 0.10775394233196602
12 44 0.4752983627306707
12 45 0.02025304903812056
12 46 0.37181024618013836
12 51 0.6474904695755911
12 52 0.7447690324424735
12 56 0.24560936565295058
12 69 0.6562808845786972
12 72 0.22880974755961261
12 74 6.5945414882345945
12 76 0.5628482362683609
12 80 0.20579100271278414
12 84 1.3480096302671563
12 90 0.9625396331169987
12 91 0.40958551965980405
12 97 0.04499892540612731
12 98 1.3384799702884622
12 99 1.241054937163324
12 100 1.4211402601612946
12 109 0.787785023606204
12 113 0.7118368228291423
12 115 1.2732645435476888
12 116 0.0028601032091547934
12 117 0.49659677679992964
12 118 0.013999548258512164
12 128 1.8507097177010738
12 129 1.3018018380463168
12 133 2.1962606351158955
12 134 0.48992667903353093
12 136 0.21397637097596275
12 139 0.19562682187435426
12 143 0.7516858574172276
12 145 0.7145671757675577
12 147 0.3473939405192493
12 149 0.13012133333977924
12 152 0.06066270594834769
12 154 1.5628722935739863
12 158 1.720221412967812
13 14 1.5075100446990828
13 26 1.2177930015774703
13 36 1.5315689170196374
13 40 0.6231273113108148
13 43 0.8049921290770192
13 45 1.9081734932616847
13 46 0.042654597691617516
13 48 0.21184900750174507
13 49 0.5960823066078975
13 51 2.9063186397016123
13 52 1.323618474959312
13 54 2.7170541909689936
13 55 0.030800622300405624
13 56 1.6518106128015184
13 61 0.6579826353663405
13 64 2.5229648629001855
13 65 1.7723002409253639
13 67 1.1866861959120805
13 68 0.8993415207771048
13 69 2.560699442791277
13 70 2.935482677774281
13 76 0.2626055489778625
13 87 1.028071592000457
13 92 0.742224059259115
13 94 0.43568826409686473
13 97 0.17368723561274463
13 105 2.434070400510738
13 106 0.5903400454428611
13 108 0.3602732760409979
13 110 0.2782108985575122
13 114 0.5387330568433097
13 127 0.0032283098439111133
13 137 1.2185277207878988
13 138 1.277640887432371
13 140 5.058889323994038
13 145 3.8227024216202934
13 160 3.4317718970918145
14 15 0.6105025386493936
14 16 0.020747429260086547
14 17 1.6023791051082847
14 20 0.2617559938397926
14 21 1.7304290921824688
14 25 1.8454383435929016
14 26 2.672755169213572
14 35 1.1273247071870218
14 36 0.6994885151457617
14 37 0.06324969767322004
14 38 1.6704467753048646
14 39 0.278372853718098
14 40 3.145429382907671
14 42 0.20217813889363329
14 45 0.08553205401903394
14 51 2.575546381597152
14 52 1.620755005180148
14 54 2.958078798395741
14 57 0.22893020945514256
14 58 0.181243466416312
14 60 0.2456100096746827
14 61 1.6592146248684065
14 62 4.807312515489167
14 64 6.875418919507739
14 65 1.143257615519507
14 66 8.26470447547599
14 68 2.126242949095227
14 71 1.1067835052155643
14 73 0.15813835599440024
14 75 0.28020074242438875
14 77 1.461336942140234
14 79 5.1805173517711784
14 80 2.5063661863470297
14 81 0.14548976169671296
14 82 0.13064543539337098
14 87 0.19744169384450255
14 89 2.813528928721948
14 90 0.7830611862105623
14 92 1.444455599140429
14 93 0.14820964303872186
14 97 0.4037097833404054
14 98 0.3944422939617566
14 100 0.1889071577857195
14 103 2.5059763650686526
14 105 3.3088902456283127
14 108 0.5524525421664733
14 110 0.5761674462100063
14 112 1.0316990145314016
14 113 3.7627851393544667
14 114 4.0720451212245194
14 115 4.0393688705901925
14 117 8.427008572823706
14 118 0.5188967632261553
14 122 1.4013491470213535
14 125 1.9291292884954898
14 126 5.1529761640511795
14 130 2.5567149856271234
14 132 0.03603348606584454
14 136 0.9134543460349912
14 137 2.018187911266621
14 142 0.4331091964995044
14 143 0.14351442743007561
14 146 0.24835977057195302
14 153 2.034086399172607
14 154 1.868989309144422
14 158 2.1303859631336968
14 161 0.24061190336224697
15 28 0.5129874677633476
15 31 3.786647975467618
15 40 0.49486241183299734
15 58 0.5289930948506538
15 61 1.3750578504558204
15 69 0.48559950084975084
15 79 3.4429666836483723
15 80 0.4465574540374377
15 91 1.4244860915841588
15 98 0.48495692900100407
15 100 1.0181232137743597
15 101 0.5185906292766456
15 102 1.396378361722882
15 103 0.48136168274973234
15 109 1.6539161566740335
15 113 0.016254033933119423
15 125 0.20014902660365647
15 126 0.30309529115169687
15 130 1.0466023094819268
15 131 0.13860859020667812
15 138 0.8532593451747575
15 141 0.17356730155333203
15 149 1.0385968817036697
15 152 0.5264904036031298
16 25 6.198262430530671
16 26 1.4005912940811718
16 29 0.2609745163601901
16 34 1.3378267823733994
16 37 2.3317083071486917
16 38 3.429312395427886
16 42 4.484406881279673
16 44 2.610385550530623
16 45 5.112928730478064
16 46 0.7304225479936974
16 47 2.869298794043552
16 54 5.933319078628306
16 67 6.7944937804530845
16 74 14.03960068854809
16 85 9.417706842265808
16 101 2.262555039451751
16 109 34.74433480806067
16 126 2.8254416922685146
16 128 1.911318386723528
16 130 0.21813461032031736
16 131 1.6962221106205209
16 132 1.0979053703373636
16 134 2.0209643315837202
16 136 1.152651965704668
16 146 0.08586248676699149
16 153 32.07277736156618
16 154 12.694114785903986
16 157 0.7535359336881787
16 159 0.7047381899049797
16 160 7.37946435574799
17 20 0.5054498097619567
17 31 9.22184295690934
17 33 5.860967784722265
17 35 1.1530664090117313
17 44 6.595665482324267
17 53 0.6453628434543391
17 54 2.3611924423603776
17 57 0.4388742846594299
17 62 0.6306116801222578
17 64 5.179328213961851
17 68 0.019812598982619768
17 70 5.973505904899059
17 86 0.9198008297733394
17 94 0.062243704307651866
17 96 0.23287697802511512
17 106 0.11470937547095224
17 108 0.17626205350093482
17 120 0.16312667952656343
17 133 0.670993408290892
17 134 0.297193460027169
17 135 1.315826453053791
17 138 8.51332472949597
17 145 0.871654306411904
17 146 0.022829655395283633
17 151 2.2361635125171615
18 20 3.144156954225264
18 25 13.494179287212907
18 27 0.03635312074663744
18 34 1.3086077064313928
18 47 0.4500089648567691
18 49 5.234109443796978
18 53 0.4329175365199324
18 54 1.6054737386539268
18 55 2.3095177564125087
18 56 0.07570944605985032
18 58 7.8593870000681605
18 62 5.760043066710112
18 67 1.1979466888457782
18 68 0.08098411498454057
18 71 1.0329513956970402
18 73 0.7822976994527661
18 77 0.04223675271459089
18 79 2.878463260469495
18 82 1.064673700606269
18 93 0.510616513482739
18 94 4.176378358843373
18 96 1.4119989443254133
18 97 0.27204159635098085
18 100 0.2256517182235729
18 101 2.171324007744263
18 105 0.3670718829227381
18 109 5.1184671512502
18 110 0.8010665394069455
18 116 5.6706845291665955
18 117 3.0585367121351146
18 119 0.5019342888639695
18 120 1.7584618625948494
18 128 0.3460816793933181
18 129 0.4021336545900909
18 134 1.352288444982106
18 138 14.991288679793135
18 140 2.6798104463744425
18 141 0.6771957752232294
18 142 1.2868693972789447
18 151 3.5087769575345495
18 152 5.142844018352479
18 153 1.3273447847465536
18 154 7.2198918760063595
18 156 1.0129418671735249
19 25 0.09526494148336012
19 31 0.10782001858278782
19 32 0.6416360960272645
19 34 0.1030123157875024
19 35 2.2879605345082568
19 39 0.24371048915407176
19 40 0.22348461028878738
19 43 1.9589587172693446
19 44 0.3796548968796844
19 45 1.8277149133716961
19 46 0.003946133778772079
19 49 0.6965992383527961
19 51 0.9002289916431294
19 54 1.399516894787319
19 56 0.8968779462308488
19 59 1.5542697917311383
19 61 0.27131486755618306
19 63 1.6886717483544762
19 64 0.1291015088961344
19 67 2.5445987394392073
19 69 0.020383191831324757
19 71 0.17410618577102302
19 72 0.7914223503567037
19 75 0.2784673302643839
19 77 0.3112462728054077
19 79 1.2987159122201979
19 80 2.532568139307171
19 84 1.1178500736319044
19 85 3.9915514351175236
19 87 0.29204815628833936
19 88 0.47334995181123146
19 89 0.12652859076481213
19 91 3.235551719565697
19 94 0.2674536737893653
19 95 1.1364057466411501
19 97 0.21465802706938178
19 98 1.455156829547445
19 101 0.29797249053493885
19 102 0.12804587965096167
19 103 1.9934215051220068
19 107 0.25958406940590356
19 108 1.8495788721699433
19 109 0.10768045742033222
19 112 0.09374685886486697
19 115 0.11987543983835673
19 117 0.36627604101283495
19 118 0.3500807858822159
19 119 1.8017134365143415
19 122 0.26309426940257014
19 128 0.47893717796890356
19 129 0.11536086190555435
19 132 0.7969509970903597
19 137 4.326174395925645
19 138 0.30022549005896665
19 141 0.10066808109510025
19 142 0.4186816422895451
19 145 0.5697834209113114
19 146 0.022796710734634254
19 147 0.2587715486647051
19 149 0.0541753339780766
19 150 0.05444440409839039
19 152 0.009748925695279022
19 159 0.6127748216046037
19 160 0.5409449819785264
19 161 0.05891792770894903
20 21 0.6250233036363974
20 36 0.7576000140377899
20 43 2.5406136640361208
20 49 2.67285638633479
20 50 0.3881032384871658
20 54 5.882666611694359
20 55 2.6490440518119547
20 65 0.6345804641274105
20 67 0.01906756508802765
20 70 1.0110632907522812
20 72 1.1931761733426702
20 73 0.6713880116521328
20 76 0.6805347198357407
20 93 1.4468446203353738
20 94 0.20240750185140322
20 96 0.17302850870100045
20 105 0.41600886298555445
20 106 0.10549233086640758
20 112 0.3345793208614855
20 117 0.05366065978247398
20 121 1.1048511877333713
20 129 0.4012938622295719
20 138 1.2848563415598018
20 156 1.7368313295546471
20 159 0.16515150088427882
21 24 1.1027006270524629
21 25 1.0469385023577087
21 26 1.779637643252507
21 28 2.6523380755646655
21 30 0.6613026267263393
21 32 0.20625417600808368
21 35 4.360985485931372
21 36 0.5241048309165234
21 38 2.5564915122241216
21 39 0.16318558804448138
21 40 2.6242321708520726
21 50 3.9140004845686818
21 51 4.295613107705778
21 52 0.5246081428146937
21 54 1.673991779470671
21 58 3.7701693102175913
21 62 0.2815292298262825
21 64 0.21745707410874693
21 65 1.4771800350975393
21 66 2.8640721706880425
21 67 0.8702460202134353
21 68 0.643129696749602
21 69 1.3997323974173168
21 71 1.1238675255131998
21 74 1.6222986738451095
21 75 4.010957066818151
21 79 0.36671080066800416
21 81 1.0382276218279336
21 85 0.48648039950249433
21 86 0.7090661029292868
21 92 0.5087490268171864
21 93 0.18301119909239474
21 95 1.0994577586141578
21 98 5.604029002155575
21 100 0.48879366371718025
21 101 2.821449785075307
21 102 0.9678497509707288
21 105 3.2742436170099873
21 110 0.11203372171479535
21 112 0.19235308273796978
21 117 10.30311617158959
21 118 0.754364896402972
21 123 0.2200782939063359
21 125 5.378155972653442
21 128 0.2880920873010038
21 129 2.3509040951958826
21 131 1.245309459719568
21 138 5.552035227162097
21 142 2.199237510442154
21 143 2.544455567338072
21 145 1.2154130822624878
21 146 0.09198632383793408
21 152 0.40110868244822967
21 153 2.228583670392049
21 154 10.067614435566496
21 156 0.22184771102524656
21 160 2.7771660099631172
22 36 1.5437496029990396
22 42 4.630948372971755
22 43 0.45350118377182597
22 44 5.20803877824216
22 46 0.05524333101416432
22 51 0.45123518718398764
22 53 3.0272529714132634
22 55 1.834644602453458
22 61 2.1429031570589845
22 71 2.2103196634539675
22 73 1.155373219169852
22 79 1.9295475682312722
22 92 1.0755194381919861
22 107 0.6528268617654762
22 109 1.691093329874937
22 111 1.4173719668821014
22 122 2.626389924184275
22 128 0.24064579791489923
22 131 1.0585146665499858
22 138 3.4162781999514453
22 149 2.944598313848383
23 25 0.3370062481031545
23 32 0.2027817655939195
23 46 0.40587603137646905
23 49 0.697775210827017
23 54 2.8012700846622463
23 57 0.24756484501315737
23 61 0.8584158734363703
23 64 0.31890483888159565
23 69 0.8159113610450694
23 71 0.397572705693021
23 72 0.0328418325063423
23 74 2.437091449660109
23 75 0.8636163903493448
23 77 2.0401622866050766
23 87 2.0836772438560396
23 96 0.08547133232771305
23 97 0.07740510350079725
23 99 0.38918139062916407
23 101 0.06069415470093596
23 109 0.3537705611118034
23 112 0.12415014844965785
23 115 0.44274602953365294
23 118 0.691257749975796
23 129 0.011905353201962796
23 134 0.6129464518249536
23 138 0.03375191337909238
23 142 0.8075441894671871
23 157 0.1769043213369282
23 161 0.7988766336315145
24 25 2.3428642298439866
24 32 0.4925838797037269
24 33 0.4927956561605987
24 38 6.394714526212492
24 39 0.5755657697438481
24 51 1.5799600748382734
24 57 1.5417387950211896
24 63 0.7473780740057014
24 64 2.9954553952817564
24 65 1.5054807100017953
24 66 2.54413695778905
24 67 1.0134737062915313
24 68 0.20195033735803464
24 71 1.1073646438616762
24 84 0.5658548653452883
24 87 0.5692968093504245
24 101 1.4985858417804745
24 105 1.7500190166937613
24 106 0.149484837241025
24 107 0.6074174419361966
24 114 2.8317444992846563
24 117 8.37071968493333
24 127 0.34852278515844526
24 133 0.36701057510820567
24 137 2.981553396363406
24 139 1.4518197722015056
24 161 0.19613378559902564
25 29 0.49698330308827293
25 32 1.2786036304197728
25 35 2.644496008524558
25 36 0.5148652039704407
25 37 3.0661927582400565
25 40 0.3167841075379762
25 48 14.674021172629407
25 51 2.1895805744846926
25 52 5.821300555569834
25 53 0.8274048047772673
25 59 12.369511817223849
25 65 15.308979413831514
25 66 1.8070038482846988
25 68 1.8048499135089575
25 70 15.858089343162193
25 74 1.9559367314546618
25 77 0.47507123312837235
25 79 8.24258784604003
25 80 6.078174886610593
25 87 0.8024723407442509
25 90 0.12285619060183756
25 96 1.7750731918713158
25 100 1.8465448110201341
25 102 0.26635687717694384
25 104 0.3157330103307012
25 105 0.4223951401891736
25 109 2.284040896436844
25 114 2.1728775745577975
25 125 3.617595306900149
25 126 2.0028979209911384
25 129 8.240872633335112
25 130 0.699575611671887
25 147 0.055985722351992534
25 149 2.8715880980966393
25 151 9.230167984705107
25 154 16.158689056471246
25 158 0.5435819050168512
26 28 0.42489145738122025
26 31 0.5276863310934778
26 34 2.5146474069491975
26 36 2.6088933335993447
26 37 0.49183728153258977
26 38 1.0605174387817118
26 43 0.9855867302203816
26 49 0.162602286791023
26 51 1.1569544681514599
26 52 0.3387711174579216
26 54 1.3395160685563938
26 55 0.05728304052415896
26 58 3.609389289985713
26 65 1.6028290644425853
26 66 1.288524096506565
26 68 0.776356201721984
26 69 0.20447231881970565
26 73 0.16746282488558392
26 74 2.7622488349294763
26 76 2.4433177750110686
26 82 0.6827568401787851
26 84 1.5320496115223086
26 85 2.8114219602593513
26 86 0.027099026772715723
26 87 0.9359966900403567
26 89 2.5739370762840146
26 90 0.139231004498391
26 91 0.6740571562974205
26 92 1.0856968336061243
26 98 3.878803617707157
26 99 1.8395806750674888
26 100 0.272271236106177
26 101 3.8515767815502984
26 103 0.9181129687312427
26 105 4.186593019862974
26 106 0.5336029814363787
26 108 0.4188373832597795
26 109 0.8745930134559586
26 111 0.975627823418495
26 112 1.8941348490016086
26 114 0.6998945496143236
26 117 0.02200298042159863
26 118 0.44899806507655515
26 121 1.0341874354258955
26 129 3.4774974996503074
26 131 2.805796195065165
26 133 0.444287157077702
26 140 0.3965728209735409
26 141 1.5167523864030206
26 145 0.004292313364592535
26 147 0.8265882385904202
26 148 0.6623946889941946
26 150 1.0417320298514197
26 151 9.362889871338757
26 153 2.2278159991316397
26 154 2.7234834374919106
26 155 0.6894732104747588
26 158 0.3107324934576501
26 161 0.031005216936842963
27 41 0.24412161912386046
27 42 3.8385301367588722
27 51 0.2932035456636407
27 53 0.2816827201576536
27 56 0.2576892384984232
27 72 1.1673029382363882
27 93 4.191212350425206
27 98 0.8829393198955205
27 133 0.2170798964669644
27 143 1.1258425875002598
27 158 0.9334274008098458
27 161 0.19529757546737514
28 30 0.20967402545022218
28 35 0.632093308701357
28 36 0.36137416074075784
28 39 0.4288703610435977
28 40 3.181855359824236
28 44 3.204699091383666
28 45 2.856513062022321
28 49 0.7203918092857515
28 60 0.029191385965681226
28 63 0.7841856338998043
28 65 1.2918443645323008
28 68 0.6558733337344888
28 77 0.3094161617339216
28 87 0.7171000726850588
28 88 0.36874662809201475
28 89 0.28274810144685225
28 90 0.041153054817905904
28 91 3.2358344955388514
28 97 0.04855056701212991
28 102 0.4343007679460931
28 106 0.4319045831995479
28 118 0.17648508341479563
28 123 0.14744971044714636
28 126 1.6910002930050108
28 128 3.3119665101088773
28 137 0.3729704062800424
28 141 0.5617541320420874
28 146 1.8149000412645064
28 158 0.9807285048917467
28 161 0.015535130586019264
29 36 1.9031568209163785
29 39 0.09216183809909993
29 40 0.8841815050437521
29 43 0.35218700978869055
29 44 0.25492466121940843
29 50 2.815900865511836
29 51 2.2705081273677674
29 69 2.0446431697816476
29 91 0.27736564770853667
29 96 1.1605283350394884
29 102 0.3021558310957351
29 114 1.9192765510313206
29 118 1.500102095998712
29 130 0.18273047969524717
29 134 1.484647558264387
29 139 0.359328491805578
29 142 0.6717055569734396
29 149 1.3557135150569097
29 152 0.04800507841916604
29 158 0.07017699011403816
30 31 0.6821433014563185
30 32 0.32561426592592685
30 34 1.6494877280826
30 35 0.8971125064434305
30 38 0.615102352860602
30 40 0.20100048219214706
30 44 1.9623949639655784
30 46 0.6676795252976186
30 50 2.3706584176576135
30 53 4.482132469044643
30 54 2.123133095627046
30 55 0.12609044430026
30 56 0.170484741675588
30 62 1.619223841907011
30 63 1.9078775642328518
30 64 0.4200593417961802
30 65 3.2064753941593596
30 66 1.0894973284164713
30 67 0.44436705273944266
30 70 1.138970407563835
30 71 3.6655856803262
30 72 2.5940096970067863
30 74 1.4307552667875956
30 75 1.2352109725705065
30 84 2.3623862474507757
30 86 1.700021947447537
30 89 6.245274442896217
30 93 0.15680818966912022
30 94 0.6497162598820023
30 98 0.037985168394542385
30 101 2.2281947473572155
30 102 0.029590895562935808
30 103 1.305957900691255
30 106 0.3432770877900036
30 107 0.9461756269156353
30 108 0.9015784047092287
30 112 1.7736043934743029
30 115 3.0666769383458314
30 116 0.24069650849350027
30 120 0.1256980877339301
30 122 0.9978809516133436
30 123 0.05724769289637832
30 125 2.2559381566975505
30 128 1.0159555299021032
30 129 0.922987534173342
30 130 1.048730518073392
30 131 1.9215035064054862
30 133 0.5927738589379141
30 136 0.398372453573461
30 138 1.1810829185561373
30 141 2.376341206617316
30 142 1.3527567602670878
30 143 1.0599169651023377
30 144 2.1839939109682653
30 147 0.3464080087878512
30 148 1.0921131290564359
30 149 0.950194497259552
30 152 2.7943120225071607
30 154 8.443004358273052
30 159 6.242059655437607
30 160 2.704917807875091
31 32 2.4602017713061524
31 33 2.441188585562351
31 35 2.0230466126793245
31 38 1.1249913391680382
31 39 0.9593131032435044
31 44 15.883597474256883
31 48 34.779123709132826
31 49 0.23120031632186852
31 50 7.55039280336624
31 54 29557749.65219827
31 55 0.3228558065904783
31 57 7.919153914401689
31 58 2489559.9007987585
31 61 2.4620937947390624
31 62 3.1075040836743306
31 63 2.401171653027256
31 66 5.1486315983423525
31 68 0.0032177559421111375
31 69 5.905783223784604
31 70 28462597.524886698
31 71 5.343128105472882
31 74 62106358.858832374
31 75 2.6135080295734503
31 76 4.774361812643359
31 79 2.2223220721991797
31 85 1.0186697619127125
31 87 0.4660661013863035
31 89 16.362157608394682
31 91 11.360459226674438
31 101 6.3197290800462795
31 102 0.15066524936132109
31 103 1.683591361243378
31 106 2.1188725063259226
31 107 0.5580524678433227
31 108 2.603213376420121
31 109 39.48390205347752
31 114 2.1869326518994727
31 117 10.058657209922108
31 118 4.222399068413666
31 121 0.12949628861528717
31 124 2.5743702072265697
31 125 1.1672952328506505
31 126 12.931784802720246
31 128 3.1822625668781646
31 129 2.7916371395731203
31 131 1.4885046666406767
31 133 1.4624846059113326
31 137 13.882978693204457
31 139 0.49382572803237285
31 142 1.433121651966297
31 143 0.19009443226583794
31 145 0.5472891469303313
31 147 2.210820910831594
31 149 7.96746425101996
31 152 11.891065655518872
31 153 30.060470761911407
31 157 0.16711885506051272
31 158 1.6973625110274322
31 161 1.3384245711358675
32 34 3.2550774396243805
32 35 0.9537751987502003
32 37 0.016208134079539
32 39 0.011464550788208005
32 48 1.994410698857202
32 49 0.36988511469285523
32 55 0.2233460730162556
32 59 1.350820542738079
32 61 0.1668430179300691
32 63 0.09588916806933721
32 67 1.537563307136759
32 68 0.289773993692272
32 71 0.15571750180318192
32 73 0.3095938751860744
32 74 0.3062148625666252
32 85 0.3797139628823947
32 87 0.8870764062607459
32 89 3.7088969696472676
32 91 0.9946253226895929
32 92 0.4911171648549233
32 98 0.7739324043322622
32 99 1.1330247359114516
32 101 0.4524470177879244
32 102 1.2182704761084764
32 105 0.43202600532455593
32 109 0.4460010984693082
32 112 0.243805899724573
32 113 0.19543731985355628
32 115 0.3743289025611823
32 117 3.3509214497390905
32 118 0.43156554452197676
32 126 0.7625029378832908
32 129 1.0654383767712328
32 130 0.13134429757094962
32 131 0.03587088015960459
32 132 1.1005712942843882
32 135 2.0474215733566337
32 136 0.008815629582852225
32 137 0.8782327964246297
32 139 1.6362574865894521
32 140 0.4273371928615651
32 141 1.6439254443626405
32 142 0.266320753217691
32 144 1.7110745178699074
32 145 1.672613364858928
32 146 0.7551480738804102
32 149 0.03581579849942862
32 150 0.13586132310734783
32 151 0.9830950617507916
32 152 0.1129725001833886
32 153 1.959608061696383
33 35 0.44913740170735184
33 44 1.6989695779332794
33 56 2.454901409949845
33 64 3.920107576810181
33 65 17.77236808193661
33 67 3.627816804711713
33 68 0.36227530754210713
33 69 0.11747283416328949
33 79 3.873023111919592
33 84 5.088437151741685
33 90 0.9679250494682797
33 101 0.9543244324587554
33 115 11.36297668194426
33 117 2.9665004254525638
33 133 2.1636156722632776
33 138 2.0780998468821408
33 142 1.5288722429725716
33 145 1.2355915883596744
33 146 1.4149513934652767
33 153 1.9006762021312453
33 160 1.0265976294756287
33 161 1.0669992900753473
34 38 3.753744455611027
34 43 1.563182057733355
34 45 0.16567261571333652
34 49 2.185145909677749
34 50 2.1828031469680225
34 51 2.422158563466957
34 56 2.1786933424527537
34 65 1.2563014152678174
34 70 2.1511583056978325
34 71 1.1286706592640494
34 77 0.1640012668622569
34 105 0.03419624242506785
34 108 0.023595355947886563
34 109 4.83339071915184
34 110 0.0021222117112335687
34 113 0.3593550460687023
34 114 2.8123682658259224
34 117 1.45121686139697
34 118 0.33940734800758715
34 120 0.8095293383802032
34 126 1.387123834908835
34 133 8.311648948681954
34 136 0.06430473724550173
34 141 1.3302403284300088
34 144 1.0694332665156268
34 155 2.0176478467181
34 158 1.8087058490908667
34 160 1.992122598294807
35 42 0.2402359440920908
35 43 1.1910401226276806
35 45 0.08299132104385701
35 52 1.0880021874381425
35 55 0.7287702820303891
35 61 1.7663377114621728
35 65 0.4217879393310931
35 66 0.5180773139636293
35 69 0.5793211792261462
35 70 0.8486713661254216
35 77 0.1312065305681955
35 78 0.7628279689381946
35 79 2.1017088678842715
35 83 0.7951678734987874
35 84 2.2517643603890143
35 89 0.45464564757124415
35 97 0.13435541100889983
35 99 0.6200398009157454
35 103 0.5323332149611096
35 104 0.13692378542875944
35 106 0.2631237555295676
35 108 1.7666245566258882
35 111 0.16369506518899782
35 124 0.22991529647010453
35 125 0.8767307468619583
35 129 2.03622129912041
35 130 0.7552609409980695
35 131 0.01755824127692583
35 132 0.46951674202606886
35 134 1.0560026222709478
35 137 2.327358364355992
35 138 0.21919216399933994
35 153 1.8787832403467368
35 154 0.6444824116784345
35 157 0.9733002783916512
36 37 0.6140772048543311
36 38 2.6914230091035622
36 40 0.890998192306595
36 55 0.982814621239961
36 56 0.45063459199825523
36 63 0.3339365661414573
36 64 1.8446916220187135
36 65 1.462823246699671
36 69 1.515718838605427
36 72 0.9215872393365753
36 74 1.5693207262424782
36 79 2.5121864209888236
36 89 7.533852622437771
36 97 0.582112775521508
36 98 1.0464028242481502
36 100 1.8283145637458553
36 101 3.912454337736476
36 105 1.0069417003190948
36 109 10.222090962461635
36 111 0.9283815841194895
36 116 0.6446474421215592
36 118 1.8657697033977143
36 119 0.22425240416539333
36 123 0.07686779630383099
36 125 0.5126897498231653
36 126 1.0225224010579022
36 129 0.33401280667598293
36 131 0.9671958698556876
36 133 0.020497830823194344
36 134 5.723519596285691
36 137 0.7290909769099704
36 139 1.1977823446881726
36 141 0.33117380568385674
36 142 1.3039533305082116
36 146 0.6432883797090708
36 153 6.467737882669068
36 154 1.606120839229796
36 157 0.5198304289007473
36 161 0.6682059663786312
37 40 0.015210471197126716
37 43 1.027099178371453
37 44 0.4576732592068574
37 45 0.8989110543886782
37 49 0.016064322135471275
37 51 0.7042485192716862
37 55 1.3782845158869783
37 65 7.225528025112732
37 71 0.6053071626806307
37 75 0.6304670497953774
37 82 2.1969693894308784
37 91 4.568385105529676
37 102 1.0116670208298846
37 108 2.553558071055477
37 113 0.00035727905194661997
37 114 3.424071649667704
37 121 0.9852083506710592
37 138 2.325171841330394
37 144 0.8535112030035233
37 147 0.13253003594843968
37 149 0.06311925408159587
37 158 0.8443803150812268
37 161 0.4220052898141566
38 42 0.7844559352716584
38 43 3.980590565698349
38 45 1.2304581391264888
38 46 0.3256755883826936
38 54 6.319136976013433
38 55 2.422748648384482
38 57 0.4350676910977156
38 58 2.2722881693603108
38 62 0.6654170762536277
38 66 6.556527637887821
38 68 1.2004608089546251
38 71 0.2686112520841132
38 77 2.22440247424319
38 79 0.6069303933745146
38 82 0.19563173834188258
38 83 4.428769395291096
38 84 0.2218378841858523
38 86 0.7574562335348938
38 88 1.0300148878577002
38 95 0.8897108005955918
38 97 0.4202070024206758
38 100 0.890403020695611
38 101 2.0303198911140674
38 103 2.056352660601192
38 107 1.4648096633551289
38 108 0.11459847676059175
38 111 0.04227501138676827
38 112 0.7920893134910432
38 113 0.3994201403332154
38 117 0.3244952124540363
38 118 1.0870966966042923
38 121 1.9596041468208856
38 127 0.7605363033033339
38 130 2.192836335763297
38 135 0.0035572810476445786
38 136 0.36013027058072367
38 137 0.795932435983261
38 139 2.6127438618591206
38 141 2.3755251141972527
38 142 4.1246564369298655
38 143 0.9544088316146206
38 144 5.635436788159479
38 146 0.1557899036299415
38 147 0.7638960848202324
38 150 0.008939968157487758
38 152 2.81706108463277
38 153 0.2950382877209876
38 158 4.533487490604713
39 40 0.34061249030734253
39 48 0.3267807632271344
39 53 0.11421898029001884
39 56 0.9997591738721696
39 61 0.3330065585019339
39 63 0.7378001401219726
39 66 1.391472591530363
39 68 0.2817851585446204
39 70 0.8231323073478636
39 71 0.5870148838245337
39 73 0.046121454925872135
39 74 1.5468029503182867
39 80 1.0504397321802632
39 83 4.412548778213434
39 85 0.10602989504704295
39 87 0.6442328736774693
39 92 1.1266212899006605
39 93 0.01624062827215737
39 94 0.3469380487271475
39 96 0.5044495807762348
39 98 0.0735004828628183
39 99 1.061782100770226
39 103 0.8150089905110917
39 106 0.7795718646131694
39 112 4.688823252457477
39 113 0.06190280147732131
39 114 0.016793233545441703
39 115 0.5741262808565716
39 119 0.004647114277608843
39 123 0.511927125836466
39 132 1.6119351695349589
39 133 0.08819413906375938
39 134 0.4150785770927004
39 138 1.5059085587801029
39 147 1.0352721132768394
39 152 1.0352890136766526
39 160 0.8408799997104975
39 161 0.673278349007718
40 45 0.9946408592812264
40 46 0.6045970620752542
40 50 6.141544683989837
40 51 0.6403716985048185
40 54 0.4597938862838377
40 56 1.6448763503238155
40 63 0.6780065265068691
40 64 0.6810773172123489
40 65 4.646141904430941
40 67 3.573132970491737
40 68 1.159262543258202
40 69 0.20585794611069144
40 70 1.4841313620437908
40 72 0.28034357248229974
40 73 1.0330981546507816
40 75 0.587493369664648
40 76 1.97859699712764
40 80 0.7319960051418152
40 82 1.3798097088860797
40 86 0.7912760565471247
40 87 0.5146905067617636
40 88 0.4387058674078924
40 89 0.18154756367012087
40 94 1.6988728023544977
40 97 1.0926898866811732
40 102 0.12821448299177257
40 105 1.7448688715160752
40 106 1.6067050842080173
40 108 0.917859309850923
40 110 0.3319144210801819
40 113 0.38411696447603993
40 116 0.8335947044398838
40 117 5.667589380458902
40 118 2.7159231882814385
40 121 5.048368619064553
40 124 0.6642431305833777
40 126 1.3488386183791174
40 129 11.908899548541012
40 131 0.5526063279187343
40 133 0.10491629831705597
40 134 0.1170272649641892
40 137 1.8925244698682382
40 138 2.131911983509617
40 140 0.5789928800729975
40 142 1.202965584492119
40 143 0.21636773813666926
40 146 0.3944209051187448
40 147 0.7317570452457274
40 149 0.910525546232346
40 151 1.4471733153875028
40 152 4.257535959945704
40 157 5.875433495589406
41 44 0.8809311059905239
41 53 0.8769089292319295
41 56 0.20631755933210374
41 57 0.2677925341473072
41 63 0.6280528921616385
41 65 1.2396537257407512
41 70 10.937412946555598
41 80 5.90542145099263
41 89 4.664731735587264
41 92 0.6219763713646935
41 94 0.09689162435383744
41 101 5.6395318920591935
41 105 0.5123039357517937
41 108 0.7362997090784271
41 113 0.03442002407558306
41 115 1.58586660122501
41 133 0.45217480946428107
41 146 0.24426529957345117
41 158 0.9637004704392769
42 48 0.6721265764440274
42 50 6.865080270181808
42 52 0.9591918877517036
42 61 0.02638016839850374
42 64 1.6304467556204862
42 66 2.8792770930808103
42 69 1.263002495895243
42 77 0.11810095769588211
42 79 0.9406346749619007
42 99 2.2009900393404354
42 102 1.0787629942451193
42 105 5.62077781715798
42 110 0.29661782809053283
42 114 2.6389348464300326
42 117 2.204314126923304
42 118 0.48900519326267256
42 121 0.2526563656152625
42 125 1.009418260022105
42 129 0.7877112282141334
42 131 0.345497854037765
42 137 0.2068976877394625
42 142 0.244820187635089
42 143 1.3692703330786962
42 158 3.521543460789184
43 44 2.555980448993475
43 45 1.0372176847047634
43 55 0.29150882094604286
43 68 0.47816974895956027
43 69 1.1694601126293558
43 72 0.27102774355755355
43 82 0.16652319481345323
43 83 0.09770522320333032
43 87 2.840368539318988
43 92 0.05673969212954408
43 97 1.8237729936997014
43 100 1.7745574838619151
43 101 0.38038582312337976
43 103 2.013819379227298
43 108 0.2566382570243468
43 109 0.8690001969085481
43 110 0.4340546126000672
43 111 0.05785591486902432
43 114 0.1092923812360871
43 115 0.7705915988227117
43 117 2.2234113853257904
43 119 0.32377943788298286
43 123 0.46895353188581146
43 125 0.1183231540519855
43 129 0.9192601988327815
43 135 0.34120890068124216
43 136 0.19612785217113624
43 138 0.4742495833806719
43 142 1.1709269254591708
43 147 0.07188168801732084
43 150 0.025481466492858065
43 151 3.6846476433852486
43 152 0.49513846183069565
43 157 0.4107155545497909
43 159 0.7079336357980193
43 161 0.7352570097779787
44 46 0.36877093307003017
44 49 0.7610865824292598
44 51 5.006495868308279
44 52 3.5170331179312058
44 53 0.6779710917885623
44 54 28.648385283704894
44 56 0.7269272959784977
44 61 1.482213350923866
44 62 0.1912313659872051
44 63 0.24624275500309917
44 67 1.1853949440796898
44 70 3.551923823647365
44 71 0.05365278452150999
44 72 2.475388501817838
44 74 5.315685996141936
44 77 1.5468930457637677
44 78 0.8878370071446814
44 86 0.9367765150518302
44 91 5.010729092756829
44 93 11.660111664899517
44 94 0.24191244736513617
44 96 0.5420005195148163
44 105 1.0407885998163788
44 106 0.30874793922747495
44 108 0.4012278495152971
44 113 0.049393759472925666
44 117 1.223073726323912
44 125 4.201848063222148
44 129 4.610867145920546
44 131 0.129684400160557
44 133 0.7327874664686158
44 137 3.7464591312990354
44 142 1.5738469339729277
44 146 0.09807218767263043
44 147 0.6943591006219815
44 149 2.3020854837331424
44 150 0.08689304665646165
44 152 2.6065991069585617
44 153 0.08028174714872062
44 154 8.848629527671852
44 157 0.7357222652644138
45 49 1.2546403222086009
45 50 1.3372988118794888
45 51 0.19583368070099788
45 52 0.2699763230582517
45 53 1.2505954424267063
45 54 1.8003970772774227
45 55 0.7100177699164729
45 65 0.003076316286452827
45 67 0.12903595520161654
45 69 0.5074972591154703
45 74 0.759002649359559
45 77 0.3819535713055135
45 81 1.7276025831897883
45 83 2.9450081926277147
45 84 1.4185350291205037
45 86 0.19930908775312103
45 89 0.8128827893954848
45 90 1.525980744580004
45 91 2.3538062285761567
45 92 0.11357657792058094
45 95 1.6092559372600432
45 97 0.8601015409065329
45 101 1.3588451892047786
45 102 0.8868021150746765
45 103 0.10909196021287061
45 107 1.1867018614546274
45 111 0.09703534679342642
45 115 3.767448873454112
45 119 0.14336637347222833
45 129 1.4217467252820633
45 131 1.678475632259817
45 133 2.883886790921681
45 135 1.719485267844239
45 136 0.518348022587032
45 137 1.1497835773165892
45 142 1.9657180254652882
45 144 2.701991500405992
45 147 0.14373713375325103
45 149 1.5086293842513654
45 151 0.9613487265265332
45 154 0.7274979467040971
45 157 1.1900079810140827
46 55 1.7609766847649762
46 56 0.24835960355641612
46 60 0.28353003977913105
46 66 0.48735277863473303
46 73 1.0500392508441674
46 74 1.4690461990147576
46 79 0.6998176358019238
46 86 0.1739553265790163
46 91 0.25447766693317303
46 97 0.8952201894519991
46 98 0.8231151518836828
46 99 0.702392742338702
46 104 0.2638843953229482
46 105 1.4510105561612783
46 106 0.08587964273788672
46 109 1.2086665909799055
46 111 0.5921444351038747
46 115 0.4206277164241653
46 117 0.5747195650357387
46 126 1.2073186553493305
46 132 0.48297185225101913
46 134 0.27478259275112066
46 136 0.27258851502186726
46 138 1.2763092320422507
46 139 1.6301856530493322
46 140 0.6368025650243236
46 141 0.32920517009021916
46 142 1.3968567707258608
46 145 0.6647820711329858
46 146 0.2763712711042535
46 149 0.431316680910627
46 157 0.607621035907482
47 51 1.7972271451188728
47 72 5.499847223491552
47 82 0.5410185561233037
47 89 1.3483627849147741
47 92 0.025518316225046515
47 99 0.6893661006749174
47 102 0.030204627887498045
47 107 0.11023870064607365
47 112 2.166591821843604
47 118 0.7975231606330414
47 134 1.6111679284136289
47 140 0.6574474879151855
47 142 1.908158073464968
47 147 0.3258731420543115
47 150 1.3887870527097588
47 151 0.6160854278797872
48 49 4.973072890155333
48 58 8.79707852528616
48 61 0.06283519006606976
48 63 0.10708855966213827
48 70 9.314064299614644
48 71 3.241507454076502
48 72 22.153061398598407
48 73 0.054415853248435835
48 93 2.5880868670499613
48 94 1.597823572202088
48 97 1.7160982070425885
48 98 1.5976544517415932
48 99 52.071540360690356
48 111 0.5531268147149094
48 114 5.280651002534014
48 134 0.918037189089479
48 142 1.4405133362561309
48 158 16.463465788941154
48 160 0.827936533337687
48 161 0.733886202534086
49 50 5.490620310334011
49 53 0.45165291568621146
49 54 4.247315324345446
49 55 1.073869388017787
49 56 3.469891624800919
49 58 2.8058796536232107
49 59 3.3069256321302753
49 61 2.0869921667195306
49 62 0.5697760120207961
49 64 3.3599771919951937
49 65 0.891576011023157
49 66 1.1966277899660365
49 67 1.0957374495411876
49 69 3.673956593964321
49 72 5.358218495356345
49 73 0.97688020458283
49 77 0.8196483512938771
49 79 0.33870134913913247
49 91 1.8646152132882876
49 93 2.1681316719539807
49 94 4.4028700221270824
49 95 11.136292222300368
49 96 0.16338737295411632
49 101 0.3334827472121979
49 102 0.027906094095090987
49 103 1.5559972643938178
49 105 0.11916615489054828
49 106 0.04235026357391217
49 109 1.0680186624790307
49 114 4.577112220508918
49 129 4.762263307922809
49 130 0.10747889205591381
49 132 1.693870781146442
49 135 0.5802345311633255
49 137 11.043745666829873
49 138 0.7941966704408071
49 142 0.15178852412849145
49 143 0.8382592955459717
49 146 0.9320333244885266
49 153 4.181604929996885
49 154 5.63030622041504
49 158 0.6722493724910578
49 159 7.7069374385680005
49 161 1.3467849977897204
50 51 4.184171417668037
50 54 4.041261500201125
50 61 1.1849263576001206
50 63 0.7561274157202036
50 64 8.453267980788787
50 68 0.9950494819521076
50 70 3.800614003484357
50 74 3.242182699706482
50 75 1.1610073260536684
50 84 2.0994259993321704
50 87 0.3828461916493645
50 99 18.654646753010436
50 101 4.883103102482941
50 102 0.2725072240979395
50 105 2.1630880669936094
50 111 3.067572170607464
50 112 9.821443432255323
50 116 2.555710573939714
50 117 33.76176529532535
50 118 18.66151296792664
50 128 0.608004117813058
50 129 0.5713349763812736
50 131 0.2512354041235572
50 133 2.7714340282335126
50 138 17.450723459706353
50 139 3.7114556862209764
50 141 8.625021939164656
50 142 0.9355601316042996
50 143 1.6038645374845786
50 145 0.7084451190649814
50 146 0.578149882891377
50 149 2.7452280714431736
50 152 2.3841523321892475
50 157 10.386782574807867
50 158 4.610736559669334
50 160 7.185119653011877
51 56 0.8619094524312542
51 57 0.4092263745603402
51 58 0.323829641940645
51 60 0.22255585385670082
51 61 0.6011432587504275
51 64 4.90547639173397
51 66 5.371024047745061
51 67 2.913686345266518
51 68 0.2422763777915654
51 71 1.2277824010497569
51 72 17.25270744143656
51 74 2.1475089607307707
51 79 2.968315416741196
51 80 10.0931140850705
51 84 0.546707008840731
51 88 1.163209738496485
51 91 10.770617482885358
51 94 0.06595143608469342
51 97 1.6821014454000807
51 98 3.105015602508689
51 102 0.23865556584907568
51 103 0.9328321989384346
51 104 0.5227428445323777
51 106 6.995942840422677
51 108 2.650930034344048
51 109 8.896564448455974
51 111 2.7272160376031525
51 112 1.9712633137457207
51 113 1.0645514206950208
51 114 0.7130702144405711
51 115 1.8500007133231222
51 116 2.0209338404972703
51 117 4.918812012302867
51 118 4.857418611021895
51 120 0.1726599604908745
51 121 1.6843037382941217
51 125 2.615123813854865
51 127 3.441572923748902
51 128 0.618057675399855
51 135 1.494474416437992
51 136 0.40653029574415644
51 137 0.28586793254473225
51 141 6.7210491733323625
51 142 0.3473660156315429
51 143 1.1388626126333894
51 145 0.08318887185112268
51 149 0.30812321469830206
51 152 6.6021495448485314
51 153 0.6845796321490718
51 155 0.42474050443016537
51 157 5.6177634481883985
51 159 1.00448872573687
52 63 0.1178682530295326
52 64 0.7802146086478815
52 67 0.37671915237540793
52 70 4.353675596561641
52 76 0.042178478547354153
52 77 0.54234182140014
52 88 3.3356572654096976
52 97 0.9579129659531489
52 98 0.21924734367681775
52 99 3.159103186296628
52 109 3.9161671125266238
52 113 0.29151052321643706
52 116 1.2457635307768764
52 117 0.2065268056849478
52 131 0.3281224937713209
52 135 0.20347417541753485
52 139 6.3531875734974
52 142 0.25848940213186355
52 153 3.6608963487973787
52 158 0.6984181453071373
53 54 1.3986052465711791
53 56 0.06260050483776444
53 65 0.2505151077993973
53 80 0.014174219196318024
53 84 0.052677675385445294
53 92 0.4843082695065314
53 97 0.4242993167218331
53 109 4.303433585562029
53 110 0.09004703367604783
53 127 0.20523450244133795
53 133 0.0747489578973111
53 134 0.15939987188047514
53 135 0.12935967096665202
53 136 1.7525253365155908
53 137 0.7979758474388332
53 139 2.697183034237577
53 147 0.27826569803111034
53 149 1.3095578536255947
53 152 0.6951074419619978
53 154 0.46100050558998035
53 159 2.2310701560868793
54 56 0.11232668869902761
54 58 1775147.1319102545
54 59 23.469305678983908
54 61 1.277679362545649
54 70 38591172.44653019
54 72 50426451.18974511
54 74 96335457.92583853
54 76 18.500045878161846
54 79 2.842088705785968
54 83 3.6270719239977414
54 84 1.010605248336329
54 86 3.008215690244168
54 92 0.5543776546512521
54 93 8.650449321590452
54 94 0.7595555084652714
54 95 10.053707621747602
54 97 1.6097273659362556
54 100 3.1488974136441032
54 101 4.411474260306408
54 102 3.3676204701037236
54 110 0.925559770023599
54 112 6.834829668556254
54 113 1.9710411707588809
54 114 2.1060601546530875
54 115 3409790.5359353214
54 117 3.753716028356436
54 123 0.3301413075516207
54 125 2.4832954389658597
54 126 11.20622701526791
54 129 5.654432891619419
54 131 0.133827148684602
54 132 1.1280761512600053
54 133 0.6263581449491825
54 141 0.24947794017421238
54 142 2.5388476493243664
54 143 3.107691331487548
54 147 0.8619775145022267
54 154 167980887.518961
54 157 0.1759543864392219
54 158 0.669690251352445
54 159 0.23922670962806067
54 160 0.7483256003831031
55 58 1.2623659403502119
55 59 1.5296413565949734
55 65 3.8621264257179333
55 66 1.5249589195115099
55 68 0.013426026921014904
55 70 0.1642478426323151
55 72 0.8079747889516092
55 73 1.053687175940813
55 74 0.14800957267440634
55 75 2.5077928777625034
55 79 0.23859101982086484
55 80 6.249516044094698
55 84 0.3624435563409815
55 89 0.6926314817643298
55 91 0.4441207872797471
55 92 2.4838991947037297
55 94 0.7934883234496491
55 97 2.538441275533767
55 98 1.807638645453121
55 101 1.747930747697394
55 108 0.7964814663358791
55 109 0.6330622055634525
55 111 1.9934335985631488
55 113 3.6114591898689077
55 115 0.03580062311259337
55 117 2.2181795602866883
55 119 0.6788031889943651
55 121 0.9196716842597784
55 125 0.18941037117562673
55 129 4.25469648936816
55 138 0.8821110227606522
55 150 1.4432537678918496
55 151 1.9507815038518934
55 152 0.5011081341450508
55 153 2.190376724853728
55 161 1.0081893121259358
56 57 0.26035110599564215
56 59 7.278623695089776
56 61 0.6359011466129302
56 63 0.8238024054858589
56 64 0.24466655750187932
56 65 4.768394360442957
56 69 0.62389021651538
56 70 0.9990025662901814
56 75 0.5981368008342198
56 77 0.834323209095398
56 80 0.43564419705220925
56 83 5.413974145359041
56 86 2.9626818210424446
56 89 0.178674691526628
56 91 3.0618078066330434
56 97 4.235526557219044
56 102 3.887811148310356
56 103 0.04249445278672236
56 105 0.2699767288247391
56 106 0.6085659723875405
56 109 0.5259430700132267
56 110 2.456270263425136
56 112 1.1857128529305645
56 113 0.06713842590775988
56 114 1.9947595096551174
56 115 2.4047742948011046
56 117 0.013131439427389282
56 125 1.405169346536805
56 128 0.6059214133602965
56 129 1.295727942259638
56 131 0.5614113390388099
56 133 0.030797850571710677
56 134 1.130126371331595
56 139 1.1631348730037552
56 141 2.735927980125995
56 142 1.5268238778289769
56 145 0.04546627150031333
56 146 1.605322722408989
56 150 1.7184758725868545
56 151 4.071980156457669
56 152 0.3467827722124837
56 153 0.5592384903788271
56 155 0.35207059185168427
56 158 1.2621841044143518
56 160 0.68929927011509
56 161 2.952727912431146
57 62 0.7358249035243035
57 63 0.5986826037857744
57 66 2.9575276845181855
57 69 0.03163376553795304
57 77 0.45927819206301573
57 80 3.6670937129074765
57 88 3.0050896562095755
57 89 1.1591419000364505
57 90 0.2384830475494531
57 99 1.0392953431571732
57 106 1.1292824944478839
57 109 0.9486556664957705
57 116 0.3859391967381774
57 132 1.1765620114891187
57 133 1.2472472647472927
57 139 3.241476282044732
57 152 2.663890592497254
57 157 0.6391368314582165
57 161 2.1443924522086046
58 60 2.5063701667858016
58 64 19396.668034827526
58 65 239266.490664775
58 66 10.190886325618006
58 67 32.58438602884507
58 68 1.1303542785987668
58 73 4.795357644497397
58 75 1.3221839109396485
58 77 0.2695958923494031
58 79 6.167805468498024
58 83 8.095564174581703
58 84 1.3555196015434738
58 91 4.751924507260438
58 92 1.4170056147715397
58 98 3.8202615004554104
58 99 354394.81985848513
58 100 1.142042872055886
58 103 4.495168416374687
58 106 2.4710418589599983
58 109 12.278039550585646
58 110 0.7604854028300297
58 112 10.182849814575372
58 113 1.3694812668117333
58 115 1388256.6140046068
58 121 5.181483493982658
58 125 0.9673111297921082
58 129 1.1338339944395788
58 137 0.1587877391968668
58 139 34.43770406856286
58 141 10.738674619095683
58 142 0.5100410911605803
58 146 2.6537851192384245
58 148 0.470512624938556
58 151 332150.01716283004
59 62 1.337859528505033
59 64 13.843715869540366
59 67 8.728154127901089
59 68 0.14024587473739616
59 75 0.9569854968229793
59 76 5.679488222422284
59 79 5.458789701512417
59 83 3.6991070736240395
59 87 0.6621687908468881
59 88 3.347834385002976
59 89 4.208347490342982
59 94 0.37596643475441
59 101 3.4719222606307714
59 102 3.1709351591170036
59 108 0.15453146288312727
59 109 5.348798464475843
59 117 5.928083947760607
59 134 6.55108153869076
59 138 1.3760206585126211
59 143 1.8019405862384046
59 149 0.44056787574109
59 151 1.5371307384155422
59 152 3.018017938998887
59 158 5.924256965410284
60 64 0.7016983646992737
60 67 0.4105063026948037
60 80 3.740439448892496
60 90 0.13498508587924818
60 97 1.1808680931230162
60 98 0.3892050296238514
60 111 0.018659141031159322
60 113 0.27145609735406306
60 129 3.8816884073746825
60 143 0.537705989522911
60 150 0.2582051859701217
60 152 1.1068724216937624
60 157 1.3249963705864205
60 161 2.139896864785566
61 63 0.20447141939172175
61 68 0.0312306687273848
61 69 0.9458528289207319
61 74 0.1607727086569215
61 82 0.019194416213271698
61 86 0.5821438449993334
61 88 0.4110910077814661
61 93 0.8200127672439743
61 100 0.7116976446641929
61 101 1.2871865299309588
61 102 0.3815973521973634
61 106 3.9071840980522845
61 108 0.7665941864724184
61 118 0.2704602432848055
61 123 0.21181260320576448
61 129 2.5818304360417996
61 131 0.9720052402856254
61 133 0.021197173401735023
61 134 0.9896606065902601
61 137 0.7938020210046948
61 145 2.4346104786112037
61 154 0.16890897694910337
61 157 1.0780129175733928
61 158 0.3745681536566986
62 65 7.264869988957556
62 67 6.066511507303324
62 71 0.17015694174355492
62 75 1.248397246917356
62 79 6.1342756192074415
62 82 0.6888183777565797
62 84 0.1132429788931669
62 89 9.669093826548156
62 94 2.439158304372283
62 96 0.6331731257395
62 98 1.3972565870923432
62 99 1.7015512467165148
62 110 0.010418366473773035
62 113 0.6478838132067827
62 115 0.5808060536544155
62 117 2.201594746775331
62 118 0.4445971061463217
62 129 2.0884380027052707
62 133 0.8298592632782913
62 145 0.5868483711325815
62 148 0.14563359790198316
62 151 0.019071691047089074
62 159 2.5374511175594345
63 66 0.5507510751093831
63 67 1.083281892702533
63 68 1.2393762417107284
63 72 1.461194270768726
63 73 0.16872354088078848
63 76 0.34263386727261297
63 77 0.45548623865621296
63 83 0.018573118140926246
63 89 0.741128825436392
63 90 0.4868522035261688
63 94 0.30447167391034596
63 99 1.9275078886350294
63 101 0.17950832570346473
63 102 0.04200287432171447
63 105 0.19249505854892277
63 106 0.0532619455032653
63 108 0.7080623056039496
63 113 1.2543091430108373
63 115 1.171807506326295
63 118 0.7617754402482532
63 125 0.9248684388535523
63 126 0.18749840630499223
63 130 0.29782146497598233
63 131 0.256850717504969
63 135 0.3784739084508025
63 137 0.3538670357288746
63 141 1.0645219090399962
63 142 0.3887336211716961
63 147 0.14804849698750663
63 150 1.3340779799723743
63 152 1.1053569047265006
64 65 4162371.1220697938
64 66 6.942711898437883
64 68 0.1530542043864335
64 69 2.5706344266509213
64 70 1195959.2814568137
64 74 1847960.3795231823
64 77 0.7176178009731347
64 79 0.33992507935998184
64 83 54.28974791690802
64 86 0.006021916959890527
64 87 3.979847634529662
64 88 0.447494655156174
64 91 29.854665597778393
64 94 0.05892152821306743
64 95 1.7096812185210597
64 102 4.9026472991485335
64 109 6.625794591396336
64 111 0.2850391213986854
64 113 0.5620862361682846
64 117 11.886331983101385
64 118 0.39666902552608313
64 122 7.533516843127248
64 123 0.19284558487131925
64 125 2.193261245541394
64 126 22.37620649429864
64 128 1.6819814916074776
64 129 0.7554049540670768
64 131 1.028336747681514
64 133 0.5612282195319137
64 135 2.6939814868655207
64 138 1565430.9299865856
64 139 2.37051732686825
64 140 1.4396889267617468
64 141 4.798071774349594
64 146 1.2055204051171091
64 149 2.1343681967778743
64 152 5.589202997339465
64 154 3574180.687321272
64 158 6.308625389585499
64 161 0.4986316730938145
65 67 8.177571635627418
65 68 0.002874499493384939
65 69 0.52588421127455
65 70 10020951.32971915
65 74 15730591.359495215
65 75 4.147109829337935
65 76 1.838921882833606
65 81 2.037290048786372
65 84 0.5541738348826878
65 85 0.10124883807009619
65 88 0.40527783304422244
65 92 1.5498923600049521
65 95 1.1705201365598787
65 96 0.6638112389246714
65 101 0.3060403833874979
65 104 1.7237145640980842
65 105 0.22498249012460816
65 106 3.3641661622124293
65 108 0.5435066057143921
65 109 38.8296056926783
65 110 0.7650544305374246
65 115 2211725.838622637
65 123 0.464568708266931
65 129 19.31432644633565
65 133 0.12405142997250436
65 135 0.01760650593854009
65 136 0.13908119258390078
65 138 35030249.017769456
65 139 5.118071911869455
65 140 1.6234229620948895
65 141 4.17218203439872
65 147 0.21513990386305615
65 151 2812385.9136351054
65 153 77.79237583109298
65 157 2.2357024821963045
66 67 1.1663101415063404
66 68 1.3243646525621513
66 69 4.036654426253935
66 70 25.749843553643508
66 71 1.1385548333758453
66 72 16.512684176003194
66 75 3.5667535652228968
66 76 0.08723298333514792
66 77 2.367730662053543
66 80 25.461815428318648
66 85 1.8087254598745834
66 94 4.339254077536362
66 101 0.32020681775211407
66 102 0.7783602907781887
66 103 1.4276217657505705
66 110 0.10669278538795779
66 113 0.30674614052723154
66 114 1.337336368831717
66 117 3.4838333136301256
66 125 0.5186551255564721
66 126 0.953320496644731
66 129 2.8425198199190387
66 131 0.06076844352917418
66 133 1.6259777521717773
66 134 1.3527053298313416
66 136 0.9208390585710338
66 140 0.23316087690299653
66 141 8.277493767713722
66 142 2.0286713955686757
66 151 5.502040001465234
66 152 1.3295791818767568
66 158 0.2425952224303809
66 161 0.7372912329984225
67 69 1.2909540291973356
67 70 15.959461078367962
67 72 30.84325083118183
67 73 1.756907931429157
67 74 0.9686698820816269
67 75 4.731099181265583
67 77 1.143753770829717
67 86 1.5343691925328882
67 89 4.13399027252464
67 94 0.10439555169332214
67 96 0.2914625335613835
67 97 0.27733726115594143
67 98 0.42216486598349096
67 99 10.86691457066934
67 102 0.5873311129854651
67 103 1.7564551208433554
67 106 0.6516902710485327
67 109 4.629607767458218
67 111 2.089568949521709
67 112 4.926664833577898
67 122 7.342372202656811
67 124 2.8096808463580105
67 125 1.1266117870014716
67 129 0.21786011867392283
67 132 0.03751958037771088
67 133 0.16371442853049142
67 141 5.32426995502391
67 143 1.6409202384120698
67 149 6.752433676106653
67 151 14.219374146651594
67 155 0.22081753391637454
67 157 1.1673724843293927
67 158 6.582856180650194
67 161 0.790464601444015
68 70 2.944117680924716
68 73 1.0735919071227904
68 74 2.7089068305689663
68 77 0.06018618698414982
68 79 0.31088167790509286
68 89 1.1432529246949632
68 90 0.15546263849186923
68 98 0.005600262043638105
68 101 0.21528532522351002
68 102 0.3114501715268037
68 109 0.2762589497042814
68 113 0.10566996429940687
68 114 0.24116700241761338
68 116 1.0400997848581475
68 117 2.2046033401680525
68 121 4.4254164282399415
68 122 0.6505302750417326
68 131 0.365764105432885
68 132 0.4328623326164635
68 134 1.2475013115341083
68 136 0.06444832091106473
68 137 1.131898875046946
68 138 1.0882634329073997
68 139 0.5731684333226336
68 147 1.727495586404519
68 148 1.0519332737373093
68 153 1.6820478195160808
68 158 0.5381502196953228
68 159 0.0521385017967358
68 160 0.17255043281593205
69 72 3.7319031228810817
69 73 2.395345477283977
69 74 2.18158621303366
69 77 0.8520617862553378
69 80 1.0635111810883635
69 82 1.2204808049447657
69 84 0.566176361390157
69 90 1.2746506518955967
69 96 2.6406446354689037
69 98 3.4752970354069013
69 101 0.26917849317827114
69 105 1.448442566854558
69 106 0.7461820625183093
69 108 1.6558724985696514
69 109 0.7997523221265589
69 113 2.8984984127119175
69 114 1.4435937684257796
69 115 0.2591592725290719
69 122 1.1100925161661983
69 124 1.0735139513938334
69 132 2.3842531651911734
69 133 1.9080795196308773
69 136 0.42411761033363193
69 138 0.028636839662915588
69 145 1.3894014709945486
69 147 0.5824383342483775
69 148 1.641978617696771
69 151 2.377534965234147
69 152 1.3932253953542113
69 154 5.994890680925082
69 158 1.1288404693189558
69 160 1.3193687335813824
70 71 1.0669688739414627
70 72 9802356.375575697
70 74 49071990.5703849
70 75 1.4368926083505917
70 77 1.7019415430275837
70 79 8.352437886656634
70 80 13.920080069715898
70 82 1.6202696586493224
70 87 0.9954385663631578
70 88 9.085533203529907
70 89 1.564610902238551
70 92 4.47218484896946
70 94 4.355274865299046
70 97 5.878341483354605
70 99 4355145.810943018
70 102 0.9223114392474646
70 106 0.09911447061364664
70 107 4.458757049088005
70 108 0.4683928968613172
70 113 0.4263190811305494
70 114 4.100775792678143
70 115 1528086.7566230588
70 117 81.55213037636985
70 118 1.6480330396484957
70 120 0.5467468676825653
70 125 1.4820829619313884
70 128 0.22655377440411442
70 132 2.2187157398528226
70 134 1.4141116235561384
70 137 3.675199701066898
70 138 11179064.522641215
70 142 2.926514391883489
70 143 10.767350626442061
70 146 0.5633808406037242
70 151 2230242.470917001
70 152 2.31053689518734
70 153 84.00685845580055
70 155 2.802261986744645
71 75 0.8319130332543272
71 78 1.712072544404883
71 80 2.637362738599617
71 84 1.5631126389850771
71 85 1.4486092634543761
71 89 2.697305500899958
71 90 0.9835217657852614
71 91 1.2698870420762702
71 92 3.196188920062838
71 93 2.4877629797144807
71 94 2.346728250925249
71 96 0.05765792383769888
71 97 0.29201892163003945
71 99 0.25322149448522185
71 101 0.16704540312234176
71 104 1.264316598310199
71 106 1.8539314340648052
71 109 0.7244596508926348
71 111 0.8860836936000022
71 112 1.9381517893296218
71 113 0.026106434814562946
71 115 9.039429671317901
71 116 1.6701986782030194
71 118 0.982030775140053
71 121 0.6737181676144186
71 126 0.548961051909152
71 128 0.5343239800030977
71 133 0.08021067062740801
71 136 0.3693532311267214
71 138 1.4594268108393895
71 140 0.2581271036020702
71 145 8.753245052534677
71 146 0.6282262389868389
71 147 0.14197653097987017
71 148 3.516472430765543
71 151 6.021885879054683
71 152 6.989577991537792
71 157 0.5192022381743763
71 158 1.4804195922537562
72 73 0.40582588886726295
72 75 1.9712242950560457
72 76 2.7272440239659264
72 79 18.65078019441103
72 80 77.74789334811125
72 83 9.34175640455344
72 89 5.904032347016006
72 91 23.172654766352057
72 93 7.576438792695688
72 94 1.0236549673362856
72 96 0.4059002745944271
72 97 0.47727891197602257
72 102 2.0632939726787964
72 103 5.098204995419931
72 106 0.07876586785988486
72 107 3.274255710301362
72 112 8.931870933209408
72 114 8.404199423384759
72 118 32.508716696991875
72 127 1.8879641511923864
72 129 3.3251161960777686
72 133 1.1243172270283457
72 134 21.813868872441905
72 137 4.688885190786764
72 139 11.815879813815341
72 143 11.657461256278923
72 145 2.3961965164004253
72 147 0.7306811414305471
72 152 0.06510619603199702
72 153 16.371957670174158
72 154 46307102.74933146
72 158 17.51915009595652
72 159 0.7932026938436908
72 160 2.467136589077854
73 74 1.697895804478417
73 75 0.44533748129360734
73 76 1.1516806488926332
73 79 0.812217205108616
73 81 0.6335660896176899
73 86 0.04990871597806257
73 87 0.45173937361205746
73 89 0.18645868241838637
73 90 0.7553330559988722
73 97 0.22483214730305515
73 100 0.08627252617899155
73 102 0.5470128313095933
73 105 0.002658664724134207
73 110 0.1605574413674227
73 112 1.4703269408541115
73 119 0.4576522537155805
73 120 0.6339990831601433
73 125 0.7086234414117757
73 131 0.09414605220034454
73 133 0.13677125294342904
73 134 3.0745635528014157
73 135 0.1764903035480647
73 139 1.5483021136968058
73 141 1.2387243825491991
73 142 0.4477490703819975
73 146 0.21059791813655734
73 147 0.18302168215388934
73 151 1.6536514268490843
73 152 0.17703063322734405
73 153 0.19848487023200792
73 154 3.0244282794357646
73 157 1.3773020254319575
73 158 0.8496616021824739
73 159 0.5465563890861745
74 77 0.755206447009509
74 78 1.07944182864214
74 92 0.7145743032199987
74 94 1.5071150483731037
74 95 2.7501642255335454
74 96 3.749009928878841
74 97 1.8151294754046754
74 98 0.013698260851400282
74 101 2.8328066911690115
74 102 3.8339346655418645
74 105 3.259106766993936
74 106 0.6122442900954417
74 114 3.882143153468766
74 115 7632950.392521257
74 116 1.1347390332074299
74 117 23.505270623862092
74 118 21.450261732825748
74 120 1.6617290694952178
74 125 5.364746574789751
74 133 1.3171672628135194
74 134 6.568174315757322
74 136 0.06562510055310807
74 137 11.011795242041602
74 139 12.156930484579124
74 140 0.23727717898709122
74 146 1.7840413465433997
74 147 3.304525656238282
74 148 0.7543883169823392
74 150 1.360206716333913
74 152 8.264944858256813
74 153 1.4656983763205034
74 154 56803824.98727736
74 157 2.861225850262519
74 158 4.447818486303054
74 159 0.219053545513614
74 160 1.634129866144257
74 161 4.165862378926525
75 84 0.3809886001971929
75 91 0.3077500345952876
75 94 0.738238269321892
75 101 2.7045080894539546
75 102 0.28724121719218404
75 103 0.1306408612157089
75 105 1.3025796823075952
75 106 1.0765937773886012
75 109 0.7107566716160221
75 111 0.24925887859647375
75 112 4.549683804925674
75 113 0.7868801343371276
75 114 1.6940783520896967
75 116 0.4016569702304538
75 117 0.37760605868813435
75 118 0.17190126515378762
75 124 0.9684585604309071
75 126 3.3443721171689953
75 127 0.16570620711003714
75 129 1.1040857523066487
75 131 1.7432507593006255
75 133 1.3592046662509325
75 138 6.74691575504856
75 142 0.27326262581587485
75 145 1.8735685330410734
75 149 0.2268071191485092
75 154 0.036007924405087294
75 158 0.8711357738128037
76 81 0.8845243587462245
76 90 0.78906571071258
76 114 2.972738810705779
76 117 0.5026634722905233
76 118 9.120327889814021
76 131 1.6037496629650196
76 138 0.02938985680995801
76 139 7.568539013499102
76 150 3.312896246502217
76 153 3.0435703871455813
77 79 1.086519471645336
77 85 0.1099734289296033
77 87 0.6835453890943041
77 88 0.2212697483326741
77 89 2.5751340033951666
77 90 0.6768310761198034
77 96 0.9486100097352685
77 101 2.548449768975137
77 102 0.1414960871531158
77 103 0.07465910834044918
77 105 0.39312085676718744
77 111 0.32155123185631707
77 112 4.969432217316075
77 117 0.3512056032068308
77 125 3.755395875576203
77 126 2.5351823864636183
77 129 1.2404638956580485
77 131 0.19360866969771515
77 134 5.006566917088453
77 137 3.214599265192965
77 141 1.4758025329405509
77 142 1.0070605851187326
77 145 0.983883643686807
77 148 0.04071396590041739
77 153 0.6180785977740251
77 154 0.20521671218215065
78 79 0.9334417331989928
78 88 0.1833894222064386
78 91 0.759576636216493
78 94 0.21799338685823563
78 108 0.8205514842260831
78 138 0.2778207332196878
78 139 1.0160366124639018
78 151 1.9388062259551504
78 152 0.535057379543618
78 153 2.8884845586698047
78 158 1.7668915596083283
79 82 0.13510884423151942
79 86 1.7693395413304747
79 89 5.604037509328067
79 93 0.6258197287969446
79 98 0.1118464914805463
79 99 7.2573675706001355
79 102 0.6226523560320825
79 105 4.382655110301865
79 112 3.9974760232509077
79 113 0.20442631068602038
79 115 1.8817755563242429
79 117 1.634654544993135
79 119 0.829804081467989
79 122 1.5734520640902154
79 123 1.3313820101315885
79 125 0.581594545189304
79 131 0.5004167147863038
79 132 5.7602855248847
79 134 1.240678878741511
79 137 2.5166787573044664
79 138 1.2948406132007624
79 139 0.0572476945228734
79 142 3.8697450888056655
79 143 1.2565280428022632
79 145 0.1228765562892325
79 146 0.8816474212709522
79 149 1.9995977531222124
79 152 2.435477735483632
79 154 0.11653952226750953
79 155 0.3075147259396233
79 159 0.22441744099510827
79 161 1.9933657846778534
80 87 0.17298878028465572
80 88 0.7925213749473706
80 89 22.800681639809078
80 94 0.07700423678661385
80 99 403.3779210549179
80 100 2.255975575540414
80 101 11.663120614054261
80 106 0.06471405329875073
80 108 0.961173651723119
80 109 7.315928259232612
80 111 0.9460621040996727
80 112 4.671930175303365
80 113 0.24652582892801117
80 114 14.723436492096084
80 115 349.37118612964497
80 117 18.152400953618688
80 123 2.949136571671712
80 126 15.393779610924568
80 130 1.685005736947902
80 133 2.4833236954809705
80 142 2.068100364170032
80 149 3.6988043516853493
80 151 148.0915688073915
80 154 61.09904241023799
80 159 0.14066408660465338
81 84 1.5262675179961809
81 102 1.8389695596550286
81 117 0.12085699603709436
81 126 1.1664860069623948
81 131 0.3637277908081297
81 137 0.6218558164106481
81 139 1.9151172237319665
81 142 0.16007524007265111
81 147 0.6257931982079831
81 148 1.0663493976732883
81 153 5.281922664702657
82 94 0.7855873504389883
82 97 1.4797409990354609
82 108 0.4408186906778705
82 109 13.390732806333045
82 112 2.905458904761521
82 129 0.44435059497786505
82 130 1.1035684815913227
82 135 1.1680549530918547
82 137 0.5139324879145043
82 142 0.24304365354377452
82 147 0.1945877495196038
82 150 0.4804886120932005
82 154 1.0534345136774552
83 85 7.493010850238311
83 87 4.032179713711903
83 89 18.548510028763307
83 93 3.482402287902005
83 101 0.25140986932753895
83 106 4.004763991404729
83 109 1.181548398856317
83 113 0.05802575038533063
83 118 0.3959648914738018
83 121 0.04493204210305853
83 129 1.7291564408453695
83 131 5.988367261517632
83 133 0.14002860273117693
83 134 8.78073906943967
83 153 75.02886725039292
83 158 2.289644202545014
84 86 0.13849584857468555
84 88 0.38192182460973484
84 96 0.9651953184469338
84 97 0.1298763552438311
84 103 0.13653261493807617
84 105 0.6232141233944142
84 106 0.5019322129226659
84 108 0.0741366377664677
84 109 1.6885169156473532
84 115 1.3823855573299433
84 116 0.6400756703260312
84 128 2.290474952281586
84 129 0.21426507733407982
84 130 0.8728618824144649
84 138 3.4894196800607356
84 139 0.22749584024390446
84 141 3.2464692401003195
84 148 1.103323536983099
84 151 1.371453470413644
84 154 2.8586269123554886
84 157 1.023302303512488
84 161 0.2781360506777417
85 97 3.359752405033593
85 102 0.18896558512287306
85 103 1.0845734589527911
85 105 0.760216579874372
85 106 0.20842221989177065
85 107 1.469949350284023
85 109 0.5241275707183026
85 111 0.32304314408824025
85 112 0.1318523379860762
85 118 0.01012882149830537
85 119 0.4460131390465222
85 121 0.4207815582920759
85 127 0.6742696719912051
85 130 2.5669890752732254
85 133 1.728381025198216
85 137 3.0539972749102606
85 138 0.8740614319903302
85 141 4.620134022618597
85 144 2.812225995853908
85 151 6.261703830937323
85 152 0.25676374513621764
86 89 2.7109282599483517
86 91 0.10202368501221849
86 94 0.030512550603161714
86 99 0.49150440984221666
86 102 1.4642966818846175
86 107 0.4329860602733415
86 112 0.36005647641126765
86 113 1.0952120787723707
86 114 0.29849663473697413
86 115 1.9553472035447692
86 149 0.20614623416297917
86 152 2.188479305721271
87 89 1.805557226759147
87 94 0.5877070761963519
87 96 0.28440337003692845
87 104 0.7261924359085548
87 114 1.8737854567802448
87 115 0.2684824105974378
87 117 1.6320032393521768
87 118 0.31129807279665767
87 130 0.23726252697675068
87 132 2.1023158975973657
87 134 0.17784754163753622
87 136 0.621452375561657
87 137 1.5396846874588264
87 138 0.2891622868445342
87 139 0.2916423536993141
87 140 0.7436403736188156
87 145 0.44260715877213563
87 146 0.034810292957318946
87 147 1.1180764121052986
87 153 0.5499866979358341
88 89 2.2108872054272033
88 92 1.232200147599278
88 95 1.8270361774446204
88 99 3.337130592079846
88 104 0.5298915643442608
88 106 0.3921159797177802
88 107 0.47199738210646125
88 114 0.136821173941124
88 115 0.17843088360622472
88 117 0.4036390816047454
88 119 1.3622394506998865
88 120 0.001314650574860719
88 122 1.4893728222249862
88 127 1.2594841122110347
88 129 2.9598346421254456
88 131 0.9607981490344575
88 134 1.705069651065404
88 142 0.376192188963941
88 143 1.1755936069711992
88 147 0.3303142554471223
88 161 0.004336250170229269
89 93 2.6304446684322422
89 94 1.08987685825391
89 97 0.09764041467596699
89 100 4.633158221398553
89 101 0.8852739620190537
89 104 0.5359843787965932
89 107 3.0657924224124065
89 108 0.9584633828911041
89 109 6.973643990060765
89 114 3.0406112210710337
89 115 18.344315668896922
89 117 5.534988285750706
89 118 2.552570961794313
89 121 0.05219133794121615
89 129 1.6850339913800858
89 131 0.230569776056128
89 134 0.24677497229155854
89 136 0.3805723487324002
89 141 7.892520644539843
89 142 0.18510108461210792
89 150 2.0101068169888396
89 151 5.563390287735498
89 154 39.545902573516926
89 157 0.1462375969025333
89 158 6.306198867532549
90 99 1.369000729803049
90 104 1.0091364167495227
90 109 0.9797126315626948
90 111 1.7391568215095121
90 115 3.2551397369121444
90 139 0.5014240322150425
90 148 0.012116910373133817
91 92 1.3496130227640628
91 93 0.0015447339471455095
91 94 0.16215294362518004
91 97 3.1348506154347957
91 98 1.6312519884183119
91 101 0.792457431248664
91 105 1.747811668986566
91 107 5.849679965914258
91 113 0.015320062362818921
91 114 6.333175043258051
91 115 56.473274093449035
91 118 4.602328430865919
91 121 1.1955001555476892
91 127 1.0681938274956038
91 129 1.9487476927103071
91 133 0.13872968583194173
91 145 1.9911055997078493
91 154 7.335108666565203
91 157 0.8735248069250531
92 100 0.07385005456106158
92 106 0.9364514658664347
92 124 0.3859443276980336
92 125 0.27446726372038
92 126 0.20371675583458862
92 127 2.1926300302297967
92 128 0.19357662108827997
92 129 0.029873489086710066
92 134 2.473578376253296
92 137 0.5707531544221349
92 139 2.843460937940441
92 141 2.4952141123846663
92 142 0.3066259510938556
92 143 0.35077027676047057
92 145 0.30307699726087806
92 152 1.9236904094974854
92 154 1.9391056963909759
92 157 1.4782465438744008
93 97 1.5036242062842833
93 100 1.6187553496422697
93 102 1.0011551436476194
93 108 0.2365543471034107
93 114 4.8448987408657676
93 115 0.6815162917612679
93 117 5.772572423178093
93 119 0.5358187043627952
93 124 2.598144423234478
93 129 1.0037224254115698
93 141 0.2622364005652475
93 142 0.11025166121809354
93 150 0.44236829785475756
93 151 2.9643701305793764
93 152 1.3302363750146475
93 154 2.6576023529565984
93 157 0.07685464088146868
93 159 0.001714031657384971
94 95 0.022536530003724898
94 99 0.23232029967691203
94 102 0.44078920951274736
94 105 1.335137449642092
94 106 0.7859420326387081
94 113 1.631051120453875
94 115 1.9262942443004263
94 117 2.0525395636581747
94 120 0.9404305678801048
94 125 1.9738823967894283
94 126 1.7514411423599416
94 130 0.07737646056906085
94 131 0.796691971093144
94 132 0.19644708021642193
94 145 0.1467688895963962
94 147 0.2734933949482505
94 148 0.4109188421520677
94 155 0.10897999447973986
94 157 2.347402491623341
94 158 0.22184489508613983
94 161 0.34951462556723584
95 102 0.5341480977793637
95 103 1.2753540066274487
95 114 2.261936430058038
95 133 2.097772312235881
95 134 0.7344626465468429
95 139 12.571603973482194
95 143 4.135552852905177
95 145 0.11568761721322329
95 161 0.24690904849577655
96 97 2.535707800324978
96 113 0.43852634190209616
96 119 0.3661523704790176
96 130 1.73259796671103
96 137 0.9769285407904743
96 142 1.4226234415887322
96 147 0.025996435378050044
96 156 1.074993009072834
97 98 1.0814422820392342
97 99 0.010614541911889425
97 101 1.7698803510638415
97 103 0.9529052509589705
97 107 0.3437643800532356
97 108 0.0090557503209202
97 109 0.15249031180967929
97 111 0.6164456061380217
97 115 1.625005474906902
97 117 5.605433965757487
97 125 0.554279278315194
97 126 0.0017429862784280482
97 132 0.5357042772678878
97 135 1.0267481980146231
97 137 1.2152511747905013
97 139 1.9897957571446618
97 142 0.3257199133346393
97 146 0.589104856290586
97 147 0.14860547305550265
97 150 0.624895954153497
97 153 2.1341346402497217
97 161 0.9668971107453403
98 103 1.7265937829096725
98 105 5.494494665019508
98 107 2.52662583285242
98 111 0.5205163246598551
98 113 0.6968458320738244
98 122 0.864721037572978
98 127 3.0530493726456576
98 131 0.5448844878876224
98 133 0.027793015088887856
98 134 7.752411952945177
98 141 1.5154279204062602
98 143 1.0686079725657573
98 147 0.10073436490582942
98 152 3.1558092000533313
98 153 4.987855592224213
98 154 16.303506621308394
99 100 0.5939088410707881
99 102 0.46946363290036264
99 107 0.17517623766330692
99 112 10.25288705977243
99 113 0.2870521740241347
99 115 1654422.3303371754
99 116 0.4161120630562456
99 129 2.8136626029021756
99 130 0.17345548530892033
99 131 0.1185283754962029
99 134 4.733592324959869
99 138 968702.4507008079
99 142 0.17954860719828522
99 143 0.9476559182707018
99 147 1.151132918320533
99 149 5.700120547929871
99 151 949269.2619367655
99 157 1.663365764271678
99 160 1.0825129595234975
100 108 0.7269111313910354
100 112 0.8569565246505307
100 125 0.2508797723657306
100 127 0.21663195846163574
100 129 0.8325545055640801
100 131 0.6851085142952309
100 132 0.1309790467593373
100 137 2.0506222550208197
100 138 0.6686619776908448
100 139 1.6409832618167652
100 142 1.5783070657108575
100 147 0.13859930991912672
100 150 0.11059460548064239
100 152 0.26754079475527287
100 159 0.44990959534541625
101 109 8.014535363261823
101 110 0.46605033674686086
101 111 4.094773698048953
101 112 2.330831906323118
101 113 0.5154030840990771
101 115 4.323003733012679
101 117 1.9964728994371377
101 118 1.723354012344031
101 119 0.555804713899933
101 122 1.873293302709728
101 128 1.3594215384029948
101 129 9.533823825962806
101 132 0.12971159151562908
101 133 0.22900721891324674
101 134 1.3497039309090764
101 139 2.056596802301184
101 142 0.5585016517017212
101 145 0.4494443104307965
101 147 0.025057397419897976
101 149 5.245696217554629
101 157 1.7504203426869267
101 158 1.7179364959809598
101 161 1.134588953788452
102 103 0.07126692424152198
102 104 0.281690167575319
102 105 0.3598956056439696
102 106 0.7590916462263964
102 107 1.290717049478968
102 109 2.1641417146974518
102 111 1.2186961499038012
102 114 2.0217578023719476
102 118 0.26439267049855936
102 120 0.22937165872549464
102 126 0.26068796044538955
102 127 0.22726093230609937
102 140 1.3547100151758644
102 142 2.0724929731206676
102 145 0.7270946859674204
102 154 0.14118042220379912
102 155 0.521969758683199
102 156 0.9149550882761578
102 158 0.9362918783781147
102 159 0.28457845415262095
102 160 1.3493874900235339
103 107 0.9276420213560449
103 108 1.3174295625758674
103 111 2.996326212281968
103 114 0.8638023575941485
103 117 2.9877462978366904
103 118 0.3714852962157414
103 119 0.013717340565267069
103 126 3.1761097662181945
103 129 0.9035292147078733
103 131 0.7448841250501469
103 139 0.8180432428412676
103 140 1.4068356688073544
103 142 0.3399981023754629
103 146 3.048750908220508
103 148 0.25098895305143687
103 151 7.7674308048714655
103 152 0.6451053918878509
103 153 0.5483760911524318
103 159 0.25031689945713104
104 116 2.8082055199076112
104 121 3.0397965095263455
104 125 1.4085957523038155
104 138 0.4995253237440628
104 139 0.49889559944880824
104 146 2.893676349665974
104 151 3.6715187976537567
104 152 0.6098491312228032
104 154 1.808638005183362
104 155 0.9499727468586205
104 158 0.5174516964515499
104 161 0.5947088594865516
105 106 0.11289825656092795
105 107 0.7585967135135911
105 108 2.724081930342878
105 110 0.2557099597576963
105 111 1.798137825009588
105 115 0.5080955346414179
105 125 2.2588549551578563
105 131 0.40443906795044926
105 133 2.0579345452769466
105 134 4.749295238483802
105 135 0.09629582725748898
105 137 5.919886105692173
105 139 0.8508246446567957
105 140 0.1752041217679749
105 146 0.14155491029351616
105 148 2.3883038618074366
105 150 0.24440529971386177
105 152 4.504824962886554
105 154 2.6828633480432904
105 157 0.9242227409844195
105 158 2.5076591852157604
105 160 3.2225581394498426
106 110 0.13803530908886877
106 111 1.994715951468839
106 114 1.265172192250652
106 116 0.1480220108731566
106 118 0.3916664772610291
106 120 0.8700876211431746
106 125 1.853944747053094
106 127 1.7554934998038574
106 129 0.376641187933925
106 130 0.4077180817177563
106 133 0.308293539985502
106 135 1.777105866356245
106 137 1.702571748237459
106 138 0.49498245956625564
106 144 1.2951273390596965
106 146 0.37002307070396073
106 149 0.04227384939108403
106 154 1.7586553276051287
106 157 0.2551383556290436
106 160 0.24977822032775923
107 111 0.1652916319584364
107 115 1.1509558433543319
107 118 1.8220244985778768
107 122 1.4443139716063602
107 129 1.549977046423742
107 133 0.25799663047792826
107 156 0.22105060783078204
107 158 1.2735996575143618
107 159 1.4051205488201748
108 114 0.6848997777563451
108 118 1.717711045463564
108 121 0.07069567604774413
108 125 0.013514849623024372
108 127 0.39412384274742207
108 129 0.27538883428570093
108 133 2.011820314475193
108 134 0.9042539570481141
108 139 0.6850588207512515
108 142 0.4192499034992336
108 145 1.6922213963771704
108 153 0.7212918055149377
108 155 0.5723997929175204
109 110 0.17310431496404516
109 111 1.0287399777627864
109 113 1.3306494969668574
109 114 3.3845536110361203
109 115 16.745408930389836
109 117 7.365056109065839
109 118 13.565729748511918
109 127 1.952900165033316
109 129 0.12114537198066848
109 133 1.888787207464253
109 135 0.025328706660792483
109 137 6.564827099435561
109 139 6.487254440731968
109 142 1.6282032045602917
109 147 0.5122032228514298
109 150 0.21038018265272004
109 151 20.4581498644772
109 152 2.6113083570165228
109 153 2.580835100654061
109 154 27.537785490773537
109 157 0.07426311242135242
110 112 1.480427647221253
110 113 0.09142036759279858
110 115 0.0466639142742067
110 127 0.016702609939243326
110 129 2.331818748833831
110 131 0.6386122210399711
110 133 0.5016668618320397
110 137 0.6402660690326929
110 147 0.22981462712059544
110 151 1.3969561473051493
111 113 0.25622577993084406
111 115 7.5383187211330345
111 118 5.847533247282964
111 119 0.852109772903174
111 123 0.26243610974419257
111 126 2.2403806848075027
111 131 0.1853593709492537
111 133 0.6144917289064546
111 136 0.5030220929314222
111 138 1.184036690187622
111 142 0.7194329943492136
111 147 0.34118249316277977
111 152 0.24861369569047279
111 159 0.045861255243958676
111 161 1.0403115741670128
112 114 14.128711344905568
112 115 2.0643607333247185
112 118 3.9863380576295824
112 127 5.872683743148226
112 129 0.4440367484150181
112 131 0.12584472584449322
112 134 4.35009281466253
112 135 0.20423524763922335
112 136 0.5771547400138841
112 137 3.4844580349703245
112 138 7.271201329171547
112 139 3.670795948398497
112 142 0.681011258682507
112 146 0.04273501645602067
112 147 0.0640777345951429
112 148 1.2945595497136981
112 150 1.4850076546626152
113 115 0.4399003767268919
113 116 2.849875315060481
113 117 0.7651707727283514
113 118 0.2408384298872202
113 122 0.2924355377253068
113 126 1.9740259409740724
113 128 0.7336001400940515
113 133 1.2706809717822893
113 134 2.7837095108305996
113 138 0.22989542431196214
113 140 0.049972857628129835
113 142 0.4315558110726034
113 151 0.4780118569561207
113 152 1.0048412020360984
113 153 0.011655811361801672
113 154 2.6277815094308794
113 155 0.7365054773529062
113 160 1.2848153149452832
114 116 0.7240355065377737
114 120 0.44648163774068134
114 126 0.7251932143885056
114 129 4.281703638328773
114 133 0.39426567057895134
114 134 0.5658180419757162
114 135 1.17592872638734
114 137 1.007910552704849
114 139 8.46204489768659
114 142 2.798229128092757
114 143 2.1040748644674165
114 147 1.66167674236711
114 151 6.71329250140386
114 154 3.5102271188405454
114 158 1.896664825073236
114 161 0.19969212809497802
115 116 10.631900909491156
115 118 10.885226911995785
115 120 0.7838886895411321
115 125 2.6405502398854943
115 126 18.012151402438015
115 129 1.7728609123108423
115 134 6.996762888724904
115 135 0.9789345883677418
115 139 2.2639526597081834
115 141 5.20568599587326
115 145 4.615713423536165
115 150 0.5313524370080575
115 151 873857.5334307494
115 152 0.7418979244428731
115 153 9.36648741016677
115 154 15426105.867341632
115 158 7.14813943240943
116 119 0.5817146149466752
116 127 2.482275109227642
116 130 0.15796909107976043
116 133 4.830071324896423
116 137 0.19010651508877538
116 138 0.29545867980019935
116 139 3.134144025540382
116 140 0.7368888287916823
116 152 0.6059245378850507
116 158 1.3154231678892139
116 161 1.2689276647870384
117 122 0.7378573721649836
117 129 3.3925531817004995
117 130 1.0084598016548068
117 133 1.2076034807750966
117 139 0.045638882419940185
117 151 31.141792172006557
117 153 20.093390103419154
117 154 70.64690664586843
117 155 3.4807317324781737
117 158 2.546592337980238
117 159 3.26360355546065
118 122 8.368674400626817
118 124 0.6138397542661621
118 127 0.3071037145064424
118 129 2.7009751584859845
118 133 0.2912115785208415
118 134 0.4219358386648074
118 135 1.0546615315420582
118 138 4.342868608725432
118 141 3.269521585483392
118 142 3.910701493273502
118 144 1.0628009101271674
118 147 4.3347377633958795
118 149 1.5615650907694092
118 152 10.00668749039184
118 161 0.3997370830980825
119 125 0.7529525752207967
119 137 3.7499649577972676
119 139 1.3690248424785807
119 146 0.038295264363241634
119 148 0.4752086190814831
119 149 0.8703170307635427
119 152 0.708288010746414
119 153 0.10148598122948227
119 158 0.33405767154812804
119 160 0.4181925255391794
120 132 0.14026497297016297
120 138 1.855498964044131
120 143 0.03319646121068988
120 149 0.705468800170066
120 151 8.512055314487629
120 153 0.16775040099188518
120 154 1.696976518259582
121 122 1.3617469192880152
121 137 2.981944428568397
121 145 1.4789449453227121
121 153 4.415546649077592
121 157 1.489325059549534
122 126 0.9102637077957714
122 129 0.2572196089691511
122 146 2.6834250139440705
122 151 1.8572331277914507
122 153 5.76014636574734
123 137 0.7894350076829489
123 139 0.010193077607627929
123 158 1.5437958450775389
124 126 4.299109030740287
124 130 0.037869594390337526
124 133 0.2832397038742737
124 141 0.40275962346914834
124 147 1.6333615658080887
124 149 0.5987446071270279
124 159 0.6129437725384963
124 161 0.16196502190371603
125 126 0.6130497327298964
125 129 0.3915562689416426
125 131 0.11522996222218483
125 133 0.5316875744930954
125 134 1.2735281218415357
125 135 0.6697616626357543
125 136 0.5836819323832858
125 138 1.3768138715767746
125 139 7.206593775532234
125 142 1.5297833588398344
125 143 3.316461594261911
125 145 2.314440598985059
125 146 1.0592851457585049
125 153 4.817181173779256
125 154 0.7172652103081844
125 156 1.0874436913140755
125 157 1.6587040738416146
125 158 4.836176352419547
125 161 0.037024341321108795
126 131 1.4462098280971278
126 135 3.2897479080601797
126 138 11.645901495832375
126 148 0.10731017083720955
126 151 3.589500265735729
126 153 1.775309336503541
127 129 2.1399795251923526
127 139 2.0539622404049127
127 145 1.339453812351431
127 147 0.2708960715178466
128 130 3.0408399151116154
128 132 0.6502971948913524
128 137 1.2591855372682295
128 150 1.0890903956668394
128 153 0.12964966320920043
128 155 1.5151408612462849
128 161 0.9442342729256142
129 130 1.3993117721867938
129 131 0.06480923995175139
129 134 6.904598289068738
129 135 0.47833563133581397
129 137 0.2769138871540058
129 140 1.9956329011622895
129 141 3.780998155266513
129 146 4.270982715629598
129 152 6.195424627018085
129 153 9.63207432653422
129 161 0.7060796020696698
130 135 0.0376067577869492
130 139 0.7876052909696899
130 142 0.31230943897274227
130 144 0.2554962175132024
130 145 0.22590246940881528
130 151 0.8407426711471501
130 154 0.08979352268906356
130 161 0.04919638546030466
131 134 1.2348227707407247
131 147 1.3146154365671288
131 149 4.041199439194254
131 150 0.08611795012368031
131 151 0.06135310826304044
131 152 0.23307257670196832
131 156 0.27493480837419504
131 158 0.33588472552155024
131 159 1.2659916814470284
131 161 3.365212793823704
132 135 0.13894232237054438
132 142 0.11180463979494032
133 141 0.20911069803156992
133 144 0.35609721757301865
133 145 0.8319797831966008
133 151 0.040657045582163674
133 152 1.662240020479556
133 154 0.6488667489216529
133 155 0.02629666606542191
134 135 1.0246434117111494
134 137 20.868768192089473
134 138 0.45714709743421816
134 142 0.44216420512164717
134 143 8.074172827353028
134 150 0.8282592524455414
134 151 42.036552243396194
134 152 0.5976468442319547
134 156 0.07646197428235435
134 157 0.20798887174751346
134 158 4.126005138315082
134 160 1.5262503366414935
134 161 0.7356763822662812
135 138 0.34861032066246517
135 139 0.35236477321579646
135 142 0.5007789970730807
135 143 0.010575825092946405
135 146 0.5914586187983562
135 149 2.53652486389559
135 153 0.08304636580326452
135 154 0.23274485937347406
135 157 0.4101327232524323
135 158 0.37683423080191814
136 137 0.4177152247840221
136 140 0.5679781205759401
136 154 2.505314518603915
136 155 0.018292156675056914
136 158 1.3207578379272116
137 138 1.190724591730437
137 139 1.418604817747829
137 141 2.2953586530426993
137 142 1.710593384065767
137 145 0.34174731325024793
137 147 0.15179788661122007
137 148 6.6686405434839475
137 152 0.5942489714931493
137 154 1.001458839383699
137 156 0.7112226503146469
137 161 0.8479870449076244
138 147 0.22615729567119658
138 149 11.352550445407914
138 152 0.10517810324565385
138 153 188.3459153823217
138 157 4.053717394464998
138 158 5.914351104206159
138 159 0.3857150120022734
139 147 0.7677530605626869
139 149 0.33516487471393425
139 153 6.334128029320014
139 154 9.061005989906816
139 157 1.6583188649327005
139 158 2.2700527538979585
139 161 1.1727259964600323
140 143 0.3722118062510532
140 149 3.53035757080491
141 142 1.2818931970510046
141 146 2.6441213278921456
141 148 3.386810907303457
141 149 1.6121052054713927
141 152 7.241109217785236
141 154 7.172379797435922
142 143 1.1952025881071346
142 146 2.075332516556962
142 147 1.26300264768911
142 151 1.7157862341176724
142 153 6.067294516525646
142 154 1.4897179074228502
142 157 0.2881923803199633
143 147 1.8981621016927566
143 153 7.187525765095285
143 159 0.22176965080975697
143 161 0.7076404406684134
144 147 0.37222384022246807
145 152 0.7493219612294716
145 153 1.4926942589385332
145 159 0.4014390217852524
146 147 1.7352486962065103
146 151 2.5728416937864593
146 153 3.0748688766997345
146 154 1.2283355383195116
146 159 0.5873820166376105
146 160 1.6855207235237724
146 161 1.692564821550535
147 152 2.366931645709747
147 157 0.8840214010726882
147 158 0.8166468827428106
148 152 0.05890170162696321
148 154 0.2130571297559353
149 154 2.9959162124739103
149 158 0.3609211767914565
149 161 0.9177711439653328
150 151 0.11872865787670214
150 153 0.9360893004678276
150 155 0.19509393888971752
150 158 0.5220426069758399
150 159 1.1323573005960275
150 160 1.1038982316425539
151 153 5.48700653610126
151 154 357559.54053325567
152 154 1.7691896747339702
152 156 2.5626510783264536
152 157 0.34973496773765006
153 161 0.9119067483348421
154 157 0.9516297842293296
154 158 4.762521961063929
154 160 0.3841784519417718
156 159 0.9287438052462996
157 158 1.5707722069866965
157 159 0.7270296489457378
157 161 0.3169710546658715
158 160 1.0188266993107074
158 161 0.788530246682877
159 160 3.0990450913163174
