0 4 0.09846630075432329
0 7 1.3039220660572333
0 13 2.3400059708412373
0 14 0.6407532058552599
0 26 1.2663576582288822
0 31 11.627328515754664
0 35 0.565964990272204
0 39 0.7146153126678965
0 42 1.2059925184901685
0 52 0.4626441852110629
0 57 0.7252939826076986
0 58 1.954432423374577
0 69 1.8772010036062663
0 71 5.609858584597762
0 83 1.1453498269742044
0 84 0.07183348846309559
0 106 0.22442484322710696
0 112 0.8209262545245967
0 117 2.824036584492288
0 123 1.970363440532264
0 127 0.2733776169757148
0 129 2.8754046864425393
0 131 0.6093512342443973
0 142 0.06938227805572321
0 149 0.5720859119379637
1 6 0.6170947437556055
1 9 0.24876690830624637
1 12 0.49861088078735755
1 18 0.656777333419974
1 19 1.3167876785739794
1 29 2.679319894184554
1 35 0.6500292018400458
1 36 1.4342462965663831
1 41 0.5804608530192283
1 54 0.9940020805516133
1 63 2.119188537015735
1 70 1.936213067705762
1 71 0.34990351726828234
1 72 1.5507791872570325
1 73 0.2773776416024285
1 80 0.8528773532360217
1 81 0.6396877496437188
1 87 0.7461444729713987
1 89 0.0854008033056667
1 97 0.027322574382993632
1 105 0.2285153546649217
1 107 0.36936806766361463
1 111 1.945684510527453
1 113 0.2292653971961479
1 114 0.37053105089508753
1 115 1.0401036711406175
1 119 0.2786467203905897
1 126 0.32998604588716673
1 128 1.6423428023813402
1 129 2.5544176206721163
1 134 0.42008519199804906
1 137 1.3861117758217647
1 142 0.08392231953007386
1 146 1.738935896250538
1 147 0.2573468895451598
1 149 0.11368445813112613
1 159 0.41499166820591105
2 6 0.14469941313129533
2 19 0.48966448986645267
2 33 0.14899979338287275
2 36 0.6972019428532882
2 48 0.03898726677228967
2 50 1.1249733425616208
2 54 2.175762555918705
2 58 4.059172897857463
2 61 2.4575981318635858
2 65 0.22715937364279873
2 72 3.2586045555042773
2 89 0.003280917707138672
2 97 0.210043064827033
2 111 2.590133809325482
2 113 3.538399630657887
2 117 0.12122529938844048
2 125 0.9359809346253117
2 134 0.7973315153204507
2 139 0.7725678982536436
2 142 0.676839384946612
2 150 1.541044280402679
2 153 2.6903714905049765
2 158 0.5826083229496325
2 161 0.18023563693368866
3 16 1.2810773679122291
3 21 0.3054554337501801
3 23 0.16265512136802707
3 36 0.3157397464013109
3 37 2.3846049333518957
3 38 0.6519528449463957
3 53 0.5977603273093443
3 64 1.6510222042422737
3 71 1.02308652499262
3 79 0.5341273782683219
3 83 0.464648123137561
3 84 0.19158390540902467
3 89 2.6934038792082267
3 93 1.453973430994087
3 94 1.001602876947417
3 97 0.5790601137412427
3 104 0.42092967561859557
3 111 0.12804472772892656
3 114 0.05370782842638481
3 116 1.3705124563761562
3 125 1.7718132852997996
3 126 0.20050522721568415
3 130 1.653550389227028
3 139 0.9835845297003886
3 141 0.19009891333312148
3 152 2.2291156430242305
3 157 0.1512355516584164
3 159 0.3391114415306487
3 161 1.9260554443027464
4 6 0.3024491067676988
4 7 0.3570209972028865
4 9 0.3512949223784976
4 10 1.0516340047395032
4 11 2.650051291454779
4 12 0.41598367755858845
4 18 1.6156129248254585
4 19 0.15833177324809827
4 20 0.03301656469343186
4 21 3.263770475719469
4 26 0.8403217221057268
4 30 0.18038601917203967
4 31 1.2924076741448005
4 32 0.4243371496904988
4 34 0.7442927313753575
4 36 0.08992754781198409
4 39 1.8143598277424853
4 41 0.6208177945444959
4 42 0.7633961111255022
4 45 0.18199770868234463
4 49 2.4449263103641337
4 55 0.33884387667383925
4 57 0.09133699260062841
4 58 0.019620714318365515
4 61 0.9042030926523568
4 63 0.1561639119479242
4 66 0.88390841062234
4 69 0.6453478410634229
4 70 5.171051119077025
4 71 0.2785110265171669
4 72 5.779455062196492
4 74 1.2288061681764069
4 75 1.2831240891831144
4 76 3.273067011242363
4 77 2.089439740218951
4 88 0.5277657363074626
4 89 2.0076194022897638
4 93 2.4281747996788154
4 99 2.455718641496503
4 100 0.04707912013162484
4 101 4.758015940535461
4 106 1.1520918364149961
4 109 9.653005536790575
4 114 1.498111489165549
4 115 0.3043648153721878
4 120 0.8745115023105885
4 121 0.19777993869374386
4 125 2.1515267532886906
4 126 0.48645536779796156
4 128 2.0281329555786014
4 131 0.13451575642928346
4 133 0.21283858440942596
4 134 3.5503759907874666
4 137 0.4171447868949435
4 138 1.260425083381309
4 139 1.6100268203437427
4 142 1.009100936508091
4 150 0.16227438209813516
4 153 0.6909368723140528
4 155 0.007133074455581288
4 157 0.7575403109791841
4 158 0.524274881941505
5 6 0.24427286710377002
5 9 0.8635835695532685
5 19 0.02076078813247222
5 30 0.17228088720616885
5 45 0.1992688529080624
5 46 1.4376035720477922
5 49 0.9045680127193828
5 51 1.2305134672395832
5 58 1.1468884540376851
5 63 0.16194161896224554
5 65 1.584466019596209
5 70 1.1866034145057938
5 71 0.02669058098962134
5 84 0.08360137101612171
5 89 2.1774176410838053
5 109 0.0009718330014346436
5 117 2.9817635201512447
5 123 0.32143636770047274
5 125 0.6335908605198507
5 138 0.8751120670489672
6 7 0.4920984899561356
6 10 2.300117379622745
6 14 0.22587369465462065
6 20 2.8098403488156114
6 22 1.0689587951179451
6 25 0.4743880104813607
6 26 0.5925782181198774
6 29 0.13880662619486317
6 30 1.1492083132478672
6 32 1.6569230626898865
6 37 2.365381391601449
6 38 0.25080731766501013
6 40 0.6135497037948708
6 42 0.006995803189485749
6 44 3.125092016195742
6 45 0.038774233959945996
6 46 0.19625862387098772
6 48 5.990916447541667
6 50 0.39394751701521774
6 51 2.5867790219528652
6 52 0.14933472646170784
6 54 1.4803028246802243
6 55 1.032431542869558
6 59 0.6924438718360278
6 61 0.061698120389949054
6 62 0.17837419342984204
6 65 4.778136441140678
6 68 0.3401111884627602
6 70 6.962260570598427
6 72 1.0048562809516837
6 73 0.7135224069506374
6 80 3.0114878099079485
6 81 1.2926711226226903
6 84 1.077823435010863
6 93 0.6628130933121573
6 94 2.612535920152812
6 97 0.09922778834744968
6 98 1.404933537471506
6 99 0.01700241524066762
6 101 0.9428227865851173
6 102 0.5184013564995352
6 111 0.17632888188169418
6 112 3.018930522204969
6 115 0.19023509397039318
6 116 0.32800598023243815
6 118 2.016498379394242
6 122 2.1972760643129643
6 129 0.7847971894468977
6 130 0.1315013289560799
6 133 0.8833968153023484
6 134 1.47010832508118
6 135 0.5106389036706076
6 137 0.3250854256531383
6 138 0.511398649856808
6 139 0.1502140581201835
6 141 1.7789276978141002
6 142 0.5081360297863878
6 145 0.7268505854585096
6 149 0.7067797043861259
6 154 0.18014224925901412
6 156 0.3944368754619124
6 158 2.20300994360534
6 161 0.30715194838491927
7 11 0.42940152686661526
7 13 0.14574624645113393
7 14 1.6038794963753698
7 16 3.0823538262310133
7 18 0.03335160842385553
7 19 1.8386117707850675
7 20 0.025542827600577814
7 21 0.8267501060032709
7 22 0.4573561969026989
7 26 0.22215023954342392
7 30 0.938092941850678
7 32 2.260537378522749
7 35 0.1951332312388077
7 36 0.36287657149686536
7 37 1.3121174633810295
7 39 0.9033908981261192
7 40 0.267271952619074
7 43 0.08725417340574329
7 44 1.366474319742559
7 46 0.18495971059685662
7 48 2.5687771361786305
7 51 0.6469003115046685
7 53 0.5645575838168392
7 55 2.301103085111692
7 58 4.060936981936379
7 61 0.38187317728261194
7 62 0.670661497070276
7 63 1.3366560177843432
7 64 1.117444525166965
7 67 1.6393918574883546
7 69 0.38949697510037185
7 72 2.030569847419189
7 73 0.7089764681683886
7 74 0.537196598377666
7 76 0.7438925884816054
7 78 0.3884870735692728
7 81 0.43717572089908613
7 84 0.7787392858307203
7 85 0.48780452321901907
7 88 0.12089231547640426
7 89 0.1654659318357901
7 90 0.4039862628811395
7 93 1.6050626251677371
7 94 0.07006904732808945
7 96 1.1033572749393727
7 97 1.6384716832246469
7 101 0.4089668168486704
7 102 0.5907708585459803
7 105 0.8445182309626251
7 106 2.213825997952763
7 109 0.6274283719282622
7 111 0.11032399470059293
7 112 2.667775352265508
7 114 0.05413630116038411
7 115 0.7427133260718436
7 116 0.7403278506169118
7 117 1.5994704253568048
7 118 0.8949276132434382
7 125 2.5531647425916733
7 134 0.3947148066511375
7 136 0.6250629206274527
7 137 0.13181101041529733
7 142 0.13968112373662137
7 145 1.4082403622989037
7 146 0.2727548217407248
7 151 1.1018890779318848
7 152 0.5056172408976687
7 154 3.24764022765921
7 157 0.025087806875920163
7 158 0.9375777406228912
8 10 2.7778944012807614
8 12 0.5615781529164356
8 14 0.41863724411499487
8 38 2.207935039627201
8 40 1.503472646593244
8 54 24.73456057827704
8 58 28.653117289665616
8 63 0.8622856725522065
8 68 1.1655203213104346
8 72 18.25669284856184
8 86 0.2717499303958554
8 89 35.38967319280421
8 91 41.724589690939304
8 97 0.4484974211641326
8 103 0.3579423469533792
8 106 1.2181656184070788
8 109 2.275703246413793
8 110 1.1861167213551755
8 112 10.762492996264857
8 113 0.6565557984006689
8 114 0.5043858382243407
8 117 0.6501768957151437
8 137 0.2657967033959834
8 151 52.51435240331325
8 152 6.139457923405902
8 158 0.2984869560233132
8 160 1.6475467078626334
9 18 0.04788056321475766
9 27 0.24591316953763515
9 28 0.2428488357111463
9 32 0.7697022715329351
9 35 0.2150557556386489
9 42 3.807801641903154
9 43 1.1184605667329037
9 44 1.0173031425574228
9 45 0.7344389069451642
9 46 0.2001224756956628
9 53 0.5670828522525847
9 54 1.7940131617526252
9 59 0.9812079779892753
9 61 0.0790155522112977
9 62 0.537603190065979
9 63 0.405093631578168
9 64 0.6204942708706895
9 65 0.3281342910035035
9 68 0.05018984414254075
9 70 3.8005930825754906
9 74 4.627365273555198
9 79 0.25367474378456545
9 82 3.72531429007686
9 83 0.7495444276497467
9 94 0.19452877901135227
9 100 0.9708320422649364
9 101 7.257085794381756
9 102 0.9335648277936033
9 105 0.550159638568688
9 108 0.4395981762350471
9 111 0.8484722330261653
9 115 1.146224956001588
9 117 4.59751928816582
9 118 2.6159808272294987
9 120 0.11486736230490127
9 126 9.107643867639734
9 127 0.5373162270092159
9 131 0.22278886121721905
9 134 6.446759107536652
9 135 1.8059311128401032
9 139 0.20956183749274954
9 141 0.10232762246242563
9 149 0.4842130260805771
9 157 0.033931592379798696
10 12 0.26095527758345477
10 14 0.6126060185915517
10 18 0.4268029307932729
10 19 0.08725263647277781
10 25 3.53174654474806
10 28 0.4402930564304179
10 30 1.9372507203273095
10 34 1.913567217499709
10 35 0.39979906179936314
10 39 0.9569947222766668
10 40 0.4415752748066893
10 44 2.8800760419727065
10 48 0.021945121013824103
10 49 4.7086178074617235
10 57 0.2529486562776766
10 67 0.554415864694385
10 68 5.393930223529489
10 69 1.5835132342179181
10 73 1.103968279904661
10 77 1.725115121078317
10 79 1.27261787164083
10 84 2.1695763292048453
10 88 1.6654214915028893
10 95 1.0897661252618822
10 97 1.6625403800690648
10 100 1.6135620075083472
10 108 0.950490940925926
10 111 0.690671358428128
10 113 1.0400717599785192
10 114 1.578342258571389
10 118 5.647340769667573
10 124 0.09419716845437026
10 128 0.9850140374539328
10 129 1.0331176583378392
10 131 0.489470900405716
10 134 3.475243364351384
10 139 5.376919165342269
10 152 1.5444629768578917
10 153 3.8817734327078046
10 157 0.45182694773095283
11 14 1.0506805434919253
11 21 0.542213632910308
11 22 1.401014782402706
11 26 2.318687291391158
11 32 0.5193851695307147
11 36 1.313600280001857
11 38 0.7780577650645961
11 40 1.2742360909837191
11 47 0.07258571331356788
11 50 0.8700591296994151
11 54 10.24606549965643
11 55 1.4421327528736119
11 65 0.9146484313666888
11 66 4.44023963724973
11 68 0.012318524742843503
11 73 1.5182820198636928
11 74 1.0859119107395263
11 75 2.0789873330407556
11 84 1.0932199584913487
11 85 4.554769703040876
11 87 3.5693508531756013
11 88 1.719791980577043
11 89 0.22301736420799695
11 90 0.18304324484522566
11 93 13.803166787227434
11 94 1.08777498743686
11 99 0.16631904949246012
11 100 1.1855667934466436
11 101 0.3897692060822054
11 102 0.9553900351844921
11 108 2.349195522717923
11 111 0.052717610001020744
11 112 1.6343259759220514
11 116 2.2083755954439948
11 117 3.3270297397524544
11 118 1.7609920475935144
11 120 0.2337915513401369
11 125 1.736073195125355
11 127 1.017711817186453
11 133 1.3020754203854938
11 134 1.5752497848102236
11 136 1.5155343450581604
11 137 1.3816568464437944
11 138 24.612487161186703
11 139 8.037117985889752
11 140 0.5433210054473231
11 141 0.1944583121080256
11 143 3.0168239356024045
11 150 1.6137512830246865
11 152 1.3408301081933962
11 157 0.24940032453744884
11 158 1.1243809516743164
12 14 0.4714185805769395
12 19 1.4282790478732976
12 21 0.5277255134597072
12 23 0.11509044135870126
12 25 1.470502730470152
12 26 0.13832467137926882
12 29 0.25787129002749004
12 31 1.261615597618257
12 35 0.6663072213514275
12 36 0.8228847972628879
12 38 0.12061980986910656
12 39 0.6494994631821314
12 42 1.6210816381067703
12 43 0.13236820413489622
12 46 0.2533106206218773
12 49 0.9005381460509244
12 51 0.30830944065029975
12 59 0.17172980020284248
12 61 0.03572386906360482
12 65 0.21130279163138757
12 67 0.1828354766268166
12 69 2.7157288690266537
12 74 1.5650305243909286
12 79 0.17527704694634785
12 87 0.5618361666595675
12 91 0.5121402043009158
12 92 1.148988407711977
12 94 0.10989150774991621
12 95 0.27630171901344697
12 97 0.16937130621300503
12 116 0.044881004707312835
12 119 0.2525046089508271
12 120 0.4272165605892962
12 123 1.2961667380630935
12 127 0.2654896502996377
12 129 0.8045788126919916
12 131 0.48337592408121827
12 137 0.6352696551643022
12 139 1.2613387919438275
12 140 0.04379608917768029
12 148 0.23067711943110294
12 151 1.4299576958813862
12 152 2.3083180708736823
12 154 0.036885201394327896
12 160 0.23475894783694834
13 14 1.2026551033914004
13 28 0.21421691089895972
13 43 1.1997149969153198
13 49 2.092329531926738
13 51 2.1778058757231644
13 52 0.026029319593654187
13 55 0.24014108071851906
13 57 0.13109181969037617
13 58 0.11060663729038889
13 60 0.44064524912438846
13 68 0.7251501673016081
13 74 0.029098607530855383
13 79 1.5852369134835564
13 81 1.115019485719441
13 93 0.5772912390553309
13 100 0.6087150541114611
13 101 4.6808619839312975
13 107 0.061106832756438786
13 111 0.27201522464546485
13 115 1.4463142852667603
13 116 1.7509978103521961
13 118 1.6474164661342523
13 130 0.47421152947154466
13 131 0.08796514407345633
13 133 0.2448979984596548
13 134 2.257678288081102
13 137 4.957247321095463
13 151 0.8739327483108305
13 160 1.637137711145604
14 18 1.215402386325537
14 19 0.12667632765495157
14 23 0.2882761989699017
14 28 0.7461614373653789
14 30 3.7082145336485364
14 33 2.2623504244531585
14 34 5.683414798400345
14 37 0.7399548083034911
14 38 2.813924764983729
14 46 0.17452390926727146
14 50 0.7175367323964641
14 55 2.7797982400764516
14 56 3.348984286117531
14 57 1.9391806482385694
14 58 0.21074866474333925
14 62 0.06502952495667862
14 64 1.3873025759113786
14 65 1.1226371747250798
14 66 1.4729309519992257
14 67 0.1913329889928793
14 70 1.0730195844119736
14 71 0.836285703470127
14 72 3.1878049748958426
14 73 3.4373506220488292
14 74 3.0042442764935786
14 77 1.5994220745778382
14 79 1.8838200575317388
14 89 0.42536154664821474
14 92 1.4457926715493177
14 93 1.6080512666201676
14 94 0.02561178636311059
14 98 0.04587272462808622
14 99 0.42060865777699574
14 106 0.9339581125713747
14 107 1.5651644841707162
14 108 0.18124072358209428
14 109 5.192689807978015
14 110 0.1431440906442048
14 111 3.485468145164923
14 112 4.575398364474606
14 113 0.45821533896911937
14 115 1.6893785194471311
14 117 6.082667007680888
14 118 0.44981343299676624
14 126 0.5735849801326516
14 127 1.5414887362823901
14 128 0.10055981694966304
14 129 4.204063832532538
14 133 0.17479160617443867
14 134 0.33977297738491774
14 135 1.04392453049402
14 138 5.811259396278256
14 139 0.5287245807597636
14 142 0.09455424738098728
14 149 0.02694665586115034
14 151 0.6581825156906072
14 152 1.396470714991557
14 161 0.5777467184409849
15 45 0.008899694363241872
15 54 0.6519955830639839
15 56 0.20785757886061107
15 58 0.6017454591020631
15 61 1.1752894549418578
15 63 0.6011845323712446
15 64 0.10473691470390367
15 65 0.44412759063123536
15 69 2.5793615068088926
15 90 0.793481672916417
15 100 0.4893311822702072
15 101 0.6962791674853929
15 106 2.0379650407947185
15 107 0.41814746230652
15 108 0.15549801321592757
15 115 2.0000485099559486
15 121 1.1344178274980699
15 129 4.225611994884122
15 138 0.7121681553535788
15 145 0.4849476826115721
15 149 3.035319744283077
15 156 0.41465585347432166
15 158 1.3194079676766137
15 159 0.5085011638711439
16 30 1.9962949697709584
16 33 3.706379299413289
16 34 4.106617923560861
16 36 0.44062204751419237
16 38 1.2933415562544104
16 54 0.5160902012555488
16 55 1.9023736705701917
16 70 12.338159700910971
16 71 2.421417231324031
16 72 23.02658816153266
16 74 17.484484515704963
16 77 0.28032721955215734
16 79 4.864852887384266
16 80 26.23151523142774
16 87 0.24844598097481527
16 99 23.446833400002724
16 109 6.213600324160545
16 113 0.24215623879613213
16 127 1.9123377383195495
16 128 5.392007041766116
16 129 5.59986909656819
16 131 0.4550626988465386
16 133 1.2437315718358293
16 134 5.38069575154732
16 136 0.5061741963090358
16 149 0.9115485068348178
16 152 8.764301542794845
17 22 0.731010487655809
17 34 5.303428286140278
17 35 0.698784956375196
17 45 0.7831238329381152
17 56 0.33888874649227074
17 64 1.586996215340983
17 67 9.655975263370596
17 70 6.284459404119189
17 78 0.42563958983049627
17 102 0.3492732959575045
17 104 1.9577517280002128
17 109 1.9775070541408948
17 118 3.3228647834443126
17 125 0.009335279161927989
17 127 3.0906843872149796
17 131 2.215564230480631
17 143 0.23126272728478875
17 161 2.0593049184220433
18 21 0.7214411619982207
18 25 4.321956723996274
18 35 0.007535673566380954
18 36 1.3331863650287976
18 38 0.27255919151562924
18 40 3.7549626240045684
18 42 7.4921794564706286
18 51 7.555835546104175
18 52 0.5755887805710912
18 54 2.1161453007315285
18 55 0.0840108071629027
18 56 5.799884876170759
18 57 5.478642853517238
18 62 0.7539664472053348
18 64 3.1057598560719835
18 66 1.1313712105347993
18 69 0.5459579514300129
18 72 4.85688343405968
18 73 0.2795230517332608
18 76 4.163441785000053
18 84 1.2811411533763635
18 89 2.702251970755067
18 95 1.5043163042588874
18 102 0.5177502676312176
18 105 6.512858709607224
18 106 0.7457515426850719
18 109 9.353220614715939
18 113 0.49884724312967915
18 117 7.701499033131498
18 119 2.348161505249724
18 124 0.7016307864815817
18 127 0.7002727436743422
18 128 1.43190180096229
18 129 0.7602466353750922
18 131 0.4006753217023481
18 132 4.54817440317673
18 134 0.06624436561428138
18 137 12.967236104275623
18 139 2.169516090459199
18 141 5.977141261460374
18 142 0.6362635940583325
18 147 0.41036753195497755
18 152 3.5625265249662155
18 154 1.4646576155527649
18 156 0.6868690978539259
18 157 1.068503390219538
18 158 1.6044489184336075
18 161 1.1795568577400402
19 23 0.06176170593044941
19 25 0.38404882176285643
19 26 0.4321114396701353
19 27 0.3874354536224645
19 30 2.8612789560613914
19 34 0.22319489978060056
19 35 0.04906922287207879
19 39 1.163389376237152
19 40 0.019515239518326805
19 43 0.27348465661790244
19 44 0.38142281338771733
19 45 0.36368758277797847
19 46 0.597952801660565
19 49 0.8275752327178263
19 54 1.3266150792518392
19 56 0.11777470951935062
19 59 1.9402187018751829
19 63 0.4920720956818659
19 66 0.443313049214908
19 69 0.14077388741302693
19 71 0.9183635819593142
19 73 1.2947685121395152
19 75 1.3260981666123164
19 76 0.3052958638635804
19 79 0.3724119700775372
19 82 1.3673764901941587
19 83 0.5348615686557999
19 86 0.5795349526033078
19 89 0.42465247937039713
19 96 0.24789485267100678
19 97 3.073803585842996
19 98 0.49067383211492577
19 102 0.06839791357927509
19 103 0.12272492746295967
19 106 0.10569476008432126
19 112 1.012103522242945
19 113 0.8844039710413343
19 115 1.902153212990182
19 116 1.9936391762783758
19 117 0.47885813087879664
19 119 0.20868457015358263
19 120 0.9464742632015958
19 122 0.5466719745971674
19 123 2.034097363796471
19 128 0.2930034426572112
19 131 0.14248477038813692
19 133 0.09863237248647624
19 137 1.2885956778850658
19 138 0.0389317197953378
19 142 1.0157318517556402
19 145 0.268246870313303
19 146 1.16356417216154
19 147 0.7080109849316188
19 151 0.10148837176979136
19 153 0.44198162076864944
19 157 0.9411652246302014
19 158 0.14291460522720137
19 160 1.1776519409667798
20 28 0.36460715789499204
20 43 0.7632982269521887
20 61 0.1519586059257752
20 64 3.767433412187368
20 66 3.183930703192903
20 72 1.5898550822195157
20 76 1.729268613977468
20 79 4.4168050350275925
20 83 0.0412743304260329
20 84 1.5433335035199407
20 85 1.0001312888128313
20 98 0.62098602647306
20 109 4.768133630135641
20 110 0.003749980049476612
20 111 0.15088886560087886
20 117 0.03381224272190257
20 128 0.20043667609492596
20 129 0.3818356061066747
20 142 0.841763176719139
20 147 0.8374385031548801
20 151 1.7340448312391152
20 154 5.113438699281103
20 155 2.865421656547913
20 157 0.5499503110586562
20 159 0.7589454405799412
21 26 2.0379160355666923
21 28 0.03394152057405578
21 30 0.32722105514001554
21 32 0.15622251847828478
21 36 0.49000717493868107
21 38 0.22104764293591886
21 39 1.2261886454398063
21 40 0.2475107371334915
21 43 0.9653784789562523
21 49 4.47742094221889
21 51 5.712523717867531
21 52 0.29823480859236
21 58 4.575291390560142
21 59 0.9813348405448137
21 61 2.3530451193440207
21 70 5.8080816630263135
21 71 1.3263083622515117
21 73 0.4927848934350466
21 77 2.4894717951397216
21 79 0.7937064765779656
21 80 3.1468752753052796
21 83 0.23517911004548714
21 84 0.8117609100094942
21 85 0.01694451904365571
21 87 2.2371783340293323
21 89 0.5349306238409056
21 91 5.485889239458764
21 93 1.0072952667780566
21 94 0.19236850425687632
21 97 1.3602958931587439
21 99 0.19504117481167677
21 100 0.014423691377094667
21 101 6.107721114262014
21 102 0.33263634826262933
21 104 1.3483753133032266
21 105 1.8179653571923458
21 106 0.6017350651716814
21 108 0.348233838453847
21 111 0.00526982121691523
21 112 7.136376593638144
21 113 0.9847692211997491
21 115 0.2657403562923106
21 116 1.967352576418254
21 118 0.2111035511006762
21 119 0.16753554498555803
21 123 0.3644312933432778
21 126 0.1165163170217156
21 137 0.1640940637101231
21 138 8.344969698454898
21 139 4.727011638535024
21 142 0.12740460181201993
21 143 2.5968183984713993
21 148 0.04973826189249872
21 150 0.3962348962236177
21 153 5.723745475190556
21 154 3.1396898751303057
21 155 0.23657928003005294
21 159 0.2509955635755231
22 23 0.8933756646189519
22 26 0.7452402422953905
22 28 1.07884322583645
22 31 1.1670390368467773
22 44 0.038914493552638596
22 55 0.5514243064625539
22 59 0.0034319962628773905
22 73 0.2636608304609103
22 74 1.6837523218103905
22 76 1.7983830123192721
22 77 1.651514705603497
22 87 0.16711138961929137
22 88 0.7267694809165021
22 89 0.753617700560584
22 91 1.240026417552515
22 97 0.7502356986351247
22 99 0.9541015627002529
22 101 0.8633000209925561
22 103 1.9615480421330334
22 105 2.9274897688184884
22 111 0.6577123347337603
22 112 5.389333195815147
22 113 0.8446194456068106
22 131 0.26514711094127236
22 138 7.766738230449273
22 139 1.0774007485644734
22 147 0.3750411831148903
22 150 0.10109298544432593
23 32 0.06012261097942254
23 33 0.8268553877131292
23 40 0.8525201993443208
23 49 2.1046268638820314
23 51 0.2608757425640027
23 55 0.032426719510635596
23 64 2.3827839399750976
23 70 5.875519411823459
23 72 0.016195970912143285
23 77 0.17675170045458763
23 92 1.339687026793724
23 94 0.8376438505515293
23 97 0.8770208271941013
23 103 0.12309859358120248
23 111 0.5909494235479483
23 113 0.6541777149409399
23 121 0.15326454428242103
23 122 0.21565827745750465
23 129 0.8666494104748765
23 133 0.35073490912199873
23 138 3.1502418128856196
23 139 0.4515431974254309
23 142 1.1934337224120237
23 149 0.049802646346639556
23 153 0.5970480644683515
23 156 0.2056431874799421
23 159 0.05159290596308775
23 161 0.007243912420376267
24 25 0.9619087740861921
24 26 0.8895931444185617
24 33 0.4227791761720634
24 38 1.6573613927039645
24 49 1.1114452220758613
24 50 0.07987497116560012
24 51 0.785853174250517
24 54 4.0339332599240505
24 57 0.4774188596540377
24 61 2.472042765233033
24 66 0.3884337002140558
24 70 9.383400684711972
24 73 0.7046356905411286
24 84 8.450045304214946
24 89 0.5206682970418742
24 92 1.88105436699893
24 95 2.0747849962371965
24 109 5.449384670127814
24 111 1.1992778516467633
24 113 0.2599858176440776
24 118 0.06064920995805519
24 133 0.3418278190376219
24 134 2.5038290400412775
24 135 0.8683918661902864
24 138 1.7747175669197819
24 145 1.4728676117682131
24 146 1.0123144347815998
24 147 0.7412410768606075
24 155 0.00903794082557607
24 158 0.02205287159250612
24 159 0.12446876063984635
24 161 0.28666863433086537
25 31 3.74956850395424
25 36 1.6251892063287543
25 38 3.453701617442021
25 41 1.9893949547351288
25 43 0.021286853333020512
25 51 4.211748907011364
25 54 6.799846595663203
25 57 2.8754567228795795
25 65 2.6961853701921914
25 67 0.8196491186304116
25 71 4.077659221862137
25 73 5.689856389500169
25 75 1.6526380677083883
25 79 1.5744731134357695
25 83 2.8360145120868228
25 88 1.3574768796400727
25 98 6.591167441671321
25 99 25.63700465257107
25 101 1.0739277774729
25 106 2.2087431017192896
25 108 1.08192903211742
25 109 3.373797728155543
25 113 1.9138877240943466
25 117 13.780440548914234
25 125 0.6554555718583177
25 129 0.5730214276336865
25 130 0.9036040201692738
25 131 0.31001548274566937
25 133 0.016726079012910598
25 134 2.0359507212109795
25 137 14.260387596901138
25 152 9.103479838948592
25 154 9.55808710028465
25 155 0.15389749902982341
25 158 7.77368574346658
25 159 1.7883284761834115
26 28 0.17734258679980885
26 30 0.34358934130372987
26 32 0.47609993083118873
26 33 0.09745899406359562
26 35 0.01395334106970839
26 37 0.531473962678531
26 39 0.05579331015300858
26 41 0.7570362689790099
26 42 0.378972222844191
26 44 1.072063671770947
26 45 0.08257902872468025
26 50 1.591446702601465
26 51 7.000369225890284
26 52 1.1175444617224535
26 53 0.21730206464870666
26 54 0.9913799637970143
26 55 0.41737011866261353
26 56 0.33041361784681567
26 58 1.376897973930051
26 63 0.6522738863899445
26 67 0.9859521323488349
26 68 0.24070178302940512
26 70 0.2532676027075742
26 71 0.5455825421405412
26 74 5.982334032059054
26 75 1.725097402825574
26 76 2.011605741744128
26 77 1.0872098867322555
26 84 0.9476567736237124
26 86 0.7680360803537499
26 87 0.9222469329066746
26 88 0.44628775528447684
26 89 0.8197461791545279
26 91 0.2130092766497952
26 92 0.07968582946239673
26 93 0.5361462865707832
26 94 0.8524609346435857
26 95 2.0638378096189993
26 103 1.60061978522539
26 105 2.4153512799575845
26 106 0.8742030938466087
26 108 0.18665619286888135
26 109 0.2915407361266304
26 115 0.3223118138472305
26 117 1.3512151833709156
26 125 2.9957810370974873
26 127 0.016450277375289125
26 128 0.3733763553590594
26 133 1.3012189375156806
26 134 1.517016911820186
26 136 0.4766274393096398
26 137 5.514845079124205
26 142 0.2620840488714853
26 145 2.1999562458872846
26 146 0.5612678835704207
26 147 0.8231604418820067
26 149 1.023318971571447
26 150 0.6453635618276244
26 158 0.3238751438594061
26 159 0.15652095097266275
26 160 2.097225985415658
27 43 2.0370791167190174
27 51 0.3846566083647518
27 64 0.10665409626673415
27 82 0.6826201563267417
27 89 4.719487193987649
27 96 0.10892514454333539
27 97 3.1760339356667746
27 105 0.07859249922824213
27 114 0.5752780273241048
27 115 1.7126853788417074
27 118 2.776223989761853
27 128 0.875359402392818
27 129 0.8038179144413554
27 132 0.12369855019035168
27 133 0.4145489502017416
27 138 3.593972997355764
27 158 6.882121113324207
27 161 0.17086607038273185
28 46 0.12655534116151088
28 51 0.03164309748084658
28 54 0.12842135466555454
28 61 1.0452423870012724
28 64 0.10419559782475735
28 66 0.9752874082904999
28 67 0.4638207720636634
28 70 3.98802838550641
28 71 0.6385171532099756
28 74 1.7101434151669304
28 80 6.1807891042309935
28 84 0.04889605414601413
28 87 0.5999880021769193
28 90 0.3191292828303177
28 92 0.7844074138753958
28 93 1.206466367655305
28 100 0.2302669117597398
28 103 1.0084037971716358
28 109 0.3686875176490325
28 113 0.21767295651282467
28 121 0.774458266686338
28 126 0.4315354204245559
28 127 0.34212247644375543
28 133 1.4077690171314692
28 137 0.8292196440209745
28 139 1.0256353565200729
28 142 0.9272815504449671
28 143 1.8326622113428965
28 145 0.7930619242790925
28 152 4.921170097604099
28 153 0.7998538891076094
29 31 1.3284745198260681
29 32 0.5813128079274081
29 38 1.8164954588116027
29 47 0.21591338651890624
29 50 0.05179736756321204
29 68 0.3127132129847895
29 75 0.23681679132253974
29 97 0.19892937083718645
29 108 0.4810210058575012
29 113 0.08979540328601082
29 115 0.12495815062769793
29 118 5.738460520213896
29 137 1.9630163335011137
29 144 0.12367074728004815
29 150 0.9119615215294815
29 152 0.4640666784230795
29 154 0.24143536247832287
29 158 0.2658250310893278
29 161 0.7572988411777622
30 35 0.7310318385591222
30 40 1.7957511210217083
30 43 0.15263057869977867
30 44 1.6134776095360186
30 46 0.39621194109699126
30 49 4.022500239272915
30 52 0.8396871515454077
30 56 2.345712608358377
30 58 2.7918465037633275
30 66 1.2744586016268409
30 68 0.21281243170136782
30 71 0.011286763385283498
30 72 7.526823097912125
30 79 1.1922164431046949
30 83 1.5903979923549876
30 89 0.8846379117853896
30 95 0.3846168031909459
30 96 0.26332828891041715
30 97 0.38523004763936647
30 100 0.017623350197965643
30 101 6.221928368343732
30 110 0.7863208309733675
30 111 0.46327816940590205
30 112 1.7479029559067656
30 113 0.793452572388528
30 114 2.2246980996503383
30 115 3.528598425588467
30 116 0.4912817475180271
30 124 0.46869233124803633
30 125 0.798693924564906
30 126 1.7307363486655272
30 130 2.4708573872100836
30 133 1.9884877595587767
30 134 6.587383653173694
30 135 0.9670518000517364
30 137 1.704513164746161
30 138 2.5488889340332674
30 141 0.06843623791414578
30 142 0.08936132917127411
30 145 0.2693721545598456
30 147 0.7978257113693348
30 152 0.7936629792011599
30 153 5.4247085109213735
30 154 4.635855914969726
30 156 2.1250527313251784
30 157 0.3433193832059705
30 161 0.3163991705923542
31 34 5.113171249463701
31 36 2.0438113224426324
31 37 0.44240099348293077
31 40 3.460428150254071
31 43 2.230089263283461
31 48 7.7722315895866565
31 50 3.380313667707329
31 55 4.190592513472641
31 59 16.559871894788007
31 63 1.0496861610859944
31 64 2973006.4734364944
31 70 85135030.99124105
31 71 6.944342428701759
31 74 74320770.02599421
31 77 5.551888617116064
31 79 3.3074283488327727
31 84 2.0066380112116664
31 86 0.7779668905551997
31 88 0.6198830213226806
31 92 3.8462858400565882
31 93 0.3871598962673013
31 94 0.6796464759012386
31 96 0.6935075122733693
31 98 0.24061590940400976
31 99 175952.0869913287
31 103 5.505718187728815
31 104 0.14812027926194032
31 105 1.0803221777938437
31 106 3.4012072836818605
31 108 0.8692155602524079
31 109 15.322064096898425
31 112 22.477692944734798
31 114 7.469202046689057
31 116 0.013256397748026406
31 119 0.9733815489223475
31 127 0.6670003258752291
31 131 2.7842312698470026
31 132 2.3145883934350446
31 133 1.4395163662388912
31 141 0.48277368296006373
31 142 0.7366426522515638
31 145 1.0042688399157607
31 146 1.0628957601612772
31 148 0.7840388482626252
31 150 0.2837126667682302
31 152 0.45834089368864545
31 154 37653650.07690393
31 155 0.09472230981972152
31 156 0.3905500291364475
31 161 0.7489272659637084
32 33 0.9085041868420259
32 50 0.6800684805276722
32 51 0.29287668022736635
32 52 1.9083011467308133
32 53 0.05008685758620394
32 55 0.6406561466533406
32 58 0.6821745215051421
32 61 0.13629706635600902
32 62 1.5287861836835384
32 63 0.10496430222631714
32 64 1.2938769791657814
32 65 4.929029087223189
32 67 2.8694779285815475
32 68 1.821197428961619
32 71 1.8476045506660428
32 72 0.8943116750095303
32 73 0.40612460241521897
32 74 0.5980457076060993
32 75 0.42816272035573616
32 84 0.7586584566258414
32 87 0.7133547566786265
32 89 2.002290066656709
32 97 0.014928293037096458
32 98 1.7044639413204858
32 99 0.027261210324566805
32 104 0.7131111338593006
32 106 0.606862318891871
32 108 4.263728396937405
32 109 0.3361093595497385
32 113 0.07232569010333588
32 114 0.5524639373322241
32 115 0.12322373326348907
32 117 1.2585115373881102
32 119 0.8465429560610775
32 127 0.8264334526324814
32 130 2.239945984974783
32 139 2.4734579030949946
32 142 0.27567881109700815
32 143 2.9114436309445395
32 146 1.4016446842825265
32 147 0.18850414151264705
32 158 1.5523122964680196
32 159 1.0280180517781026
32 160 1.856363965223535
32 161 1.8037536487381944
33 34 0.42223047596668795
33 43 0.15277747855401774
33 50 1.6291700668456404
33 56 3.9989676112587698
33 67 1.2523297224411343
33 68 0.5199584951246551
33 87 3.771422793884593
33 91 1.5816811149764087
33 111 3.705049601315678
33 114 1.5216962387839386
33 129 0.16779277279637916
33 137 3.704637278027522
33 141 1.8486472014055184
33 146 1.88831395289695
34 35 0.45176272029123843
34 40 0.3605183510712779
34 45 0.9238082821706748
34 46 0.006391819655361922
34 49 0.19135138163231533
34 51 0.8682746761877279
34 55 2.2310747554722044
34 67 2.2875776880199226
34 70 0.25334130314054853
34 77 3.9167763438613217
34 78 1.7845362211982578
34 89 4.432859451247749
34 104 2.1384964278118974
34 106 0.626663406245238
34 109 3.503164754656742
34 111 0.4002062390372762
34 114 2.1619288589670145
34 116 1.5986828242409385
34 130 0.27083685190819906
34 131 1.654946567011793
34 133 0.2548454325215574
34 135 1.335773409959204
34 141 4.1832747585027725
34 147 1.989438650214477
34 148 0.003044962611728313
34 149 1.570167597628729
34 150 0.3018778699164295
34 152 0.545449952541125
34 153 2.732692758054072
35 36 0.5209059504705963
35 38 0.6658048201264724
35 40 0.14879877262128197
35 46 0.45247694846620135
35 51 0.3122822219479601
35 54 0.3186649474985926
35 55 0.023192102282203603
35 57 0.6587735276191428
35 64 4.203521257955253
35 65 5.444749482031604
35 67 0.15288937393207386
35 68 0.5395435098444549
35 69 3.221362712025609
35 72 0.47755460222721946
35 74 0.4939670602655175
35 79 0.3847755601106236
35 80 0.15115959940527407
35 81 0.3094726858966406
35 96 0.4463504474648393
35 97 0.10889286104430648
35 99 1.7254479219352208
35 102 0.0003137767811525943
35 108 0.27548870313717894
35 109 0.9225762152106425
35 112 0.20095679594667412
35 113 0.9003814024003628
35 122 1.4037137943876503
35 126 2.3287439013618156
35 128 0.12268822675163737
35 130 0.04033784024584296
35 133 0.3670554448752831
35 134 1.927097939189113
35 135 0.9267209358179704
35 137 1.6221339751936195
35 139 2.376369044879952
35 141 0.21169607137954993
35 145 0.7008350371930103
35 147 1.0286214137427339
35 148 0.9402505472707062
35 151 1.1888225859185348
35 157 0.583187133231588
35 158 1.7489698181551678
35 159 0.6584320484263365
36 40 3.5553292011320057
36 44 4.191674562818214
36 46 2.0208982212504827
36 50 1.7719457646335255
36 53 0.008832739721381173
36 54 1.023975675884913
36 60 1.0745734556917619
36 64 2.4853370333551124
36 65 2.08307874222024
36 66 0.3077958948483713
36 68 0.14733331950140954
36 69 0.4505888329889979
36 70 2.3193946758744954
36 71 4.649697159539887
36 72 5.80656148683758
36 77 0.4428906236805753
36 79 3.7217024907385965
36 80 0.2897764693324793
36 84 0.7383365285777874
36 88 1.3391792540753846
36 89 0.8628813247761496
36 96 0.9081200574946965
36 99 2.692963963912045
36 100 0.05940093846272393
36 102 0.0865231555876615
36 103 0.054281397357337786
36 105 1.8459092749872017
36 106 5.51801820974489
36 110 0.22334654227215295
36 112 0.8120613203116942
36 116 0.5833290431679459
36 118 1.6928117428532998
36 125 1.2702162438735685
36 129 0.871813361368246
36 130 0.22605732484372937
36 133 1.2280824886901218
36 134 1.4750472875524767
36 142 0.4200898187791624
36 149 0.29258866167020786
36 152 0.980466168263169
36 153 0.6523555313229064
36 154 3.661098054250855
36 155 0.18783339182429132
36 157 1.1537408411431613
36 161 0.31031125354796135
37 39 2.478530333507279
37 45 0.552715122046281
37 48 2.289127842906296
37 49 0.7885724098728915
37 50 0.8013964052349225
37 58 1.0277494383196097
37 69 2.585453040390369
37 71 3.2047298602807857
37 79 1.3594000318284516
37 103 5.668407412685482
37 105 0.9294091002219125
37 109 2.288036022325647
37 116 0.38224232800037616
37 118 1.2398842770061824
37 123 0.023380155228815553
37 125 1.1417690491544714
37 129 0.02199452377523438
37 130 0.03379444592187032
37 133 0.8176046838587648
37 134 5.063583215139464
37 135 0.13829271185303432
37 138 0.13401738022469006
37 140 0.06645707519842713
37 148 0.49871765818064895
37 157 0.004792988399621806
37 159 0.4243917876752509
38 39 0.5056996769333547
38 40 2.2378063818563523
38 43 0.0502361389743577
38 45 0.5634054340160287
38 50 3.2458492422189527
38 51 0.14359963467390519
38 55 0.26750131381829667
38 59 1.7676320377219936
38 61 0.24500317750009754
38 64 9.225674444952759
38 65 0.3030296128489714
38 66 0.40283592731155843
38 67 1.2915456301506885
38 68 3.5375576638589257
38 69 0.05002357222461218
38 70 0.4935458827103213
38 75 0.2550535963194258
38 79 3.2683949922601268
38 81 0.4602906896654325
38 84 0.7181657399133237
38 85 1.5305668325457258
38 86 1.081501885391287
38 88 2.1991424971687175
38 89 4.492373712747618
38 91 1.1939679954620717
38 93 0.371176410597196
38 100 0.01670674877875386
38 101 1.5058063673666426
38 102 0.705082405624722
38 103 0.5067475481264393
38 109 7.386565847417923
38 114 0.21672997839514685
38 115 7.835193230615361
38 116 0.1303130645421435
38 117 2.8328783539108757
38 121 1.16428494137066
38 125 3.8956426117256733
38 132 2.9814027819484044
38 133 0.10398304071763737
38 135 0.06824381853871653
38 136 0.7432621393909481
38 139 1.638214987213545
38 140 0.6318535961958874
38 142 0.22393882947886373
38 143 0.8166489811126338
38 146 0.24193783747832304
38 152 0.7482358007037012
38 154 8.217361583948978
38 158 2.948194258964102
38 160 0.1493937006460553
39 44 1.7794676965321363
39 51 0.1241084157677334
39 55 0.637938684095531
39 61 1.1546455431129963
39 65 0.9538542711166291
39 67 0.6564994080505818
39 68 0.266172187472072
39 69 0.9818968647984703
39 72 1.195451865366915
39 79 1.4759916562481674
39 82 0.735629065837415
39 84 0.22696752261447734
39 86 0.15034239489614118
39 88 2.2100639207944344
39 92 0.6654988778086552
39 94 0.13654348360847587
39 97 0.7538131494697136
39 102 1.4671873985917265
39 105 3.600757476043078
39 106 0.3291328676774792
39 111 3.950656426813751
39 113 0.3625388233988731
39 115 0.7687721709704418
39 118 1.4423645946170236
39 134 1.7674318613813833
39 135 0.8926375872589797
39 138 0.4219252582155769
39 141 3.4854549209548296
39 146 0.19469343895560212
39 147 0.23150036787480224
39 148 0.17869606421951936
39 150 0.11424796886874797
39 154 0.36382318081098214
39 157 0.4582481163185572
39 158 0.5929615928057255
40 42 0.6085040527804576
40 43 1.2922121969969682
40 46 0.7512363674026555
40 48 0.2592297941048064
40 49 1.2017124514775475
40 50 0.593044342058187
40 51 2.179590740882541
40 52 0.0026796913366719205
40 54 2.250503581588527
40 55 0.5098213631520152
40 61 1.636815184939684
40 65 1.219352258076664
40 68 0.1035603040192589
40 69 0.871305798887489
40 70 0.685093669510492
40 72 2.1625776560750207
40 73 0.23997001310960547
40 75 0.7316451284260159
40 76 5.624570586904507
40 77 0.503151054562933
40 79 0.4744584198178626
40 81 1.2703731089669437
40 82 0.5582731972761483
40 84 0.6662394564353377
40 85 0.5002388830308468
40 89 0.5833226122554519
40 91 8.974914149057717
40 94 0.2570891238996562
40 95 2.35382182221385
40 97 2.3866661779703366
40 101 0.13055580599153455
40 106 0.8162619446199155
40 108 0.29910673663364284
40 114 2.254151336095153
40 117 1.8216045124024736
40 118 3.4073584381952013
40 119 0.22873565872843504
40 122 1.0702904804066535
40 128 0.27102455420335736
40 129 4.024369651997597
40 133 0.8942895117411612
40 134 0.8559059563639798
40 135 0.40100388540830206
40 138 1.5155194825358616
40 139 2.6729937574448193
40 140 1.6191679296458676
40 142 0.5042473149712459
40 143 3.743696576345862
40 146 0.636785473861263
40 149 2.270894336802932
40 150 0.08558516728674065
40 151 2.3936646892909277
40 152 0.09106957018200611
40 153 0.5692348127610791
40 157 0.7387542910210316
41 55 1.6821788052023852
41 58 0.9470543294992202
41 59 0.0016225673355127492
41 63 1.158866604314366
41 64 3.6761633453008544
41 65 7.7100601194870615
41 69 3.0468121645806803
41 88 0.8628561078021286
41 99 3.9700687391710465
41 102 1.4121724301835568
41 110 7.330715302441829
41 112 0.20038001004004952
41 122 1.1757220534685418
41 124 2.082755500396646
41 132 1.1018056434512455
41 137 2.7529644610205235
41 144 1.4434800217994326
41 145 0.002563599170992832
41 147 0.060124524502731924
41 154 1.0098447012423875
41 157 1.519752073930635
41 158 1.2005610702179244
42 43 0.5765053937898883
42 44 1.7497410518194243
42 45 0.22268016310738087
42 48 0.3854635057545896
42 49 1.4340794544683897
42 51 5.122665421045325
42 55 1.715535745192869
42 61 0.23134947622836918
42 68 0.6506869680903603
42 89 0.27611628463235155
42 97 1.4426380843542321
42 101 0.881959944967005
42 103 2.759651331780625
42 105 0.345172673650521
42 115 3.6818718843591642
42 117 0.5596449058754139
42 118 0.8645077307409509
42 122 0.27524595521967016
42 126 4.4386689088211035
42 129 1.7313136741729864
42 130 0.04104787125515175
42 131 1.1550822830560916
42 133 0.7056673462422133
42 135 0.056222695210286694
42 137 0.4636552454345965
42 142 0.032608254832999624
42 146 0.4256737193681057
42 152 0.04359752939381956
42 153 8.6976406895118
42 160 1.834325943817412
43 50 0.7732632681643007
43 52 0.03464158913102373
43 54 0.6655990126611075
43 55 1.1022233167009015
43 61 0.19993214675754792
43 65 0.9636749612196454
43 66 0.27343219165105437
43 67 0.08633688439535483
43 70 0.3056200876039299
43 74 5.190921052565205
43 80 0.2104082451975632
43 82 0.13428099246593864
43 89 0.14421025136013405
43 97 0.6817790290065664
43 102 0.740901461128165
43 105 0.11415045664127042
43 106 0.3261196186341865
43 109 0.21703926360108894
43 110 1.2802388859368627
43 113 3.2546357316297425
43 117 1.969063461380885
43 118 2.402824392932285
43 120 0.04469033622451444
43 130 0.28894958574130086
43 136 0.08501060942250452
43 137 1.6993989870868749
43 138 0.8960023018747476
43 148 0.04822506044013011
43 149 0.1173314803930211
43 150 0.8267202615315555
43 153 0.2539342271360022
43 157 0.2907082886686675
43 159 0.7173878784323648
43 161 0.4638214905174399
44 46 1.8015150364371093
44 51 2.9751179583284313
44 59 0.9388302480334076
44 60 0.9017287402621805
44 62 7.970539774043058
44 66 3.6029725456633854
44 68 0.2424638126068329
44 69 0.5967509907326773
44 74 4.244191622439601
44 76 6.2019616956836945
44 79 1.3620266419368345
44 80 6.515103723931202
44 87 0.08731814934966634
44 89 0.3470812748554679
44 92 0.47008613123891413
44 93 3.0568553811833703
44 97 2.527461253038916
44 99 4.280463585083037
44 101 1.0781121398583657
44 102 1.825441496775463
44 105 0.5542706564505775
44 109 13.24026915852335
44 111 0.6170501055795644
44 112 2.2140922588269154
44 113 0.5864930612115526
44 114 0.07889422808274273
44 118 0.5912300185846497
44 120 0.6503891218721544
44 122 2.492259388887296
44 125 2.919529323219985
44 132 2.22342250808952
44 141 4.703104325852029
44 142 0.016972398238107513
44 143 10.24122870352272
44 147 2.832247535319038
44 149 2.3396591186574742
44 150 0.7662924946148449
44 151 0.2978373652164403
44 152 5.003657344101019
44 158 2.1223663321186543
44 160 0.19651854615187006
45 46 0.11093913812420213
45 48 0.727293005117159
45 49 1.0316228386493786
45 51 0.04350253370252858
45 52 3.091810968977413
45 57 0.18354785134589421
45 58 4.810648296310765
45 64 0.033759207253605955
45 65 2.300342749984439
45 66 0.8156208737248237
45 67 0.9010290758999377
45 68 0.19196051170003053
45 83 0.9440380338471008
45 85 0.8800280097926803
45 92 0.16594836045126832
45 97 0.16952424425831944
45 101 0.5365099426343017
45 102 0.042798498510284486
45 105 0.16413574240225842
45 107 0.3720831236934049
45 108 0.7484227758031321
45 114 0.8954214766361341
45 115 2.472685000964292
45 117 0.21650132674048092
45 131 0.1077169200899796
45 134 0.15637243249271163
45 141 0.07046141307845316
45 146 2.1901099303884117
45 147 0.45469222343671184
45 149 0.23058050424519866
45 151 1.511182906139637
45 152 0.800164465298873
45 154 0.42769368169290395
45 155 0.3110047194880231
45 159 0.3977608736423409
45 161 0.47131164626233385
46 53 1.7525832778315986
46 61 0.28339651282912054
46 65 1.0155828015540447
46 69 0.04807799609862523
46 70 2.1660910020224806
46 73 0.2782975387657481
46 77 0.2122653741403039
46 79 0.9651225891008663
46 96 1.0026890199369074
46 98 0.6468647251589693
46 100 0.18124807983150684
46 101 0.18829342168952642
46 102 1.190860404246105
46 108 0.5029767300984398
46 112 2.0698832134397884
46 113 0.4002728819916197
46 114 0.9782933179620134
46 118 1.2128719574401905
46 126 0.08228298630494839
46 131 1.1293032151056255
46 132 0.5549435713083852
46 138 0.8990139165419208
46 141 0.2192625641143605
46 143 3.3818909686775207
46 145 1.0878744381187513
46 152 0.04895140813029381
46 154 0.754530238218577
46 156 0.024987144540160218
46 157 0.2828709625558506
46 161 0.1492261954439138
47 55 0.6499998098596127
47 71 0.07837235007420443
47 80 2.6314585121413105
47 112 0.9311983059693432
47 119 1.505284222163717
47 126 0.45544182868273236
47 131 0.6859004217669444
47 139 0.7352758983797513
47 160 0.19926496241616587
48 54 120.0811632956128
48 55 0.17652277542495676
48 64 3.2100681927662866
48 79 0.16741139567257324
48 93 4.953479056139582
48 97 0.11162371794011072
48 105 8.980341573193947
48 116 0.4903620358506371
48 117 22.38970159645687
48 122 3.0321512414346263
48 135 0.12995263397836984
48 137 3.3365002039284053
48 138 102.34419106524784
48 142 0.22690791913472927
48 146 2.4640571854848243
48 151 14.217110590473485
48 154 26.109662974960614
48 157 1.247550291599499
49 53 0.9507701285084382
49 54 3.251315102637544
49 55 0.7837234251918173
49 56 0.49342013483142066
49 61 0.8567268408164246
49 63 0.5965955396181105
49 64 0.3134411256124399
49 65 2.450490606351802
49 66 5.278086483209932
49 68 0.1731758476391633
49 69 2.0816160630278535
49 71 0.7833108632132169
49 72 10.219984129395193
49 73 3.2542299359000393
49 74 0.43552401626953186
49 89 3.6450413422820267
49 93 2.9414859792166053
49 94 0.0030299881564253106
49 95 0.4124386461178554
49 97 1.2656785934689205
49 100 0.7162445811993047
49 101 0.1441647296551767
49 103 1.3092978484342659
49 109 0.8879305864369041
49 115 6.720577157307692
49 116 0.41122059997656235
49 121 2.189491389534009
49 125 0.009214189757344844
49 126 0.19444399979046445
49 130 2.250003947999237
49 131 1.26760322391572
49 132 0.3528212356386407
49 133 0.23057598369319934
49 134 2.472662116873602
49 137 1.7661562952356078
49 144 0.5544952236316046
49 145 0.27586246651491936
49 146 0.4900581634575971
49 148 0.7179601920532815
49 150 0.40819083884007673
49 152 0.1846010447969367
49 153 2.7009218871741787
49 156 0.055080181090411705
49 158 0.680007034812275
49 159 0.101312243970889
49 160 1.6811209615572285
50 53 0.09696971371545973
50 54 17.100910046445968
50 56 0.2976424074813197
50 61 2.571782075148554
50 62 2.317665093653707
50 64 3.8272043016292665
50 67 1.0967180527056615
50 68 2.181012235497033
50 69 0.17851660601042407
50 71 0.6491972176378632
50 76 1.4803204091999536
50 79 2.9864780733847307
50 89 18.479721680343193
50 91 6.8005491650826215
50 96 0.838365734520228
50 97 3.155723662269943
50 99 5.837062576410575
50 101 2.884514340703315
50 103 5.655634284846972
50 107 1.030341496018856
50 108 0.2241573820078916
50 110 0.8679546392164477
50 114 1.768310637271917
50 115 0.09232616349481006
50 116 1.894809080182735
50 117 3.819306166853792
50 118 2.7695130134036345
50 125 5.859085536168247
50 128 0.959604911030123
50 129 0.87412512656856
50 134 0.18206713103890607
50 135 0.1088655992245141
50 137 16.759044317077453
50 146 3.5641951982251037
50 147 0.6267729258371492
50 150 0.012363976778997003
50 151 4.825035494512129
50 157 2.7104910417496155
50 158 0.6681294698203013
50 160 3.5353173523145522
50 161 1.1253089249742307
51 52 0.795541452228459
51 56 2.5662703847759687
51 57 0.43549831587298476
51 58 4.97937385620281
51 61 0.21108375565311374
51 62 0.7720953019990331
51 63 1.5627719628434438
51 64 3.9396541573280968
51 65 8.572181568943247
51 66 2.7232682652051357
51 67 1.9083478928122004
51 68 1.3079127378858568
51 70 0.5464555205549106
51 71 1.4525759422703308
51 77 3.89138613286759
51 79 0.011943188187314322
51 84 0.7300135545560429
51 85 1.4133361210543305
51 89 2.119025676767463
51 92 2.038389498621689
51 95 9.790928522578575
51 96 0.655158313218528
51 97 0.102536671269755
51 99 0.9415410233518363
51 102 0.10475121611638136
51 103 4.325813559707624
51 105 2.088416912318249
51 106 0.2317582996706039
51 108 2.424716122628875
51 112 3.632573751939393
51 114 10.143881760384652
51 118 1.4196461885027731
51 119 0.04657473923102866
51 121 0.21270292514098854
51 124 0.0008091581001622381
51 126 1.6470085150150295
51 127 0.8497949616039276
51 129 1.0099058682651478
51 130 0.06006095783971529
51 133 0.5057333939996476
51 136 0.6601673544983714
51 137 10.763386719966176
51 138 1.8955022292527532
51 142 0.29783536513978714
51 147 1.0572985914996558
51 148 2.4356407288942616
51 153 17.59451871858492
51 154 9.461540441924535
51 155 0.14565280937640218
51 157 1.630391371694516
51 161 0.1087311859289138
52 54 0.44654978512806465
52 57 0.7004713251891685
52 65 5.74207690561104
52 66 0.06690701440610537
52 74 0.14235502199753022
52 75 0.06715070533468885
52 79 0.1880324014856352
52 85 0.34551719387629587
52 89 2.4165660791199075
52 107 0.7628677120326276
52 113 1.2846080731072176
52 114 2.968843160672136
52 118 2.533083893746395
52 120 1.2004846947208536
52 124 0.007890918926012227
52 130 1.230658591277389
52 136 0.592047907974206
52 145 2.2227940511434223
52 146 0.15503686546632345
52 151 0.6192126139910813
52 152 0.9296966690390224
52 158 1.158031888117843
52 160 3.4500989150524974
52 161 1.3646656470659344
53 57 1.0886670425871303
53 58 0.7524874057454163
53 64 1.2194021321610045
53 66 3.4939315344567965
53 70 0.14568380462432426
53 73 0.684468579590572
53 77 1.3501207440060699
53 79 0.12771451296675823
53 82 0.6857497233000046
53 92 0.4243375757831798
53 95 1.082459902678944
53 100 1.327473354692153
53 101 0.1861113791167009
53 109 0.03184965694780524
53 113 1.7556489891935454
53 115 0.5362048932678836
53 118 0.4511986139297371
53 120 0.6680376992715352
53 124 2.374723674380451
53 138 0.3024668248734269
53 139 0.6154269168224837
53 147 0.18513985755775317
53 153 0.3035215830388385
53 154 0.6655585428387891
53 160 1.7996292264812712
54 56 1.2594696643667533
54 58 1100508.6883335884
54 60 2.437625270088215
54 63 0.16134949082840777
54 64 1203495.3353724338
54 65 20165490.274791952
54 67 0.4333370620650189
54 68 0.2150896213787681
54 69 2.218416915561405
54 70 5089992.082991992
54 72 17779925.855231605
54 77 0.014971005371600196
54 81 0.4275619312687206
54 84 2.4310301203739777
54 87 0.6678980081239199
54 89 43.05991893603762
54 91 3.4248757242272534
54 92 3.7615168716882783
54 93 14.488764946509283
54 94 0.9227324139085241
54 97 5.758690652843636
54 98 13.796984579313895
54 99 3817759.5735144513
54 101 0.8054610476203028
54 108 4.267770387127348
54 109 19.000275609220623
54 111 0.5602609194906257
54 112 22.783587688290382
54 113 0.9906673278703276
54 114 3.063137279572383
54 115 4970577.98701574
54 116 3.8681453286183656
54 117 3.4285371902759585
54 118 1.960754059676448
54 123 0.5628263375498638
54 124 0.24672230476284515
54 125 2.761109164569725
54 127 1.1018706839451284
54 129 1.2829684585441603
54 131 2.0034910990974075
54 133 0.10652353130231396
54 135 0.009647893931504031
54 138 17802735.726377994
54 139 6.868638636453224
54 143 6.809790069731881
54 144 1.5058629861395887
54 146 2.4006075941187355
54 147 2.1756670726693175
54 148 1.9494684476029558
54 150 0.1439209105396183
54 152 0.5708261969434455
54 153 36.498144504032396
54 157 1.0689577504437224
54 158 2.016236951112478
54 161 0.7445543885370384
55 58 0.7043860764974783
55 62 2.892316177402953
55 68 1.8932089392972278
55 73 0.45600707957386133
55 74 0.12020276432516959
55 79 2.1981639440177907
55 80 1.5514928224961475
55 88 0.5142387638919435
55 89 0.469117699156056
55 91 5.310802598750878
55 93 2.04103168356162
55 94 0.7832271537403996
55 97 0.7931599614091199
55 101 2.7099194169830567
55 103 0.5458159048943688
55 105 3.0173179530503984
55 106 1.2180296543370954
55 110 0.3365700356412035
55 112 0.08403376822143914
55 114 0.3296283756446678
55 115 7.757000157529172
55 116 2.0172787526917504
55 117 0.8169781301571546
55 122 0.9090157722616685
55 128 1.3229065785139396
55 132 0.770956774056441
55 133 2.411290789392242
55 137 0.7820499536059562
55 138 1.4325265377604748
55 139 0.45562895328876396
55 147 0.5573294519546466
55 152 0.3525067650089838
55 154 1.2408354530305952
55 157 0.8657627876771573
56 57 0.49647021289984344
56 58 1.3756107811256
56 59 0.3261662353716158
56 64 0.6367289159999343
56 66 0.2107438368050111
56 67 3.1550252709276405
56 70 0.5033525725709302
56 71 0.43525707869130775
56 73 1.434755117223341
56 74 0.5225468001534798
56 76 1.481429069765967
56 79 2.8193613949208274
56 80 0.8024202332461903
56 83 7.111914747174501
56 84 1.8085587228858222
56 88 3.7501560142012935
56 91 0.3492110759663529
56 92 1.0549198308200278
56 97 1.1162953980176942
56 100 0.6407853022425506
56 105 0.5494344618227869
56 106 0.060984889729096464
56 107 0.03839501907442103
56 108 0.47094188803678305
56 109 2.9017352641262586
56 113 0.3487442007885153
56 114 0.4558366401051286
56 115 0.9628441845736095
56 116 0.48279540190095294
56 120 0.6651865161719475
56 126 0.08646218782754697
56 129 2.155947174973301
56 134 1.1990603756584002
56 135 2.4521332877968423
56 138 0.46876461394847285
56 146 4.351110632831265
56 150 0.1312930546910006
56 153 1.1133801999557398
56 157 0.2039977815619793
57 62 0.35776659374619807
57 65 4.91533518857176
57 68 0.16455498049560308
57 72 1.0188037459861432
57 73 0.24932858612012962
57 78 0.760764172279828
57 94 0.23116547579859606
57 106 2.3142315610371877
57 107 0.21746356610353879
57 109 2.269389466003421
57 111 1.7526564264055708
57 112 1.2712436100943825
57 114 0.5337574919520615
57 115 0.07138413527016021
57 116 1.561679082563441
57 124 0.04313846784039997
57 131 0.3109344912828954
57 133 0.0867316188726521
57 138 2.2350994942187694
57 140 0.609046211521144
57 142 0.22815449417044975
57 149 3.8607148500505217
57 152 0.866944857191246
57 153 0.5121188733885993
57 154 8.121984765457938
58 63 2.3063656295418182
58 65 857856.2855423134
58 67 0.4267569157325308
58 68 0.7837195889577679
58 72 358154.9992791801
58 73 0.537246981270276
58 74 242535.05569024733
58 77 1.6375429740991947
58 79 0.047168892877524064
58 80 76.6512447467709
58 81 0.9668271493662896
58 84 1.9343921073128607
58 86 0.8534882577973665
58 87 2.602489546405374
58 88 0.20919805153561416
58 89 2.3705660972889038
58 92 3.4481293790958385
58 94 1.2421918131510585
58 98 5.206045726870092
58 99 1455721.9395763474
58 102 1.0479424121707805
58 105 22.78755264674534
58 106 1.1988147114148227
58 109 12.282763169140766
58 110 0.5480797064973547
58 112 5.485581217742104
58 114 6.389731933939644
58 116 3.2392908735349035
58 117 12.911014600964489
58 121 3.900442015863449
58 123 2.620287359392341
58 126 6.4963901121107
58 127 2.019396927094642
58 131 4.90343723067824
58 133 0.19036295497622394
58 134 14.943677342772013
58 142 0.6461129389257744
58 147 0.048820378757514854
58 149 1.6931347042286546
58 154 1248435.5182620576
58 158 10.268069601635196
58 159 0.6269073536649686
58 160 9.203387453100689
58 161 0.20838879297794488
59 61 0.5003161456170263
59 69 0.220809571734835
59 70 8.531468937717422
59 74 5.960733283725752
59 92 2.075285715505178
59 94 0.14591954816285427
59 98 1.3937692614265904
59 102 0.38432959812940787
59 108 0.12997750326801186
59 109 2.1121174941737135
59 114 2.7988952588519456
59 125 8.186976483360954
59 126 7.097039759255771
59 134 9.19837711416965
59 135 1.1537251924818714
59 142 0.7072248134320666
59 147 2.4782541131458857
59 152 4.7657386666519495
59 154 10.527570759125771
60 66 0.06242997750605047
60 77 0.04145349952910881
60 86 0.2351399817136433
60 94 0.25924226939335343
60 95 0.3226008550947153
60 112 1.2406895701959286
60 118 0.4006109803915196
60 129 0.4569946688435457
60 147 0.12821061578060935
60 150 0.08725836600836612
61 64 2.813425000772053
61 65 2.983949211958168
61 68 1.5533438917844982
61 69 1.2386089089474814
61 71 0.8010924923127793
61 76 1.2544632679959362
61 88 0.4021278426453331
61 89 1.6768006473186738
61 99 1.2730723331188483
61 104 1.5997691190100034
61 105 5.659269347060857
61 106 0.5680565023847812
61 110 0.3633661693475986
61 111 3.2647472321031823
61 113 0.14182941147367784
61 115 2.134989529088299
61 116 0.4380947591319588
61 122 0.2767116411973797
61 127 0.08752579461861784
61 130 0.2576531662351906
61 142 0.566589143862299
61 145 0.7594561941025352
61 146 0.44720115163545143
61 147 0.06456399317725194
61 149 1.3725409744694772
61 152 0.21501799720391324
61 153 0.42424007527343244
61 154 1.7185094997610504
61 157 1.1453588629721765
61 160 1.4937046890857297
61 161 0.22613708511732866
62 67 8.32886182355302
62 68 0.6426115544752983
62 69 1.413282460068734
62 72 11.37392973416063
62 74 1.5170592166776846
62 80 6.693481970222605
62 83 2.579146824220906
62 104 1.295114386650538
62 105 2.793684109994471
62 112 1.6378199076559345
62 113 0.7349645905272691
62 115 0.5565465405430527
62 117 1.9917197536005375
62 129 1.1566980390710162
62 135 0.10991469962209009
62 136 0.9926176961148362
62 138 3.1105335220882244
62 149 1.3949135721763728
62 157 0.6932234921488045
63 64 0.1692854467324614
63 65 1.2692922593512133
63 67 0.4845955216504599
63 72 1.1912432708615175
63 74 2.0447717526553557
63 77 1.111025931721839
63 80 0.6586952078285757
63 85 0.6068314957692282
63 91 0.9268339945503913
63 98 0.39787069358952687
63 100 0.2688202371836062
63 108 0.2198393626729252
63 111 0.19609508604948583
63 112 0.900919880266888
63 114 0.17221846915007027
63 115 2.6292339709863644
63 121 1.3518315367456235
63 131 1.048807051676323
63 132 0.03352124143327608
63 137 0.021741499277400576
63 143 0.0119587965380086
63 146 0.7674339598832294
63 147 2.2852827601458365
63 152 0.7009367448303297
63 154 0.329195312692588
63 157 0.30892409426032524
64 65 1893398.182121416
64 67 17.336189005810088
64 72 86212.381792062
64 74 691055.5958106288
64 76 22.749602435866393
64 77 1.5544560782803951
64 79 4.526920955994137
64 80 14.196122503343073
64 82 1.408766571665091
64 89 2.933348958705144
64 99 90634.29654904365
64 100 0.09208430710840856
64 102 0.08018026079144783
64 103 13.443043252422022
64 105 1.1077797248093721
64 106 0.9237394842145332
64 107 0.7947579477915255
64 111 0.32377553205329507
64 112 2.7319025089989277
64 113 0.7482723565528818
64 114 21.885176141423035
64 115 3906363.8652690514
64 118 0.3259778979000113
64 124 0.09864377333820527
64 133 0.9168862150413686
64 137 0.8555716716327983
64 138 2418010.1106371596
64 140 0.09736753226019848
64 141 0.011729479936070441
64 142 0.8677230868242428
64 144 0.7531866767389744
64 146 1.619717663253583
64 147 1.0010956022479514
64 148 0.03944182973164491
64 152 0.03484006302674144
64 157 0.9806930463795631
64 158 2.5625955055005347
64 160 1.8403983634736982
65 66 1.4759861014321483
65 67 1.452152996490732
65 69 0.026984969096296333
65 70 26738686.89669904
65 71 0.7754493792486614
65 74 40953994.94581901
65 77 1.3145623036916354
65 78 0.8505425928496
65 86 0.6404563039423649
65 87 0.912259529113502
65 89 38.783984935988855
65 91 12.033174765766148
65 94 0.12969751649189815
65 98 0.5923727965034135
65 100 0.15642826575234808
65 103 0.3799297073126522
65 104 0.5217532693221412
65 106 3.8633043886065326
65 108 1.39164013694271
65 109 11.72525161603239
65 110 0.2092509918969241
65 116 2.7554182299170735
65 117 33.20449120282029
65 124 0.1337131393750759
65 126 1.1474399426349524
65 127 0.09869372203081991
65 131 0.6521410353938909
65 133 1.079116786617788
65 134 0.5279709072465818
65 137 1.4807679593878371
65 138 11020799.183465058
65 145 2.5833961514534884
65 149 13.768758524353737
65 151 1231708.1223308947
65 152 2.647281203812743
65 153 112.8117666529201
65 159 0.207131076664792
66 70 6.657635029583396
66 71 6.11294075462526
66 72 4.520642699389483
66 77 2.6330695847167984
66 79 5.3595596906751135
66 85 1.8759357195781452
66 86 0.758072073493454
66 93 0.12910839104619176
66 95 0.45475952285473453
66 97 0.355763721043216
66 102 0.8302600511563374
66 103 3.8282174645787297
66 105 2.6906317102761226
66 113 0.8216287316803502
66 115 4.3153335299949385
66 118 8.354337225231207
66 125 0.6478926028369559
66 128 0.04422046360271944
66 129 2.6466056742104023
66 131 0.6206808380949692
66 134 3.3197659302850973
66 136 0.8010061201038232
66 138 8.981095645559243
66 141 8.548696705681865
66 153 9.041630743299216
66 154 0.695396407873183
66 156 0.3412810996781882
66 158 1.0199691652705654
66 160 0.3777939429694676
66 161 0.9581752073954628
67 69 0.43830754052937004
67 70 8.692350047012011
67 72 8.906299119629043
67 74 0.12997088587296132
67 77 0.7379000739495779
67 79 3.869948579886967
67 82 1.1683907785584469
67 85 1.4246867984197975
67 86 0.742177185997161
67 87 1.2072935786353742
67 94 1.8541622126029094
67 96 3.308169284605898
67 98 2.2165432936830123
67 101 3.0697375474002424
67 102 0.42062364223736576
67 103 1.2044027114676714
67 106 0.08457805125152915
67 107 1.800785202572605
67 108 0.8729243422394246
67 109 3.188606026226955
67 111 0.4778998060552977
67 113 2.841143297261674
67 115 0.2277839415107065
67 116 0.5827259796174463
67 117 0.7480419283653502
67 121 1.5400670062368949
67 125 2.343050777415554
67 126 9.912528791239552
67 128 2.7750606072534745
67 129 3.663050765464087
67 134 4.790691401259113
67 138 12.234257299804732
67 139 4.43493737204278
67 147 1.3404940377758414
67 150 1.2248377798814691
67 151 16.384337691945426
67 153 1.478399559515283
67 154 10.21620138504364
67 155 0.7593913446348018
67 159 0.526303925932744
67 160 1.2549787152205818
67 161 0.11784318535593263
68 70 1.9035619237209294
68 71 0.08533711057947665
68 72 0.9316228226415035
68 74 0.034853610721658254
68 76 0.0785241496435765
68 79 0.9714982864622825
68 84 0.6594349920783887
68 86 0.3969403781384786
68 89 1.5997672080042522
68 90 0.11587165040039722
68 91 1.428515359773831
68 93 1.6290847950827934
68 96 1.5319783271628002
68 97 1.2024582971235345
68 102 0.2816770321074684
68 107 0.28359407207175175
68 108 2.1523780710013054
68 109 0.6393789981778265
68 111 1.7537605876016906
68 112 2.1040206802943
68 115 3.0135695337279165
68 116 0.3803307365590151
68 117 1.2827292121068468
68 118 0.9081756815860856
68 120 0.2361358831175591
68 125 0.028532092851679555
68 127 0.049709413610993396
68 129 2.792778223373954
68 134 0.08588450876989613
68 141 0.5044905456987894
68 142 3.098875202646232
68 147 0.5221806357572768
68 149 0.5132871179592436
68 153 0.8254921119990858
68 156 1.1385340262144716
69 70 0.6968134453481705
69 74 0.19379893414388555
69 76 0.1380528402853114
69 79 3.6034507972419183
69 80 0.41750169238064855
69 86 1.2043253793383641
69 87 2.3662415247939887
69 89 0.531594601050281
69 91 1.6372319703942828
69 92 1.4108636695772896
69 100 0.1017531203620434
69 105 0.029485521841222086
69 106 0.8374368580609513
69 107 0.04467956873927274
69 109 4.963057593272665
69 112 1.713232502529104
69 113 0.2794675180647116
69 114 3.6454358234417086
69 116 0.6625830590018992
69 117 4.735492721019035
69 119 0.6046752283028667
69 120 1.9260488423376514
69 123 0.010415376939575949
69 129 4.328306020454778
69 134 3.2658708212753633
69 135 0.7223786639089746
69 136 0.528136755584172
69 138 1.7221196310620002
69 140 0.27357906494992607
69 143 0.3661031743641449
69 150 0.8840840399442954
69 152 4.558047820028291
69 153 0.4716808822817975
69 154 6.6283037853938165
69 160 0.2565969296572065
69 161 1.1028574291839464
70 72 24001721.816204626
70 80 199.6253233967548
70 83 61.736711815207435
70 86 0.04357203968471777
70 87 1.753083070164886
70 90 1.7221922734311284
70 92 3.7815020843420117
70 94 0.17267732170839192
70 99 1546282.2091967473
70 102 0.14040020238435574
70 105 1.1963482644453112
70 106 0.4615954876934154
70 108 2.2707976244097527
70 109 32.902660459880096
70 113 2.4630530541099214
70 114 2.439811975287252
70 115 3736528.621674118
70 118 4.133080485095514
70 125 1.4500708657214323
70 129 7.993025091637738
70 131 0.9772862176668341
70 133 0.720668769208879
70 135 0.07781912007872434
70 137 7.451876573488115
70 138 5316845.6566376565
70 142 0.8833952330008765
70 143 1.8708012375566268
70 146 2.005807037504658
70 147 1.1052790564047292
70 151 1631848.0023518796
70 152 5.63650231928048
70 154 93852911.27878869
70 160 16.544289778999126
70 161 1.1787875483387784
71 72 5.582499685730556
71 73 0.5427040056270634
71 74 1.4152146739062355
71 76 0.28407464277392175
71 79 1.9009212040082544
71 82 2.2808544011825482
71 86 2.248778540063957
71 89 6.449787610232099
71 93 0.0982705012121691
71 99 2.124536353439016
71 103 1.0941758796532175
71 104 1.2185918846627202
71 105 0.816093054983696
71 108 2.243841007776201
71 111 0.6229974746099339
71 113 0.07028992314111
71 114 1.0217474963413677
71 115 2.705737437143227
71 116 0.6940000856914631
71 117 0.17387405873953168
71 118 5.223840254131106
71 121 0.14324850876536527
71 128 0.8722207076521933
71 129 1.7447135712025528
71 133 0.22723156151609467
71 134 1.156699252869273
71 137 1.0616090540470613
71 139 9.45830688261406
71 142 0.7816708056948806
71 146 1.6608877696916624
71 149 2.0963782802641826
71 151 3.2887815480147684
71 153 10.412065098360829
71 154 1.997306621561725
71 155 0.7620321765231362
71 157 0.22663290051116936
71 158 4.540217942210126
71 159 0.3450096326203208
71 160 0.4596202627083546
72 73 3.734831806419458
72 74 16498461.019137997
72 75 3.426131076373943
72 78 0.6193902194992092
72 79 15.673329492334382
72 84 2.974098583574388
72 85 0.7152398715265331
72 86 5.047078094090649
72 87 1.6114282206936148
72 90 2.0874988306166147
72 91 13.217394644973863
72 92 0.09431636191439649
72 93 0.3858044719954287
72 96 6.860742792305539
72 97 1.1939079191159205
72 98 0.26332922819798393
72 99 9097843.248782799
72 104 1.8842310553958217
72 105 4.256640756038324
72 107 1.125747622714012
72 109 71.58923066203867
72 110 0.2353628394167145
72 112 1.5643983211697978
72 116 2.807413140091437
72 118 9.33334022124582
72 120 4.559552085113102
72 124 2.892763856767783
72 125 0.032290336125916065
72 129 23.708392981170206
72 131 0.955491786503313
72 132 0.1995673220695271
72 133 0.47961889706053235
72 136 0.35824629968795874
72 138 99132303.17879023
72 139 8.386413726793352
72 143 3.561549335187065
72 145 0.9147745594902366
72 147 0.5262638445667526
72 149 9.629103256536077
72 150 0.7540045768707898
72 157 0.298144279010055
72 158 3.7882569403974595
72 160 8.989339413339914
73 74 0.48691405404899213
73 79 1.9367491140828264
73 80 0.41560272160885364
73 86 0.1227850351616507
73 89 0.6286086188221763
73 92 0.29088065019522463
73 93 0.7651280245971549
73 94 1.8291180762135089
73 98 2.597752186977257
73 99 0.8645139976923278
73 102 0.8629688472758978
73 103 0.4489804050226962
73 107 0.36903036697366376
73 112 0.3888983103120775
73 115 1.3602379668654128
73 117 1.453950984425262
73 124 0.09527772179950322
73 125 2.9628506616239667
73 132 0.30524164869018605
73 137 0.9734636214758636
73 140 2.7754857026911046
73 142 0.6770652298507212
73 143 0.19002437310573694
73 145 1.6365624864406911
73 147 0.9231160353945983
73 149 0.23989152408757547
73 151 0.40182323499224304
73 152 0.48174891807665643
73 153 1.0075050818649105
73 154 0.9147320798233103
74 75 0.09777588271492696
74 78 0.3190666188663449
74 79 1.3299535621166367
74 80 258.8057170760174
74 81 2.45928399981275
74 82 1.7763219270647064
74 89 6.488787854472788
74 94 0.057601963804684866
74 97 1.0551246441422695
74 98 3.485881821487037
74 100 0.30574853058035534
74 101 0.19027930034929738
74 103 5.0816730191774875
74 106 0.8945891096371714
74 108 0.21241275862496092
74 113 1.5484336711453515
74 114 5.9539349184517
74 115 2906027.9592424347
74 116 0.7277648182320104
74 117 94.41371080221575
74 118 2.5951895805559033
74 121 0.07024875068339484
74 129 7.236409450786612
74 130 0.1441015754549638
74 131 0.6561038342604136
74 135 0.1489124726125632
74 140 1.4803276044875315
74 142 0.1780560869050625
74 152 0.8109147432527335
74 156 0.1678495935031823
74 158 4.250447832014038
74 161 1.0906849445940245
75 79 5.014539804783883
75 81 0.45302176053022397
75 84 0.4533948864630255
75 87 0.9236661071733139
75 89 3.639622398122115
75 93 1.686365989899684
75 96 0.1410432805468384
75 97 3.274936118469445
75 101 1.4331308157779306
75 104 0.9865403640297313
75 106 3.487318870839984
75 109 3.3853665691254298
75 111 0.03987468773789471
75 113 0.47037761138560774
75 115 0.6353441830312927
75 117 1.880218884296049
75 118 7.628174683019176
75 121 0.5328206856044887
75 122 0.7784003349531365
75 131 0.9676256741683804
75 133 0.028309070137918745
75 137 1.691207434854092
75 142 0.04261958029716293
75 143 2.5609540776769086
75 146 1.530490213340427
75 153 1.356429999063839
75 157 0.6129665787365081
75 159 0.2655118425372324
75 161 0.5452232154616645
76 84 0.1065286567307388
76 85 2.497885728442051
76 95 1.0660912572581043
76 96 0.4599466110547504
76 105 3.1886134995343203
76 108 5.32213662802694
76 109 5.417632576039232
76 111 0.3465810610833056
76 125 3.038602776926733
76 133 1.2553027592343344
76 138 12.094903741720968
76 150 1.574997032063006
77 79 1.2561570415682215
77 83 0.5176731680675608
77 88 1.4935615992542972
77 89 0.5636019770651144
77 94 3.1250590092744734
77 97 2.2148958637776177
77 101 1.1002124218976037
77 103 0.846621852270771
77 105 0.004157319331269244
77 106 1.9872449438324624
77 107 6.411764144987544
77 113 0.08346924826098032
77 115 0.5802068070920785
77 119 0.7123167157600199
77 126 0.33172271940900916
77 134 0.17739984425708893
77 137 3.5536632024511303
77 141 0.9399828327949193
77 142 0.2973414486556683
77 146 0.33527790411927255
77 159 0.08382299684547727
77 160 3.0026053613454886
78 89 0.1257376920561406
78 112 0.6123952037348804
78 116 2.0238249273259608
78 125 0.32707656208894736
78 135 0.31550783918024744
78 142 0.15281857108191998
78 159 0.1400510407235386
79 82 0.8334562529216892
79 83 5.382895834324069
79 84 1.1805994458491365
79 88 1.0211495201731364
79 93 2.548416976551569
79 94 1.6155324448987143
79 95 2.646872217932658
79 98 0.49083390148739026
79 99 3.5049516912181344
79 101 0.16795648733646673
79 104 0.3551636550303966
79 105 1.010830748127781
79 108 1.5568894401472957
79 111 2.023578349638896
79 112 1.5326358355922975
79 118 0.6291857876224691
79 124 1.1736695909872348
79 125 5.174352875442186
79 129 5.649985501653632
79 132 0.7359821766373847
79 134 2.4671213260101745
79 138 2.0215786486142036
79 139 0.5017152145080545
79 142 1.7438744586910928
79 143 4.520846272977411
79 145 0.35543889775581483
79 150 0.1195506383438374
79 152 0.7764614528828739
79 153 1.2631062843485674
79 154 0.6841025994766314
79 155 0.22974259838511116
79 157 0.09904027849405346
79 158 0.3522917100837351
80 85 4.70947489631896
80 88 4.941610666080357
80 101 0.04394142491747895
80 102 0.6248046862114067
80 106 1.167461544528549
80 107 0.19593730561379666
80 108 0.30209866593900014
80 117 3.8114109537912113
80 122 4.134951145325712
80 133 3.3485407309889506
80 135 0.14252812549513186
80 147 1.3290592353853337
80 156 2.958525114336762
80 157 2.616087434883292
81 94 0.2492720132187034
81 108 2.2932496705946606
81 113 0.0706107327745567
81 120 0.14032010857622915
81 122 0.1337775618165425
81 126 0.005566329884320033
81 131 1.8507613080607466
81 132 0.2347653998642331
81 133 1.2070064573777468
81 135 1.5233328104475778
81 136 0.10283585469858247
81 138 2.033669809790278
81 157 2.8533001378433878
81 161 0.26175820196695493
82 95 3.566111991109359
82 97 0.47910422816966125
82 98 2.1372238023270316
82 100 0.21758981161270372
82 109 0.47944592473128295
82 110 0.6828318686342437
82 114 1.9651612904714424
82 118 5.431237273632111
82 126 1.6586441176598536
82 134 0.03146421462653175
82 142 0.16964556094332867
82 154 1.2987267786423125
82 155 2.766561434744995
82 157 0.16287470719431688
82 159 1.3955601686023378
82 161 0.3254330439140708
83 106 1.0138332157292491
83 112 2.3008899831914817
83 114 3.683291546290193
83 115 5.608609164278397
83 116 0.5450625142885567
83 121 2.611842645239367
83 125 1.0527035812772576
83 127 0.36282400254894126
83 128 2.627331028499014
83 133 1.3760540342194418
83 137 3.1967503333202902
83 151 51.54554876511465
84 88 1.0222095087545242
84 89 4.0541078825867505
84 90 0.22058362988645397
84 96 1.754071181906273
84 97 0.45591780247229474
84 99 1.8238243545314279
84 101 8.404996741763056e-05
84 102 0.23231293774344894
84 103 1.3290008191497678
84 106 0.6386209370509071
84 108 1.276396517299901
84 109 0.9646284504164231
84 114 1.5001458273490194
84 115 3.864248498859144
84 117 1.2622083980513608
84 123 0.23463815284027584
84 139 3.131895228696359
84 142 1.428977557459279
84 146 0.1219579040904469
84 147 0.5200690450451931
84 159 0.9889755947818593
84 160 0.8709098875461101
85 88 3.279709494031539
85 91 1.0251937451487512
85 97 1.1457907295564216
85 103 1.5041311985453545
85 109 0.3283358782786363
85 112 3.573846374395472
85 114 12.497813618475584
85 118 0.5838399975116086
85 125 1.5216822548746147
85 131 0.6394794345007554
85 139 0.4376863443848346
85 147 0.006736683779504181
85 152 0.7503498784726105
85 156 0.56191022130609
85 157 0.6237836849578802
85 159 0.6648226503216729
85 161 0.9011990631411334
86 97 0.27632514459283375
86 105 0.5573936538142398
86 106 0.6232677685111281
86 108 0.7895755335391766
86 109 1.4605756536077537
86 111 2.155501144306512
86 113 2.764674115589146
86 125 0.46327708916766136
86 128 0.38957329359567766
86 129 1.2186557887852518
86 131 0.20463024682188743
86 133 0.7511899564090534
86 138 0.3216220305021641
86 139 0.34380817900286226
86 142 0.9430725847284126
86 145 0.6518846865222572
86 150 1.131260775408894
86 151 0.022486318661018825
86 153 0.9383858386791266
86 154 1.9566637114747587
86 155 0.15164183320539093
87 88 0.7553756976981294
87 89 0.1393874961078501
87 106 0.02878621701587304
87 107 0.9458938414483385
87 112 1.2760779582599457
87 113 1.424200088346896
87 116 0.38592137181849767
87 118 1.6749961543727683
87 125 2.0084421472469676
87 129 1.2459955255874013
87 131 1.0910769231243505
87 138 1.1410437635438457
87 139 3.78321773927722
87 151 0.5039120987123917
87 153 3.9212205382788277
87 154 0.06798183279920367
88 89 2.497612273031596
88 93 0.8346348451789956
88 99 0.20416546583149398
88 102 1.1057515646723535
88 105 2.0151100592159987
88 108 0.2517084618235862
88 109 1.5756759283820319
88 113 0.29716450857888965
88 114 0.2100769307204591
88 123 1.8777390379256962
88 124 0.3719131123767607
88 125 0.15267031007205287
88 129 0.25059690769197396
88 133 0.2808869075400346
88 135 0.11106264735475939
88 138 1.1721764838289863
88 142 1.2992736213315281
88 151 0.07973792854052869
88 153 1.7278545997240387
89 90 2.113829049657749
89 92 0.7682265600540016
89 97 0.010967809192786416
89 98 0.8842776227870912
89 99 0.05710450338884002
89 100 3.003946033011561
89 102 1.104151891344029
89 104 0.651150359890094
89 106 0.7742478073230595
89 108 0.804489892787711
89 109 0.7716960932966451
89 111 0.863137122804904
89 113 1.3423656218687567
89 115 11.202573129576976
89 118 1.2949754210000828
89 119 0.14566714916919477
89 125 10.092552311406454
89 126 1.5173557007196306
89 128 1.9512820462183602
89 130 0.1928880217643895
89 131 0.6776102113083499
89 133 2.1617463679810074
89 135 0.210109382479817
89 137 1.647838014365241
89 138 1.9855683366979349
89 140 2.098011138438426
89 141 7.168904354548227
89 142 1.5665377818372166
89 146 1.289320976421324
89 148 0.4328269786193344
89 152 2.1089461246489316
89 157 1.3058910474541943
89 159 1.0559447642085527
90 93 0.6524222539411723
90 100 0.36613715292116167
90 101 0.6107607024843379
90 111 0.5256882250555307
90 113 0.3539842359880446
90 114 0.1255406926055503
90 118 1.6506000755570231
90 122 0.7015424038839976
90 131 0.7982767390562145
90 151 0.626665069481272
90 153 0.8249777929691198
90 154 3.4465462211874613
90 156 0.05427654921703584
91 94 0.5833762760533343
91 96 3.1065507959875958
91 108 0.5643363778987739
91 112 0.10772138455534962
91 116 0.4591476406198367
91 117 4.5056635604376085
91 118 3.157327825113473
91 125 1.0013190185716156
91 126 16.6290540674297
91 133 1.8870228149966561
91 137 6.3762876608568115
91 139 4.665039279938268
91 141 3.7256490503790887
91 143 3.5797537189829884
91 149 4.125944086212774
91 152 0.6598644712596227
91 159 1.416463311671465
92 101 3.2159540910387037
92 103 0.19533780456436808
92 104 0.27752365927033934
92 115 1.7640096320729792
92 120 0.4110633088262829
92 122 0.012941396417404924
92 137 1.3370297680418424
92 141 2.2301125121284224
92 143 0.41682713732346466
92 147 1.621784916607886
92 152 0.8598748963285157
92 157 0.3249653995113301
92 160 0.07684997307401159
93 96 1.6273087127231436
93 97 1.8457765953552274
93 101 3.1370851120441223
93 106 1.0644020256996471
93 109 0.9301473616732115
93 114 3.0602342329718812
93 115 4.515705845645733
93 125 0.6626215816074659
93 134 1.2405953637623786
93 137 1.2503299011407694
93 138 0.3724406686526316
93 142 0.2892186177859593
93 148 0.008592503427834852
93 152 3.8520080857988663
93 153 1.8340492299806066
93 160 0.6474675462789348
94 97 1.0102230532722625
94 101 0.32050005773229584
94 102 0.783861092860279
94 103 1.6395511960384763
94 111 2.348392361233912
94 115 0.9798524793639474
94 116 0.4521396780160282
94 117 0.9553088437759839
94 120 1.754127225958349
94 128 1.114565725997944
94 130 0.08572890897454065
94 133 3.213742703114796
94 138 1.3708194426094547
94 141 2.8348647581315034
94 146 0.02189033367041742
94 147 1.1126819102083807
94 149 0.7847665800691505
94 150 1.2141023129051414
94 151 0.24215660462556723
94 153 0.014853501995283706
94 154 5.457572055860197
94 158 0.4336484174340418
94 161 1.069980905834312
95 98 0.7212631741017306
95 101 0.9894217802433669
95 104 0.359754247282491
95 109 10.819976888082776
95 114 1.1600331329424967
95 117 4.20961474160608
95 120 0.4591670647300214
95 125 1.2091181278880265
95 126 3.4192485852865118
95 133 0.9756421100311524
95 147 2.2263301391186388
95 151 1.2498126818733657
95 153 2.33080935715766
95 158 1.6946331383599005
96 112 0.08570906446324915
96 115 0.08636426342931476
96 120 0.11250629709501721
96 126 0.29224648789180724
96 130 0.36940853625779685
96 131 0.48383910035460675
96 132 0.8683988039417742
96 133 0.2406630283005147
96 136 0.1027005800656636
96 139 0.30548220200639215
96 152 1.5591959351446698
96 160 0.1491660087684983
97 99 1.3939885153761211
97 110 0.26406484449767753
97 114 2.7271767054879636
97 120 1.9832897788084285
97 125 0.40520121267854375
97 129 4.051713661056964
97 131 2.7302946752859842
97 132 0.12749882871775034
97 133 1.3735415147418097
97 134 1.7874483303581972
97 135 0.062399830126897135
97 138 3.8989281241679854
97 142 0.32287857855640784
97 146 0.3416670715838672
97 153 0.715917291763703
97 154 5.707792733281788
97 159 1.1005451285446037
97 161 0.21103351637618592
98 99 2.411172100404057
98 101 1.174731302419091
98 102 1.6481208967915968
98 106 3.8116620081916324
98 108 0.12340529211539292
98 112 1.0995295754422014
98 115 3.448982064001154
98 121 1.5828686789647695
98 137 2.55323469043154
98 142 3.396109849233034
98 149 0.8108619969635279
98 150 1.077612169507971
98 153 2.624536464555185
98 154 6.844830762984479
98 155 0.9575214746231824
98 158 0.5128536462473346
99 102 2.0844783114254786
99 105 0.269634929718192
99 106 3.381168220209477
99 107 1.1950919885325741
99 108 2.7942330007841285
99 109 32.67689219323596
99 111 3.479233206971443
99 113 2.189725824204342
99 115 966120.9432130723
99 117 43.600325761326566
99 120 0.17445778541074064
99 125 4.6571906389068625
99 131 0.24061244644048793
99 134 1.4073185645612203
99 136 0.849429190603502
99 137 25.35290449254013
99 139 0.7013935400897767
99 145 8.923482904671049
99 148 1.7865761219465974
99 149 1.1734553713548002
99 154 470319.2563960665
99 158 3.185846571884853
99 160 1.22472089209397
100 107 0.15099071651602622
100 109 2.5746759370040913
100 115 0.21851072958020296
100 118 0.7519798159114507
100 127 0.41037365298536627
100 128 0.7698528200971242
100 135 0.287894419942447
100 142 0.6168123339849932
100 147 1.244917902944653
100 150 0.30017490242185446
100 152 0.2091877648626165
100 153 0.19601315706753922
100 156 0.3293132620882741
101 106 2.023189557455793
101 111 1.0539212623381318
101 113 1.689799330168101
101 116 0.5724823586132819
101 118 0.20736492976878182
101 121 0.4030849027450639
101 122 5.575478047270952
101 129 0.0779700193319734
101 131 0.24518551097279306
101 133 1.6691527028176814
101 134 4.145691936057808
101 135 0.7271730514579436
101 136 0.615302376463967
101 137 1.7661987043285883
101 138 6.920953930340623
101 139 3.0905300506591638
101 145 1.8583120508726234
101 146 1.8031871854263606
101 148 0.5689098279576299
101 152 0.04986000028317508
101 154 4.92910661541835
101 157 1.7090330567250192
101 158 1.2222683690718752
102 103 2.3093109106731182
102 104 0.17747353565907423
102 108 1.4199789641449427
102 109 1.2519102190898899
102 112 0.3020626672423462
102 115 1.3505073356669974
102 117 0.354543736092223
102 136 0.10805660734089664
102 142 0.6845878543344129
102 143 0.6895235398250317
102 145 0.037451346061665225
102 147 0.24564925984407276
102 148 0.7700670747127499
102 149 0.7443330229466093
102 152 0.12331452174923765
102 154 0.6064063899645682
102 158 0.6181978649951443
102 159 0.6645777196676732
102 160 1.2992689922768426
103 105 4.674011782578343
103 106 0.18710852255046542
103 110 0.7979137524227485
103 115 0.8415707376604888
103 117 2.9873319580305338
103 126 4.2902268732597335
103 129 0.6135939388905711
103 131 0.03751464300033038
103 133 0.3104719158349876
103 139 0.30565953902569826
103 142 0.39931742355511335
103 146 0.23934818258273227
103 147 0.29901389801718314
103 148 4.098954685219712
103 150 0.7302263899107512
103 151 0.11659205855040565
103 157 0.3838068892965998
103 158 0.11768470727653696
104 108 0.38926415781513724
104 111 0.7086132402252276
104 112 0.045948602317284204
104 122 1.7960993314365352
104 123 0.16852938007700002
104 126 1.0154944243329442
104 134 4.828786123167421
104 139 3.1937938043628558
104 141 0.19604756416741134
104 146 0.1554377329704971
104 149 0.20873208168837723
104 161 0.08645172768960294
105 111 1.1035484922632888
105 112 0.22932076766257992
105 114 4.446074220721377
105 115 14.120945753138837
105 117 0.9575158909817008
105 125 0.6966285502165943
105 126 8.610306911473547
105 133 0.07372915426311102
105 134 1.8626596201627044
105 137 2.1063352834928257
105 142 0.52484224251973
105 143 7.713633359470058
105 146 0.18383548526383445
105 153 0.5080292808021252
105 154 8.61146713750701
105 158 3.9839868885787326
105 159 0.02425447606586987
105 160 0.7001612365322697
105 161 0.5087130735415528
106 108 0.569212082301522
106 109 2.12785756652725
106 110 0.23903940605248758
106 111 0.03214727818275158
106 112 1.9306745199026878
106 114 0.107007431568237
106 115 2.6063773590003443
106 118 0.2503129880472266
106 121 2.5636898208336336
106 122 1.7579677381482268
106 131 0.010084065400925936
106 134 0.7045946358414781
106 137 1.1090713459023167
106 138 3.128820360370974
106 139 0.6506408004838771
106 146 0.1613343686256952
106 147 0.31780962473714275
106 149 0.23234530323215713
106 151 1.2259335056588885
106 152 2.602035949167988
106 153 0.18542205709388368
106 157 0.1276616195222573
106 161 0.031939497978353534
107 108 0.7000153164781643
107 109 0.5521162827438739
107 110 0.3025168078100366
107 114 0.06572288225040909
107 115 3.450083368259811
107 117 0.7965941146382063
107 121 1.528447916081316
107 128 0.11042106114439769
107 130 0.41109632989311146
107 131 0.4807993925692585
107 136 0.4240128206191446
107 147 0.47764515179824574
107 151 5.136565917898149
108 109 2.2704245184471183
108 112 0.03819666502423281
108 115 1.3664071735537633
108 118 0.3822796399389261
108 125 0.2707120557049857
108 126 3.4692931246600804
108 127 0.023244047600553323
108 133 1.6876097493383273
108 136 2.162224971909476
108 141 0.006140890690097255
108 145 1.4963643683544277
108 146 0.02289055774211029
108 147 0.8928077336933093
108 148 0.6027034474545044
108 149 1.2374338947639547
108 152 0.09207733650782543
108 157 0.268708042515038
108 159 2.1637723666424695
109 111 2.5182493879205636
109 112 5.72744242308418
109 115 13.051540094760117
109 117 7.262438842020346
109 118 5.779432588991381
109 120 0.007240498760165991
109 126 17.760641613424493
109 133 0.477339517710296
109 134 1.0213308745361902
109 135 0.26854081428161
109 136 0.4164216924333559
109 137 7.483804360218129
109 139 1.8399165540570153
109 140 0.17057071511723787
109 142 1.312899554654085
109 147 0.7247011384571118
109 149 0.15145100895003405
109 151 15.123993083366415
109 152 4.422962507550431
109 154 13.634239381144539
109 159 2.1054841161329687
110 115 0.5671841497144933
110 119 0.2679785223192834
110 120 0.10706255881005557
110 125 0.5145117391971751
110 129 0.8870369247623268
110 150 0.04269209112653515
110 155 0.2426522678378333
110 158 0.32895761829551246
111 115 0.24602542610146294
111 125 2.266872149247364
111 126 3.5332800724427322
111 129 3.530048800888958
111 133 0.3123965004345395
111 134 0.18727613979050178
111 137 1.3665561833119972
111 138 1.336918129984351
111 148 0.2849558290779961
111 158 0.16174804462694767
111 161 0.5830871330565959
112 114 5.333548157433366
112 117 6.4884274180639085
112 118 2.0802893573764707
112 120 0.09251597227037862
112 123 1.5421528154491255
112 125 4.209545831980196
112 129 0.5915803228791624
112 130 0.014130402564008044
112 131 0.3552997179997721
112 133 0.8138795568045522
112 134 2.3655074612481095
112 138 20.7090482690146
112 142 1.3573466374142502
112 143 1.9473357885715161
112 146 0.2194073001326011
112 149 0.10476256671606417
112 152 0.4366682172916639
112 154 3.988710952380627
112 158 0.3694611020253422
112 161 5.680775456606128
113 115 0.025958661227596602
113 117 0.4501294648142948
113 118 1.1276230069463513
113 122 0.8204092429998565
113 125 0.36695997487810644
113 126 2.560191499269556
113 135 0.003573831974229607
113 137 0.017915317549789304
113 138 1.1128207010317348
113 139 0.12732181865680098
113 142 2.179045872487405
113 143 1.0725725152297931
113 145 0.19951180263334786
113 151 4.91564018085085
113 153 0.08924948219290332
113 159 3.086285007611635
113 161 0.3216537024682482
114 128 0.10418586656020012
114 131 0.3285534819502977
114 135 0.09140214261481178
114 137 6.372462455867082
114 138 10.720984599638097
114 147 0.2583917838182869
114 149 3.9502956770992483
114 153 6.570487008703941
114 154 1.0143187706506012
114 157 1.9014291543756332
114 160 2.6332217251951064
114 161 2.8459170213224416
115 117 19.273296869715885
115 118 0.6415618306712685
115 119 0.8939980244052311
115 120 0.35822550945147014
115 122 9.987408355742303
115 126 12.202973469791345
115 131 0.201330119007719
115 134 4.23583976833955
115 137 10.230410328662913
115 138 7324303.026340543
115 139 4.471342452985399
115 140 0.5507991246407808
115 142 0.9787691736457662
115 148 1.7777771040054233
115 152 8.82249797288069
115 153 5.272664898221218
115 157 1.1986645258882687
115 161 0.3557046196071196
116 118 0.9457523245177248
116 119 0.9798851013933633
116 129 0.9162975532472931
116 137 1.0823729704912175
116 140 0.39126851079433245
116 148 0.04452552558165212
116 150 0.4527372767381511
116 152 0.07625475031449352
116 154 4.89898040566805
116 155 0.7985448265821719
116 160 2.442169807644081
117 118 2.6160528364785245
117 119 1.9826309056955873
117 123 2.2835341647520013
117 127 0.5041594104536508
117 133 4.037454259353455
117 137 6.788853138860247
117 139 5.753790346353753
117 141 0.7964115554325782
117 142 0.2966763699493322
117 143 2.718781313019119
117 146 1.3652367829807985
117 150 0.09803670019131452
117 154 15.64988934909628
117 155 2.0585430150564634
117 158 8.946578603583399
118 121 1.263129403561385
118 123 0.8660501165020306
118 125 12.520726149309475
118 130 0.8719002256974865
118 133 0.5622176324796506
118 134 8.60680518042178
118 135 0.13682575773846953
118 137 1.6473257590964707
118 138 24.798799786509598
118 139 5.277050398494981
118 141 4.827485348567126
118 146 0.331498409085479
118 148 0.8187214319080929
118 151 6.742296329506437
118 153 2.6604000584549383
118 154 9.12207571130753
118 157 1.050130286427846
118 160 1.1703262669392498
119 125 0.5592902699193723
119 126 0.0967861028176028
119 134 0.06271911691105454
119 137 3.360572247406189
119 151 0.31107586105988577
119 154 1.2779891140168127
119 157 0.013833733259502972
120 131 0.05533016171398356
120 138 0.8050232120906006
120 149 3.6467132227960213
121 143 1.6372041932230996
121 147 0.3878204175654305
121 155 1.0492266914112693
122 127 0.09039044979913419
122 130 0.6665811486685213
122 146 2.1322644836125972
122 147 0.6848088065813445
122 148 1.6565270706953092
122 154 3.3932831398369454
123 126 0.015641310551097777
123 133 0.21365391954585658
123 139 0.10289652463622911
123 154 0.8502668722661648
123 157 0.4672995714524884
124 133 0.14090005713149814
124 138 0.3393947497675712
124 152 0.2757973856986456
125 130 2.0947159871575542
125 131 0.16986764347024622
125 134 0.5529188770889607
125 135 0.030831396394207497
125 137 2.957838738377609
125 138 1.6704979486218663
125 142 0.24936696516942444
125 144 2.659401340279553
125 151 6.912160245625797
125 154 3.4020105206940294
125 157 1.6865874080295666
126 131 0.49125690161505586
126 134 12.60182042785074
126 136 0.5018665409197117
126 138 8.239279159684388
126 147 1.6929609179657392
126 152 8.639858210563867
126 153 6.322149286492148
126 154 1.6781177304800834
126 158 6.787201538531497
127 132 0.9956489273447827
127 136 0.3257929756964224
127 137 2.8610065736266126
127 142 0.38120319183882867
127 147 0.36900403682293414
127 157 0.8614220941506924
127 160 1.4754825414367332
128 129 2.187162976450156
128 130 0.7137916508160138
128 131 0.6235411757120591
128 133 0.8573568594514257
128 138 4.142694206056239
128 141 0.30729072726960444
128 142 0.5319275551654142
128 147 1.2333886821105433
128 148 0.2935877128169985
128 157 1.244346341695856
128 159 0.8442916923946507
128 160 1.4155419633546056
129 131 1.1182421208870286
129 132 0.11807943748985289
129 133 0.31283376875925195
129 134 0.13350180593060923
129 135 0.9054849919542025
129 136 1.9475256733886483
129 138 2.572242617296504
129 141 0.7812917022910191
129 145 0.5963523417536714
129 147 0.770852925403472
129 150 1.1762422876149368
129 151 9.580395659486019
129 154 3.712908523395525
129 155 0.04433231211971409
129 156 3.245487081404372
129 157 2.215635226365069
129 161 0.1009683585576145
130 131 0.9738391200288624
130 134 0.905547322025588
130 135 0.9447051286810842
130 137 2.6273051632075903
130 138 0.6294949000767427
130 142 0.7943098438941676
130 146 0.20937682148235673
130 149 3.2621967006307
130 150 0.8014004020059635
130 157 0.1757789348802077
130 158 0.45167540626140124
131 134 2.6784448044902835
131 135 0.05947273003492819
131 137 0.0945834857124283
131 142 0.38747137471970217
131 143 1.5989241874722349
131 145 2.550048710286444
131 146 0.24868497687657215
131 147 0.5687847778831764
131 151 4.012027753180444
131 152 3.6834837345507974
131 153 0.941095978879727
131 154 0.7878993723938357
131 157 0.9494518860760274
131 158 0.2302384675610307
131 159 4.156221134100768
132 135 0.8777509986925609
132 145 0.671295000464895
132 150 0.47942824424450436
132 152 2.499028052406307
132 153 1.4931978065812268
132 161 0.39611663394226426
133 135 0.13982426311391297
133 138 0.7124277281858745
133 141 4.041638172356486
133 145 0.23759725651085964
133 146 1.123058476114851
133 150 0.12006372225882508
133 152 2.02144164537935
133 153 0.14555695364637125
133 155 0.14298628713186395
133 159 2.7080268538302437
133 160 1.1285734694755858
133 161 1.734233791014021
134 136 0.15566026977419162
134 138 14.526799163518753
134 141 1.1868299808940352
134 142 0.626178522870937
134 144 2.730609563583339
134 145 1.7882547380476275
134 146 0.5703655960758717
134 149 7.66028575434282
134 158 5.466689026408257
135 142 0.13194516249554084
135 143 0.24039094375523248
135 150 0.04258017100535789
135 156 1.2161412665712945
135 157 1.851494844013852
136 146 0.2645949116799181
136 147 1.7201286695626326
136 151 0.06758891939501122
136 153 0.7146645787211976
136 160 0.8947259079017681
137 140 0.5665805964730742
137 147 1.318799570947511
137 151 14.238134554135756
137 153 3.1465610715345855
137 157 0.3276643764134983
137 159 1.2348415151740688
138 139 1.200105170754131
138 142 6.894068893126922
138 146 1.5770373085292495
138 147 0.8824324091109826
138 151 1312995.111277725
138 154 10672005.108488455
138 158 3.8314092368931334
138 161 0.12715905979751016
139 141 4.089194090235505
139 142 1.1484183850372778
139 143 4.757552157659028
139 147 0.7833480693116849
139 154 20.988560897379482
139 155 0.0640754746337798
139 160 7.1135773291130295
140 155 0.2304085828031998
141 148 0.33588210114940725
141 151 8.431249814092533
141 154 1.964796208695671
141 157 2.6332296703177223
142 145 0.30793338013172217
142 146 0.25172762216903816
142 150 0.6074430673559026
142 153 0.7757523022131588
142 154 3.993850623294264
142 159 1.5340223395899968
143 145 2.9531648694664097
143 150 0.578174528840444
143 151 18.975415176370234
143 152 1.3416414850317615
143 158 4.749454956570873
144 149 0.9985895957619402
144 157 0.1661453159065279
144 160 0.030895832747735094
145 149 0.23460176714117473
145 151 6.215899844367557
145 152 1.8728664031759008
145 153 1.1501264079467985
145 154 0.23614773428899596
145 157 1.314643357838676
145 159 0.37293938926239595
145 161 1.449164101680033
146 151 2.5299436391770724
146 157 0.19605657424308437
146 161 0.3360501475137956
147 151 0.06382741419300499
147 152 0.597864190814362
147 154 0.2155299986160677
147 155 0.15062248514937926
147 157 0.20045774813860115
147 160 0.5330345117066795
148 153 0.9305440753766381
148 158 1.481221729436882
149 150 0.3308854063369158
149 152 2.6011818533275433
149 153 7.264415701332482
149 154 10.944126333231912
149 156 0.4845039776601535
149 161 0.9861163884449939
150 152 0.15998219752266754
150 158 1.4508521524902067
150 159 0.4082014581564537
151 158 2.1187942531950545
151 159 2.0701412865343984
151 160 0.39579808703344643
152 156 1.709617388746981
152 157 0.06479749057982524
152 158 0.32756203764691705
152 160 1.1101263687903555
153 154 88.21712993449894
153 157 1.7930818840467588
153 159 0.9864584021396579
154 157 0.08343455817780004
154 161 0.269230507837006
155 160 0.06503181350353608
155 161 0.5231327508424443
157 158 0.5769401774400357
157 159 0.61313323660556
160 161 2.2381198046639126
