0 6 0.22038479648491463
0 7 0.19288759708489048
0 14 2.137342555071661
0 18 0.03340475102633422
0 24 0.12862967745352547
0 26 1.0543763310039225
0 30 0.3904727079749606
0 31 0.4345298243460703
0 32 1.6817736239737975
0 34 0.12152225632448448
0 35 0.5370410667621763
0 37 0.00793544021366348
0 38 0.2827216998022149
0 41 0.7390007114049467
0 42 0.5330721543087823
0 43 0.4369091991952318
0 48 1.1201031140949802
0 49 0.08252363295377774
0 56 1.9826853303242369
0 61 0.2676988923849335
0 64 0.0553406873763338
0 65 0.3967593804399851
0 66 0.8454945629134565
0 67 0.21713723681275787
0 69 0.12938367960571656
0 70 2.974363610218069
0 72 0.10616626808684207
0 78 0.049847552483149336
0 90 0.6783084964422695
0 92 0.5845829363954763
0 94 0.7752828576963845
0 100 1.077174715239892
0 101 2.1146480273037014
0 106 1.5147656015302433
0 107 1.3552450325601089
0 109 0.5780032212163567
0 112 0.5699073398285313
0 114 0.46786589930353706
0 117 0.8706650723476798
0 119 0.36897762077323076
0 124 1.7555101491414182
0 133 0.7444996815180057
0 138 0.5038657548972841
0 139 0.9335586248005922
0 141 1.0564013759779927
0 142 0.7941052385623124
0 148 2.2525531059718693
1 4 0.005038570105278967
1 7 0.5063807800441336
1 9 0.6897698397039593
1 11 3.287660326784687
1 14 6.875184872406255
1 17 0.49115019003751303
1 18 1.698419596622272
1 21 1.8189570742392596
1 22 6.677866413004798
1 31 0.6250930574453206
1 32 9.756921694799939
1 35 1.398084353397121
1 36 1.4342814018046042
1 38 0.10199874459233504
1 49 0.5781278382330445
1 50 0.12843654049710393
1 51 1.2578705330260929
1 53 0.6501577907723157
1 54 0.49103395849409853
1 55 7.0311185106960155
1 56 1.0456574037252675
1 59 0.16016889619196184
1 61 0.05362616928423971
1 63 0.58952687083435
1 65 1.9810206315486094
1 74 4.28657711488041
1 77 0.45391226018481823
1 79 2.927114542850365
1 87 0.15358688277474147
1 88 0.2876956935925021
1 91 2.275048122872556
1 94 0.329208505166247
1 97 1.952754107669513
1 100 1.1728694333260765
1 106 0.14826154791433332
1 109 0.3122497905341634
1 112 0.697473004516885
1 118 2.0643021537754294
1 119 0.36249061091015544
1 124 0.9625332681923076
1 127 2.8655287347236857
1 129 1.4998616001493168
1 134 0.07503343673899752
1 142 0.951595561164857
1 143 0.08574449205437454
1 146 0.9264322158285028
1 148 0.16339426772476398
2 3 0.3230187617217467
2 4 0.3739406024485951
2 26 6.441987593666965
2 49 0.3268903735533793
2 50 0.48999532945070007
2 51 1.1689802211005995
2 56 0.03573861642872952
2 57 0.3142271970132045
2 59 0.6117049069645332
2 72 9.561271190585748
2 73 5.614434774563012
2 84 0.06292377759232118
2 90 1.3305797307873157
2 96 0.02215539392414809
2 97 0.47025838504092754
2 112 0.33530410494030793
2 115 0.12519173457527066
2 117 3.943057473252606
2 131 1.811085933858936
2 133 0.7210575008062323
2 137 2.8782874771721363
2 138 1.2713412969579911
2 142 0.04263167032860997
2 152 14.097401070933461
3 4 0.29725561745324264
3 5 0.20857028785471085
3 7 0.02684570188087324
3 9 0.3389147558072827
3 18 0.6151791211413218
3 20 0.24512034136632244
3 37 1.2158510645525733
3 38 0.6562114079428115
3 40 0.06881249333012118
3 54 2.622632837609376
3 59 0.4817417019131189
3 62 0.7723314420969936
3 63 0.6282620322623813
3 66 0.9640496280827237
3 69 2.2993446950071927
3 82 2.565268248803825
3 89 0.35027416702538366
3 94 1.1092121434131703
3 98 0.9908414782098248
3 105 0.5529389544047921
3 111 0.1855162194854828
3 112 0.5335220627515476
3 122 2.579884673572799
3 127 0.34072482078719474
3 128 5.823181987353465
3 135 0.32214594874411107
3 137 0.03440201941393194
3 138 0.6486956764317978
3 139 1.6335603402324275
3 141 0.13974752947326755
3 145 0.5052873367466342
3 146 0.7312080494352514
3 147 1.1006987841016667
3 151 0.13255895490111566
3 154 0.3482423746035081
3 159 0.20842950860668008
3 160 0.2014744131774553
4 5 0.3545483861308637
4 6 0.2729375769736698
4 7 0.5108695428559178
4 10 0.17912454412917528
4 12 1.114588182451443
4 14 1.0315586420428235
4 16 0.12082848942129518
4 18 0.14315542936237374
4 19 3.4475730576319124
4 20 0.3248181562634861
4 21 0.05418558327043797
4 27 0.6631179621000625
4 28 0.39199543962066213
4 30 0.018334767568558508
4 31 1.0927644784939645
4 32 0.3727175953827313
4 35 1.1736998690841765
4 38 0.22758061493316217
4 39 0.37125117593013324
4 43 0.5209915447904628
4 44 0.5901882887228296
4 45 2.4692633661882524
4 47 1.0807879678081076
4 49 0.014369103765831493
4 50 0.180870853830644
4 54 1.4853632900884142
4 56 0.062205891069016174
4 57 0.37140842656069395
4 64 0.005576921716017381
4 67 0.3028721049785437
4 68 2.2047921324716286
4 69 1.0032036247181013
4 72 0.9865416577721633
4 73 0.19613851303024457
4 76 1.1406367078659252
4 77 1.9096686762304262
4 78 0.3226352692926416
4 79 0.49620274764892525
4 82 0.4594802771429196
4 84 0.08283849750671496
4 91 0.09006519813742761
4 93 0.01656555569452972
4 98 0.1724707305828595
4 99 1.5705443932562877
4 101 0.7710776994150373
4 103 0.0034676789362256717
4 104 0.6746331882343054
4 106 1.5494969660000006
4 110 1.877819872443951
4 117 0.313403093043946
4 118 0.1125171122852428
4 119 0.191846915693566
4 125 3.5054815122658094
4 126 0.0035490580926145995
4 130 0.0864071080098275
4 131 1.539994810858245
4 139 0.39464844028890267
4 142 0.1867131038891031
4 143 0.2901883785400397
4 146 1.1143914800667083
4 150 0.5939859653044133
4 151 2.168605387056226
4 152 2.3347646668533204
4 155 0.31525042624357985
4 156 0.04661139753725945
4 157 0.23651062375391008
4 160 3.779921550685365
4 161 1.3484448028422564
5 12 1.6502557368648512
5 30 1.4252525607219608
5 56 3.704284892748911
5 59 1.7955699805941165
5 65 4.858482117510975
5 67 9.01492287984984
5 73 0.6990894162244737
5 74 21.338186572894486
5 80 2.48726702569614
5 94 0.10955958833883796
5 95 6.758505121581124
5 96 2.463717396225285
5 108 14.235766557583787
5 111 0.9495932972114994
5 114 18.144230951769746
5 115 0.11072582965940392
5 117 0.0030578835457233866
5 126 11.219437798565988
5 133 2.224555754768021
5 157 1.4109202024955796
6 7 0.30356110932702496
6 10 2.1442544087187723
6 14 46.711084989630145
6 21 15.106902942213198
6 24 2.139724301682141
6 25 7.003049143485735
6 26 1374922.6444674518
6 28 9.71462184003668
6 34 0.9769681979145204
6 36 0.2517981189722651
6 38 1.1049791432539446
6 40 4.431388317585353
6 42 0.9970926634902242
6 43 1.557160471876859
6 45 10.89101828548838
6 47 6.962519780332781
6 48 13.30317453660073
6 49 0.8858987701573549
6 50 0.07638040994788167
6 51 309866.716297371
6 59 1.2428438807798594
6 61 0.839646016805061
6 64 6.933543992036
6 68 5.489067580443481
6 69 1.2747697048725115
6 70 1.9697760266548254
6 72 38730.585033020885
6 76 9.424429551768014
6 80 1.654785576514674
6 83 2.392964233685477
6 84 0.6643945964599596
6 87 3.467353586185008
6 88 10.548797571808025
6 89 1.2086993987469226
6 91 5.495946290536014
6 101 10.352771873329539
6 103 5.555723754585072
6 106 9.902412251417907
6 107 16.040218622394438
6 109 23.2021601516432
6 110 0.8740003297552831
6 113 0.05004376907145692
6 117 17.72753130623014
6 121 0.8592928031678474
6 122 8.020214991794074
6 124 33.66478512356998
6 125 6.026142568226685
6 128 24.847815151077352
6 131 0.40266254146968855
6 134 0.4371388875077431
6 136 17.091049213549212
6 137 317505.8932861718
6 141 0.7070174340432757
6 142 1.1592194866645364
6 147 8.416511678627417
6 149 0.42638171909775846
6 150 1.0648965632970784
6 152 1367469.1248079238
6 158 19.11407378352558
7 11 0.3476598111860062
7 14 0.06484023298345058
7 15 0.5167729350589605
7 16 0.21664821882662663
7 19 1.191183199528895
7 26 0.6814817894558083
7 28 2.225561461767638
7 30 1.2693837399556385
7 32 0.47096237304766253
7 35 5.268418961685933
7 37 0.08080969451095962
7 38 0.8928729514896551
7 40 0.038177226899136406
7 45 0.5297468086444616
7 49 0.3085042220703241
7 53 0.11156413936959708
7 55 1.8978649841399462
7 61 1.2107373207983625
7 63 0.09555843892141436
7 64 0.12275576863639028
7 65 0.22864870578572452
7 66 0.18800826269657955
7 67 1.5680564541204034
7 68 0.2328471789345461
7 73 0.10878908863234649
7 75 1.8858749508602795
7 79 0.903292027012186
7 81 2.401344413975647
7 84 1.0344104236893719
7 86 0.5953266640151825
7 88 0.40267199911087737
7 94 0.12336985410511137
7 96 0.17599221433017354
7 97 1.4871672078546334
7 98 1.2567902774077233
7 101 0.01251859757149581
7 104 0.5542790981383425
7 106 0.13367763353388523
7 107 0.8995951751994484
7 108 1.2388507618046187
7 109 1.3418324248245705
7 111 0.035462877056716344
7 112 2.031179242486537
7 113 0.4700924331558391
7 115 0.4534465032518976
7 116 0.5640238456878746
7 118 2.58432275397445
7 125 0.751330402062028
7 126 1.1362554875936322
7 127 0.4095316148322279
7 128 1.8721612598973632
7 129 0.1872171523444121
7 130 1.551559355135996
7 131 1.3070725552065456
7 133 1.2732750480344084
7 134 0.4357208576252031
7 135 0.6205192671341362
7 136 1.066747783582115
7 137 1.9461663688982087
7 146 0.042384214356987554
7 147 0.8949825126919618
7 148 3.2103258650238153
7 149 1.1837776106316384
7 151 1.2827715045068482
7 152 0.21503059154011073
7 158 2.0763060266522344
7 159 0.19467926642385897
7 160 2.345600378079236
8 9 7.589741998048247
8 10 1.0363630591079362
8 14 1.9231587900073428
8 22 3.5719716985086567
8 26 29.465494048935703
8 30 3.996464511852055
8 38 0.6751232880395288
8 49 1.213385259746582
8 51 13.774137925657614
8 66 0.7144249810122087
8 79 6.477899916529289
8 89 1.6176289639455204
8 97 0.3740568712268469
8 105 4.944581858942356
8 107 5.773206516306588
8 109 0.22872679945380736
8 112 3.956003970838098
8 116 0.6393525127299855
8 141 0.46117684413414634
8 145 1.3940137800410364
8 147 1.8629970107694183
8 152 8.015559939428666
8 158 19.66460403281199
9 10 0.06631021649330492
9 23 0.3209339427126554
9 31 4.105791061714476
9 46 1.98146758464254
9 48 0.5997891328195919
9 49 0.5627182018706944
9 54 0.6721698694742189
9 59 0.06951375308165138
9 66 0.5629361087016397
9 67 1.1492239375648174
9 70 1.5485600379614797
9 72 2.5775030528230913
9 74 0.288382586621489
9 85 1.369906966511768
9 87 1.8088770812170167
9 91 1.1864525093606157
9 93 0.5004891306899819
9 97 1.8471281687506416
9 103 0.9293928982280668
9 105 3.540717644729186
9 108 1.138643630568518
9 109 7.277228521101053
9 112 0.40780079206119196
9 113 1.9933044244142644
9 115 0.8997973674387069
9 117 1.0613347125838641
9 122 1.1918231061102822
9 123 0.5397037761818199
9 127 1.3572743197177417
9 128 2.7558823917271433
9 129 0.08170190602433426
9 131 1.7800359320180839
9 133 2.1358969810054105
9 134 0.29492159666527396
9 139 2.4746353009109505
9 146 0.753574597633815
9 147 0.8133350886046955
9 149 0.16245923231714937
9 154 0.9324770999265528
9 157 2.2801886818703725
9 158 2.1554533806156253
10 12 0.03835532991081538
10 22 2.9485697796249632
10 23 0.9412436078877449
10 24 1.8278845476466379
10 25 1.014679431977194
10 27 0.9739503306019377
10 30 0.2434644100092023
10 31 1.2826077986444195
10 36 0.4458192719732983
10 37 0.5776979566528272
10 40 2.8683616889628953
10 43 0.7585548506689711
10 45 0.4022070383882397
10 48 0.6657024572341133
10 49 0.15401033816431098
10 50 0.2371962593107837
10 57 1.5655681701885218
10 67 1.0875533177449808
10 69 0.05015288860873454
10 72 2.147840344009289
10 77 0.48379938295953945
10 79 4.457216598457517
10 84 1.1566176615944501
10 86 0.2495180556345254
10 94 4.077331133314301
10 97 0.5551423964236138
10 101 1.3140913501124176
10 103 2.6377476586909054
10 108 1.8654827574095243
10 112 0.7677703364291526
10 113 0.39113196758352
10 114 1.2006150087492136
10 115 0.39947336806680994
10 119 0.16761339314478269
10 130 0.7217869301059335
10 133 0.7448197541219577
10 135 0.2082997720791305
10 138 0.39307754555061575
10 143 0.025831440847905306
10 145 1.231891215731513
10 150 2.8217272379895673
10 154 0.21368514913041672
10 156 0.2879829512579114
10 159 0.14548651494924683
10 160 0.5045351965016389
11 15 1.9601487259070434
11 17 4.167666349789817
11 18 1.0755734527449365
11 20 1.1327744371368837
11 22 3.1714483534917863
11 25 0.15851762861999347
11 29 0.9969376033069464
11 32 4.974659589200427
11 36 2.1998441946893985
11 40 2.7830863775750982
11 42 2.833038913393865
11 43 0.6038208736425671
11 47 1.1932684246055612
11 48 3.8600469512517828
11 50 0.47830261220988324
11 51 31.489488817922727
11 55 4.334572305527067
11 56 3.1625607365946284
11 64 0.5758585831447294
11 65 0.5121374715767804
11 66 0.874949609849319
11 68 0.12850285301586953
11 72 3.53353792357326
11 74 3.1308314861270983
11 79 4.738891785193829
11 80 1.4551173361170109
11 83 1.4639110087144236
11 84 0.18839461765540702
11 87 1.4761823007462866
11 91 0.2889330987682732
11 101 0.368718424260936
11 102 2.969140472629476
11 104 4.0196966607485844
11 105 1.1130794031102778
11 106 0.7641531053356563
11 108 6.2870669062550535
11 109 3.266797351198411
11 110 0.4218358604091023
11 114 14.132244726825407
11 115 1.3050685956670256
11 117 3.0105719003309077
11 118 0.052723882129884735
11 119 1.063978322494439
11 127 0.5666521698952055
11 130 4.251693456091654
11 131 0.9447035417171109
11 135 4.25983652038925
11 138 1.1212559188631241
11 150 0.5792989124688459
11 151 4.105818322268715
11 153 1.579809333686539
11 154 3.5043742162075584
11 160 1.2482522904178022
11 161 5.241748311207804
12 18 0.11826920906032828
12 19 1.7026877115779058
12 26 0.4156535884062424
12 32 1.3469372393293673
12 33 0.15155136897795662
12 35 0.25767990213830116
12 40 0.41724589443410887
12 41 2.1537238080991195
12 42 0.23881214390956793
12 43 0.840307877173094
12 45 0.6451270644433704
12 47 0.7535253855035324
12 51 0.8945230937975611
12 54 0.4787526804262461
12 56 1.7450318150779263
12 58 0.6656159293410012
12 61 2.285670798967126
12 66 0.05189789519070045
12 67 1.2172150496456782
12 70 0.5295621289350357
12 72 0.9126118644046081
12 82 0.41630576902321903
12 83 0.465721351556802
12 87 0.5523048121632363
12 93 0.002363277945352728
12 97 0.009460630972241223
12 101 0.77682010171647
12 103 1.9505534155381499
12 107 1.8984067999678667
12 113 2.756585137856565
12 115 0.7209031601334102
12 116 0.3341412289762196
12 128 1.0475058090050329
12 129 0.2520155570089876
12 130 1.8050787533716584
12 133 0.5297501788077703
12 136 0.06762267231965477
12 139 0.7943909931450635
12 145 0.800151384998574
12 147 0.08204500701504272
12 150 0.08624923615005359
12 152 0.18133671133896467
12 154 1.0127291522666275
12 158 0.7721285334235497
12 159 0.9360188847321496
12 161 0.23990963348195313
13 18 0.6597007161668541
13 34 0.1524580248595016
13 36 0.8722155958563056
13 39 0.5287013996792613
13 45 1.2812157130235398
13 54 0.04672468558594633
13 58 0.5192258061964056
13 62 0.6748815575802463
13 65 3.4752899839783113
13 67 0.14992798120749545
13 69 0.34893310884825934
13 70 0.37644359823602186
13 83 0.1369476149672876
13 86 0.3237697009357357
13 87 0.5432815590248972
13 97 0.3611555687215509
13 101 0.013898992508454031
13 102 0.48974435894389806
13 106 1.101682544020396
13 108 0.21154296256765046
13 109 0.9480266758492716
13 113 1.4255569250332727
13 118 0.04425918249495003
13 127 0.6040713196552954
13 128 0.7546287021448196
13 132 0.2807598502601271
13 141 0.23949825671400077
13 158 0.4551694805757616
13 160 0.2883003119910725
14 18 0.24783537297494768
14 21 6.3331368146716835
14 24 0.6562375341282587
14 25 5.374489908763957
14 26 42.42840922800783
14 27 0.3120071262334238
14 30 0.48309378052283686
14 31 4.666562561516895
14 38 0.9200493328702362
14 39 0.7590695249481442
14 42 0.8087787791261618
14 43 0.6710689639903521
14 44 3.131005815963557
14 45 0.21093396737466813
14 46 2.3011297713772096
14 50 1.7837249528791508
14 51 11.16911946632043
14 53 0.07247750030678578
14 54 14.445600472030565
14 57 0.7175367000343951
14 66 2.2181168551975405
14 67 0.01832693193159155
14 69 3.571134631095644
14 70 0.5980304824656846
14 72 0.35276296075401486
14 73 6.60047577356679
14 75 1.358170385426887
14 77 6.76908447120936
14 83 0.322975140595683
14 84 1.4276679741973182
14 85 25.35455509330312
14 88 0.3507705074626123
14 89 0.15504702765594577
14 93 0.1609613175020518
14 96 4.076898486993151
14 97 1.9146982770230538
14 103 0.6031127610510989
14 109 0.8614959831159297
14 110 0.12452423322069292
14 112 0.40246609098097985
14 115 2.0280445752953
14 118 3.9602185342151555
14 125 4.996041394864867
14 127 2.36411538755912
14 129 0.7465643870397755
14 131 0.8319170232017994
14 134 0.8974429446930483
14 136 4.310924186327908
14 138 0.12430505960893203
14 139 4.3543849542460675
14 142 1.1601511441301915
14 147 0.2873678635070581
14 150 3.8184365414430705
14 152 7.596869772692315
14 153 0.3695170010554451
14 156 0.19210172219594387
14 160 0.802069846294478
15 19 0.7968999281084123
15 22 0.47196467624090555
15 27 0.09667002895493906
15 29 0.359320390860489
15 38 0.19377899084647485
15 44 1.4766907067130153
15 46 0.6485173126244526
15 47 0.2371041607335268
15 51 3.6207082403315125
15 54 2.054515706912071
15 68 0.26022461644652883
15 72 0.724709464171498
15 73 3.5202430774282303
15 74 1.2896967289665846
15 75 0.7173962295548834
15 85 1.203063599251249
15 93 1.5870501653707296
15 107 0.33749692248315666
15 108 0.8273035288155084
15 113 0.4100585545661562
15 114 5.739619370912101
15 118 1.8400720970438245
15 133 5.948173883849355
15 137 0.1183177508346446
15 145 0.1333151588984396
15 152 0.08446544443279522
15 154 1.3016119183231663
15 157 2.577520255359388
15 161 3.506566126879044
16 17 1.6916860726659684
16 18 0.127027929782409
16 19 1.1750976807149853
16 32 0.8743837756768048
16 34 0.6972498064836294
16 35 0.5194445620988202
16 40 3.91230113650412
16 46 1.8176080392153242
16 49 1.8729744946688929
16 51 2.376505127059993
16 54 7.036516131689729
16 72 7.2782750973504005
16 80 2.553218083927004
16 96 1.7041389349909997
16 97 0.1592562053792968
16 103 3.820385242334597
16 106 1.510623217636886
16 109 4.417157300191288
16 112 0.07289790184857274
16 118 0.25149982310743624
16 119 0.8219961203309739
16 121 1.16028276298477
16 133 11.357038266518037
16 146 3.637314149143163
16 153 4.1785223772841755
16 154 2.2422449168215395
16 155 1.0977693176744352
16 157 5.727563066092458
17 19 5.470793111731468
17 25 0.014609621822305088
17 35 1.3856494403497706
17 38 0.15608889135286363
17 46 0.9740341269408997
17 53 0.13396168554332755
17 65 0.5256376748405776
17 78 0.07473714966525248
17 87 0.9096737987642604
17 97 0.16566044672331598
17 102 0.33451634761359844
17 105 0.8174038491851879
17 109 8.98585601239512
17 111 1.3687878671209868
17 115 2.2431489414167785
17 118 0.06459487174608154
17 135 0.3762338506051326
17 142 1.796351065464722
17 147 3.455559090298319
18 22 1.5130577370153018
18 24 0.5215715613765779
18 26 0.5164304146129047
18 32 0.4794712995113429
18 37 1.101752667813022
18 40 0.9376008490500389
18 41 0.0647202028609037
18 43 0.6282782315590263
18 48 0.4792684100208542
18 51 0.01620536542759586
18 52 0.00159138793327306
18 66 0.2174088621740567
18 68 1.2935746932054892
18 71 0.25486204047614847
18 73 1.1790990385712563
18 79 1.9659651932783346
18 80 0.31241727955473264
18 82 0.18392180050616325
18 91 0.8229515376621698
18 101 0.020317116249613142
18 102 0.284984862852703
18 105 0.031664539335038384
18 115 0.2672719718594429
18 116 0.4632503512410181
18 118 1.0285967282282367
18 119 1.2558478211030129
18 120 0.5139009008613055
18 121 1.368730922800202
18 122 2.726506283727299
18 125 2.1525872048451835
18 129 0.603114443264598
18 130 1.4007147651752385
18 131 0.06420631228743688
18 133 1.6456937463783106
18 138 0.44137705938120775
18 139 0.233559679176777
18 142 0.35257481128830054
18 149 0.09381268636317001
18 153 0.09883365051244881
18 154 1.8146220944073053
18 157 1.57146927479875
18 160 0.5137137275096723
18 161 1.512996684004226
19 21 0.6030456626973856
19 25 0.42458457668047306
19 33 2.8652655682575427
19 34 0.8262920438442384
19 35 0.2064354016343023
19 37 0.8565383737979166
19 38 0.28424984134103815
19 39 0.01139694298315529
19 44 2.211794436934747
19 45 0.06116014723475526
19 48 1.3729329843876716
19 49 3.210766558705205
19 52 0.4861850837468952
19 55 1.5441085707597508
19 56 1.52049981805855
19 57 1.155402559575986
19 61 6.437384010793404
19 63 1.8872533914282017
19 64 0.6834928721519757
19 65 0.7764473537609702
19 66 1.781253149727687
19 67 2.0151579159400246
19 68 0.13405688277285918
19 69 0.170951639226127
19 70 1.8964722127717084
19 71 0.013484986929205602
19 73 0.3828909026624395
19 74 1.5830111961676658
19 75 1.3149328459037242
19 77 1.2931699661994525
19 78 2.5556837723768315
19 85 0.3535450046745216
19 87 1.7112990733491642
19 90 2.6151195428501848
19 94 0.08245168863837318
19 95 1.1476448654251918
19 96 0.09190960442449068
19 98 0.9481974278936678
19 99 1.1437046125288919
19 100 1.6340531954138653
19 101 1.5589400258124055
19 106 0.3727372270262372
19 109 2.0812757265290003
19 114 0.005316415209217671
19 115 0.5158790352053025
19 118 1.1006542614941854
19 121 0.8674566004545399
19 127 0.37749786595290175
19 128 1.5692262828508843
19 129 2.3511353060928197
19 131 0.4451033658463935
19 133 2.569652680513806
19 137 1.7562151105536976
19 138 3.1633650844020638
19 139 1.0735960923323484
19 147 2.413367162383499
19 149 2.4280713589286758
19 152 1.2676706325198779
19 153 6.276464302230754
19 158 1.5054053623043984
19 160 5.730444330489828
20 31 0.19932492920395695
20 49 0.8842480619824092
20 50 0.6067285058636586
20 53 1.8850598361113298
20 55 2.39337224010316
20 68 3.4412698636127104
20 71 1.8125369134305003
20 72 0.8097893218810189
20 74 3.124913459489273
20 79 2.717225855876721
20 82 0.4976678920709403
20 85 0.20177505542643265
20 94 0.4562074428550405
20 102 0.4522855121841226
20 113 0.15212733191292088
20 123 2.1708283633600374
20 125 1.8269997228855566
20 134 0.11798501115703629
20 135 0.06281176509223543
20 137 0.8560841075630686
20 140 0.2110164612555747
20 143 0.013967624404545315
20 152 3.209746584291814
20 153 0.696679533324851
21 25 0.6296367253970359
21 26 4.336864812620289
21 29 0.9171859230575938
21 31 7.081478493381765
21 32 5.8928512921671246
21 36 0.31837030581859177
21 40 4.2886789491054556
21 44 0.00755058087879723
21 45 0.2968103715340673
21 47 1.8551540168127574
21 49 0.8602012206519408
21 51 24.294861092576422
21 52 1.27621815414758
21 54 0.03268650647192473
21 61 1.1360549622885612
21 67 0.5105958726468904
21 71 3.3776535726526555
21 73 8.295688294369524
21 77 1.1000128841852816
21 87 0.15909789870834912
21 89 0.06659995058797252
21 101 10.694951406669503
21 103 2.1416847350291066
21 104 11.561625651937293
21 105 0.16021284670364255
21 106 0.2734488644211273
21 111 4.672214406632833
21 116 0.1111267749771341
21 123 0.7265754996628225
21 125 28.793161994375666
21 127 1.5267970901537284
21 129 1.2257002806842578
21 136 8.970605031507073
21 138 3.874458268333503
21 145 0.06271923317718403
21 147 0.3141594902567406
21 149 0.3184714431982568
21 153 1.8686284069565635
21 154 8.059427249428792
21 158 10.117730685757767
22 31 1.938072760522023
22 32 1.7530954475516363
22 34 0.0007867876927334207
22 40 5.706014107906703
22 41 3.365046554406905
22 46 0.04439870532488921
22 47 4.344578122323048
22 63 1.1739086425055685
22 66 0.6395444207320018
22 67 2.030325805388725
22 68 65.27837896123644
22 70 2.886632210426266
22 85 8.36160514616631
22 96 1.5747231782849482
22 97 1.293478742377024
22 105 3.1823949681362365
22 107 13.301389946068323
22 112 0.8903311248666645
22 115 1.347344552861931
22 118 6.615362135966175
22 135 0.6750036941088776
22 139 1.5619744018410726
22 148 23.590850187472014
22 154 38.215462714897754
22 157 0.55064954407261
23 30 2.8519881392158863
23 31 2.8199129290110627
23 33 1.1739741996440944
23 40 1.7163054483739224
23 49 2.0698176604950183
23 51 4.942430974404521
23 56 0.09908168215217181
23 64 3.008602189460178
23 65 1.8981796336363321
23 68 1.5195307138650158
23 71 0.15629892711615717
23 74 6.4911811999015425
23 83 1.8166223913425394
23 89 0.09677493405933432
23 92 1.127869892599478
23 93 0.589286536662529
23 94 0.6535239555355196
23 97 0.3427178192200638
23 104 0.44299881039889566
23 108 1.8363256939790722
23 110 1.5507049471215602
23 113 0.8392707899370558
23 115 1.7977096055757495
23 126 0.9784817525990571
23 131 0.5586741659569113
23 132 0.8961144626600909
23 133 1.3363355668725783
23 135 0.40170758852083477
23 138 2.864172386656672
23 139 8.44646763551188
23 140 0.17292342979904046
23 141 0.5635217130633923
23 145 0.3469798624275821
23 146 1.6912576829255026
23 150 1.318544559810945
23 155 1.8838067041568176
24 32 1.8765592511497133
24 40 5.607973863193043
24 42 0.7659600382587242
24 51 0.3860576304947211
24 52 1.0050832860451275
24 58 0.5902077590275695
24 66 0.6597916273980803
24 67 0.2750569980333278
24 68 0.006378957461719848
24 71 0.4690185917247903
24 72 2.7986376631278453
24 73 0.898600016026517
24 74 1.039161970059179
24 79 3.19919796255388
24 80 1.3015413670143743
24 88 1.4851377280669202
24 89 0.4180280924433079
24 100 5.959689879496772
24 101 4.328011074387653
24 112 0.07363222275040379
24 117 0.2197669300335628
24 118 0.3090041975904389
24 137 0.6025077121862147
24 138 0.4146299188473277
24 142 0.2922940111701013
24 147 0.04257153400540018
24 156 1.0990139951221574
25 26 3.32932909445091
25 33 0.02378971197709763
25 34 1.1200611064464399
25 35 3.117106689802298
25 49 0.22952110026143907
25 51 2.7230158384342507
25 52 0.6753534488704251
25 55 2.317260334640611
25 58 0.21250118785880212
25 65 0.1752374038493389
25 69 0.39435351105372124
25 71 2.876644237553477
25 73 0.7335496872710044
25 74 0.587303577575759
25 77 0.8412998510625613
25 88 10.018434173850778
25 97 0.22596681480665345
25 102 0.21253193069167564
25 104 0.10038706335846746
25 105 0.5638940781023105
25 110 0.1608381876030419
25 111 0.09022808038043179
25 112 0.1617010389992008
25 114 0.00031991145904534626
25 115 0.5185806297074257
25 118 0.11052844047887833
25 122 0.5276982452482273
25 126 1.899187756216911
25 127 0.31417748658966654
25 128 8.060012224826876
25 129 5.698658795309612
25 132 3.8886953005427887
25 142 0.2236140195117479
25 143 0.17008831084276524
25 154 3.4149114792083575
25 158 1.7993032856043356
26 30 0.996059205518287
26 32 4.209987109654135
26 34 2.0295326706810393
26 35 2.7837640290237085
26 36 0.011292259496032696
26 42 0.41448127732918083
26 43 0.6469536700327411
26 44 0.1968270733953928
26 45 9.074897013767869
26 49 1.7705355544722823
26 50 2.006935238920833
26 54 80.48558109026405
26 57 3.151197803710202
26 61 0.8727419259568652
26 64 0.037114735441861196
26 65 0.6958353474880523
26 66 0.1539807401546794
26 67 0.9701620835117345
26 68 3.817533237804844
26 69 1.317244536597353
26 71 5.458317399192563
26 72 89249964.53228289
26 73 6.587773954209165
26 76 5.018588449115697
26 77 0.04614744580172579
26 79 118924837824.30078
26 81 1.1793221857166847
26 84 0.8424058155395977
26 85 19.03783585863837
26 89 0.37373520533131377
26 93 0.5034458982270477
26 94 2.66770174529569
26 99 3.7129991143049015
26 100 0.9566591701556474
26 101 6.361624873626429
26 103 7.607142477999002
26 106 0.3636294254958427
26 107 8.535829085575156
26 108 5.588061987963721
26 111 0.5317930765102656
26 113 2.3268603610062732
26 114 15293.655904019664
26 116 1.9969050988364965
26 120 1.222738944872182
26 125 2.335807459187421
26 133 36043777.778343625
26 135 1.4498688777114004
26 136 3.035977064876961
26 137 452652.7094536655
26 138 0.9106699348125066
26 141 0.3837626612716308
26 142 0.8291429117463179
26 145 0.1347030085068036
26 147 4.337127930127364
26 148 5.443959336916348
26 149 0.5698010213289886
26 151 2.1364618317068795
26 152 1001334.6472857476
26 153 3.9056751123351594
26 158 7.7591402015211
27 41 0.32230513688062123
27 46 0.15516600673368017
27 49 0.15600086792122114
27 59 1.463884411629007
27 66 1.14236439077708
27 71 4.051612033028865
27 82 0.19413417471084887
27 94 0.5355536399143547
27 114 1.7646339155214519
27 124 0.1227728947100277
27 131 0.6429658698152783
27 135 0.7930578699210022
27 139 1.4331704583451204
27 142 0.3867512462678394
27 152 0.011086005611673328
28 35 1.551401184477783
28 38 0.5480790425349723
28 45 7.753149531483076
28 48 2.7039696947351746
28 58 1.0838385516503233
28 64 4.2963616085278975
28 66 2.429794182137516
28 67 0.10769701277303761
28 69 3.660914171936202
28 74 34.55032190816392
28 75 0.034529685422728836
28 77 2.127935817161934
28 85 0.019602531444471855
28 89 2.039727918841356
28 101 1.570168537162116
28 104 25.549435047901532
28 107 1.2693078229131702
28 108 6.941036220787136
28 122 5.543885086795475
28 130 5.795610551895143
28 134 0.22268083056655388
28 144 0.8311929204755578
28 145 0.4161577739808235
28 146 0.7957132664922083
28 153 0.9437180989839301
28 157 1.9838055547757938
28 158 4.544815615847151
29 30 0.7875959909794842
29 31 1.1501437880603338
29 35 0.09832711790226663
29 43 1.4402901342288057
29 44 0.8861090688676725
29 58 0.4132381090894596
29 63 1.4178580480026746
29 96 0.3105988392509607
29 101 0.870685746742649
29 108 3.9584218846781964
29 109 1.5055170777887974
29 112 0.44116089720679275
29 116 0.11583242416378572
29 118 0.4253588017093017
29 134 2.580598600481167
29 138 3.5304865437280686
29 139 6.838535878125205
29 141 2.031634322381847
29 145 0.3428870679920641
29 146 0.0001374940614309959
29 148 1.1603997233786458
29 154 2.321670898459884
29 161 1.896233755749484
30 37 1.3958739097494086
30 40 2.128756817801033
30 43 0.5346826471564353
30 44 0.977562229692909
30 45 3.2226514650196845
30 51 0.1401103127682251
30 52 0.11827825917159744
30 54 0.25158141318630906
30 55 0.6110774530976983
30 59 0.312397775349649
30 60 0.3220927437808733
30 61 1.7444124007167818
30 62 0.4213669554835708
30 63 1.237479296581434
30 64 1.6820788561871758
30 66 0.04092192703321877
30 67 0.019816750170103002
30 68 0.08866293632741118
30 69 0.4427536102269202
30 70 0.8475374043193776
30 71 0.011281276355256609
30 72 0.8354241788786304
30 73 0.6644681687685264
30 74 0.6715205072533725
30 76 2.046630976266587
30 77 0.2738294675761582
30 79 0.3295678409120683
30 83 0.1107759369107551
30 87 0.8449180268311229
30 89 0.04165822063848761
30 93 0.9200732435128305
30 94 0.681443301186034
30 96 0.40608221452736
30 97 0.5280687239983859
30 98 0.4941371330213805
30 102 0.6028742233063056
30 103 0.5452677384528556
30 106 0.06798622929095509
30 107 1.244876627257973
30 111 0.884561567918558
30 112 0.07932532392667055
30 113 1.5380585023138038
30 115 0.09074868633568503
30 117 0.341611102320823
30 118 1.4866548769890973
30 120 0.7684743961955272
30 121 0.7138350277551418
30 125 1.701190903296285
30 135 0.8479371052834763
30 138 1.2709632966387574
30 142 1.2108740013485366
30 145 0.7909080516331674
30 148 2.951990910925302
30 150 0.35510300025897185
30 153 0.30792477056741313
30 154 0.5209672916697194
30 155 2.602212096575902
30 157 0.22685105038231476
30 159 0.062112566288239905
31 34 2.014987438683812
31 35 0.19410241838374256
31 36 3.875075673088974
31 39 2.417889684846733
31 40 12.400354266202283
31 44 1.9460399307041611
31 45 1.249698238707238
31 46 0.30324371886152385
31 48 2.145652543671241
31 51 5.814555770170338
31 52 1.004152473798659
31 54 17.210433428123913
31 55 3.17743297651729
31 58 1.124607447337004
31 63 0.014158609449039534
31 65 3.623320665582755
31 69 0.6693014927638993
31 70 5.44206008654535
31 72 0.2296583113940117
31 74 2.557693549139065
31 75 0.5682903223910917
31 77 4.568346754660888
31 80 5.540368775107263
31 85 1.6652884991076176
31 90 0.7976753947405439
31 95 0.2468498000047569
31 99 0.49291861189073044
31 100 1.740795171363063
31 101 5.6023701411266424
31 102 0.6267072137773249
31 104 1.759495160014104
31 108 2.6919579983573088
31 112 0.10113415526654763
31 113 1.8806535905431505
31 115 1.5594785537123848
31 116 0.07270881428981074
31 117 3.5795441604921523
31 125 8.41506403601074
31 126 9.188088422605823
31 128 5.136092840535359
31 129 1.0974708272051368
31 131 0.10174280506047095
31 133 2.598146682655915
31 137 7.349209411327397
31 142 0.9338455167845525
31 147 0.5699333379182376
31 153 1.2677956264507901
31 155 3.448630217793327
31 157 1.7971320509695499
32 34 2.60012560744266
32 36 0.9041741238281676
32 40 2.8877745699884336
32 42 1.5568427635313788
32 45 10.003382131822827
32 46 0.050656638576756355
32 49 0.2514475550561514
32 51 9.409139043483698
32 56 1.6694017506468624
32 58 0.016392141447078956
32 64 0.44687216103755983
32 65 1.4442698246480328
32 66 0.03784579701228311
32 70 1.519919944241602
32 74 9.111694418286486
32 78 0.10667732917820182
32 79 11.272617999951157
32 80 1.2497854872882728
32 82 1.5738361711652733
32 84 1.2167486617149514
32 92 1.618068306838526
32 93 0.5162675024247056
32 94 2.6109803168401724
32 95 11.8641664588772
32 100 0.0643225531804236
32 101 0.5714918127265174
32 102 1.026711167047008
32 103 2.2098793286182654
32 107 5.296086620172765
32 108 0.7203740294613995
32 109 15.175395205940838
32 110 0.15300817656404248
32 115 1.0607579459835998
32 116 2.7062459910038767
32 117 0.41968148685097645
32 121 0.049048045342540036
32 129 1.4720930041188605
32 131 1.5967792749020588
32 133 26.49184464513619
32 135 3.023837731243822
32 136 21.914132307234976
32 138 0.45990566192400256
32 141 1.54238039750468
32 142 1.2418269475272976
32 143 1.3942597095580544
32 145 0.38778189241729516
32 146 1.3295692989282528
32 149 1.5118605059519974
32 152 11.701061250476032
32 154 2.6222140462814436
32 155 0.6794297684666358
32 159 0.39278329945013984
32 160 0.7053108387340441
33 36 0.17131837087970875
33 39 0.7508217789587565
33 40 0.19211111063207323
33 44 0.030139172954624108
33 50 0.28147928055670846
33 53 1.210785126530257
33 58 0.4716844141239155
33 68 0.40043375848640284
33 69 0.142029642151896
33 70 0.07043585872538216
33 72 3.6470031611641573
33 73 0.8597528489827134
33 82 2.618778804767501
33 83 0.1426115535397469
33 90 1.5822299329049523
33 94 0.1872682512817897
33 96 0.6543664061621066
33 106 3.9483705865327035
33 113 0.17458083246507605
33 114 0.6673157206639048
33 115 0.015948623484766604
33 125 0.4835923091743444
33 131 0.2855966758453209
33 133 1.8030897483219452
33 135 0.11781369289007391
33 138 1.5617713789016012
33 141 0.20357250794778925
33 142 0.05627130595399131
33 152 0.74442357954037
33 153 2.1051977280594727
33 159 0.7370386518426717
33 161 1.826601242946608
34 35 0.40221165846660933
34 38 0.500916526379126
34 40 1.0598865270030677
34 50 1.079925843101796
34 54 0.4584682438859911
34 71 1.8041682157813053
34 72 0.360362509344967
34 74 0.26298296575285796
34 79 1.3346284236812869
34 93 0.19570208224335625
34 96 0.905827926665202
34 98 0.08233194229837539
34 99 0.10783106494624592
34 108 2.9710381374848027
34 110 0.24002974462575621
34 111 0.9451329753465937
34 112 1.118318149576187
34 114 1.8248105111926016
34 115 1.3713776126484603
34 125 0.06470776766187868
34 126 2.221026625554823
34 127 0.39096102596933746
34 134 1.255778037855332
34 155 3.1269819689207927
35 36 0.09419104341577925
35 37 1.155420704552356
35 38 0.03602208378253978
35 40 0.051004728459511955
35 46 0.04483253483935724
35 49 0.4176109452600951
35 51 0.26955545387433655
35 52 0.31531866899608646
35 54 1.7085304436948836
35 55 1.249510225014312
35 58 0.5788419522317726
35 60 1.5470103907603627
35 61 0.8141442504865242
35 63 0.31165212532404235
35 66 0.37100132136223035
35 72 0.026102022540890252
35 73 0.03619668805635601
35 78 1.1172959449224886
35 79 0.3282737349170197
35 82 0.019815886878613038
35 83 0.011238835170660872
35 85 0.6383122119183005
35 86 0.7719157301892621
35 91 1.4936985115607604
35 102 0.038718844617355565
35 108 0.39310722182016355
35 112 0.7791665897299496
35 114 5.990087206061676
35 115 0.06951537747445093
35 117 2.5861840516742105
35 118 0.08184500180197626
35 121 0.10849725288721022
35 122 3.1395550159387766
35 129 3.288248126274568
35 133 1.6118394397506033
35 141 0.27205592298189096
35 146 1.1856031262539837
35 148 1.8964235671792997
35 151 0.8986782680319947
35 154 1.7436772002989587
35 157 1.6092844021514605
35 159 1.4604299172642154
35 161 0.21053131429049696
36 38 0.8568610194897794
36 39 0.4560259490759207
36 40 0.8669066811694969
36 44 0.7573244303508196
36 50 0.2395007377210982
36 57 1.2031754471890117
36 58 0.05318358102116788
36 66 0.14602544324836642
36 67 1.031736459407434
36 70 1.6911405433996047
36 71 0.2571224509893166
36 72 0.845723493231442
36 77 1.332135275945792
36 78 0.6377685232441921
36 83 2.2289645284417112
36 85 2.0043528069930234
36 97 1.602373568399976
36 99 0.011851200861418354
36 105 1.2905808377043837
36 106 0.6236727738440552
36 109 0.052039475334802646
36 114 0.3465478460298016
36 115 1.5381971186674879
36 117 1.3588106753192044
36 118 0.07529956708490998
36 125 0.9023396659246231
36 126 1.4788728482807538
36 131 0.9691821250082705
36 132 0.6373766150525411
36 133 0.05818500682934116
36 135 0.39905785731261234
36 138 0.5998839283143526
36 139 1.7370493637146738
36 143 0.4724561717662921
36 154 1.5614805345923655
36 157 1.2503514389235681
37 38 0.1982950089689433
37 42 1.7970456753020716
37 43 0.00845430427001059
37 66 0.3812357197097548
37 68 0.672834609074294
37 71 1.6112055857204366
37 82 0.029566317740020196
37 85 0.33365679813832344
37 101 0.27309413605944677
37 108 0.5588465404146014
37 113 0.1494144000882291
37 119 0.5241255446666574
37 126 2.0583933033931463
37 131 0.532497301288985
37 135 0.5489786771427109
37 139 0.24975613670355978
37 147 0.4556209815706852
37 159 1.5550381160942885
38 41 0.3737175450368802
38 46 0.18586442063616437
38 49 0.5678126720002061
38 50 0.2092456309638689
38 55 0.3987727735040796
38 58 1.3600224163096524
38 65 1.0589253675327999
38 66 0.1467640634298877
38 67 0.19726280077902378
38 68 0.43739271651767403
38 69 0.8307959092521859
38 74 1.3297550075959184
38 77 0.14260943209393145
38 78 1.3602405528266923
38 79 2.1072633602287474
38 81 0.11190964190549238
38 85 2.5017855167948104
38 89 1.5231461285850842
38 93 0.6234677010319319
38 94 0.3781539053396289
38 96 0.00368949443734375
38 98 0.3063884378736383
38 99 0.7601117231994448
38 100 2.311148938720057
38 102 1.5790972708493665
38 104 0.8576817814509383
38 105 0.20069242040960278
38 109 0.2844244331205581
38 112 1.0208838383989876
38 114 4.22603744700655
38 115 0.12851402955358887
38 118 0.6886887681191075
38 119 0.20929407239269443
38 125 1.8070025164685615
38 126 0.5801049799974455
38 127 1.6525969741948796
38 128 0.040523935469707194
38 130 0.3943780088100272
38 131 0.9288480457342809
38 135 0.15571192360854905
38 136 0.9579001774643229
38 140 0.3572480907552955
38 143 0.5155351791275238
38 147 0.36584639683289893
38 151 0.16935878908206534
38 152 0.15881205111216715
38 154 0.28657922269917496
38 156 1.2913444490864587
38 157 0.17667574764140667
39 43 1.8122239221178864
39 44 0.048842676678216075
39 46 0.1377648817001075
39 50 1.769185889208304
39 54 0.8228491537082817
39 64 0.6629731677700385
39 65 1.1438798058713786
39 67 0.21270912444981935
39 69 1.708631420701765
39 73 0.8208435890983876
39 75 0.39444322356372874
39 77 1.5444210647419023
39 86 1.0260102078278195
39 90 1.060966431683772
39 94 1.0582393954343317
39 99 1.0537192867586536
39 101 0.570020406410607
39 103 0.0043082542329586065
39 106 1.6198799321230293
39 108 0.5380856362665744
39 110 0.1609823746160168
39 115 0.3093194812998806
39 129 1.203036946870716
39 130 4.7937199584218
39 137 0.8223185152308806
39 139 0.6927978285874462
39 141 0.26627725745860964
39 145 0.17517401442780692
39 146 0.10481963258496359
39 149 0.28735155460941514
39 153 2.9321272161087077
39 154 0.3829520203348135
39 156 0.48785724549594284
39 157 1.1865633984424435
39 159 0.7918262074702395
39 160 0.4750661687330403
40 43 1.433706557900755
40 45 1.4682058506738023
40 46 1.4198542646305197
40 54 0.7550987899967171
40 55 1.710616755911215
40 56 0.34549179429346855
40 57 0.6490525797235087
40 58 1.4244072715113447
40 62 3.076192277766557
40 63 0.02919729272991081
40 64 1.0315165515894862
40 68 3.337281301810564
40 71 6.044938754191371
40 72 2.327066117641019
40 73 9.323778151834917
40 79 7.961429542460385
40 84 0.3029330602560083
40 87 1.2529113608560043
40 89 1.3268240293810178
40 91 3.139434735957932
40 93 0.04420735344878012
40 95 3.593942400435806
40 96 0.7614952777559616
40 100 3.2474383849728112
40 101 10.580840861685761
40 103 5.843349007816479
40 106 0.03300822636967313
40 108 2.8129926307065443
40 114 20.03689148771171
40 115 0.42621032152719923
40 117 2.217085563764274
40 129 0.9559564089057295
40 130 1.5015800361531044
40 133 0.25559319527061775
40 134 0.35678194813377484
40 135 0.14337824320656062
40 137 5.447430353775764
40 138 1.2769144419209928
40 142 0.14398306431189142
40 144 1.5887794888031856
40 147 1.5281022469151173
40 152 6.548429966924924
40 154 4.648206430244961
40 155 4.179737203479489
40 156 1.0787523550418545
40 158 13.886284234096294
40 161 0.32547698842760214
41 43 0.7235064551245596
41 44 1.2953408773584147
41 64 0.13889791653872205
41 70 0.6342490368236576
41 76 0.7982309994136214
41 77 1.5630637507677607
41 84 0.12586239993821155
41 93 1.0982973523872872
41 100 3.9861135453313725
41 108 2.844681808009944
41 109 0.688191704772249
41 117 1.282986668760756
41 118 1.6523839058993428
41 120 0.4391510711247598
41 129 0.909552278716879
41 142 2.051052593506348
41 148 0.9576077217529447
41 153 0.7888945661386937
41 157 0.29840627047130314
42 43 0.28367911668195284
42 49 0.7234964384121371
42 51 0.5123124804788842
42 67 0.6328305208503457
42 68 1.892173323313636
42 70 0.1051898501059358
42 72 0.520724483656793
42 75 0.8410639532100608
42 77 0.32304530914501817
42 84 0.029156448075487913
42 86 0.01679559356397169
42 87 0.16676789135946898
42 94 0.024784943337865593
42 97 0.21571337406539845
42 99 3.4032295747656756
42 108 0.6021591718436559
42 112 0.14813782373911807
42 113 0.8344292525810884
42 114 0.715189170413822
42 118 1.3753802534082267
42 125 0.5122005371835898
42 126 2.009157037682142
42 131 0.47562633694645146
42 132 1.0948861778370504
42 133 0.7103370989830552
42 134 1.3142711019476905
42 140 0.8442451266736326
42 141 1.2113629170636693
42 149 0.41915614585236594
42 157 0.026235717982315453
43 48 0.39001475573563404
43 49 0.5000338185452864
43 51 2.001590020154133
43 55 1.6069265008220899
43 58 1.6208275376659205
43 59 0.9302793479333628
43 60 0.09607194094221792
43 65 0.4273745611106991
43 67 2.324849489357787
43 68 0.6275466355712112
43 86 0.2447533800626122
43 87 0.26545381895736386
43 89 1.1131690891399553
43 92 0.2558223062577301
43 101 1.1713468124221933
43 105 0.8284863645622667
43 106 0.07587332802434275
43 113 0.5827205082756827
43 118 0.08233989901632728
43 134 0.8786204199014911
43 135 1.0492368099380156
43 137 0.22802130671183266
43 141 0.552136633925197
43 145 0.03824359125630706
43 148 2.963264434362655
43 149 0.20609654047488155
43 155 0.6166992362412781
43 157 0.9335230766741873
43 158 4.885298595328723
43 159 0.6134548900217851
43 161 2.509274049149599
44 48 1.6649240503182487
44 50 1.9897776110505005
44 52 0.7179578198528498
44 54 2.2088487122968603
44 55 1.09793904331602
44 58 2.5640185204987387
44 59 0.24266004115632775
44 61 0.026930013961436048
44 64 0.036219104507534974
44 71 1.3942706528685531
44 72 0.2925537352406825
44 73 1.0679923836044956
44 77 0.7145790725124085
44 80 0.6684670862757865
44 82 1.1376558603775109
44 84 4.067809086252751
44 86 0.1484011328864689
44 88 2.5867643284923902
44 93 0.5931871343200149
44 97 0.07011375154286109
44 98 1.6670748971979445
44 101 1.9077997208045268
44 106 0.46948655237008713
44 107 1.5817526267899604
44 109 1.0295266819877722
44 110 1.2922504611839076
44 111 0.9161095750428687
44 114 0.4604598143235945
44 117 0.4214949996596367
44 119 0.0516682762395546
44 121 0.4983895994928913
44 127 1.2442209015151093
44 129 2.693837107436204
44 134 0.10472929508585857
44 135 1.038752677956541
44 140 1.2459958604323247
44 145 1.1140094519737138
44 148 1.2287863295456523
44 149 0.8377205743029713
44 151 2.077178764857583
44 158 0.3517273244173782
44 160 1.127186146827639
45 48 5.593817928085379
45 49 0.8005215953969814
45 50 1.9936460552485016
45 51 1.2369042621655524
45 61 0.24345123943876673
45 62 0.19422576422699572
45 64 1.0459282874513443
45 68 15.325280707456066
45 69 2.2394790050393345
45 72 12.700804601703066
45 73 1.956620712849884
45 80 3.792368125572354
45 85 1.1608385319086663
45 86 1.3676612120677458
45 89 0.4198592511008997
45 92 0.7501073737528976
45 100 0.9922053782304766
45 101 11.96694681212743
45 102 0.17084725144659854
45 103 2.818039019933562
45 104 8.003503670614773
45 106 7.844726631261121
45 108 2.2421249524349864
45 114 11.700569836872502
45 115 0.7903188474646662
45 117 0.9973700825709831
45 118 1.1424402210857267
45 119 3.2395243780568337
45 131 0.9950521406079299
45 133 10.716070401347507
45 137 5.681682751805838
45 138 1.2625981245712623
45 140 0.1773962069178631
45 152 2.7824711866045977
45 153 5.486846946789433
45 156 0.8045043520104441
45 161 10.104506845890432
46 48 0.9027816131934552
46 51 0.4269723883404562
46 54 0.9080319360512631
46 55 1.2510815184975206
46 56 0.106398518318435
46 57 0.34484256393021745
46 59 0.10919745276285717
46 64 0.3619043511653057
46 65 1.9106299056483347
46 66 0.06826311851398077
46 67 0.2525887650800344
46 68 2.750380025958426
46 69 0.4900439490839513
46 71 0.712370496077484
46 73 0.09488537073397867
46 77 1.2489790032265624
46 79 0.015245744414807366
46 80 0.34458938515121645
46 90 0.1872970235831446
46 91 0.13087746458971944
46 96 0.3213579725537999
46 98 1.3288726711525003
46 100 2.895655879344637
46 102 0.5258572796748369
46 106 2.645743348413637
46 108 5.815356012065453
46 113 0.0208998883552837
46 114 2.144100916165244
46 115 0.04302631033478491
46 117 1.9863883727490088
46 127 0.5007002197701669
46 129 0.23211403736535707
46 131 0.27982542410404593
46 133 1.6527548178135145
46 142 0.19273764038620844
46 143 1.1081321509303954
46 146 0.18731328783426454
46 147 1.1137134848638701
46 152 3.7801458354033617
46 154 0.6525209735760028
47 51 1.3648756074270398
47 57 9.720210090632374
47 64 0.1546455892154099
47 74 5.052964388452796
47 82 0.7517243254339614
47 101 2.2795244868085347
47 109 11.482868194389141
47 115 1.2088503696762865
47 154 1.2198829652009515
47 158 2.868147471576881
48 54 0.9959313425331983
48 63 1.27189067224627
48 69 1.4062279040057635
48 81 1.2615591585940031
48 83 1.7010961275448941
48 88 0.7894929324792744
48 94 0.6709769564513669
48 101 0.2676975115013883
48 110 0.061885929229215014
48 114 0.5960663591041789
48 118 3.4235567542435446
48 131 1.0881017871275096
48 139 0.16270146672631325
48 142 0.01966002584151679
48 147 0.8856435066654682
48 150 0.24368628517501684
48 154 3.5280122069168223
48 160 6.012868113678843
49 50 2.189559305817114
49 54 1.1585197787253165
49 55 2.0686167125657815
49 56 0.9303589842053136
49 61 0.03760362883482384
49 63 1.3590520242315856
49 65 0.15785717477130917
49 67 0.32336562207684033
49 72 0.9226883129196577
49 74 2.4458482939255957
49 75 0.7735045909034067
49 76 0.2373590228726469
49 79 1.7889135146692152
49 80 0.23921017683921056
49 84 2.4462024330614724
49 85 2.4797351480977468
49 87 0.2556018831143494
49 88 0.4202340685198028
49 89 1.4144743965332627
49 91 1.4406991075225304
49 92 0.2395322708634673
49 93 0.2374919995698082
49 94 0.25482102907125115
49 95 0.3943114997131001
49 98 0.5165984874507451
49 100 2.233052575938142
49 101 0.35049718634261656
49 102 0.3212911561346197
49 104 0.38334721458708426
49 110 0.16173220243773004
49 115 0.10144101483570336
49 116 0.01037278318531332
49 117 1.9037817569193036
49 120 1.1293352655639415
49 126 0.24362310452378266
49 127 0.599037913816912
49 128 0.6526041507886052
49 130 1.1645090631938813
49 133 0.5693810080357103
49 135 0.38049896330202077
49 137 1.0594970805202788
49 138 0.8167095966924051
49 139 1.2334566836383523
49 146 0.3997220994476534
49 151 0.011588616789553812
49 159 1.5611575762101688
49 161 3.0570505784800517
50 55 0.6242338375629652
50 66 0.2828281121834515
50 67 1.1291787607995756
50 69 0.1305497160461705
50 70 0.8972930646484331
50 71 0.4330127756646306
50 72 0.13184337095362558
50 89 0.19601663986684284
50 90 0.009466773927356478
50 105 0.1293280027657752
50 107 0.6000450854535075
50 111 0.26250794038339553
50 113 0.05688910997645007
50 114 3.1829025337719905
50 115 1.410656763433576
50 127 2.0604439948020086
50 134 0.37760573872382064
50 139 0.4195067697625466
50 141 0.04517388012683265
50 143 0.15317429237313615
50 147 0.12783167164946962
50 151 0.06924625461090031
50 156 0.4040349912440761
50 160 1.7235752598992058
50 161 0.9297953891164783
51 54 160.86056918218958
51 56 1.1162032317038082
51 62 1.4775160267238265
51 63 1.7467587413908063
51 64 0.6933104357075391
51 65 1.9970069289131187
51 66 0.5132421765430684
51 68 46.09339711963252
51 69 0.8878924982340135
51 71 1.4624372021440644
51 74 34019865.614482254
51 75 1.8269611003842838
51 76 17.36779554744152
51 81 0.8957513096616109
51 83 1.3064591700136508
51 84 0.8208480690960912
51 85 15.810712508659948
51 91 0.04278529998319744
51 94 0.26417964833617374
51 95 4.6926825162811285
51 99 0.6590482031734352
51 100 29.931513880417082
51 101 10.472563029509638
51 107 28.98047583229672
51 108 5.534958717465451
51 109 2.1346275158587966
51 112 2.3988118026452563
51 113 0.3115801145047036
51 116 0.04806232655565799
51 118 4.179241579329328
51 119 1.0560756916231908
51 121 0.08942189512164492
51 127 2.370007875751716
51 128 0.8883617088036525
51 129 5.4760622357313
51 137 4329024.369459581
51 138 0.45126393111425656
51 140 1.3451445141334537
51 141 0.23481737265160119
51 146 2.5798318466793564
51 147 3.814993665104091
51 148 87.0543452287859
51 149 0.8116678625771067
51 151 1.6910038528732776
51 153 1.74870505958027
51 154 13157398.594323376
52 55 0.5322798302120989
52 58 0.41450120034049387
52 70 0.32265487814020366
52 73 1.3021061570644705
52 75 0.18006628043185463
52 77 0.6892845683132179
52 81 0.3945161621428679
52 82 0.3742827114403486
52 87 0.2136701600997363
52 91 0.8117057880191608
52 92 1.9146644824432155
52 94 0.48798083611053883
52 101 0.6308851389498309
52 105 0.3899023323011
52 106 1.5628312932165118
52 109 1.2182888441625035
52 114 1.285059983975786
52 117 0.6023221625530216
52 118 2.414529973056653
52 119 0.5068820599580091
52 123 1.5135318241759346
52 129 0.2946276171956152
52 131 1.2900050890177228
52 134 0.010132135970311991
52 136 3.25085742399997
52 140 0.4992069383320128
52 148 0.6511766474072908
52 151 0.33374592282209925
52 152 1.4913048483647728
53 64 0.18386772848207686
53 75 1.2453894989593763
53 76 0.4001304324240834
53 91 1.4392780312608726
53 92 1.0810446804940577
53 94 0.1828760322638842
53 97 0.029456254649128436
53 100 0.9275968895173922
53 111 3.931959991727117
53 113 0.4963264587470339
53 118 0.056090563126298634
53 119 1.7763797271364103
53 120 0.5214752634066468
53 125 0.26651629504673374
53 129 0.13271688214227842
53 130 0.12390389338547192
53 134 0.10875494837126884
53 135 0.5525144493614215
53 139 1.5788569035420823
53 142 0.6567492720060814
53 143 0.9789915995226326
53 147 1.4696430206610567
53 152 4.598104621824824
53 153 2.07932340484401
53 154 0.5801076575826059
54 55 4.455674690199051
54 58 1.1110739776549405
54 61 0.9115195823689817
54 62 0.3118045210701262
54 65 2.466714395190314
54 66 0.9798576639881228
54 68 0.6166724675316206
54 69 2.423236160539785
54 70 1.9053149997924552
54 72 86.60832374380665
54 74 84.72803042985909
54 77 4.444431453407334
54 79 18.14793776847169
54 82 0.6671721277901907
54 89 1.893640000650627
54 94 1.2922059422123335
54 95 162.77551555995004
54 97 0.7022585743972252
54 98 5.341352543379966
54 101 9.098392911101774
54 107 10.002018868545276
54 115 0.36716366911938303
54 117 11.504183222176415
54 118 3.669972047733293
54 119 2.912914700536112
54 121 1.6555871039595764
54 125 2.7374306469489804
54 126 23.796339472486196
54 128 52.23012948948931
54 129 2.37421086455698
54 130 3.3929398246133764
54 132 0.2077500526941365
54 133 75.69131359253325
54 140 0.37613099587565274
54 146 5.186441132256134
54 147 1.4191666249617445
54 149 0.7545810725710022
54 151 5.253331425417619
54 152 221.7090305156963
54 158 16.10495884277512
55 56 2.698516280360285
55 57 1.0208379249677395
55 64 2.2266638309431723
55 67 0.9024664807509424
55 69 0.9861583819982682
55 70 1.0870486974374944
55 74 2.8209572743568057
55 75 0.6232340829436797
55 76 1.7377226878604621
55 77 5.381049339721164
55 79 2.800683212106504
55 82 2.1334248740020993
55 84 1.2120398534598598
55 88 1.0872592265090764
55 90 1.2517991416186371
55 93 0.462955212482383
55 96 0.2527449634965572
55 97 1.0342494831460385
55 100 1.1305514043226719
55 101 2.1517973758784956
55 112 0.08231182946565165
55 115 0.5292929802008343
55 116 0.15141535219077562
55 117 6.442697159283304
55 125 11.849195061485574
55 127 1.620091782548656
55 139 2.4656477244336017
55 140 0.01710089559245515
55 142 0.13139854740936463
55 148 1.376161854409495
55 151 4.375546223803927
55 152 1.8153431943068503
55 153 1.089410139037182
55 157 1.1503579903726986
55 158 3.0930793546267106
56 59 0.07854658037486546
56 60 1.367371106483001
56 62 0.35485632335021117
56 64 0.7532600359860547
56 66 1.1271750049350482
56 67 0.9981806119877825
56 68 0.4648311958940579
56 70 0.9252422599044007
56 71 0.5493959908790391
56 73 0.593670445977266
56 74 1.028786686651849
56 77 0.13722571485806087
56 81 0.051020294540361805
56 86 0.15578817082884855
56 89 0.2186288592865399
56 91 2.928541559646631
56 92 0.8959881883821584
56 93 0.04294754441848357
56 95 3.8883597387383366
56 98 1.1772905555766526
56 101 0.12263703628352125
56 105 1.617828602595038
56 106 0.013390046377940884
56 112 0.9367376863596107
56 113 1.9454628758797192
56 118 0.3106797635806615
56 125 0.581457314915103
56 134 1.2959717529635733
56 136 1.9902143259916265
56 139 0.34558049534834784
56 142 0.20878823177718575
56 143 0.5325271287985311
56 150 0.2688837386887317
56 154 0.39238445521445153
56 158 1.6289312985463018
56 160 0.13330356193890447
57 59 0.5923832290060711
57 63 0.33282205934872294
57 69 0.28963505439734827
57 75 0.4798218176228815
57 77 1.6851739929701979
57 80 1.4108431628810658
57 85 0.7305916947234053
57 106 0.29633139612109993
57 121 1.66980127017894
57 125 0.0683954381860626
57 128 0.5971459969142388
57 134 0.04204930722723112
57 138 0.32292462243001774
57 145 1.9977547728941765
57 146 0.7228244218689495
57 151 1.5202084916895982
57 155 1.2444639401744562
57 157 0.11613951986911591
58 64 0.46654836061036065
58 65 2.545836609148526
58 67 1.6642984434543349
58 69 0.7911796360886125
58 70 0.4779194934519003
58 74 1.11587538417009
58 75 0.32774640331333754
58 77 1.097142174509232
58 79 0.31622365230695365
58 80 0.23109686307920402
58 82 0.1579024970436727
58 84 0.7886902278796407
58 86 0.39294731879231026
58 88 0.9331821495327365
58 93 0.9321445800560639
58 94 4.6746467397601394
58 96 0.3935383241169974
58 97 0.09252566397442784
58 100 1.3541958653090898
58 101 8.693088656252032
58 102 1.6828741720301774
58 105 0.1234437013318418
58 108 0.28213519997358244
58 113 1.5091430665099308
58 115 0.16915705175021517
58 118 0.9834453251981777
58 125 0.5106566102678107
58 131 1.837083598560635
58 133 2.1970092396848653
58 134 0.5907370605287141
58 135 3.876439730540848
58 145 0.9045257688402472
58 150 1.030570160531976
58 152 2.217935207366267
59 63 0.10017485848707323
59 67 0.33669273483254236
59 70 0.1508542551561012
59 79 0.8741663404909245
59 82 0.6184080401765593
59 83 1.5345619887085618
59 107 0.12549047338608738
59 109 2.359624918873201
59 113 0.054586935406522874
59 125 0.6963058022646775
59 137 2.879661565255966
59 138 0.26024156527186804
59 150 1.1343591504566783
59 152 0.23996335290117862
59 153 1.505158280277313
59 154 1.0469109257876257
59 157 0.2052439597523676
59 158 0.12142724487884823
59 159 1.6934086208954555
60 95 16.34207583510583
60 103 0.0690962863462876
60 106 3.0584350734145445
60 126 4.1611140078704505
60 129 6.42671780664058
60 157 2.4019330588124577
60 159 1.5057580308469327
60 160 2.2076145095067874
61 63 0.37002769259342394
61 66 0.2907983746439241
61 67 3.626552146158174
61 72 5.062894934445818
61 73 1.0944322587274533
61 75 0.4482218409763173
61 79 0.405633128238742
61 81 1.7075226519295068
61 84 0.10045584322187624
61 85 0.11610708455380406
61 89 0.7957741557927044
61 92 0.3167036812034243
61 93 0.06372432108918814
61 94 2.340458584949108
61 98 0.47033372065424817
61 99 0.5935483154791972
61 100 0.14460054359381816
61 105 0.13926738284380816
61 107 0.8879160125567311
61 108 2.8335457535851982
61 109 0.21245018260267592
61 123 0.6715480948843753
61 129 1.6496890402470417
61 130 0.05714775951639037
61 134 0.4599244550680121
61 135 1.502194076314361
61 140 0.4759024005947543
61 141 0.0903799752735631
61 142 3.427446649137161
61 151 0.1726857607378545
61 152 1.058760011711426
61 159 0.34552277291388317
61 160 0.3996163107424377
62 65 1.7598551784536645
62 69 0.7070724608981299
62 71 0.9200141052112606
62 77 0.09708200736266638
62 82 2.312288110101394
62 84 0.7045124279141955
62 99 0.4294767615799286
62 106 0.642785445425115
62 110 0.4518498042789763
62 122 1.2548019106420871
62 129 0.8395302694591695
62 134 0.4021483244456951
62 135 1.1717688471053445
62 142 0.5855088856641948
62 147 0.03619437514454612
62 150 0.5372529377687413
62 151 0.42187475018789133
62 158 0.3547716550184182
62 160 4.580662500611556
63 64 0.38068563570712044
63 69 0.4279924305162328
63 71 0.2671162030944484
63 72 0.2322860412894289
63 74 0.17594277599391056
63 79 0.26735918632867456
63 94 0.012669687393095335
63 96 0.1557877665152685
63 97 0.5413632688382656
63 98 1.0640049579323314
63 99 0.8809147677418
63 101 0.41923576015225217
63 106 0.25937807357228077
63 107 0.12346771540761857
63 109 0.528454290304924
63 114 0.7821242881102464
63 117 0.6237282953524558
63 118 2.2077477542617236
63 123 2.2175499079700907
63 125 4.187609472566908
63 126 0.22337210756022965
63 128 1.7448262219252177
63 129 0.05402503386513081
63 137 5.241347027985683
63 139 1.6252137647014626
63 152 0.2271937429576055
63 155 0.5367730845080728
63 158 0.6008278278584758
63 159 0.23792120933061237
63 161 0.2321840164540718
64 68 1.1143352263236768
64 69 0.3267730422080459
64 70 0.4552746992801822
64 74 1.3728956428587984
64 75 0.6883551957355003
64 79 1.4314455635712509
64 82 0.23098862889781152
64 83 2.3762318635318063
64 85 3.1771957092474494
64 86 1.4622501238299195
64 87 0.19090844253637154
64 88 0.534728123198302
64 93 0.47331935842813316
64 94 0.7855531231493516
64 96 1.0547822589947926
64 97 0.2832079783986937
64 105 0.2578594316460767
64 106 0.12771351800406489
64 116 1.4007421566777172
64 117 2.761725762513333
64 118 1.1318950042869698
64 120 1.535236484426805
64 121 0.5604951531732826
64 127 1.4821226155638458
64 130 2.3710324594271173
64 131 0.28648791750738567
64 133 6.099607532522531
64 134 0.5097377724843835
64 135 2.4174641842847016
64 136 0.8646406651675981
64 139 2.421616372828419
64 140 0.39840607670300376
64 142 2.0022423824145945
64 145 0.20128365999887976
64 147 0.6714660969470171
64 149 0.05461699060362051
64 150 1.7456934186203528
64 158 0.2830146596248304
64 161 1.4789721530134652
65 66 1.4157347697842022
65 67 0.5591905779095697
65 68 0.35652458247874835
65 71 1.278873684598112
65 73 0.7886878587040699
65 74 8.556127253414427
65 75 0.029818437179056054
65 77 3.3865085010187226
65 79 1.331877791382285
65 80 0.3287932377424117
65 82 0.9263883950044518
65 87 4.4829700755141815
65 88 5.291128049068203
65 89 1.6710821322337086
65 92 1.0949841174491526
65 94 0.5052310694369861
65 96 2.1988840536600107
65 98 1.8547647571953432
65 100 0.5654310302671115
65 101 2.978493902178053
65 109 0.5710662563966217
65 110 0.6865658393270794
65 112 0.18296987611453475
65 113 0.17978572692581238
65 116 0.06833350489258107
65 117 0.6167521065147816
65 124 2.9199942941711945
65 125 3.1258816857237957
65 126 2.7271522454211494
65 133 0.4118346732515133
65 134 0.6865699624103346
65 137 2.8759722900013096
65 139 0.654357177245674
65 146 9.22625335221427
65 149 0.12559688257791776
65 150 2.532617569718101
65 151 0.26706039629023276
65 154 8.522537338632786
65 156 1.997644657316557
65 157 1.9627190802512589
65 160 1.0818592767750224
66 67 0.5348476144704658
66 69 0.1815630145599072
66 71 1.9701845474196755
66 79 0.35066101384246845
66 84 1.0689299023181567
66 88 0.7285092692345086
66 89 0.058368530159305924
66 91 1.6700608888818493
66 94 0.6694253680713995
66 96 0.9716196927160223
66 97 0.5769208703935079
66 98 0.1630993793738614
66 104 0.5234145420824102
66 108 0.07601141509363206
66 112 0.11113437497937725
66 114 0.3336031111762942
66 117 0.7412379869280712
66 125 2.3391798180914365
66 133 1.6178538716458375
66 134 0.07781568401294042
66 135 2.4460971786956636
66 141 0.1384795471952256
66 142 0.023040182043466372
66 145 1.0027423771547146
66 147 0.6634441249503593
66 151 0.2615007971139849
66 158 0.1171625377125859
66 159 0.25878371394128163
66 161 1.6788344653260991
67 68 3.539425659205754
67 72 6.886477654632135
67 73 6.355755270685817
67 74 1.8299909360185127
67 77 0.7163372098882143
67 83 0.22105151490686087
67 84 1.3954041234649661
67 89 0.34218629127737016
67 100 1.4904033753505181
67 101 1.0272518207352335
67 104 0.8554388651915918
67 105 2.6975547069393992
67 106 0.42383675973465496
67 108 1.062315430369975
67 110 0.4487521225075542
67 114 2.1289693183154172
67 118 0.3415809425945718
67 124 0.2385807425357835
67 125 3.024544132216442
67 129 1.3248172412226322
67 131 0.6995031128578377
67 132 0.412554105806508
67 134 1.694667601828717
67 139 5.916709615076007
67 145 0.9128705780432927
67 153 0.5910230263642373
67 154 0.7142750745871167
67 158 0.7724960582863936
67 159 0.6349791230000775
67 160 0.22613532606393286
67 161 2.138927175364432
68 69 3.310573879638208
68 70 4.089682998414246
68 74 9.063280531491266
68 75 0.31631751252955886
68 83 0.7408305532462325
68 84 2.2183952657087462
68 85 18.386436500897823
68 87 0.7096388396611693
68 88 4.377259688464128
68 93 0.3645188009842371
68 94 2.858396503509397
68 97 0.49017730996380293
68 98 5.00999449217144
68 99 9.506591227412038
68 102 0.9374174135353532
68 103 2.1940147744329517
68 105 3.134052870943486
68 106 0.2889203339304881
68 109 0.2358355999218062
68 116 2.343931468987647
68 117 4.362954984037621
68 119 0.7714534274611042
68 123 0.03417793573081026
68 126 4.4671254712967245
68 127 0.5656383567496817
68 129 0.9015288677429444
68 131 1.574095961000383
68 135 0.4148013433572803
68 136 2.7926546228562956
68 137 38.32900421510123
68 141 1.0819159561404625
68 147 3.4417267498629562
68 157 0.10837270595779236
68 158 19.56575166856094
68 160 29.70877552591062
68 161 10.430202811313206
69 71 0.37341102849187696
69 72 0.06378748087139892
69 74 0.7427962568718751
69 75 0.26035507170168465
69 85 0.8049693408613313
69 87 0.03269079408198871
69 89 0.44842369648844455
69 92 1.745126255645203
69 93 0.5830098817333798
69 97 0.1480723938456637
69 102 0.0514898031832469
69 103 0.18792322862158276
69 106 1.181477828726065
69 113 1.0466815649143673
69 114 0.677496305415047
69 115 0.04390675861987839
69 116 0.02572953768057186
69 117 0.2753810720479698
69 119 0.10153355374726805
69 122 1.4630959137954018
69 125 2.1623483685426637
69 126 1.857006981089559
69 129 0.25264057507055593
69 132 0.4695869192744554
69 134 0.6015472326665563
69 135 0.25288257089113264
69 138 0.6570415156963165
69 141 0.218295263742191
69 146 0.2910468824877542
69 147 0.5420890267907256
69 148 0.89778181445334
69 154 4.707670560707199
69 155 0.46095736169786666
69 157 1.291704112045806
69 159 0.1075986086844436
70 74 0.23368749567644367
70 75 0.02310052274783903
70 76 1.1820504057641028
70 77 0.9173187783591046
70 79 0.6895698624672697
70 83 1.6429611784636542
70 87 2.1376974896243786
70 94 0.3035253803746832
70 97 0.1797577809130163
70 99 0.22691522339100093
70 101 4.346133373127372
70 102 0.10318682916484342
70 103 0.7450010815913692
70 106 4.275060509824247
70 107 0.005505981933968589
70 109 2.7973307204650015
70 113 0.6840215245941891
70 114 2.328921012169425
70 115 0.989173715296934
70 118 3.9431690282802467
70 129 0.025442489870676557
70 131 0.6695886318411904
70 133 1.1334161540618977
70 135 1.3427542590736417
70 136 0.06510904813025681
70 138 0.0271965204986323
70 143 0.6758565477423374
70 146 2.710433651350892
70 147 1.7080862647297141
70 149 0.22833289748206956
70 151 3.860543225094098
70 153 0.27331500533000025
70 155 1.2286689342131918
70 158 2.0735254951549136
70 160 2.295467989159882
70 161 0.22571917443521716
71 74 24.282076165781845
71 79 10.217620662952278
71 85 0.2471506559731773
71 87 1.5679823196511877
71 88 6.357143950415598
71 89 0.06055143490624824
71 90 2.3442307509872107
71 92 1.319881405889575
71 98 0.17227530378030298
71 106 1.0387205220725515
71 109 1.1600120976994308
71 111 3.9065848845587325
71 112 4.71534063727732
71 113 0.8076536992106645
71 130 3.9156949210335594
71 131 0.16576369725912815
71 133 3.400567029301152
71 135 4.2910094740981215
71 138 0.6568391151051061
71 140 0.12869942403344017
71 141 0.2485025443256738
71 142 1.5416744323658857
71 143 0.062150738975642036
71 146 2.5866738805694456
71 147 1.0830843026947472
71 149 1.4759407583559867
71 152 1.9099014548602686
71 157 0.7266955969161797
71 161 1.3048247824829866
72 74 62956161.2568608
72 81 3.921625854054297
72 83 0.43266139006686755
72 84 0.9399496967535049
72 87 4.695374172258936
72 89 1.228757331313329
72 93 0.6821310643467245
72 96 2.2116777864027997
72 98 2.198305583860656
72 100 5.838179913159589
72 102 1.9369681424787613
72 103 1.9835365711222832
72 105 6.642576565798419
72 107 4.85627416237223
72 108 15.989665312331786
72 111 0.4215865957260248
72 113 0.1999149066416459
72 115 0.8418040444555962
72 117 16.214403277345976
72 118 1.153263451805385
72 125 21.576231465953512
72 126 16.95399337120741
72 127 0.07942976081083622
72 131 2.085607240302989
72 133 1717208.8129982383
72 135 0.9087260555201603
72 137 2660130.8503521914
72 142 0.05416716051697112
72 143 1.2646412832516796
72 146 0.1026113168023903
72 153 3.729197347539696
72 155 0.8950522076572841
72 156 0.2203849717661422
72 160 0.9011433384415869
73 75 0.16016483989114982
73 76 0.4160260502220603
73 77 0.4030506156242744
73 78 0.6173811334163806
73 79 0.49379497060660094
73 81 0.09641168949947586
73 82 0.24576105279265714
73 89 3.587508440665002
73 96 0.45494798374376694
73 98 2.2005016351210887
73 100 1.9520278508101965
73 101 0.9648643389981344
73 103 4.674711493353723
73 104 0.8545395116304548
73 105 0.06109057622729367
73 108 3.9930199668709636
73 112 0.9056434714075273
73 113 0.16442213115138277
73 114 0.07197552188338112
73 115 0.41448174072804367
73 120 3.9291010295681015
73 123 3.345321382131199
73 126 2.764970921627007
73 128 4.276364636647086
73 131 0.3872830030875451
73 133 2.556822370019518
73 134 0.18544404910882
73 135 0.03825492985540924
73 137 2.5108616667514934
73 138 0.08609718536281856
73 139 6.140187547932079
73 142 1.000888465680719
73 146 1.0971980395478746
73 148 1.3181485443913799
73 149 0.8018891010135627
73 150 0.5781046582981381
73 152 3.285310452174295
73 155 1.203595600618787
73 157 0.160313458236412
73 158 13.948701580292775
73 159 0.8983206427944788
73 160 1.3505617561848635
73 161 1.48631354851514
74 78 0.8431544296419294
74 79 14775581.10746247
74 80 1.9124923916377208
74 82 0.8418234872581323
74 84 0.33354219213366115
74 87 0.24913615298563155
74 88 0.09827568021845556
74 93 0.4698562656029172
74 94 2.078356009774704
74 95 4.233487161800237
74 100 3.837262985666118
74 101 2.87752201898736
74 104 18.844448741034014
74 106 2.02646770074214
74 108 1.8557970984771268
74 112 0.8470490070558216
74 113 0.21662372409916095
74 114 2133532.9928108105
74 115 0.9263097915993754
74 116 0.08963706994524123
74 117 0.1403427178497567
74 118 8.351016131281273
74 120 1.2320189619262898
74 125 4.686489511616438
74 130 26.557616573002157
74 133 2201406.260360404
74 134 2.2343847578663825
74 136 3.137161518451707
74 137 2366170.0655983468
74 145 0.24158291980437283
74 149 1.2627691359027522
74 153 4.559964977128587
74 155 9.791899292044093
74 157 6.308169282960153
74 158 14.838600390879854
74 160 13.581795130748354
74 161 930562.6026560847
75 84 0.20770003882268664
75 85 0.7870061161648836
75 89 0.12562051477445332
75 91 0.7685702930704246
75 92 0.6191219962843557
75 94 0.33871954868746873
75 96 0.4295826156432863
75 97 0.2813835174122013
75 101 1.270347504319273
75 102 1.375056996298643
75 103 0.34378997358607016
75 109 1.2710206866958778
75 111 0.11511748997218615
75 113 0.5407657048840371
75 114 2.0673862821698927
75 117 2.0030012736499545
75 121 0.40732109158136026
75 125 3.5930258043034877
75 126 1.142596730497978
75 129 0.24532740193442004
75 133 0.2717416430588456
75 136 1.0328100447657886
75 139 4.823471681660437
75 141 1.5906728000044763
75 146 0.026144368187713932
75 148 0.361555239792833
75 150 1.699746871299532
75 151 0.9371799170214989
75 158 0.44946454966391747
76 88 0.09626208361742383
76 109 23.12110133599809
76 132 1.5365738099944388
76 137 5.284016862185184
76 142 1.2877023769220386
76 147 0.04007182655647588
76 154 11.647803672316135
76 157 0.11082730591386221
76 159 0.005626770941576938
77 79 1.109044301090567
77 83 0.3920553005375997
77 85 0.7977434548255578
77 86 0.24669424230532566
77 88 0.327722937950404
77 91 0.5300812296099789
77 95 1.5266716682899595
77 96 1.4837102920925005
77 99 1.5666922458729422
77 101 2.2856899453122805
77 102 1.160438005557677
77 112 0.5929043951579426
77 113 0.4457354923783877
77 114 0.516286408247042
77 115 0.20545438293069324
77 116 0.08150556538184948
77 118 0.9694565688474096
77 125 0.2868741325945403
77 133 3.774387909761278
77 135 0.43853563735238316
77 140 0.43193843741305626
77 146 2.959357140048581
77 149 0.1728131772748902
77 150 0.773870037839753
77 151 0.027523459170093308
77 152 0.4677453065751108
77 158 0.3763709727761956
77 159 2.9025131448046357
77 161 1.1154475053916202
78 82 1.2048429472645028
78 85 1.3227485599839908
78 101 0.057750508990356934
78 102 2.232792900338857
78 106 1.4586959977274783
78 114 0.9424992398579832
78 145 0.6675724569076222
78 150 1.1448747034995974
78 154 1.4221681720348371
79 86 1.7629959161248236
79 87 1.0149706361079103
79 88 0.9002937847657068
79 91 4.707997593810116
79 93 0.0007307542448245435
79 94 3.5477568124602157
79 95 9.61202672810687
79 98 7.949492432583291
79 101 4.037423845790778
79 104 4.70456457047322
79 106 3.0014427733607754
79 109 16.3050498535165
79 111 1.057265222418033
79 112 0.03873927062049273
79 114 4065954.227866065
79 119 0.25505637585909025
79 125 21.254024626810537
79 134 4.3427617731155905
79 137 489462.13726713415
79 141 1.7709854635840891
79 142 0.40496684209699396
79 146 1.058744717145177
79 147 10.49768947275479
79 153 8.113812308163757
79 156 0.09035364113819358
79 157 2.2563988606230323
79 158 26.575016209566957
79 159 2.181027325585916
80 82 0.18407068825437997
80 89 0.8620030432062133
80 91 1.808274912293217
80 102 0.6264424221454323
80 103 0.30413788693647353
80 105 0.9843278256475723
80 108 1.614325854166612
80 113 1.0492801213681582
80 114 0.06149164112122958
80 117 9.22414739467634
80 128 1.2600879791160524
80 129 0.7733100971682364
80 130 1.6872323297387741
80 131 0.622186988383201
80 138 1.387431488514962
80 139 2.475174269718101
80 146 1.5546773733697057
80 151 1.22961974120034
80 153 0.6768484642585613
80 157 1.2570463556851217
81 83 0.17343370261089547
81 94 1.6883244676545277
81 97 0.0349954598022905
81 100 0.24549408080456042
81 101 1.2973361540559338
81 113 0.5814685980223027
81 132 0.8381997599914639
81 134 0.5212053332385649
81 135 0.6418367181704845
81 140 0.06265971519177534
81 141 0.07429207034723835
81 144 0.9908959708196148
81 145 0.20704987528680582
82 87 0.40180990099582664
82 102 0.06764604470559034
82 104 1.3813708309707668
82 109 0.029929876963290986
82 112 1.7162757327121203
82 114 0.4738238495642415
82 119 0.331140623476621
82 124 3.046873811784809
82 127 0.7956691235075609
82 131 0.5494183388861401
82 133 1.434796485232633
82 137 0.13504386490739353
82 141 1.2254464045624598
82 142 1.5652594602123084
82 145 0.048493518295251746
82 148 1.803954065010586
82 153 0.19920151331939093
82 157 0.05846570980958374
82 158 0.45430819266432476
82 161 0.04422749549694904
83 88 0.330755087717739
83 89 0.032001794887975644
83 103 0.807501263782883
83 105 3.570067778891235
83 110 0.42604855624207305
83 112 2.4780975143516244
83 113 0.10397458664837346
83 117 1.566836134602625
83 118 1.3180948575665952
83 125 0.000931268763706233
83 130 0.40445867440034694
83 134 0.3349350420386443
83 138 0.24927925553294653
83 141 1.1083280231343853
83 143 0.44515833308787933
83 150 0.07347528417067506
84 88 0.433634958351763
84 89 1.9381740622299837
84 91 0.932731454489564
84 95 0.26031873650174764
84 99 2.074077801395101
84 101 0.7997997321867539
84 102 0.49314091776763713
84 103 1.01249482345428
84 105 0.0677637122559052
84 109 4.27629047331494
84 110 0.35828098452327944
84 112 0.6284578141585224
84 115 0.8367541232691658
84 117 1.0406730526051142
84 120 0.5022751193486216
84 127 0.25309240858850895
84 131 1.7134934840744964
84 134 0.47390012401612486
84 136 0.6101928364107132
84 141 0.07503086285309049
84 142 0.019295161936647858
84 143 0.11167714814959871
84 145 2.1574444374452377
84 146 0.6731074517763347
84 151 2.046130482946482
84 152 0.5386515276116473
84 155 1.5824211944213422
84 156 0.5155117165121508
84 157 0.38699288291739165
84 161 2.0801641924754537
85 89 0.2949741757948708
85 92 0.4947431562357459
85 94 3.1021640917269844
85 95 1.5852261268830115
85 100 2.1207418350189142
85 107 19.627765456882948
85 108 1.0787279630705076
85 111 5.7630461883384365
85 113 1.1257262722704104
85 118 0.43112858046842806
85 126 5.294077692884001
85 127 1.2951627989095542
85 133 24.60596633950972
85 141 1.5902490212183709
85 149 1.0582499661454412
85 154 36.09970214054957
85 157 0.4655539504584573
85 160 26.57491636074665
86 92 0.45248937905465647
86 97 0.0543968770608713
86 99 0.17866734703554565
86 100 3.6633733999227602
86 108 3.4148127208276167
86 112 0.05149394182916986
86 114 0.6385821805858879
86 118 0.6065852877620728
86 121 0.5295343674236728
86 122 0.22649933639876407
86 123 0.4066488401317109
86 138 0.8014036630744877
86 142 2.142109479113484
86 147 1.338134766008755
86 154 1.109655691396734
86 157 1.223275471890079
86 161 0.98514692661826
87 89 0.9155060002215939
87 91 2.400965248242686
87 92 0.8052633144023235
87 93 0.42879480300902584
87 96 0.1308158524375577
87 101 1.0614761409759605
87 103 0.026105928666644247
87 105 1.3882564150088983
87 106 1.6058993858401316
87 109 2.611194160264981
87 113 0.5226235069498496
87 114 1.077552766944335
87 116 0.14547529982697943
87 120 1.1487235759128394
87 121 0.6812505582112687
87 125 0.37365978885796003
87 128 0.7302010499146625
87 129 1.1961917069773393
87 133 1.55537035775884
87 135 1.2253687069785466
87 138 0.4777443393066995
87 139 2.5987001684140982
87 141 0.5192001486696519
87 142 0.9277481082479215
87 145 1.2177146176523432
87 151 2.5260754693452143
87 154 4.31877956390527
87 157 1.0327805757699529
88 99 2.363037740958085
88 102 0.6344099263533728
88 106 1.6848678647941269
88 114 2.5324521393159625
88 117 0.5770009801681834
88 118 5.294130733273773
88 124 1.7932269193719004
88 127 0.9279747992676577
88 129 9.447085491933636
88 130 2.4714541907795553
88 133 12.440898604839576
88 136 0.3576244205984397
88 139 2.5884841865877424
88 153 1.1652553243200163
88 157 4.56448331379662
88 158 2.539073391428617
89 90 0.028796615859133897
89 93 1.2455394500453794
89 97 3.2595954088141674
89 98 0.5516507501731502
89 101 0.29064798669089514
89 103 0.43127634665338405
89 106 0.8135427506443036
89 108 0.20956696996199517
89 112 0.1311661852027091
89 113 0.6888848402621346
89 114 0.18363882233622897
89 116 0.5622960657228441
89 118 0.011606622417260098
89 119 1.5837612477815666
89 122 0.2206574288918013
89 125 0.47636499227068335
89 129 0.14198296816599584
89 130 0.608789301665196
89 131 0.03349664342614922
89 133 3.02880336250817
89 136 0.20455054773971978
89 138 0.8114272105526968
89 140 4.940667493740525
89 142 0.005998915092152206
89 145 0.17859893645614738
89 146 0.186084337418924
89 149 0.7458028885992393
89 150 0.36100197663857236
89 153 0.4993107607590633
89 159 0.7075098847016216
89 160 2.117298281669888
89 161 0.6661269409735189
90 94 1.1885039750428015
90 108 0.17431582110680163
90 129 3.954298418800301
90 130 2.93562966753876
90 134 0.0889281797249872
90 153 0.6279877067395577
91 95 0.44363282422439126
91 96 0.01526945144375336
91 97 2.1022436609991892
91 101 0.20416899674464797
91 102 0.4711402440725084
91 106 0.5298872902525953
91 107 7.47994383076998
91 111 0.24990814334017172
91 112 0.15957413430539166
91 114 0.8899570830283349
91 115 0.22231233009717835
91 116 0.41169090536587755
91 121 4.035994318433994
91 126 0.4617523462435636
91 128 3.990046950616555
91 133 0.0531901599551592
91 136 1.1405831707794534
91 139 0.30262774231534784
91 141 1.7833703048172578
91 142 0.7306344453434027
91 146 0.3579243235705729
91 153 0.09644587345912378
91 156 1.9888837921789306
91 157 2.54249707072119
91 161 0.9069799359206108
92 99 0.4913724202949541
92 100 0.6227924560079072
92 101 0.7886403117592277
92 106 0.044761842159143854
92 115 0.11974756324123764
92 117 0.025683113054819386
92 129 0.21173701811432002
92 132 0.36333834284320965
92 135 1.0621602853949916
92 137 5.270776706230646
92 150 0.5718463640306561
93 96 0.5730294431528372
93 100 0.7102614914934804
93 103 0.3719009216565281
93 104 1.969177987392397
93 109 3.272006687962921
93 111 0.7603005453631198
93 113 0.38780316517009844
93 117 1.5668949105793175
93 119 1.0287029927903688
93 120 0.9513442793580097
93 125 1.9468121019828208
93 126 1.403916994008014
93 132 0.5375380211785603
93 134 0.3964878611501938
93 135 0.020092853459483622
93 145 0.27850393634259674
93 149 0.7402880725913179
93 150 0.10352487197821526
93 151 0.43277054263707976
93 154 0.45183281766039113
93 156 0.3386736397852876
93 160 1.204437942011471
94 97 0.5454806671786033
94 101 1.6862840226156666
94 102 0.1697982735304419
94 104 0.15660434037762808
94 106 0.6495917129892746
94 107 0.7063170482636556
94 109 5.453116689827999
94 110 2.036392267379682
94 111 1.2988892879594516
94 112 0.5862036440532491
94 114 0.6862352284883103
94 115 0.47938444278178877
94 116 0.07061134680268942
94 117 3.1660349097322835
94 124 2.718891572274638
94 128 5.754974681393072
94 129 0.20129022543225467
94 131 0.10523113318484416
94 133 1.1780533993167073
94 134 0.1541537622443582
94 135 0.36994581235734664
94 136 0.9109520675197507
94 137 1.0683577266580768
94 141 0.8906357100259488
94 142 2.3252675945828423
94 145 0.04298132384655289
94 146 4.002278108709893
94 147 3.497542137808843
94 149 2.0717410030408634
94 150 0.9501856255635881
94 151 0.06485106870169423
94 153 0.976790657931324
94 157 1.3261548465578121
94 158 4.798273111736703
94 160 1.0036780587960197
95 101 14.069656699168863
95 102 0.499873554961888
95 105 0.3059496491511564
95 113 0.217487108049009
95 123 1.939326720064554
95 124 1.4485607662177384
95 125 3.443405064055261
95 129 13.320078781586478
95 139 10.542728251941005
95 158 9.777753755976972
95 161 42.18203404933498
96 108 0.2343249630624841
96 109 2.0592029588556064
96 115 0.5804842841103924
96 129 1.6410487679081038
96 134 1.9164462155320592
96 135 0.6910335104200462
96 153 0.01544424978734667
96 154 0.032365852709215284
96 157 0.4988640286252337
97 99 1.3713764482753243
97 100 0.2195505564107268
97 101 0.5440572713430268
97 102 0.5251194029986221
97 105 0.7419732040633263
97 106 0.5014315292348815
97 110 0.8076592218674207
97 113 0.464745907402934
97 114 0.2300391939570423
97 117 1.3057840637614704
97 127 0.8462481540270497
97 129 1.9485509534238872
97 130 0.006932239418486794
97 131 0.3765958471445038
97 134 0.5325544137042415
97 137 1.2008590748974772
97 141 1.456098841042658
97 142 0.21381522492324131
97 146 0.9592887995973399
97 147 0.25888912409446924
97 148 3.5912907704494064
97 149 0.18562469241678697
97 157 0.1790352084603094
97 159 0.8029778984350299
98 99 3.541370387165102
98 100 0.5959147542940761
98 101 2.830644408083107
98 110 2.2261867885444695
98 126 1.1833023060743804
98 131 1.3565745836438685
98 139 0.915301952901655
98 140 0.36700333017096304
98 146 1.4772654439276662
98 150 0.0711071086408244
98 159 1.3661395011075261
99 105 0.41516576484069206
99 112 0.6241997487295003
99 116 1.0901960160210058
99 121 0.5121696600760196
99 122 4.011825544350028
99 123 1.8422789213092294
99 129 1.458241922368936
99 132 1.7290706473284356
99 134 1.3207250282381162
99 137 15.749433488672903
99 142 0.015883836183010553
99 148 0.9999809161456027
99 151 1.8677623030823465
99 153 0.27383617967427504
99 155 1.596019178434559
99 156 0.42067401790843756
99 157 0.4298725235057088
99 159 2.610999632500153
99 160 3.6601243767544904
100 104 1.192507716654838
100 105 2.090083812142786
100 106 0.559829701469765
100 108 8.396350399332018
100 109 0.019040476037643552
100 110 0.2249726184557452
100 111 4.130965695419317
100 114 2.378261265047979
100 120 0.09689089735573603
100 127 0.029404224546374435
100 128 5.853905166573564
100 129 1.3325169223732223
100 130 2.340173765326293
100 131 2.502992106121023
100 133 10.690444668017383
100 138 2.8054954794709106
100 145 0.9482515207558044
100 146 0.6703905862526064
100 149 0.48540176725463435
100 152 3.6587190075906575
100 153 1.7650025052423037
101 102 0.958783416869782
101 103 0.565592873981747
101 104 5.222756168054619
101 106 0.08522540534585453
101 112 0.4879267730420308
101 113 1.6914779958120258
101 115 0.08097204323842778
101 117 0.005669548543588014
101 122 0.31835824660565704
101 126 2.9482672824044958
101 128 5.8645718193584235
101 134 1.5832965666650016
101 137 3.507318937958519
101 138 0.8393430113677732
101 139 3.687339570171886
101 141 1.3010810549541652
101 146 0.46042111577734907
101 147 6.373218129354588
101 152 4.785553199197478
101 154 7.054810041233448
101 158 5.549383054043105
101 160 0.9010398714016613
101 161 0.035807276915731594
102 105 0.5341889015799646
102 106 0.5159187844630911
102 108 2.3868844801491917
102 109 0.5776267157161771
102 111 0.627840998916051
102 112 0.811392040228839
102 114 0.8420381337346297
102 116 0.42392333379318614
102 117 2.0630980668429753
102 120 0.05841919265986016
102 125 0.23740749076231615
102 127 1.0251154445386217
102 129 1.2991169457285567
102 137 0.5758558617228693
102 140 0.36224749060440037
102 141 0.020470938952889293
102 142 1.5060577203615826
102 143 0.026367851419559066
102 148 1.4520618602368467
102 149 0.30462384620323707
102 151 0.05381981150652192
102 153 0.5258629899617973
102 157 0.6230983334930186
102 158 0.12108955558260746
103 105 0.4953708420478761
103 107 4.984294466591469
103 108 2.6684304745306875
103 109 2.1540886554385126
103 112 0.03822399704924834
103 122 0.4096526443911936
103 125 0.09161667670344703
103 129 5.168431236899061
103 131 2.4024637754382288
103 133 0.12297999066139786
103 134 0.06829860915953898
103 138 1.1361141010622238
103 139 7.252465462106776
103 141 2.8937431488965557
103 142 0.1459986478023832
103 143 1.110197974624972
103 144 0.5196161123720903
103 145 0.2722308678058798
103 147 1.6344727675541983
103 148 0.1948467840955636
103 150 0.27124575375227017
103 158 0.1739705960066107
104 105 0.3179976883683943
104 109 2.43396380560596
104 112 0.5712201571207419
104 113 2.8364538099515673
104 114 13.715582929203102
104 115 0.26477217556137034
104 129 0.8226900717869655
104 130 12.454687682524991
104 134 0.9550138115051133
104 146 3.4866549312833173
104 153 11.637128698837552
104 154 5.442090265419272
104 160 7.681218770102137
105 108 1.2365963991028615
105 112 1.5182242087953568
105 116 0.30477224062212593
105 127 0.12977121114352383
105 129 6.250600179199639
105 133 1.6292061998210368
105 137 2.8547143016712613
105 138 0.4728949575566364
105 139 0.9202696850967365
105 142 1.0992551879720849
105 146 0.39275271005067863
105 147 6.802364445753121
105 151 1.4929796038344576
105 159 0.44473770250736133
105 160 1.9529793936722704
105 161 2.2007556078581207
106 108 0.4071844488225797
106 109 3.068192088472672
106 110 0.6578615243888556
106 111 0.026666426294059523
106 112 1.713627373543561
106 113 0.6043286653439419
106 115 0.6240906286242284
106 118 0.490671131480206
106 119 1.6610035312822142
106 121 0.39275227538060925
106 122 1.9655663298981396
106 128 5.070399193334741
106 133 3.807837284974377
106 136 3.477672714421881
106 138 0.7448319536726484
106 140 0.7630445782534869
106 141 0.31616063790040094
106 142 0.08472657585952967
106 143 1.302787624335359
106 144 0.8447038670637469
106 145 0.3859408638191932
106 146 0.058308206990522124
106 147 1.9610575728068262
106 148 0.18641179982454115
106 150 0.9099677908030291
106 157 0.8354461090051789
106 159 0.6892178763437667
107 109 1.1134215326835013
107 112 1.3110983328840429
107 115 3.6098464315512855
107 116 0.9991548895380854
107 134 0.4851697794425487
107 135 0.4803870367204514
107 137 1.5614358059653473
107 142 1.6946821304775717
107 149 0.031051928672539822
107 150 0.9554332747749714
107 153 0.09536011506570224
107 157 0.6645161573246108
107 159 0.38887316126618404
108 109 2.204533077675475
108 116 2.778563853914317
108 118 0.24367553061989433
108 127 0.5968939170346432
108 128 4.227110949890477
108 129 2.6022011782369634
108 133 2.582624598357964
108 138 1.2356457435392958
108 139 4.443167321257776
108 140 3.6290823588930916
108 145 0.12545865994169164
108 146 0.5821956882529777
108 147 2.1892262397412448
108 149 1.1678362844465051
108 150 0.2524989045386953
108 151 7.939691158728247
108 152 3.1039115077992108
108 155 2.5078581969283866
108 157 0.19557007943165355
108 160 10.211590707102934
109 111 3.653634741614751
109 112 0.15167781991849308
109 117 1.5467583734304913
109 118 2.731473321350101
109 120 0.020727964919630984
109 125 10.387811602395033
109 127 0.905931971922366
109 129 7.097828250936768
109 131 0.14736360411921737
109 133 11.051243392934278
109 134 0.7092137419657565
109 135 0.025478658083509673
109 138 4.287773860231396
109 142 1.9915582757797787
109 145 0.22737904432595402
109 147 0.1521301767226967
109 151 10.281301626852514
109 152 6.04649041066342
109 154 11.161269959472087
109 156 1.0052929216229154
109 160 0.3142505025435452
109 161 1.4065326914764513
110 114 0.4544728113796031
110 127 0.25688447380871204
110 129 0.30801721135700333
110 135 2.6321477395902066
110 137 3.4952484814169726
110 140 0.7460331771026426
110 147 0.30776710790335
110 150 0.66205402340607
110 151 0.7507361473924021
110 153 0.09323116615037394
110 158 2.906521805455376
111 113 0.016070136262943974
111 115 2.958805876129459
111 118 0.23533279420834455
111 129 3.08131441076217
111 135 2.070392626112383
111 137 0.7661590773455962
111 138 0.08802820810886643
111 139 7.572634497087135
111 141 0.45985265252141655
111 146 1.3890459506891395
111 149 0.5690122677089294
111 153 2.389122728092663
111 155 0.3186374288559624
112 113 0.5087343475372409
112 114 0.46305728057000867
112 116 1.5198291785232618
112 117 1.833553253998903
112 118 0.3374684444112181
112 119 0.41490777050918565
112 120 1.0349372202671066
112 129 0.19416982619041623
112 133 0.28592496730042655
112 137 0.29004632631630134
112 138 0.7991380148698854
112 139 0.24533503127207054
112 142 0.17526435429506937
112 145 0.08668404841932661
112 146 0.06393851393386071
112 147 0.2682590082263734
112 151 2.587246563602051
112 153 0.16835782513857417
112 154 0.8130214460115324
112 157 1.6059806142851936
113 114 2.73127379362456
113 115 0.1536764271701034
113 116 1.5483063739712006
113 117 0.309539484560519
113 118 1.7298000470670762
113 125 0.8287190228012317
113 126 1.2015303792295542
113 128 2.7719757686140856
113 131 0.038261026159411196
113 134 1.9625522880856692
113 137 2.342207116931637
113 138 0.26715613292437385
113 139 0.6454723287780942
113 140 0.724126858148007
113 143 1.4240599096043518
113 146 0.042986141080708286
113 147 0.5971740599337005
113 151 0.5009326911892151
113 153 0.22484792249400307
113 154 0.13024847500724845
113 156 0.732442542996254
113 159 1.1084943473842086
113 161 0.18131394272953333
114 115 0.2684845157945586
114 117 6.851720321458719
114 122 1.5718221643389212
114 125 3.0453440036632244
114 126 11.562466645126948
114 130 29.05631384350772
114 131 3.211953245311666
114 133 4355181.847053627
114 137 1487156.4906366344
114 139 3.5281152442574846
114 140 0.7565137426699005
114 141 3.3969687916868185
114 142 0.6344507085543998
114 146 1.5189056617531307
114 147 2.0184074625620823
114 158 18.952428931209234
114 160 13.560280563841012
115 118 0.3715020654246495
115 122 0.1475269265549431
115 129 0.1918849930873379
115 130 0.35719274245672644
115 131 1.2506841343061852
115 133 1.9892031322234105
115 135 0.5495263257002498
115 137 1.9854296249760837
115 138 1.4479984254780132
115 139 0.22482433950958464
115 142 0.0790599225304517
115 152 1.2636375444869081
115 153 0.25833276848653386
115 154 0.3525657275121779
115 157 0.4557978383874266
115 158 2.2528601633659395
115 159 0.42909045730126766
115 161 3.2781954972458163
116 118 2.0625792238036604
116 130 0.011335140544261447
116 132 0.36478377446222715
116 133 0.3040524701936875
116 134 1.0432122418396035
116 136 1.4501269011050806
116 137 0.13768005695290908
116 138 0.11799761920416033
116 141 0.03352802285242983
116 145 0.5374094034092165
116 149 0.5471879747384943
117 120 0.1875093455197309
117 122 2.332549556505726
117 124 1.2123140153676313
117 125 10.369987600278037
117 128 4.533821982279135
117 129 0.89043012678587
117 132 2.9369819699427056
117 133 14.649946018477866
117 136 8.273396183901612
117 137 25.904336290257874
117 141 0.44093444134204635
117 146 6.303918914264231
117 147 0.45536153267847007
117 150 0.44325314179639363
117 154 5.479629145795418
117 155 0.017832133749818756
117 157 1.5877892607969428
117 158 17.84568342069766
117 159 0.04391012733423943
117 160 2.115350813890586
118 123 0.9430644742363422
118 125 0.10728047302848905
118 126 0.985317939417821
118 128 1.532304864064537
118 131 0.357724212361058
118 132 3.110897506755671
118 134 0.8485354078685283
118 143 0.08115270194217283
118 149 2.289360068986874
118 150 0.49050812090468643
118 152 0.8241329283873517
118 155 0.9654557248476086
118 156 1.271905643334742
118 157 0.19492999408078457
118 158 2.148069478423002
119 121 0.7056429013383461
119 128 6.419147663423255
119 129 1.9604442253298233
119 133 0.5332106080255123
119 134 0.004616611024149143
120 145 0.03794975325991371
120 148 0.12345773519316539
120 153 0.2232197354401271
120 154 2.157213553093794
121 123 0.6994250479991148
121 125 0.3142479831335605
121 136 0.05791338103064606
121 145 0.5673759794668928
121 151 1.2086741125915328
121 154 0.23600533064840587
122 124 0.8512677139324788
122 126 0.20452314382828782
122 130 3.124988581589354
122 134 0.594092272260764
122 135 3.0579658711909263
122 138 1.520142657881919
122 147 3.9842889586864647
122 149 0.013894027537097463
122 158 0.4258881246497256
122 160 5.072755065803447
123 125 0.6894818190731743
123 127 0.17245577905374718
123 139 1.392584351502595
123 153 0.7159392724841769
124 129 0.5986390898272298
124 153 0.7562814934215113
124 154 4.943824409812886
124 157 0.953038822351704
125 130 11.25551717516885
125 132 0.8015691384339468
125 137 0.1201106927623645
125 138 0.15196027834681236
125 139 6.793854155661223
125 141 1.1870651715590748
125 142 0.10932348484987477
125 143 0.1569366287870262
125 145 0.22306046221942524
125 147 1.6954306718151106
125 153 0.7546146747173793
125 160 8.175875037890279
126 130 10.800754300712988
126 131 0.5702191089635746
126 133 18.204580733375888
126 134 4.157839284663994
126 135 0.061643551002512106
126 137 32.10880765589956
126 142 4.538144537404228
126 145 2.2704915482265413
126 146 2.837467647233686
126 147 1.8425774645105801
126 150 0.9226703042541092
126 152 7.060208284171336
126 157 1.853717950348126
126 159 2.2470681652505706
126 160 0.8767092500331297
126 161 0.08713545173629672
127 129 1.2474276004099545
127 131 0.3168764391223196
127 135 1.1389151134894087
127 160 1.3535651383443243
128 131 0.7100749251131171
128 137 56.995892118234174
128 142 2.159000148303149
128 145 1.3586828335572643
128 147 9.330108882929679
128 148 5.836959193045855
128 158 5.430206447631319
128 159 1.1875901279400063
128 160 23.090460693989264
129 130 1.8650292901679262
129 131 0.07308049122380603
129 137 0.08813703670556833
129 139 0.8158385567455169
129 140 2.479522911124901
129 147 1.2097801794815886
129 148 0.34977197116644065
129 149 0.2679322852024364
129 150 0.8097363810033847
129 153 1.1198249421813313
129 154 0.14811035583143867
129 158 1.1650287103981471
129 159 0.1511935787837858
130 132 1.6590628971741672
130 134 1.2251346021809308
130 135 0.7337248797913937
130 138 0.6450122438012414
130 139 3.136267009318929
130 154 194.0042029576502
131 133 0.7289259746358815
131 137 1.2715306482632467
131 139 0.6671133802915785
131 147 0.6844881057886714
131 154 0.7036041020155174
131 155 1.1597944057050944
131 156 0.6420442151890554
131 159 1.1974008345059806
132 134 3.072021442816995
132 138 2.828834952505808
132 146 3.196404130044372
132 154 6.905384420317866
133 135 1.9358221089635268
133 138 0.08371239203703867
133 139 16.704586502721767
133 142 3.616201239543527
133 150 4.751164492659723
133 153 3.1165069907694942
133 154 56662288.92196065
133 161 3667105.9985944084
134 135 0.7026299282396031
134 137 1.4004618808093323
134 138 0.564860925501875
134 139 0.8325606983811981
134 140 1.5898030314432916
134 142 1.00879173560027
134 144 0.43894560609262956
134 145 0.18459554591932245
134 146 0.3356892655081958
134 147 0.6513970204198715
134 151 0.23523773771096856
134 154 2.88941951549742
134 157 1.0756856542633126
134 158 1.9369996638660296
134 160 0.9894917694956168
134 161 0.26517099369676633
135 142 0.05359189801266346
135 146 3.3657021503757174
135 150 0.6028026581516448
135 151 6.101791365808274
135 152 0.12775007069074698
135 154 3.6928876906883663
135 158 0.18736499887933306
136 137 2.8785182732849903
136 138 2.641874574195329
136 142 0.8651044111486665
136 146 6.147327337361961
136 149 1.7221844018061816
136 160 3.4600375379902997
137 138 3.4825194099492554
137 146 0.053302505491378625
137 147 1.7620366784428294
137 149 3.8509329686625597
137 152 1090710.5687071527
137 153 3.17220370604173
137 157 0.7517827581761398
137 158 35.01149635349091
137 159 1.771472740931966
137 160 2.099498168425548
137 161 322024.7256427622
138 140 0.6392325278901423
138 141 2.0628273029870963
138 145 1.3536354145192226
138 148 0.042179592620405604
138 151 7.399116853467347
138 152 0.10312323117163189
138 153 1.994992679943983
138 154 0.384447811189813
138 157 0.9972818956826124
138 158 0.6475305689069101
138 160 2.129799320963675
139 142 0.00765564769323409
139 146 3.4834426061083392
139 147 0.534125337147533
139 149 2.152171297709296
139 150 0.8905647471155198
139 151 0.8218791699883474
139 152 8.469300346360178
139 161 0.19122088451147973
140 141 0.1485031966372916
140 151 1.6359894678459619
140 153 1.558418360592103
141 142 1.4058812867369859
141 144 1.964564398893562
141 145 0.6397248377756777
141 154 2.1226543100844686
141 155 1.7249601149219262
141 159 0.01672746910219761
142 146 3.8725746409999346
142 150 2.12393510979612
142 153 3.4402266545445936
142 157 0.18071537377332966
142 158 1.9352410556960604
142 161 2.245798358339189
143 147 0.45074903345999767
143 150 0.589334548320217
143 155 0.29494384714962263
143 159 0.1222582914175609
144 159 1.1342803249884914
144 161 2.8291915329939434
145 146 1.1689731153721115
145 148 1.1359420618376994
145 154 3.192003964038224
145 157 0.29650323618369384
145 159 0.035444395282831546
145 160 0.04506924179330315
146 147 0.25009249732513017
146 152 9.78129228582475
146 159 1.4492410307752088
146 160 1.246370922795692
146 161 2.416523617886259
147 150 1.503174101857182
147 152 2.3326254721382593
147 153 1.1552708590880607
147 154 0.5591709801724113
147 157 0.430512400804801
147 158 1.566577487255792
148 149 0.9420548091471058
148 152 19.574908174750036
148 157 0.5788541194566894
148 158 1.1415767662233953
148 161 1.6154363661818185
149 152 3.6518448450055074
149 154 4.834423745223681
149 159 0.8111041443395424
149 161 0.4494867985652699
150 154 0.1250162888567185
150 155 1.2871278441319238
151 153 2.333204864733183
151 157 1.0137458134647714
152 154 203636.7284014802
152 156 1.0777282135850508
152 157 1.2432338347496963
153 154 0.19285925842136806
153 157 0.8045809598553227
154 157 3.730765847726479
154 158 0.9437567475025276
155 156 1.160263067172746
155 157 1.5913293887324949
155 158 4.087237164748364
157 158 1.0481824367028851
157 161 1.2833445225852418
158 161 19.60328877027377
159 160 1.3979019655966622
159 161 3.2071657536396803
160 161 4.1433144167935385
