0 4
0 7
0 8
0 14
0 15
0 16
0 23
0 26
0 27
0 32
0 36
0 38
0 49
0 50
0 53
0 58
0 62
0 63
0 64
0 66
0 70
0 71
0 74
0 75
0 79
0 85
0 89
0 92
0 104
0 106
0 109
0 111
0 114
0 117
0 119
0 129
0 134
0 135
0 137
0 138
0 147
0 150
0 153
0 158
0 160
1 3
1 4
1 9
1 10
1 16
1 17
1 24
1 26
1 31
1 32
1 44
1 46
1 47
1 49
1 51
1 57
1 58
1 61
1 62
1 63
1 65
1 66
1 69
1 72
1 75
1 76
1 77
1 79
1 84
1 85
1 97
1 99
1 102
1 108
1 109
1 110
1 112
1 116
1 119
1 124
1 128
1 130
1 131
1 133
1 135
1 137
1 138
1 146
1 147
1 154
1 156
1 157
1 158
2 4
2 35
2 36
2 40
2 58
2 59
2 63
2 67
2 74
2 80
2 100
2 109
2 111
2 114
2 127
2 138
2 141
2 151
2 152
2 153
2 157
2 158
2 159
3 5
3 7
3 10
3 11
3 14
3 24
3 30
3 33
3 34
3 36
3 41
3 53
3 57
3 62
3 67
3 68
3 70
3 71
3 72
3 73
3 75
3 85
3 98
3 101
3 105
3 106
3 107
3 109
3 110
3 112
3 113
3 116
3 117
3 125
3 128
3 135
3 142
3 143
3 145
3 148
3 151
3 160
4 6
4 7
4 9
4 10
4 16
4 17
4 21
4 22
4 26
4 27
4 30
4 33
4 37
4 40
4 43
4 44
4 45
4 49
4 50
4 51
4 53
4 55
4 56
4 58
4 62
4 64
4 65
4 67
4 68
4 70
4 71
4 72
4 77
4 80
4 84
4 85
4 86
4 89
4 90
4 91
4 92
4 94
4 95
4 97
4 106
4 107
4 110
4 113
4 114
4 115
4 116
4 117
4 121
4 122
4 123
4 126
4 128
4 129
4 131
4 133
4 134
4 138
4 142
4 145
4 146
4 149
4 151
4 153
4 155
4 156
5 26
5 38
5 53
5 65
5 71
5 73
5 75
5 93
5 99
5 100
5 103
5 106
5 109
5 110
5 111
5 112
5 114
5 116
5 126
5 131
5 137
5 143
5 154
6 9
6 13
6 14
6 16
6 19
6 21
6 24
6 25
6 26
6 27
6 28
6 31
6 32
6 33
6 39
6 41
6 43
6 44
6 45
6 47
6 49
6 50
6 52
6 54
6 56
6 57
6 58
6 59
6 61
6 63
6 64
6 65
6 66
6 67
6 68
6 70
6 72
6 75
6 76
6 79
6 82
6 83
6 85
6 89
6 90
6 94
6 95
6 96
6 100
6 101
6 106
6 108
6 111
6 112
6 113
6 115
6 117
6 118
6 119
6 122
6 124
6 125
6 126
6 129
6 130
6 131
6 132
6 135
6 136
6 139
6 140
6 141
6 142
6 143
6 147
6 151
6 152
6 154
6 156
6 158
7 8
7 9
7 11
7 13
7 14
7 19
7 22
7 24
7 25
7 26
7 29
7 30
7 31
7 32
7 35
7 40
7 43
7 44
7 45
7 49
7 51
7 54
7 55
7 56
7 57
7 58
7 59
7 60
7 62
7 63
7 64
7 65
7 67
7 69
7 70
7 71
7 72
7 73
7 75
7 79
7 80
7 81
7 84
7 87
7 90
7 91
7 92
7 93
7 94
7 95
7 97
7 98
7 99
7 101
7 102
7 103
7 105
7 107
7 111
7 113
7 116
7 117
7 118
7 119
7 129
7 130
7 133
7 134
7 136
7 137
7 138
7 139
7 140
7 143
7 146
7 147
7 148
7 149
7 150
7 152
7 154
7 156
7 158
7 159
7 160
7 161
8 10
8 11
8 13
8 14
8 23
8 25
8 31
8 32
8 33
8 34
8 38
8 40
8 52
8 54
8 58
8 66
8 67
8 69
8 70
8 71
8 73
8 84
8 86
8 87
8 90
8 101
8 102
8 105
8 111
8 125
8 134
8 135
8 136
8 137
8 146
8 147
8 149
8 153
8 155
8 159
8 161
9 14
9 15
9 16
9 19
9 21
9 22
9 27
9 30
9 33
9 35
9 37
9 38
9 41
9 42
9 43
9 44
9 48
9 49
9 51
9 54
9 56
9 57
9 58
9 64
9 65
9 66
9 68
9 71
9 73
9 78
9 80
9 90
9 92
9 93
9 96
9 97
9 99
9 100
9 101
9 107
9 108
9 109
9 111
9 113
9 116
9 122
9 125
9 127
9 129
9 131
9 136
9 137
9 139
9 141
9 143
9 146
9 151
9 158
9 161
10 13
10 14
10 15
10 19
10 21
10 24
10 28
10 29
10 30
10 31
10 34
10 37
10 39
10 40
10 44
10 46
10 53
10 54
10 58
10 61
10 65
10 67
10 70
10 71
10 80
10 81
10 86
10 89
10 94
10 95
10 109
10 111
10 115
10 116
10 117
10 121
10 125
10 129
10 131
10 137
10 139
10 142
10 147
10 152
10 153
10 159
10 161
11 14
11 15
11 17
11 20
11 23
11 24
11 25
11 26
11 30
11 31
11 34
11 35
11 36
11 38
11 39
11 43
11 44
11 46
11 48
11 49
11 50
11 51
11 52
11 57
11 62
11 63
11 65
11 67
11 68
11 69
11 72
11 73
11 74
11 77
11 79
11 81
11 84
11 85
11 87
11 89
11 91
11 97
11 100
11 106
11 108
11 112
11 114
11 115
11 118
11 125
11 133
11 134
11 135
11 136
11 142
11 151
11 154
11 159
11 160
11 161
12 16
12 18
12 19
12 20
12 21
12 24
12 25
12 26
12 28
12 32
12 34
12 37
12 40
12 49
12 51
12 54
12 55
12 56
12 58
12 64
12 65
12 67
12 69
12 73
12 77
12 79
12 82
12 83
12 86
12 89
12 94
12 97
12 105
12 106
12 114
12 117
12 119
12 131
12 134
12 137
12 139
12 147
12 148
12 149
12 150
12 151
12 156
12 157
12 158
12 159
13 14
13 19
13 23
13 31
13 32
13 34
13 35
13 37
13 38
13 44
13 45
13 49
13 59
13 69
13 74
13 81
13 84
13 87
13 89
13 93
13 94
13 97
13 102
13 106
13 108
13 117
13 121
13 131
13 134
13 137
13 139
13 142
13 146
13 147
13 154
13 158
13 160
14 19
14 21
14 22
14 24
14 25
14 27
14 29
14 30
14 31
14 32
14 34
14 35
14 36
14 37
14 38
14 40
14 41
14 42
14 43
14 45
14 46
14 48
14 49
14 51
14 54
14 55
14 58
14 59
14 61
14 63
14 64
14 66
14 68
14 69
14 71
14 72
14 74
14 79
14 81
14 83
14 84
14 85
14 87
14 89
14 91
14 93
14 94
14 96
14 98
14 99
14 100
14 102
14 104
14 106
14 108
14 109
14 110
14 111
14 113
14 115
14 117
14 118
14 120
14 125
14 126
14 127
14 128
14 130
14 133
14 134
14 137
14 139
14 141
14 142
14 143
14 145
14 146
14 148
14 150
14 152
14 155
14 157
14 158
14 159
14 161
15 21
15 25
15 26
15 28
15 31
15 39
15 40
15 44
15 47
15 49
15 50
15 51
15 54
15 57
15 58
15 64
15 65
15 66
15 71
15 72
15 73
15 75
15 77
15 78
15 79
15 81
15 82
15 83
15 84
15 85
15 91
15 94
15 102
15 106
15 109
15 113
15 114
15 125
15 128
15 129
15 137
15 146
15 147
15 157
16 19
16 20
16 22
16 24
16 28
16 29
16 32
16 43
16 44
16 54
16 56
16 61
16 65
16 70
16 91
16 95
16 97
16 99
16 101
16 106
16 108
16 111
16 113
16 117
16 118
16 126
16 128
16 132
16 142
16 145
16 153
16 155
16 157
16 161
17 19
17 26
17 32
17 35
17 38
17 49
17 52
17 63
17 64
17 69
17 70
17 72
17 74
17 87
17 92
17 100
17 103
17 111
17 115
17 125
17 131
17 136
17 138
17 147
17 152
17 158
18 19
18 22
18 26
18 31
18 38
18 43
18 44
18 50
18 51
18 54
18 58
18 63
18 66
18 67
18 68
18 71
18 73
18 74
18 75
18 89
18 94
18 102
18 103
18 105
18 108
18 109
18 111
18 112
18 113
18 114
18 116
18 127
18 129
18 130
18 131
18 133
18 138
18 139
18 140
18 145
18 146
18 148
18 150
18 152
18 154
18 157
18 158
18 161
19 21
19 22
19 25
19 26
19 27
19 28
19 30
19 31
19 33
19 34
19 35
19 36
19 37
19 38
19 39
19 40
19 45
19 47
19 48
19 49
19 50
19 51
19 52
19 55
19 56
19 58
19 59
19 60
19 63
19 64
19 67
19 68
19 70
19 71
19 72
19 74
19 77
19 79
19 82
19 84
19 89
19 90
19 91
19 93
19 95
19 97
19 100
19 101
19 102
19 105
19 106
19 107
19 108
19 109
19 111
19 112
19 113
19 117
19 120
19 121
19 123
19 128
19 129
19 130
19 131
19 132
19 133
19 134
19 135
19 137
19 138
19 142
19 143
19 146
19 149
19 150
19 151
19 153
19 154
19 155
19 158
19 159
19 160
20 24
20 26
20 29
20 40
20 45
20 46
20 64
20 65
20 70
20 71
20 72
20 80
20 89
20 99
20 105
20 112
20 113
20 114
20 129
20 134
20 141
20 145
20 149
20 151
21 25
21 28
21 29
21 30
21 31
21 32
21 34
21 35
21 36
21 37
21 38
21 39
21 40
21 42
21 45
21 46
21 48
21 51
21 53
21 54
21 56
21 58
21 59
21 61
21 63
21 66
21 67
21 68
21 72
21 74
21 75
21 76
21 79
21 81
21 84
21 87
21 88
21 89
21 91
21 92
21 94
21 97
21 101
21 102
21 105
21 107
21 108
21 109
21 110
21 111
21 112
21 115
21 118
21 122
21 126
21 128
21 129
21 131
21 133
21 134
21 136
21 137
21 145
21 147
21 151
21 154
21 157
21 159
22 24
22 26
22 40
22 49
22 51
22 52
22 54
22 57
22 63
22 64
22 66
22 69
22 71
22 73
22 77
22 79
22 87
22 89
22 94
22 99
22 100
22 101
22 102
22 105
22 108
22 110
22 115
22 137
22 147
22 151
22 155
22 160
23 26
23 35
23 37
23 38
23 40
23 42
23 43
23 46
23 51
23 61
23 63
23 65
23 69
23 72
23 76
23 77
23 79
23 89
23 93
23 96
23 101
23 113
23 114
23 115
23 116
23 118
23 128
23 142
23 151
23 152
23 154
23 158
23 160
24 26
24 29
24 31
24 34
24 38
24 39
24 40
24 45
24 49
24 50
24 51
24 52
24 53
24 54
24 57
24 63
24 64
24 65
24 67
24 68
24 71
24 74
24 76
24 77
24 81
24 82
24 84
24 86
24 88
24 89
24 94
24 102
24 104
24 105
24 109
24 112
24 115
24 125
24 130
24 131
24 134
24 136
24 138
24 139
24 141
24 142
24 145
24 152
24 153
24 158
25 26
25 29
25 31
25 32
25 33
25 34
25 38
25 40
25 44
25 45
25 46
25 49
25 51
25 53
25 58
25 59
25 64
25 67
25 69
25 70
25 72
25 73
25 75
25 77
25 79
25 84
25 88
25 89
25 90
25 94
25 97
25 101
25 102
25 105
25 106
25 107
25 108
25 111
25 112
25 115
25 124
25 134
25 138
25 141
25 142
25 147
25 150
25 151
25 153
25 154
25 157
25 158
26 28
26 30
26 32
26 33
26 34
26 35
26 36
26 37
26 38
26 41
26 49
26 51
26 52
26 55
26 56
26 58
26 59
26 61
26 62
26 65
26 66
26 68
26 69
26 70
26 71
26 72
26 73
26 75
26 76
26 78
26 79
26 80
26 83
26 84
26 85
26 87
26 88
26 89
26 92
26 94
26 95
26 97
26 99
26 101
26 103
26 104
26 108
26 109
26 112
26 113
26 115
26 117
26 118
26 120
26 125
26 126
26 129
26 130
26 133
26 134
26 139
26 140
26 141
26 142
26 145
26 147
26 148
26 149
26 150
26 151
26 155
26 157
26 158
26 159
26 160
27 34
27 64
27 68
27 69
27 73
27 82
27 96
27 99
27 109
27 113
27 114
27 115
27 128
27 133
27 147
27 149
27 160
28 30
28 37
28 39
28 40
28 44
28 46
28 48
28 50
28 51
28 54
28 57
28 59
28 61
28 65
28 68
28 69
28 74
28 75
28 87
28 88
28 89
28 101
28 108
28 116
28 117
28 125
28 129
28 135
28 142
28 147
28 151
28 152
28 154
28 156
28 161
29 35
29 42
29 44
29 51
29 52
29 54
29 56
29 57
29 62
29 65
29 67
29 70
29 71
29 77
29 79
29 87
29 88
29 92
29 93
29 102
29 106
29 107
29 108
29 112
29 113
29 117
29 118
29 136
29 146
29 149
29 150
29 152
29 153
29 154
30 31
30 32
30 34
30 35
30 38
30 42
30 44
30 49
30 51
30 54
30 56
30 58
30 60
30 63
30 64
30 65
30 66
30 67
30 68
30 70
30 71
30 72
30 73
30 74
30 75
30 77
30 80
30 82
30 85
30 89
30 91
30 96
30 97
30 101
30 102
30 105
30 106
30 109
30 111
30 112
30 113
30 116
30 118
30 121
30 122
30 123
30 128
30 129
30 130
30 131
30 133
30 135
30 137
30 138
30 139
30 140
30 146
30 147
30 150
30 152
30 155
30 157
30 159
30 161
31 32
31 35
31 37
31 38
31 40
31 43
31 46
31 49
31 55
31 59
31 65
31 66
31 67
31 68
31 69
31 70
31 71
31 72
31 73
31 74
31 79
31 80
31 82
31 83
31 85
31 88
31 89
31 94
31 95
31 98
31 101
31 103
31 107
31 108
31 109
31 112
31 114
31 115
31 117
31 118
31 122
31 125
31 127
31 128
31 129
31 131
31 132
31 133
31 134
31 135
31 136
31 137
31 138
31 139
31 141
31 142
31 143
31 145
31 146
31 147
31 149
31 150
31 152
31 154
32 33
32 35
32 37
32 38
32 39
32 40
32 41
32 43
32 49
32 52
32 53
32 59
32 61
32 63
32 65
32 67
32 69
32 70
32 73
32 79
32 80
32 85
32 88
32 89
32 90
32 92
32 93
32 94
32 95
32 97
32 98
32 99
32 102
32 103
32 106
32 108
32 110
32 111
32 115
32 116
32 117
32 124
32 131
32 133
32 134
32 135
32 136
32 137
32 138
32 139
32 141
32 142
32 146
32 149
32 150
32 153
32 158
32 161
33 36
33 39
33 40
33 54
33 58
33 64
33 67
33 70
33 71
33 73
33 74
33 75
33 85
33 89
33 101
33 109
33 125
33 133
33 134
33 141
33 144
33 154
34 35
34 39
34 40
34 42
34 45
34 49
34 51
34 54
34 57
34 61
34 63
34 64
34 65
34 66
34 67
34 68
34 70
34 71
34 72
34 73
34 75
34 76
34 80
34 82
34 86
34 89
34 94
34 97
34 102
34 111
34 113
34 114
34 118
34 129
34 133
34 134
34 137
34 140
34 142
34 143
34 151
34 153
34 160
35 36
35 38
35 40
35 42
35 43
35 45
35 46
35 50
35 51
35 52
35 53
35 54
35 58
35 60
35 61
35 62
35 63
35 64
35 66
35 68
35 69
35 70
35 72
35 74
35 75
35 77
35 79
35 81
35 82
35 84
35 86
35 87
35 88
35 89
35 90
35 92
35 94
35 95
35 96
35 97
35 98
35 100
35 101
35 105
35 108
35 110
35 111
35 112
35 113
35 115
35 116
35 117
35 125
35 131
35 136
35 137
35 138
35 139
35 149
35 151
35 157
35 158
35 161
36 37
36 39
36 42
36 49
36 53
36 54
36 58
36 65
36 66
36 67
36 68
36 73
36 74
36 75
36 79
36 85
36 87
36 88
36 89
36 90
36 92
36 93
36 100
36 101
36 102
36 104
36 106
36 108
36 109
36 110
36 111
36 112
36 113
36 120
36 124
36 125
36 126
36 130
36 131
36 136
36 137
36 138
36 139
36 142
36 147
36 153
36 158
36 160
37 39
37 40
37 50
37 51
37 52
37 55
37 57
37 70
37 72
37 77
37 84
37 90
37 94
37 100
37 101
37 105
37 107
37 117
37 125
37 127
37 130
37 133
37 134
37 142
37 145
37 147
37 154
37 157
37 158
38 40
38 41
38 42
38 43
38 44
38 46
38 50
38 51
38 52
38 53
38 54
38 57
38 58
38 59
38 63
38 65
38 66
38 68
38 71
38 73
38 76
38 77
38 79
38 80
38 82
38 84
38 86
38 89
38 93
38 97
38 99
38 102
38 105
38 106
38 114
38 115
38 125
38 131
38 133
38 134
38 135
38 142
38 143
38 145
38 147
38 150
38 151
38 154
38 158
39 43
39 44
39 45
39 49
39 51
39 52
39 54
39 56
39 65
39 66
39 67
39 71
39 72
39 73
39 75
39 81
39 84
39 91
39 96
39 97
39 108
39 109
39 111
39 114
39 115
39 117
39 118
39 119
39 121
39 124
39 125
39 126
39 130
39 131
39 134
39 137
39 138
39 139
39 142
39 143
39 147
39 153
39 154
39 158
40 41
40 43
40 45
40 46
40 47
40 48
40 49
40 50
40 51
40 53
40 55
40 56
40 59
40 60
40 61
40 63
40 64
40 68
40 69
40 70
40 71
40 72
40 75
40 77
40 78
40 79
40 80
40 83
40 84
40 87
40 89
40 92
40 93
40 94
40 97
40 102
40 103
40 104
40 106
40 107
40 108
40 109
40 110
40 111
40 112
40 113
40 115
40 116
40 117
40 118
40 121
40 122
40 125
40 127
40 129
40 131
40 132
40 133
40 134
40 136
40 138
40 139
40 141
40 142
40 143
40 145
40 148
40 149
40 151
40 152
40 153
40 157
40 158
41 43
41 51
41 63
41 64
41 68
41 75
41 77
41 78
41 95
41 97
41 107
41 118
41 131
41 139
41 142
41 160
41 161
42 51
42 54
42 66
42 67
42 70
42 74
42 77
42 79
42 87
42 92
42 94
42 95
42 100
42 101
42 103
42 105
42 107
42 115
42 116
42 118
42 122
42 125
42 129
42 137
42 138
42 141
42 142
42 143
42 145
42 152
43 45
43 46
43 50
43 51
43 53
43 54
43 57
43 61
43 63
43 66
43 67
43 69
43 70
43 71
43 72
43 79
43 81
43 83
43 86
43 94
43 97
43 98
43 103
43 105
43 106
43 107
43 108
43 109
43 111
43 112
43 113
43 114
43 117
43 118
43 123
43 124
43 125
43 129
43 132
43 133
43 134
43 136
43 137
43 139
43 145
43 147
43 149
43 150
43 151
43 152
43 157
43 159
43 160
43 161
44 45
44 50
44 54
44 56
44 57
44 58
44 61
44 63
44 64
44 65
44 66
44 68
44 70
44 74
44 77
44 79
44 84
44 87
44 89
44 91
44 98
44 101
44 102
44 103
44 105
44 109
44 113
44 114
44 115
44 118
44 123
44 125
44 126
44 130
44 131
44 136
44 137
44 138
44 139
44 140
44 141
44 146
44 150
44 151
44 153
44 154
44 155
44 157
45 48
45 49
45 50
45 55
45 57
45 58
45 59
45 63
45 64
45 65
45 66
45 67
45 68
45 73
45 74
45 75
45 77
45 79
45 80
45 84
45 85
45 88
45 92
45 93
45 95
45 100
45 101
45 102
45 103
45 106
45 107
45 108
45 109
45 110
45 111
45 113
45 118
45 124
45 126
45 128
45 130
45 132
45 134
45 136
45 137
45 138
45 139
45 142
45 145
45 146
45 147
45 148
45 152
45 153
45 154
45 157
45 160
46 49
46 54
46 61
46 62
46 63
46 67
46 68
46 73
46 74
46 82
46 84
46 87
46 88
46 91
46 93
46 94
46 101
46 103
46 106
46 108
46 109
46 112
46 114
46 117
46 118
46 125
46 126
46 133
46 137
46 139
46 142
46 147
46 149
46 150
46 151
46 153
46 154
46 156
46 158
47 63
47 68
47 70
47 71
47 74
47 81
47 82
47 92
47 100
47 112
47 113
47 133
47 136
47 152
47 155
48 54
48 57
48 64
48 67
48 68
48 70
48 74
48 84
48 86
48 97
48 105
48 106
48 108
48 112
48 113
48 115
48 125
48 131
48 132
48 134
48 135
48 137
48 139
48 142
48 152
48 160
49 51
49 54
49 55
49 56
49 61
49 62
49 63
49 64
49 65
49 66
49 67
49 68
49 69
49 71
49 74
49 75
49 77
49 79
49 80
49 82
49 85
49 86
49 87
49 88
49 89
49 90
49 92
49 96
49 98
49 100
49 106
49 108
49 109
49 110
49 111
49 112
49 113
49 114
49 117
49 118
49 122
49 123
49 125
49 126
49 128
49 129
49 133
49 135
49 136
49 137
49 138
49 140
49 141
49 142
49 143
49 148
49 149
49 152
49 154
49 157
49 158
49 160
49 161
50 51
50 54
50 58
50 62
50 64
50 65
50 68
50 70
50 71
50 72
50 76
50 79
50 80
50 81
50 84
50 85
50 86
50 94
50 98
50 99
50 101
50 102
50 103
50 105
50 108
50 109
50 115
50 120
50 126
50 129
50 130
50 132
50 134
50 137
50 138
50 142
50 143
50 147
50 151
50 154
50 160
50 161
51 54
51 55
51 56
51 58
51 59
51 63
51 65
51 66
51 67
51 68
51 69
51 70
51 71
51 72
51 79
51 80
51 84
51 87
51 88
51 89
51 92
51 97
51 100
51 102
51 103
51 107
51 109
51 110
51 115
51 117
51 118
51 121
51 123
51 124
51 125
51 126
51 129
51 131
51 132
51 134
51 137
51 138
51 140
51 141
51 142
51 143
51 145
51 147
51 149
51 151
51 152
51 153
51 154
51 158
51 159
51 160
52 55
52 56
52 61
52 65
52 66
52 70
52 71
52 73
52 74
52 76
52 79
52 80
52 82
52 83
52 84
52 86
52 96
52 97
52 101
52 111
52 114
52 115
52 131
52 133
52 138
52 146
52 153
52 155
52 158
53 56
53 58
53 63
53 64
53 65
53 66
53 67
53 68
53 69
53 70
53 71
53 74
53 102
53 105
53 106
53 107
53 109
53 112
53 115
53 118
53 120
53 128
53 129
53 131
53 133
53 134
53 135
53 139
53 146
53 154
54 55
54 57
54 58
54 60
54 63
54 64
54 65
54 67
54 68
54 70
54 72
54 74
54 76
54 80
54 81
54 82
54 84
54 85
54 88
54 89
54 91
54 94
54 97
54 98
54 99
54 100
54 106
54 107
54 108
54 109
54 110
54 111
54 112
54 118
54 125
54 128
54 129
54 131
54 134
54 136
54 138
54 141
54 142
54 143
54 146
54 147
54 148
54 149
54 150
54 151
54 152
54 153
54 154
54 156
54 157
54 160
55 61
55 63
55 64
55 65
55 67
55 69
55 70
55 72
55 74
55 75
55 79
55 86
55 89
55 93
55 95
55 96
55 98
55 101
55 102
55 103
55 106
55 107
55 110
55 113
55 115
55 117
55 118
55 121
55 124
55 131
55 133
55 137
55 138
55 139
55 142
55 145
55 146
55 151
55 153
55 157
55 158
56 57
56 59
56 60
56 61
56 64
56 67
56 70
56 72
56 76
56 78
56 79
56 84
56 85
56 88
56 90
56 91
56 92
56 93
56 94
56 98
56 99
56 101
56 102
56 105
56 107
56 109
56 110
56 111
56 112
56 113
56 115
56 117
56 118
56 122
56 127
56 129
56 133
56 137
56 138
56 139
56 141
56 142
56 143
56 146
56 147
56 148
56 152
56 154
56 157
56 158
56 161
57 60
57 64
57 65
57 66
57 68
57 69
57 70
57 83
57 84
57 98
57 100
57 103
57 106
57 113
57 114
57 115
57 117
57 118
57 120
57 124
57 129
57 130
57 133
57 134
57 137
57 141
57 142
57 147
57 149
57 151
57 161
58 63
58 64
58 65
58 66
58 68
58 69
58 70
58 72
58 75
58 76
58 78
58 79
58 80
58 85
58 86
58 91
58 92
58 94
58 97
58 101
58 102
58 103
58 104
58 105
58 106
58 109
58 114
58 115
58 117
58 118
58 122
58 123
58 129
58 131
58 132
58 133
58 134
58 135
58 136
58 137
58 139
58 141
58 142
58 144
58 145
58 146
58 148
58 149
58 150
58 151
58 152
58 154
58 157
58 158
59 63
59 64
59 69
59 70
59 71
59 73
59 75
59 79
59 84
59 91
59 94
59 96
59 97
59 99
59 100
59 101
59 112
59 115
59 118
59 128
59 129
59 131
59 133
59 134
59 141
59 142
59 146
59 147
59 154
59 155
59 156
59 158
59 160
60 75
60 79
60 84
60 102
60 108
60 111
60 113
60 114
60 116
60 118
60 142
60 146
60 154
60 160
61 65
61 69
61 70
61 72
61 79
61 82
61 85
61 89
61 97
61 98
61 99
61 100
61 102
61 105
61 107
61 108
61 112
61 114
61 117
61 121
61 122
61 123
61 128
61 133
61 134
61 142
61 145
61 149
61 150
61 155
61 161
62 67
62 71
62 72
62 73
62 74
62 77
62 82
62 83
62 86
62 87
62 101
62 109
62 111
62 118
62 130
62 133
62 137
62 138
62 139
62 141
62 152
62 154
62 155
62 157
63 65
63 66
63 68
63 70
63 71
63 73
63 74
63 75
63 79
63 86
63 87
63 89
63 93
63 96
63 97
63 99
63 101
63 106
63 107
63 108
63 109
63 110
63 112
63 113
63 115
63 118
63 120
63 124
63 126
63 128
63 129
63 130
63 132
63 135
63 137
63 139
63 142
63 143
63 147
63 151
63 152
63 155
63 157
63 158
64 65
64 66
64 67
64 70
64 71
64 72
64 73
64 74
64 75
64 77
64 79
64 84
64 87
64 89
64 92
64 93
64 94
64 97
64 98
64 100
64 101
64 102
64 103
64 105
64 108
64 109
64 111
64 112
64 113
64 114
64 115
64 116
64 117
64 118
64 120
64 121
64 123
64 125
64 126
64 127
64 128
64 130
64 131
64 132
64 133
64 134
64 138
64 142
64 145
64 147
64 150
64 152
64 153
64 154
64 156
64 157
64 161
65 66
65 67
65 69
65 70
65 71
65 74
65 84
65 87
65 89
65 92
65 94
65 97
65 100
65 102
65 104
65 106
65 108
65 109
65 111
65 112
65 113
65 114
65 115
65 117
65 118
65 119
65 121
65 123
65 124
65 125
65 127
65 128
65 130
65 131
65 134
65 136
65 137
65 138
65 139
65 142
65 144
65 145
65 146
65 147
65 148
65 150
65 151
65 153
65 154
65 157
65 160
65 161
66 67
66 69
66 70
66 71
66 73
66 77
66 79
66 84
66 88
66 89
66 91
66 94
66 98
66 99
66 100
66 101
66 102
66 103
66 104
66 105
66 108
66 109
66 113
66 114
66 116
66 117
66 118
66 122
66 125
66 128
66 133
66 137
66 142
66 145
66 147
66 149
66 152
66 155
66 157
66 159
67 69
67 70
67 71
67 73
67 74
67 75
67 77
67 85
67 89
67 93
67 94
67 98
67 99
67 100
67 101
67 107
67 108
67 109
67 110
67 112
67 113
67 114
67 117
67 118
67 124
67 125
67 126
67 128
67 129
67 131
67 133
67 134
67 135
67 137
67 138
67 139
67 140
67 141
67 143
67 146
67 150
67 151
67 152
67 154
67 155
68 69
68 71
68 73
68 74
68 77
68 79
68 80
68 82
68 84
68 86
68 91
68 92
68 94
68 95
68 96
68 101
68 102
68 103
68 106
68 108
68 111
68 112
68 113
68 114
68 115
68 117
68 118
68 122
68 123
68 126
68 128
68 129
68 131
68 132
68 133
68 135
68 137
68 138
68 139
68 142
68 145
68 146
68 148
68 149
68 150
68 151
68 154
68 160
68 161
69 70
69 72
69 74
69 75
69 78
69 79
69 80
69 81
69 83
69 84
69 86
69 87
69 89
69 90
69 91
69 96
69 98
69 100
69 102
69 104
69 106
69 108
69 109
69 111
69 114
69 115
69 116
69 117
69 121
69 127
69 129
69 133
69 136
69 138
69 142
69 143
69 147
69 150
69 151
69 154
69 156
69 157
69 158
69 160
69 161
70 71
70 72
70 73
70 74
70 77
70 79
70 83
70 87
70 89
70 91
70 97
70 102
70 105
70 106
70 107
70 108
70 109
70 113
70 115
70 117
70 125
70 127
70 129
70 132
70 133
70 134
70 135
70 137
70 138
70 139
70 140
70 141
70 142
70 143
70 145
70 149
70 153
70 154
70 157
70 158
70 159
70 161
71 73
71 74
71 76
71 80
71 89
71 92
71 95
71 96
71 97
71 100
71 101
71 103
71 104
71 107
71 108
71 109
71 112
71 113
71 114
71 115
71 118
71 124
71 125
71 128
71 129
71 130
71 131
71 134
71 137
71 140
71 141
71 142
71 145
71 152
71 154
71 155
71 161
72 74
72 75
72 76
72 77
72 79
72 80
72 81
72 82
72 84
72 86
72 91
72 96
72 98
72 99
72 101
72 102
72 103
72 105
72 106
72 107
72 109
72 111
72 114
72 115
72 116
72 125
72 126
72 128
72 129
72 130
72 131
72 132
72 133
72 135
72 138
72 139
72 141
72 142
72 143
72 145
72 146
72 147
72 151
72 152
72 153
72 157
72 161
73 74
73 76
73 78
73 79
73 81
73 84
73 85
73 88
73 93
73 94
73 96
73 101
73 102
73 105
73 106
73 108
73 111
73 113
73 114
73 116
73 118
73 121
73 125
73 126
73 127
73 129
73 131
73 133
73 134
73 135
73 136
73 138
73 142
73 143
73 145
73 147
73 149
73 150
73 151
73 152
73 153
73 154
73 155
73 158
74 75
74 76
74 77
74 80
74 81
74 82
74 84
74 87
74 88
74 89
74 90
74 92
74 94
74 97
74 99
74 102
74 105
74 108
74 109
74 112
74 114
74 115
74 116
74 118
74 122
74 123
74 125
74 128
74 129
74 130
74 131
74 133
74 138
74 139
74 141
74 142
74 143
74 147
74 154
74 155
74 158
74 161
75 77
75 80
75 87
75 92
75 94
75 101
75 102
75 105
75 106
75 108
75 109
75 110
75 112
75 118
75 129
75 132
75 133
75 134
75 136
75 137
75 140
75 142
75 144
75 145
75 146
75 150
75 157
76 86
76 87
76 89
76 93
76 95
76 100
76 101
76 105
76 109
76 111
76 126
76 128
76 129
76 139
76 141
76 142
76 150
76 157
76 158
76 160
77 79
77 82
77 83
77 86
77 88
77 91
77 99
77 100
77 104
77 105
77 106
77 107
77 109
77 115
77 121
77 123
77 126
77 129
77 131
77 132
77 133
77 134
77 138
77 139
77 145
77 148
77 151
77 153
77 159
77 161
78 88
78 102
78 111
78 124
78 125
78 130
78 138
79 81
79 83
79 85
79 86
79 91
79 94
79 97
79 102
79 105
79 109
79 114
79 115
79 117
79 120
79 125
79 126
79 127
79 129
79 130
79 132
79 134
79 136
79 137
79 138
79 139
79 141
79 142
79 143
79 144
79 145
79 146
79 147
79 148
79 150
79 152
79 154
79 157
79 160
79 161
80 84
80 87
80 89
80 90
80 101
80 105
80 109
80 112
80 114
80 115
80 117
80 118
80 135
80 138
80 139
80 142
80 146
80 147
80 156
80 157
80 159
80 160
80 161
81 89
81 91
81 98
81 105
81 106
81 117
81 129
81 130
81 133
81 137
81 138
81 139
81 146
81 149
81 153
81 156
81 157
81 160
82 83
82 89
82 98
82 101
82 102
82 106
82 110
82 111
82 118
82 122
82 127
82 129
82 138
82 141
82 153
82 158
82 161
83 84
83 86
83 89
83 101
83 102
83 105
83 107
83 110
83 126
83 129
83 135
83 137
83 142
83 145
83 149
83 150
83 157
84 90
84 91
84 92
84 94
84 95
84 97
84 98
84 100
84 103
84 106
84 111
84 112
84 113
84 116
84 118
84 120
84 126
84 127
84 128
84 130
84 131
84 133
84 134
84 139
84 141
84 143
84 144
84 146
84 147
84 148
84 151
84 152
84 154
84 157
85 87
85 90
85 93
85 94
85 98
85 100
85 103
85 107
85 108
85 109
85 111
85 117
85 118
85 119
85 129
85 137
85 138
85 141
85 152
85 154
85 156
85 159
86 87
86 90
86 92
86 95
86 97
86 109
86 117
86 122
86 129
86 136
86 137
86 138
86 147
86 151
86 154
86 158
86 159
86 161
87 89
87 91
87 92
87 94
87 99
87 101
87 104
87 105
87 106
87 109
87 112
87 113
87 114
87 116
87 117
87 126
87 129
87 130
87 133
87 134
87 137
87 143
87 145
87 146
87 147
87 148
87 149
87 151
87 152
87 154
87 156
87 157
87 161
88 89
88 91
88 93
88 94
88 96
88 102
88 106
88 112
88 114
88 116
88 125
88 126
88 130
88 133
88 134
88 136
88 139
88 141
88 142
88 148
88 149
88 154
89 92
89 93
89 94
89 96
89 97
89 99
89 100
89 101
89 102
89 104
89 105
89 106
89 108
89 110
89 111
89 112
89 113
89 114
89 115
89 117
89 118
89 119
89 122
89 129
89 132
89 133
89 135
89 136
89 137
89 138
89 142
89 143
89 144
89 145
89 147
89 150
89 151
89 152
89 154
89 155
89 156
89 157
89 158
89 160
89 161
90 91
90 94
90 101
90 104
90 106
90 107
90 115
90 119
90 125
90 131
90 133
90 135
90 136
90 138
90 139
90 151
90 154
90 157
91 92
91 93
91 94
91 97
91 101
91 106
91 109
91 112
91 113
91 114
91 115
91 134
91 137
91 142
91 146
91 149
91 160
92 94
92 100
92 105
92 109
92 113
92 114
92 116
92 125
92 126
92 129
92 130
92 132
92 134
92 141
92 144
92 154
92 155
92 156
92 160
92 161
93 94
93 99
93 107
93 108
93 109
93 111
93 113
93 114
93 115
93 116
93 117
93 118
93 121
93 126
93 129
93 130
93 131
93 133
93 134
93 136
93 137
93 139
93 142
93 143
93 146
93 149
93 151
93 153
93 160
94 97
94 98
94 99
94 100
94 102
94 106
94 107
94 108
94 110
94 111
94 112
94 113
94 114
94 115
94 117
94 121
94 122
94 125
94 128
94 129
94 131
94 132
94 133
94 136
94 137
94 138
94 139
94 140
94 141
94 142
94 143
94 144
94 145
94 146
94 147
94 149
94 154
94 158
94 159
94 160
95 99
95 101
95 102
95 104
95 105
95 106
95 117
95 118
95 124
95 126
95 131
95 134
95 146
95 147
95 158
96 106
96 109
96 118
96 128
96 131
96 137
96 146
96 153
96 154
96 156
96 157
96 160
96 161
97 98
97 99
97 100
97 104
97 105
97 106
97 108
97 112
97 114
97 115
97 116
97 117
97 119
97 122
97 125
97 129
97 130
97 131
97 133
97 134
97 136
97 138
97 140
97 147
97 151
97 153
97 154
97 155
97 158
97 159
98 99
98 102
98 109
98 115
98 118
98 125
98 134
98 137
98 138
98 139
98 145
98 146
98 149
98 151
98 158
98 159
99 102
99 103
99 106
99 113
99 114
99 115
99 116
99 128
99 130
99 131
99 134
99 137
99 138
99 139
99 140
99 146
99 147
99 150
99 152
99 153
99 154
99 158
99 159
99 160
100 101
100 105
100 109
100 114
100 115
100 117
100 118
100 124
100 125
100 129
100 136
100 141
100 142
100 147
100 151
100 153
100 154
100 160
100 161
101 105
101 106
101 107
101 108
101 111
101 112
101 113
101 114
101 115
101 116
101 117
101 121
101 125
101 129
101 130
101 132
101 133
101 134
101 135
101 136
101 138
101 139
101 141
101 142
101 145
101 146
101 147
101 151
101 155
101 156
101 160
102 104
102 106
102 107
102 108
102 109
102 112
102 113
102 114
102 115
102 116
102 117
102 118
102 123
102 125
102 126
102 127
102 129
102 130
102 131
102 132
102 133
102 137
102 139
102 142
102 146
102 147
102 148
102 150
102 152
102 154
102 157
102 159
102 160
102 161
103 105
103 106
103 107
103 112
103 113
103 114
103 116
103 117
103 118
103 122
103 128
103 129
103 131
103 133
103 135
103 136
103 145
103 147
103 152
103 154
103 160
103 161
104 105
104 116
104 117
104 126
104 128
104 129
104 133
104 138
104 142
104 143
104 147
104 149
104 151
104 152
104 160
105 106
105 109
105 112
105 115
105 116
105 117
105 118
105 125
105 129
105 133
105 136
105 137
105 138
105 145
105 150
105 151
105 153
105 154
105 157
105 158
105 159
106 108
106 109
106 115
106 117
106 118
106 120
106 121
106 125
106 128
106 129
106 130
106 136
106 137
106 139
106 142
106 145
106 147
106 151
106 153
106 154
106 156
106 157
106 158
106 159
106 161
107 109
107 112
107 117
107 125
107 128
107 129
107 131
107 132
107 133
107 134
107 137
107 142
107 145
107 146
107 157
107 158
108 109
108 112
108 114
108 115
108 118
108 119
108 120
108 123
108 129
108 133
108 136
108 137
108 138
108 141
108 142
108 144
108 145
108 147
108 149
108 151
108 153
108 157
108 158
108 159
109 112
109 113
109 114
109 115
109 116
109 117
109 123
109 124
109 125
109 129
109 130
109 134
109 136
109 137
109 140
109 142
109 146
109 147
109 154
109 156
109 161
110 123
110 125
110 126
110 133
110 136
110 138
110 145
110 149
110 154
110 158
110 159
110 161
111 115
111 118
111 121
111 129
111 130
111 131
111 132
111 136
111 137
111 141
111 150
111 151
111 152
111 154
111 155
111 157
111 161
112 114
112 115
112 116
112 118
112 119
112 124
112 128
112 129
112 133
112 134
112 135
112 136
112 138
112 139
112 140
112 141
112 142
112 143
112 145
112 146
112 147
112 151
112 154
112 156
112 158
112 161
113 114
113 117
113 125
113 126
113 129
113 130
113 131
113 132
113 133
113 135
113 136
113 137
113 139
113 140
113 141
113 142
113 143
113 148
113 150
113 151
113 152
113 153
113 154
113 156
113 157
113 160
113 161
114 115
114 118
114 125
114 128
114 129
114 130
114 131
114 133
114 134
114 136
114 138
114 141
114 148
114 150
114 152
114 154
114 157
114 161
115 116
115 118
115 125
115 127
115 131
115 132
115 135
115 137
115 138
115 143
115 145
115 146
115 147
115 148
115 149
115 151
115 152
115 154
115 155
115 157
115 158
115 159
115 160
116 118
116 122
116 125
116 134
116 137
116 138
116 139
116 140
116 147
116 148
116 150
116 152
116 154
116 155
116 160
116 161
117 118
117 119
117 121
117 125
117 128
117 130
117 131
117 132
117 133
117 134
117 135
117 137
117 138
117 141
117 145
117 146
117 149
117 150
117 151
117 152
117 157
117 158
117 160
117 161
118 121
118 124
118 125
118 126
118 129
118 130
118 132
118 133
118 134
118 137
118 142
118 144
118 145
118 146
118 147
118 149
118 151
118 154
118 157
118 158
118 159
118 161
119 130
119 134
119 135
119 139
119 142
119 152
120 135
120 136
120 137
120 161
121 122
121 124
121 126
121 128
121 138
121 140
121 154
122 129
122 136
122 146
122 149
122 152
122 154
122 160
123 132
123 137
123 138
123 149
124 129
124 154
124 157
124 159
125 126
125 130
125 131
125 133
125 134
125 137
125 138
125 139
125 142
125 143
125 145
125 146
125 147
125 152
125 155
125 156
125 159
125 161
126 129
126 133
126 137
126 140
126 142
126 146
126 149
126 151
126 152
126 155
126 157
126 161
127 129
127 130
127 135
127 137
127 146
127 153
127 154
127 161
128 134
128 137
128 139
128 151
128 152
128 160
128 161
129 133
129 134
129 135
129 136
129 137
129 138
129 140
129 141
129 142
129 143
129 145
129 146
129 150
129 154
129 157
129 158
129 160
129 161
130 132
130 134
130 137
130 138
130 141
130 142
130 152
130 157
131 132
131 133
131 134
131 136
131 140
131 141
131 142
131 143
131 145
131 146
131 147
131 148
131 150
131 151
131 152
131 153
131 154
131 155
131 158
131 159
131 160
131 161
132 133
132 137
132 138
132 141
132 146
132 152
132 154
132 159
133 136
133 139
133 141
133 142
133 145
133 146
133 152
133 158
134 136
134 137
134 139
134 141
134 143
134 147
134 149
134 152
134 153
134 154
134 156
134 157
134 158
135 145
135 147
135 151
135 152
135 153
135 154
135 156
136 137
136 141
136 142
136 146
136 150
136 158
136 160
137 138
137 139
137 140
137 142
137 143
137 145
137 146
137 149
137 151
137 152
137 153
137 157
137 158
137 159
137 160
137 161
138 142
138 145
138 146
138 149
138 152
138 153
138 154
138 158
138 161
139 141
139 142
139 147
139 148
139 152
139 153
139 157
139 159
139 160
140 141
141 142
141 147
141 152
141 154
141 157
141 158
141 160
141 161
142 143
142 146
142 147
142 149
142 150
142 151
142 152
142 154
142 157
142 158
142 160
143 150
143 155
143 157
143 158
145 150
145 152
145 153
146 147
146 148
146 152
146 154
146 157
146 158
146 160
146 161
147 151
147 152
147 153
147 161
148 149
148 155
149 154
149 157
149 160
150 152
150 153
150 154
150 161
151 152
151 153
151 154
151 158
151 161
152 154
152 156
152 157
152 158
152 161
153 154
153 157
153 160
154 155
154 156
154 161
155 157
157 159
158 159
158 161
159 161
