0 4
0 8
0 11
0 14
0 18
0 23
0 25
0 27
0 31
0 32
0 40
0 48
0 53
0 57
0 59
0 64
0 69
0 70
0 71
0 73
0 74
0 75
0 89
0 97
0 100
0 101
0 105
0 109
0 115
0 121
0 125
0 129
0 130
0 131
0 134
0 137
0 142
0 143
0 145
0 151
0 154
0 155
0 161
1 6
1 7
1 9
1 10
1 13
1 14
1 15
1 16
1 18
1 19
1 30
1 39
1 40
1 46
1 47
1 55
1 56
1 63
1 67
1 71
1 72
1 73
1 75
1 76
1 78
1 83
1 86
1 99
1 102
1 105
1 107
1 110
1 112
1 118
1 124
1 131
1 135
1 139
1 146
1 147
1 149
1 150
1 158
1 159
1 160
2 4
2 8
2 10
2 11
2 18
2 25
2 36
2 42
2 43
2 54
2 64
2 65
2 67
2 70
2 72
2 79
2 84
2 86
2 92
2 96
2 98
2 100
2 101
2 106
2 109
2 113
2 114
2 118
2 123
2 126
2 136
2 146
2 149
2 152
2 157
2 158
2 161
3 6
3 7
3 9
3 11
3 13
3 14
3 16
3 21
3 24
3 28
3 34
3 40
3 41
3 42
3 43
3 45
3 46
3 49
3 53
3 54
3 57
3 64
3 67
3 74
3 76
3 79
3 85
3 101
3 102
3 105
3 106
3 107
3 108
3 111
3 113
3 129
3 130
3 133
3 134
3 137
3 147
3 151
3 156
3 158
4 7
4 8
4 11
4 13
4 14
4 18
4 19
4 20
4 22
4 23
4 24
4 28
4 30
4 31
4 34
4 35
4 36
4 38
4 42
4 44
4 45
4 49
4 51
4 52
4 55
4 56
4 57
4 58
4 60
4 61
4 63
4 65
4 68
4 69
4 71
4 72
4 73
4 77
4 79
4 84
4 86
4 89
4 94
4 97
4 101
4 102
4 105
4 108
4 109
4 110
4 112
4 114
4 115
4 116
4 124
4 126
4 127
4 129
4 131
4 132
4 139
4 141
4 142
4 145
4 146
4 147
4 148
4 149
4 151
4 152
4 154
4 157
4 158
4 159
4 161
5 9
5 19
5 26
5 28
5 36
5 37
5 49
5 51
5 54
5 56
5 58
5 66
5 69
5 74
5 75
5 82
5 87
5 97
5 100
5 108
5 112
5 117
5 118
5 125
5 126
5 133
5 139
6 9
6 10
6 11
6 12
6 13
6 14
6 16
6 17
6 18
6 19
6 20
6 21
6 22
6 23
6 25
6 26
6 31
6 32
6 33
6 35
6 39
6 40
6 42
6 43
6 44
6 46
6 51
6 52
6 53
6 55
6 58
6 61
6 62
6 65
6 66
6 68
6 70
6 71
6 73
6 74
6 75
6 79
6 80
6 84
6 88
6 89
6 92
6 95
6 96
6 99
6 101
6 102
6 104
6 105
6 106
6 107
6 108
6 109
6 111
6 113
6 114
6 115
6 121
6 125
6 126
6 127
6 128
6 129
6 133
6 135
6 138
6 139
6 140
6 141
6 143
6 145
6 146
6 148
6 149
6 150
6 152
6 153
6 154
6 156
6 157
6 158
7 9
7 11
7 13
7 16
7 18
7 19
7 21
7 26
7 28
7 29
7 30
7 31
7 32
7 34
7 35
7 37
7 39
7 44
7 46
7 49
7 50
7 51
7 53
7 55
7 56
7 58
7 63
7 64
7 66
7 67
7 68
7 69
7 70
7 71
7 73
7 74
7 75
7 77
7 79
7 80
7 84
7 85
7 92
7 93
7 94
7 99
7 101
7 102
7 105
7 106
7 107
7 108
7 109
7 110
7 113
7 114
7 115
7 116
7 125
7 128
7 129
7 131
7 132
7 134
7 135
7 136
7 138
7 139
7 144
7 147
7 148
7 150
7 154
7 158
7 159
8 11
8 14
8 18
8 19
8 21
8 25
8 26
8 30
8 33
8 35
8 37
8 40
8 44
8 45
8 51
8 52
8 55
8 60
8 61
8 63
8 67
8 68
8 79
8 87
8 90
8 91
8 99
8 101
8 104
8 106
8 112
8 113
8 115
8 118
8 129
8 137
8 138
8 139
8 140
8 141
8 142
8 145
8 146
8 147
8 150
8 151
8 160
9 14
9 16
9 18
9 19
9 21
9 24
9 25
9 26
9 28
9 30
9 34
9 36
9 41
9 44
9 45
9 48
9 49
9 51
9 52
9 54
9 56
9 59
9 65
9 67
9 69
9 70
9 71
9 72
9 73
9 77
9 79
9 82
9 83
9 85
9 87
9 90
9 92
9 93
9 99
9 101
9 102
9 103
9 105
9 106
9 107
9 108
9 111
9 112
9 113
9 115
9 116
9 118
9 122
9 125
9 126
9 128
9 129
9 134
9 135
9 136
9 137
9 138
9 140
9 141
9 142
9 143
9 146
9 147
9 149
9 150
9 153
9 154
9 160
9 161
10 11
10 14
10 16
10 18
10 20
10 21
10 25
10 26
10 28
10 31
10 32
10 36
10 38
10 42
10 45
10 46
10 49
10 50
10 56
10 58
10 60
10 64
10 66
10 67
10 68
10 71
10 72
10 73
10 75
10 76
10 79
10 82
10 85
10 92
10 102
10 103
10 108
10 109
10 112
10 114
10 117
10 121
10 126
10 128
10 131
10 132
10 133
10 135
10 136
10 137
10 138
10 140
10 141
10 142
10 145
10 146
10 149
10 152
10 154
10 160
10 161
11 15
11 16
11 21
11 23
11 26
11 30
11 31
11 32
11 33
11 34
11 35
11 38
11 40
11 43
11 46
11 48
11 49
11 51
11 52
11 54
11 56
11 58
11 64
11 66
11 67
11 71
11 72
11 73
11 74
11 75
11 77
11 78
11 79
11 82
11 85
11 86
11 88
11 89
11 94
11 95
11 97
11 100
11 101
11 104
11 106
11 109
11 110
11 111
11 112
11 115
11 117
11 120
11 121
11 125
11 128
11 130
11 133
11 134
11 136
11 138
11 141
11 142
11 145
11 147
11 152
11 154
11 157
12 14
12 19
12 21
12 26
12 29
12 31
12 32
12 33
12 34
12 36
12 38
12 41
12 44
12 47
12 49
12 53
12 54
12 58
12 65
12 66
12 67
12 73
12 74
12 75
12 76
12 77
12 79
12 92
12 94
12 97
12 99
12 101
12 102
12 111
12 114
12 115
12 117
12 129
12 130
12 133
12 135
12 136
12 137
12 138
12 143
12 151
12 160
12 161
13 16
13 18
13 20
13 23
13 31
13 35
13 37
13 49
13 54
13 58
13 59
13 63
13 64
13 67
13 68
13 72
13 84
13 85
13 90
13 91
13 93
13 97
13 99
13 101
13 102
13 105
13 107
13 109
13 110
13 114
13 117
13 118
13 126
13 128
13 132
13 133
13 135
13 138
13 142
13 143
13 145
13 152
13 154
14 18
14 19
14 20
14 21
14 28
14 30
14 31
14 32
14 33
14 36
14 37
14 40
14 42
14 44
14 45
14 48
14 51
14 52
14 57
14 58
14 59
14 60
14 62
14 63
14 65
14 66
14 69
14 70
14 73
14 75
14 76
14 77
14 80
14 82
14 83
14 84
14 87
14 89
14 90
14 94
14 95
14 96
14 97
14 98
14 99
14 104
14 105
14 106
14 108
14 109
14 110
14 112
14 113
14 114
14 115
14 116
14 118
14 121
14 123
14 124
14 125
14 129
14 131
14 133
14 134
14 135
14 136
14 138
14 139
14 141
14 142
14 146
14 147
14 148
14 150
14 151
14 152
14 153
14 154
14 158
14 161
15 19
15 20
15 21
15 22
15 26
15 38
15 39
15 42
15 43
15 44
15 54
15 56
15 57
15 58
15 63
15 67
15 69
15 73
15 75
15 77
15 80
15 82
15 84
15 86
15 94
15 97
15 101
15 102
15 106
15 108
15 112
15 115
15 120
15 125
15 126
15 129
15 132
15 133
15 134
15 137
15 140
15 146
15 154
15 155
15 158
16 19
16 21
16 28
16 32
16 35
16 37
16 39
16 40
16 44
16 51
16 52
16 54
16 60
16 64
16 68
16 69
16 70
16 73
16 77
16 81
16 83
16 90
16 93
16 94
16 95
16 97
16 106
16 109
16 110
16 118
16 127
16 129
16 131
16 133
16 135
16 137
16 147
16 151
16 153
16 157
17 19
17 21
17 24
17 26
17 29
17 38
17 40
17 55
17 59
17 67
17 70
17 75
17 90
17 94
17 98
17 103
17 113
17 114
17 133
17 145
17 146
17 151
17 152
17 153
17 157
17 159
18 19
18 31
18 35
18 36
18 37
18 38
18 40
18 44
18 50
18 51
18 54
18 56
18 64
18 66
18 71
18 72
18 73
18 79
18 82
18 84
18 91
18 97
18 101
18 102
18 106
18 109
18 110
18 112
18 113
18 118
18 121
18 126
18 129
18 134
18 135
18 138
18 139
18 150
18 157
18 159
18 160
18 161
19 21
19 26
19 27
19 30
19 31
19 32
19 33
19 36
19 37
19 38
19 39
19 40
19 43
19 44
19 46
19 49
19 54
19 55
19 56
19 57
19 59
19 60
19 61
19 62
19 64
19 66
19 67
19 71
19 72
19 74
19 75
19 77
19 86
19 87
19 89
19 90
19 92
19 93
19 94
19 97
19 98
19 102
19 103
19 105
19 106
19 107
19 108
19 109
19 110
19 112
19 113
19 116
19 117
19 118
19 121
19 125
19 126
19 128
19 129
19 133
19 134
19 135
19 137
19 141
19 142
19 143
19 144
19 145
19 146
19 147
19 148
19 151
19 152
19 153
19 154
19 157
20 21
20 30
20 40
20 41
20 43
20 54
20 56
20 65
20 67
20 68
20 70
20 72
20 77
20 79
20 90
20 97
20 100
20 104
20 105
20 107
20 109
20 117
20 118
20 125
20 128
20 129
20 130
20 133
20 134
20 135
20 137
20 138
20 147
20 149
20 150
20 153
20 158
21 26
21 29
21 32
21 35
21 36
21 37
21 38
21 40
21 43
21 45
21 46
21 48
21 49
21 51
21 53
21 54
21 55
21 57
21 58
21 61
21 63
21 64
21 65
21 67
21 69
21 70
21 71
21 72
21 76
21 79
21 82
21 86
21 89
21 90
21 91
21 92
21 93
21 98
21 99
21 104
21 107
21 109
21 110
21 111
21 113
21 114
21 115
21 118
21 120
21 121
21 126
21 130
21 131
21 133
21 135
21 136
21 139
21 140
21 141
21 142
21 146
21 147
21 148
21 150
21 151
21 153
21 154
21 157
21 158
21 160
21 161
22 24
22 26
22 33
22 38
22 41
22 55
22 56
22 58
22 67
22 85
22 87
22 102
22 105
22 106
22 127
22 129
22 133
22 134
22 136
22 137
22 153
23 31
23 35
23 42
23 43
23 47
23 49
23 51
23 56
23 63
23 68
23 71
23 81
23 91
23 92
23 97
23 98
23 102
23 104
23 108
23 110
23 117
23 131
23 133
23 139
23 140
23 143
23 152
24 26
24 27
24 30
24 31
24 38
24 43
24 45
24 46
24 49
24 53
24 55
24 57
24 60
24 65
24 66
24 67
24 68
24 72
24 74
24 77
24 78
24 83
24 84
24 87
24 88
24 89
24 91
24 94
24 97
24 99
24 106
24 109
24 110
24 115
24 117
24 119
24 121
24 129
24 130
24 134
24 137
24 138
24 139
24 145
24 148
24 149
24 152
24 155
24 157
24 158
24 159
25 26
25 28
25 30
25 31
25 32
25 38
25 42
25 43
25 45
25 46
25 49
25 53
25 55
25 57
25 58
25 59
25 63
25 64
25 65
25 66
25 68
25 69
25 70
25 71
25 75
25 78
25 79
25 82
25 83
25 84
25 88
25 89
25 93
25 94
25 101
25 107
25 114
25 128
25 129
25 130
25 133
25 134
25 138
25 140
25 141
25 144
25 145
25 147
25 150
25 152
25 154
25 155
25 161
26 29
26 30
26 31
26 32
26 34
26 36
26 38
26 39
26 43
26 47
26 48
26 49
26 51
26 54
26 55
26 60
26 63
26 64
26 66
26 68
26 69
26 71
26 74
26 79
26 80
26 82
26 84
26 86
26 87
26 88
26 94
26 95
26 97
26 99
26 102
26 105
26 106
26 107
26 108
26 109
26 110
26 112
26 114
26 116
26 118
26 122
26 123
26 124
26 129
26 130
26 131
26 133
26 134
26 135
26 137
26 138
26 139
26 143
26 145
26 146
26 149
26 151
26 152
26 153
26 154
26 156
26 161
27 31
27 40
27 49
27 59
27 65
27 68
27 71
27 77
27 79
27 81
27 87
27 90
27 94
27 96
27 103
27 108
27 112
27 115
27 118
27 133
27 137
27 138
27 151
28 30
28 35
28 39
28 45
28 47
28 48
28 52
28 65
28 67
28 68
28 72
28 82
28 92
28 93
28 97
28 101
28 103
28 109
28 110
28 111
28 113
28 120
28 125
28 127
28 130
28 131
28 133
28 134
28 137
28 160
29 31
29 44
29 46
29 64
29 65
29 66
29 68
29 69
29 75
29 89
29 94
29 96
29 101
29 103
29 105
29 106
29 109
29 111
29 112
29 114
29 115
29 117
29 130
29 134
29 140
29 143
29 145
29 151
29 159
29 160
30 31
30 32
30 34
30 35
30 37
30 38
30 40
30 47
30 50
30 51
30 55
30 57
30 58
30 59
30 63
30 64
30 65
30 67
30 68
30 69
30 71
30 74
30 76
30 80
30 83
30 88
30 91
30 93
30 95
30 97
30 99
30 100
30 105
30 112
30 114
30 115
30 117
30 126
30 129
30 130
30 131
30 133
30 136
30 137
30 138
30 139
30 141
30 147
30 151
30 152
30 153
30 154
31 32
31 33
31 35
31 38
31 42
31 46
31 49
31 50
31 51
31 52
31 55
31 56
31 58
31 61
31 64
31 69
31 70
31 71
31 73
31 74
31 76
31 79
31 81
31 85
31 89
31 95
31 97
31 98
31 99
31 101
31 102
31 105
31 106
31 109
31 112
31 113
31 115
31 116
31 117
31 125
31 129
31 131
31 133
31 134
31 135
31 138
31 139
31 140
31 141
31 142
31 145
31 147
31 148
31 150
31 153
31 154
31 157
31 161
32 36
32 38
32 39
32 40
32 43
32 44
32 45
32 46
32 48
32 49
32 50
32 51
32 53
32 54
32 60
32 61
32 63
32 64
32 65
32 66
32 68
32 69
32 70
32 77
32 79
32 82
32 87
32 88
32 91
32 93
32 100
32 101
32 102
32 105
32 106
32 107
32 108
32 109
32 111
32 112
32 114
32 119
32 121
32 125
32 126
32 129
32 131
32 133
32 136
32 137
32 138
32 139
32 140
32 141
32 144
32 145
32 148
32 152
32 153
32 154
32 157
32 160
32 161
33 40
33 52
33 56
33 69
33 74
33 91
33 101
33 105
33 113
33 115
33 117
33 129
33 135
33 143
33 149
33 150
33 156
33 157
34 35
34 38
34 40
34 43
34 48
34 63
34 65
34 66
34 67
34 68
34 70
34 75
34 77
34 79
34 83
34 84
34 86
34 91
34 93
34 97
34 98
34 102
34 105
34 108
34 109
34 110
34 115
34 118
34 120
34 125
34 127
34 128
34 129
34 131
34 133
34 137
34 138
34 143
34 148
34 152
35 37
35 41
35 42
35 44
35 46
35 49
35 50
35 51
35 52
35 54
35 55
35 61
35 63
35 64
35 66
35 69
35 70
35 71
35 74
35 77
35 79
35 80
35 83
35 86
35 87
35 89
35 90
35 91
35 94
35 99
35 104
35 105
35 107
35 108
35 109
35 111
35 114
35 115
35 128
35 129
35 131
35 132
35 134
35 137
35 139
35 141
35 142
35 146
35 149
35 152
35 154
35 158
35 159
36 40
36 45
36 46
36 52
36 56
36 65
36 68
36 72
36 73
36 79
36 81
36 84
36 88
36 92
36 95
36 96
36 100
36 101
36 108
36 109
36 114
36 115
36 118
36 122
36 133
36 137
36 143
36 145
36 148
36 150
36 151
36 153
36 160
36 161
37 40
37 43
37 46
37 49
37 54
37 56
37 61
37 63
37 64
37 67
37 69
37 80
37 83
37 84
37 89
37 95
37 102
37 108
37 113
37 114
37 117
37 125
37 126
37 131
37 132
37 136
37 137
37 138
37 143
37 145
37 146
37 148
37 154
37 155
37 157
38 40
38 43
38 53
38 54
38 56
38 57
38 58
38 59
38 63
38 64
38 69
38 73
38 74
38 75
38 77
38 79
38 80
38 82
38 85
38 87
38 88
38 90
38 97
38 98
38 102
38 103
38 108
38 114
38 115
38 116
38 117
38 118
38 119
38 125
38 127
38 129
38 133
38 135
38 138
38 139
38 140
38 142
38 146
38 147
38 150
38 151
38 152
38 154
38 155
38 158
38 159
39 43
39 44
39 45
39 49
39 50
39 52
39 54
39 55
39 57
39 67
39 69
39 74
39 76
39 79
39 84
39 89
39 91
39 95
39 97
39 105
39 107
39 108
39 111
39 114
39 115
39 129
39 132
39 135
39 138
39 139
39 141
39 144
39 147
39 148
39 150
39 151
39 152
39 153
39 158
39 160
40 42
40 43
40 44
40 45
40 48
40 49
40 50
40 51
40 52
40 54
40 55
40 56
40 57
40 58
40 60
40 63
40 64
40 65
40 69
40 70
40 71
40 72
40 74
40 75
40 79
40 80
40 84
40 85
40 87
40 88
40 89
40 91
40 96
40 97
40 98
40 99
40 100
40 102
40 103
40 104
40 105
40 108
40 109
40 110
40 111
40 112
40 113
40 114
40 115
40 117
40 118
40 119
40 120
40 122
40 125
40 126
40 130
40 131
40 133
40 137
40 138
40 139
40 140
40 141
40 142
40 143
40 145
40 146
40 147
40 149
40 153
40 154
40 157
40 159
41 42
41 45
41 47
41 52
41 56
41 57
41 67
41 75
41 83
41 87
41 89
41 94
41 100
41 102
41 108
41 113
41 116
41 117
41 118
41 129
41 135
41 142
41 151
41 152
42 50
42 52
42 54
42 57
42 60
42 61
42 67
42 69
42 71
42 85
42 86
42 88
42 89
42 95
42 100
42 105
42 112
42 113
42 114
42 115
42 116
42 118
42 121
42 133
42 134
42 137
42 142
42 143
42 145
42 149
42 152
42 153
42 158
42 160
42 161
43 44
43 45
43 48
43 49
43 51
43 55
43 59
43 61
43 63
43 64
43 67
43 68
43 73
43 74
43 77
43 80
43 85
43 89
43 97
43 101
43 104
43 106
43 108
43 109
43 126
43 128
43 129
43 130
43 131
43 133
43 135
43 137
43 138
43 143
43 147
43 149
43 151
43 152
43 154
43 156
43 158
43 160
44 45
44 48
44 49
44 55
44 56
44 57
44 58
44 59
44 65
44 67
44 68
44 69
44 73
44 77
44 79
44 85
44 90
44 93
44 94
44 98
44 100
44 101
44 105
44 111
44 114
44 116
44 118
44 123
44 125
44 129
44 135
44 137
44 138
44 139
44 141
44 142
44 145
44 149
44 151
44 153
44 154
44 155
44 157
44 159
44 160
44 161
45 46
45 49
45 50
45 52
45 55
45 62
45 64
45 68
45 69
45 73
45 74
45 75
45 79
45 83
45 84
45 86
45 87
45 89
45 93
45 94
45 101
45 102
45 105
45 106
45 111
45 115
45 116
45 118
45 120
45 121
45 122
45 124
45 126
45 127
45 129
45 130
45 135
45 136
45 137
45 138
45 139
45 141
45 142
45 144
45 146
45 147
45 149
45 152
45 154
45 157
45 159
46 48
46 49
46 50
46 52
46 54
46 56
46 58
46 63
46 66
46 67
46 68
46 70
46 71
46 72
46 75
46 79
46 86
46 87
46 88
46 89
46 97
46 101
46 105
46 108
46 113
46 114
46 115
46 117
46 118
46 125
46 131
46 134
46 135
46 137
46 138
46 140
46 142
46 146
46 147
46 149
46 152
46 153
46 154
46 157
46 158
46 160
47 51
47 65
47 67
47 70
47 72
47 75
47 94
47 101
47 102
47 113
47 114
47 133
47 134
47 136
47 137
47 139
47 142
47 153
47 158
48 49
48 51
48 52
48 56
48 58
48 61
48 66
48 70
48 73
48 77
48 84
48 86
48 88
48 106
48 108
48 109
48 113
48 115
48 121
48 122
48 129
48 133
48 136
48 137
48 144
48 151
48 154
48 157
48 158
48 161
49 51
49 53
49 54
49 55
49 56
49 61
49 63
49 64
49 65
49 66
49 67
49 68
49 69
49 70
49 71
49 72
49 73
49 75
49 77
49 80
49 82
49 83
49 85
49 86
49 88
49 89
49 91
49 93
49 94
49 96
49 97
49 98
49 99
49 101
49 103
49 105
49 106
49 109
49 111
49 114
49 116
49 117
49 119
49 120
49 122
49 126
49 127
49 129
49 130
49 131
49 135
49 138
49 141
49 147
49 152
49 154
49 156
49 157
49 158
49 159
49 160
49 161
50 51
50 53
50 56
50 63
50 64
50 66
50 68
50 69
50 71
50 72
50 74
50 75
50 76
50 85
50 93
50 94
50 99
50 101
50 102
50 103
50 105
50 106
50 108
50 109
50 111
50 115
50 117
50 118
50 119
50 127
50 128
50 129
50 131
50 133
50 135
50 137
50 139
50 140
50 141
50 142
50 147
50 148
50 151
50 153
50 154
50 157
50 158
50 161
51 52
51 55
51 58
51 64
51 66
51 68
51 69
51 71
51 73
51 74
51 75
51 77
51 80
51 81
51 83
51 84
51 86
51 88
51 90
51 92
51 97
51 100
51 102
51 103
51 106
51 107
51 108
51 109
51 112
51 113
51 117
51 123
51 125
51 128
51 131
51 133
51 134
51 137
51 138
51 140
51 143
51 144
51 146
51 147
51 148
51 151
51 157
51 158
51 160
51 161
52 53
52 54
52 56
52 59
52 61
52 64
52 69
52 70
52 90
52 93
52 95
52 98
52 106
52 108
52 109
52 113
52 114
52 117
52 118
52 120
52 133
52 134
52 137
52 138
52 139
52 142
52 143
52 145
52 149
52 153
52 155
52 158
52 159
52 160
52 161
53 56
53 61
53 63
53 66
53 70
53 71
53 72
53 73
53 74
53 75
53 79
53 80
53 84
53 95
53 96
53 98
53 102
53 108
53 114
53 115
53 119
53 125
53 129
53 134
53 137
53 143
53 151
53 153
53 159
54 55
54 56
54 57
54 61
54 62
54 63
54 64
54 65
54 66
54 68
54 69
54 70
54 72
54 74
54 75
54 76
54 79
54 81
54 82
54 84
54 85
54 86
54 88
54 90
54 91
54 92
54 93
54 94
54 97
54 99
54 101
54 103
54 105
54 106
54 109
54 110
54 112
54 113
54 114
54 115
54 116
54 117
54 122
54 124
54 127
54 129
54 130
54 131
54 133
54 134
54 138
54 140
54 141
54 142
54 143
54 145
54 146
54 147
54 150
54 152
54 153
54 155
54 157
54 158
54 159
54 161
55 63
55 65
55 66
55 69
55 70
55 71
55 72
55 73
55 79
55 80
55 83
55 85
55 86
55 87
55 88
55 91
55 93
55 101
55 102
55 105
55 108
55 111
55 114
55 118
55 122
55 125
55 126
55 127
55 129
55 131
55 134
55 135
55 137
55 138
55 139
55 142
55 145
55 147
55 148
55 149
55 151
55 153
55 156
55 159
56 57
56 58
56 59
56 61
56 63
56 64
56 65
56 66
56 67
56 69
56 70
56 72
56 77
56 80
56 81
56 85
56 86
56 88
56 89
56 101
56 102
56 107
56 109
56 114
56 115
56 118
56 120
56 122
56 127
56 129
56 130
56 131
56 133
56 134
56 136
56 137
56 142
56 145
56 146
56 147
56 148
56 149
56 152
56 153
56 154
56 157
56 159
57 58
57 61
57 65
57 67
57 70
57 71
57 74
57 77
57 83
57 86
57 87
57 89
57 94
57 102
57 103
57 105
57 108
57 110
57 113
57 129
57 135
57 137
57 138
57 147
57 154
57 155
57 157
57 159
58 61
58 63
58 64
58 66
58 70
58 72
58 73
58 74
58 79
58 80
58 83
58 88
58 89
58 92
58 93
58 94
58 101
58 102
58 105
58 106
58 108
58 109
58 113
58 114
58 117
58 118
58 119
58 130
58 135
58 136
58 137
58 138
58 143
58 146
58 147
58 150
58 151
58 152
58 153
58 154
58 157
58 158
58 159
58 161
59 66
59 67
59 69
59 71
59 75
59 79
59 87
59 90
59 93
59 102
59 113
59 117
59 123
59 125
59 126
59 134
59 137
59 141
59 145
59 150
59 159
60 61
60 64
60 67
60 69
60 72
60 73
60 86
60 87
60 90
60 97
60 109
60 113
60 122
60 133
60 158
60 159
61 66
61 71
61 79
61 101
61 106
61 109
61 111
61 115
61 116
61 117
61 118
61 119
61 121
61 122
61 126
61 127
61 129
61 131
61 134
61 138
61 139
61 140
61 141
61 142
61 148
61 149
61 150
61 153
61 154
61 155
61 156
62 64
62 73
62 77
62 80
62 95
62 98
62 101
62 102
62 106
62 108
62 112
62 127
62 129
62 137
62 138
62 139
62 143
63 64
63 65
63 66
63 69
63 72
63 73
63 74
63 75
63 76
63 79
63 83
63 85
63 89
63 92
63 97
63 98
63 100
63 102
63 105
63 106
63 113
63 115
63 117
63 118
63 121
63 123
63 124
63 125
63 129
63 130
63 133
63 136
63 137
63 139
63 141
63 142
63 147
63 149
63 151
63 152
63 154
63 157
64 65
64 66
64 67
64 68
64 70
64 71
64 72
64 73
64 75
64 77
64 80
64 82
64 84
64 85
64 89
64 90
64 93
64 94
64 95
64 96
64 97
64 98
64 99
64 101
64 103
64 106
64 108
64 109
64 111
64 112
64 113
64 114
64 115
64 116
64 117
64 118
64 128
64 129
64 130
64 131
64 133
64 134
64 137
64 138
64 140
64 141
64 142
64 145
64 146
64 147
64 150
64 151
64 152
64 153
64 154
64 155
64 157
64 158
64 161
65 66
65 67
65 68
65 69
65 70
65 72
65 76
65 77
65 79
65 80
65 81
65 84
65 86
65 89
65 91
65 92
65 93
65 94
65 99
65 100
65 101
65 102
65 107
65 108
65 110
65 113
65 114
65 116
65 117
65 118
65 119
65 122
65 124
65 125
65 126
65 127
65 128
65 129
65 130
65 131
65 132
65 133
65 136
65 140
65 142
65 147
65 149
65 150
65 152
65 154
65 157
65 160
66 67
66 69
66 70
66 72
66 74
66 79
66 87
66 88
66 89
66 94
66 101
66 108
66 109
66 113
66 114
66 115
66 116
66 118
66 131
66 132
66 137
66 139
66 141
66 147
66 151
66 154
66 158
66 160
66 161
67 71
67 72
67 74
67 75
67 79
67 82
67 85
67 86
67 88
67 89
67 91
67 99
67 105
67 106
67 109
67 111
67 113
67 115
67 116
67 117
67 122
67 128
67 130
67 133
67 134
67 137
67 138
67 139
67 142
67 145
67 146
67 147
67 148
67 153
67 154
67 157
67 158
67 159
67 160
68 70
68 73
68 74
68 75
68 77
68 80
68 81
68 84
68 86
68 88
68 89
68 91
68 92
68 94
68 97
68 98
68 99
68 100
68 101
68 102
68 104
68 106
68 107
68 108
68 109
68 112
68 113
68 114
68 115
68 116
68 118
68 127
68 131
68 132
68 133
68 134
68 135
68 136
68 137
68 138
68 139
68 141
68 143
68 146
68 147
68 148
68 152
68 153
68 154
68 155
68 156
68 158
68 159
68 160
69 70
69 71
69 72
69 73
69 75
69 79
69 84
69 89
69 91
69 94
69 101
69 111
69 112
69 113
69 115
69 117
69 118
69 122
69 124
69 125
69 127
69 131
69 132
69 133
69 134
69 135
69 138
69 139
69 142
69 147
69 149
69 150
69 152
69 154
69 156
69 158
69 160
70 71
70 72
70 74
70 75
70 76
70 77
70 80
70 82
70 83
70 85
70 88
70 90
70 91
70 92
70 93
70 96
70 97
70 99
70 101
70 102
70 108
70 112
70 113
70 114
70 115
70 118
70 119
70 122
70 125
70 127
70 131
70 132
70 133
70 134
70 137
70 138
70 140
70 144
70 146
70 152
70 153
70 154
70 157
70 159
71 73
71 74
71 76
71 78
71 79
71 84
71 87
71 89
71 91
71 92
71 93
71 94
71 95
71 97
71 98
71 99
71 101
71 102
71 103
71 104
71 105
71 106
71 107
71 108
71 109
71 110
71 111
71 112
71 114
71 117
71 118
71 128
71 129
71 130
71 131
71 133
71 137
71 138
71 139
71 140
71 141
71 142
71 143
71 146
71 147
71 149
71 150
71 151
71 152
71 156
71 158
71 159
71 160
71 161
72 73
72 74
72 75
72 77
72 79
72 80
72 83
72 84
72 85
72 92
72 97
72 99
72 102
72 103
72 105
72 106
72 107
72 108
72 110
72 112
72 114
72 116
72 117
72 118
72 119
72 120
72 121
72 123
72 124
72 125
72 126
72 127
72 128
72 131
72 132
72 133
72 134
72 135
72 137
72 138
72 140
72 142
72 143
72 145
72 147
72 148
72 150
72 151
72 153
72 154
72 156
72 157
72 158
72 159
72 160
73 74
73 76
73 79
73 80
73 82
73 83
73 84
73 85
73 87
73 90
73 92
73 98
73 103
73 105
73 107
73 111
73 113
73 114
73 115
73 118
73 122
73 125
73 129
73 130
73 133
73 134
73 136
73 138
73 141
73 147
73 149
73 151
73 153
73 154
73 155
73 157
73 161
74 75
74 77
74 79
74 80
74 82
74 85
74 87
74 90
74 91
74 92
74 97
74 103
74 104
74 105
74 106
74 108
74 109
74 110
74 114
74 120
74 121
74 127
74 131
74 132
74 133
74 134
74 136
74 137
74 138
74 139
74 144
74 146
74 147
74 149
74 150
74 151
74 152
74 155
74 157
74 159
74 160
74 161
75 76
75 79
75 80
75 85
75 93
75 94
75 95
75 97
75 98
75 102
75 104
75 107
75 109
75 110
75 111
75 112
75 113
75 114
75 115
75 117
75 122
75 129
75 131
75 135
75 136
75 138
75 141
75 143
75 154
75 156
75 157
75 158
75 160
75 161
76 82
76 87
76 99
76 106
76 117
76 118
76 125
76 130
76 133
76 136
76 138
76 143
76 145
76 149
76 152
76 153
76 157
77 79
77 82
77 88
77 96
77 97
77 99
77 103
77 105
77 108
77 110
77 114
77 129
77 131
77 134
77 135
77 136
77 137
77 138
77 139
77 141
77 142
77 147
77 149
77 155
77 157
77 158
77 159
77 160
77 161
78 112
78 129
78 138
78 142
78 151
79 82
79 84
79 88
79 89
79 91
79 93
79 94
79 97
79 99
79 100
79 101
79 102
79 104
79 106
79 107
79 109
79 112
79 113
79 114
79 116
79 117
79 118
79 120
79 121
79 122
79 128
79 130
79 131
79 132
79 133
79 134
79 135
79 136
79 137
79 138
79 139
79 141
79 142
79 145
79 147
79 149
79 150
79 152
79 154
79 155
79 160
79 161
80 83
80 84
80 87
80 88
80 91
80 92
80 93
80 98
80 106
80 108
80 112
80 113
80 114
80 115
80 118
80 119
80 135
80 139
80 142
80 143
80 149
80 151
80 158
81 83
81 88
81 92
81 96
81 105
81 109
81 112
81 114
81 120
81 130
81 133
81 134
81 137
81 143
81 146
81 150
81 151
81 152
81 157
81 159
82 85
82 86
82 99
82 108
82 117
82 118
82 122
82 125
82 127
82 131
82 132
82 145
82 152
82 154
83 84
83 88
83 91
83 92
83 93
83 96
83 102
83 116
83 130
83 131
83 134
83 137
83 138
83 145
83 156
83 161
84 85
84 86
84 87
84 94
84 98
84 101
84 102
84 103
84 105
84 106
84 108
84 109
84 111
84 116
84 117
84 121
84 122
84 125
84 126
84 129
84 133
84 134
84 136
84 137
84 138
84 141
84 147
84 151
84 156
84 160
84 161
85 86
85 90
85 104
85 106
85 107
85 108
85 111
85 114
85 115
85 117
85 126
85 127
85 133
85 142
85 144
85 147
85 159
85 161
86 88
86 91
86 92
86 98
86 101
86 102
86 103
86 106
86 112
86 117
86 121
86 122
86 123
86 124
86 131
86 135
86 137
86 139
86 141
86 142
86 143
86 146
86 147
86 153
86 159
86 160
87 89
87 92
87 93
87 96
87 97
87 101
87 103
87 105
87 106
87 109
87 111
87 114
87 116
87 117
87 123
87 125
87 126
87 131
87 132
87 133
87 134
87 135
87 138
87 142
87 146
87 147
87 151
87 152
87 154
87 158
87 160
88 89
88 97
88 102
88 103
88 104
88 105
88 107
88 110
88 113
88 114
88 117
88 118
88 128
88 129
88 131
88 133
88 138
88 142
88 145
88 151
88 159
88 161
89 92
89 94
89 97
89 98
89 100
89 104
89 106
89 107
89 111
89 112
89 113
89 114
89 115
89 116
89 118
89 122
89 123
89 128
89 129
89 130
89 131
89 133
89 135
89 137
89 138
89 139
89 141
89 145
89 147
89 150
89 151
89 152
89 153
89 158
90 101
90 106
90 112
90 115
90 117
90 118
90 121
90 122
90 135
90 136
90 152
90 157
90 161
91 92
91 94
91 100
91 101
91 102
91 106
91 107
91 110
91 115
91 117
91 118
91 125
91 126
91 137
91 139
91 140
91 141
91 142
91 145
91 146
91 152
91 154
91 158
91 160
92 94
92 95
92 98
92 102
92 108
92 112
92 115
92 125
92 126
92 128
92 131
92 136
92 139
92 143
92 145
92 146
92 147
92 148
92 156
92 157
92 161
93 99
93 104
93 107
93 108
93 110
93 111
93 112
93 115
93 120
93 128
93 129
93 133
93 134
93 137
93 139
93 141
93 142
93 143
93 145
93 146
93 149
93 150
93 151
93 152
93 159
93 161
94 97
94 98
94 100
94 101
94 102
94 105
94 106
94 108
94 109
94 110
94 111
94 112
94 113
94 114
94 115
94 118
94 125
94 132
94 133
94 134
94 135
94 136
94 137
94 138
94 142
94 143
94 144
94 145
94 146
94 147
94 152
94 153
94 154
94 161
95 101
95 102
95 106
95 108
95 111
95 114
95 125
95 126
95 130
95 137
95 142
95 155
95 158
95 161
96 97
96 106
96 108
96 112
96 113
96 129
96 132
96 137
96 138
96 147
96 148
96 152
97 99
97 102
97 104
97 105
97 106
97 108
97 109
97 110
97 112
97 113
97 114
97 115
97 116
97 117
97 118
97 119
97 128
97 129
97 130
97 131
97 133
97 134
97 136
97 137
97 140
97 141
97 142
97 145
97 150
97 151
97 153
97 154
97 157
97 158
97 159
97 160
97 161
98 100
98 102
98 103
98 106
98 109
98 112
98 125
98 126
98 128
98 131
98 142
98 144
98 145
98 147
98 151
98 152
98 153
98 154
98 155
98 156
98 158
98 160
98 161
99 101
99 102
99 103
99 105
99 106
99 108
99 109
99 112
99 114
99 115
99 117
99 124
99 126
99 128
99 129
99 131
99 133
99 134
99 135
99 137
99 138
99 149
99 150
99 152
99 158
99 159
99 161
100 106
100 113
100 114
100 117
100 118
100 125
100 126
100 136
100 138
100 141
100 142
100 144
100 148
100 152
100 153
100 158
100 160
100 161
101 102
101 104
101 106
101 111
101 112
101 113
101 114
101 115
101 116
101 117
101 118
101 126
101 128
101 129
101 130
101 131
101 133
101 134
101 135
101 137
101 138
101 142
101 151
101 152
101 153
101 154
101 155
101 157
101 159
101 160
101 161
102 105
102 106
102 108
102 109
102 110
102 113
102 116
102 117
102 118
102 121
102 122
102 124
102 125
102 126
102 127
102 128
102 131
102 137
102 141
102 142
102 144
102 145
102 147
102 152
102 153
102 155
102 157
102 158
102 161
103 105
103 107
103 108
103 113
103 114
103 115
103 121
103 126
103 127
103 131
103 133
103 134
103 138
103 147
103 151
104 107
104 109
104 113
104 116
104 117
104 118
104 121
104 123
104 125
104 131
104 141
104 147
104 149
104 154
104 159
105 108
105 112
105 113
105 114
105 115
105 117
105 118
105 120
105 125
105 129
105 130
105 134
105 135
105 136
105 137
105 139
105 141
105 145
105 147
105 151
105 152
105 153
105 160
106 111
106 113
106 114
106 118
106 119
106 122
106 126
106 129
106 131
106 133
106 135
106 136
106 137
106 138
106 139
106 140
106 141
106 143
106 144
106 145
106 147
106 148
106 152
106 155
106 159
106 161
107 108
107 112
107 113
107 117
107 125
107 133
107 135
107 136
107 139
107 141
107 147
107 148
107 149
107 154
108 111
108 115
108 116
108 118
108 121
108 122
108 124
108 125
108 127
108 133
108 134
108 137
108 142
108 146
108 147
108 152
108 154
108 156
108 157
108 161
109 111
109 115
109 116
109 117
109 128
109 129
109 130
109 131
109 134
109 136
109 137
109 139
109 142
109 147
109 148
109 149
109 151
109 152
109 154
109 155
109 157
109 158
110 125
110 127
110 128
110 131
110 134
110 135
110 141
110 145
110 147
110 152
110 158
110 159
110 161
111 112
111 115
111 126
111 128
111 135
111 138
111 139
111 142
111 143
111 146
111 153
111 154
111 157
112 113
112 117
112 118
112 125
112 128
112 129
112 131
112 132
112 133
112 137
112 139
112 146
112 147
112 149
112 154
112 157
112 158
113 115
113 116
113 120
113 124
113 125
113 126
113 129
113 130
113 131
113 133
113 134
113 135
113 137
113 139
113 140
113 141
113 142
113 145
113 146
113 147
113 148
113 149
113 152
113 157
113 160
113 161
114 116
114 117
114 118
114 127
114 128
114 129
114 130
114 132
114 133
114 135
114 137
114 138
114 139
114 141
114 142
114 143
114 145
114 146
114 147
114 148
114 151
114 152
114 154
114 157
114 160
115 117
115 118
115 123
115 124
115 128
115 129
115 130
115 133
115 134
115 135
115 139
115 142
115 144
115 147
115 150
115 151
115 152
115 153
115 156
115 157
115 158
115 160
116 117
116 121
116 122
116 129
116 133
116 138
116 148
116 152
116 161
117 118
117 121
117 122
117 124
117 125
117 129
117 130
117 131
117 132
117 136
117 137
117 138
117 141
117 145
117 146
117 147
117 151
117 154
117 155
117 156
117 157
117 158
117 159
118 119
118 126
118 131
118 132
118 134
118 135
118 136
118 137
118 138
118 142
118 146
118 148
118 151
118 152
118 153
118 154
118 156
118 158
118 159
118 160
119 133
119 135
119 137
119 142
119 149
119 154
119 156
119 157
120 125
120 131
120 145
120 152
120 153
120 158
121 127
121 129
121 131
121 137
121 138
121 139
121 147
121 153
122 125
122 128
122 133
122 145
123 134
123 145
123 152
124 125
124 126
124 129
124 133
124 142
124 157
124 158
124 159
125 128
125 129
125 130
125 131
125 132
125 133
125 134
125 135
125 136
125 139
125 140
125 147
125 151
125 152
125 153
125 154
125 155
125 158
126 128
126 129
126 130
126 131
126 132
126 133
126 137
126 140
126 141
126 145
126 152
126 157
126 158
127 143
127 152
127 153
128 133
128 134
128 135
128 138
128 139
128 147
128 153
128 154
128 155
128 158
128 160
129 132
129 135
129 136
129 137
129 139
129 140
129 142
129 145
129 147
129 150
129 152
129 155
129 157
129 158
129 160
129 161
130 131
130 133
130 136
130 140
130 144
130 145
130 147
130 151
130 153
130 157
130 161
131 133
131 134
131 136
131 137
131 138
131 139
131 147
131 148
131 150
131 151
131 152
131 153
131 158
131 161
132 138
132 142
132 146
132 147
132 149
132 151
132 154
132 158
133 135
133 137
133 138
133 139
133 140
133 142
133 145
133 146
133 151
133 155
133 158
133 160
134 136
134 137
134 138
134 141
134 142
134 146
134 147
134 150
134 151
134 152
134 157
134 158
135 137
135 142
135 143
135 146
135 147
135 154
135 157
135 158
136 137
136 139
136 141
136 142
136 146
136 151
136 154
137 138
137 139
137 141
137 142
137 146
137 147
137 148
137 149
137 152
137 153
137 155
137 157
137 159
138 139
138 141
138 142
138 145
138 146
138 147
138 148
138 150
138 152
138 153
138 154
138 158
139 142
139 148
139 152
139 153
139 154
139 157
139 158
139 159
139 161
140 146
140 156
140 157
140 158
140 160
141 142
141 147
141 153
141 158
141 160
142 143
142 145
142 147
142 152
142 155
142 156
142 157
142 159
142 161
143 145
143 147
143 148
143 158
144 147
144 154
144 161
145 146
145 147
145 148
145 152
145 154
145 157
145 158
145 160
146 148
146 150
146 154
146 155
146 156
146 158
146 159
146 160
146 161
147 152
147 153
147 154
147 157
147 158
148 150
148 152
149 151
149 154
149 157
149 158
149 161
150 153
150 157
150 158
150 161
151 154
151 155
151 157
151 158
151 161
152 153
152 154
152 155
152 157
152 159
152 160
153 154
153 155
153 159
153 160
154 157
154 158
155 161
158 159
159 161
160 161
