0 1
0 3
0 7
0 14
0 19
0 24
0 26
0 30
0 33
0 35
0 40
0 51
0 54
0 55
0 56
0 61
0 63
0 64
0 65
0 66
0 68
0 70
0 71
0 74
0 76
0 77
0 81
0 83
0 91
0 92
0 94
0 97
0 105
0 113
0 115
0 116
0 117
0 118
0 119
0 122
0 125
0 129
0 132
0 133
0 135
0 136
0 138
0 142
0 146
0 151
0 152
0 156
0 159
0 160
0 161
1 2
1 5
1 6
1 9
1 11
1 14
1 18
1 19
1 22
1 24
1 29
1 31
1 32
1 35
1 36
1 38
1 41
1 42
1 46
1 50
1 51
1 54
1 56
1 57
1 62
1 64
1 65
1 66
1 67
1 68
1 72
1 73
1 74
1 79
1 80
1 82
1 85
1 88
1 89
1 95
1 96
1 97
1 102
1 114
1 115
1 119
1 126
1 127
1 128
1 131
1 133
1 143
1 153
1 157
2 6
2 7
2 9
2 19
2 20
2 26
2 29
2 35
2 36
2 52
2 54
2 56
2 58
2 69
2 70
2 93
2 97
2 103
2 105
2 112
2 117
2 118
2 129
2 133
2 153
3 4
3 7
3 10
3 12
3 14
3 19
3 26
3 28
3 31
3 35
3 38
3 43
3 45
3 47
3 48
3 59
3 61
3 70
3 73
3 74
3 77
3 88
3 89
3 91
3 92
3 93
3 94
3 101
3 102
3 105
3 117
3 120
3 134
3 146
3 147
3 150
3 151
3 153
3 155
3 157
3 159
3 160
4 5
4 6
4 7
4 14
4 16
4 18
4 19
4 20
4 21
4 31
4 35
4 36
4 38
4 39
4 40
4 44
4 46
4 47
4 49
4 51
4 53
4 54
4 55
4 58
4 59
4 60
4 61
4 63
4 64
4 65
4 67
4 70
4 73
4 74
4 75
4 79
4 82
4 84
4 85
4 86
4 89
4 90
4 91
4 94
4 96
4 97
4 101
4 102
4 106
4 107
4 108
4 109
4 113
4 117
4 118
4 122
4 125
4 126
4 127
4 129
4 131
4 133
4 134
4 137
4 138
4 140
4 141
4 144
4 146
4 149
4 150
4 151
4 152
4 153
4 154
4 156
4 160
4 161
5 6
5 7
5 8
5 13
5 14
5 23
5 30
5 32
5 43
5 46
5 52
5 56
5 64
5 70
5 75
5 76
5 81
5 94
5 96
5 97
5 98
5 103
5 111
5 112
5 113
5 116
5 118
5 152
5 161
6 7
6 8
6 13
6 14
6 18
6 19
6 21
6 25
6 26
6 29
6 30
6 31
6 33
6 35
6 36
6 40
6 41
6 42
6 44
6 46
6 48
6 50
6 51
6 54
6 56
6 57
6 58
6 59
6 60
6 63
6 64
6 65
6 66
6 67
6 72
6 73
6 74
6 79
6 80
6 81
6 87
6 88
6 90
6 91
6 92
6 93
6 98
6 99
6 100
6 101
6 102
6 103
6 105
6 107
6 109
6 110
6 111
6 113
6 114
6 115
6 117
6 120
6 121
6 124
6 125
6 126
6 129
6 133
6 136
6 139
6 141
6 142
6 143
6 145
6 146
6 147
6 151
6 152
6 154
6 155
6 157
6 158
6 160
7 8
7 11
7 14
7 18
7 19
7 21
7 23
7 25
7 31
7 32
7 37
7 40
7 42
7 44
7 45
7 46
7 49
7 52
7 53
7 54
7 55
7 56
7 58
7 61
7 66
7 67
7 68
7 69
7 70
7 71
7 72
7 73
7 74
7 75
7 79
7 82
7 86
7 87
7 88
7 91
7 93
7 95
7 97
7 98
7 102
7 106
7 107
7 108
7 112
7 113
7 114
7 117
7 118
7 122
7 126
7 130
7 131
7 133
7 134
7 136
7 137
7 138
7 142
7 143
7 145
7 146
7 147
7 149
7 150
7 152
7 153
7 154
7 155
7 157
7 158
7 159
7 161
8 10
8 12
8 19
8 27
8 34
8 44
8 45
8 51
8 52
8 53
8 54
8 56
8 57
8 64
8 66
8 73
8 80
8 81
8 84
8 87
8 95
8 97
8 98
8 102
8 108
8 117
8 125
8 129
8 133
8 141
8 142
8 147
8 149
8 152
8 155
8 157
8 158
8 161
9 11
9 19
9 25
9 32
9 33
9 35
9 36
9 38
9 39
9 40
9 42
9 43
9 48
9 54
9 56
9 57
9 62
9 66
9 69
9 70
9 73
9 74
9 83
9 84
9 86
9 87
9 98
9 102
9 104
9 105
9 106
9 108
9 109
9 111
9 114
9 116
9 117
9 120
9 125
9 126
9 128
9 129
9 131
9 132
9 133
9 135
9 138
9 147
9 148
9 154
9 157
9 158
10 12
10 14
10 16
10 19
10 23
10 25
10 26
10 28
10 30
10 31
10 36
10 40
10 49
10 51
10 60
10 61
10 62
10 64
10 66
10 67
10 68
10 73
10 74
10 79
10 80
10 84
10 88
10 89
10 91
10 92
10 94
10 98
10 101
10 102
10 104
10 105
10 109
10 111
10 112
10 115
10 117
10 123
10 124
10 125
10 126
10 131
10 132
10 133
10 135
10 139
10 140
10 142
10 147
10 149
10 151
10 154
10 157
10 158
10 160
11 14
11 18
11 19
11 20
11 24
11 25
11 28
11 30
11 32
11 33
11 35
11 38
11 39
11 44
11 45
11 49
11 51
11 52
11 56
11 57
11 58
11 63
11 64
11 66
11 71
11 72
11 73
11 77
11 80
11 82
11 83
11 84
11 85
11 89
11 90
11 93
11 94
11 96
11 99
11 101
11 102
11 109
11 110
11 111
11 112
11 113
11 114
11 116
11 117
11 120
11 124
11 126
11 127
11 129
11 132
11 134
11 135
11 144
11 146
11 152
11 153
11 154
11 157
12 14
12 17
12 19
12 22
12 23
12 31
12 35
12 38
12 40
12 48
12 50
12 51
12 55
12 58
12 59
12 60
12 64
12 65
12 66
12 67
12 72
12 73
12 75
12 79
12 85
12 88
12 89
12 94
12 95
12 97
12 112
12 114
12 124
12 132
12 133
12 138
12 139
12 147
12 148
12 149
12 157
12 158
12 161
13 14
13 20
13 21
13 23
13 27
13 31
13 32
13 35
13 39
13 40
13 43
13 44
13 56
13 61
13 65
13 67
13 68
13 70
13 74
13 76
13 80
13 83
13 85
13 93
13 102
13 104
13 106
13 109
13 113
13 114
13 117
13 119
13 126
13 128
13 129
13 131
13 136
13 140
13 148
13 150
13 154
14 15
14 16
14 18
14 19
14 21
14 22
14 23
14 24
14 26
14 29
14 31
14 32
14 35
14 36
14 37
14 38
14 39
14 40
14 42
14 45
14 46
14 49
14 50
14 51
14 53
14 54
14 55
14 56
14 57
14 58
14 61
14 62
14 64
14 66
14 67
14 70
14 71
14 72
14 73
14 79
14 85
14 86
14 87
14 88
14 89
14 91
14 94
14 101
14 102
14 103
14 105
14 106
14 108
14 109
14 110
14 113
14 117
14 119
14 122
14 125
14 126
14 127
14 128
14 129
14 131
14 132
14 133
14 134
14 135
14 136
14 139
14 141
14 142
14 145
14 146
14 152
14 153
14 155
14 156
14 158
14 161
15 18
15 25
15 26
15 27
15 31
15 32
15 34
15 35
15 36
15 40
15 49
15 55
15 56
15 58
15 64
15 65
15 71
15 72
15 74
15 76
15 77
15 79
15 84
15 88
15 89
15 91
15 92
15 94
15 98
15 101
15 102
15 104
15 105
15 108
15 111
15 112
15 113
15 115
15 116
15 118
15 131
15 133
15 137
15 142
15 151
15 152
15 154
16 21
16 26
16 30
16 33
16 34
16 40
16 43
16 45
16 52
16 54
16 56
16 70
16 71
16 72
16 77
16 86
16 91
16 94
16 101
16 102
16 106
16 107
16 114
16 116
16 131
16 135
16 136
16 140
16 142
16 146
16 152
16 158
17 21
17 36
17 46
17 51
17 54
17 58
17 63
17 94
17 99
17 100
17 101
17 106
17 108
17 111
17 112
17 116
17 117
17 125
17 133
17 134
17 135
17 136
17 145
17 152
18 19
18 24
18 25
18 27
18 30
18 32
18 35
18 36
18 37
18 38
18 39
18 40
18 43
18 45
18 48
18 54
18 56
18 57
18 62
18 63
18 64
18 67
18 68
18 70
18 71
18 73
18 75
18 77
18 80
18 81
18 84
18 98
18 99
18 102
18 104
18 106
18 109
18 111
18 112
18 113
18 114
18 125
18 126
18 129
18 134
18 137
18 139
18 147
18 150
18 151
18 154
18 158
18 159
18 161
19 21
19 23
19 24
19 25
19 27
19 28
19 30
19 31
19 33
19 34
19 36
19 38
19 39
19 40
19 44
19 45
19 49
19 50
19 51
19 52
19 55
19 56
19 57
19 58
19 59
19 61
19 62
19 63
19 65
19 67
19 68
19 69
19 71
19 72
19 73
19 74
19 75
19 77
19 80
19 81
19 82
19 84
19 86
19 87
19 88
19 92
19 93
19 94
19 95
19 96
19 103
19 105
19 107
19 108
19 109
19 110
19 111
19 112
19 113
19 114
19 115
19 120
19 122
19 125
19 126
19 127
19 128
19 131
19 134
19 137
19 138
19 139
19 146
19 147
19 148
19 149
19 150
19 153
19 154
19 155
19 157
19 158
19 160
19 161
20 30
20 35
20 37
20 40
20 45
20 46
20 52
20 53
20 54
20 55
20 58
20 64
20 67
20 70
20 71
20 79
20 84
20 93
20 95
20 97
20 98
20 112
20 130
20 131
20 133
20 136
20 138
20 139
20 142
20 147
20 150
20 154
20 158
21 23
21 25
21 28
21 30
21 31
21 32
21 33
21 35
21 36
21 39
21 40
21 42
21 43
21 44
21 45
21 49
21 50
21 51
21 52
21 54
21 55
21 63
21 65
21 66
21 67
21 69
21 71
21 72
21 73
21 74
21 77
21 79
21 80
21 82
21 86
21 91
21 92
21 93
21 94
21 97
21 99
21 106
21 108
21 114
21 115
21 116
21 117
21 120
21 125
21 127
21 129
21 130
21 135
21 137
21 138
21 139
21 140
21 141
21 143
21 144
21 146
21 147
21 149
21 151
21 152
21 153
21 154
21 157
21 161
22 26
22 33
22 34
22 36
22 38
22 40
22 46
22 49
22 50
22 51
22 63
22 68
22 69
22 72
22 89
22 91
22 97
22 100
22 102
22 107
22 115
22 124
22 125
22 126
22 134
22 137
22 138
22 139
22 143
22 146
22 148
22 152
22 154
23 35
23 42
23 56
23 60
23 61
23 64
23 65
23 66
23 67
23 68
23 69
23 72
23 73
23 83
23 84
23 85
23 87
23 88
23 91
23 92
23 100
23 108
23 116
23 117
23 118
23 128
23 130
23 138
23 147
23 158
24 26
24 27
24 29
24 30
24 31
24 32
24 39
24 40
24 42
24 43
24 44
24 49
24 50
24 51
24 53
24 54
24 55
24 61
24 64
24 65
24 66
24 70
24 71
24 72
24 80
24 85
24 88
24 94
24 98
24 101
24 106
24 112
24 116
24 118
24 123
24 124
24 125
24 126
24 128
24 133
24 136
24 137
24 139
24 145
24 147
24 150
24 151
24 152
24 154
24 161
25 26
25 30
25 31
25 32
25 34
25 35
25 36
25 37
25 39
25 44
25 49
25 54
25 55
25 56
25 58
25 59
25 60
25 62
25 63
25 66
25 67
25 69
25 73
25 82
25 84
25 87
25 93
25 94
25 101
25 108
25 109
25 110
25 115
25 116
25 118
25 129
25 131
25 132
25 133
25 134
25 135
25 136
25 137
25 138
25 141
25 142
25 149
25 150
25 155
25 158
25 161
26 28
26 30
26 32
26 34
26 35
26 37
26 38
26 39
26 40
26 43
26 44
26 45
26 46
26 47
26 49
26 53
26 54
26 55
26 56
26 59
26 61
26 63
26 64
26 69
26 70
26 72
26 73
26 74
26 76
26 77
26 80
26 82
26 84
26 85
26 86
26 87
26 89
26 91
26 92
26 93
26 94
26 96
26 97
26 98
26 102
26 103
26 104
26 105
26 106
26 108
26 109
26 111
26 112
26 114
26 115
26 117
26 118
26 119
26 125
26 126
26 131
26 133
26 134
26 135
26 136
26 137
26 140
26 143
26 144
26 145
26 147
26 150
26 151
26 154
26 157
26 159
26 160
26 161
27 31
27 38
27 39
27 43
27 44
27 51
27 52
27 62
27 69
27 70
27 71
27 80
27 89
27 99
27 101
27 104
27 108
27 111
27 115
27 125
27 128
27 133
27 152
28 30
28 32
28 35
28 36
28 39
28 40
28 42
28 44
28 45
28 47
28 48
28 58
28 59
28 63
28 68
28 70
28 72
28 74
28 79
28 85
28 86
28 89
28 92
28 94
28 97
28 100
28 108
28 111
28 113
28 114
28 115
28 120
28 125
28 129
28 133
28 137
28 141
28 142
28 143
28 144
28 145
28 149
28 151
28 157
28 161
29 31
29 32
29 34
29 38
29 40
29 41
29 45
29 46
29 51
29 55
29 57
29 59
29 63
29 64
29 65
29 68
29 70
29 79
29 82
29 91
29 94
29 101
29 102
29 113
29 114
29 115
29 118
29 124
29 125
29 127
29 135
29 138
29 139
29 140
29 141
29 158
29 161
30 31
30 33
30 35
30 36
30 37
30 39
30 40
30 41
30 42
30 43
30 44
30 45
30 49
30 52
30 54
30 56
30 57
30 58
30 63
30 66
30 67
30 68
30 69
30 70
30 71
30 73
30 76
30 80
30 82
30 86
30 88
30 89
30 91
30 92
30 97
30 101
30 102
30 105
30 106
30 108
30 109
30 112
30 114
30 117
30 119
30 125
30 133
30 136
30 139
30 140
30 142
30 144
30 152
30 154
30 157
30 158
30 161
31 32
31 34
31 35
31 37
31 40
31 41
31 42
31 43
31 44
31 45
31 46
31 48
31 49
31 50
31 52
31 53
31 54
31 55
31 56
31 59
31 61
31 62
31 63
31 64
31 65
31 66
31 67
31 68
31 71
31 73
31 74
31 76
31 77
31 80
31 84
31 85
31 87
31 89
31 90
31 95
31 96
31 97
31 98
31 102
31 105
31 106
31 107
31 108
31 109
31 110
31 112
31 113
31 115
31 124
31 127
31 129
31 130
31 131
31 132
31 133
31 142
31 145
31 146
31 147
31 150
31 151
31 152
31 153
31 154
31 156
31 157
31 161
32 33
32 34
32 38
32 39
32 40
32 41
32 44
32 45
32 46
32 47
32 48
32 51
32 52
32 53
32 54
32 58
32 63
32 64
32 66
32 67
32 68
32 70
32 76
32 79
32 80
32 83
32 85
32 91
32 92
32 93
32 94
32 99
32 104
32 105
32 109
32 111
32 114
32 116
32 117
32 118
32 125
32 126
32 128
32 129
32 131
32 132
32 133
32 136
32 141
32 142
32 147
32 149
32 152
32 153
32 154
32 158
32 160
32 161
33 42
33 46
33 63
33 64
33 65
33 67
33 72
33 73
33 75
33 84
33 91
33 99
33 101
33 104
33 112
33 117
33 125
33 133
33 137
33 139
33 150
33 151
33 157
33 158
34 38
34 39
34 42
34 43
34 45
34 49
34 50
34 51
34 54
34 55
34 56
34 63
34 67
34 73
34 75
34 79
34 81
34 84
34 86
34 90
34 93
34 94
34 97
34 102
34 105
34 106
34 107
34 109
34 111
34 112
34 115
34 125
34 128
34 142
34 146
34 151
34 152
34 153
34 154
34 157
34 160
35 36
35 39
35 40
35 48
35 49
35 50
35 51
35 52
35 55
35 57
35 58
35 62
35 63
35 65
35 69
35 70
35 71
35 72
35 73
35 74
35 76
35 78
35 79
35 80
35 82
35 87
35 89
35 91
35 92
35 94
35 100
35 102
35 103
35 106
35 107
35 108
35 109
35 112
35 117
35 122
35 125
35 126
35 128
35 129
35 133
35 134
35 137
35 141
35 142
35 151
35 155
35 156
35 158
36 37
36 38
36 41
36 43
36 44
36 51
36 55
36 58
36 64
36 65
36 66
36 67
36 70
36 79
36 80
36 86
36 87
36 91
36 94
36 96
36 100
36 105
36 106
36 110
36 115
36 125
36 129
36 135
36 136
36 137
36 140
36 142
36 147
36 151
36 152
36 155
36 157
36 159
36 160
37 40
37 44
37 48
37 55
37 56
37 60
37 61
37 67
37 70
37 74
37 80
37 81
37 82
37 86
37 89
37 92
37 96
37 97
37 101
37 102
37 105
37 106
37 107
37 112
37 115
37 122
37 125
37 129
37 130
37 134
37 137
37 141
37 147
37 149
37 152
37 156
37 157
37 158
37 160
37 161
38 40
38 41
38 43
38 45
38 46
38 49
38 50
38 51
38 56
38 63
38 67
38 68
38 69
38 72
38 76
38 77
38 79
38 80
38 87
38 93
38 94
38 95
38 99
38 101
38 103
38 104
38 108
38 109
38 111
38 112
38 114
38 115
38 117
38 122
38 123
38 125
38 129
38 132
38 133
38 137
38 139
38 141
38 142
38 143
38 146
38 147
38 150
38 152
38 153
38 155
38 156
38 160
39 48
39 49
39 53
39 56
39 64
39 66
39 67
39 68
39 74
39 77
39 83
39 84
39 88
39 89
39 97
39 100
39 101
39 107
39 111
39 112
39 115
39 118
39 120
39 122
39 129
39 130
39 135
39 137
39 138
39 139
39 143
39 147
39 149
39 153
39 161
40 43
40 46
40 51
40 53
40 54
40 55
40 56
40 58
40 61
40 62
40 68
40 71
40 72
40 75
40 76
40 79
40 84
40 85
40 86
40 87
40 88
40 91
40 93
40 94
40 96
40 97
40 100
40 101
40 102
40 103
40 105
40 106
40 107
40 108
40 110
40 111
40 114
40 115
40 117
40 118
40 121
40 126
40 131
40 133
40 134
40 135
40 136
40 137
40 138
40 139
40 140
40 146
40 151
40 152
40 153
40 157
40 158
40 160
40 161
41 49
41 57
41 59
41 65
41 79
41 81
41 86
41 89
41 93
41 94
41 97
41 98
41 101
41 102
41 105
41 106
41 109
41 113
41 115
41 117
41 131
41 136
41 140
41 142
41 143
41 151
42 46
42 47
42 51
42 52
42 55
42 56
42 58
42 59
42 65
42 66
42 67
42 70
42 73
42 75
42 79
42 83
42 84
42 85
42 87
42 92
42 94
42 95
42 102
42 106
42 115
42 117
42 125
42 131
42 133
42 134
42 138
42 146
42 147
42 151
42 154
42 156
42 158
43 49
43 50
43 51
43 53
43 54
43 55
43 56
43 58
43 60
43 64
43 65
43 66
43 67
43 68
43 69
43 70
43 71
43 72
43 73
43 74
43 79
43 84
43 87
43 94
43 98
43 100
43 102
43 104
43 105
43 106
43 107
43 109
43 110
43 111
43 113
43 115
43 117
43 119
43 121
43 131
43 132
43 134
43 137
43 138
43 139
43 142
43 147
43 151
43 155
43 156
43 158
44 45
44 49
44 51
44 56
44 58
44 60
44 65
44 68
44 69
44 72
44 74
44 76
44 77
44 81
44 86
44 91
44 96
44 97
44 98
44 100
44 101
44 104
44 106
44 108
44 109
44 110
44 112
44 113
44 114
44 115
44 117
44 120
44 123
44 125
44 128
44 129
44 131
44 133
44 135
44 137
44 138
44 139
44 142
44 145
44 146
44 147
44 152
44 153
44 154
44 155
44 156
44 158
44 159
44 160
45 48
45 51
45 55
45 56
45 59
45 60
45 62
45 63
45 64
45 68
45 69
45 71
45 72
45 73
45 74
45 77
45 84
45 85
45 86
45 87
45 89
45 90
45 94
45 97
45 101
45 102
45 105
45 106
45 113
45 114
45 115
45 116
45 118
45 122
45 126
45 129
45 131
45 133
45 134
45 135
45 136
45 137
45 140
45 141
45 143
45 145
45 146
45 147
45 153
45 154
45 155
45 157
45 158
45 159
45 161
46 49
46 51
46 52
46 53
46 54
46 63
46 65
46 68
46 70
46 71
46 72
46 77
46 84
46 85
46 86
46 87
46 89
46 91
46 92
46 95
46 97
46 102
46 105
46 106
46 112
46 117
46 119
46 120
46 125
46 126
46 128
46 130
46 131
46 133
46 135
46 137
46 147
46 149
46 151
46 152
46 161
47 49
47 54
47 55
47 87
47 95
47 105
47 106
47 118
47 123
47 129
47 133
47 137
47 145
47 161
48 51
48 54
48 56
48 57
48 58
48 62
48 63
48 64
48 65
48 67
48 68
48 73
48 75
48 79
48 85
48 87
48 88
48 99
48 103
48 106
48 110
48 113
48 117
48 120
48 121
48 126
48 134
48 137
48 142
48 145
48 152
49 50
49 51
49 54
49 55
49 56
49 58
49 59
49 61
49 62
49 64
49 66
49 67
49 68
49 70
49 73
49 74
49 75
49 77
49 79
49 80
49 82
49 86
49 87
49 91
49 93
49 94
49 95
49 97
49 98
49 102
49 106
49 109
49 112
49 116
49 121
49 125
49 128
49 129
49 131
49 132
49 133
49 134
49 136
49 138
49 141
49 142
49 145
49 146
49 147
49 151
49 152
49 154
49 160
50 51
50 58
50 59
50 61
50 63
50 64
50 68
50 70
50 71
50 73
50 79
50 80
50 81
50 82
50 84
50 85
50 89
50 91
50 92
50 93
50 98
50 99
50 108
50 113
50 114
50 116
50 124
50 129
50 130
50 133
50 134
50 135
50 137
50 139
50 144
50 145
50 147
50 148
50 149
50 150
50 152
50 153
50 154
50 155
50 156
50 157
50 158
50 160
51 55
51 56
51 57
51 59
51 65
51 67
51 68
51 69
51 71
51 72
51 73
51 75
51 77
51 79
51 80
51 81
51 82
51 83
51 84
51 85
51 88
51 93
51 94
51 97
51 100
51 101
51 102
51 105
51 106
51 107
51 108
51 109
51 111
51 112
51 113
51 114
51 115
51 117
51 118
51 119
51 124
51 126
51 128
51 129
51 133
51 134
51 135
51 136
51 138
51 139
51 140
51 146
51 149
51 150
51 151
51 152
51 153
51 154
51 156
51 157
51 158
52 54
52 58
52 61
52 64
52 65
52 69
52 70
52 71
52 72
52 74
52 77
52 83
52 85
52 87
52 90
52 94
52 95
52 97
52 100
52 101
52 109
52 120
52 125
52 130
52 133
52 135
52 141
52 142
52 144
52 147
52 149
52 152
52 153
52 154
52 157
52 159
52 161
53 54
53 57
53 65
53 70
53 71
53 73
53 82
53 87
53 94
53 102
53 104
53 106
53 112
53 115
53 130
53 135
53 138
53 145
53 146
53 157
53 158
53 160
54 56
54 60
54 63
54 65
54 66
54 68
54 71
54 72
54 73
54 74
54 77
54 79
54 80
54 83
54 86
54 87
54 91
54 95
54 96
54 100
54 101
54 102
54 105
54 106
54 108
54 109
54 111
54 112
54 115
54 117
54 118
54 119
54 122
54 123
54 124
54 128
54 131
54 133
54 135
54 136
54 138
54 142
54 143
54 145
54 147
54 148
54 149
54 150
54 151
54 152
54 153
54 154
54 155
54 158
54 160
54 161
55 56
55 60
55 61
55 64
55 66
55 67
55 68
55 69
55 73
55 79
55 80
55 87
55 89
55 90
55 91
55 92
55 99
55 100
55 101
55 102
55 105
55 106
55 109
55 114
55 115
55 118
55 121
55 126
55 132
55 134
55 135
55 136
55 137
55 141
55 142
55 143
55 144
55 146
55 152
55 153
55 154
55 158
56 59
56 60
56 62
56 63
56 66
56 67
56 68
56 69
56 70
56 71
56 74
56 75
56 79
56 80
56 82
56 85
56 88
56 91
56 93
56 94
56 95
56 97
56 98
56 99
56 100
56 101
56 102
56 105
56 107
56 108
56 109
56 110
56 112
56 113
56 114
56 116
56 117
56 125
56 128
56 129
56 130
56 131
56 133
56 135
56 136
56 137
56 138
56 139
56 141
56 142
56 145
56 147
56 149
56 151
56 154
56 155
56 158
56 160
57 58
57 61
57 63
57 64
57 65
57 66
57 69
57 78
57 86
57 87
57 97
57 101
57 102
57 103
57 105
57 106
57 108
57 113
57 115
57 119
57 122
57 125
57 127
57 131
57 134
57 138
57 143
57 146
57 148
57 152
57 153
57 154
57 158
58 63
58 64
58 65
58 70
58 71
58 73
58 74
58 75
58 79
58 80
58 82
58 83
58 85
58 87
58 89
58 90
58 93
58 94
58 96
58 99
58 100
58 105
58 106
58 107
58 108
58 110
58 111
58 112
58 113
58 115
58 116
58 121
58 123
58 125
58 126
58 127
58 128
58 129
58 131
58 133
58 134
58 136
58 137
58 139
58 142
58 143
58 145
58 147
58 149
58 150
58 152
58 154
58 158
59 60
59 64
59 65
59 68
59 70
59 72
59 73
59 74
59 80
59 82
59 83
59 89
59 94
59 101
59 108
59 112
59 113
59 115
59 117
59 118
59 127
59 129
59 138
59 139
59 150
59 161
60 63
60 65
60 68
60 77
60 108
60 110
60 112
60 114
60 125
60 128
60 133
60 134
60 146
60 151
60 153
60 158
61 62
61 63
61 64
61 66
61 67
61 68
61 71
61 73
61 74
61 78
61 79
61 92
61 93
61 103
61 104
61 105
61 107
61 108
61 109
61 110
61 111
61 112
61 115
61 117
61 118
61 119
61 120
61 121
61 131
61 137
61 143
61 145
61 147
61 148
61 150
61 151
61 152
61 154
61 157
61 161
62 64
62 67
62 69
62 71
62 72
62 75
62 79
62 89
62 102
62 104
62 105
62 108
62 114
62 115
62 124
62 125
62 126
62 137
62 142
62 145
62 152
63 64
63 67
63 68
63 72
63 73
63 74
63 76
63 77
63 79
63 80
63 81
63 82
63 84
63 85
63 94
63 98
63 103
63 106
63 108
63 109
63 113
63 115
63 118
63 125
63 126
63 130
63 133
63 134
63 136
63 137
63 139
63 141
63 142
63 143
63 150
63 152
63 153
63 158
63 160
64 65
64 66
64 67
64 68
64 69
64 71
64 72
64 73
64 76
64 77
64 79
64 81
64 84
64 85
64 86
64 89
64 94
64 95
64 97
64 99
64 100
64 102
64 105
64 106
64 107
64 110
64 112
64 113
64 114
64 115
64 116
64 117
64 118
64 121
64 125
64 126
64 127
64 128
64 129
64 130
64 131
64 133
64 136
64 137
64 142
64 143
64 145
64 146
64 147
64 150
64 153
64 154
64 155
64 157
64 158
65 66
65 67
65 68
65 71
65 73
65 74
65 77
65 79
65 80
65 84
65 85
65 87
65 89
65 93
65 94
65 97
65 99
65 100
65 101
65 103
65 104
65 105
65 106
65 107
65 108
65 111
65 112
65 113
65 115
65 120
65 121
65 122
65 125
65 127
65 128
65 130
65 131
65 134
65 135
65 136
65 137
65 138
65 139
65 142
65 143
65 150
65 152
65 153
65 154
65 158
65 160
66 67
66 68
66 69
66 70
66 72
66 74
66 76
66 77
66 79
66 81
66 86
66 87
66 92
66 93
66 94
66 95
66 101
66 103
66 104
66 109
66 111
66 114
66 116
66 117
66 129
66 132
66 133
66 135
66 136
66 138
66 142
66 147
66 152
66 157
66 158
66 160
66 161
67 68
67 71
67 73
67 77
67 79
67 80
67 82
67 84
67 85
67 87
67 89
67 92
67 93
67 94
67 96
67 97
67 100
67 101
67 102
67 103
67 104
67 107
67 108
67 109
67 110
67 111
67 112
67 113
67 118
67 125
67 129
67 131
67 132
67 133
67 135
67 137
67 141
67 142
67 143
67 146
67 147
67 149
67 150
67 151
67 153
67 154
67 155
67 156
67 157
67 158
67 161
68 69
68 70
68 71
68 73
68 75
68 76
68 77
68 79
68 80
68 81
68 82
68 84
68 85
68 88
68 89
68 91
68 92
68 93
68 97
68 99
68 100
68 101
68 102
68 105
68 106
68 108
68 109
68 113
68 114
68 115
68 116
68 117
68 119
68 120
68 125
68 128
68 129
68 134
68 135
68 137
68 138
68 139
68 143
68 144
68 145
68 146
68 147
68 148
68 150
68 151
68 153
68 154
68 155
68 156
68 158
68 159
68 161
69 70
69 71
69 72
69 76
69 77
69 79
69 80
69 83
69 85
69 86
69 90
69 92
69 93
69 96
69 97
69 98
69 100
69 101
69 102
69 104
69 105
69 109
69 112
69 113
69 114
69 115
69 117
69 118
69 126
69 128
69 129
69 131
69 132
69 133
69 134
69 138
69 141
69 145
69 146
69 147
69 149
69 150
69 151
69 154
69 155
69 157
69 158
69 159
69 160
69 161
70 71
70 72
70 73
70 75
70 77
70 79
70 83
70 84
70 85
70 87
70 88
70 89
70 90
70 91
70 92
70 94
70 97
70 98
70 100
70 101
70 102
70 105
70 106
70 107
70 108
70 109
70 111
70 112
70 113
70 114
70 115
70 116
70 117
70 118
70 119
70 122
70 123
70 125
70 129
70 134
70 135
70 136
70 137
70 138
70 139
70 141
70 142
70 146
70 147
70 148
70 149
70 150
70 152
70 153
70 157
70 158
70 159
70 160
71 72
71 73
71 74
71 75
71 78
71 79
71 84
71 85
71 87
71 88
71 89
71 91
71 92
71 94
71 97
71 98
71 99
71 100
71 101
71 105
71 107
71 108
71 112
71 113
71 116
71 117
71 118
71 119
71 121
71 125
71 129
71 133
71 134
71 138
71 139
71 141
71 143
71 145
71 146
71 147
71 151
71 152
71 154
71 161
72 74
72 77
72 79
72 80
72 81
72 85
72 89
72 94
72 97
72 99
72 102
72 103
72 105
72 107
72 108
72 110
72 112
72 113
72 114
72 115
72 116
72 118
72 119
72 120
72 121
72 122
72 124
72 125
72 126
72 128
72 129
72 131
72 133
72 134
72 135
72 136
72 137
72 138
72 139
72 140
72 141
72 147
72 148
72 149
72 151
72 152
72 153
72 154
72 157
72 158
72 161
73 75
73 76
73 79
73 82
73 84
73 86
73 88
73 89
73 92
73 93
73 94
73 97
73 100
73 101
73 104
73 105
73 108
73 109
73 112
73 115
73 117
73 118
73 125
73 130
73 131
73 133
73 134
73 136
73 137
73 139
73 141
73 145
73 147
73 150
73 151
73 152
73 154
73 155
73 156
73 158
73 161
74 80
74 86
74 90
74 91
74 93
74 94
74 96
74 97
74 100
74 102
74 103
74 105
74 106
74 107
74 108
74 110
74 111
74 114
74 115
74 116
74 125
74 126
74 130
74 131
74 133
74 134
74 137
74 138
74 139
74 141
74 142
74 145
74 149
74 151
74 152
74 153
74 154
74 161
75 76
75 78
75 79
75 80
75 84
75 88
75 89
75 93
75 94
75 95
75 99
75 100
75 101
75 105
75 108
75 110
75 118
75 121
75 123
75 126
75 130
75 133
75 135
75 138
75 142
75 143
75 144
75 145
75 148
75 152
75 155
75 156
75 161
76 80
76 81
76 85
76 88
76 101
76 106
76 108
76 109
76 112
76 132
76 133
76 134
76 139
76 141
76 145
76 153
76 155
76 160
77 79
77 84
77 86
77 88
77 89
77 97
77 100
77 102
77 106
77 107
77 111
77 112
77 114
77 115
77 118
77 125
77 126
77 128
77 129
77 130
77 131
77 136
77 138
77 139
77 141
77 142
77 145
77 147
77 149
77 152
77 153
77 154
77 155
77 158
78 102
78 119
78 138
78 141
78 142
78 151
78 152
78 154
78 160
79 80
79 84
79 85
79 86
79 92
79 93
79 94
79 95
79 96
79 97
79 99
79 101
79 102
79 103
79 105
79 108
79 109
79 111
79 112
79 113
79 114
79 117
79 118
79 119
79 121
79 122
79 123
79 125
79 128
79 129
79 130
79 131
79 132
79 133
79 134
79 137
79 139
79 141
79 142
79 145
79 147
79 149
79 150
79 151
79 152
79 153
79 156
79 157
80 84
80 86
80 87
80 88
80 89
80 92
80 94
80 100
80 101
80 102
80 103
80 104
80 113
80 115
80 117
80 122
80 133
80 136
80 137
80 142
80 149
80 150
80 155
81 87
81 89
81 95
81 105
81 106
81 108
81 109
81 114
81 125
81 131
81 136
81 138
81 139
81 141
81 147
81 149
81 155
81 157
82 84
82 87
82 92
82 96
82 99
82 109
82 111
82 114
82 120
82 125
82 127
82 130
82 134
82 138
82 145
82 150
82 151
82 154
83 84
83 85
83 89
83 97
83 100
83 107
83 110
83 113
83 118
83 119
83 129
83 130
83 137
83 138
83 151
83 152
83 154
83 157
83 160
84 90
84 93
84 95
84 101
84 104
84 105
84 106
84 109
84 112
84 115
84 128
84 131
84 133
84 134
84 135
84 136
84 138
84 139
84 141
84 142
84 145
84 147
84 148
84 149
84 151
84 152
84 153
84 157
84 158
85 90
85 91
85 98
85 101
85 103
85 105
85 113
85 123
85 127
85 132
85 138
85 139
85 140
85 142
85 143
85 148
85 151
85 154
85 157
86 87
86 95
86 98
86 102
86 105
86 106
86 108
86 109
86 114
86 115
86 118
86 125
86 128
86 131
86 133
86 135
86 136
86 138
86 148
86 152
86 159
87 89
87 91
87 95
87 101
87 103
87 105
87 106
87 107
87 111
87 112
87 116
87 117
87 118
87 124
87 125
87 126
87 129
87 130
87 133
87 136
87 137
87 142
87 154
87 158
87 160
87 161
88 91
88 93
88 94
88 98
88 100
88 101
88 103
88 105
88 106
88 107
88 108
88 115
88 116
88 117
88 118
88 123
88 125
88 133
88 134
88 138
88 142
88 143
88 145
88 147
88 149
88 153
88 154
88 161
89 90
89 97
89 98
89 100
89 101
89 102
89 105
89 108
89 110
89 112
89 114
89 115
89 117
89 119
89 125
89 126
89 127
89 128
89 129
89 131
89 133
89 138
89 139
89 140
89 141
89 142
89 145
89 147
89 149
89 154
89 155
89 158
89 159
89 160
89 161
90 93
90 94
90 97
90 101
90 102
90 109
90 112
90 126
90 129
90 136
90 150
90 153
90 155
90 158
91 99
91 101
91 106
91 107
91 108
91 111
91 112
91 117
91 121
91 124
91 125
91 126
91 128
91 131
91 133
91 136
91 137
91 138
91 139
91 142
91 145
91 150
91 151
91 155
91 159
91 160
92 97
92 101
92 102
92 103
92 105
92 114
92 115
92 124
92 125
92 142
92 146
92 152
92 154
92 157
92 160
93 95
93 99
93 102
93 104
93 105
93 106
93 108
93 110
93 112
93 113
93 115
93 116
93 118
93 121
93 123
93 125
93 128
93 130
93 134
93 135
93 136
93 138
93 139
93 141
93 143
93 145
93 149
93 154
93 157
94 96
94 97
94 98
94 101
94 102
94 105
94 106
94 107
94 111
94 112
94 114
94 117
94 118
94 119
94 125
94 126
94 132
94 133
94 134
94 136
94 137
94 139
94 141
94 142
94 143
94 146
94 151
94 152
94 153
94 154
94 158
94 159
94 160
95 98
95 101
95 109
95 111
95 117
95 119
95 121
95 129
95 131
95 138
95 149
95 157
95 158
95 159
96 97
96 101
96 108
96 111
96 112
96 133
96 139
96 142
96 146
96 154
97 99
97 102
97 103
97 106
97 109
97 110
97 113
97 114
97 115
97 118
97 124
97 125
97 126
97 129
97 133
97 137
97 138
97 144
97 146
97 147
97 148
97 150
97 152
97 154
97 155
98 101
98 106
98 112
98 113
98 115
98 117
98 124
98 129
98 131
98 133
98 135
98 136
98 137
98 138
98 143
98 146
98 152
98 155
98 157
98 158
98 159
99 102
99 105
99 106
99 116
99 117
99 125
99 133
99 134
99 135
99 137
99 138
99 139
99 150
99 151
99 153
99 155
99 158
99 159
100 106
100 107
100 108
100 109
100 112
100 113
100 114
100 117
100 118
100 131
100 138
100 140
100 142
100 146
100 150
100 152
100 153
100 161
101 104
101 106
101 107
101 108
101 111
101 117
101 118
101 124
101 125
101 129
101 131
101 134
101 135
101 137
101 138
101 139
101 140
101 141
101 142
101 144
101 145
101 147
101 152
101 153
101 157
101 158
101 159
101 161
102 104
102 105
102 106
102 108
102 111
102 113
102 115
102 116
102 117
102 118
102 120
102 121
102 125
102 126
102 127
102 128
102 134
102 137
102 138
102 139
102 140
102 141
102 142
102 143
102 146
102 147
102 148
102 152
102 157
102 158
103 106
103 114
103 115
103 116
103 117
103 118
103 125
103 129
103 131
103 134
103 137
103 138
103 146
103 150
103 151
103 154
103 155
103 158
103 160
104 108
104 111
104 112
104 122
104 124
104 133
104 134
104 135
104 136
104 137
104 138
104 144
104 149
104 151
104 154
104 158
105 107
105 113
105 118
105 120
105 125
105 126
105 129
105 130
105 131
105 133
105 134
105 135
105 137
105 142
105 145
105 146
105 147
105 150
105 151
105 152
105 153
105 154
105 157
105 161
106 108
106 113
106 114
106 115
106 116
106 117
106 118
106 119
106 125
106 126
106 127
106 129
106 131
106 133
106 135
106 136
106 137
106 139
106 141
106 142
106 143
106 146
106 147
106 152
106 153
106 157
106 158
106 159
106 160
107 109
107 117
107 118
107 125
107 129
107 138
107 139
107 141
107 142
107 152
107 153
108 109
108 110
108 111
108 112
108 114
108 116
108 118
108 121
108 125
108 126
108 128
108 129
108 130
108 131
108 135
108 136
108 137
108 138
108 139
108 140
108 142
108 143
108 147
108 150
108 152
108 154
108 155
108 156
108 157
108 158
108 159
108 160
108 161
109 110
109 111
109 113
109 114
109 115
109 116
109 117
109 118
109 120
109 125
109 126
109 129
109 130
109 131
109 133
109 134
109 136
109 137
109 138
109 140
109 145
109 146
109 149
109 150
109 151
109 153
109 154
109 155
109 157
109 158
109 160
109 161
110 113
110 117
110 128
110 129
110 137
110 138
110 143
110 145
110 149
110 150
110 154
110 157
110 158
110 160
111 115
111 116
111 118
111 120
111 125
111 134
111 137
111 138
111 139
111 142
111 145
111 148
111 149
111 151
111 152
111 153
111 157
111 158
112 114
112 115
112 117
112 118
112 119
112 125
112 129
112 131
112 134
112 137
112 138
112 142
112 145
112 147
112 150
112 151
112 154
112 155
112 158
112 159
112 161
113 115
113 126
113 128
113 129
113 131
113 132
113 133
113 135
113 137
113 138
113 139
113 142
113 145
113 146
113 147
113 148
113 151
113 153
113 154
113 155
113 158
113 159
114 115
114 118
114 119
114 122
114 126
114 127
114 128
114 130
114 133
114 137
114 138
114 141
114 147
114 148
114 152
114 153
114 155
114 156
114 161
115 116
115 118
115 119
115 120
115 123
115 124
115 127
115 129
115 131
115 133
115 134
115 137
115 138
115 141
115 142
115 143
115 145
115 146
115 148
115 149
115 151
115 153
115 154
115 157
115 158
115 159
115 160
115 161
116 117
116 119
116 130
116 133
116 135
116 140
116 147
116 149
116 152
116 157
116 161
117 121
117 125
117 128
117 129
117 131
117 133
117 134
117 135
117 138
117 139
117 140
117 141
117 142
117 145
117 149
117 152
117 153
117 154
117 155
117 156
117 157
117 160
117 161
118 120
118 122
118 124
118 126
118 128
118 132
118 133
118 134
118 135
118 136
118 137
118 138
118 142
118 143
118 145
118 146
118 147
118 148
118 149
118 150
118 151
118 152
118 153
118 154
118 157
118 161
119 133
119 142
119 147
119 152
119 157
119 161
120 137
120 141
120 150
120 152
120 153
120 154
121 133
121 136
121 142
121 153
121 157
121 161
122 131
122 139
122 146
123 127
123 147
124 130
124 131
124 143
124 145
124 152
124 156
125 128
125 131
125 133
125 134
125 137
125 138
125 140
125 142
125 147
125 148
125 152
125 155
125 157
125 158
126 129
126 134
126 137
126 138
126 145
126 146
126 151
126 153
126 155
126 158
127 134
127 142
127 143
127 156
127 157
127 160
127 161
128 131
128 132
128 136
128 142
128 149
128 151
128 153
128 154
128 156
128 158
128 159
128 161
129 130
129 132
129 133
129 135
129 138
129 140
129 142
129 145
129 147
129 149
129 152
129 153
129 154
129 158
129 159
129 160
129 161
130 131
130 133
130 134
130 138
130 140
130 145
130 146
130 147
130 150
130 157
130 160
131 133
131 134
131 136
131 138
131 139
131 142
131 145
131 146
131 147
131 148
131 149
131 150
131 151
131 153
131 157
131 160
131 161
132 133
132 134
132 135
132 138
132 142
132 146
132 147
132 153
132 155
133 135
133 136
133 137
133 138
133 139
133 147
133 150
133 152
133 153
133 157
133 158
133 159
134 135
134 137
134 138
134 139
134 145
134 146
134 147
134 148
134 149
134 153
134 157
134 161
135 137
135 142
135 144
135 145
135 148
135 149
135 151
135 152
135 156
135 161
136 137
136 138
136 142
136 146
136 149
136 151
136 152
136 153
136 155
136 158
136 159
136 161
137 138
137 139
137 142
137 146
137 147
137 148
137 149
137 150
137 151
137 152
137 154
137 157
137 159
137 160
138 141
138 147
138 151
138 153
138 154
138 156
138 157
138 161
139 142
139 143
139 144
139 146
139 147
139 148
139 151
139 153
139 155
139 156
139 157
139 158
139 159
139 161
140 145
140 146
140 149
140 151
140 156
140 158
140 159
141 142
141 144
141 145
141 150
141 152
141 154
141 155
141 159
141 161
142 145
142 146
142 147
142 148
142 149
142 151
142 152
142 153
142 154
142 155
142 158
143 147
143 152
143 153
143 155
144 147
144 154
144 156
145 147
145 150
145 154
145 158
145 160
146 147
146 149
146 154
146 157
146 159
147 151
147 153
147 154
147 155
147 156
147 160
147 161
148 154
149 152
149 154
149 157
149 161
150 151
150 152
150 154
150 157
150 159
151 154
151 158
151 160
152 153
152 154
152 155
152 156
152 157
152 158
152 160
153 155
153 159
154 155
154 156
154 159
154 160
155 157
155 158
155 159
155 160
156 157
156 158
156 160
157 158
157 159
157 160
159 161
