0 5
0 6
0 7
0 11
0 12
0 14
0 15
0 19
0 21
0 26
0 27
0 28
0 30
0 32
0 33
0 37
0 39
0 40
0 41
0 43
0 46
0 49
0 50
0 51
0 55
0 60
0 62
0 64
0 66
0 67
0 68
0 70
0 71
0 73
0 82
0 83
0 85
0 89
0 97
0 100
0 101
0 105
0 108
0 111
0 112
0 120
0 127
0 129
0 131
0 134
0 138
0 147
0 150
0 154
0 161
1 4
1 6
1 7
1 10
1 15
1 17
1 19
1 28
1 31
1 32
1 38
1 44
1 46
1 51
1 52
1 53
1 61
1 67
1 68
1 70
1 72
1 73
1 88
1 99
1 101
1 102
1 103
1 110
1 112
1 114
1 115
1 118
1 125
1 129
1 133
1 136
1 137
1 139
1 147
1 148
1 149
1 150
1 152
1 153
1 157
1 160
2 4
2 6
2 16
2 21
2 30
2 43
2 46
2 54
2 56
2 58
2 62
2 69
2 77
2 80
2 86
2 89
2 93
2 99
2 100
2 107
2 108
2 111
2 117
2 126
2 131
2 135
2 137
2 142
2 153
3 7
3 10
3 12
3 16
3 23
3 31
3 44
3 46
3 50
3 59
3 60
3 63
3 64
3 67
3 75
3 76
3 77
3 84
3 88
3 92
3 96
3 99
3 101
3 102
3 105
3 106
3 107
3 111
3 114
3 125
3 129
3 131
3 133
3 152
3 154
3 157
3 158
3 160
3 161
4 6
4 9
4 11
4 13
4 15
4 19
4 28
4 30
4 31
4 32
4 34
4 36
4 40
4 43
4 44
4 49
4 51
4 55
4 56
4 59
4 64
4 65
4 66
4 68
4 72
4 74
4 82
4 83
4 88
4 91
4 92
4 94
4 95
4 99
4 102
4 103
4 105
4 106
4 107
4 108
4 111
4 117
4 118
4 119
4 126
4 127
4 129
4 130
4 131
4 132
4 133
4 134
4 135
4 136
4 137
4 138
4 139
4 140
4 141
4 142
4 143
4 144
4 145
4 146
4 150
4 151
4 152
4 153
4 154
4 158
4 159
4 161
5 9
5 26
5 31
5 40
5 49
5 50
5 54
5 57
5 63
5 71
5 72
5 74
5 80
5 81
5 85
5 89
5 102
5 111
5 113
5 129
5 133
5 134
5 137
5 139
5 142
5 146
5 147
5 149
5 152
6 7
6 8
6 9
6 10
6 11
6 12
6 13
6 14
6 15
6 18
6 19
6 21
6 22
6 23
6 25
6 26
6 28
6 30
6 31
6 32
6 33
6 35
6 36
6 40
6 45
6 51
6 52
6 55
6 56
6 59
6 60
6 63
6 65
6 66
6 69
6 70
6 71
6 72
6 74
6 76
6 84
6 85
6 86
6 87
6 90
6 93
6 97
6 98
6 100
6 101
6 102
6 103
6 105
6 106
6 107
6 108
6 109
6 110
6 112
6 114
6 115
6 116
6 117
6 118
6 120
6 122
6 128
6 129
6 135
6 137
6 138
6 139
6 142
6 143
6 145
6 148
6 151
6 152
6 153
6 154
6 157
6 158
6 159
6 160
6 161
7 10
7 12
7 14
7 15
7 16
7 19
7 20
7 21
7 27
7 30
7 31
7 32
7 34
7 35
7 38
7 39
7 40
7 42
7 43
7 45
7 46
7 51
7 53
7 54
7 56
7 63
7 65
7 66
7 68
7 69
7 70
7 71
7 72
7 73
7 81
7 82
7 83
7 84
7 85
7 87
7 88
7 89
7 94
7 97
7 98
7 101
7 102
7 104
7 105
7 107
7 108
7 109
7 112
7 113
7 116
7 117
7 118
7 123
7 125
7 126
7 128
7 129
7 133
7 134
7 137
7 138
7 139
7 141
7 142
7 146
7 147
7 148
7 151
7 153
7 155
7 157
7 158
7 159
7 161
8 11
8 18
8 19
8 21
8 22
8 30
8 31
8 36
8 45
8 56
8 57
8 61
8 62
8 65
8 73
8 79
8 98
8 100
8 101
8 104
8 105
8 106
8 107
8 109
8 111
8 113
8 114
8 128
8 129
8 130
8 131
8 135
8 140
8 142
8 146
8 152
8 154
9 14
9 20
9 21
9 23
9 25
9 26
9 28
9 29
9 30
9 32
9 35
9 38
9 40
9 44
9 45
9 46
9 51
9 57
9 64
9 65
9 67
9 68
9 72
9 73
9 74
9 77
9 79
9 87
9 94
9 97
9 99
9 108
9 113
9 115
9 116
9 118
9 119
9 122
9 123
9 125
9 128
9 129
9 131
9 132
9 133
9 136
9 138
9 140
9 149
9 154
9 155
9 157
9 158
9 160
9 161
10 11
10 14
10 19
10 21
10 31
10 32
10 37
10 39
10 40
10 42
10 44
10 53
10 54
10 55
10 56
10 64
10 65
10 67
10 70
10 74
10 75
10 77
10 79
10 84
10 86
10 89
10 92
10 94
10 98
10 100
10 106
10 107
10 109
10 111
10 112
10 114
10 118
10 125
10 126
10 127
10 133
10 138
10 140
10 141
10 146
10 151
10 152
10 154
10 158
10 161
11 17
11 18
11 24
11 26
11 31
11 32
11 37
11 40
11 43
11 45
11 46
11 49
11 50
11 57
11 58
11 60
11 61
11 63
11 64
11 65
11 67
11 69
11 72
11 75
11 77
11 79
11 84
11 85
11 86
11 93
11 94
11 96
11 102
11 103
11 105
11 106
11 107
11 108
11 109
11 112
11 113
11 114
11 117
11 120
11 126
11 129
11 130
11 131
11 133
11 134
11 135
11 136
11 139
11 142
11 143
11 145
11 147
11 148
11 151
11 152
11 153
11 157
11 158
11 159
11 160
12 15
12 16
12 17
12 21
12 35
12 38
12 39
12 40
12 44
12 49
12 50
12 51
12 53
12 54
12 63
12 64
12 65
12 66
12 68
12 83
12 84
12 98
12 100
12 101
12 103
12 106
12 107
12 108
12 109
12 111
12 112
12 113
12 114
12 126
12 133
12 134
12 137
12 138
12 139
12 141
12 142
12 147
12 148
12 151
12 152
13 14
13 18
13 25
13 26
13 28
13 31
13 35
13 38
13 43
13 45
13 49
13 51
13 52
13 56
13 57
13 64
13 68
13 72
13 74
13 77
13 81
13 82
13 89
13 98
13 105
13 109
13 112
13 113
13 114
13 115
13 116
13 122
13 124
13 125
13 126
13 133
13 134
13 139
13 145
13 147
13 149
13 157
13 158
14 17
14 21
14 24
14 26
14 27
14 28
14 29
14 30
14 31
14 32
14 33
14 34
14 35
14 38
14 40
14 41
14 42
14 46
14 47
14 49
14 51
14 54
14 55
14 56
14 63
14 64
14 67
14 68
14 69
14 70
14 72
14 73
14 74
14 76
14 77
14 79
14 80
14 83
14 84
14 86
14 87
14 89
14 93
14 94
14 97
14 100
14 105
14 106
14 107
14 108
14 109
14 111
14 112
14 117
14 118
14 120
14 122
14 130
14 131
14 134
14 137
14 138
14 139
14 143
14 145
14 146
14 150
14 151
14 152
14 153
14 154
14 156
14 157
14 158
14 159
14 160
15 19
15 21
15 29
15 30
15 32
15 38
15 40
15 45
15 47
15 50
15 53
15 54
15 56
15 67
15 68
15 75
15 89
15 91
15 100
15 102
15 111
15 122
15 133
15 136
15 137
15 138
15 140
15 149
15 157
15 159
15 161
16 20
16 22
16 26
16 28
16 33
16 34
16 41
16 46
16 49
16 51
16 55
16 61
16 64
16 65
16 66
16 67
16 68
16 70
16 71
16 73
16 82
16 83
16 84
16 85
16 89
16 91
16 99
16 101
16 102
16 105
16 106
16 108
16 109
16 110
16 114
16 115
16 128
16 130
16 141
16 145
16 147
16 148
16 152
16 154
17 30
17 33
17 34
17 36
17 40
17 42
17 46
17 54
17 64
17 68
17 70
17 72
17 87
17 99
17 109
17 113
17 118
17 134
17 136
17 142
17 145
17 146
17 151
17 160
18 19
18 21
18 22
18 24
18 26
18 29
18 30
18 31
18 32
18 33
18 36
18 40
18 44
18 45
18 46
18 50
18 51
18 56
18 58
18 61
18 63
18 64
18 67
18 68
18 70
18 71
18 74
18 76
18 84
18 94
18 97
18 99
18 100
18 101
18 105
18 108
18 111
18 112
18 113
18 114
18 115
18 116
18 119
18 126
18 128
18 129
18 130
18 133
18 134
18 135
18 138
18 142
18 143
18 145
18 148
18 149
18 153
18 157
18 159
19 22
19 25
19 26
19 27
19 30
19 31
19 32
19 40
19 48
19 49
19 50
19 51
19 56
19 57
19 58
19 62
19 63
19 64
19 65
19 66
19 67
19 69
19 70
19 71
19 72
19 73
19 75
19 76
19 80
19 81
19 82
19 85
19 86
19 88
19 89
19 91
19 93
19 98
19 100
19 103
19 104
19 105
19 106
19 108
19 109
19 110
19 111
19 112
19 113
19 115
19 118
19 119
19 121
19 123
19 126
19 127
19 129
19 130
19 131
19 133
19 134
19 135
19 136
19 137
19 138
19 139
19 140
19 141
19 142
19 147
19 150
19 152
19 158
19 159
19 160
19 161
20 21
20 28
20 29
20 31
20 34
20 35
20 37
20 43
20 44
20 45
20 47
20 64
20 72
20 82
20 86
20 87
20 97
20 100
20 101
20 106
20 108
20 112
20 117
20 118
20 122
20 128
20 129
20 130
20 132
20 138
20 141
20 150
20 151
20 152
21 22
21 26
21 28
21 30
21 32
21 34
21 36
21 38
21 40
21 43
21 45
21 49
21 50
21 54
21 56
21 58
21 59
21 60
21 61
21 63
21 64
21 66
21 68
21 69
21 70
21 71
21 72
21 74
21 76
21 79
21 83
21 85
21 89
21 90
21 91
21 97
21 102
21 106
21 107
21 109
21 110
21 112
21 113
21 114
21 122
21 124
21 125
21 126
21 130
21 131
21 133
21 135
21 136
21 138
21 139
21 140
21 144
21 145
21 150
21 151
21 152
21 153
21 154
21 158
22 30
22 31
22 33
22 35
22 39
22 46
22 49
22 51
22 53
22 62
22 63
22 71
22 73
22 75
22 78
22 84
22 86
22 89
22 94
22 97
22 101
22 102
22 103
22 105
22 106
22 112
22 113
22 114
22 115
22 119
22 125
22 129
22 134
22 136
22 138
22 139
22 147
22 148
22 151
22 153
22 157
22 161
23 26
23 28
23 33
23 38
23 39
23 41
23 43
23 44
23 45
23 47
23 52
23 54
23 64
23 65
23 71
23 72
23 77
23 84
23 86
23 87
23 94
23 95
23 98
23 100
23 101
23 118
23 126
23 131
23 133
23 134
23 137
23 146
23 148
23 149
23 155
23 157
24 26
24 30
24 33
24 34
24 36
24 38
24 39
24 40
24 41
24 48
24 49
24 58
24 59
24 63
24 75
24 77
24 79
24 81
24 83
24 86
24 89
24 94
24 97
24 98
24 101
24 109
24 111
24 113
24 114
24 115
24 121
24 129
24 130
24 135
24 148
24 149
24 151
24 153
24 159
25 26
25 30
25 34
25 36
25 37
25 39
25 42
25 45
25 46
25 49
25 50
25 51
25 55
25 58
25 59
25 65
25 67
25 71
25 72
25 73
25 79
25 82
25 84
25 89
25 92
25 94
25 100
25 101
25 102
25 105
25 112
25 115
25 123
25 125
25 126
25 129
25 131
25 135
25 137
25 138
25 139
25 140
25 142
25 143
25 147
25 152
25 153
25 154
25 155
25 156
26 27
26 29
26 30
26 31
26 36
26 37
26 38
26 39
26 43
26 45
26 48
26 50
26 51
26 54
26 55
26 56
26 57
26 58
26 61
26 65
26 66
26 69
26 70
26 72
26 74
26 75
26 77
26 79
26 80
26 81
26 87
26 89
26 90
26 93
26 96
26 100
26 101
26 102
26 106
26 107
26 108
26 111
26 113
26 115
26 116
26 117
26 118
26 120
26 122
26 123
26 125
26 129
26 131
26 133
26 135
26 137
26 139
26 140
26 141
26 142
26 144
26 146
26 149
26 154
26 158
26 160
27 34
27 40
27 44
27 51
27 54
27 58
27 65
27 67
27 68
27 71
27 72
27 75
27 77
27 83
27 94
27 95
27 101
27 113
27 114
27 115
27 132
27 139
27 141
28 30
28 34
28 35
28 36
28 38
28 45
28 47
28 49
28 51
28 55
28 56
28 65
28 67
28 69
28 70
28 71
28 73
28 75
28 82
28 87
28 89
28 99
28 100
28 101
28 107
28 109
28 110
28 111
28 125
28 130
28 137
28 141
28 142
28 149
28 151
28 161
29 31
29 43
29 45
29 49
29 51
29 52
29 58
29 59
29 62
29 69
29 73
29 77
29 84
29 85
29 92
29 100
29 101
29 102
29 108
29 115
29 126
29 129
29 133
29 139
29 147
29 148
29 159
30 35
30 36
30 37
30 38
30 39
30 40
30 42
30 43
30 44
30 46
30 48
30 49
30 50
30 56
30 58
30 61
30 62
30 63
30 64
30 66
30 67
30 68
30 69
30 70
30 71
30 72
30 75
30 76
30 80
30 81
30 82
30 84
30 86
30 88
30 90
30 93
30 94
30 96
30 97
30 100
30 101
30 105
30 109
30 110
30 113
30 115
30 116
30 117
30 122
30 124
30 125
30 126
30 129
30 130
30 133
30 134
30 136
30 137
30 138
30 145
30 148
30 150
30 151
30 153
30 157
30 161
31 32
31 33
31 34
31 36
31 38
31 40
31 45
31 46
31 50
31 51
31 52
31 54
31 55
31 56
31 58
31 59
31 61
31 63
31 64
31 65
31 66
31 68
31 69
31 70
31 71
31 72
31 73
31 77
31 79
31 80
31 81
31 82
31 86
31 89
31 93
31 94
31 95
31 97
31 100
31 102
31 103
31 104
31 106
31 107
31 108
31 109
31 110
31 112
31 113
31 114
31 117
31 118
31 125
31 128
31 129
31 131
31 133
31 134
31 135
31 137
31 138
31 139
31 141
31 142
31 144
31 145
31 146
31 147
31 148
31 149
31 151
31 152
31 157
31 158
31 160
31 161
32 33
32 34
32 36
32 42
32 43
32 44
32 49
32 51
32 53
32 54
32 56
32 57
32 59
32 64
32 65
32 66
32 68
32 73
32 74
32 75
32 77
32 79
32 83
32 84
32 85
32 87
32 88
32 90
32 95
32 97
32 101
32 102
32 108
32 109
32 112
32 113
32 114
32 116
32 117
32 122
32 126
32 128
32 129
32 132
32 133
32 134
32 140
32 142
32 151
32 152
32 154
32 155
32 158
32 159
32 160
33 36
33 48
33 57
33 64
33 65
33 67
33 73
33 79
33 89
33 91
33 92
33 100
33 102
33 105
33 108
33 109
33 115
33 117
33 131
33 137
33 154
33 161
34 38
34 45
34 51
34 53
34 57
34 61
34 65
34 71
34 72
34 73
34 74
34 75
34 76
34 77
34 83
34 94
34 97
34 98
34 107
34 109
34 112
34 114
34 115
34 117
34 118
34 125
34 126
34 128
34 129
34 134
34 137
34 141
34 145
34 151
34 152
34 153
34 154
34 160
34 161
35 39
35 44
35 51
35 55
35 56
35 58
35 59
35 64
35 65
35 67
35 68
35 69
35 70
35 71
35 72
35 73
35 74
35 77
35 79
35 85
35 86
35 94
35 95
35 101
35 102
35 103
35 105
35 106
35 108
35 109
35 112
35 115
35 118
35 125
35 127
35 128
35 131
35 133
35 134
35 135
35 138
35 140
35 141
35 142
35 143
35 146
35 147
35 152
35 153
35 154
35 156
35 157
35 158
35 161
36 37
36 38
36 39
36 42
36 45
36 49
36 52
36 57
36 58
36 59
36 63
36 64
36 65
36 67
36 68
36 69
36 71
36 72
36 74
36 75
36 76
36 80
36 84
36 86
36 89
36 91
36 92
36 94
36 97
36 103
36 105
36 106
36 109
36 111
36 112
36 113
36 114
36 117
36 118
36 126
36 129
36 131
36 137
36 138
36 139
36 145
36 146
36 147
36 152
36 153
36 159
36 161
37 41
37 43
37 46
37 48
37 55
37 58
37 63
37 64
37 65
37 67
37 68
37 69
37 71
37 72
37 73
37 76
37 79
37 80
37 82
37 88
37 89
37 91
37 94
37 98
37 101
37 107
37 111
37 113
37 115
37 118
37 125
37 129
37 131
37 133
37 142
37 146
37 154
37 157
37 160
38 39
38 42
38 44
38 46
38 48
38 49
38 51
38 54
38 55
38 56
38 61
38 63
38 66
38 67
38 68
38 70
38 73
38 74
38 76
38 79
38 82
38 83
38 85
38 87
38 91
38 92
38 94
38 95
38 96
38 99
38 104
38 109
38 110
38 111
38 114
38 115
38 118
38 119
38 128
38 129
38 131
38 137
38 139
38 141
38 142
38 144
38 146
38 151
38 152
38 153
38 154
38 155
38 158
38 160
38 161
39 43
39 45
39 48
39 49
39 51
39 55
39 56
39 61
39 64
39 65
39 69
39 74
39 76
39 86
39 87
39 93
39 95
39 96
39 97
39 98
39 101
39 102
39 109
39 111
39 114
39 117
39 129
39 131
39 136
39 137
39 151
39 152
39 157
40 43
40 45
40 48
40 49
40 51
40 55
40 56
40 58
40 63
40 66
40 67
40 69
40 70
40 71
40 72
40 73
40 74
40 75
40 76
40 78
40 79
40 80
40 82
40 83
40 85
40 87
40 88
40 93
40 94
40 96
40 100
40 101
40 102
40 104
40 105
40 106
40 108
40 109
40 111
40 112
40 113
40 115
40 116
40 118
40 123
40 125
40 128
40 129
40 130
40 131
40 133
40 134
40 135
40 137
40 138
40 140
40 141
40 144
40 145
40 147
40 150
40 151
40 152
40 155
40 157
40 158
40 159
40 160
40 161
41 46
41 51
41 52
41 64
41 73
41 75
41 76
41 77
41 80
41 94
41 97
41 98
41 100
41 101
41 113
41 116
41 120
41 125
41 127
41 128
41 129
41 131
41 137
41 138
41 144
41 146
41 150
41 155
42 44
42 48
42 49
42 50
42 52
42 56
42 59
42 63
42 64
42 65
42 67
42 68
42 71
42 73
42 74
42 83
42 95
42 100
42 104
42 105
42 106
42 112
42 114
42 118
42 125
42 126
42 131
42 133
42 135
42 138
42 141
42 145
42 150
42 157
43 48
43 49
43 53
43 56
43 59
43 61
43 70
43 71
43 72
43 74
43 76
43 78
43 87
43 89
43 94
43 97
43 98
43 101
43 102
43 106
43 112
43 118
43 119
43 125
43 128
43 129
43 130
43 132
43 133
43 137
43 139
43 141
43 142
43 143
43 147
43 148
43 149
43 154
43 157
43 159
43 161
44 45
44 49
44 50
44 51
44 54
44 57
44 58
44 59
44 65
44 66
44 67
44 71
44 72
44 74
44 77
44 79
44 85
44 86
44 95
44 98
44 100
44 101
44 103
44 104
44 108
44 109
44 112
44 113
44 115
44 121
44 126
44 129
44 130
44 131
44 132
44 133
44 134
44 135
44 136
44 137
44 138
44 139
44 142
44 143
44 146
44 149
44 151
44 154
44 157
44 158
44 160
45 48
45 49
45 51
45 53
45 56
45 60
45 61
45 63
45 64
45 66
45 71
45 72
45 73
45 77
45 83
45 84
45 86
45 89
45 92
45 94
45 100
45 101
45 102
45 105
45 106
45 107
45 109
45 112
45 114
45 115
45 118
45 121
45 123
45 126
45 127
45 129
45 130
45 133
45 134
45 136
45 145
45 149
45 151
45 152
45 154
45 155
45 157
45 159
45 161
46 51
46 54
46 55
46 59
46 60
46 63
46 64
46 67
46 69
46 72
46 73
46 74
46 80
46 83
46 84
46 86
46 88
46 91
46 92
46 93
46 103
46 107
46 111
46 113
46 115
46 117
46 118
46 120
46 124
46 125
46 126
46 127
46 129
46 135
46 136
46 138
46 141
46 142
46 145
46 146
46 147
46 154
46 158
47 64
47 67
47 76
47 79
47 89
47 93
47 97
47 108
47 111
47 113
47 139
47 152
47 158
48 50
48 51
48 54
48 58
48 61
48 63
48 64
48 65
48 67
48 68
48 70
48 75
48 79
48 81
48 89
48 94
48 95
48 96
48 97
48 106
48 108
48 113
48 118
48 119
48 129
48 134
48 141
48 142
48 145
48 147
48 149
48 153
48 154
48 155
48 157
49 51
49 55
49 58
49 59
49 61
49 63
49 66
49 67
49 68
49 69
49 70
49 71
49 72
49 73
49 75
49 77
49 79
49 80
49 81
49 83
49 84
49 85
49 86
49 89
49 94
49 99
49 101
49 102
49 103
49 106
49 107
49 108
49 109
49 110
49 111
49 114
49 115
49 118
49 121
49 122
49 125
49 129
49 130
49 131
49 133
49 134
49 138
49 141
49 142
49 143
49 145
49 146
49 148
49 150
49 154
49 156
49 159
50 51
50 53
50 55
50 58
50 64
50 65
50 66
50 73
50 74
50 76
50 77
50 79
50 80
50 84
50 91
50 93
50 96
50 97
50 98
50 100
50 101
50 104
50 106
50 113
50 115
50 117
50 118
50 122
50 125
50 128
50 129
50 133
50 134
50 135
50 137
50 141
50 142
50 145
50 148
50 152
50 153
51 52
51 53
51 54
51 55
51 56
51 59
51 62
51 63
51 64
51 65
51 66
51 68
51 69
51 70
51 71
51 72
51 73
51 75
51 76
51 79
51 82
51 85
51 89
51 91
51 93
51 94
51 95
51 96
51 98
51 100
51 101
51 106
51 109
51 111
51 112
51 114
51 115
51 118
51 122
51 125
51 126
51 128
51 131
51 133
51 135
51 136
51 137
51 138
51 139
51 142
51 145
51 146
51 147
51 151
51 153
51 154
51 155
51 157
51 161
52 61
52 66
52 70
52 71
52 74
52 80
52 81
52 88
52 95
52 97
52 105
52 108
52 113
52 115
52 118
52 125
52 133
52 134
52 138
52 139
52 144
52 145
52 147
52 151
52 152
52 153
52 160
52 161
53 54
53 61
53 63
53 64
53 68
53 71
53 76
53 79
53 82
53 89
53 93
53 94
53 97
53 102
53 112
53 113
53 114
53 115
53 125
53 128
53 131
53 134
53 135
53 142
53 149
53 151
53 154
54 56
54 57
54 58
54 59
54 60
54 62
54 63
54 64
54 65
54 67
54 71
54 72
54 73
54 74
54 75
54 78
54 83
54 87
54 90
54 91
54 92
54 94
54 95
54 96
54 97
54 101
54 106
54 109
54 111
54 112
54 114
54 115
54 118
54 125
54 126
54 127
54 128
54 129
54 133
54 135
54 136
54 137
54 138
54 139
54 141
54 142
54 143
54 146
54 147
54 150
54 153
54 154
54 155
54 157
54 158
54 159
54 160
55 56
55 58
55 59
55 61
55 62
55 63
55 65
55 68
55 70
55 71
55 72
55 75
55 77
55 80
55 84
55 86
55 87
55 88
55 89
55 92
55 94
55 96
55 103
55 107
55 108
55 115
55 121
55 125
55 126
55 128
55 130
55 132
55 133
55 134
55 137
55 138
55 139
55 142
55 151
55 154
55 158
55 160
56 58
56 59
56 63
56 64
56 68
56 70
56 74
56 77
56 82
56 83
56 84
56 85
56 86
56 87
56 89
56 92
56 93
56 94
56 95
56 101
56 102
56 103
56 105
56 106
56 110
56 113
56 116
56 117
56 123
56 124
56 126
56 128
56 129
56 130
56 131
56 133
56 134
56 135
56 136
56 137
56 138
56 143
56 146
56 147
56 151
56 152
56 156
56 157
56 158
56 159
56 160
57 60
57 67
57 68
57 72
57 73
57 80
57 83
57 89
57 90
57 94
57 102
57 106
57 109
57 115
57 116
57 118
57 126
57 129
57 133
57 134
57 136
57 143
57 145
57 149
57 151
57 152
57 153
58 59
58 61
58 63
58 64
58 66
58 67
58 68
58 69
58 70
58 71
58 72
58 78
58 79
58 81
58 82
58 85
58 88
58 89
58 92
58 94
58 97
58 99
58 102
58 105
58 106
58 107
58 114
58 115
58 116
58 117
58 122
58 123
58 127
58 129
58 131
58 132
58 133
58 134
58 135
58 137
58 139
58 141
58 142
58 145
58 146
58 147
58 149
58 151
58 152
58 155
58 158
58 160
59 60
59 61
59 65
59 67
59 70
59 75
59 76
59 84
59 85
59 87
59 89
59 92
59 93
59 94
59 95
59 101
59 106
59 109
59 110
59 111
59 112
59 114
59 116
59 127
59 133
59 135
59 136
59 137
59 138
59 141
59 147
59 148
59 150
59 151
59 152
59 154
59 155
59 157
60 64
60 71
60 73
60 79
60 81
60 84
60 96
60 101
60 102
60 103
60 105
60 108
60 112
60 114
60 117
60 125
60 143
60 144
60 153
60 154
60 155
60 157
60 159
61 63
61 64
61 68
61 71
61 73
61 74
61 75
61 76
61 79
61 88
61 94
61 97
61 101
61 102
61 103
61 105
61 108
61 109
61 110
61 113
61 114
61 115
61 117
61 119
61 137
61 138
61 155
61 161
62 66
62 68
62 70
62 71
62 101
62 102
62 105
62 107
62 108
62 134
62 135
62 136
62 137
62 145
62 147
62 158
62 159
62 161
63 67
63 69
63 70
63 73
63 74
63 75
63 76
63 77
63 79
63 80
63 82
63 91
63 92
63 93
63 94
63 97
63 98
63 102
63 103
63 104
63 105
63 106
63 108
63 109
63 114
63 115
63 116
63 117
63 119
63 122
63 129
63 132
63 133
63 134
63 136
63 138
63 142
63 145
63 148
63 150
63 151
63 154
64 65
64 66
64 67
64 69
64 70
64 71
64 72
64 73
64 74
64 75
64 77
64 79
64 80
64 82
64 85
64 86
64 97
64 102
64 103
64 105
64 106
64 109
64 111
64 113
64 114
64 117
64 118
64 124
64 126
64 129
64 131
64 133
64 137
64 138
64 139
64 142
64 143
64 148
64 150
64 151
64 154
64 155
64 156
64 158
64 161
65 66
65 67
65 68
65 69
65 70
65 71
65 74
65 75
65 77
65 79
65 81
65 83
65 86
65 89
65 90
65 92
65 95
65 97
65 99
65 102
65 103
65 105
65 106
65 107
65 108
65 110
65 112
65 113
65 114
65 117
65 120
65 125
65 126
65 129
65 131
65 132
65 134
65 136
65 138
65 142
65 147
65 149
65 151
65 152
65 153
65 154
65 156
65 157
65 159
65 161
66 71
66 72
66 73
66 75
66 76
66 79
66 82
66 84
66 94
66 98
66 102
66 103
66 109
66 114
66 115
66 117
66 118
66 122
66 123
66 126
66 130
66 131
66 133
66 137
66 138
66 142
66 145
66 149
66 150
66 152
66 154
66 160
66 161
67 68
67 69
67 70
67 71
67 72
67 73
67 74
67 75
67 77
67 78
67 80
67 84
67 85
67 86
67 88
67 90
67 93
67 94
67 96
67 101
67 102
67 106
67 107
67 108
67 110
67 113
67 114
67 115
67 116
67 117
67 118
67 119
67 121
67 122
67 125
67 126
67 127
67 129
67 131
67 134
67 135
67 136
67 137
67 138
67 140
67 142
67 146
67 147
67 149
67 151
67 152
67 155
67 156
67 157
67 158
68 69
68 70
68 71
68 73
68 74
68 75
68 77
68 78
68 79
68 80
68 82
68 83
68 84
68 85
68 87
68 89
68 91
68 93
68 94
68 97
68 98
68 100
68 101
68 105
68 106
68 107
68 108
68 110
68 113
68 114
68 115
68 117
68 118
68 121
68 122
68 123
68 125
68 126
68 129
68 133
68 135
68 137
68 138
68 139
68 140
68 141
68 142
68 143
68 146
68 147
68 150
68 151
68 154
68 155
68 156
68 157
68 158
68 159
68 161
69 70
69 73
69 74
69 75
69 79
69 83
69 87
69 91
69 92
69 97
69 99
69 108
69 111
69 115
69 117
69 119
69 123
69 124
69 126
69 129
69 134
69 135
69 136
69 141
69 142
69 147
69 149
69 150
69 151
69 152
69 153
69 155
69 156
69 157
69 158
69 159
69 160
69 161
70 72
70 73
70 74
70 75
70 77
70 79
70 81
70 83
70 85
70 89
70 91
70 92
70 94
70 96
70 99
70 100
70 101
70 102
70 105
70 106
70 107
70 108
70 109
70 111
70 112
70 113
70 118
70 122
70 124
70 126
70 127
70 129
70 130
70 131
70 135
70 136
70 138
70 139
70 140
70 143
70 145
70 147
70 149
70 150
70 151
70 152
70 154
70 155
70 156
70 157
71 72
71 73
71 75
71 77
71 79
71 80
71 82
71 83
71 85
71 87
71 88
71 90
71 91
71 97
71 101
71 102
71 111
71 112
71 114
71 116
71 118
71 121
71 125
71 126
71 127
71 128
71 129
71 131
71 132
71 134
71 135
71 137
71 138
71 139
71 140
71 141
71 142
71 146
71 149
71 154
71 156
71 157
72 73
72 74
72 77
72 79
72 84
72 85
72 87
72 89
72 93
72 96
72 98
72 99
72 100
72 101
72 104
72 105
72 108
72 109
72 111
72 112
72 114
72 115
72 117
72 118
72 119
72 121
72 125
72 129
72 131
72 133
72 134
72 135
72 137
72 140
72 141
72 142
72 146
72 147
72 148
72 150
72 151
72 152
72 154
72 155
72 157
72 158
73 76
73 77
73 79
73 80
73 82
73 84
73 85
73 88
73 89
73 92
73 95
73 96
73 99
73 100
73 102
73 103
73 104
73 105
73 106
73 107
73 108
73 111
73 112
73 115
73 117
73 124
73 125
73 126
73 127
73 129
73 133
73 134
73 135
73 137
73 142
73 145
73 147
73 148
73 149
73 154
73 159
73 161
74 75
74 79
74 85
74 86
74 87
74 89
74 92
74 93
74 94
74 96
74 97
74 100
74 101
74 102
74 103
74 105
74 107
74 109
74 111
74 112
74 115
74 118
74 126
74 128
74 131
74 133
74 134
74 135
74 136
74 137
74 139
74 140
74 141
74 142
74 147
74 150
74 152
74 153
74 154
74 157
74 158
74 159
75 77
75 78
75 80
75 81
75 84
75 85
75 89
75 91
75 92
75 94
75 96
75 97
75 99
75 105
75 106
75 108
75 113
75 115
75 117
75 118
75 121
75 131
75 133
75 135
75 137
75 138
75 139
75 145
75 154
75 161
76 79
76 82
76 83
76 84
76 89
76 93
76 94
76 102
76 106
76 111
76 112
76 116
76 118
76 133
76 137
76 141
76 146
76 147
76 150
76 151
76 157
77 79
77 81
77 82
77 84
77 85
77 86
77 89
77 91
77 101
77 105
77 109
77 110
77 112
77 113
77 118
77 125
77 126
77 131
77 133
77 136
77 137
77 141
77 145
77 147
77 150
77 151
77 152
77 153
77 154
78 79
78 89
78 112
78 117
78 129
78 134
78 137
78 138
78 139
79 84
79 86
79 88
79 89
79 90
79 92
79 94
79 98
79 99
79 101
79 102
79 104
79 106
79 107
79 108
79 111
79 112
79 114
79 116
79 117
79 118
79 122
79 125
79 126
79 131
79 134
79 136
79 137
79 138
79 139
79 142
79 147
79 152
79 153
79 154
79 155
79 156
80 82
80 84
80 92
80 95
80 97
80 102
80 103
80 108
80 112
80 114
80 120
80 128
80 137
80 139
80 140
80 141
80 142
80 143
80 145
80 146
80 147
80 149
80 150
80 151
80 153
80 154
80 161
81 87
81 89
81 92
81 94
81 95
81 97
81 99
81 103
81 105
81 119
81 132
81 138
81 139
81 141
81 143
81 145
81 150
81 152
81 154
81 155
81 157
81 158
82 86
82 87
82 89
82 95
82 110
82 114
82 115
82 119
82 122
82 124
82 133
82 134
82 137
82 140
82 141
82 142
82 147
82 149
82 152
82 154
82 161
83 89
83 93
83 95
83 101
83 108
83 109
83 111
83 113
83 117
83 130
83 131
83 132
83 133
83 134
83 137
83 138
83 145
83 147
83 151
83 152
83 156
83 157
83 158
83 159
83 161
84 86
84 88
84 90
84 94
84 97
84 99
84 101
84 104
84 112
84 113
84 114
84 115
84 118
84 124
84 125
84 128
84 129
84 133
84 134
84 136
84 137
84 139
84 140
84 142
84 147
84 149
84 152
84 153
84 154
84 159
85 88
85 89
85 92
85 95
85 101
85 105
85 107
85 109
85 110
85 111
85 118
85 124
85 126
85 129
85 131
85 133
85 137
85 138
85 142
85 145
85 147
85 150
85 152
85 157
85 160
86 88
86 89
86 94
86 97
86 104
86 106
86 112
86 113
86 115
86 126
86 133
86 137
86 139
86 141
86 146
86 154
87 88
87 89
87 93
87 98
87 99
87 101
87 105
87 106
87 107
87 108
87 110
87 111
87 112
87 113
87 114
87 115
87 118
87 119
87 125
87 129
87 131
87 134
87 140
87 144
87 147
87 148
87 152
87 153
87 155
87 158
87 160
87 161
88 91
88 94
88 95
88 103
88 105
88 113
88 114
88 116
88 118
88 121
88 125
88 129
88 133
88 134
88 135
88 137
88 142
88 145
88 146
88 153
88 155
88 157
88 159
89 90
89 94
89 97
89 98
89 99
89 101
89 102
89 103
89 104
89 105
89 108
89 109
89 112
89 113
89 114
89 115
89 118
89 124
89 125
89 126
89 127
89 129
89 133
89 134
89 138
89 140
89 145
89 147
89 148
89 149
89 150
89 151
89 152
89 154
89 161
90 91
90 95
90 101
90 105
90 106
90 107
90 108
90 109
90 113
90 114
90 118
90 131
90 152
90 153
90 158
90 159
91 98
91 105
91 108
91 114
91 117
91 122
91 125
91 126
91 129
91 133
91 137
91 138
91 139
91 147
91 151
91 152
91 158
91 159
91 160
92 93
92 97
92 99
92 100
92 101
92 102
92 105
92 106
92 107
92 112
92 113
92 115
92 116
92 117
92 118
92 126
92 136
92 137
92 138
92 146
92 147
92 150
92 152
92 154
93 94
93 96
93 97
93 99
93 101
93 102
93 106
93 108
93 112
93 113
93 115
93 116
93 117
93 129
93 130
93 131
93 133
93 137
93 138
93 139
93 140
93 142
93 143
93 146
93 150
93 152
93 156
93 158
94 97
94 99
94 100
94 102
94 103
94 104
94 107
94 111
94 112
94 113
94 114
94 115
94 116
94 117
94 119
94 120
94 121
94 125
94 126
94 128
94 129
94 130
94 131
94 132
94 133
94 134
94 135
94 136
94 137
94 139
94 140
94 142
94 147
94 149
94 150
94 151
94 154
94 157
94 158
94 160
94 161
95 103
95 117
95 121
95 133
95 135
95 140
95 149
95 150
95 152
95 153
95 154
96 108
96 110
96 118
96 133
96 135
96 138
96 142
96 149
96 152
96 153
96 158
96 159
97 99
97 101
97 107
97 108
97 109
97 112
97 113
97 114
97 117
97 118
97 119
97 122
97 127
97 128
97 129
97 130
97 132
97 133
97 134
97 137
97 138
97 139
97 142
97 144
97 145
97 146
97 147
97 148
97 150
97 151
97 153
98 99
98 105
98 106
98 110
98 112
98 118
98 128
98 129
98 131
98 146
98 147
98 149
98 154
98 155
98 157
98 161
99 101
99 105
99 108
99 114
99 116
99 117
99 118
99 129
99 130
99 132
99 134
99 136
99 137
99 139
99 146
99 149
99 154
99 155
100 101
100 103
100 108
100 111
100 112
100 113
100 116
100 129
100 131
100 133
100 135
100 136
100 137
100 138
100 139
100 140
100 142
100 143
100 145
100 147
100 150
100 151
100 153
100 157
101 102
101 105
101 107
101 110
101 111
101 112
101 113
101 114
101 115
101 117
101 118
101 119
101 122
101 125
101 130
101 131
101 134
101 135
101 139
101 140
101 141
101 142
101 143
101 146
101 147
101 149
101 151
101 152
101 155
101 157
101 158
101 159
101 161
102 103
102 109
102 111
102 112
102 113
102 116
102 117
102 118
102 128
102 130
102 131
102 133
102 134
102 140
102 142
102 145
102 146
102 148
102 149
102 150
102 151
102 152
102 153
102 154
102 155
102 156
102 157
102 158
102 159
102 161
103 106
103 108
103 109
103 112
103 124
103 125
103 129
103 133
103 136
103 137
103 139
103 141
103 142
103 146
103 147
103 148
103 149
103 153
103 154
103 155
103 159
103 161
104 106
104 112
104 124
104 125
104 126
104 129
104 131
104 137
104 147
104 150
104 153
104 157
104 160
105 107
105 108
105 112
105 114
105 118
105 119
105 127
105 128
105 129
105 130
105 133
105 134
105 136
105 137
105 138
105 142
105 143
105 145
105 147
105 151
105 152
105 153
105 154
105 157
105 161
106 110
106 111
106 113
106 116
106 117
106 118
106 119
106 122
106 125
106 126
106 131
106 134
106 136
106 137
106 139
106 140
106 141
106 142
106 145
106 146
106 147
106 148
106 151
106 152
106 157
106 158
106 159
106 161
107 109
107 114
107 115
107 117
107 119
107 128
107 131
107 132
107 136
107 138
107 139
107 142
107 145
107 147
107 152
107 155
107 158
108 112
108 113
108 115
108 117
108 118
108 121
108 122
108 124
108 128
108 129
108 130
108 133
108 134
108 136
108 137
108 138
108 145
108 150
108 152
108 154
108 156
108 157
108 158
108 160
108 161
109 111
109 113
109 114
109 115
109 116
109 117
109 118
109 121
109 125
109 129
109 130
109 131
109 134
109 135
109 136
109 137
109 138
109 139
109 141
109 142
109 144
109 146
109 147
109 149
109 151
109 153
109 154
109 156
109 158
109 159
109 160
110 125
110 131
110 137
110 141
110 155
110 158
111 112
111 113
111 114
111 115
111 126
111 128
111 133
111 134
111 138
111 139
111 140
111 142
111 145
111 147
111 151
111 152
111 154
111 155
112 113
112 114
112 115
112 117
112 122
112 125
112 131
112 133
112 134
112 135
112 138
112 139
112 142
112 146
112 150
112 153
112 157
112 159
112 160
112 161
113 114
113 115
113 116
113 119
113 129
113 131
113 132
113 134
113 135
113 136
113 148
113 149
113 152
113 154
114 118
114 119
114 120
114 125
114 129
114 131
114 132
114 134
114 136
114 137
114 138
114 139
114 142
114 145
114 148
114 149
114 150
114 151
114 152
114 153
114 154
114 155
114 156
114 161
115 116
115 118
115 121
115 122
115 123
115 124
115 125
115 130
115 131
115 132
115 134
115 139
115 142
115 144
115 145
115 148
115 151
115 153
115 154
115 157
115 160
115 161
116 131
116 133
116 134
116 141
116 142
116 146
116 149
116 152
116 158
117 118
117 121
117 128
117 130
117 132
117 133
117 136
117 137
117 139
117 141
117 142
117 143
117 145
117 146
117 147
117 150
117 152
117 154
117 158
117 160
118 122
118 128
118 129
118 130
118 133
118 134
118 135
118 138
118 139
118 140
118 141
118 142
118 151
118 154
118 155
118 156
118 157
118 158
118 159
119 122
119 123
119 125
119 131
119 134
119 135
119 137
119 139
119 154
119 155
119 160
120 128
120 133
120 137
120 138
120 142
120 154
120 159
120 161
121 130
121 131
121 138
121 145
121 147
121 149
121 150
122 133
122 137
122 154
122 157
123 129
123 145
123 153
123 154
124 133
124 136
124 137
124 147
124 151
124 154
124 157
125 128
125 129
125 130
125 133
125 136
125 137
125 138
125 139
125 146
125 147
125 150
125 152
125 153
125 155
125 156
125 157
125 160
125 161
126 133
126 137
126 138
126 140
126 149
126 153
126 157
126 161
127 135
127 141
127 142
127 151
127 154
127 157
127 160
127 161
128 129
128 130
128 133
128 137
128 141
128 142
128 146
128 150
128 151
129 130
129 131
129 133
129 134
129 136
129 141
129 142
129 144
129 145
129 146
129 147
129 148
129 149
129 151
129 154
129 157
129 160
129 161
130 131
130 135
130 137
130 138
130 146
130 152
130 157
130 158
130 159
130 161
131 133
131 134
131 136
131 137
131 138
131 141
131 142
131 146
131 147
131 148
131 150
131 152
131 154
131 157
131 161
132 133
132 134
132 138
132 143
132 152
132 153
132 154
133 134
133 135
133 136
133 138
133 140
133 142
133 143
133 145
133 146
133 147
133 149
133 150
133 152
133 154
133 157
133 158
133 159
133 160
133 161
134 137
134 138
134 142
134 144
134 146
134 147
134 149
134 154
134 155
134 157
134 158
134 159
134 161
135 139
135 142
135 145
135 146
135 147
135 149
135 150
135 151
135 152
135 154
135 155
135 159
136 141
136 142
136 145
136 146
136 147
136 154
136 157
136 158
136 160
137 138
137 142
137 143
137 144
137 145
137 146
137 147
137 148
137 149
137 151
137 152
137 157
137 161
138 139
138 140
138 142
138 143
138 144
138 145
138 146
138 147
138 148
138 149
138 150
138 152
138 153
138 155
138 157
138 158
138 159
138 160
138 161
139 140
139 142
139 144
139 146
139 151
139 153
139 155
139 159
140 145
140 150
140 152
140 160
140 161
141 143
141 145
141 147
141 149
141 150
141 151
141 157
141 159
142 143
142 145
142 146
142 147
142 149
142 150
142 153
142 157
142 159
142 160
142 161
143 145
143 150
143 152
144 146
144 147
144 148
144 149
144 154
144 157
145 146
145 147
145 151
145 152
145 153
145 154
145 155
145 157
145 158
146 147
146 150
146 155
146 158
146 161
147 148
147 151
147 152
147 154
147 157
147 158
147 160
148 154
149 152
149 153
149 154
149 159
149 161
150 152
150 153
151 152
151 153
151 154
151 156
151 161
152 153
152 154
152 155
152 157
152 158
152 161
153 154
153 157
153 158
153 160
153 161
154 158
154 159
154 160
154 161
157 158
158 161
159 160
